pt_graph shape
4 1
4 1
4 1
4 1
4 1
4 1
4 1
4 1
4 1
4 1
4 1
4 1
4 1
4 1
4 1
4 1
4 1
4 1
4 1
4 1
4 1
4 1
4 1
4 1
4 1
4 1
4 1
4 1
4 1
4 1
4 1
4 1
4 1
4 1
4 1
4 1
4 1
4 1
4 1
4 1
4 1
4 1
4 1
4 1
4 1
5 1
5 1
5 1
5 1
5 1
5 1
5 1
5 1
5 1
5 1
5 1
5 1
5 1
5 1
5 1
5 1
5 1
5 1
5 1
5 1
5 1
5 1
5 1
5 1
5 1
5 1
5 1
5 1
5 1
5 1
5 1
5 1
5 1
5 1
5 1
5 1
5 1
5 1
5 1
5 1
5 1
5 1
5 1
5 1
5 1
6 1
6 1
6 1
6 1
6 1
6 1
6 1
6 1
6 1
6 1
6 1
6 1
6 1
6 1
6 1
6 1
6 1
6 1
6 1
6 1
6 1
6 1
6 1
6 1
6 1
6 1
6 1
6 1
6 1
6 1
6 1
6 1
6 1
6 1
6 1
6 1
6 1
6 1
6 1
6 1
6 1
6 1
6 1
6 1
6 1
12 1
12 1
12 1
12 1
12 1
12 1
12 1
12 1
12 1
12 1
12 1
12 1
12 1
12 1
12 1
12 1
12 1
12 1
12 1
12 1
12 1
12 1
12 1
12 1
12 1
12 1
12 1
12 1
12 1
12 1
12 1
12 1
12 1
12 1
12 1
12 1
12 1
12 1
12 1
12 1
12 1
12 1
12 1
12 1
12 1
15 1
15 1
15 1
15 1
15 1
15 1
15 1
15 1
15 1
15 1
15 1
15 1
15 1
15 1
15 1
15 1
15 1
15 1
15 1
15 1
15 1
15 1
15 1
15 1
15 1
15 1
15 1
15 1
15 1
15 1
15 1
15 1
15 1
15 1
15 1
15 1
15 1
15 1
15 1
15 1
15 1
15 1
15 1
15 1
15 1
22 1
22 1
22 1
22 1
22 1
22 1
22 1
22 1
22 1
22 1
22 1
22 1
22 1
22 1
22 1
22 1
22 1
22 1
22 1
22 1
22 1
22 1
22 1
22 1
22 1
22 1
22 1
22 1
22 1
22 1
22 1
22 1
22 1
22 1
22 1
22 1
22 1
22 1
22 1
22 1
22 1
22 1
22 1
22 1
22 1
25 1
25 1
25 1
25 1
25 1
25 1
25 1
25 1
25 1
25 1
25 1
25 1
25 1
25 1
25 1
25 1
25 1
25 1
25 1
25 1
25 1
25 1
25 1
25 1
25 1
25 1
25 1
25 1
25 1
25 1
25 1
25 1
25 1
25 1
25 1
25 1
25 1
25 1
25 1
25 1
25 1
25 1
25 1
25 1
25 1
27 1
27 1
27 1
27 1
27 1
27 1
27 1
27 1
27 1
27 1
27 1
27 1
27 1
27 1
27 1
27 1
27 1
27 1
27 1
27 1
27 1
27 1
27 1
27 1
27 1
27 1
27 1
27 1
27 1
27 1
27 1
27 1
27 1
27 1
27 1
27 1
27 1
27 1
27 1
27 1
27 1
27 1
27 1
27 1
27 1
32 1
32 1
32 1
32 1
32 1
32 1
32 1
32 1
32 1
32 1
32 1
32 1
32 1
32 1
32 1
32 1
32 1
32 1
32 1
32 1
32 1
32 1
32 1
32 1
32 1
32 1
32 1
32 1
32 1
32 1
32 1
32 1
32 1
32 1
32 1
32 1
32 1
32 1
32 1
32 1
32 1
32 1
32 1
32 1
32 1
35 1
35 1
35 1
35 1
35 1
35 1
35 1
35 1
35 1
35 1
35 1
35 1
35 1
35 1
35 1
35 1
35 1
35 1
35 1
35 1
35 1
35 1
35 1
35 1
35 1
35 1
35 1
35 1
35 1
35 1
35 1
35 1
35 1
35 1
35 1
35 1
35 1
35 1
35 1
35 1
35 1
35 1
35 1
35 1
35 1
42 1
42 1
42 1
42 1
42 1
42 1
42 1
42 1
42 1
42 1
42 1
42 1
42 1
42 1
42 1
42 1
42 1
42 1
42 1
42 1
42 1
42 1
42 1
42 1
42 1
42 1
42 1
42 1
42 1
42 1
42 1
42 1
42 1
42 1
42 1
42 1
42 1
42 1
42 1
42 1
42 1
42 1
42 1
42 1
42 1
48 1
48 1
48 1
48 1
48 1
48 1
48 1
48 1
48 1
48 1
48 1
48 1
48 1
48 1
48 1
48 1
48 1
48 1
48 1
48 1
48 1
48 1
48 1
48 1
48 1
48 1
48 1
48 1
48 1
48 1
48 1
48 1
48 1
48 1
48 1
48 1
48 1
48 1
48 1
48 1
48 1
48 1
48 1
48 1
48 1
49 1
49 1
49 1
49 1
49 1
49 1
49 1
49 1
49 1
49 1
49 1
49 1
49 1
49 1
49 1
49 1
49 1
49 1
49 1
49 1
49 1
49 1
49 1
49 1
49 1
49 1
49 1
49 1
49 1
49 1
49 1
49 1
49 1
49 1
49 1
49 1
49 1
49 1
49 1
49 1
49 1
49 1
49 1
49 1
49 1
51 1
51 1
51 1
51 1
51 1
51 1
51 1
51 1
51 1
51 1
51 1
51 1
51 1
51 1
51 1
51 1
51 1
51 1
51 1
51 1
51 1
51 1
51 1
51 1
51 1
51 1
51 1
51 1
51 1
51 1
51 1
51 1
51 1
51 1
51 1
51 1
51 1
51 1
51 1
51 1
51 1
51 1
51 1
51 1
51 1
54 1
54 1
54 1
54 1
54 1
54 1
54 1
54 1
54 1
54 1
54 1
54 1
54 1
54 1
54 1
54 1
54 1
54 1
54 1
54 1
54 1
54 1
54 1
54 1
54 1
54 1
54 1
54 1
54 1
54 1
54 1
54 1
54 1
54 1
54 1
54 1
54 1
54 1
54 1
54 1
54 1
54 1
54 1
54 1
54 1
55 1
55 1
55 1
55 1
55 1
55 1
55 1
55 1
55 1
55 1
55 1
55 1
55 1
55 1
55 1
55 1
55 1
55 1
55 1
55 1
55 1
55 1
55 1
55 1
55 1
55 1
55 1
55 1
55 1
55 1
55 1
55 1
55 1
55 1
55 1
55 1
55 1
55 1
55 1
55 1
55 1
55 1
55 1
55 1
55 1
56 1
56 1
56 1
56 1
56 1
56 1
56 1
56 1
56 1
56 1
56 1
56 1
56 1
56 1
56 1
56 1
56 1
56 1
56 1
56 1
56 1
56 1
56 1
56 1
56 1
56 1
56 1
56 1
56 1
56 1
56 1
56 1
56 1
56 1
56 1
56 1
56 1
56 1
56 1
56 1
56 1
56 1
56 1
56 1
56 1
57 1
57 1
57 1
57 1
57 1
57 1
57 1
57 1
57 1
57 1
57 1
57 1
57 1
57 1
57 1
57 1
57 1
57 1
57 1
57 1
57 1
57 1
57 1
57 1
57 1
57 1
57 1
57 1
57 1
57 1
57 1
57 1
57 1
57 1
57 1
57 1
57 1
57 1
57 1
57 1
57 1
57 1
57 1
57 1
57 1
63 1
63 1
63 1
63 1
63 1
63 1
63 1
63 1
63 1
63 1
63 1
63 1
63 1
63 1
63 1
63 1
63 1
63 1
63 1
63 1
63 1
63 1
63 1
63 1
63 1
63 1
63 1
63 1
63 1
63 1
63 1
63 1
63 1
63 1
63 1
63 1
63 1
63 1
63 1
63 1
63 1
63 1
63 1
63 1
63 1
67 1
67 1
67 1
67 1
67 1
67 1
67 1
67 1
67 1
67 1
67 1
67 1
67 1
67 1
67 1
67 1
67 1
67 1
67 1
67 1
67 1
67 1
67 1
67 1
67 1
67 1
67 1
67 1
67 1
67 1
67 1
67 1
67 1
67 1
67 1
67 1
67 1
67 1
67 1
67 1
67 1
67 1
67 1
67 1
67 1
74 1
74 1
74 1
74 1
74 1
74 1
74 1
74 1
74 1
74 1
74 1
74 1
74 1
74 1
74 1
74 1
74 1
74 1
74 1
74 1
74 1
74 1
74 1
74 1
74 1
74 1
74 1
74 1
74 1
74 1
74 1
74 1
74 1
74 1
74 1
74 1
74 1
74 1
74 1
74 1
74 1
74 1
74 1
74 1
74 1
75 1
75 1
75 1
75 1
75 1
75 1
75 1
75 1
75 1
75 1
75 1
75 1
75 1
75 1
75 1
75 1
75 1
75 1
75 1
75 1
75 1
75 1
75 1
75 1
75 1
75 1
75 1
75 1
75 1
75 1
75 1
75 1
75 1
75 1
75 1
75 1
75 1
75 1
75 1
75 1
75 1
75 1
75 1
75 1
75 1
76 1
76 1
76 1
76 1
76 1
76 1
76 1
76 1
76 1
76 1
76 1
76 1
76 1
76 1
76 1
76 1
76 1
76 1
76 1
76 1
76 1
76 1
76 1
76 1
76 1
76 1
76 1
76 1
76 1
76 1
76 1
76 1
76 1
76 1
76 1
76 1
76 1
76 1
76 1
76 1
76 1
76 1
76 1
76 1
76 1
87 1
87 1
87 1
87 1
87 1
87 1
87 1
87 1
87 1
87 1
87 1
87 1
87 1
87 1
87 1
87 1
87 1
87 1
87 1
87 1
87 1
87 1
87 1
87 1
87 1
87 1
87 1
87 1
87 1
87 1
87 1
87 1
87 1
87 1
87 1
87 1
87 1
87 1
87 1
87 1
87 1
87 1
87 1
87 1
87 1
90 1
90 1
90 1
90 1
90 1
90 1
90 1
90 1
90 1
90 1
90 1
90 1
90 1
90 1
90 1
90 1
90 1
90 1
90 1
90 1
90 1
90 1
90 1
90 1
90 1
90 1
90 1
90 1
90 1
90 1
90 1
90 1
90 1
90 1
90 1
90 1
90 1
90 1
90 1
90 1
90 1
90 1
90 1
90 1
90 1
91 1
91 1
91 1
91 1
91 1
91 1
91 1
91 1
91 1
91 1
91 1
91 1
91 1
91 1
91 1
91 1
91 1
91 1
91 1
91 1
91 1
91 1
91 1
91 1
91 1
91 1
91 1
91 1
91 1
91 1
91 1
91 1
91 1
91 1
91 1
91 1
91 1
91 1
91 1
91 1
91 1
91 1
91 1
91 1
91 1
98 1
98 1
98 1
98 1
98 1
98 1
98 1
98 1
98 1
98 1
98 1
98 1
98 1
98 1
98 1
98 1
98 1
98 1
98 1
98 1
98 1
98 1
98 1
98 1
98 1
98 1
98 1
98 1
98 1
98 1
98 1
98 1
98 1
98 1
98 1
98 1
98 1
98 1
98 1
98 1
98 1
98 1
98 1
98 1
98 1
100 1
100 1
100 1
100 1
100 1
100 1
100 1
100 1
100 1
100 1
100 1
100 1
100 1
100 1
100 1
100 1
100 1
100 1
100 1
100 1
100 1
100 1
100 1
100 1
100 1
100 1
100 1
100 1
100 1
100 1
100 1
100 1
100 1
100 1
100 1
100 1
100 1
100 1
100 1
100 1
100 1
100 1
100 1
100 1
100 1
110 1
110 1
110 1
110 1
110 1
110 1
110 1
110 1
110 1
110 1
110 1
110 1
110 1
110 1
110 1
110 1
110 1
110 1
110 1
110 1
110 1
110 1
110 1
110 1
110 1
110 1
110 1
110 1
110 1
110 1
110 1
110 1
110 1
110 1
110 1
110 1
110 1
110 1
110 1
110 1
110 1
110 1
110 1
110 1
110 1
112 1
112 1
112 1
112 1
112 1
112 1
112 1
112 1
112 1
112 1
112 1
112 1
112 1
112 1
112 1
112 1
112 1
112 1
112 1
112 1
112 1
112 1
112 1
112 1
112 1
112 1
112 1
112 1
112 1
112 1
112 1
112 1
112 1
112 1
112 1
112 1
112 1
112 1
112 1
112 1
112 1
112 1
112 1
112 1
112 1
113 1
113 1
113 1
113 1
113 1
113 1
113 1
113 1
113 1
113 1
113 1
113 1
113 1
113 1
113 1
113 1
113 1
113 1
113 1
113 1
113 1
113 1
113 1
113 1
113 1
113 1
113 1
113 1
113 1
113 1
113 1
113 1
113 1
113 1
113 1
113 1
113 1
113 1
113 1
113 1
113 1
113 1
113 1
113 1
113 1
121 1
121 1
121 1
121 1
121 1
121 1
121 1
121 1
121 1
121 1
121 1
121 1
121 1
121 1
121 1
121 1
121 1
121 1
121 1
121 1
121 1
121 1
121 1
121 1
121 1
121 1
121 1
121 1
121 1
121 1
121 1
121 1
121 1
121 1
121 1
121 1
121 1
121 1
121 1
121 1
121 1
121 1
121 1
121 1
121 1
130 1
130 1
130 1
130 1
130 1
130 1
130 1
130 1
130 1
130 1
130 1
130 1
130 1
130 1
130 1
130 1
130 1
130 1
130 1
130 1
130 1
130 1
130 1
130 1
130 1
130 1
130 1
130 1
130 1
130 1
130 1
130 1
130 1
130 1
130 1
130 1
130 1
130 1
130 1
130 1
130 1
130 1
130 1
130 1
130 1
133 1
133 1
133 1
133 1
133 1
133 1
133 1
133 1
133 1
133 1
133 1
133 1
133 1
133 1
133 1
133 1
133 1
133 1
133 1
133 1
133 1
133 1
133 1
133 1
133 1
133 1
133 1
133 1
133 1
133 1
133 1
133 1
133 1
133 1
133 1
133 1
133 1
133 1
133 1
133 1
133 1
133 1
133 1
133 1
133 1
137 1
137 1
137 1
137 1
137 1
137 1
137 1
137 1
137 1
137 1
137 1
137 1
137 1
137 1
137 1
137 1
137 1
137 1
137 1
137 1
137 1
137 1
137 1
137 1
137 1
137 1
137 1
137 1
137 1
137 1
137 1
137 1
137 1
137 1
137 1
137 1
137 1
137 1
137 1
137 1
137 1
137 1
137 1
137 1
137 1
143 1
143 1
143 1
143 1
143 1
143 1
143 1
143 1
143 1
143 1
143 1
143 1
143 1
143 1
143 1
143 1
143 1
143 1
143 1
143 1
143 1
143 1
143 1
143 1
143 1
143 1
143 1
143 1
143 1
143 1
143 1
143 1
143 1
143 1
143 1
143 1
143 1
143 1
143 1
143 1
143 1
143 1
143 1
143 1
143 1
151 1
151 1
151 1
151 1
151 1
151 1
151 1
151 1
151 1
151 1
151 1
151 1
151 1
151 1
151 1
151 1
151 1
151 1
151 1
151 1
151 1
151 1
151 1
151 1
151 1
151 1
151 1
151 1
151 1
151 1
151 1
151 1
151 1
151 1
151 1
151 1
151 1
151 1
151 1
151 1
151 1
151 1
151 1
151 1
151 1
152 1
152 1
152 1
152 1
152 1
152 1
152 1
152 1
152 1
152 1
152 1
152 1
152 1
152 1
152 1
152 1
152 1
152 1
152 1
152 1
152 1
152 1
152 1
152 1
152 1
152 1
152 1
152 1
152 1
152 1
152 1
152 1
152 1
152 1
152 1
152 1
152 1
152 1
152 1
152 1
152 1
152 1
152 1
152 1
152 1
162 1
162 1
162 1
162 1
162 1
162 1
162 1
162 1
162 1
162 1
162 1
162 1
162 1
162 1
162 1
162 1
162 1
162 1
162 1
162 1
162 1
162 1
162 1
162 1
162 1
162 1
162 1
162 1
162 1
162 1
162 1
162 1
162 1
162 1
162 1
162 1
162 1
162 1
162 1
162 1
162 1
162 1
162 1
162 1
162 1
173 1
173 1
173 1
173 1
173 1
173 1
173 1
173 1
173 1
173 1
173 1
173 1
173 1
173 1
173 1
173 1
173 1
173 1
173 1
173 1
173 1
173 1
173 1
173 1
173 1
173 1
173 1
173 1
173 1
173 1
173 1
173 1
173 1
173 1
173 1
173 1
173 1
173 1
173 1
173 1
173 1
173 1
173 1
173 1
173 1
177 1
177 1
177 1
177 1
177 1
177 1
177 1
177 1
177 1
177 1
177 1
177 1
177 1
177 1
177 1
177 1
177 1
177 1
177 1
177 1
177 1
177 1
177 1
177 1
177 1
177 1
177 1
177 1
177 1
177 1
177 1
177 1
177 1
177 1
177 1
177 1
177 1
177 1
177 1
177 1
177 1
177 1
177 1
177 1
177 1
192 1
192 1
192 1
192 1
192 1
192 1
192 1
192 1
192 1
192 1
192 1
192 1
192 1
192 1
192 1
192 1
192 1
192 1
192 1
192 1
192 1
192 1
192 1
192 1
192 1
192 1
192 1
192 1
192 1
192 1
192 1
192 1
192 1
192 1
192 1
192 1
192 1
192 1
192 1
192 1
192 1
192 1
192 1
192 1
192 1
200 1
200 1
200 1
200 1
200 1
200 1
200 1
200 1
200 1
200 1
200 1
200 1
200 1
200 1
200 1
200 1
200 1
200 1
200 1
200 1
200 1
200 1
200 1
200 1
200 1
200 1
200 1
200 1
200 1
200 1
200 1
200 1
200 1
200 1
200 1
200 1
200 1
200 1
200 1
200 1
200 1
200 1
200 1
200 1
200 1
201 1
201 1
201 1
201 1
201 1
201 1
201 1
201 1
201 1
201 1
201 1
201 1
201 1
201 1
201 1
201 1
201 1
201 1
201 1
201 1
201 1
201 1
201 1
201 1
201 1
201 1
201 1
201 1
201 1
201 1
201 1
201 1
201 1
201 1
201 1
201 1
201 1
201 1
201 1
201 1
201 1
201 1
201 1
201 1
201 1
204 1
204 1
204 1
204 1
204 1
204 1
204 1
204 1
204 1
204 1
204 1
204 1
204 1
204 1
204 1
204 1
204 1
204 1
204 1
204 1
204 1
204 1
204 1
204 1
204 1
204 1
204 1
204 1
204 1
204 1
204 1
204 1
204 1
204 1
204 1
204 1
204 1
204 1
204 1
204 1
204 1
204 1
204 1
204 1
204 1
206 1
206 1
206 1
206 1
206 1
206 1
206 1
206 1
206 1
206 1
206 1
206 1
206 1
206 1
206 1
206 1
206 1
206 1
206 1
206 1
206 1
206 1
206 1
206 1
206 1
206 1
206 1
206 1
206 1
206 1
206 1
206 1
206 1
206 1
206 1
206 1
206 1
206 1
206 1
206 1
206 1
206 1
206 1
206 1
206 1
208 1
208 1
208 1
208 1
208 1
208 1
208 1
208 1
208 1
208 1
208 1
208 1
208 1
208 1
208 1
208 1
208 1
208 1
208 1
208 1
208 1
208 1
208 1
208 1
208 1
208 1
208 1
208 1
208 1
208 1
208 1
208 1
208 1
208 1
208 1
208 1
208 1
208 1
208 1
208 1
208 1
208 1
208 1
208 1
208 1
214 1
214 1
214 1
214 1
214 1
214 1
214 1
214 1
214 1
214 1
214 1
214 1
214 1
214 1
214 1
214 1
214 1
214 1
214 1
214 1
214 1
214 1
214 1
214 1
214 1
214 1
214 1
214 1
214 1
214 1
214 1
214 1
214 1
214 1
214 1
214 1
214 1
214 1
214 1
214 1
214 1
214 1
214 1
214 1
214 1
219 1
219 1
219 1
219 1
219 1
219 1
219 1
219 1
219 1
219 1
219 1
219 1
219 1
219 1
219 1
219 1
219 1
219 1
219 1
219 1
219 1
219 1
219 1
219 1
219 1
219 1
219 1
219 1
219 1
219 1
219 1
219 1
219 1
219 1
219 1
219 1
219 1
219 1
219 1
219 1
219 1
219 1
219 1
219 1
219 1
221 1
221 1
221 1
221 1
221 1
221 1
221 1
221 1
221 1
221 1
221 1
221 1
221 1
221 1
221 1
221 1
221 1
221 1
221 1
221 1
221 1
221 1
221 1
221 1
221 1
221 1
221 1
221 1
221 1
221 1
221 1
221 1
221 1
221 1
221 1
221 1
221 1
221 1
221 1
221 1
221 1
221 1
221 1
221 1
221 1
242 1
242 1
242 1
242 1
242 1
242 1
242 1
242 1
242 1
242 1
242 1
242 1
242 1
242 1
242 1
242 1
242 1
242 1
242 1
242 1
242 1
242 1
242 1
242 1
242 1
242 1
242 1
242 1
242 1
242 1
242 1
242 1
242 1
242 1
242 1
242 1
242 1
242 1
242 1
242 1
242 1
242 1
242 1
242 1
242 1
243 1
243 1
243 1
243 1
243 1
243 1
243 1
243 1
243 1
243 1
243 1
243 1
243 1
243 1
243 1
243 1
243 1
243 1
243 1
243 1
243 1
243 1
243 1
243 1
243 1
243 1
243 1
243 1
243 1
243 1
243 1
243 1
243 1
243 1
243 1
243 1
243 1
243 1
243 1
243 1
243 1
243 1
243 1
243 1
243 1
265 1
265 1
265 1
265 1
265 1
265 1
265 1
265 1
265 1
265 1
265 1
265 1
265 1
265 1
265 1
265 1
265 1
265 1
265 1
265 1
265 1
265 1
265 1
265 1
265 1
265 1
265 1
265 1
265 1
265 1
265 1
265 1
265 1
265 1
265 1
265 1
265 1
265 1
265 1
265 1
265 1
265 1
265 1
265 1
265 1
10847 1
10847 1
10847 1
10847 1
10847 1
10847 1
10847 1
10847 1
10847 1
10847 1
10847 1
10847 1
10847 1
10847 1
10847 1
10847 1
10847 1
10847 1
10847 1
10847 1
10847 1
10847 1
10847 1
10847 1
10847 1
10847 1
10847 1
10847 1
10847 1
10847 1
10847 1
10847 1
10847 1
10847 1
10847 1
10847 1
10847 1
10847 1
10847 1
10847 1
10847 1
10847 1
10847 1
10847 1
10847 1
280 1
280 1
280 1
280 1
280 1
280 1
280 1
280 1
280 1
280 1
280 1
280 1
280 1
280 1
280 1
280 1
280 1
280 1
280 1
280 1
280 1
280 1
280 1
280 1
280 1
280 1
280 1
280 1
280 1
280 1
280 1
280 1
280 1
280 1
280 1
280 1
280 1
280 1
280 1
280 1
280 1
280 1
280 1
280 1
280 1
299 1
299 1
299 1
299 1
299 1
299 1
299 1
299 1
299 1
299 1
299 1
299 1
299 1
299 1
299 1
299 1
299 1
299 1
299 1
299 1
299 1
299 1
299 1
299 1
299 1
299 1
299 1
299 1
299 1
299 1
299 1
299 1
299 1
299 1
299 1
299 1
299 1
299 1
299 1
299 1
299 1
299 1
299 1
299 1
299 1
314 1
314 1
314 1
314 1
314 1
314 1
314 1
314 1
314 1
314 1
314 1
314 1
314 1
314 1
314 1
314 1
314 1
314 1
314 1
314 1
314 1
314 1
314 1
314 1
314 1
314 1
314 1
314 1
314 1
314 1
314 1
314 1
314 1
314 1
314 1
314 1
314 1
314 1
314 1
314 1
314 1
314 1
314 1
314 1
314 1
326 1
326 1
326 1
326 1
326 1
326 1
326 1
326 1
326 1
326 1
326 1
326 1
326 1
326 1
326 1
326 1
326 1
326 1
326 1
326 1
326 1
326 1
326 1
326 1
326 1
326 1
326 1
326 1
326 1
326 1
326 1
326 1
326 1
326 1
326 1
326 1
326 1
326 1
326 1
326 1
326 1
326 1
326 1
326 1
326 1
374 1
374 1
374 1
374 1
374 1
374 1
374 1
374 1
374 1
374 1
374 1
374 1
374 1
374 1
374 1
374 1
374 1
374 1
374 1
374 1
374 1
374 1
374 1
374 1
374 1
374 1
374 1
374 1
374 1
374 1
374 1
374 1
374 1
374 1
374 1
374 1
374 1
374 1
374 1
374 1
374 1
374 1
374 1
374 1
374 1
380 1
380 1
380 1
380 1
380 1
380 1
380 1
380 1
380 1
380 1
380 1
380 1
380 1
380 1
380 1
380 1
380 1
380 1
380 1
380 1
380 1
380 1
380 1
380 1
380 1
380 1
380 1
380 1
380 1
380 1
380 1
380 1
380 1
380 1
380 1
380 1
380 1
380 1
380 1
380 1
380 1
380 1
380 1
380 1
380 1
382 1
382 1
382 1
382 1
382 1
382 1
382 1
382 1
382 1
382 1
382 1
382 1
382 1
382 1
382 1
382 1
382 1
382 1
382 1
382 1
382 1
382 1
382 1
382 1
382 1
382 1
382 1
382 1
382 1
382 1
382 1
382 1
382 1
382 1
382 1
382 1
382 1
382 1
382 1
382 1
382 1
382 1
382 1
382 1
382 1
383 1
383 1
383 1
383 1
383 1
383 1
383 1
383 1
383 1
383 1
383 1
383 1
383 1
383 1
383 1
383 1
383 1
383 1
383 1
383 1
383 1
383 1
383 1
383 1
383 1
383 1
383 1
383 1
383 1
383 1
383 1
383 1
383 1
383 1
383 1
383 1
383 1
383 1
383 1
383 1
383 1
383 1
383 1
383 1
383 1
459 1
459 1
459 1
459 1
459 1
459 1
459 1
459 1
459 1
459 1
459 1
459 1
459 1
459 1
459 1
459 1
459 1
459 1
459 1
459 1
459 1
459 1
459 1
459 1
459 1
459 1
459 1
459 1
459 1
459 1
459 1
459 1
459 1
459 1
459 1
459 1
459 1
459 1
459 1
459 1
459 1
459 1
459 1
459 1
459 1
461 1
461 1
461 1
461 1
461 1
461 1
461 1
461 1
461 1
461 1
461 1
461 1
461 1
461 1
461 1
461 1
461 1
461 1
461 1
461 1
461 1
461 1
461 1
461 1
461 1
461 1
461 1
461 1
461 1
461 1
461 1
461 1
461 1
461 1
461 1
461 1
461 1
461 1
461 1
461 1
461 1
461 1
461 1
461 1
461 1
464 1
464 1
464 1
464 1
464 1
464 1
464 1
464 1
464 1
464 1
464 1
464 1
464 1
464 1
464 1
464 1
464 1
464 1
464 1
464 1
464 1
464 1
464 1
464 1
464 1
464 1
464 1
464 1
464 1
464 1
464 1
464 1
464 1
464 1
464 1
464 1
464 1
464 1
464 1
464 1
464 1
464 1
464 1
464 1
464 1
472 1
472 1
472 1
472 1
472 1
472 1
472 1
472 1
472 1
472 1
472 1
472 1
472 1
472 1
472 1
472 1
472 1
472 1
472 1
472 1
472 1
472 1
472 1
472 1
472 1
472 1
472 1
472 1
472 1
472 1
472 1
472 1
472 1
472 1
472 1
472 1
472 1
472 1
472 1
472 1
472 1
472 1
472 1
472 1
472 1
484 1
484 1
484 1
484 1
484 1
484 1
484 1
484 1
484 1
484 1
484 1
484 1
484 1
484 1
484 1
484 1
484 1
484 1
484 1
484 1
484 1
484 1
484 1
484 1
484 1
484 1
484 1
484 1
484 1
484 1
484 1
484 1
484 1
484 1
484 1
484 1
484 1
484 1
484 1
484 1
484 1
484 1
484 1
484 1
484 1
487 1
487 1
487 1
487 1
487 1
487 1
487 1
487 1
487 1
487 1
487 1
487 1
487 1
487 1
487 1
487 1
487 1
487 1
487 1
487 1
487 1
487 1
487 1
487 1
487 1
487 1
487 1
487 1
487 1
487 1
487 1
487 1
487 1
487 1
487 1
487 1
487 1
487 1
487 1
487 1
487 1
487 1
487 1
487 1
487 1
488 1
488 1
488 1
488 1
488 1
488 1
488 1
488 1
488 1
488 1
488 1
488 1
488 1
488 1
488 1
488 1
488 1
488 1
488 1
488 1
488 1
488 1
488 1
488 1
488 1
488 1
488 1
488 1
488 1
488 1
488 1
488 1
488 1
488 1
488 1
488 1
488 1
488 1
488 1
488 1
488 1
488 1
488 1
488 1
488 1
512 1
512 1
512 1
512 1
512 1
512 1
512 1
512 1
512 1
512 1
512 1
512 1
512 1
512 1
512 1
512 1
512 1
512 1
512 1
512 1
512 1
512 1
512 1
512 1
512 1
512 1
512 1
512 1
512 1
512 1
512 1
512 1
512 1
512 1
512 1
512 1
512 1
512 1
512 1
512 1
512 1
512 1
512 1
512 1
512 1
525 1
525 1
525 1
525 1
525 1
525 1
525 1
525 1
525 1
525 1
525 1
525 1
525 1
525 1
525 1
525 1
525 1
525 1
525 1
525 1
525 1
525 1
525 1
525 1
525 1
525 1
525 1
525 1
525 1
525 1
525 1
525 1
525 1
525 1
525 1
525 1
525 1
525 1
525 1
525 1
525 1
525 1
525 1
525 1
525 1
526 1
526 1
526 1
526 1
526 1
526 1
526 1
526 1
526 1
526 1
526 1
526 1
526 1
526 1
526 1
526 1
526 1
526 1
526 1
526 1
526 1
526 1
526 1
526 1
526 1
526 1
526 1
526 1
526 1
526 1
526 1
526 1
526 1
526 1
526 1
526 1
526 1
526 1
526 1
526 1
526 1
526 1
526 1
526 1
526 1
538 1
538 1
538 1
538 1
538 1
538 1
538 1
538 1
538 1
538 1
538 1
538 1
538 1
538 1
538 1
538 1
538 1
538 1
538 1
538 1
538 1
538 1
538 1
538 1
538 1
538 1
538 1
538 1
538 1
538 1
538 1
538 1
538 1
538 1
538 1
538 1
538 1
538 1
538 1
538 1
538 1
538 1
538 1
538 1
538 1
549 1
549 1
549 1
549 1
549 1
549 1
549 1
549 1
549 1
549 1
549 1
549 1
549 1
549 1
549 1
549 1
549 1
549 1
549 1
549 1
549 1
549 1
549 1
549 1
549 1
549 1
549 1
549 1
549 1
549 1
549 1
549 1
549 1
549 1
549 1
549 1
549 1
549 1
549 1
549 1
549 1
549 1
549 1
549 1
549 1
567 1
567 1
567 1
567 1
567 1
567 1
567 1
567 1
567 1
567 1
567 1
567 1
567 1
567 1
567 1
567 1
567 1
567 1
567 1
567 1
567 1
567 1
567 1
567 1
567 1
567 1
567 1
567 1
567 1
567 1
567 1
567 1
567 1
567 1
567 1
567 1
567 1
567 1
567 1
567 1
567 1
567 1
567 1
567 1
567 1
572 1
572 1
572 1
572 1
572 1
572 1
572 1
572 1
572 1
572 1
572 1
572 1
572 1
572 1
572 1
572 1
572 1
572 1
572 1
572 1
572 1
572 1
572 1
572 1
572 1
572 1
572 1
572 1
572 1
572 1
572 1
572 1
572 1
572 1
572 1
572 1
572 1
572 1
572 1
572 1
572 1
572 1
572 1
572 1
572 1
579 1
579 1
579 1
579 1
579 1
579 1
579 1
579 1
579 1
579 1
579 1
579 1
579 1
579 1
579 1
579 1
579 1
579 1
579 1
579 1
579 1
579 1
579 1
579 1
579 1
579 1
579 1
579 1
579 1
579 1
579 1
579 1
579 1
579 1
579 1
579 1
579 1
579 1
579 1
579 1
579 1
579 1
579 1
579 1
579 1
585 1
585 1
585 1
585 1
585 1
585 1
585 1
585 1
585 1
585 1
585 1
585 1
585 1
585 1
585 1
585 1
585 1
585 1
585 1
585 1
585 1
585 1
585 1
585 1
585 1
585 1
585 1
585 1
585 1
585 1
585 1
585 1
585 1
585 1
585 1
585 1
585 1
585 1
585 1
585 1
585 1
585 1
585 1
585 1
585 1
606 1
606 1
606 1
606 1
606 1
606 1
606 1
606 1
606 1
606 1
606 1
606 1
606 1
606 1
606 1
606 1
606 1
606 1
606 1
606 1
606 1
606 1
606 1
606 1
606 1
606 1
606 1
606 1
606 1
606 1
606 1
606 1
606 1
606 1
606 1
606 1
606 1
606 1
606 1
606 1
606 1
606 1
606 1
606 1
606 1
622 1
622 1
622 1
622 1
622 1
622 1
622 1
622 1
622 1
622 1
622 1
622 1
622 1
622 1
622 1
622 1
622 1
622 1
622 1
622 1
622 1
622 1
622 1
622 1
622 1
622 1
622 1
622 1
622 1
622 1
622 1
622 1
622 1
622 1
622 1
622 1
622 1
622 1
622 1
622 1
622 1
622 1
622 1
622 1
622 1
614 1
614 1
614 1
614 1
614 1
614 1
614 1
614 1
614 1
614 1
614 1
614 1
614 1
614 1
614 1
614 1
614 1
614 1
614 1
614 1
614 1
614 1
614 1
614 1
614 1
614 1
614 1
614 1
614 1
614 1
614 1
614 1
614 1
614 1
614 1
614 1
614 1
614 1
614 1
614 1
614 1
614 1
614 1
614 1
614 1
621 1
621 1
621 1
621 1
621 1
621 1
621 1
621 1
621 1
621 1
621 1
621 1
621 1
621 1
621 1
621 1
621 1
621 1
621 1
621 1
621 1
621 1
621 1
621 1
621 1
621 1
621 1
621 1
621 1
621 1
621 1
621 1
621 1
621 1
621 1
621 1
621 1
621 1
621 1
621 1
621 1
621 1
621 1
621 1
621 1
620 1
620 1
620 1
620 1
620 1
620 1
620 1
620 1
620 1
620 1
620 1
620 1
620 1
620 1
620 1
620 1
620 1
620 1
620 1
620 1
620 1
620 1
620 1
620 1
620 1
620 1
620 1
620 1
620 1
620 1
620 1
620 1
620 1
620 1
620 1
620 1
620 1
620 1
620 1
620 1
620 1
620 1
620 1
620 1
620 1
619 1
619 1
619 1
619 1
619 1
619 1
619 1
619 1
619 1
619 1
619 1
619 1
619 1
619 1
619 1
619 1
619 1
619 1
619 1
619 1
619 1
619 1
619 1
619 1
619 1
619 1
619 1
619 1
619 1
619 1
619 1
619 1
619 1
619 1
619 1
619 1
619 1
619 1
619 1
619 1
619 1
619 1
619 1
619 1
619 1
10488 1
10488 1
10488 1
10488 1
10488 1
10488 1
10488 1
10488 1
10488 1
10488 1
10488 1
10488 1
10488 1
10488 1
10488 1
10488 1
10488 1
10488 1
10488 1
10488 1
10488 1
10488 1
10488 1
10488 1
10488 1
10488 1
10488 1
10488 1
10488 1
10488 1
10488 1
10488 1
10488 1
10488 1
10488 1
10488 1
10488 1
10488 1
10488 1
10488 1
10488 1
10488 1
10488 1
10488 1
10488 1
627 1
627 1
627 1
627 1
627 1
627 1
627 1
627 1
627 1
627 1
627 1
627 1
627 1
627 1
627 1
627 1
627 1
627 1
627 1
627 1
627 1
627 1
627 1
627 1
627 1
627 1
627 1
627 1
627 1
627 1
627 1
627 1
627 1
627 1
627 1
627 1
627 1
627 1
627 1
627 1
627 1
627 1
627 1
627 1
627 1
10237 1
10237 1
10237 1
10237 1
10237 1
10237 1
10237 1
10237 1
10237 1
10237 1
10237 1
10237 1
10237 1
10237 1
10237 1
10237 1
10237 1
10237 1
10237 1
10237 1
10237 1
10237 1
10237 1
10237 1
10237 1
10237 1
10237 1
10237 1
10237 1
10237 1
10237 1
10237 1
10237 1
10237 1
10237 1
10237 1
10237 1
10237 1
10237 1
10237 1
10237 1
10237 1
10237 1
10237 1
10237 1
10486 1
10486 1
10486 1
10486 1
10486 1
10486 1
10486 1
10486 1
10486 1
10486 1
10486 1
10486 1
10486 1
10486 1
10486 1
10486 1
10486 1
10486 1
10486 1
10486 1
10486 1
10486 1
10486 1
10486 1
10486 1
10486 1
10486 1
10486 1
10486 1
10486 1
10486 1
10486 1
10486 1
10486 1
10486 1
10486 1
10486 1
10486 1
10486 1
10486 1
10486 1
10486 1
10486 1
10486 1
10486 1
639 1
639 1
639 1
639 1
639 1
639 1
639 1
639 1
639 1
639 1
639 1
639 1
639 1
639 1
639 1
639 1
639 1
639 1
639 1
639 1
639 1
639 1
639 1
639 1
639 1
639 1
639 1
639 1
639 1
639 1
639 1
639 1
639 1
639 1
639 1
639 1
639 1
639 1
639 1
639 1
639 1
639 1
639 1
639 1
639 1
643 1
643 1
643 1
643 1
643 1
643 1
643 1
643 1
643 1
643 1
643 1
643 1
643 1
643 1
643 1
643 1
643 1
643 1
643 1
643 1
643 1
643 1
643 1
643 1
643 1
643 1
643 1
643 1
643 1
643 1
643 1
643 1
643 1
643 1
643 1
643 1
643 1
643 1
643 1
643 1
643 1
643 1
643 1
643 1
643 1
644 1
644 1
644 1
644 1
644 1
644 1
644 1
644 1
644 1
644 1
644 1
644 1
644 1
644 1
644 1
644 1
644 1
644 1
644 1
644 1
644 1
644 1
644 1
644 1
644 1
644 1
644 1
644 1
644 1
644 1
644 1
644 1
644 1
644 1
644 1
644 1
644 1
644 1
644 1
644 1
644 1
644 1
644 1
644 1
644 1
661 1
661 1
661 1
661 1
661 1
661 1
661 1
661 1
661 1
661 1
661 1
661 1
661 1
661 1
661 1
661 1
661 1
661 1
661 1
661 1
661 1
661 1
661 1
661 1
661 1
661 1
661 1
661 1
661 1
661 1
661 1
661 1
661 1
661 1
661 1
661 1
661 1
661 1
661 1
661 1
661 1
661 1
661 1
661 1
661 1
650 1
650 1
650 1
650 1
650 1
650 1
650 1
650 1
650 1
650 1
650 1
650 1
650 1
650 1
650 1
650 1
650 1
650 1
650 1
650 1
650 1
650 1
650 1
650 1
650 1
650 1
650 1
650 1
650 1
650 1
650 1
650 1
650 1
650 1
650 1
650 1
650 1
650 1
650 1
650 1
650 1
650 1
650 1
650 1
650 1
660 1
660 1
660 1
660 1
660 1
660 1
660 1
660 1
660 1
660 1
660 1
660 1
660 1
660 1
660 1
660 1
660 1
660 1
660 1
660 1
660 1
660 1
660 1
660 1
660 1
660 1
660 1
660 1
660 1
660 1
660 1
660 1
660 1
660 1
660 1
660 1
660 1
660 1
660 1
660 1
660 1
660 1
660 1
660 1
660 1
658 1
658 1
658 1
658 1
658 1
658 1
658 1
658 1
658 1
658 1
658 1
658 1
658 1
658 1
658 1
658 1
658 1
658 1
658 1
658 1
658 1
658 1
658 1
658 1
658 1
658 1
658 1
658 1
658 1
658 1
658 1
658 1
658 1
658 1
658 1
658 1
658 1
658 1
658 1
658 1
658 1
658 1
658 1
658 1
658 1
657 1
657 1
657 1
657 1
657 1
657 1
657 1
657 1
657 1
657 1
657 1
657 1
657 1
657 1
657 1
657 1
657 1
657 1
657 1
657 1
657 1
657 1
657 1
657 1
657 1
657 1
657 1
657 1
657 1
657 1
657 1
657 1
657 1
657 1
657 1
657 1
657 1
657 1
657 1
657 1
657 1
657 1
657 1
657 1
657 1
677 1
677 1
677 1
677 1
677 1
677 1
677 1
677 1
677 1
677 1
677 1
677 1
677 1
677 1
677 1
677 1
677 1
677 1
677 1
677 1
677 1
677 1
677 1
677 1
677 1
677 1
677 1
677 1
677 1
677 1
677 1
677 1
677 1
677 1
677 1
677 1
677 1
677 1
677 1
677 1
677 1
677 1
677 1
677 1
677 1
680 1
680 1
680 1
680 1
680 1
680 1
680 1
680 1
680 1
680 1
680 1
680 1
680 1
680 1
680 1
680 1
680 1
680 1
680 1
680 1
680 1
680 1
680 1
680 1
680 1
680 1
680 1
680 1
680 1
680 1
680 1
680 1
680 1
680 1
680 1
680 1
680 1
680 1
680 1
680 1
680 1
680 1
680 1
680 1
680 1
694 1
694 1
694 1
694 1
694 1
694 1
694 1
694 1
694 1
694 1
694 1
694 1
694 1
694 1
694 1
694 1
694 1
694 1
694 1
694 1
694 1
694 1
694 1
694 1
694 1
694 1
694 1
694 1
694 1
694 1
694 1
694 1
694 1
694 1
694 1
694 1
694 1
694 1
694 1
694 1
694 1
694 1
694 1
694 1
694 1
722 1
722 1
722 1
722 1
722 1
722 1
722 1
722 1
722 1
722 1
722 1
722 1
722 1
722 1
722 1
722 1
722 1
722 1
722 1
722 1
722 1
722 1
722 1
722 1
722 1
722 1
722 1
722 1
722 1
722 1
722 1
722 1
722 1
722 1
722 1
722 1
722 1
722 1
722 1
722 1
722 1
722 1
722 1
722 1
722 1
732 1
732 1
732 1
732 1
732 1
732 1
732 1
732 1
732 1
732 1
732 1
732 1
732 1
732 1
732 1
732 1
732 1
732 1
732 1
732 1
732 1
732 1
732 1
732 1
732 1
732 1
732 1
732 1
732 1
732 1
732 1
732 1
732 1
732 1
732 1
732 1
732 1
732 1
732 1
732 1
732 1
732 1
732 1
732 1
732 1
728 1
728 1
728 1
728 1
728 1
728 1
728 1
728 1
728 1
728 1
728 1
728 1
728 1
728 1
728 1
728 1
728 1
728 1
728 1
728 1
728 1
728 1
728 1
728 1
728 1
728 1
728 1
728 1
728 1
728 1
728 1
728 1
728 1
728 1
728 1
728 1
728 1
728 1
728 1
728 1
728 1
728 1
728 1
728 1
728 1
746 1
746 1
746 1
746 1
746 1
746 1
746 1
746 1
746 1
746 1
746 1
746 1
746 1
746 1
746 1
746 1
746 1
746 1
746 1
746 1
746 1
746 1
746 1
746 1
746 1
746 1
746 1
746 1
746 1
746 1
746 1
746 1
746 1
746 1
746 1
746 1
746 1
746 1
746 1
746 1
746 1
746 1
746 1
746 1
746 1
756 1
756 1
756 1
756 1
756 1
756 1
756 1
756 1
756 1
756 1
756 1
756 1
756 1
756 1
756 1
756 1
756 1
756 1
756 1
756 1
756 1
756 1
756 1
756 1
756 1
756 1
756 1
756 1
756 1
756 1
756 1
756 1
756 1
756 1
756 1
756 1
756 1
756 1
756 1
756 1
756 1
756 1
756 1
756 1
756 1
760 1
760 1
760 1
760 1
760 1
760 1
760 1
760 1
760 1
760 1
760 1
760 1
760 1
760 1
760 1
760 1
760 1
760 1
760 1
760 1
760 1
760 1
760 1
760 1
760 1
760 1
760 1
760 1
760 1
760 1
760 1
760 1
760 1
760 1
760 1
760 1
760 1
760 1
760 1
760 1
760 1
760 1
760 1
760 1
760 1
773 1
773 1
773 1
773 1
773 1
773 1
773 1
773 1
773 1
773 1
773 1
773 1
773 1
773 1
773 1
773 1
773 1
773 1
773 1
773 1
773 1
773 1
773 1
773 1
773 1
773 1
773 1
773 1
773 1
773 1
773 1
773 1
773 1
773 1
773 1
773 1
773 1
773 1
773 1
773 1
773 1
773 1
773 1
773 1
773 1
772 1
772 1
772 1
772 1
772 1
772 1
772 1
772 1
772 1
772 1
772 1
772 1
772 1
772 1
772 1
772 1
772 1
772 1
772 1
772 1
772 1
772 1
772 1
772 1
772 1
772 1
772 1
772 1
772 1
772 1
772 1
772 1
772 1
772 1
772 1
772 1
772 1
772 1
772 1
772 1
772 1
772 1
772 1
772 1
772 1
788 1
788 1
788 1
788 1
788 1
788 1
788 1
788 1
788 1
788 1
788 1
788 1
788 1
788 1
788 1
788 1
788 1
788 1
788 1
788 1
788 1
788 1
788 1
788 1
788 1
788 1
788 1
788 1
788 1
788 1
788 1
788 1
788 1
788 1
788 1
788 1
788 1
788 1
788 1
788 1
788 1
788 1
788 1
788 1
788 1
797 1
797 1
797 1
797 1
797 1
797 1
797 1
797 1
797 1
797 1
797 1
797 1
797 1
797 1
797 1
797 1
797 1
797 1
797 1
797 1
797 1
797 1
797 1
797 1
797 1
797 1
797 1
797 1
797 1
797 1
797 1
797 1
797 1
797 1
797 1
797 1
797 1
797 1
797 1
797 1
797 1
797 1
797 1
797 1
797 1
812 1
812 1
812 1
812 1
812 1
812 1
812 1
812 1
812 1
812 1
812 1
812 1
812 1
812 1
812 1
812 1
812 1
812 1
812 1
812 1
812 1
812 1
812 1
812 1
812 1
812 1
812 1
812 1
812 1
812 1
812 1
812 1
812 1
812 1
812 1
812 1
812 1
812 1
812 1
812 1
812 1
812 1
812 1
812 1
812 1
811 1
811 1
811 1
811 1
811 1
811 1
811 1
811 1
811 1
811 1
811 1
811 1
811 1
811 1
811 1
811 1
811 1
811 1
811 1
811 1
811 1
811 1
811 1
811 1
811 1
811 1
811 1
811 1
811 1
811 1
811 1
811 1
811 1
811 1
811 1
811 1
811 1
811 1
811 1
811 1
811 1
811 1
811 1
811 1
811 1
805 1
805 1
805 1
805 1
805 1
805 1
805 1
805 1
805 1
805 1
805 1
805 1
805 1
805 1
805 1
805 1
805 1
805 1
805 1
805 1
805 1
805 1
805 1
805 1
805 1
805 1
805 1
805 1
805 1
805 1
805 1
805 1
805 1
805 1
805 1
805 1
805 1
805 1
805 1
805 1
805 1
805 1
805 1
805 1
805 1
839 1
839 1
839 1
839 1
839 1
839 1
839 1
839 1
839 1
839 1
839 1
839 1
839 1
839 1
839 1
839 1
839 1
839 1
839 1
839 1
839 1
839 1
839 1
839 1
839 1
839 1
839 1
839 1
839 1
839 1
839 1
839 1
839 1
839 1
839 1
839 1
839 1
839 1
839 1
839 1
839 1
839 1
839 1
839 1
839 1
842 1
842 1
842 1
842 1
842 1
842 1
842 1
842 1
842 1
842 1
842 1
842 1
842 1
842 1
842 1
842 1
842 1
842 1
842 1
842 1
842 1
842 1
842 1
842 1
842 1
842 1
842 1
842 1
842 1
842 1
842 1
842 1
842 1
842 1
842 1
842 1
842 1
842 1
842 1
842 1
842 1
842 1
842 1
842 1
842 1
881 1
881 1
881 1
881 1
881 1
881 1
881 1
881 1
881 1
881 1
881 1
881 1
881 1
881 1
881 1
881 1
881 1
881 1
881 1
881 1
881 1
881 1
881 1
881 1
881 1
881 1
881 1
881 1
881 1
881 1
881 1
881 1
881 1
881 1
881 1
881 1
881 1
881 1
881 1
881 1
881 1
881 1
881 1
881 1
881 1
933 1
933 1
933 1
933 1
933 1
933 1
933 1
933 1
933 1
933 1
933 1
933 1
933 1
933 1
933 1
933 1
933 1
933 1
933 1
933 1
933 1
933 1
933 1
933 1
933 1
933 1
933 1
933 1
933 1
933 1
933 1
933 1
933 1
933 1
933 1
933 1
933 1
933 1
933 1
933 1
933 1
933 1
933 1
933 1
933 1
937 1
937 1
937 1
937 1
937 1
937 1
937 1
937 1
937 1
937 1
937 1
937 1
937 1
937 1
937 1
937 1
937 1
937 1
937 1
937 1
937 1
937 1
937 1
937 1
937 1
937 1
937 1
937 1
937 1
937 1
937 1
937 1
937 1
937 1
937 1
937 1
937 1
937 1
937 1
937 1
937 1
937 1
937 1
937 1
937 1
987 1
987 1
987 1
987 1
987 1
987 1
987 1
987 1
987 1
987 1
987 1
987 1
987 1
987 1
987 1
987 1
987 1
987 1
987 1
987 1
987 1
987 1
987 1
987 1
987 1
987 1
987 1
987 1
987 1
987 1
987 1
987 1
987 1
987 1
987 1
987 1
987 1
987 1
987 1
987 1
987 1
987 1
987 1
987 1
987 1
988 1
988 1
988 1
988 1
988 1
988 1
988 1
988 1
988 1
988 1
988 1
988 1
988 1
988 1
988 1
988 1
988 1
988 1
988 1
988 1
988 1
988 1
988 1
988 1
988 1
988 1
988 1
988 1
988 1
988 1
988 1
988 1
988 1
988 1
988 1
988 1
988 1
988 1
988 1
988 1
988 1
988 1
988 1
988 1
988 1
989 1
989 1
989 1
989 1
989 1
989 1
989 1
989 1
989 1
989 1
989 1
989 1
989 1
989 1
989 1
989 1
989 1
989 1
989 1
989 1
989 1
989 1
989 1
989 1
989 1
989 1
989 1
989 1
989 1
989 1
989 1
989 1
989 1
989 1
989 1
989 1
989 1
989 1
989 1
989 1
989 1
989 1
989 1
989 1
989 1
1039 1
1039 1
1039 1
1039 1
1039 1
1039 1
1039 1
1039 1
1039 1
1039 1
1039 1
1039 1
1039 1
1039 1
1039 1
1039 1
1039 1
1039 1
1039 1
1039 1
1039 1
1039 1
1039 1
1039 1
1039 1
1039 1
1039 1
1039 1
1039 1
1039 1
1039 1
1039 1
1039 1
1039 1
1039 1
1039 1
1039 1
1039 1
1039 1
1039 1
1039 1
1039 1
1039 1
1039 1
1039 1
1041 1
1041 1
1041 1
1041 1
1041 1
1041 1
1041 1
1041 1
1041 1
1041 1
1041 1
1041 1
1041 1
1041 1
1041 1
1041 1
1041 1
1041 1
1041 1
1041 1
1041 1
1041 1
1041 1
1041 1
1041 1
1041 1
1041 1
1041 1
1041 1
1041 1
1041 1
1041 1
1041 1
1041 1
1041 1
1041 1
1041 1
1041 1
1041 1
1041 1
1041 1
1041 1
1041 1
1041 1
1041 1
1043 1
1043 1
1043 1
1043 1
1043 1
1043 1
1043 1
1043 1
1043 1
1043 1
1043 1
1043 1
1043 1
1043 1
1043 1
1043 1
1043 1
1043 1
1043 1
1043 1
1043 1
1043 1
1043 1
1043 1
1043 1
1043 1
1043 1
1043 1
1043 1
1043 1
1043 1
1043 1
1043 1
1043 1
1043 1
1043 1
1043 1
1043 1
1043 1
1043 1
1043 1
1043 1
1043 1
1043 1
1043 1
1044 1
1044 1
1044 1
1044 1
1044 1
1044 1
1044 1
1044 1
1044 1
1044 1
1044 1
1044 1
1044 1
1044 1
1044 1
1044 1
1044 1
1044 1
1044 1
1044 1
1044 1
1044 1
1044 1
1044 1
1044 1
1044 1
1044 1
1044 1
1044 1
1044 1
1044 1
1044 1
1044 1
1044 1
1044 1
1044 1
1044 1
1044 1
1044 1
1044 1
1044 1
1044 1
1044 1
1044 1
1044 1
1096 1
1096 1
1096 1
1096 1
1096 1
1096 1
1096 1
1096 1
1096 1
1096 1
1096 1
1096 1
1096 1
1096 1
1096 1
1096 1
1096 1
1096 1
1096 1
1096 1
1096 1
1096 1
1096 1
1096 1
1096 1
1096 1
1096 1
1096 1
1096 1
1096 1
1096 1
1096 1
1096 1
1096 1
1096 1
1096 1
1096 1
1096 1
1096 1
1096 1
1096 1
1096 1
1096 1
1096 1
1096 1
