pt_graph shape
10387 1
10387 1
10387 1
10387 1
10387 1
10387 1
10387 1
10387 1
10387 1
10387 1
10387 1
10387 1
10387 1
10387 1
10387 1
10387 1
10387 1
10387 1
10387 1
10387 1
10387 1
10387 1
10387 1
10387 1
10387 1
10387 1
10387 1
10387 1
10387 1
10387 1
10387 1
10387 1
10387 1
10387 1
10387 1
10387 1
10387 1
10387 1
10387 1
10387 1
10387 1
10387 1
10387 1
10387 1
10387 1
10791 1
10791 1
10791 1
10791 1
10791 1
10791 1
10791 1
10791 1
10791 1
10791 1
10791 1
10791 1
10791 1
10791 1
10791 1
10791 1
10791 1
10791 1
10791 1
10791 1
10791 1
10791 1
10791 1
10791 1
10791 1
10791 1
10791 1
10791 1
10791 1
10791 1
10791 1
10791 1
10791 1
10791 1
10791 1
10791 1
10791 1
10791 1
10791 1
10791 1
10791 1
10791 1
10791 1
10791 1
10791 1
3 1
3 1
3 1
3 1
3 1
3 1
3 1
3 1
3 1
3 1
3 1
3 1
3 1
3 1
3 1
3 1
3 1
3 1
3 1
3 1
3 1
3 1
3 1
3 1
3 1
3 1
3 1
3 1
3 1
3 1
3 1
3 1
3 1
3 1
3 1
3 1
3 1
3 1
3 1
3 1
3 1
3 1
3 1
3 1
3 1
4 1
4 1
4 1
4 1
4 1
4 1
4 1
4 1
4 1
4 1
4 1
4 1
4 1
4 1
4 1
4 1
4 1
4 1
4 1
4 1
4 1
4 1
4 1
4 1
4 1
4 1
4 1
4 1
4 1
4 1
4 1
4 1
4 1
4 1
4 1
4 1
4 1
4 1
4 1
4 1
4 1
4 1
4 1
4 1
4 1
5 1
5 1
5 1
5 1
5 1
5 1
5 1
5 1
5 1
5 1
5 1
5 1
5 1
5 1
5 1
5 1
5 1
5 1
5 1
5 1
5 1
5 1
5 1
5 1
5 1
5 1
5 1
5 1
5 1
5 1
5 1
5 1
5 1
5 1
5 1
5 1
5 1
5 1
5 1
5 1
5 1
5 1
5 1
5 1
5 1
6 1
6 1
6 1
6 1
6 1
6 1
6 1
6 1
6 1
6 1
6 1
6 1
6 1
6 1
6 1
6 1
6 1
6 1
6 1
6 1
6 1
6 1
6 1
6 1
6 1
6 1
6 1
6 1
6 1
6 1
6 1
6 1
6 1
6 1
6 1
6 1
6 1
6 1
6 1
6 1
6 1
6 1
6 1
6 1
6 1
8 1
8 1
8 1
8 1
8 1
8 1
8 1
8 1
8 1
8 1
8 1
8 1
8 1
8 1
8 1
8 1
8 1
8 1
8 1
8 1
8 1
8 1
8 1
8 1
8 1
8 1
8 1
8 1
8 1
8 1
8 1
8 1
8 1
8 1
8 1
8 1
8 1
8 1
8 1
8 1
8 1
8 1
8 1
8 1
8 1
12 1
12 1
12 1
12 1
12 1
12 1
12 1
12 1
12 1
12 1
12 1
12 1
12 1
12 1
12 1
12 1
12 1
12 1
12 1
12 1
12 1
12 1
12 1
12 1
12 1
12 1
12 1
12 1
12 1
12 1
12 1
12 1
12 1
12 1
12 1
12 1
12 1
12 1
12 1
12 1
12 1
12 1
12 1
12 1
12 1
15 1
15 1
15 1
15 1
15 1
15 1
15 1
15 1
15 1
15 1
15 1
15 1
15 1
15 1
15 1
15 1
15 1
15 1
15 1
15 1
15 1
15 1
15 1
15 1
15 1
15 1
15 1
15 1
15 1
15 1
15 1
15 1
15 1
15 1
15 1
15 1
15 1
15 1
15 1
15 1
15 1
15 1
15 1
15 1
15 1
10797 1
10797 1
10797 1
10797 1
10797 1
10797 1
10797 1
10797 1
10797 1
10797 1
10797 1
10797 1
10797 1
10797 1
10797 1
10797 1
10797 1
10797 1
10797 1
10797 1
10797 1
10797 1
10797 1
10797 1
10797 1
10797 1
10797 1
10797 1
10797 1
10797 1
10797 1
10797 1
10797 1
10797 1
10797 1
10797 1
10797 1
10797 1
10797 1
10797 1
10797 1
10797 1
10797 1
10797 1
10797 1
25 1
25 1
25 1
25 1
25 1
25 1
25 1
25 1
25 1
25 1
25 1
25 1
25 1
25 1
25 1
25 1
25 1
25 1
25 1
25 1
25 1
25 1
25 1
25 1
25 1
25 1
25 1
25 1
25 1
25 1
25 1
25 1
25 1
25 1
25 1
25 1
25 1
25 1
25 1
25 1
25 1
25 1
25 1
25 1
25 1
35 1
35 1
35 1
35 1
35 1
35 1
35 1
35 1
35 1
35 1
35 1
35 1
35 1
35 1
35 1
35 1
35 1
35 1
35 1
35 1
35 1
35 1
35 1
35 1
35 1
35 1
35 1
35 1
35 1
35 1
35 1
35 1
35 1
35 1
35 1
35 1
35 1
35 1
35 1
35 1
35 1
35 1
35 1
35 1
35 1
45 1
45 1
45 1
45 1
45 1
45 1
45 1
45 1
45 1
45 1
45 1
45 1
45 1
45 1
45 1
45 1
45 1
45 1
45 1
45 1
45 1
45 1
45 1
45 1
45 1
45 1
45 1
45 1
45 1
45 1
45 1
45 1
45 1
45 1
45 1
45 1
45 1
45 1
45 1
45 1
45 1
45 1
45 1
45 1
45 1
48 1
48 1
48 1
48 1
48 1
48 1
48 1
48 1
48 1
48 1
48 1
48 1
48 1
48 1
48 1
48 1
48 1
48 1
48 1
48 1
48 1
48 1
48 1
48 1
48 1
48 1
48 1
48 1
48 1
48 1
48 1
48 1
48 1
48 1
48 1
48 1
48 1
48 1
48 1
48 1
48 1
48 1
48 1
48 1
48 1
49 1
49 1
49 1
49 1
49 1
49 1
49 1
49 1
49 1
49 1
49 1
49 1
49 1
49 1
49 1
49 1
49 1
49 1
49 1
49 1
49 1
49 1
49 1
49 1
49 1
49 1
49 1
49 1
49 1
49 1
49 1
49 1
49 1
49 1
49 1
49 1
49 1
49 1
49 1
49 1
49 1
49 1
49 1
49 1
49 1
51 1
51 1
51 1
51 1
51 1
51 1
51 1
51 1
51 1
51 1
51 1
51 1
51 1
51 1
51 1
51 1
51 1
51 1
51 1
51 1
51 1
51 1
51 1
51 1
51 1
51 1
51 1
51 1
51 1
51 1
51 1
51 1
51 1
51 1
51 1
51 1
51 1
51 1
51 1
51 1
51 1
51 1
51 1
51 1
51 1
54 1
54 1
54 1
54 1
54 1
54 1
54 1
54 1
54 1
54 1
54 1
54 1
54 1
54 1
54 1
54 1
54 1
54 1
54 1
54 1
54 1
54 1
54 1
54 1
54 1
54 1
54 1
54 1
54 1
54 1
54 1
54 1
54 1
54 1
54 1
54 1
54 1
54 1
54 1
54 1
54 1
54 1
54 1
54 1
54 1
55 1
55 1
55 1
55 1
55 1
55 1
55 1
55 1
55 1
55 1
55 1
55 1
55 1
55 1
55 1
55 1
55 1
55 1
55 1
55 1
55 1
55 1
55 1
55 1
55 1
55 1
55 1
55 1
55 1
55 1
55 1
55 1
55 1
55 1
55 1
55 1
55 1
55 1
55 1
55 1
55 1
55 1
55 1
55 1
55 1
56 1
56 1
56 1
56 1
56 1
56 1
56 1
56 1
56 1
56 1
56 1
56 1
56 1
56 1
56 1
56 1
56 1
56 1
56 1
56 1
56 1
56 1
56 1
56 1
56 1
56 1
56 1
56 1
56 1
56 1
56 1
56 1
56 1
56 1
56 1
56 1
56 1
56 1
56 1
56 1
56 1
56 1
56 1
56 1
56 1
63 1
63 1
63 1
63 1
63 1
63 1
63 1
63 1
63 1
63 1
63 1
63 1
63 1
63 1
63 1
63 1
63 1
63 1
63 1
63 1
63 1
63 1
63 1
63 1
63 1
63 1
63 1
63 1
63 1
63 1
63 1
63 1
63 1
63 1
63 1
63 1
63 1
63 1
63 1
63 1
63 1
63 1
63 1
63 1
63 1
67 1
67 1
67 1
67 1
67 1
67 1
67 1
67 1
67 1
67 1
67 1
67 1
67 1
67 1
67 1
67 1
67 1
67 1
67 1
67 1
67 1
67 1
67 1
67 1
67 1
67 1
67 1
67 1
67 1
67 1
67 1
67 1
67 1
67 1
67 1
67 1
67 1
67 1
67 1
67 1
67 1
67 1
67 1
67 1
67 1
71 1
71 1
71 1
71 1
71 1
71 1
71 1
71 1
71 1
71 1
71 1
71 1
71 1
71 1
71 1
71 1
71 1
71 1
71 1
71 1
71 1
71 1
71 1
71 1
71 1
71 1
71 1
71 1
71 1
71 1
71 1
71 1
71 1
71 1
71 1
71 1
71 1
71 1
71 1
71 1
71 1
71 1
71 1
71 1
71 1
74 1
74 1
74 1
74 1
74 1
74 1
74 1
74 1
74 1
74 1
74 1
74 1
74 1
74 1
74 1
74 1
74 1
74 1
74 1
74 1
74 1
74 1
74 1
74 1
74 1
74 1
74 1
74 1
74 1
74 1
74 1
74 1
74 1
74 1
74 1
74 1
74 1
74 1
74 1
74 1
74 1
74 1
74 1
74 1
74 1
75 1
75 1
75 1
75 1
75 1
75 1
75 1
75 1
75 1
75 1
75 1
75 1
75 1
75 1
75 1
75 1
75 1
75 1
75 1
75 1
75 1
75 1
75 1
75 1
75 1
75 1
75 1
75 1
75 1
75 1
75 1
75 1
75 1
75 1
75 1
75 1
75 1
75 1
75 1
75 1
75 1
75 1
75 1
75 1
75 1
76 1
76 1
76 1
76 1
76 1
76 1
76 1
76 1
76 1
76 1
76 1
76 1
76 1
76 1
76 1
76 1
76 1
76 1
76 1
76 1
76 1
76 1
76 1
76 1
76 1
76 1
76 1
76 1
76 1
76 1
76 1
76 1
76 1
76 1
76 1
76 1
76 1
76 1
76 1
76 1
76 1
76 1
76 1
76 1
76 1
77 1
77 1
77 1
77 1
77 1
77 1
77 1
77 1
77 1
77 1
77 1
77 1
77 1
77 1
77 1
77 1
77 1
77 1
77 1
77 1
77 1
77 1
77 1
77 1
77 1
77 1
77 1
77 1
77 1
77 1
77 1
77 1
77 1
77 1
77 1
77 1
77 1
77 1
77 1
77 1
77 1
77 1
77 1
77 1
77 1
88 1
88 1
88 1
88 1
88 1
88 1
88 1
88 1
88 1
88 1
88 1
88 1
88 1
88 1
88 1
88 1
88 1
88 1
88 1
88 1
88 1
88 1
88 1
88 1
88 1
88 1
88 1
88 1
88 1
88 1
88 1
88 1
88 1
88 1
88 1
88 1
88 1
88 1
88 1
88 1
88 1
88 1
88 1
88 1
88 1
90 1
90 1
90 1
90 1
90 1
90 1
90 1
90 1
90 1
90 1
90 1
90 1
90 1
90 1
90 1
90 1
90 1
90 1
90 1
90 1
90 1
90 1
90 1
90 1
90 1
90 1
90 1
90 1
90 1
90 1
90 1
90 1
90 1
90 1
90 1
90 1
90 1
90 1
90 1
90 1
90 1
90 1
90 1
90 1
90 1
95 1
95 1
95 1
95 1
95 1
95 1
95 1
95 1
95 1
95 1
95 1
95 1
95 1
95 1
95 1
95 1
95 1
95 1
95 1
95 1
95 1
95 1
95 1
95 1
95 1
95 1
95 1
95 1
95 1
95 1
95 1
95 1
95 1
95 1
95 1
95 1
95 1
95 1
95 1
95 1
95 1
95 1
95 1
95 1
95 1
96 1
96 1
96 1
96 1
96 1
96 1
96 1
96 1
96 1
96 1
96 1
96 1
96 1
96 1
96 1
96 1
96 1
96 1
96 1
96 1
96 1
96 1
96 1
96 1
96 1
96 1
96 1
96 1
96 1
96 1
96 1
96 1
96 1
96 1
96 1
96 1
96 1
96 1
96 1
96 1
96 1
96 1
96 1
96 1
96 1
98 1
98 1
98 1
98 1
98 1
98 1
98 1
98 1
98 1
98 1
98 1
98 1
98 1
98 1
98 1
98 1
98 1
98 1
98 1
98 1
98 1
98 1
98 1
98 1
98 1
98 1
98 1
98 1
98 1
98 1
98 1
98 1
98 1
98 1
98 1
98 1
98 1
98 1
98 1
98 1
98 1
98 1
98 1
98 1
98 1
99 1
99 1
99 1
99 1
99 1
99 1
99 1
99 1
99 1
99 1
99 1
99 1
99 1
99 1
99 1
99 1
99 1
99 1
99 1
99 1
99 1
99 1
99 1
99 1
99 1
99 1
99 1
99 1
99 1
99 1
99 1
99 1
99 1
99 1
99 1
99 1
99 1
99 1
99 1
99 1
99 1
99 1
99 1
99 1
99 1
110 1
110 1
110 1
110 1
110 1
110 1
110 1
110 1
110 1
110 1
110 1
110 1
110 1
110 1
110 1
110 1
110 1
110 1
110 1
110 1
110 1
110 1
110 1
110 1
110 1
110 1
110 1
110 1
110 1
110 1
110 1
110 1
110 1
110 1
110 1
110 1
110 1
110 1
110 1
110 1
110 1
110 1
110 1
110 1
110 1
112 1
112 1
112 1
112 1
112 1
112 1
112 1
112 1
112 1
112 1
112 1
112 1
112 1
112 1
112 1
112 1
112 1
112 1
112 1
112 1
112 1
112 1
112 1
112 1
112 1
112 1
112 1
112 1
112 1
112 1
112 1
112 1
112 1
112 1
112 1
112 1
112 1
112 1
112 1
112 1
112 1
112 1
112 1
112 1
112 1
113 1
113 1
113 1
113 1
113 1
113 1
113 1
113 1
113 1
113 1
113 1
113 1
113 1
113 1
113 1
113 1
113 1
113 1
113 1
113 1
113 1
113 1
113 1
113 1
113 1
113 1
113 1
113 1
113 1
113 1
113 1
113 1
113 1
113 1
113 1
113 1
113 1
113 1
113 1
113 1
113 1
113 1
113 1
113 1
113 1
122 1
122 1
122 1
122 1
122 1
122 1
122 1
122 1
122 1
122 1
122 1
122 1
122 1
122 1
122 1
122 1
122 1
122 1
122 1
122 1
122 1
122 1
122 1
122 1
122 1
122 1
122 1
122 1
122 1
122 1
122 1
122 1
122 1
122 1
122 1
122 1
122 1
122 1
122 1
122 1
122 1
122 1
122 1
122 1
122 1
128 1
128 1
128 1
128 1
128 1
128 1
128 1
128 1
128 1
128 1
128 1
128 1
128 1
128 1
128 1
128 1
128 1
128 1
128 1
128 1
128 1
128 1
128 1
128 1
128 1
128 1
128 1
128 1
128 1
128 1
128 1
128 1
128 1
128 1
128 1
128 1
128 1
128 1
128 1
128 1
128 1
128 1
128 1
128 1
128 1
10239 1
10239 1
10239 1
10239 1
10239 1
10239 1
10239 1
10239 1
10239 1
10239 1
10239 1
10239 1
10239 1
10239 1
10239 1
10239 1
10239 1
10239 1
10239 1
10239 1
10239 1
10239 1
10239 1
10239 1
10239 1
10239 1
10239 1
10239 1
10239 1
10239 1
10239 1
10239 1
10239 1
10239 1
10239 1
10239 1
10239 1
10239 1
10239 1
10239 1
10239 1
10239 1
10239 1
10239 1
10239 1
151 1
151 1
151 1
151 1
151 1
151 1
151 1
151 1
151 1
151 1
151 1
151 1
151 1
151 1
151 1
151 1
151 1
151 1
151 1
151 1
151 1
151 1
151 1
151 1
151 1
151 1
151 1
151 1
151 1
151 1
151 1
151 1
151 1
151 1
151 1
151 1
151 1
151 1
151 1
151 1
151 1
151 1
151 1
151 1
151 1
152 1
152 1
152 1
152 1
152 1
152 1
152 1
152 1
152 1
152 1
152 1
152 1
152 1
152 1
152 1
152 1
152 1
152 1
152 1
152 1
152 1
152 1
152 1
152 1
152 1
152 1
152 1
152 1
152 1
152 1
152 1
152 1
152 1
152 1
152 1
152 1
152 1
152 1
152 1
152 1
152 1
152 1
152 1
152 1
152 1
154 1
154 1
154 1
154 1
154 1
154 1
154 1
154 1
154 1
154 1
154 1
154 1
154 1
154 1
154 1
154 1
154 1
154 1
154 1
154 1
154 1
154 1
154 1
154 1
154 1
154 1
154 1
154 1
154 1
154 1
154 1
154 1
154 1
154 1
154 1
154 1
154 1
154 1
154 1
154 1
154 1
154 1
154 1
154 1
154 1
173 1
173 1
173 1
173 1
173 1
173 1
173 1
173 1
173 1
173 1
173 1
173 1
173 1
173 1
173 1
173 1
173 1
173 1
173 1
173 1
173 1
173 1
173 1
173 1
173 1
173 1
173 1
173 1
173 1
173 1
173 1
173 1
173 1
173 1
173 1
173 1
173 1
173 1
173 1
173 1
173 1
173 1
173 1
173 1
173 1
177 1
177 1
177 1
177 1
177 1
177 1
177 1
177 1
177 1
177 1
177 1
177 1
177 1
177 1
177 1
177 1
177 1
177 1
177 1
177 1
177 1
177 1
177 1
177 1
177 1
177 1
177 1
177 1
177 1
177 1
177 1
177 1
177 1
177 1
177 1
177 1
177 1
177 1
177 1
177 1
177 1
177 1
177 1
177 1
177 1
180 1
180 1
180 1
180 1
180 1
180 1
180 1
180 1
180 1
180 1
180 1
180 1
180 1
180 1
180 1
180 1
180 1
180 1
180 1
180 1
180 1
180 1
180 1
180 1
180 1
180 1
180 1
180 1
180 1
180 1
180 1
180 1
180 1
180 1
180 1
180 1
180 1
180 1
180 1
180 1
180 1
180 1
180 1
180 1
180 1
188 1
188 1
188 1
188 1
188 1
188 1
188 1
188 1
188 1
188 1
188 1
188 1
188 1
188 1
188 1
188 1
188 1
188 1
188 1
188 1
188 1
188 1
188 1
188 1
188 1
188 1
188 1
188 1
188 1
188 1
188 1
188 1
188 1
188 1
188 1
188 1
188 1
188 1
188 1
188 1
188 1
188 1
188 1
188 1
188 1
191 1
191 1
191 1
191 1
191 1
191 1
191 1
191 1
191 1
191 1
191 1
191 1
191 1
191 1
191 1
191 1
191 1
191 1
191 1
191 1
191 1
191 1
191 1
191 1
191 1
191 1
191 1
191 1
191 1
191 1
191 1
191 1
191 1
191 1
191 1
191 1
191 1
191 1
191 1
191 1
191 1
191 1
191 1
191 1
191 1
192 1
192 1
192 1
192 1
192 1
192 1
192 1
192 1
192 1
192 1
192 1
192 1
192 1
192 1
192 1
192 1
192 1
192 1
192 1
192 1
192 1
192 1
192 1
192 1
192 1
192 1
192 1
192 1
192 1
192 1
192 1
192 1
192 1
192 1
192 1
192 1
192 1
192 1
192 1
192 1
192 1
192 1
192 1
192 1
192 1
208 1
208 1
208 1
208 1
208 1
208 1
208 1
208 1
208 1
208 1
208 1
208 1
208 1
208 1
208 1
208 1
208 1
208 1
208 1
208 1
208 1
208 1
208 1
208 1
208 1
208 1
208 1
208 1
208 1
208 1
208 1
208 1
208 1
208 1
208 1
208 1
208 1
208 1
208 1
208 1
208 1
208 1
208 1
208 1
208 1
209 1
209 1
209 1
209 1
209 1
209 1
209 1
209 1
209 1
209 1
209 1
209 1
209 1
209 1
209 1
209 1
209 1
209 1
209 1
209 1
209 1
209 1
209 1
209 1
209 1
209 1
209 1
209 1
209 1
209 1
209 1
209 1
209 1
209 1
209 1
209 1
209 1
209 1
209 1
209 1
209 1
209 1
209 1
209 1
209 1
216 1
216 1
216 1
216 1
216 1
216 1
216 1
216 1
216 1
216 1
216 1
216 1
216 1
216 1
216 1
216 1
216 1
216 1
216 1
216 1
216 1
216 1
216 1
216 1
216 1
216 1
216 1
216 1
216 1
216 1
216 1
216 1
216 1
216 1
216 1
216 1
216 1
216 1
216 1
216 1
216 1
216 1
216 1
216 1
216 1
231 1
231 1
231 1
231 1
231 1
231 1
231 1
231 1
231 1
231 1
231 1
231 1
231 1
231 1
231 1
231 1
231 1
231 1
231 1
231 1
231 1
231 1
231 1
231 1
231 1
231 1
231 1
231 1
231 1
231 1
231 1
231 1
231 1
231 1
231 1
231 1
231 1
231 1
231 1
231 1
231 1
231 1
231 1
231 1
231 1
239 1
239 1
239 1
239 1
239 1
239 1
239 1
239 1
239 1
239 1
239 1
239 1
239 1
239 1
239 1
239 1
239 1
239 1
239 1
239 1
239 1
239 1
239 1
239 1
239 1
239 1
239 1
239 1
239 1
239 1
239 1
239 1
239 1
239 1
239 1
239 1
239 1
239 1
239 1
239 1
239 1
239 1
239 1
239 1
239 1
241 1
241 1
241 1
241 1
241 1
241 1
241 1
241 1
241 1
241 1
241 1
241 1
241 1
241 1
241 1
241 1
241 1
241 1
241 1
241 1
241 1
241 1
241 1
241 1
241 1
241 1
241 1
241 1
241 1
241 1
241 1
241 1
241 1
241 1
241 1
241 1
241 1
241 1
241 1
241 1
241 1
241 1
241 1
241 1
241 1
242 1
242 1
242 1
242 1
242 1
242 1
242 1
242 1
242 1
242 1
242 1
242 1
242 1
242 1
242 1
242 1
242 1
242 1
242 1
242 1
242 1
242 1
242 1
242 1
242 1
242 1
242 1
242 1
242 1
242 1
242 1
242 1
242 1
242 1
242 1
242 1
242 1
242 1
242 1
242 1
242 1
242 1
242 1
242 1
242 1
253 1
253 1
253 1
253 1
253 1
253 1
253 1
253 1
253 1
253 1
253 1
253 1
253 1
253 1
253 1
253 1
253 1
253 1
253 1
253 1
253 1
253 1
253 1
253 1
253 1
253 1
253 1
253 1
253 1
253 1
253 1
253 1
253 1
253 1
253 1
253 1
253 1
253 1
253 1
253 1
253 1
253 1
253 1
253 1
253 1
255 1
255 1
255 1
255 1
255 1
255 1
255 1
255 1
255 1
255 1
255 1
255 1
255 1
255 1
255 1
255 1
255 1
255 1
255 1
255 1
255 1
255 1
255 1
255 1
255 1
255 1
255 1
255 1
255 1
255 1
255 1
255 1
255 1
255 1
255 1
255 1
255 1
255 1
255 1
255 1
255 1
255 1
255 1
255 1
255 1
261 1
261 1
261 1
261 1
261 1
261 1
261 1
261 1
261 1
261 1
261 1
261 1
261 1
261 1
261 1
261 1
261 1
261 1
261 1
261 1
261 1
261 1
261 1
261 1
261 1
261 1
261 1
261 1
261 1
261 1
261 1
261 1
261 1
261 1
261 1
261 1
261 1
261 1
261 1
261 1
261 1
261 1
261 1
261 1
261 1
278 1
278 1
278 1
278 1
278 1
278 1
278 1
278 1
278 1
278 1
278 1
278 1
278 1
278 1
278 1
278 1
278 1
278 1
278 1
278 1
278 1
278 1
278 1
278 1
278 1
278 1
278 1
278 1
278 1
278 1
278 1
278 1
278 1
278 1
278 1
278 1
278 1
278 1
278 1
278 1
278 1
278 1
278 1
278 1
278 1
314 1
314 1
314 1
314 1
314 1
314 1
314 1
314 1
314 1
314 1
314 1
314 1
314 1
314 1
314 1
314 1
314 1
314 1
314 1
314 1
314 1
314 1
314 1
314 1
314 1
314 1
314 1
314 1
314 1
314 1
314 1
314 1
314 1
314 1
314 1
314 1
314 1
314 1
314 1
314 1
314 1
314 1
314 1
314 1
314 1
317 1
317 1
317 1
317 1
317 1
317 1
317 1
317 1
317 1
317 1
317 1
317 1
317 1
317 1
317 1
317 1
317 1
317 1
317 1
317 1
317 1
317 1
317 1
317 1
317 1
317 1
317 1
317 1
317 1
317 1
317 1
317 1
317 1
317 1
317 1
317 1
317 1
317 1
317 1
317 1
317 1
317 1
317 1
317 1
317 1
320 1
320 1
320 1
320 1
320 1
320 1
320 1
320 1
320 1
320 1
320 1
320 1
320 1
320 1
320 1
320 1
320 1
320 1
320 1
320 1
320 1
320 1
320 1
320 1
320 1
320 1
320 1
320 1
320 1
320 1
320 1
320 1
320 1
320 1
320 1
320 1
320 1
320 1
320 1
320 1
320 1
320 1
320 1
320 1
320 1
322 1
322 1
322 1
322 1
322 1
322 1
322 1
322 1
322 1
322 1
322 1
322 1
322 1
322 1
322 1
322 1
322 1
322 1
322 1
322 1
322 1
322 1
322 1
322 1
322 1
322 1
322 1
322 1
322 1
322 1
322 1
322 1
322 1
322 1
322 1
322 1
322 1
322 1
322 1
322 1
322 1
322 1
322 1
322 1
322 1
349 1
349 1
349 1
349 1
349 1
349 1
349 1
349 1
349 1
349 1
349 1
349 1
349 1
349 1
349 1
349 1
349 1
349 1
349 1
349 1
349 1
349 1
349 1
349 1
349 1
349 1
349 1
349 1
349 1
349 1
349 1
349 1
349 1
349 1
349 1
349 1
349 1
349 1
349 1
349 1
349 1
349 1
349 1
349 1
349 1
354 1
354 1
354 1
354 1
354 1
354 1
354 1
354 1
354 1
354 1
354 1
354 1
354 1
354 1
354 1
354 1
354 1
354 1
354 1
354 1
354 1
354 1
354 1
354 1
354 1
354 1
354 1
354 1
354 1
354 1
354 1
354 1
354 1
354 1
354 1
354 1
354 1
354 1
354 1
354 1
354 1
354 1
354 1
354 1
354 1
357 1
357 1
357 1
357 1
357 1
357 1
357 1
357 1
357 1
357 1
357 1
357 1
357 1
357 1
357 1
357 1
357 1
357 1
357 1
357 1
357 1
357 1
357 1
357 1
357 1
357 1
357 1
357 1
357 1
357 1
357 1
357 1
357 1
357 1
357 1
357 1
357 1
357 1
357 1
357 1
357 1
357 1
357 1
357 1
357 1
367 1
367 1
367 1
367 1
367 1
367 1
367 1
367 1
367 1
367 1
367 1
367 1
367 1
367 1
367 1
367 1
367 1
367 1
367 1
367 1
367 1
367 1
367 1
367 1
367 1
367 1
367 1
367 1
367 1
367 1
367 1
367 1
367 1
367 1
367 1
367 1
367 1
367 1
367 1
367 1
367 1
367 1
367 1
367 1
367 1
373 1
373 1
373 1
373 1
373 1
373 1
373 1
373 1
373 1
373 1
373 1
373 1
373 1
373 1
373 1
373 1
373 1
373 1
373 1
373 1
373 1
373 1
373 1
373 1
373 1
373 1
373 1
373 1
373 1
373 1
373 1
373 1
373 1
373 1
373 1
373 1
373 1
373 1
373 1
373 1
373 1
373 1
373 1
373 1
373 1
380 1
380 1
380 1
380 1
380 1
380 1
380 1
380 1
380 1
380 1
380 1
380 1
380 1
380 1
380 1
380 1
380 1
380 1
380 1
380 1
380 1
380 1
380 1
380 1
380 1
380 1
380 1
380 1
380 1
380 1
380 1
380 1
380 1
380 1
380 1
380 1
380 1
380 1
380 1
380 1
380 1
380 1
380 1
380 1
380 1
383 1
383 1
383 1
383 1
383 1
383 1
383 1
383 1
383 1
383 1
383 1
383 1
383 1
383 1
383 1
383 1
383 1
383 1
383 1
383 1
383 1
383 1
383 1
383 1
383 1
383 1
383 1
383 1
383 1
383 1
383 1
383 1
383 1
383 1
383 1
383 1
383 1
383 1
383 1
383 1
383 1
383 1
383 1
383 1
383 1
395 1
395 1
395 1
395 1
395 1
395 1
395 1
395 1
395 1
395 1
395 1
395 1
395 1
395 1
395 1
395 1
395 1
395 1
395 1
395 1
395 1
395 1
395 1
395 1
395 1
395 1
395 1
395 1
395 1
395 1
395 1
395 1
395 1
395 1
395 1
395 1
395 1
395 1
395 1
395 1
395 1
395 1
395 1
395 1
395 1
423 1
423 1
423 1
423 1
423 1
423 1
423 1
423 1
423 1
423 1
423 1
423 1
423 1
423 1
423 1
423 1
423 1
423 1
423 1
423 1
423 1
423 1
423 1
423 1
423 1
423 1
423 1
423 1
423 1
423 1
423 1
423 1
423 1
423 1
423 1
423 1
423 1
423 1
423 1
423 1
423 1
423 1
423 1
423 1
423 1
443 1
443 1
443 1
443 1
443 1
443 1
443 1
443 1
443 1
443 1
443 1
443 1
443 1
443 1
443 1
443 1
443 1
443 1
443 1
443 1
443 1
443 1
443 1
443 1
443 1
443 1
443 1
443 1
443 1
443 1
443 1
443 1
443 1
443 1
443 1
443 1
443 1
443 1
443 1
443 1
443 1
443 1
443 1
443 1
443 1
446 1
446 1
446 1
446 1
446 1
446 1
446 1
446 1
446 1
446 1
446 1
446 1
446 1
446 1
446 1
446 1
446 1
446 1
446 1
446 1
446 1
446 1
446 1
446 1
446 1
446 1
446 1
446 1
446 1
446 1
446 1
446 1
446 1
446 1
446 1
446 1
446 1
446 1
446 1
446 1
446 1
446 1
446 1
446 1
446 1
459 1
459 1
459 1
459 1
459 1
459 1
459 1
459 1
459 1
459 1
459 1
459 1
459 1
459 1
459 1
459 1
459 1
459 1
459 1
459 1
459 1
459 1
459 1
459 1
459 1
459 1
459 1
459 1
459 1
459 1
459 1
459 1
459 1
459 1
459 1
459 1
459 1
459 1
459 1
459 1
459 1
459 1
459 1
459 1
459 1
462 1
462 1
462 1
462 1
462 1
462 1
462 1
462 1
462 1
462 1
462 1
462 1
462 1
462 1
462 1
462 1
462 1
462 1
462 1
462 1
462 1
462 1
462 1
462 1
462 1
462 1
462 1
462 1
462 1
462 1
462 1
462 1
462 1
462 1
462 1
462 1
462 1
462 1
462 1
462 1
462 1
462 1
462 1
462 1
462 1
471 1
471 1
471 1
471 1
471 1
471 1
471 1
471 1
471 1
471 1
471 1
471 1
471 1
471 1
471 1
471 1
471 1
471 1
471 1
471 1
471 1
471 1
471 1
471 1
471 1
471 1
471 1
471 1
471 1
471 1
471 1
471 1
471 1
471 1
471 1
471 1
471 1
471 1
471 1
471 1
471 1
471 1
471 1
471 1
471 1
484 1
484 1
484 1
484 1
484 1
484 1
484 1
484 1
484 1
484 1
484 1
484 1
484 1
484 1
484 1
484 1
484 1
484 1
484 1
484 1
484 1
484 1
484 1
484 1
484 1
484 1
484 1
484 1
484 1
484 1
484 1
484 1
484 1
484 1
484 1
484 1
484 1
484 1
484 1
484 1
484 1
484 1
484 1
484 1
484 1
486 1
486 1
486 1
486 1
486 1
486 1
486 1
486 1
486 1
486 1
486 1
486 1
486 1
486 1
486 1
486 1
486 1
486 1
486 1
486 1
486 1
486 1
486 1
486 1
486 1
486 1
486 1
486 1
486 1
486 1
486 1
486 1
486 1
486 1
486 1
486 1
486 1
486 1
486 1
486 1
486 1
486 1
486 1
486 1
486 1
508 1
508 1
508 1
508 1
508 1
508 1
508 1
508 1
508 1
508 1
508 1
508 1
508 1
508 1
508 1
508 1
508 1
508 1
508 1
508 1
508 1
508 1
508 1
508 1
508 1
508 1
508 1
508 1
508 1
508 1
508 1
508 1
508 1
508 1
508 1
508 1
508 1
508 1
508 1
508 1
508 1
508 1
508 1
508 1
508 1
511 1
511 1
511 1
511 1
511 1
511 1
511 1
511 1
511 1
511 1
511 1
511 1
511 1
511 1
511 1
511 1
511 1
511 1
511 1
511 1
511 1
511 1
511 1
511 1
511 1
511 1
511 1
511 1
511 1
511 1
511 1
511 1
511 1
511 1
511 1
511 1
511 1
511 1
511 1
511 1
511 1
511 1
511 1
511 1
511 1
526 1
526 1
526 1
526 1
526 1
526 1
526 1
526 1
526 1
526 1
526 1
526 1
526 1
526 1
526 1
526 1
526 1
526 1
526 1
526 1
526 1
526 1
526 1
526 1
526 1
526 1
526 1
526 1
526 1
526 1
526 1
526 1
526 1
526 1
526 1
526 1
526 1
526 1
526 1
526 1
526 1
526 1
526 1
526 1
526 1
538 1
538 1
538 1
538 1
538 1
538 1
538 1
538 1
538 1
538 1
538 1
538 1
538 1
538 1
538 1
538 1
538 1
538 1
538 1
538 1
538 1
538 1
538 1
538 1
538 1
538 1
538 1
538 1
538 1
538 1
538 1
538 1
538 1
538 1
538 1
538 1
538 1
538 1
538 1
538 1
538 1
538 1
538 1
538 1
538 1
570 1
570 1
570 1
570 1
570 1
570 1
570 1
570 1
570 1
570 1
570 1
570 1
570 1
570 1
570 1
570 1
570 1
570 1
570 1
570 1
570 1
570 1
570 1
570 1
570 1
570 1
570 1
570 1
570 1
570 1
570 1
570 1
570 1
570 1
570 1
570 1
570 1
570 1
570 1
570 1
570 1
570 1
570 1
570 1
570 1
571 1
571 1
571 1
571 1
571 1
571 1
571 1
571 1
571 1
571 1
571 1
571 1
571 1
571 1
571 1
571 1
571 1
571 1
571 1
571 1
571 1
571 1
571 1
571 1
571 1
571 1
571 1
571 1
571 1
571 1
571 1
571 1
571 1
571 1
571 1
571 1
571 1
571 1
571 1
571 1
571 1
571 1
571 1
571 1
571 1
579 1
579 1
579 1
579 1
579 1
579 1
579 1
579 1
579 1
579 1
579 1
579 1
579 1
579 1
579 1
579 1
579 1
579 1
579 1
579 1
579 1
579 1
579 1
579 1
579 1
579 1
579 1
579 1
579 1
579 1
579 1
579 1
579 1
579 1
579 1
579 1
579 1
579 1
579 1
579 1
579 1
579 1
579 1
579 1
579 1
585 1
585 1
585 1
585 1
585 1
585 1
585 1
585 1
585 1
585 1
585 1
585 1
585 1
585 1
585 1
585 1
585 1
585 1
585 1
585 1
585 1
585 1
585 1
585 1
585 1
585 1
585 1
585 1
585 1
585 1
585 1
585 1
585 1
585 1
585 1
585 1
585 1
585 1
585 1
585 1
585 1
585 1
585 1
585 1
585 1
622 1
622 1
622 1
622 1
622 1
622 1
622 1
622 1
622 1
622 1
622 1
622 1
622 1
622 1
622 1
622 1
622 1
622 1
622 1
622 1
622 1
622 1
622 1
622 1
622 1
622 1
622 1
622 1
622 1
622 1
622 1
622 1
622 1
622 1
622 1
622 1
622 1
622 1
622 1
622 1
622 1
622 1
622 1
622 1
622 1
621 1
621 1
621 1
621 1
621 1
621 1
621 1
621 1
621 1
621 1
621 1
621 1
621 1
621 1
621 1
621 1
621 1
621 1
621 1
621 1
621 1
621 1
621 1
621 1
621 1
621 1
621 1
621 1
621 1
621 1
621 1
621 1
621 1
621 1
621 1
621 1
621 1
621 1
621 1
621 1
621 1
621 1
621 1
621 1
621 1
620 1
620 1
620 1
620 1
620 1
620 1
620 1
620 1
620 1
620 1
620 1
620 1
620 1
620 1
620 1
620 1
620 1
620 1
620 1
620 1
620 1
620 1
620 1
620 1
620 1
620 1
620 1
620 1
620 1
620 1
620 1
620 1
620 1
620 1
620 1
620 1
620 1
620 1
620 1
620 1
620 1
620 1
620 1
620 1
620 1
618 1
618 1
618 1
618 1
618 1
618 1
618 1
618 1
618 1
618 1
618 1
618 1
618 1
618 1
618 1
618 1
618 1
618 1
618 1
618 1
618 1
618 1
618 1
618 1
618 1
618 1
618 1
618 1
618 1
618 1
618 1
618 1
618 1
618 1
618 1
618 1
618 1
618 1
618 1
618 1
618 1
618 1
618 1
618 1
618 1
619 1
619 1
619 1
619 1
619 1
619 1
619 1
619 1
619 1
619 1
619 1
619 1
619 1
619 1
619 1
619 1
619 1
619 1
619 1
619 1
619 1
619 1
619 1
619 1
619 1
619 1
619 1
619 1
619 1
619 1
619 1
619 1
619 1
619 1
619 1
619 1
619 1
619 1
619 1
619 1
619 1
619 1
619 1
619 1
619 1
10488 1
10488 1
10488 1
10488 1
10488 1
10488 1
10488 1
10488 1
10488 1
10488 1
10488 1
10488 1
10488 1
10488 1
10488 1
10488 1
10488 1
10488 1
10488 1
10488 1
10488 1
10488 1
10488 1
10488 1
10488 1
10488 1
10488 1
10488 1
10488 1
10488 1
10488 1
10488 1
10488 1
10488 1
10488 1
10488 1
10488 1
10488 1
10488 1
10488 1
10488 1
10488 1
10488 1
10488 1
10488 1
10237 1
10237 1
10237 1
10237 1
10237 1
10237 1
10237 1
10237 1
10237 1
10237 1
10237 1
10237 1
10237 1
10237 1
10237 1
10237 1
10237 1
10237 1
10237 1
10237 1
10237 1
10237 1
10237 1
10237 1
10237 1
10237 1
10237 1
10237 1
10237 1
10237 1
10237 1
10237 1
10237 1
10237 1
10237 1
10237 1
10237 1
10237 1
10237 1
10237 1
10237 1
10237 1
10237 1
10237 1
10237 1
10486 1
10486 1
10486 1
10486 1
10486 1
10486 1
10486 1
10486 1
10486 1
10486 1
10486 1
10486 1
10486 1
10486 1
10486 1
10486 1
10486 1
10486 1
10486 1
10486 1
10486 1
10486 1
10486 1
10486 1
10486 1
10486 1
10486 1
10486 1
10486 1
10486 1
10486 1
10486 1
10486 1
10486 1
10486 1
10486 1
10486 1
10486 1
10486 1
10486 1
10486 1
10486 1
10486 1
10486 1
10486 1
642 1
642 1
642 1
642 1
642 1
642 1
642 1
642 1
642 1
642 1
642 1
642 1
642 1
642 1
642 1
642 1
642 1
642 1
642 1
642 1
642 1
642 1
642 1
642 1
642 1
642 1
642 1
642 1
642 1
642 1
642 1
642 1
642 1
642 1
642 1
642 1
642 1
642 1
642 1
642 1
642 1
642 1
642 1
642 1
642 1
661 1
661 1
661 1
661 1
661 1
661 1
661 1
661 1
661 1
661 1
661 1
661 1
661 1
661 1
661 1
661 1
661 1
661 1
661 1
661 1
661 1
661 1
661 1
661 1
661 1
661 1
661 1
661 1
661 1
661 1
661 1
661 1
661 1
661 1
661 1
661 1
661 1
661 1
661 1
661 1
661 1
661 1
661 1
661 1
661 1
660 1
660 1
660 1
660 1
660 1
660 1
660 1
660 1
660 1
660 1
660 1
660 1
660 1
660 1
660 1
660 1
660 1
660 1
660 1
660 1
660 1
660 1
660 1
660 1
660 1
660 1
660 1
660 1
660 1
660 1
660 1
660 1
660 1
660 1
660 1
660 1
660 1
660 1
660 1
660 1
660 1
660 1
660 1
660 1
660 1
657 1
657 1
657 1
657 1
657 1
657 1
657 1
657 1
657 1
657 1
657 1
657 1
657 1
657 1
657 1
657 1
657 1
657 1
657 1
657 1
657 1
657 1
657 1
657 1
657 1
657 1
657 1
657 1
657 1
657 1
657 1
657 1
657 1
657 1
657 1
657 1
657 1
657 1
657 1
657 1
657 1
657 1
657 1
657 1
657 1
681 1
681 1
681 1
681 1
681 1
681 1
681 1
681 1
681 1
681 1
681 1
681 1
681 1
681 1
681 1
681 1
681 1
681 1
681 1
681 1
681 1
681 1
681 1
681 1
681 1
681 1
681 1
681 1
681 1
681 1
681 1
681 1
681 1
681 1
681 1
681 1
681 1
681 1
681 1
681 1
681 1
681 1
681 1
681 1
681 1
698 1
698 1
698 1
698 1
698 1
698 1
698 1
698 1
698 1
698 1
698 1
698 1
698 1
698 1
698 1
698 1
698 1
698 1
698 1
698 1
698 1
698 1
698 1
698 1
698 1
698 1
698 1
698 1
698 1
698 1
698 1
698 1
698 1
698 1
698 1
698 1
698 1
698 1
698 1
698 1
698 1
698 1
698 1
698 1
698 1
695 1
695 1
695 1
695 1
695 1
695 1
695 1
695 1
695 1
695 1
695 1
695 1
695 1
695 1
695 1
695 1
695 1
695 1
695 1
695 1
695 1
695 1
695 1
695 1
695 1
695 1
695 1
695 1
695 1
695 1
695 1
695 1
695 1
695 1
695 1
695 1
695 1
695 1
695 1
695 1
695 1
695 1
695 1
695 1
695 1
690 1
690 1
690 1
690 1
690 1
690 1
690 1
690 1
690 1
690 1
690 1
690 1
690 1
690 1
690 1
690 1
690 1
690 1
690 1
690 1
690 1
690 1
690 1
690 1
690 1
690 1
690 1
690 1
690 1
690 1
690 1
690 1
690 1
690 1
690 1
690 1
690 1
690 1
690 1
690 1
690 1
690 1
690 1
690 1
690 1
694 1
694 1
694 1
694 1
694 1
694 1
694 1
694 1
694 1
694 1
694 1
694 1
694 1
694 1
694 1
694 1
694 1
694 1
694 1
694 1
694 1
694 1
694 1
694 1
694 1
694 1
694 1
694 1
694 1
694 1
694 1
694 1
694 1
694 1
694 1
694 1
694 1
694 1
694 1
694 1
694 1
694 1
694 1
694 1
694 1
693 1
693 1
693 1
693 1
693 1
693 1
693 1
693 1
693 1
693 1
693 1
693 1
693 1
693 1
693 1
693 1
693 1
693 1
693 1
693 1
693 1
693 1
693 1
693 1
693 1
693 1
693 1
693 1
693 1
693 1
693 1
693 1
693 1
693 1
693 1
693 1
693 1
693 1
693 1
693 1
693 1
693 1
693 1
693 1
693 1
735 1
735 1
735 1
735 1
735 1
735 1
735 1
735 1
735 1
735 1
735 1
735 1
735 1
735 1
735 1
735 1
735 1
735 1
735 1
735 1
735 1
735 1
735 1
735 1
735 1
735 1
735 1
735 1
735 1
735 1
735 1
735 1
735 1
735 1
735 1
735 1
735 1
735 1
735 1
735 1
735 1
735 1
735 1
735 1
735 1
732 1
732 1
732 1
732 1
732 1
732 1
732 1
732 1
732 1
732 1
732 1
732 1
732 1
732 1
732 1
732 1
732 1
732 1
732 1
732 1
732 1
732 1
732 1
732 1
732 1
732 1
732 1
732 1
732 1
732 1
732 1
732 1
732 1
732 1
732 1
732 1
732 1
732 1
732 1
732 1
732 1
732 1
732 1
732 1
732 1
756 1
756 1
756 1
756 1
756 1
756 1
756 1
756 1
756 1
756 1
756 1
756 1
756 1
756 1
756 1
756 1
756 1
756 1
756 1
756 1
756 1
756 1
756 1
756 1
756 1
756 1
756 1
756 1
756 1
756 1
756 1
756 1
756 1
756 1
756 1
756 1
756 1
756 1
756 1
756 1
756 1
756 1
756 1
756 1
756 1
774 1
774 1
774 1
774 1
774 1
774 1
774 1
774 1
774 1
774 1
774 1
774 1
774 1
774 1
774 1
774 1
774 1
774 1
774 1
774 1
774 1
774 1
774 1
774 1
774 1
774 1
774 1
774 1
774 1
774 1
774 1
774 1
774 1
774 1
774 1
774 1
774 1
774 1
774 1
774 1
774 1
774 1
774 1
774 1
774 1
773 1
773 1
773 1
773 1
773 1
773 1
773 1
773 1
773 1
773 1
773 1
773 1
773 1
773 1
773 1
773 1
773 1
773 1
773 1
773 1
773 1
773 1
773 1
773 1
773 1
773 1
773 1
773 1
773 1
773 1
773 1
773 1
773 1
773 1
773 1
773 1
773 1
773 1
773 1
773 1
773 1
773 1
773 1
773 1
773 1
794 1
794 1
794 1
794 1
794 1
794 1
794 1
794 1
794 1
794 1
794 1
794 1
794 1
794 1
794 1
794 1
794 1
794 1
794 1
794 1
794 1
794 1
794 1
794 1
794 1
794 1
794 1
794 1
794 1
794 1
794 1
794 1
794 1
794 1
794 1
794 1
794 1
794 1
794 1
794 1
794 1
794 1
794 1
794 1
794 1
795 1
795 1
795 1
795 1
795 1
795 1
795 1
795 1
795 1
795 1
795 1
795 1
795 1
795 1
795 1
795 1
795 1
795 1
795 1
795 1
795 1
795 1
795 1
795 1
795 1
795 1
795 1
795 1
795 1
795 1
795 1
795 1
795 1
795 1
795 1
795 1
795 1
795 1
795 1
795 1
795 1
795 1
795 1
795 1
795 1
812 1
812 1
812 1
812 1
812 1
812 1
812 1
812 1
812 1
812 1
812 1
812 1
812 1
812 1
812 1
812 1
812 1
812 1
812 1
812 1
812 1
812 1
812 1
812 1
812 1
812 1
812 1
812 1
812 1
812 1
812 1
812 1
812 1
812 1
812 1
812 1
812 1
812 1
812 1
812 1
812 1
812 1
812 1
812 1
812 1
839 1
839 1
839 1
839 1
839 1
839 1
839 1
839 1
839 1
839 1
839 1
839 1
839 1
839 1
839 1
839 1
839 1
839 1
839 1
839 1
839 1
839 1
839 1
839 1
839 1
839 1
839 1
839 1
839 1
839 1
839 1
839 1
839 1
839 1
839 1
839 1
839 1
839 1
839 1
839 1
839 1
839 1
839 1
839 1
839 1
876 1
876 1
876 1
876 1
876 1
876 1
876 1
876 1
876 1
876 1
876 1
876 1
876 1
876 1
876 1
876 1
876 1
876 1
876 1
876 1
876 1
876 1
876 1
876 1
876 1
876 1
876 1
876 1
876 1
876 1
876 1
876 1
876 1
876 1
876 1
876 1
876 1
876 1
876 1
876 1
876 1
876 1
876 1
876 1
876 1
881 1
881 1
881 1
881 1
881 1
881 1
881 1
881 1
881 1
881 1
881 1
881 1
881 1
881 1
881 1
881 1
881 1
881 1
881 1
881 1
881 1
881 1
881 1
881 1
881 1
881 1
881 1
881 1
881 1
881 1
881 1
881 1
881 1
881 1
881 1
881 1
881 1
881 1
881 1
881 1
881 1
881 1
881 1
881 1
881 1
882 1
882 1
882 1
882 1
882 1
882 1
882 1
882 1
882 1
882 1
882 1
882 1
882 1
882 1
882 1
882 1
882 1
882 1
882 1
882 1
882 1
882 1
882 1
882 1
882 1
882 1
882 1
882 1
882 1
882 1
882 1
882 1
882 1
882 1
882 1
882 1
882 1
882 1
882 1
882 1
882 1
882 1
882 1
882 1
882 1
974 1
974 1
974 1
974 1
974 1
974 1
974 1
974 1
974 1
974 1
974 1
974 1
974 1
974 1
974 1
974 1
974 1
974 1
974 1
974 1
974 1
974 1
974 1
974 1
974 1
974 1
974 1
974 1
974 1
974 1
974 1
974 1
974 1
974 1
974 1
974 1
974 1
974 1
974 1
974 1
974 1
974 1
974 1
974 1
974 1
980 1
980 1
980 1
980 1
980 1
980 1
980 1
980 1
980 1
980 1
980 1
980 1
980 1
980 1
980 1
980 1
980 1
980 1
980 1
980 1
980 1
980 1
980 1
980 1
980 1
980 1
980 1
980 1
980 1
980 1
980 1
980 1
980 1
980 1
980 1
980 1
980 1
980 1
980 1
980 1
980 1
980 1
980 1
980 1
980 1
987 1
987 1
987 1
987 1
987 1
987 1
987 1
987 1
987 1
987 1
987 1
987 1
987 1
987 1
987 1
987 1
987 1
987 1
987 1
987 1
987 1
987 1
987 1
987 1
987 1
987 1
987 1
987 1
987 1
987 1
987 1
987 1
987 1
987 1
987 1
987 1
987 1
987 1
987 1
987 1
987 1
987 1
987 1
987 1
987 1
988 1
988 1
988 1
988 1
988 1
988 1
988 1
988 1
988 1
988 1
988 1
988 1
988 1
988 1
988 1
988 1
988 1
988 1
988 1
988 1
988 1
988 1
988 1
988 1
988 1
988 1
988 1
988 1
988 1
988 1
988 1
988 1
988 1
988 1
988 1
988 1
988 1
988 1
988 1
988 1
988 1
988 1
988 1
988 1
988 1
989 1
989 1
989 1
989 1
989 1
989 1
989 1
989 1
989 1
989 1
989 1
989 1
989 1
989 1
989 1
989 1
989 1
989 1
989 1
989 1
989 1
989 1
989 1
989 1
989 1
989 1
989 1
989 1
989 1
989 1
989 1
989 1
989 1
989 1
989 1
989 1
989 1
989 1
989 1
989 1
989 1
989 1
989 1
989 1
989 1
992 1
992 1
992 1
992 1
992 1
992 1
992 1
992 1
992 1
992 1
992 1
992 1
992 1
992 1
992 1
992 1
992 1
992 1
992 1
992 1
992 1
992 1
992 1
992 1
992 1
992 1
992 1
992 1
992 1
992 1
992 1
992 1
992 1
992 1
992 1
992 1
992 1
992 1
992 1
992 1
992 1
992 1
992 1
992 1
992 1
993 1
993 1
993 1
993 1
993 1
993 1
993 1
993 1
993 1
993 1
993 1
993 1
993 1
993 1
993 1
993 1
993 1
993 1
993 1
993 1
993 1
993 1
993 1
993 1
993 1
993 1
993 1
993 1
993 1
993 1
993 1
993 1
993 1
993 1
993 1
993 1
993 1
993 1
993 1
993 1
993 1
993 1
993 1
993 1
993 1
1034 1
1034 1
1034 1
1034 1
1034 1
1034 1
1034 1
1034 1
1034 1
1034 1
1034 1
1034 1
1034 1
1034 1
1034 1
1034 1
1034 1
1034 1
1034 1
1034 1
1034 1
1034 1
1034 1
1034 1
1034 1
1034 1
1034 1
1034 1
1034 1
1034 1
1034 1
1034 1
1034 1
1034 1
1034 1
1034 1
1034 1
1034 1
1034 1
1034 1
1034 1
1034 1
1034 1
1034 1
1034 1
1039 1
1039 1
1039 1
1039 1
1039 1
1039 1
1039 1
1039 1
1039 1
1039 1
1039 1
1039 1
1039 1
1039 1
1039 1
1039 1
1039 1
1039 1
1039 1
1039 1
1039 1
1039 1
1039 1
1039 1
1039 1
1039 1
1039 1
1039 1
1039 1
1039 1
1039 1
1039 1
1039 1
1039 1
1039 1
1039 1
1039 1
1039 1
1039 1
1039 1
1039 1
1039 1
1039 1
1039 1
1039 1
1045 1
1045 1
1045 1
1045 1
1045 1
1045 1
1045 1
1045 1
1045 1
1045 1
1045 1
1045 1
1045 1
1045 1
1045 1
1045 1
1045 1
1045 1
1045 1
1045 1
1045 1
1045 1
1045 1
1045 1
1045 1
1045 1
1045 1
1045 1
1045 1
1045 1
1045 1
1045 1
1045 1
1045 1
1045 1
1045 1
1045 1
1045 1
1045 1
1045 1
1045 1
1045 1
1045 1
1045 1
1045 1
1046 1
1046 1
1046 1
1046 1
1046 1
1046 1
1046 1
1046 1
1046 1
1046 1
1046 1
1046 1
1046 1
1046 1
1046 1
1046 1
1046 1
1046 1
1046 1
1046 1
1046 1
1046 1
1046 1
1046 1
1046 1
1046 1
1046 1
1046 1
1046 1
1046 1
1046 1
1046 1
1046 1
1046 1
1046 1
1046 1
1046 1
1046 1
1046 1
1046 1
1046 1
1046 1
1046 1
1046 1
1046 1
1047 1
1047 1
1047 1
1047 1
1047 1
1047 1
1047 1
1047 1
1047 1
1047 1
1047 1
1047 1
1047 1
1047 1
1047 1
1047 1
1047 1
1047 1
1047 1
1047 1
1047 1
1047 1
1047 1
1047 1
1047 1
1047 1
1047 1
1047 1
1047 1
1047 1
1047 1
1047 1
1047 1
1047 1
1047 1
1047 1
1047 1
1047 1
1047 1
1047 1
1047 1
1047 1
1047 1
1047 1
1047 1
1092 1
1092 1
1092 1
1092 1
1092 1
1092 1
1092 1
1092 1
1092 1
1092 1
1092 1
1092 1
1092 1
1092 1
1092 1
1092 1
1092 1
1092 1
1092 1
1092 1
1092 1
1092 1
1092 1
1092 1
1092 1
1092 1
1092 1
1092 1
1092 1
1092 1
1092 1
1092 1
1092 1
1092 1
1092 1
1092 1
1092 1
1092 1
1092 1
1092 1
1092 1
1092 1
1092 1
1092 1
1092 1
1096 1
1096 1
1096 1
1096 1
1096 1
1096 1
1096 1
1096 1
1096 1
1096 1
1096 1
1096 1
1096 1
1096 1
1096 1
1096 1
1096 1
1096 1
1096 1
1096 1
1096 1
1096 1
1096 1
1096 1
1096 1
1096 1
1096 1
1096 1
1096 1
1096 1
1096 1
1096 1
1096 1
1096 1
1096 1
1096 1
1096 1
1096 1
1096 1
1096 1
1096 1
1096 1
1096 1
1096 1
1096 1
1158 1
1158 1
1158 1
1158 1
1158 1
1158 1
1158 1
1158 1
1158 1
1158 1
1158 1
1158 1
1158 1
1158 1
1158 1
1158 1
1158 1
1158 1
1158 1
1158 1
1158 1
1158 1
1158 1
1158 1
1158 1
1158 1
1158 1
1158 1
1158 1
1158 1
1158 1
1158 1
1158 1
1158 1
1158 1
1158 1
1158 1
1158 1
1158 1
1158 1
1158 1
1158 1
1158 1
1158 1
1158 1
1161 1
1161 1
1161 1
1161 1
1161 1
1161 1
1161 1
1161 1
1161 1
1161 1
1161 1
1161 1
1161 1
1161 1
1161 1
1161 1
1161 1
1161 1
1161 1
1161 1
1161 1
1161 1
1161 1
1161 1
1161 1
1161 1
1161 1
1161 1
1161 1
1161 1
1161 1
1161 1
1161 1
1161 1
1161 1
1161 1
1161 1
1161 1
1161 1
1161 1
1161 1
1161 1
1161 1
1161 1
1161 1
