pt_graph shape
10387 1
10387 1
10387 1
10387 1
10387 1
10387 1
10387 1
10387 1
10387 1
10387 1
10387 1
10387 1
10387 1
10387 1
10387 1
10387 1
10387 1
10387 1
10387 1
10387 1
10387 1
10387 1
10387 1
10387 1
10387 1
10387 1
10387 1
10387 1
10387 1
10387 1
10387 1
10387 1
10387 1
10387 1
10387 1
10387 1
10387 1
10387 1
10387 1
10387 1
10387 1
10387 1
10387 1
10387 1
10387 1
3 1
3 1
3 1
3 1
3 1
3 1
3 1
3 1
3 1
3 1
3 1
3 1
3 1
3 1
3 1
3 1
3 1
3 1
3 1
3 1
3 1
3 1
3 1
3 1
3 1
3 1
3 1
3 1
3 1
3 1
3 1
3 1
3 1
3 1
3 1
3 1
3 1
3 1
3 1
3 1
3 1
3 1
3 1
3 1
3 1
4 1
4 1
4 1
4 1
4 1
4 1
4 1
4 1
4 1
4 1
4 1
4 1
4 1
4 1
4 1
4 1
4 1
4 1
4 1
4 1
4 1
4 1
4 1
4 1
4 1
4 1
4 1
4 1
4 1
4 1
4 1
4 1
4 1
4 1
4 1
4 1
4 1
4 1
4 1
4 1
4 1
4 1
4 1
4 1
4 1
6 1
6 1
6 1
6 1
6 1
6 1
6 1
6 1
6 1
6 1
6 1
6 1
6 1
6 1
6 1
6 1
6 1
6 1
6 1
6 1
6 1
6 1
6 1
6 1
6 1
6 1
6 1
6 1
6 1
6 1
6 1
6 1
6 1
6 1
6 1
6 1
6 1
6 1
6 1
6 1
6 1
6 1
6 1
6 1
6 1
14 1
14 1
14 1
14 1
14 1
14 1
14 1
14 1
14 1
14 1
14 1
14 1
14 1
14 1
14 1
14 1
14 1
14 1
14 1
14 1
14 1
14 1
14 1
14 1
14 1
14 1
14 1
14 1
14 1
14 1
14 1
14 1
14 1
14 1
14 1
14 1
14 1
14 1
14 1
14 1
14 1
14 1
14 1
14 1
14 1
15 1
15 1
15 1
15 1
15 1
15 1
15 1
15 1
15 1
15 1
15 1
15 1
15 1
15 1
15 1
15 1
15 1
15 1
15 1
15 1
15 1
15 1
15 1
15 1
15 1
15 1
15 1
15 1
15 1
15 1
15 1
15 1
15 1
15 1
15 1
15 1
15 1
15 1
15 1
15 1
15 1
15 1
15 1
15 1
15 1
27 1
27 1
27 1
27 1
27 1
27 1
27 1
27 1
27 1
27 1
27 1
27 1
27 1
27 1
27 1
27 1
27 1
27 1
27 1
27 1
27 1
27 1
27 1
27 1
27 1
27 1
27 1
27 1
27 1
27 1
27 1
27 1
27 1
27 1
27 1
27 1
27 1
27 1
27 1
27 1
27 1
27 1
27 1
27 1
27 1
35 1
35 1
35 1
35 1
35 1
35 1
35 1
35 1
35 1
35 1
35 1
35 1
35 1
35 1
35 1
35 1
35 1
35 1
35 1
35 1
35 1
35 1
35 1
35 1
35 1
35 1
35 1
35 1
35 1
35 1
35 1
35 1
35 1
35 1
35 1
35 1
35 1
35 1
35 1
35 1
35 1
35 1
35 1
35 1
35 1
40 1
40 1
40 1
40 1
40 1
40 1
40 1
40 1
40 1
40 1
40 1
40 1
40 1
40 1
40 1
40 1
40 1
40 1
40 1
40 1
40 1
40 1
40 1
40 1
40 1
40 1
40 1
40 1
40 1
40 1
40 1
40 1
40 1
40 1
40 1
40 1
40 1
40 1
40 1
40 1
40 1
40 1
40 1
40 1
40 1
42 1
42 1
42 1
42 1
42 1
42 1
42 1
42 1
42 1
42 1
42 1
42 1
42 1
42 1
42 1
42 1
42 1
42 1
42 1
42 1
42 1
42 1
42 1
42 1
42 1
42 1
42 1
42 1
42 1
42 1
42 1
42 1
42 1
42 1
42 1
42 1
42 1
42 1
42 1
42 1
42 1
42 1
42 1
42 1
42 1
48 1
48 1
48 1
48 1
48 1
48 1
48 1
48 1
48 1
48 1
48 1
48 1
48 1
48 1
48 1
48 1
48 1
48 1
48 1
48 1
48 1
48 1
48 1
48 1
48 1
48 1
48 1
48 1
48 1
48 1
48 1
48 1
48 1
48 1
48 1
48 1
48 1
48 1
48 1
48 1
48 1
48 1
48 1
48 1
48 1
49 1
49 1
49 1
49 1
49 1
49 1
49 1
49 1
49 1
49 1
49 1
49 1
49 1
49 1
49 1
49 1
49 1
49 1
49 1
49 1
49 1
49 1
49 1
49 1
49 1
49 1
49 1
49 1
49 1
49 1
49 1
49 1
49 1
49 1
49 1
49 1
49 1
49 1
49 1
49 1
49 1
49 1
49 1
49 1
49 1
54 1
54 1
54 1
54 1
54 1
54 1
54 1
54 1
54 1
54 1
54 1
54 1
54 1
54 1
54 1
54 1
54 1
54 1
54 1
54 1
54 1
54 1
54 1
54 1
54 1
54 1
54 1
54 1
54 1
54 1
54 1
54 1
54 1
54 1
54 1
54 1
54 1
54 1
54 1
54 1
54 1
54 1
54 1
54 1
54 1
55 1
55 1
55 1
55 1
55 1
55 1
55 1
55 1
55 1
55 1
55 1
55 1
55 1
55 1
55 1
55 1
55 1
55 1
55 1
55 1
55 1
55 1
55 1
55 1
55 1
55 1
55 1
55 1
55 1
55 1
55 1
55 1
55 1
55 1
55 1
55 1
55 1
55 1
55 1
55 1
55 1
55 1
55 1
55 1
55 1
56 1
56 1
56 1
56 1
56 1
56 1
56 1
56 1
56 1
56 1
56 1
56 1
56 1
56 1
56 1
56 1
56 1
56 1
56 1
56 1
56 1
56 1
56 1
56 1
56 1
56 1
56 1
56 1
56 1
56 1
56 1
56 1
56 1
56 1
56 1
56 1
56 1
56 1
56 1
56 1
56 1
56 1
56 1
56 1
56 1
57 1
57 1
57 1
57 1
57 1
57 1
57 1
57 1
57 1
57 1
57 1
57 1
57 1
57 1
57 1
57 1
57 1
57 1
57 1
57 1
57 1
57 1
57 1
57 1
57 1
57 1
57 1
57 1
57 1
57 1
57 1
57 1
57 1
57 1
57 1
57 1
57 1
57 1
57 1
57 1
57 1
57 1
57 1
57 1
57 1
63 1
63 1
63 1
63 1
63 1
63 1
63 1
63 1
63 1
63 1
63 1
63 1
63 1
63 1
63 1
63 1
63 1
63 1
63 1
63 1
63 1
63 1
63 1
63 1
63 1
63 1
63 1
63 1
63 1
63 1
63 1
63 1
63 1
63 1
63 1
63 1
63 1
63 1
63 1
63 1
63 1
63 1
63 1
63 1
63 1
64 1
64 1
64 1
64 1
64 1
64 1
64 1
64 1
64 1
64 1
64 1
64 1
64 1
64 1
64 1
64 1
64 1
64 1
64 1
64 1
64 1
64 1
64 1
64 1
64 1
64 1
64 1
64 1
64 1
64 1
64 1
64 1
64 1
64 1
64 1
64 1
64 1
64 1
64 1
64 1
64 1
64 1
64 1
64 1
64 1
67 1
67 1
67 1
67 1
67 1
67 1
67 1
67 1
67 1
67 1
67 1
67 1
67 1
67 1
67 1
67 1
67 1
67 1
67 1
67 1
67 1
67 1
67 1
67 1
67 1
67 1
67 1
67 1
67 1
67 1
67 1
67 1
67 1
67 1
67 1
67 1
67 1
67 1
67 1
67 1
67 1
67 1
67 1
67 1
67 1
70 1
70 1
70 1
70 1
70 1
70 1
70 1
70 1
70 1
70 1
70 1
70 1
70 1
70 1
70 1
70 1
70 1
70 1
70 1
70 1
70 1
70 1
70 1
70 1
70 1
70 1
70 1
70 1
70 1
70 1
70 1
70 1
70 1
70 1
70 1
70 1
70 1
70 1
70 1
70 1
70 1
70 1
70 1
70 1
70 1
74 1
74 1
74 1
74 1
74 1
74 1
74 1
74 1
74 1
74 1
74 1
74 1
74 1
74 1
74 1
74 1
74 1
74 1
74 1
74 1
74 1
74 1
74 1
74 1
74 1
74 1
74 1
74 1
74 1
74 1
74 1
74 1
74 1
74 1
74 1
74 1
74 1
74 1
74 1
74 1
74 1
74 1
74 1
74 1
74 1
75 1
75 1
75 1
75 1
75 1
75 1
75 1
75 1
75 1
75 1
75 1
75 1
75 1
75 1
75 1
75 1
75 1
75 1
75 1
75 1
75 1
75 1
75 1
75 1
75 1
75 1
75 1
75 1
75 1
75 1
75 1
75 1
75 1
75 1
75 1
75 1
75 1
75 1
75 1
75 1
75 1
75 1
75 1
75 1
75 1
76 1
76 1
76 1
76 1
76 1
76 1
76 1
76 1
76 1
76 1
76 1
76 1
76 1
76 1
76 1
76 1
76 1
76 1
76 1
76 1
76 1
76 1
76 1
76 1
76 1
76 1
76 1
76 1
76 1
76 1
76 1
76 1
76 1
76 1
76 1
76 1
76 1
76 1
76 1
76 1
76 1
76 1
76 1
76 1
76 1
86 1
86 1
86 1
86 1
86 1
86 1
86 1
86 1
86 1
86 1
86 1
86 1
86 1
86 1
86 1
86 1
86 1
86 1
86 1
86 1
86 1
86 1
86 1
86 1
86 1
86 1
86 1
86 1
86 1
86 1
86 1
86 1
86 1
86 1
86 1
86 1
86 1
86 1
86 1
86 1
86 1
86 1
86 1
86 1
86 1
89 1
89 1
89 1
89 1
89 1
89 1
89 1
89 1
89 1
89 1
89 1
89 1
89 1
89 1
89 1
89 1
89 1
89 1
89 1
89 1
89 1
89 1
89 1
89 1
89 1
89 1
89 1
89 1
89 1
89 1
89 1
89 1
89 1
89 1
89 1
89 1
89 1
89 1
89 1
89 1
89 1
89 1
89 1
89 1
89 1
90 1
90 1
90 1
90 1
90 1
90 1
90 1
90 1
90 1
90 1
90 1
90 1
90 1
90 1
90 1
90 1
90 1
90 1
90 1
90 1
90 1
90 1
90 1
90 1
90 1
90 1
90 1
90 1
90 1
90 1
90 1
90 1
90 1
90 1
90 1
90 1
90 1
90 1
90 1
90 1
90 1
90 1
90 1
90 1
90 1
91 1
91 1
91 1
91 1
91 1
91 1
91 1
91 1
91 1
91 1
91 1
91 1
91 1
91 1
91 1
91 1
91 1
91 1
91 1
91 1
91 1
91 1
91 1
91 1
91 1
91 1
91 1
91 1
91 1
91 1
91 1
91 1
91 1
91 1
91 1
91 1
91 1
91 1
91 1
91 1
91 1
91 1
91 1
91 1
91 1
95 1
95 1
95 1
95 1
95 1
95 1
95 1
95 1
95 1
95 1
95 1
95 1
95 1
95 1
95 1
95 1
95 1
95 1
95 1
95 1
95 1
95 1
95 1
95 1
95 1
95 1
95 1
95 1
95 1
95 1
95 1
95 1
95 1
95 1
95 1
95 1
95 1
95 1
95 1
95 1
95 1
95 1
95 1
95 1
95 1
98 1
98 1
98 1
98 1
98 1
98 1
98 1
98 1
98 1
98 1
98 1
98 1
98 1
98 1
98 1
98 1
98 1
98 1
98 1
98 1
98 1
98 1
98 1
98 1
98 1
98 1
98 1
98 1
98 1
98 1
98 1
98 1
98 1
98 1
98 1
98 1
98 1
98 1
98 1
98 1
98 1
98 1
98 1
98 1
98 1
100 1
100 1
100 1
100 1
100 1
100 1
100 1
100 1
100 1
100 1
100 1
100 1
100 1
100 1
100 1
100 1
100 1
100 1
100 1
100 1
100 1
100 1
100 1
100 1
100 1
100 1
100 1
100 1
100 1
100 1
100 1
100 1
100 1
100 1
100 1
100 1
100 1
100 1
100 1
100 1
100 1
100 1
100 1
100 1
100 1
110 1
110 1
110 1
110 1
110 1
110 1
110 1
110 1
110 1
110 1
110 1
110 1
110 1
110 1
110 1
110 1
110 1
110 1
110 1
110 1
110 1
110 1
110 1
110 1
110 1
110 1
110 1
110 1
110 1
110 1
110 1
110 1
110 1
110 1
110 1
110 1
110 1
110 1
110 1
110 1
110 1
110 1
110 1
110 1
110 1
112 1
112 1
112 1
112 1
112 1
112 1
112 1
112 1
112 1
112 1
112 1
112 1
112 1
112 1
112 1
112 1
112 1
112 1
112 1
112 1
112 1
112 1
112 1
112 1
112 1
112 1
112 1
112 1
112 1
112 1
112 1
112 1
112 1
112 1
112 1
112 1
112 1
112 1
112 1
112 1
112 1
112 1
112 1
112 1
112 1
116 1
116 1
116 1
116 1
116 1
116 1
116 1
116 1
116 1
116 1
116 1
116 1
116 1
116 1
116 1
116 1
116 1
116 1
116 1
116 1
116 1
116 1
116 1
116 1
116 1
116 1
116 1
116 1
116 1
116 1
116 1
116 1
116 1
116 1
116 1
116 1
116 1
116 1
116 1
116 1
116 1
116 1
116 1
116 1
116 1
122 1
122 1
122 1
122 1
122 1
122 1
122 1
122 1
122 1
122 1
122 1
122 1
122 1
122 1
122 1
122 1
122 1
122 1
122 1
122 1
122 1
122 1
122 1
122 1
122 1
122 1
122 1
122 1
122 1
122 1
122 1
122 1
122 1
122 1
122 1
122 1
122 1
122 1
122 1
122 1
122 1
122 1
122 1
122 1
122 1
130 1
130 1
130 1
130 1
130 1
130 1
130 1
130 1
130 1
130 1
130 1
130 1
130 1
130 1
130 1
130 1
130 1
130 1
130 1
130 1
130 1
130 1
130 1
130 1
130 1
130 1
130 1
130 1
130 1
130 1
130 1
130 1
130 1
130 1
130 1
130 1
130 1
130 1
130 1
130 1
130 1
130 1
130 1
130 1
130 1
133 1
133 1
133 1
133 1
133 1
133 1
133 1
133 1
133 1
133 1
133 1
133 1
133 1
133 1
133 1
133 1
133 1
133 1
133 1
133 1
133 1
133 1
133 1
133 1
133 1
133 1
133 1
133 1
133 1
133 1
133 1
133 1
133 1
133 1
133 1
133 1
133 1
133 1
133 1
133 1
133 1
133 1
133 1
133 1
133 1
145 1
145 1
145 1
145 1
145 1
145 1
145 1
145 1
145 1
145 1
145 1
145 1
145 1
145 1
145 1
145 1
145 1
145 1
145 1
145 1
145 1
145 1
145 1
145 1
145 1
145 1
145 1
145 1
145 1
145 1
145 1
145 1
145 1
145 1
145 1
145 1
145 1
145 1
145 1
145 1
145 1
145 1
145 1
145 1
145 1
151 1
151 1
151 1
151 1
151 1
151 1
151 1
151 1
151 1
151 1
151 1
151 1
151 1
151 1
151 1
151 1
151 1
151 1
151 1
151 1
151 1
151 1
151 1
151 1
151 1
151 1
151 1
151 1
151 1
151 1
151 1
151 1
151 1
151 1
151 1
151 1
151 1
151 1
151 1
151 1
151 1
151 1
151 1
151 1
151 1
161 1
161 1
161 1
161 1
161 1
161 1
161 1
161 1
161 1
161 1
161 1
161 1
161 1
161 1
161 1
161 1
161 1
161 1
161 1
161 1
161 1
161 1
161 1
161 1
161 1
161 1
161 1
161 1
161 1
161 1
161 1
161 1
161 1
161 1
161 1
161 1
161 1
161 1
161 1
161 1
161 1
161 1
161 1
161 1
161 1
173 1
173 1
173 1
173 1
173 1
173 1
173 1
173 1
173 1
173 1
173 1
173 1
173 1
173 1
173 1
173 1
173 1
173 1
173 1
173 1
173 1
173 1
173 1
173 1
173 1
173 1
173 1
173 1
173 1
173 1
173 1
173 1
173 1
173 1
173 1
173 1
173 1
173 1
173 1
173 1
173 1
173 1
173 1
173 1
173 1
180 1
180 1
180 1
180 1
180 1
180 1
180 1
180 1
180 1
180 1
180 1
180 1
180 1
180 1
180 1
180 1
180 1
180 1
180 1
180 1
180 1
180 1
180 1
180 1
180 1
180 1
180 1
180 1
180 1
180 1
180 1
180 1
180 1
180 1
180 1
180 1
180 1
180 1
180 1
180 1
180 1
180 1
180 1
180 1
180 1
187 1
187 1
187 1
187 1
187 1
187 1
187 1
187 1
187 1
187 1
187 1
187 1
187 1
187 1
187 1
187 1
187 1
187 1
187 1
187 1
187 1
187 1
187 1
187 1
187 1
187 1
187 1
187 1
187 1
187 1
187 1
187 1
187 1
187 1
187 1
187 1
187 1
187 1
187 1
187 1
187 1
187 1
187 1
187 1
187 1
190 1
190 1
190 1
190 1
190 1
190 1
190 1
190 1
190 1
190 1
190 1
190 1
190 1
190 1
190 1
190 1
190 1
190 1
190 1
190 1
190 1
190 1
190 1
190 1
190 1
190 1
190 1
190 1
190 1
190 1
190 1
190 1
190 1
190 1
190 1
190 1
190 1
190 1
190 1
190 1
190 1
190 1
190 1
190 1
190 1
192 1
192 1
192 1
192 1
192 1
192 1
192 1
192 1
192 1
192 1
192 1
192 1
192 1
192 1
192 1
192 1
192 1
192 1
192 1
192 1
192 1
192 1
192 1
192 1
192 1
192 1
192 1
192 1
192 1
192 1
192 1
192 1
192 1
192 1
192 1
192 1
192 1
192 1
192 1
192 1
192 1
192 1
192 1
192 1
192 1
197 1
197 1
197 1
197 1
197 1
197 1
197 1
197 1
197 1
197 1
197 1
197 1
197 1
197 1
197 1
197 1
197 1
197 1
197 1
197 1
197 1
197 1
197 1
197 1
197 1
197 1
197 1
197 1
197 1
197 1
197 1
197 1
197 1
197 1
197 1
197 1
197 1
197 1
197 1
197 1
197 1
197 1
197 1
197 1
197 1
199 1
199 1
199 1
199 1
199 1
199 1
199 1
199 1
199 1
199 1
199 1
199 1
199 1
199 1
199 1
199 1
199 1
199 1
199 1
199 1
199 1
199 1
199 1
199 1
199 1
199 1
199 1
199 1
199 1
199 1
199 1
199 1
199 1
199 1
199 1
199 1
199 1
199 1
199 1
199 1
199 1
199 1
199 1
199 1
199 1
204 1
204 1
204 1
204 1
204 1
204 1
204 1
204 1
204 1
204 1
204 1
204 1
204 1
204 1
204 1
204 1
204 1
204 1
204 1
204 1
204 1
204 1
204 1
204 1
204 1
204 1
204 1
204 1
204 1
204 1
204 1
204 1
204 1
204 1
204 1
204 1
204 1
204 1
204 1
204 1
204 1
204 1
204 1
204 1
204 1
208 1
208 1
208 1
208 1
208 1
208 1
208 1
208 1
208 1
208 1
208 1
208 1
208 1
208 1
208 1
208 1
208 1
208 1
208 1
208 1
208 1
208 1
208 1
208 1
208 1
208 1
208 1
208 1
208 1
208 1
208 1
208 1
208 1
208 1
208 1
208 1
208 1
208 1
208 1
208 1
208 1
208 1
208 1
208 1
208 1
209 1
209 1
209 1
209 1
209 1
209 1
209 1
209 1
209 1
209 1
209 1
209 1
209 1
209 1
209 1
209 1
209 1
209 1
209 1
209 1
209 1
209 1
209 1
209 1
209 1
209 1
209 1
209 1
209 1
209 1
209 1
209 1
209 1
209 1
209 1
209 1
209 1
209 1
209 1
209 1
209 1
209 1
209 1
209 1
209 1
210 1
210 1
210 1
210 1
210 1
210 1
210 1
210 1
210 1
210 1
210 1
210 1
210 1
210 1
210 1
210 1
210 1
210 1
210 1
210 1
210 1
210 1
210 1
210 1
210 1
210 1
210 1
210 1
210 1
210 1
210 1
210 1
210 1
210 1
210 1
210 1
210 1
210 1
210 1
210 1
210 1
210 1
210 1
210 1
210 1
214 1
214 1
214 1
214 1
214 1
214 1
214 1
214 1
214 1
214 1
214 1
214 1
214 1
214 1
214 1
214 1
214 1
214 1
214 1
214 1
214 1
214 1
214 1
214 1
214 1
214 1
214 1
214 1
214 1
214 1
214 1
214 1
214 1
214 1
214 1
214 1
214 1
214 1
214 1
214 1
214 1
214 1
214 1
214 1
214 1
224 1
224 1
224 1
224 1
224 1
224 1
224 1
224 1
224 1
224 1
224 1
224 1
224 1
224 1
224 1
224 1
224 1
224 1
224 1
224 1
224 1
224 1
224 1
224 1
224 1
224 1
224 1
224 1
224 1
224 1
224 1
224 1
224 1
224 1
224 1
224 1
224 1
224 1
224 1
224 1
224 1
224 1
224 1
224 1
224 1
235 1
235 1
235 1
235 1
235 1
235 1
235 1
235 1
235 1
235 1
235 1
235 1
235 1
235 1
235 1
235 1
235 1
235 1
235 1
235 1
235 1
235 1
235 1
235 1
235 1
235 1
235 1
235 1
235 1
235 1
235 1
235 1
235 1
235 1
235 1
235 1
235 1
235 1
235 1
235 1
235 1
235 1
235 1
235 1
235 1
237 1
237 1
237 1
237 1
237 1
237 1
237 1
237 1
237 1
237 1
237 1
237 1
237 1
237 1
237 1
237 1
237 1
237 1
237 1
237 1
237 1
237 1
237 1
237 1
237 1
237 1
237 1
237 1
237 1
237 1
237 1
237 1
237 1
237 1
237 1
237 1
237 1
237 1
237 1
237 1
237 1
237 1
237 1
237 1
237 1
241 1
241 1
241 1
241 1
241 1
241 1
241 1
241 1
241 1
241 1
241 1
241 1
241 1
241 1
241 1
241 1
241 1
241 1
241 1
241 1
241 1
241 1
241 1
241 1
241 1
241 1
241 1
241 1
241 1
241 1
241 1
241 1
241 1
241 1
241 1
241 1
241 1
241 1
241 1
241 1
241 1
241 1
241 1
241 1
241 1
259 1
259 1
259 1
259 1
259 1
259 1
259 1
259 1
259 1
259 1
259 1
259 1
259 1
259 1
259 1
259 1
259 1
259 1
259 1
259 1
259 1
259 1
259 1
259 1
259 1
259 1
259 1
259 1
259 1
259 1
259 1
259 1
259 1
259 1
259 1
259 1
259 1
259 1
259 1
259 1
259 1
259 1
259 1
259 1
259 1
268 1
268 1
268 1
268 1
268 1
268 1
268 1
268 1
268 1
268 1
268 1
268 1
268 1
268 1
268 1
268 1
268 1
268 1
268 1
268 1
268 1
268 1
268 1
268 1
268 1
268 1
268 1
268 1
268 1
268 1
268 1
268 1
268 1
268 1
268 1
268 1
268 1
268 1
268 1
268 1
268 1
268 1
268 1
268 1
268 1
283 1
283 1
283 1
283 1
283 1
283 1
283 1
283 1
283 1
283 1
283 1
283 1
283 1
283 1
283 1
283 1
283 1
283 1
283 1
283 1
283 1
283 1
283 1
283 1
283 1
283 1
283 1
283 1
283 1
283 1
283 1
283 1
283 1
283 1
283 1
283 1
283 1
283 1
283 1
283 1
283 1
283 1
283 1
283 1
283 1
285 1
285 1
285 1
285 1
285 1
285 1
285 1
285 1
285 1
285 1
285 1
285 1
285 1
285 1
285 1
285 1
285 1
285 1
285 1
285 1
285 1
285 1
285 1
285 1
285 1
285 1
285 1
285 1
285 1
285 1
285 1
285 1
285 1
285 1
285 1
285 1
285 1
285 1
285 1
285 1
285 1
285 1
285 1
285 1
285 1
292 1
292 1
292 1
292 1
292 1
292 1
292 1
292 1
292 1
292 1
292 1
292 1
292 1
292 1
292 1
292 1
292 1
292 1
292 1
292 1
292 1
292 1
292 1
292 1
292 1
292 1
292 1
292 1
292 1
292 1
292 1
292 1
292 1
292 1
292 1
292 1
292 1
292 1
292 1
292 1
292 1
292 1
292 1
292 1
292 1
303 1
303 1
303 1
303 1
303 1
303 1
303 1
303 1
303 1
303 1
303 1
303 1
303 1
303 1
303 1
303 1
303 1
303 1
303 1
303 1
303 1
303 1
303 1
303 1
303 1
303 1
303 1
303 1
303 1
303 1
303 1
303 1
303 1
303 1
303 1
303 1
303 1
303 1
303 1
303 1
303 1
303 1
303 1
303 1
303 1
314 1
314 1
314 1
314 1
314 1
314 1
314 1
314 1
314 1
314 1
314 1
314 1
314 1
314 1
314 1
314 1
314 1
314 1
314 1
314 1
314 1
314 1
314 1
314 1
314 1
314 1
314 1
314 1
314 1
314 1
314 1
314 1
314 1
314 1
314 1
314 1
314 1
314 1
314 1
314 1
314 1
314 1
314 1
314 1
314 1
349 1
349 1
349 1
349 1
349 1
349 1
349 1
349 1
349 1
349 1
349 1
349 1
349 1
349 1
349 1
349 1
349 1
349 1
349 1
349 1
349 1
349 1
349 1
349 1
349 1
349 1
349 1
349 1
349 1
349 1
349 1
349 1
349 1
349 1
349 1
349 1
349 1
349 1
349 1
349 1
349 1
349 1
349 1
349 1
349 1
357 1
357 1
357 1
357 1
357 1
357 1
357 1
357 1
357 1
357 1
357 1
357 1
357 1
357 1
357 1
357 1
357 1
357 1
357 1
357 1
357 1
357 1
357 1
357 1
357 1
357 1
357 1
357 1
357 1
357 1
357 1
357 1
357 1
357 1
357 1
357 1
357 1
357 1
357 1
357 1
357 1
357 1
357 1
357 1
357 1
361 1
361 1
361 1
361 1
361 1
361 1
361 1
361 1
361 1
361 1
361 1
361 1
361 1
361 1
361 1
361 1
361 1
361 1
361 1
361 1
361 1
361 1
361 1
361 1
361 1
361 1
361 1
361 1
361 1
361 1
361 1
361 1
361 1
361 1
361 1
361 1
361 1
361 1
361 1
361 1
361 1
361 1
361 1
361 1
361 1
367 1
367 1
367 1
367 1
367 1
367 1
367 1
367 1
367 1
367 1
367 1
367 1
367 1
367 1
367 1
367 1
367 1
367 1
367 1
367 1
367 1
367 1
367 1
367 1
367 1
367 1
367 1
367 1
367 1
367 1
367 1
367 1
367 1
367 1
367 1
367 1
367 1
367 1
367 1
367 1
367 1
367 1
367 1
367 1
367 1
372 1
372 1
372 1
372 1
372 1
372 1
372 1
372 1
372 1
372 1
372 1
372 1
372 1
372 1
372 1
372 1
372 1
372 1
372 1
372 1
372 1
372 1
372 1
372 1
372 1
372 1
372 1
372 1
372 1
372 1
372 1
372 1
372 1
372 1
372 1
372 1
372 1
372 1
372 1
372 1
372 1
372 1
372 1
372 1
372 1
380 1
380 1
380 1
380 1
380 1
380 1
380 1
380 1
380 1
380 1
380 1
380 1
380 1
380 1
380 1
380 1
380 1
380 1
380 1
380 1
380 1
380 1
380 1
380 1
380 1
380 1
380 1
380 1
380 1
380 1
380 1
380 1
380 1
380 1
380 1
380 1
380 1
380 1
380 1
380 1
380 1
380 1
380 1
380 1
380 1
395 1
395 1
395 1
395 1
395 1
395 1
395 1
395 1
395 1
395 1
395 1
395 1
395 1
395 1
395 1
395 1
395 1
395 1
395 1
395 1
395 1
395 1
395 1
395 1
395 1
395 1
395 1
395 1
395 1
395 1
395 1
395 1
395 1
395 1
395 1
395 1
395 1
395 1
395 1
395 1
395 1
395 1
395 1
395 1
395 1
421 1
421 1
421 1
421 1
421 1
421 1
421 1
421 1
421 1
421 1
421 1
421 1
421 1
421 1
421 1
421 1
421 1
421 1
421 1
421 1
421 1
421 1
421 1
421 1
421 1
421 1
421 1
421 1
421 1
421 1
421 1
421 1
421 1
421 1
421 1
421 1
421 1
421 1
421 1
421 1
421 1
421 1
421 1
421 1
421 1
459 1
459 1
459 1
459 1
459 1
459 1
459 1
459 1
459 1
459 1
459 1
459 1
459 1
459 1
459 1
459 1
459 1
459 1
459 1
459 1
459 1
459 1
459 1
459 1
459 1
459 1
459 1
459 1
459 1
459 1
459 1
459 1
459 1
459 1
459 1
459 1
459 1
459 1
459 1
459 1
459 1
459 1
459 1
459 1
459 1
472 1
472 1
472 1
472 1
472 1
472 1
472 1
472 1
472 1
472 1
472 1
472 1
472 1
472 1
472 1
472 1
472 1
472 1
472 1
472 1
472 1
472 1
472 1
472 1
472 1
472 1
472 1
472 1
472 1
472 1
472 1
472 1
472 1
472 1
472 1
472 1
472 1
472 1
472 1
472 1
472 1
472 1
472 1
472 1
472 1
484 1
484 1
484 1
484 1
484 1
484 1
484 1
484 1
484 1
484 1
484 1
484 1
484 1
484 1
484 1
484 1
484 1
484 1
484 1
484 1
484 1
484 1
484 1
484 1
484 1
484 1
484 1
484 1
484 1
484 1
484 1
484 1
484 1
484 1
484 1
484 1
484 1
484 1
484 1
484 1
484 1
484 1
484 1
484 1
484 1
494 1
494 1
494 1
494 1
494 1
494 1
494 1
494 1
494 1
494 1
494 1
494 1
494 1
494 1
494 1
494 1
494 1
494 1
494 1
494 1
494 1
494 1
494 1
494 1
494 1
494 1
494 1
494 1
494 1
494 1
494 1
494 1
494 1
494 1
494 1
494 1
494 1
494 1
494 1
494 1
494 1
494 1
494 1
494 1
494 1
508 1
508 1
508 1
508 1
508 1
508 1
508 1
508 1
508 1
508 1
508 1
508 1
508 1
508 1
508 1
508 1
508 1
508 1
508 1
508 1
508 1
508 1
508 1
508 1
508 1
508 1
508 1
508 1
508 1
508 1
508 1
508 1
508 1
508 1
508 1
508 1
508 1
508 1
508 1
508 1
508 1
508 1
508 1
508 1
508 1
511 1
511 1
511 1
511 1
511 1
511 1
511 1
511 1
511 1
511 1
511 1
511 1
511 1
511 1
511 1
511 1
511 1
511 1
511 1
511 1
511 1
511 1
511 1
511 1
511 1
511 1
511 1
511 1
511 1
511 1
511 1
511 1
511 1
511 1
511 1
511 1
511 1
511 1
511 1
511 1
511 1
511 1
511 1
511 1
511 1
526 1
526 1
526 1
526 1
526 1
526 1
526 1
526 1
526 1
526 1
526 1
526 1
526 1
526 1
526 1
526 1
526 1
526 1
526 1
526 1
526 1
526 1
526 1
526 1
526 1
526 1
526 1
526 1
526 1
526 1
526 1
526 1
526 1
526 1
526 1
526 1
526 1
526 1
526 1
526 1
526 1
526 1
526 1
526 1
526 1
538 1
538 1
538 1
538 1
538 1
538 1
538 1
538 1
538 1
538 1
538 1
538 1
538 1
538 1
538 1
538 1
538 1
538 1
538 1
538 1
538 1
538 1
538 1
538 1
538 1
538 1
538 1
538 1
538 1
538 1
538 1
538 1
538 1
538 1
538 1
538 1
538 1
538 1
538 1
538 1
538 1
538 1
538 1
538 1
538 1
550 1
550 1
550 1
550 1
550 1
550 1
550 1
550 1
550 1
550 1
550 1
550 1
550 1
550 1
550 1
550 1
550 1
550 1
550 1
550 1
550 1
550 1
550 1
550 1
550 1
550 1
550 1
550 1
550 1
550 1
550 1
550 1
550 1
550 1
550 1
550 1
550 1
550 1
550 1
550 1
550 1
550 1
550 1
550 1
550 1
567 1
567 1
567 1
567 1
567 1
567 1
567 1
567 1
567 1
567 1
567 1
567 1
567 1
567 1
567 1
567 1
567 1
567 1
567 1
567 1
567 1
567 1
567 1
567 1
567 1
567 1
567 1
567 1
567 1
567 1
567 1
567 1
567 1
567 1
567 1
567 1
567 1
567 1
567 1
567 1
567 1
567 1
567 1
567 1
567 1
570 1
570 1
570 1
570 1
570 1
570 1
570 1
570 1
570 1
570 1
570 1
570 1
570 1
570 1
570 1
570 1
570 1
570 1
570 1
570 1
570 1
570 1
570 1
570 1
570 1
570 1
570 1
570 1
570 1
570 1
570 1
570 1
570 1
570 1
570 1
570 1
570 1
570 1
570 1
570 1
570 1
570 1
570 1
570 1
570 1
587 1
587 1
587 1
587 1
587 1
587 1
587 1
587 1
587 1
587 1
587 1
587 1
587 1
587 1
587 1
587 1
587 1
587 1
587 1
587 1
587 1
587 1
587 1
587 1
587 1
587 1
587 1
587 1
587 1
587 1
587 1
587 1
587 1
587 1
587 1
587 1
587 1
587 1
587 1
587 1
587 1
587 1
587 1
587 1
587 1
585 1
585 1
585 1
585 1
585 1
585 1
585 1
585 1
585 1
585 1
585 1
585 1
585 1
585 1
585 1
585 1
585 1
585 1
585 1
585 1
585 1
585 1
585 1
585 1
585 1
585 1
585 1
585 1
585 1
585 1
585 1
585 1
585 1
585 1
585 1
585 1
585 1
585 1
585 1
585 1
585 1
585 1
585 1
585 1
585 1
10480 1
10480 1
10480 1
10480 1
10480 1
10480 1
10480 1
10480 1
10480 1
10480 1
10480 1
10480 1
10480 1
10480 1
10480 1
10480 1
10480 1
10480 1
10480 1
10480 1
10480 1
10480 1
10480 1
10480 1
10480 1
10480 1
10480 1
10480 1
10480 1
10480 1
10480 1
10480 1
10480 1
10480 1
10480 1
10480 1
10480 1
10480 1
10480 1
10480 1
10480 1
10480 1
10480 1
10480 1
10480 1
605 1
605 1
605 1
605 1
605 1
605 1
605 1
605 1
605 1
605 1
605 1
605 1
605 1
605 1
605 1
605 1
605 1
605 1
605 1
605 1
605 1
605 1
605 1
605 1
605 1
605 1
605 1
605 1
605 1
605 1
605 1
605 1
605 1
605 1
605 1
605 1
605 1
605 1
605 1
605 1
605 1
605 1
605 1
605 1
605 1
606 1
606 1
606 1
606 1
606 1
606 1
606 1
606 1
606 1
606 1
606 1
606 1
606 1
606 1
606 1
606 1
606 1
606 1
606 1
606 1
606 1
606 1
606 1
606 1
606 1
606 1
606 1
606 1
606 1
606 1
606 1
606 1
606 1
606 1
606 1
606 1
606 1
606 1
606 1
606 1
606 1
606 1
606 1
606 1
606 1
607 1
607 1
607 1
607 1
607 1
607 1
607 1
607 1
607 1
607 1
607 1
607 1
607 1
607 1
607 1
607 1
607 1
607 1
607 1
607 1
607 1
607 1
607 1
607 1
607 1
607 1
607 1
607 1
607 1
607 1
607 1
607 1
607 1
607 1
607 1
607 1
607 1
607 1
607 1
607 1
607 1
607 1
607 1
607 1
607 1
622 1
622 1
622 1
622 1
622 1
622 1
622 1
622 1
622 1
622 1
622 1
622 1
622 1
622 1
622 1
622 1
622 1
622 1
622 1
622 1
622 1
622 1
622 1
622 1
622 1
622 1
622 1
622 1
622 1
622 1
622 1
622 1
622 1
622 1
622 1
622 1
622 1
622 1
622 1
622 1
622 1
622 1
622 1
622 1
622 1
614 1
614 1
614 1
614 1
614 1
614 1
614 1
614 1
614 1
614 1
614 1
614 1
614 1
614 1
614 1
614 1
614 1
614 1
614 1
614 1
614 1
614 1
614 1
614 1
614 1
614 1
614 1
614 1
614 1
614 1
614 1
614 1
614 1
614 1
614 1
614 1
614 1
614 1
614 1
614 1
614 1
614 1
614 1
614 1
614 1
621 1
621 1
621 1
621 1
621 1
621 1
621 1
621 1
621 1
621 1
621 1
621 1
621 1
621 1
621 1
621 1
621 1
621 1
621 1
621 1
621 1
621 1
621 1
621 1
621 1
621 1
621 1
621 1
621 1
621 1
621 1
621 1
621 1
621 1
621 1
621 1
621 1
621 1
621 1
621 1
621 1
621 1
621 1
621 1
621 1
620 1
620 1
620 1
620 1
620 1
620 1
620 1
620 1
620 1
620 1
620 1
620 1
620 1
620 1
620 1
620 1
620 1
620 1
620 1
620 1
620 1
620 1
620 1
620 1
620 1
620 1
620 1
620 1
620 1
620 1
620 1
620 1
620 1
620 1
620 1
620 1
620 1
620 1
620 1
620 1
620 1
620 1
620 1
620 1
620 1
616 1
616 1
616 1
616 1
616 1
616 1
616 1
616 1
616 1
616 1
616 1
616 1
616 1
616 1
616 1
616 1
616 1
616 1
616 1
616 1
616 1
616 1
616 1
616 1
616 1
616 1
616 1
616 1
616 1
616 1
616 1
616 1
616 1
616 1
616 1
616 1
616 1
616 1
616 1
616 1
616 1
616 1
616 1
616 1
616 1
10488 1
10488 1
10488 1
10488 1
10488 1
10488 1
10488 1
10488 1
10488 1
10488 1
10488 1
10488 1
10488 1
10488 1
10488 1
10488 1
10488 1
10488 1
10488 1
10488 1
10488 1
10488 1
10488 1
10488 1
10488 1
10488 1
10488 1
10488 1
10488 1
10488 1
10488 1
10488 1
10488 1
10488 1
10488 1
10488 1
10488 1
10488 1
10488 1
10488 1
10488 1
10488 1
10488 1
10488 1
10488 1
10237 1
10237 1
10237 1
10237 1
10237 1
10237 1
10237 1
10237 1
10237 1
10237 1
10237 1
10237 1
10237 1
10237 1
10237 1
10237 1
10237 1
10237 1
10237 1
10237 1
10237 1
10237 1
10237 1
10237 1
10237 1
10237 1
10237 1
10237 1
10237 1
10237 1
10237 1
10237 1
10237 1
10237 1
10237 1
10237 1
10237 1
10237 1
10237 1
10237 1
10237 1
10237 1
10237 1
10237 1
10237 1
640 1
640 1
640 1
640 1
640 1
640 1
640 1
640 1
640 1
640 1
640 1
640 1
640 1
640 1
640 1
640 1
640 1
640 1
640 1
640 1
640 1
640 1
640 1
640 1
640 1
640 1
640 1
640 1
640 1
640 1
640 1
640 1
640 1
640 1
640 1
640 1
640 1
640 1
640 1
640 1
640 1
640 1
640 1
640 1
640 1
647 1
647 1
647 1
647 1
647 1
647 1
647 1
647 1
647 1
647 1
647 1
647 1
647 1
647 1
647 1
647 1
647 1
647 1
647 1
647 1
647 1
647 1
647 1
647 1
647 1
647 1
647 1
647 1
647 1
647 1
647 1
647 1
647 1
647 1
647 1
647 1
647 1
647 1
647 1
647 1
647 1
647 1
647 1
647 1
647 1
661 1
661 1
661 1
661 1
661 1
661 1
661 1
661 1
661 1
661 1
661 1
661 1
661 1
661 1
661 1
661 1
661 1
661 1
661 1
661 1
661 1
661 1
661 1
661 1
661 1
661 1
661 1
661 1
661 1
661 1
661 1
661 1
661 1
661 1
661 1
661 1
661 1
661 1
661 1
661 1
661 1
661 1
661 1
661 1
661 1
650 1
650 1
650 1
650 1
650 1
650 1
650 1
650 1
650 1
650 1
650 1
650 1
650 1
650 1
650 1
650 1
650 1
650 1
650 1
650 1
650 1
650 1
650 1
650 1
650 1
650 1
650 1
650 1
650 1
650 1
650 1
650 1
650 1
650 1
650 1
650 1
650 1
650 1
650 1
650 1
650 1
650 1
650 1
650 1
650 1
660 1
660 1
660 1
660 1
660 1
660 1
660 1
660 1
660 1
660 1
660 1
660 1
660 1
660 1
660 1
660 1
660 1
660 1
660 1
660 1
660 1
660 1
660 1
660 1
660 1
660 1
660 1
660 1
660 1
660 1
660 1
660 1
660 1
660 1
660 1
660 1
660 1
660 1
660 1
660 1
660 1
660 1
660 1
660 1
660 1
658 1
658 1
658 1
658 1
658 1
658 1
658 1
658 1
658 1
658 1
658 1
658 1
658 1
658 1
658 1
658 1
658 1
658 1
658 1
658 1
658 1
658 1
658 1
658 1
658 1
658 1
658 1
658 1
658 1
658 1
658 1
658 1
658 1
658 1
658 1
658 1
658 1
658 1
658 1
658 1
658 1
658 1
658 1
658 1
658 1
657 1
657 1
657 1
657 1
657 1
657 1
657 1
657 1
657 1
657 1
657 1
657 1
657 1
657 1
657 1
657 1
657 1
657 1
657 1
657 1
657 1
657 1
657 1
657 1
657 1
657 1
657 1
657 1
657 1
657 1
657 1
657 1
657 1
657 1
657 1
657 1
657 1
657 1
657 1
657 1
657 1
657 1
657 1
657 1
657 1
684 1
684 1
684 1
684 1
684 1
684 1
684 1
684 1
684 1
684 1
684 1
684 1
684 1
684 1
684 1
684 1
684 1
684 1
684 1
684 1
684 1
684 1
684 1
684 1
684 1
684 1
684 1
684 1
684 1
684 1
684 1
684 1
684 1
684 1
684 1
684 1
684 1
684 1
684 1
684 1
684 1
684 1
684 1
684 1
684 1
687 1
687 1
687 1
687 1
687 1
687 1
687 1
687 1
687 1
687 1
687 1
687 1
687 1
687 1
687 1
687 1
687 1
687 1
687 1
687 1
687 1
687 1
687 1
687 1
687 1
687 1
687 1
687 1
687 1
687 1
687 1
687 1
687 1
687 1
687 1
687 1
687 1
687 1
687 1
687 1
687 1
687 1
687 1
687 1
687 1
694 1
694 1
694 1
694 1
694 1
694 1
694 1
694 1
694 1
694 1
694 1
694 1
694 1
694 1
694 1
694 1
694 1
694 1
694 1
694 1
694 1
694 1
694 1
694 1
694 1
694 1
694 1
694 1
694 1
694 1
694 1
694 1
694 1
694 1
694 1
694 1
694 1
694 1
694 1
694 1
694 1
694 1
694 1
694 1
694 1
701 1
701 1
701 1
701 1
701 1
701 1
701 1
701 1
701 1
701 1
701 1
701 1
701 1
701 1
701 1
701 1
701 1
701 1
701 1
701 1
701 1
701 1
701 1
701 1
701 1
701 1
701 1
701 1
701 1
701 1
701 1
701 1
701 1
701 1
701 1
701 1
701 1
701 1
701 1
701 1
701 1
701 1
701 1
701 1
701 1
721 1
721 1
721 1
721 1
721 1
721 1
721 1
721 1
721 1
721 1
721 1
721 1
721 1
721 1
721 1
721 1
721 1
721 1
721 1
721 1
721 1
721 1
721 1
721 1
721 1
721 1
721 1
721 1
721 1
721 1
721 1
721 1
721 1
721 1
721 1
721 1
721 1
721 1
721 1
721 1
721 1
721 1
721 1
721 1
721 1
724 1
724 1
724 1
724 1
724 1
724 1
724 1
724 1
724 1
724 1
724 1
724 1
724 1
724 1
724 1
724 1
724 1
724 1
724 1
724 1
724 1
724 1
724 1
724 1
724 1
724 1
724 1
724 1
724 1
724 1
724 1
724 1
724 1
724 1
724 1
724 1
724 1
724 1
724 1
724 1
724 1
724 1
724 1
724 1
724 1
732 1
732 1
732 1
732 1
732 1
732 1
732 1
732 1
732 1
732 1
732 1
732 1
732 1
732 1
732 1
732 1
732 1
732 1
732 1
732 1
732 1
732 1
732 1
732 1
732 1
732 1
732 1
732 1
732 1
732 1
732 1
732 1
732 1
732 1
732 1
732 1
732 1
732 1
732 1
732 1
732 1
732 1
732 1
732 1
732 1
756 1
756 1
756 1
756 1
756 1
756 1
756 1
756 1
756 1
756 1
756 1
756 1
756 1
756 1
756 1
756 1
756 1
756 1
756 1
756 1
756 1
756 1
756 1
756 1
756 1
756 1
756 1
756 1
756 1
756 1
756 1
756 1
756 1
756 1
756 1
756 1
756 1
756 1
756 1
756 1
756 1
756 1
756 1
756 1
756 1
758 1
758 1
758 1
758 1
758 1
758 1
758 1
758 1
758 1
758 1
758 1
758 1
758 1
758 1
758 1
758 1
758 1
758 1
758 1
758 1
758 1
758 1
758 1
758 1
758 1
758 1
758 1
758 1
758 1
758 1
758 1
758 1
758 1
758 1
758 1
758 1
758 1
758 1
758 1
758 1
758 1
758 1
758 1
758 1
758 1
773 1
773 1
773 1
773 1
773 1
773 1
773 1
773 1
773 1
773 1
773 1
773 1
773 1
773 1
773 1
773 1
773 1
773 1
773 1
773 1
773 1
773 1
773 1
773 1
773 1
773 1
773 1
773 1
773 1
773 1
773 1
773 1
773 1
773 1
773 1
773 1
773 1
773 1
773 1
773 1
773 1
773 1
773 1
773 1
773 1
772 1
772 1
772 1
772 1
772 1
772 1
772 1
772 1
772 1
772 1
772 1
772 1
772 1
772 1
772 1
772 1
772 1
772 1
772 1
772 1
772 1
772 1
772 1
772 1
772 1
772 1
772 1
772 1
772 1
772 1
772 1
772 1
772 1
772 1
772 1
772 1
772 1
772 1
772 1
772 1
772 1
772 1
772 1
772 1
772 1
802 1
802 1
802 1
802 1
802 1
802 1
802 1
802 1
802 1
802 1
802 1
802 1
802 1
802 1
802 1
802 1
802 1
802 1
802 1
802 1
802 1
802 1
802 1
802 1
802 1
802 1
802 1
802 1
802 1
802 1
802 1
802 1
802 1
802 1
802 1
802 1
802 1
802 1
802 1
802 1
802 1
802 1
802 1
802 1
802 1
812 1
812 1
812 1
812 1
812 1
812 1
812 1
812 1
812 1
812 1
812 1
812 1
812 1
812 1
812 1
812 1
812 1
812 1
812 1
812 1
812 1
812 1
812 1
812 1
812 1
812 1
812 1
812 1
812 1
812 1
812 1
812 1
812 1
812 1
812 1
812 1
812 1
812 1
812 1
812 1
812 1
812 1
812 1
812 1
812 1
811 1
811 1
811 1
811 1
811 1
811 1
811 1
811 1
811 1
811 1
811 1
811 1
811 1
811 1
811 1
811 1
811 1
811 1
811 1
811 1
811 1
811 1
811 1
811 1
811 1
811 1
811 1
811 1
811 1
811 1
811 1
811 1
811 1
811 1
811 1
811 1
811 1
811 1
811 1
811 1
811 1
811 1
811 1
811 1
811 1
840 1
840 1
840 1
840 1
840 1
840 1
840 1
840 1
840 1
840 1
840 1
840 1
840 1
840 1
840 1
840 1
840 1
840 1
840 1
840 1
840 1
840 1
840 1
840 1
840 1
840 1
840 1
840 1
840 1
840 1
840 1
840 1
840 1
840 1
840 1
840 1
840 1
840 1
840 1
840 1
840 1
840 1
840 1
840 1
840 1
852 1
852 1
852 1
852 1
852 1
852 1
852 1
852 1
852 1
852 1
852 1
852 1
852 1
852 1
852 1
852 1
852 1
852 1
852 1
852 1
852 1
852 1
852 1
852 1
852 1
852 1
852 1
852 1
852 1
852 1
852 1
852 1
852 1
852 1
852 1
852 1
852 1
852 1
852 1
852 1
852 1
852 1
852 1
852 1
852 1
851 1
851 1
851 1
851 1
851 1
851 1
851 1
851 1
851 1
851 1
851 1
851 1
851 1
851 1
851 1
851 1
851 1
851 1
851 1
851 1
851 1
851 1
851 1
851 1
851 1
851 1
851 1
851 1
851 1
851 1
851 1
851 1
851 1
851 1
851 1
851 1
851 1
851 1
851 1
851 1
851 1
851 1
851 1
851 1
851 1
878 1
878 1
878 1
878 1
878 1
878 1
878 1
878 1
878 1
878 1
878 1
878 1
878 1
878 1
878 1
878 1
878 1
878 1
878 1
878 1
878 1
878 1
878 1
878 1
878 1
878 1
878 1
878 1
878 1
878 1
878 1
878 1
878 1
878 1
878 1
878 1
878 1
878 1
878 1
878 1
878 1
878 1
878 1
878 1
878 1
881 1
881 1
881 1
881 1
881 1
881 1
881 1
881 1
881 1
881 1
881 1
881 1
881 1
881 1
881 1
881 1
881 1
881 1
881 1
881 1
881 1
881 1
881 1
881 1
881 1
881 1
881 1
881 1
881 1
881 1
881 1
881 1
881 1
881 1
881 1
881 1
881 1
881 1
881 1
881 1
881 1
881 1
881 1
881 1
881 1
882 1
882 1
882 1
882 1
882 1
882 1
882 1
882 1
882 1
882 1
882 1
882 1
882 1
882 1
882 1
882 1
882 1
882 1
882 1
882 1
882 1
882 1
882 1
882 1
882 1
882 1
882 1
882 1
882 1
882 1
882 1
882 1
882 1
882 1
882 1
882 1
882 1
882 1
882 1
882 1
882 1
882 1
882 1
882 1
882 1
890 1
890 1
890 1
890 1
890 1
890 1
890 1
890 1
890 1
890 1
890 1
890 1
890 1
890 1
890 1
890 1
890 1
890 1
890 1
890 1
890 1
890 1
890 1
890 1
890 1
890 1
890 1
890 1
890 1
890 1
890 1
890 1
890 1
890 1
890 1
890 1
890 1
890 1
890 1
890 1
890 1
890 1
890 1
890 1
890 1
927 1
927 1
927 1
927 1
927 1
927 1
927 1
927 1
927 1
927 1
927 1
927 1
927 1
927 1
927 1
927 1
927 1
927 1
927 1
927 1
927 1
927 1
927 1
927 1
927 1
927 1
927 1
927 1
927 1
927 1
927 1
927 1
927 1
927 1
927 1
927 1
927 1
927 1
927 1
927 1
927 1
927 1
927 1
927 1
927 1
935 1
935 1
935 1
935 1
935 1
935 1
935 1
935 1
935 1
935 1
935 1
935 1
935 1
935 1
935 1
935 1
935 1
935 1
935 1
935 1
935 1
935 1
935 1
935 1
935 1
935 1
935 1
935 1
935 1
935 1
935 1
935 1
935 1
935 1
935 1
935 1
935 1
935 1
935 1
935 1
935 1
935 1
935 1
935 1
935 1
938 1
938 1
938 1
938 1
938 1
938 1
938 1
938 1
938 1
938 1
938 1
938 1
938 1
938 1
938 1
938 1
938 1
938 1
938 1
938 1
938 1
938 1
938 1
938 1
938 1
938 1
938 1
938 1
938 1
938 1
938 1
938 1
938 1
938 1
938 1
938 1
938 1
938 1
938 1
938 1
938 1
938 1
938 1
938 1
938 1
987 1
987 1
987 1
987 1
987 1
987 1
987 1
987 1
987 1
987 1
987 1
987 1
987 1
987 1
987 1
987 1
987 1
987 1
987 1
987 1
987 1
987 1
987 1
987 1
987 1
987 1
987 1
987 1
987 1
987 1
987 1
987 1
987 1
987 1
987 1
987 1
987 1
987 1
987 1
987 1
987 1
987 1
987 1
987 1
987 1
988 1
988 1
988 1
988 1
988 1
988 1
988 1
988 1
988 1
988 1
988 1
988 1
988 1
988 1
988 1
988 1
988 1
988 1
988 1
988 1
988 1
988 1
988 1
988 1
988 1
988 1
988 1
988 1
988 1
988 1
988 1
988 1
988 1
988 1
988 1
988 1
988 1
988 1
988 1
988 1
988 1
988 1
988 1
988 1
988 1
989 1
989 1
989 1
989 1
989 1
989 1
989 1
989 1
989 1
989 1
989 1
989 1
989 1
989 1
989 1
989 1
989 1
989 1
989 1
989 1
989 1
989 1
989 1
989 1
989 1
989 1
989 1
989 1
989 1
989 1
989 1
989 1
989 1
989 1
989 1
989 1
989 1
989 1
989 1
989 1
989 1
989 1
989 1
989 1
989 1
992 1
992 1
992 1
992 1
992 1
992 1
992 1
992 1
992 1
992 1
992 1
992 1
992 1
992 1
992 1
992 1
992 1
992 1
992 1
992 1
992 1
992 1
992 1
992 1
992 1
992 1
992 1
992 1
992 1
992 1
992 1
992 1
992 1
992 1
992 1
992 1
992 1
992 1
992 1
992 1
992 1
992 1
992 1
992 1
992 1
993 1
993 1
993 1
993 1
993 1
993 1
993 1
993 1
993 1
993 1
993 1
993 1
993 1
993 1
993 1
993 1
993 1
993 1
993 1
993 1
993 1
993 1
993 1
993 1
993 1
993 1
993 1
993 1
993 1
993 1
993 1
993 1
993 1
993 1
993 1
993 1
993 1
993 1
993 1
993 1
993 1
993 1
993 1
993 1
993 1
1030 1
1030 1
1030 1
1030 1
1030 1
1030 1
1030 1
1030 1
1030 1
1030 1
1030 1
1030 1
1030 1
1030 1
1030 1
1030 1
1030 1
1030 1
1030 1
1030 1
1030 1
1030 1
1030 1
1030 1
1030 1
1030 1
1030 1
1030 1
1030 1
1030 1
1030 1
1030 1
1030 1
1030 1
1030 1
1030 1
1030 1
1030 1
1030 1
1030 1
1030 1
1030 1
1030 1
1030 1
1030 1
1041 1
1041 1
1041 1
1041 1
1041 1
1041 1
1041 1
1041 1
1041 1
1041 1
1041 1
1041 1
1041 1
1041 1
1041 1
1041 1
1041 1
1041 1
1041 1
1041 1
1041 1
1041 1
1041 1
1041 1
1041 1
1041 1
1041 1
1041 1
1041 1
1041 1
1041 1
1041 1
1041 1
1041 1
1041 1
1041 1
1041 1
1041 1
1041 1
1041 1
1041 1
1041 1
1041 1
1041 1
1041 1
1044 1
1044 1
1044 1
1044 1
1044 1
1044 1
1044 1
1044 1
1044 1
1044 1
1044 1
1044 1
1044 1
1044 1
1044 1
1044 1
1044 1
1044 1
1044 1
1044 1
1044 1
1044 1
1044 1
1044 1
1044 1
1044 1
1044 1
1044 1
1044 1
1044 1
1044 1
1044 1
1044 1
1044 1
1044 1
1044 1
1044 1
1044 1
1044 1
1044 1
1044 1
1044 1
1044 1
1044 1
1044 1
1047 1
1047 1
1047 1
1047 1
1047 1
1047 1
1047 1
1047 1
1047 1
1047 1
1047 1
1047 1
1047 1
1047 1
1047 1
1047 1
1047 1
1047 1
1047 1
1047 1
1047 1
1047 1
1047 1
1047 1
1047 1
1047 1
1047 1
1047 1
1047 1
1047 1
1047 1
1047 1
1047 1
1047 1
1047 1
1047 1
1047 1
1047 1
1047 1
1047 1
1047 1
1047 1
1047 1
1047 1
1047 1
1048 1
1048 1
1048 1
1048 1
1048 1
1048 1
1048 1
1048 1
1048 1
1048 1
1048 1
1048 1
1048 1
1048 1
1048 1
1048 1
1048 1
1048 1
1048 1
1048 1
1048 1
1048 1
1048 1
1048 1
1048 1
1048 1
1048 1
1048 1
1048 1
1048 1
1048 1
1048 1
1048 1
1048 1
1048 1
1048 1
1048 1
1048 1
1048 1
1048 1
1048 1
1048 1
1048 1
1048 1
1048 1
1096 1
1096 1
1096 1
1096 1
1096 1
1096 1
1096 1
1096 1
1096 1
1096 1
1096 1
1096 1
1096 1
1096 1
1096 1
1096 1
1096 1
1096 1
1096 1
1096 1
1096 1
1096 1
1096 1
1096 1
1096 1
1096 1
1096 1
1096 1
1096 1
1096 1
1096 1
1096 1
1096 1
1096 1
1096 1
1096 1
1096 1
1096 1
1096 1
1096 1
1096 1
1096 1
1096 1
1096 1
1096 1
1102 1
1102 1
1102 1
1102 1
1102 1
1102 1
1102 1
1102 1
1102 1
1102 1
1102 1
1102 1
1102 1
1102 1
1102 1
1102 1
1102 1
1102 1
1102 1
1102 1
1102 1
1102 1
1102 1
1102 1
1102 1
1102 1
1102 1
1102 1
1102 1
1102 1
1102 1
1102 1
1102 1
1102 1
1102 1
1102 1
1102 1
1102 1
1102 1
1102 1
1102 1
1102 1
1102 1
1102 1
1102 1
1158 1
1158 1
1158 1
1158 1
1158 1
1158 1
1158 1
1158 1
1158 1
1158 1
1158 1
1158 1
1158 1
1158 1
1158 1
1158 1
1158 1
1158 1
1158 1
1158 1
1158 1
1158 1
1158 1
1158 1
1158 1
1158 1
1158 1
1158 1
1158 1
1158 1
1158 1
1158 1
1158 1
1158 1
1158 1
1158 1
1158 1
1158 1
1158 1
1158 1
1158 1
1158 1
1158 1
1158 1
1158 1
