pt_graph scale
10789 0
10789 34.0362162929435
10789 34.0362162929435
10789 34.0362162929435
10789 34.0362162929435
10789 0
10789 6.4309251293714
10789 6.4309251293714
10789 3.14591338515284
10789 3.14591338515284
10789 3.14591338515284
10789 0
10789 12.8880589856674
10789 22.8113434003181
10789 22.8113434003181
10789 22.8113434003181
10789 17.9590688550344
10789 2.31864315330558
10789 9.34148936315429
10789 11.5374054450242
10789 0
10789 18.957652604916
10789 0
10789 0
10789 12.4941918999408
10789 12.4941918999408
10789 0
10789 37.1640226605836
10789 37.1640226605836
10789 37.1640226605836
10789 49.5568545054258
10789 0
10789 88.5544593915212
10789 3000.06381843298
10789 1.09998227569123
10789 1.09998227569123
10789 22.3162201365642
10789 22.3162201365642
10789 2.14289644611732
10789 2.14289644611732
10789 2.14289644611732
10789 3.77501318058474
10789 3.77501318058474
10789 3.77501318058474
10789 6.3269620780021
3 0
3 34.0362162929435
3 34.0362162929435
3 34.0362162929435
3 34.0362162929435
3 0
3 6.4309251293714
3 6.4309251293714
3 3.14591338515284
3 3.14591338515284
3 3.14591338515284
3 0
3 12.8880589856674
3 22.8113434003181
3 22.8113434003181
3 22.8113434003181
3 17.9590688550344
3 2.31864315330558
3 9.34148936315429
3 11.5374054450242
3 0
3 18.957652604916
3 0
3 0
3 12.4941918999408
3 12.4941918999408
3 0
3 37.1640226605836
3 37.1640226605836
3 37.1640226605836
3 49.5568545054258
3 0
3 88.5544593915212
3 3000.06381843298
3 1.09998227569123
3 1.09998227569123
3 22.3162201365642
3 22.3162201365642
3 2.14289644611732
3 2.14289644611732
3 2.14289644611732
3 3.77501318058474
3 3.77501318058474
3 3.77501318058474
3 6.3269620780021
4 0
4 34.0362162929435
4 34.0362162929435
4 34.0362162929435
4 34.0362162929435
4 0
4 6.4309251293714
4 6.4309251293714
4 3.14591338515284
4 3.14591338515284
4 3.14591338515284
4 0
4 12.8880589856674
4 22.8113434003181
4 22.8113434003181
4 22.8113434003181
4 17.9590688550344
4 2.31864315330558
4 9.34148936315429
4 11.5374054450242
4 0
4 18.957652604916
4 0
4 0
4 12.4941918999408
4 12.4941918999408
4 0
4 37.1640226605836
4 37.1640226605836
4 37.1640226605836
4 49.5568545054258
4 0
4 88.5544593915212
4 3000.06381843298
4 1.09998227569123
4 1.09998227569123
4 22.3162201365642
4 22.3162201365642
4 2.14289644611732
4 2.14289644611732
4 2.14289644611732
4 3.77501318058474
4 3.77501318058474
4 3.77501318058474
4 6.3269620780021
6 0
6 34.0362162929435
6 34.0362162929435
6 34.0362162929435
6 34.0362162929435
6 0
6 6.4309251293714
6 6.4309251293714
6 3.14591338515284
6 3.14591338515284
6 3.14591338515284
6 0
6 12.8880589856674
6 22.8113434003181
6 22.8113434003181
6 22.8113434003181
6 17.9590688550344
6 2.31864315330558
6 9.34148936315429
6 11.5374054450242
6 0
6 18.957652604916
6 0
6 0
6 12.4941918999408
6 12.4941918999408
6 0
6 37.1640226605836
6 37.1640226605836
6 37.1640226605836
6 49.5568545054258
6 0
6 88.5544593915212
6 3000.06381843298
6 1.09998227569123
6 1.09998227569123
6 22.3162201365642
6 22.3162201365642
6 2.14289644611732
6 2.14289644611732
6 2.14289644611732
6 3.77501318058474
6 3.77501318058474
6 3.77501318058474
6 6.3269620780021
12 0
12 34.0362162929435
12 34.0362162929435
12 34.0362162929435
12 34.0362162929435
12 0
12 6.4309251293714
12 6.4309251293714
12 3.14591338515284
12 3.14591338515284
12 3.14591338515284
12 0
12 12.8880589856674
12 22.8113434003181
12 22.8113434003181
12 22.8113434003181
12 17.9590688550344
12 2.31864315330558
12 9.34148936315429
12 11.5374054450242
12 0
12 18.957652604916
12 0
12 0
12 12.4941918999408
12 12.4941918999408
12 0
12 37.1640226605836
12 37.1640226605836
12 37.1640226605836
12 49.5568545054258
12 0
12 88.5544593915212
12 3000.06381843298
12 1.09998227569123
12 1.09998227569123
12 22.3162201365642
12 22.3162201365642
12 2.14289644611732
12 2.14289644611732
12 2.14289644611732
12 3.77501318058474
12 3.77501318058474
12 3.77501318058474
12 6.3269620780021
15 0
15 34.0362162929435
15 34.0362162929435
15 34.0362162929435
15 34.0362162929435
15 0
15 6.4309251293714
15 6.4309251293714
15 3.14591338515284
15 3.14591338515284
15 3.14591338515284
15 0
15 12.8880589856674
15 22.8113434003181
15 22.8113434003181
15 22.8113434003181
15 17.9590688550344
15 2.31864315330558
15 9.34148936315429
15 11.5374054450242
15 0
15 18.957652604916
15 0
15 0
15 12.4941918999408
15 12.4941918999408
15 0
15 37.1640226605836
15 37.1640226605836
15 37.1640226605836
15 49.5568545054258
15 0
15 88.5544593915212
15 3000.06381843298
15 1.09998227569123
15 1.09998227569123
15 22.3162201365642
15 22.3162201365642
15 2.14289644611732
15 2.14289644611732
15 2.14289644611732
15 3.77501318058474
15 3.77501318058474
15 3.77501318058474
15 6.3269620780021
17 0
17 34.0362162929435
17 34.0362162929435
17 34.0362162929435
17 34.0362162929435
17 0
17 6.4309251293714
17 6.4309251293714
17 3.14591338515284
17 3.14591338515284
17 3.14591338515284
17 0
17 12.8880589856674
17 22.8113434003181
17 22.8113434003181
17 22.8113434003181
17 17.9590688550344
17 2.31864315330558
17 9.34148936315429
17 11.5374054450242
17 0
17 18.957652604916
17 0
17 0
17 12.4941918999408
17 12.4941918999408
17 0
17 37.1640226605836
17 37.1640226605836
17 37.1640226605836
17 49.5568545054258
17 0
17 88.5544593915212
17 3000.06381843298
17 1.09998227569123
17 1.09998227569123
17 22.3162201365642
17 22.3162201365642
17 2.14289644611732
17 2.14289644611732
17 2.14289644611732
17 3.77501318058474
17 3.77501318058474
17 3.77501318058474
17 6.3269620780021
19 0
19 34.0362162929435
19 34.0362162929435
19 34.0362162929435
19 34.0362162929435
19 0
19 6.4309251293714
19 6.4309251293714
19 3.14591338515284
19 3.14591338515284
19 3.14591338515284
19 0
19 12.8880589856674
19 22.8113434003181
19 22.8113434003181
19 22.8113434003181
19 17.9590688550344
19 2.31864315330558
19 9.34148936315429
19 11.5374054450242
19 0
19 18.957652604916
19 0
19 0
19 12.4941918999408
19 12.4941918999408
19 0
19 37.1640226605836
19 37.1640226605836
19 37.1640226605836
19 49.5568545054258
19 0
19 88.5544593915212
19 3000.06381843298
19 1.09998227569123
19 1.09998227569123
19 22.3162201365642
19 22.3162201365642
19 2.14289644611732
19 2.14289644611732
19 2.14289644611732
19 3.77501318058474
19 3.77501318058474
19 3.77501318058474
19 6.3269620780021
42 0
42 34.0362162929435
42 34.0362162929435
42 34.0362162929435
42 34.0362162929435
42 0
42 6.4309251293714
42 6.4309251293714
42 3.14591338515284
42 3.14591338515284
42 3.14591338515284
42 0
42 12.8880589856674
42 22.8113434003181
42 22.8113434003181
42 22.8113434003181
42 17.9590688550344
42 2.31864315330558
42 9.34148936315429
42 11.5374054450242
42 0
42 18.957652604916
42 0
42 0
42 12.4941918999408
42 12.4941918999408
42 0
42 37.1640226605836
42 37.1640226605836
42 37.1640226605836
42 49.5568545054258
42 0
42 88.5544593915212
42 3000.06381843298
42 1.09998227569123
42 1.09998227569123
42 22.3162201365642
42 22.3162201365642
42 2.14289644611732
42 2.14289644611732
42 2.14289644611732
42 3.77501318058474
42 3.77501318058474
42 3.77501318058474
42 6.3269620780021
45 0
45 34.0362162929435
45 34.0362162929435
45 34.0362162929435
45 34.0362162929435
45 0
45 6.4309251293714
45 6.4309251293714
45 3.14591338515284
45 3.14591338515284
45 3.14591338515284
45 0
45 12.8880589856674
45 22.8113434003181
45 22.8113434003181
45 22.8113434003181
45 17.9590688550344
45 2.31864315330558
45 9.34148936315429
45 11.5374054450242
45 0
45 18.957652604916
45 0
45 0
45 12.4941918999408
45 12.4941918999408
45 0
45 37.1640226605836
45 37.1640226605836
45 37.1640226605836
45 49.5568545054258
45 0
45 88.5544593915212
45 3000.06381843298
45 1.09998227569123
45 1.09998227569123
45 22.3162201365642
45 22.3162201365642
45 2.14289644611732
45 2.14289644611732
45 2.14289644611732
45 3.77501318058474
45 3.77501318058474
45 3.77501318058474
45 6.3269620780021
55 0
55 34.0362162929435
55 34.0362162929435
55 34.0362162929435
55 34.0362162929435
55 0
55 6.4309251293714
55 6.4309251293714
55 3.14591338515284
55 3.14591338515284
55 3.14591338515284
55 0
55 12.8880589856674
55 22.8113434003181
55 22.8113434003181
55 22.8113434003181
55 17.9590688550344
55 2.31864315330558
55 9.34148936315429
55 11.5374054450242
55 0
55 18.957652604916
55 0
55 0
55 12.4941918999408
55 12.4941918999408
55 0
55 37.1640226605836
55 37.1640226605836
55 37.1640226605836
55 49.5568545054258
55 0
55 88.5544593915212
55 3000.06381843298
55 1.09998227569123
55 1.09998227569123
55 22.3162201365642
55 22.3162201365642
55 2.14289644611732
55 2.14289644611732
55 2.14289644611732
55 3.77501318058474
55 3.77501318058474
55 3.77501318058474
55 6.3269620780021
56 0
56 34.0362162929435
56 34.0362162929435
56 34.0362162929435
56 34.0362162929435
56 0
56 6.4309251293714
56 6.4309251293714
56 3.14591338515284
56 3.14591338515284
56 3.14591338515284
56 0
56 12.8880589856674
56 22.8113434003181
56 22.8113434003181
56 22.8113434003181
56 17.9590688550344
56 2.31864315330558
56 9.34148936315429
56 11.5374054450242
56 0
56 18.957652604916
56 0
56 0
56 12.4941918999408
56 12.4941918999408
56 0
56 37.1640226605836
56 37.1640226605836
56 37.1640226605836
56 49.5568545054258
56 0
56 88.5544593915212
56 3000.06381843298
56 1.09998227569123
56 1.09998227569123
56 22.3162201365642
56 22.3162201365642
56 2.14289644611732
56 2.14289644611732
56 2.14289644611732
56 3.77501318058474
56 3.77501318058474
56 3.77501318058474
56 6.3269620780021
63 0
63 34.0362162929435
63 34.0362162929435
63 34.0362162929435
63 34.0362162929435
63 0
63 6.4309251293714
63 6.4309251293714
63 3.14591338515284
63 3.14591338515284
63 3.14591338515284
63 0
63 12.8880589856674
63 22.8113434003181
63 22.8113434003181
63 22.8113434003181
63 17.9590688550344
63 2.31864315330558
63 9.34148936315429
63 11.5374054450242
63 0
63 18.957652604916
63 0
63 0
63 12.4941918999408
63 12.4941918999408
63 0
63 37.1640226605836
63 37.1640226605836
63 37.1640226605836
63 49.5568545054258
63 0
63 88.5544593915212
63 3000.06381843298
63 1.09998227569123
63 1.09998227569123
63 22.3162201365642
63 22.3162201365642
63 2.14289644611732
63 2.14289644611732
63 2.14289644611732
63 3.77501318058474
63 3.77501318058474
63 3.77501318058474
63 6.3269620780021
64 0
64 34.0362162929435
64 34.0362162929435
64 34.0362162929435
64 34.0362162929435
64 0
64 6.4309251293714
64 6.4309251293714
64 3.14591338515284
64 3.14591338515284
64 3.14591338515284
64 0
64 12.8880589856674
64 22.8113434003181
64 22.8113434003181
64 22.8113434003181
64 17.9590688550344
64 2.31864315330558
64 9.34148936315429
64 11.5374054450242
64 0
64 18.957652604916
64 0
64 0
64 12.4941918999408
64 12.4941918999408
64 0
64 37.1640226605836
64 37.1640226605836
64 37.1640226605836
64 49.5568545054258
64 0
64 88.5544593915212
64 3000.06381843298
64 1.09998227569123
64 1.09998227569123
64 22.3162201365642
64 22.3162201365642
64 2.14289644611732
64 2.14289644611732
64 2.14289644611732
64 3.77501318058474
64 3.77501318058474
64 3.77501318058474
64 6.3269620780021
74 0
74 34.0362162929435
74 34.0362162929435
74 34.0362162929435
74 34.0362162929435
74 0
74 6.4309251293714
74 6.4309251293714
74 3.14591338515284
74 3.14591338515284
74 3.14591338515284
74 0
74 12.8880589856674
74 22.8113434003181
74 22.8113434003181
74 22.8113434003181
74 17.9590688550344
74 2.31864315330558
74 9.34148936315429
74 11.5374054450242
74 0
74 18.957652604916
74 0
74 0
74 12.4941918999408
74 12.4941918999408
74 0
74 37.1640226605836
74 37.1640226605836
74 37.1640226605836
74 49.5568545054258
74 0
74 88.5544593915212
74 3000.06381843298
74 1.09998227569123
74 1.09998227569123
74 22.3162201365642
74 22.3162201365642
74 2.14289644611732
74 2.14289644611732
74 2.14289644611732
74 3.77501318058474
74 3.77501318058474
74 3.77501318058474
74 6.3269620780021
76 0
76 34.0362162929435
76 34.0362162929435
76 34.0362162929435
76 34.0362162929435
76 0
76 6.4309251293714
76 6.4309251293714
76 3.14591338515284
76 3.14591338515284
76 3.14591338515284
76 0
76 12.8880589856674
76 22.8113434003181
76 22.8113434003181
76 22.8113434003181
76 17.9590688550344
76 2.31864315330558
76 9.34148936315429
76 11.5374054450242
76 0
76 18.957652604916
76 0
76 0
76 12.4941918999408
76 12.4941918999408
76 0
76 37.1640226605836
76 37.1640226605836
76 37.1640226605836
76 49.5568545054258
76 0
76 88.5544593915212
76 3000.06381843298
76 1.09998227569123
76 1.09998227569123
76 22.3162201365642
76 22.3162201365642
76 2.14289644611732
76 2.14289644611732
76 2.14289644611732
76 3.77501318058474
76 3.77501318058474
76 3.77501318058474
76 6.3269620780021
77 0
77 34.0362162929435
77 34.0362162929435
77 34.0362162929435
77 34.0362162929435
77 0
77 6.4309251293714
77 6.4309251293714
77 3.14591338515284
77 3.14591338515284
77 3.14591338515284
77 0
77 12.8880589856674
77 22.8113434003181
77 22.8113434003181
77 22.8113434003181
77 17.9590688550344
77 2.31864315330558
77 9.34148936315429
77 11.5374054450242
77 0
77 18.957652604916
77 0
77 0
77 12.4941918999408
77 12.4941918999408
77 0
77 37.1640226605836
77 37.1640226605836
77 37.1640226605836
77 49.5568545054258
77 0
77 88.5544593915212
77 3000.06381843298
77 1.09998227569123
77 1.09998227569123
77 22.3162201365642
77 22.3162201365642
77 2.14289644611732
77 2.14289644611732
77 2.14289644611732
77 3.77501318058474
77 3.77501318058474
77 3.77501318058474
77 6.3269620780021
98 0
98 34.0362162929435
98 34.0362162929435
98 34.0362162929435
98 34.0362162929435
98 0
98 6.4309251293714
98 6.4309251293714
98 3.14591338515284
98 3.14591338515284
98 3.14591338515284
98 0
98 12.8880589856674
98 22.8113434003181
98 22.8113434003181
98 22.8113434003181
98 17.9590688550344
98 2.31864315330558
98 9.34148936315429
98 11.5374054450242
98 0
98 18.957652604916
98 0
98 0
98 12.4941918999408
98 12.4941918999408
98 0
98 37.1640226605836
98 37.1640226605836
98 37.1640226605836
98 49.5568545054258
98 0
98 88.5544593915212
98 3000.06381843298
98 1.09998227569123
98 1.09998227569123
98 22.3162201365642
98 22.3162201365642
98 2.14289644611732
98 2.14289644611732
98 2.14289644611732
98 3.77501318058474
98 3.77501318058474
98 3.77501318058474
98 6.3269620780021
100 0
100 34.0362162929435
100 34.0362162929435
100 34.0362162929435
100 34.0362162929435
100 0
100 6.4309251293714
100 6.4309251293714
100 3.14591338515284
100 3.14591338515284
100 3.14591338515284
100 0
100 12.8880589856674
100 22.8113434003181
100 22.8113434003181
100 22.8113434003181
100 17.9590688550344
100 2.31864315330558
100 9.34148936315429
100 11.5374054450242
100 0
100 18.957652604916
100 0
100 0
100 12.4941918999408
100 12.4941918999408
100 0
100 37.1640226605836
100 37.1640226605836
100 37.1640226605836
100 49.5568545054258
100 0
100 88.5544593915212
100 3000.06381843298
100 1.09998227569123
100 1.09998227569123
100 22.3162201365642
100 22.3162201365642
100 2.14289644611732
100 2.14289644611732
100 2.14289644611732
100 3.77501318058474
100 3.77501318058474
100 3.77501318058474
100 6.3269620780021
130 0
130 34.0362162929435
130 34.0362162929435
130 34.0362162929435
130 34.0362162929435
130 0
130 6.4309251293714
130 6.4309251293714
130 3.14591338515284
130 3.14591338515284
130 3.14591338515284
130 0
130 12.8880589856674
130 22.8113434003181
130 22.8113434003181
130 22.8113434003181
130 17.9590688550344
130 2.31864315330558
130 9.34148936315429
130 11.5374054450242
130 0
130 18.957652604916
130 0
130 0
130 12.4941918999408
130 12.4941918999408
130 0
130 37.1640226605836
130 37.1640226605836
130 37.1640226605836
130 49.5568545054258
130 0
130 88.5544593915212
130 3000.06381843298
130 1.09998227569123
130 1.09998227569123
130 22.3162201365642
130 22.3162201365642
130 2.14289644611732
130 2.14289644611732
130 2.14289644611732
130 3.77501318058474
130 3.77501318058474
130 3.77501318058474
130 6.3269620780021
152 0
152 34.0362162929435
152 34.0362162929435
152 34.0362162929435
152 34.0362162929435
152 0
152 6.4309251293714
152 6.4309251293714
152 3.14591338515284
152 3.14591338515284
152 3.14591338515284
152 0
152 12.8880589856674
152 22.8113434003181
152 22.8113434003181
152 22.8113434003181
152 17.9590688550344
152 2.31864315330558
152 9.34148936315429
152 11.5374054450242
152 0
152 18.957652604916
152 0
152 0
152 12.4941918999408
152 12.4941918999408
152 0
152 37.1640226605836
152 37.1640226605836
152 37.1640226605836
152 49.5568545054258
152 0
152 88.5544593915212
152 3000.06381843298
152 1.09998227569123
152 1.09998227569123
152 22.3162201365642
152 22.3162201365642
152 2.14289644611732
152 2.14289644611732
152 2.14289644611732
152 3.77501318058474
152 3.77501318058474
152 3.77501318058474
152 6.3269620780021
173 0
173 34.0362162929435
173 34.0362162929435
173 34.0362162929435
173 34.0362162929435
173 0
173 6.4309251293714
173 6.4309251293714
173 3.14591338515284
173 3.14591338515284
173 3.14591338515284
173 0
173 12.8880589856674
173 22.8113434003181
173 22.8113434003181
173 22.8113434003181
173 17.9590688550344
173 2.31864315330558
173 9.34148936315429
173 11.5374054450242
173 0
173 18.957652604916
173 0
173 0
173 12.4941918999408
173 12.4941918999408
173 0
173 37.1640226605836
173 37.1640226605836
173 37.1640226605836
173 49.5568545054258
173 0
173 88.5544593915212
173 3000.06381843298
173 1.09998227569123
173 1.09998227569123
173 22.3162201365642
173 22.3162201365642
173 2.14289644611732
173 2.14289644611732
173 2.14289644611732
173 3.77501318058474
173 3.77501318058474
173 3.77501318058474
173 6.3269620780021
214 0
214 34.0362162929435
214 34.0362162929435
214 34.0362162929435
214 34.0362162929435
214 0
214 6.4309251293714
214 6.4309251293714
214 3.14591338515284
214 3.14591338515284
214 3.14591338515284
214 0
214 12.8880589856674
214 22.8113434003181
214 22.8113434003181
214 22.8113434003181
214 17.9590688550344
214 2.31864315330558
214 9.34148936315429
214 11.5374054450242
214 0
214 18.957652604916
214 0
214 0
214 12.4941918999408
214 12.4941918999408
214 0
214 37.1640226605836
214 37.1640226605836
214 37.1640226605836
214 49.5568545054258
214 0
214 88.5544593915212
214 3000.06381843298
214 1.09998227569123
214 1.09998227569123
214 22.3162201365642
214 22.3162201365642
214 2.14289644611732
214 2.14289644611732
214 2.14289644611732
214 3.77501318058474
214 3.77501318058474
214 3.77501318058474
214 6.3269620780021
224 0
224 34.0362162929435
224 34.0362162929435
224 34.0362162929435
224 34.0362162929435
224 0
224 6.4309251293714
224 6.4309251293714
224 3.14591338515284
224 3.14591338515284
224 3.14591338515284
224 0
224 12.8880589856674
224 22.8113434003181
224 22.8113434003181
224 22.8113434003181
224 17.9590688550344
224 2.31864315330558
224 9.34148936315429
224 11.5374054450242
224 0
224 18.957652604916
224 0
224 0
224 12.4941918999408
224 12.4941918999408
224 0
224 37.1640226605836
224 37.1640226605836
224 37.1640226605836
224 49.5568545054258
224 0
224 88.5544593915212
224 3000.06381843298
224 1.09998227569123
224 1.09998227569123
224 22.3162201365642
224 22.3162201365642
224 2.14289644611732
224 2.14289644611732
224 2.14289644611732
224 3.77501318058474
224 3.77501318058474
224 3.77501318058474
224 6.3269620780021
288 0
288 34.0362162929435
288 34.0362162929435
288 34.0362162929435
288 34.0362162929435
288 0
288 6.4309251293714
288 6.4309251293714
288 3.14591338515284
288 3.14591338515284
288 3.14591338515284
288 0
288 12.8880589856674
288 22.8113434003181
288 22.8113434003181
288 22.8113434003181
288 17.9590688550344
288 2.31864315330558
288 9.34148936315429
288 11.5374054450242
288 0
288 18.957652604916
288 0
288 0
288 12.4941918999408
288 12.4941918999408
288 0
288 37.1640226605836
288 37.1640226605836
288 37.1640226605836
288 49.5568545054258
288 0
288 88.5544593915212
288 3000.06381843298
288 1.09998227569123
288 1.09998227569123
288 22.3162201365642
288 22.3162201365642
288 2.14289644611732
288 2.14289644611732
288 2.14289644611732
288 3.77501318058474
288 3.77501318058474
288 3.77501318058474
288 6.3269620780021
313 0
313 34.0362162929435
313 34.0362162929435
313 34.0362162929435
313 34.0362162929435
313 0
313 6.4309251293714
313 6.4309251293714
313 3.14591338515284
313 3.14591338515284
313 3.14591338515284
313 0
313 12.8880589856674
313 22.8113434003181
313 22.8113434003181
313 22.8113434003181
313 17.9590688550344
313 2.31864315330558
313 9.34148936315429
313 11.5374054450242
313 0
313 18.957652604916
313 0
313 0
313 12.4941918999408
313 12.4941918999408
313 0
313 37.1640226605836
313 37.1640226605836
313 37.1640226605836
313 49.5568545054258
313 0
313 88.5544593915212
313 3000.06381843298
313 1.09998227569123
313 1.09998227569123
313 22.3162201365642
313 22.3162201365642
313 2.14289644611732
313 2.14289644611732
313 2.14289644611732
313 3.77501318058474
313 3.77501318058474
313 3.77501318058474
313 6.3269620780021
326 0
326 34.0362162929435
326 34.0362162929435
326 34.0362162929435
326 34.0362162929435
326 0
326 6.4309251293714
326 6.4309251293714
326 3.14591338515284
326 3.14591338515284
326 3.14591338515284
326 0
326 12.8880589856674
326 22.8113434003181
326 22.8113434003181
326 22.8113434003181
326 17.9590688550344
326 2.31864315330558
326 9.34148936315429
326 11.5374054450242
326 0
326 18.957652604916
326 0
326 0
326 12.4941918999408
326 12.4941918999408
326 0
326 37.1640226605836
326 37.1640226605836
326 37.1640226605836
326 49.5568545054258
326 0
326 88.5544593915212
326 3000.06381843298
326 1.09998227569123
326 1.09998227569123
326 22.3162201365642
326 22.3162201365642
326 2.14289644611732
326 2.14289644611732
326 2.14289644611732
326 3.77501318058474
326 3.77501318058474
326 3.77501318058474
326 6.3269620780021
374 0
374 34.0362162929435
374 34.0362162929435
374 34.0362162929435
374 34.0362162929435
374 0
374 6.4309251293714
374 6.4309251293714
374 3.14591338515284
374 3.14591338515284
374 3.14591338515284
374 0
374 12.8880589856674
374 22.8113434003181
374 22.8113434003181
374 22.8113434003181
374 17.9590688550344
374 2.31864315330558
374 9.34148936315429
374 11.5374054450242
374 0
374 18.957652604916
374 0
374 0
374 12.4941918999408
374 12.4941918999408
374 0
374 37.1640226605836
374 37.1640226605836
374 37.1640226605836
374 49.5568545054258
374 0
374 88.5544593915212
374 3000.06381843298
374 1.09998227569123
374 1.09998227569123
374 22.3162201365642
374 22.3162201365642
374 2.14289644611732
374 2.14289644611732
374 2.14289644611732
374 3.77501318058474
374 3.77501318058474
374 3.77501318058474
374 6.3269620780021
410 0
410 34.0362162929435
410 34.0362162929435
410 34.0362162929435
410 34.0362162929435
410 0
410 6.4309251293714
410 6.4309251293714
410 3.14591338515284
410 3.14591338515284
410 3.14591338515284
410 0
410 12.8880589856674
410 22.8113434003181
410 22.8113434003181
410 22.8113434003181
410 17.9590688550344
410 2.31864315330558
410 9.34148936315429
410 11.5374054450242
410 0
410 18.957652604916
410 0
410 0
410 12.4941918999408
410 12.4941918999408
410 0
410 37.1640226605836
410 37.1640226605836
410 37.1640226605836
410 49.5568545054258
410 0
410 88.5544593915212
410 3000.06381843298
410 1.09998227569123
410 1.09998227569123
410 22.3162201365642
410 22.3162201365642
410 2.14289644611732
410 2.14289644611732
410 2.14289644611732
410 3.77501318058474
410 3.77501318058474
410 3.77501318058474
410 6.3269620780021
726 0
726 34.0362162929435
726 34.0362162929435
726 34.0362162929435
726 34.0362162929435
726 0
726 6.4309251293714
726 6.4309251293714
726 3.14591338515284
726 3.14591338515284
726 3.14591338515284
726 0
726 12.8880589856674
726 22.8113434003181
726 22.8113434003181
726 22.8113434003181
726 17.9590688550344
726 2.31864315330558
726 9.34148936315429
726 11.5374054450242
726 0
726 18.957652604916
726 0
726 0
726 12.4941918999408
726 12.4941918999408
726 0
726 37.1640226605836
726 37.1640226605836
726 37.1640226605836
726 49.5568545054258
726 0
726 88.5544593915212
726 3000.06381843298
726 1.09998227569123
726 1.09998227569123
726 22.3162201365642
726 22.3162201365642
726 2.14289644611732
726 2.14289644611732
726 2.14289644611732
726 3.77501318058474
726 3.77501318058474
726 3.77501318058474
726 6.3269620780021
757 0
757 34.0362162929435
757 34.0362162929435
757 34.0362162929435
757 34.0362162929435
757 0
757 6.4309251293714
757 6.4309251293714
757 3.14591338515284
757 3.14591338515284
757 3.14591338515284
757 0
757 12.8880589856674
757 22.8113434003181
757 22.8113434003181
757 22.8113434003181
757 17.9590688550344
757 2.31864315330558
757 9.34148936315429
757 11.5374054450242
757 0
757 18.957652604916
757 0
757 0
757 12.4941918999408
757 12.4941918999408
757 0
757 37.1640226605836
757 37.1640226605836
757 37.1640226605836
757 49.5568545054258
757 0
757 88.5544593915212
757 3000.06381843298
757 1.09998227569123
757 1.09998227569123
757 22.3162201365642
757 22.3162201365642
757 2.14289644611732
757 2.14289644611732
757 2.14289644611732
757 3.77501318058474
757 3.77501318058474
757 3.77501318058474
757 6.3269620780021
760 0
760 34.0362162929435
760 34.0362162929435
760 34.0362162929435
760 34.0362162929435
760 0
760 6.4309251293714
760 6.4309251293714
760 3.14591338515284
760 3.14591338515284
760 3.14591338515284
760 0
760 12.8880589856674
760 22.8113434003181
760 22.8113434003181
760 22.8113434003181
760 17.9590688550344
760 2.31864315330558
760 9.34148936315429
760 11.5374054450242
760 0
760 18.957652604916
760 0
760 0
760 12.4941918999408
760 12.4941918999408
760 0
760 37.1640226605836
760 37.1640226605836
760 37.1640226605836
760 49.5568545054258
760 0
760 88.5544593915212
760 3000.06381843298
760 1.09998227569123
760 1.09998227569123
760 22.3162201365642
760 22.3162201365642
760 2.14289644611732
760 2.14289644611732
760 2.14289644611732
760 3.77501318058474
760 3.77501318058474
760 3.77501318058474
760 6.3269620780021
762 0
762 34.0362162929435
762 34.0362162929435
762 34.0362162929435
762 34.0362162929435
762 0
762 6.4309251293714
762 6.4309251293714
762 3.14591338515284
762 3.14591338515284
762 3.14591338515284
762 0
762 12.8880589856674
762 22.8113434003181
762 22.8113434003181
762 22.8113434003181
762 17.9590688550344
762 2.31864315330558
762 9.34148936315429
762 11.5374054450242
762 0
762 18.957652604916
762 0
762 0
762 12.4941918999408
762 12.4941918999408
762 0
762 37.1640226605836
762 37.1640226605836
762 37.1640226605836
762 49.5568545054258
762 0
762 88.5544593915212
762 3000.06381843298
762 1.09998227569123
762 1.09998227569123
762 22.3162201365642
762 22.3162201365642
762 2.14289644611732
762 2.14289644611732
762 2.14289644611732
762 3.77501318058474
762 3.77501318058474
762 3.77501318058474
762 6.3269620780021
799 0
799 34.0362162929435
799 34.0362162929435
799 34.0362162929435
799 34.0362162929435
799 0
799 6.4309251293714
799 6.4309251293714
799 3.14591338515284
799 3.14591338515284
799 3.14591338515284
799 0
799 12.8880589856674
799 22.8113434003181
799 22.8113434003181
799 22.8113434003181
799 17.9590688550344
799 2.31864315330558
799 9.34148936315429
799 11.5374054450242
799 0
799 18.957652604916
799 0
799 0
799 12.4941918999408
799 12.4941918999408
799 0
799 37.1640226605836
799 37.1640226605836
799 37.1640226605836
799 49.5568545054258
799 0
799 88.5544593915212
799 3000.06381843298
799 1.09998227569123
799 1.09998227569123
799 22.3162201365642
799 22.3162201365642
799 2.14289644611732
799 2.14289644611732
799 2.14289644611732
799 3.77501318058474
799 3.77501318058474
799 3.77501318058474
799 6.3269620780021
863 0
863 34.0362162929435
863 34.0362162929435
863 34.0362162929435
863 34.0362162929435
863 0
863 6.4309251293714
863 6.4309251293714
863 3.14591338515284
863 3.14591338515284
863 3.14591338515284
863 0
863 12.8880589856674
863 22.8113434003181
863 22.8113434003181
863 22.8113434003181
863 17.9590688550344
863 2.31864315330558
863 9.34148936315429
863 11.5374054450242
863 0
863 18.957652604916
863 0
863 0
863 12.4941918999408
863 12.4941918999408
863 0
863 37.1640226605836
863 37.1640226605836
863 37.1640226605836
863 49.5568545054258
863 0
863 88.5544593915212
863 3000.06381843298
863 1.09998227569123
863 1.09998227569123
863 22.3162201365642
863 22.3162201365642
863 2.14289644611732
863 2.14289644611732
863 2.14289644611732
863 3.77501318058474
863 3.77501318058474
863 3.77501318058474
863 6.3269620780021
987 0
987 34.0362162929435
987 34.0362162929435
987 34.0362162929435
987 34.0362162929435
987 0
987 6.4309251293714
987 6.4309251293714
987 3.14591338515284
987 3.14591338515284
987 3.14591338515284
987 0
987 12.8880589856674
987 22.8113434003181
987 22.8113434003181
987 22.8113434003181
987 17.9590688550344
987 2.31864315330558
987 9.34148936315429
987 11.5374054450242
987 0
987 18.957652604916
987 0
987 0
987 12.4941918999408
987 12.4941918999408
987 0
987 37.1640226605836
987 37.1640226605836
987 37.1640226605836
987 49.5568545054258
987 0
987 88.5544593915212
987 3000.06381843298
987 1.09998227569123
987 1.09998227569123
987 22.3162201365642
987 22.3162201365642
987 2.14289644611732
987 2.14289644611732
987 2.14289644611732
987 3.77501318058474
987 3.77501318058474
987 3.77501318058474
987 6.3269620780021
988 0
988 34.0362162929435
988 34.0362162929435
988 34.0362162929435
988 34.0362162929435
988 0
988 6.4309251293714
988 6.4309251293714
988 3.14591338515284
988 3.14591338515284
988 3.14591338515284
988 0
988 12.8880589856674
988 22.8113434003181
988 22.8113434003181
988 22.8113434003181
988 17.9590688550344
988 2.31864315330558
988 9.34148936315429
988 11.5374054450242
988 0
988 18.957652604916
988 0
988 0
988 12.4941918999408
988 12.4941918999408
988 0
988 37.1640226605836
988 37.1640226605836
988 37.1640226605836
988 49.5568545054258
988 0
988 88.5544593915212
988 3000.06381843298
988 1.09998227569123
988 1.09998227569123
988 22.3162201365642
988 22.3162201365642
988 2.14289644611732
988 2.14289644611732
988 2.14289644611732
988 3.77501318058474
988 3.77501318058474
988 3.77501318058474
988 6.3269620780021
989 0
989 34.0362162929435
989 34.0362162929435
989 34.0362162929435
989 34.0362162929435
989 0
989 6.4309251293714
989 6.4309251293714
989 3.14591338515284
989 3.14591338515284
989 3.14591338515284
989 0
989 12.8880589856674
989 22.8113434003181
989 22.8113434003181
989 22.8113434003181
989 17.9590688550344
989 2.31864315330558
989 9.34148936315429
989 11.5374054450242
989 0
989 18.957652604916
989 0
989 0
989 12.4941918999408
989 12.4941918999408
989 0
989 37.1640226605836
989 37.1640226605836
989 37.1640226605836
989 49.5568545054258
989 0
989 88.5544593915212
989 3000.06381843298
989 1.09998227569123
989 1.09998227569123
989 22.3162201365642
989 22.3162201365642
989 2.14289644611732
989 2.14289644611732
989 2.14289644611732
989 3.77501318058474
989 3.77501318058474
989 3.77501318058474
989 6.3269620780021
990 0
990 34.0362162929435
990 34.0362162929435
990 34.0362162929435
990 34.0362162929435
990 0
990 6.4309251293714
990 6.4309251293714
990 3.14591338515284
990 3.14591338515284
990 3.14591338515284
990 0
990 12.8880589856674
990 22.8113434003181
990 22.8113434003181
990 22.8113434003181
990 17.9590688550344
990 2.31864315330558
990 9.34148936315429
990 11.5374054450242
990 0
990 18.957652604916
990 0
990 0
990 12.4941918999408
990 12.4941918999408
990 0
990 37.1640226605836
990 37.1640226605836
990 37.1640226605836
990 49.5568545054258
990 0
990 88.5544593915212
990 3000.06381843298
990 1.09998227569123
990 1.09998227569123
990 22.3162201365642
990 22.3162201365642
990 2.14289644611732
990 2.14289644611732
990 2.14289644611732
990 3.77501318058474
990 3.77501318058474
990 3.77501318058474
990 6.3269620780021
992 0
992 34.0362162929435
992 34.0362162929435
992 34.0362162929435
992 34.0362162929435
992 0
992 6.4309251293714
992 6.4309251293714
992 3.14591338515284
992 3.14591338515284
992 3.14591338515284
992 0
992 12.8880589856674
992 22.8113434003181
992 22.8113434003181
992 22.8113434003181
992 17.9590688550344
992 2.31864315330558
992 9.34148936315429
992 11.5374054450242
992 0
992 18.957652604916
992 0
992 0
992 12.4941918999408
992 12.4941918999408
992 0
992 37.1640226605836
992 37.1640226605836
992 37.1640226605836
992 49.5568545054258
992 0
992 88.5544593915212
992 3000.06381843298
992 1.09998227569123
992 1.09998227569123
992 22.3162201365642
992 22.3162201365642
992 2.14289644611732
992 2.14289644611732
992 2.14289644611732
992 3.77501318058474
992 3.77501318058474
992 3.77501318058474
992 6.3269620780021
993 0
993 34.0362162929435
993 34.0362162929435
993 34.0362162929435
993 34.0362162929435
993 0
993 6.4309251293714
993 6.4309251293714
993 3.14591338515284
993 3.14591338515284
993 3.14591338515284
993 0
993 12.8880589856674
993 22.8113434003181
993 22.8113434003181
993 22.8113434003181
993 17.9590688550344
993 2.31864315330558
993 9.34148936315429
993 11.5374054450242
993 0
993 18.957652604916
993 0
993 0
993 12.4941918999408
993 12.4941918999408
993 0
993 37.1640226605836
993 37.1640226605836
993 37.1640226605836
993 49.5568545054258
993 0
993 88.5544593915212
993 3000.06381843298
993 1.09998227569123
993 1.09998227569123
993 22.3162201365642
993 22.3162201365642
993 2.14289644611732
993 2.14289644611732
993 2.14289644611732
993 3.77501318058474
993 3.77501318058474
993 3.77501318058474
993 6.3269620780021
1039 0
1039 34.0362162929435
1039 34.0362162929435
1039 34.0362162929435
1039 34.0362162929435
1039 0
1039 6.4309251293714
1039 6.4309251293714
1039 3.14591338515284
1039 3.14591338515284
1039 3.14591338515284
1039 0
1039 12.8880589856674
1039 22.8113434003181
1039 22.8113434003181
1039 22.8113434003181
1039 17.9590688550344
1039 2.31864315330558
1039 9.34148936315429
1039 11.5374054450242
1039 0
1039 18.957652604916
1039 0
1039 0
1039 12.4941918999408
1039 12.4941918999408
1039 0
1039 37.1640226605836
1039 37.1640226605836
1039 37.1640226605836
1039 49.5568545054258
1039 0
1039 88.5544593915212
1039 3000.06381843298
1039 1.09998227569123
1039 1.09998227569123
1039 22.3162201365642
1039 22.3162201365642
1039 2.14289644611732
1039 2.14289644611732
1039 2.14289644611732
1039 3.77501318058474
1039 3.77501318058474
1039 3.77501318058474
1039 6.3269620780021
1040 0
1040 34.0362162929435
1040 34.0362162929435
1040 34.0362162929435
1040 34.0362162929435
1040 0
1040 6.4309251293714
1040 6.4309251293714
1040 3.14591338515284
1040 3.14591338515284
1040 3.14591338515284
1040 0
1040 12.8880589856674
1040 22.8113434003181
1040 22.8113434003181
1040 22.8113434003181
1040 17.9590688550344
1040 2.31864315330558
1040 9.34148936315429
1040 11.5374054450242
1040 0
1040 18.957652604916
1040 0
1040 0
1040 12.4941918999408
1040 12.4941918999408
1040 0
1040 37.1640226605836
1040 37.1640226605836
1040 37.1640226605836
1040 49.5568545054258
1040 0
1040 88.5544593915212
1040 3000.06381843298
1040 1.09998227569123
1040 1.09998227569123
1040 22.3162201365642
1040 22.3162201365642
1040 2.14289644611732
1040 2.14289644611732
1040 2.14289644611732
1040 3.77501318058474
1040 3.77501318058474
1040 3.77501318058474
1040 6.3269620780021
1041 0
1041 34.0362162929435
1041 34.0362162929435
1041 34.0362162929435
1041 34.0362162929435
1041 0
1041 6.4309251293714
1041 6.4309251293714
1041 3.14591338515284
1041 3.14591338515284
1041 3.14591338515284
1041 0
1041 12.8880589856674
1041 22.8113434003181
1041 22.8113434003181
1041 22.8113434003181
1041 17.9590688550344
1041 2.31864315330558
1041 9.34148936315429
1041 11.5374054450242
1041 0
1041 18.957652604916
1041 0
1041 0
1041 12.4941918999408
1041 12.4941918999408
1041 0
1041 37.1640226605836
1041 37.1640226605836
1041 37.1640226605836
1041 49.5568545054258
1041 0
1041 88.5544593915212
1041 3000.06381843298
1041 1.09998227569123
1041 1.09998227569123
1041 22.3162201365642
1041 22.3162201365642
1041 2.14289644611732
1041 2.14289644611732
1041 2.14289644611732
1041 3.77501318058474
1041 3.77501318058474
1041 3.77501318058474
1041 6.3269620780021
1042 0
1042 34.0362162929435
1042 34.0362162929435
1042 34.0362162929435
1042 34.0362162929435
1042 0
1042 6.4309251293714
1042 6.4309251293714
1042 3.14591338515284
1042 3.14591338515284
1042 3.14591338515284
1042 0
1042 12.8880589856674
1042 22.8113434003181
1042 22.8113434003181
1042 22.8113434003181
1042 17.9590688550344
1042 2.31864315330558
1042 9.34148936315429
1042 11.5374054450242
1042 0
1042 18.957652604916
1042 0
1042 0
1042 12.4941918999408
1042 12.4941918999408
1042 0
1042 37.1640226605836
1042 37.1640226605836
1042 37.1640226605836
1042 49.5568545054258
1042 0
1042 88.5544593915212
1042 3000.06381843298
1042 1.09998227569123
1042 1.09998227569123
1042 22.3162201365642
1042 22.3162201365642
1042 2.14289644611732
1042 2.14289644611732
1042 2.14289644611732
1042 3.77501318058474
1042 3.77501318058474
1042 3.77501318058474
1042 6.3269620780021
1047 0
1047 34.0362162929435
1047 34.0362162929435
1047 34.0362162929435
1047 34.0362162929435
1047 0
1047 6.4309251293714
1047 6.4309251293714
1047 3.14591338515284
1047 3.14591338515284
1047 3.14591338515284
1047 0
1047 12.8880589856674
1047 22.8113434003181
1047 22.8113434003181
1047 22.8113434003181
1047 17.9590688550344
1047 2.31864315330558
1047 9.34148936315429
1047 11.5374054450242
1047 0
1047 18.957652604916
1047 0
1047 0
1047 12.4941918999408
1047 12.4941918999408
1047 0
1047 37.1640226605836
1047 37.1640226605836
1047 37.1640226605836
1047 49.5568545054258
1047 0
1047 88.5544593915212
1047 3000.06381843298
1047 1.09998227569123
1047 1.09998227569123
1047 22.3162201365642
1047 22.3162201365642
1047 2.14289644611732
1047 2.14289644611732
1047 2.14289644611732
1047 3.77501318058474
1047 3.77501318058474
1047 3.77501318058474
1047 6.3269620780021
1096 0
1096 34.0362162929435
1096 34.0362162929435
1096 34.0362162929435
1096 34.0362162929435
1096 0
1096 6.4309251293714
1096 6.4309251293714
1096 3.14591338515284
1096 3.14591338515284
1096 3.14591338515284
1096 0
1096 12.8880589856674
1096 22.8113434003181
1096 22.8113434003181
1096 22.8113434003181
1096 17.9590688550344
1096 2.31864315330558
1096 9.34148936315429
1096 11.5374054450242
1096 0
1096 18.957652604916
1096 0
1096 0
1096 12.4941918999408
1096 12.4941918999408
1096 0
1096 37.1640226605836
1096 37.1640226605836
1096 37.1640226605836
1096 49.5568545054258
1096 0
1096 88.5544593915212
1096 3000.06381843298
1096 1.09998227569123
1096 1.09998227569123
1096 22.3162201365642
1096 22.3162201365642
1096 2.14289644611732
1096 2.14289644611732
1096 2.14289644611732
1096 3.77501318058474
1096 3.77501318058474
1096 3.77501318058474
1096 6.3269620780021
1097 0
1097 34.0362162929435
1097 34.0362162929435
1097 34.0362162929435
1097 34.0362162929435
1097 0
1097 6.4309251293714
1097 6.4309251293714
1097 3.14591338515284
1097 3.14591338515284
1097 3.14591338515284
1097 0
1097 12.8880589856674
1097 22.8113434003181
1097 22.8113434003181
1097 22.8113434003181
1097 17.9590688550344
1097 2.31864315330558
1097 9.34148936315429
1097 11.5374054450242
1097 0
1097 18.957652604916
1097 0
1097 0
1097 12.4941918999408
1097 12.4941918999408
1097 0
1097 37.1640226605836
1097 37.1640226605836
1097 37.1640226605836
1097 49.5568545054258
1097 0
1097 88.5544593915212
1097 3000.06381843298
1097 1.09998227569123
1097 1.09998227569123
1097 22.3162201365642
1097 22.3162201365642
1097 2.14289644611732
1097 2.14289644611732
1097 2.14289644611732
1097 3.77501318058474
1097 3.77501318058474
1097 3.77501318058474
1097 6.3269620780021
1154 0
1154 34.0362162929435
1154 34.0362162929435
1154 34.0362162929435
1154 34.0362162929435
1154 0
1154 6.4309251293714
1154 6.4309251293714
1154 3.14591338515284
1154 3.14591338515284
1154 3.14591338515284
1154 0
1154 12.8880589856674
1154 22.8113434003181
1154 22.8113434003181
1154 22.8113434003181
1154 17.9590688550344
1154 2.31864315330558
1154 9.34148936315429
1154 11.5374054450242
1154 0
1154 18.957652604916
1154 0
1154 0
1154 12.4941918999408
1154 12.4941918999408
1154 0
1154 37.1640226605836
1154 37.1640226605836
1154 37.1640226605836
1154 49.5568545054258
1154 0
1154 88.5544593915212
1154 3000.06381843298
1154 1.09998227569123
1154 1.09998227569123
1154 22.3162201365642
1154 22.3162201365642
1154 2.14289644611732
1154 2.14289644611732
1154 2.14289644611732
1154 3.77501318058474
1154 3.77501318058474
1154 3.77501318058474
1154 6.3269620780021
1158 0
1158 34.0362162929435
1158 34.0362162929435
1158 34.0362162929435
1158 34.0362162929435
1158 0
1158 6.4309251293714
1158 6.4309251293714
1158 3.14591338515284
1158 3.14591338515284
1158 3.14591338515284
1158 0
1158 12.8880589856674
1158 22.8113434003181
1158 22.8113434003181
1158 22.8113434003181
1158 17.9590688550344
1158 2.31864315330558
1158 9.34148936315429
1158 11.5374054450242
1158 0
1158 18.957652604916
1158 0
1158 0
1158 12.4941918999408
1158 12.4941918999408
1158 0
1158 37.1640226605836
1158 37.1640226605836
1158 37.1640226605836
1158 49.5568545054258
1158 0
1158 88.5544593915212
1158 3000.06381843298
1158 1.09998227569123
1158 1.09998227569123
1158 22.3162201365642
1158 22.3162201365642
1158 2.14289644611732
1158 2.14289644611732
1158 2.14289644611732
1158 3.77501318058474
1158 3.77501318058474
1158 3.77501318058474
1158 6.3269620780021
