pt_graph met
3406 14
3481 14
3651 14
4252 14
4359 14
4529 14
4543 14
4544 14
4635 14
4638 14
4795 14
4798 14
4799 14
4890 14
4981 14
5089 14
5166 14
5180 14
5271 14
5338 14
5340 14
5355 14
5417 14
5419 14
5422 14
5430 14
5444 14
5505 14
5516 14
5517 14
5518 14
5520 14
5533 14
5605 14
5606 14
5612 14
5614 14
5615 14
5618 14
5675 14
5676 14
5677 14
5694 14
5701 14
5704 14
5761 14
5777 14
5795 14
5796 14
5850 14
5851 14
5871 14
5872 14
5879 14
5881 14
5887 14
5946 14
5968 14
5969 14
5975 14
5976 14
5982 14
5984 14
6073 14
6074 14
6079 14
6080 14
6087 14
6156 14
6174 14
6175 14
6177 14
6178 14
6183 14
6270 14
6271 14
6274 14
6275 14
6351 14
6358 14
6360 14
6361 14
6450 14
6451 14
6452 14
6453 14
6536 14
6607 14
6623 14
6688 14
6916 14
6919 14
6985 14
7052 14
7054 14
7122 14
7197 14
7198 14
7199 14
7200 14
7269 14
7331 14
7332 14
7334 14
