pt_graph freq
735 0.661234
735 0.338766
736 1.000000
773 0.661234
773 0.338766
811 0.661234
811 0.338766
812 0.661234
812 0.338766
815 1.000000
850 1.000000
851 0.661234
851 0.338766
852 0.661234
852 0.338766
853 0.661234
853 0.338766
854 0.661234
854 0.338766
855 1.000000
899 1.000000
900 0.661234
900 0.338766
901 0.661234
901 0.338766
902 0.661234
902 0.338766
903 1.000000
904 1.000000
907 0.661234
907 0.338766
956 0.661234
956 0.338766
957 0.661234
957 0.338766
958 0.661234
958 0.338766
959 0.661234
959 0.338766
1009 0.661234
1009 0.338766
1010 1.000000
1011 1.000000
1012 0.661234
1012 0.338766
1013 0.661234
1013 0.338766
1065 0.661234
1065 0.338766
1066 1.000000
1067 1.000000
1070 1.000000
1073 1.000000
1121 1.000000
1126 0.661234
1126 0.338766
1127 0.661234
1127 0.338766
1128 1.000000
1129 1.000000
1133 0.661234
1133 0.338766
1191 0.661234
1191 0.338766
1192 0.661234
1192 0.338766
1195 0.661234
1195 0.338766
1196 1.000000
1197 1.000000
1232 1.000000
1233 1.000000
1234 1.000000
1249 1.000000
1255 1.000000
1258 1.000000
1259 1.000000
1260 1.000000
1309 1.000000
1324 0.661234
1324 0.338766
1328 0.661234
1328 0.338766
1367 1.000000
1373 1.000000
1382 1.000000
1391 0.661234
1391 0.338766
1393 0.661234
1393 0.338766
1394 1.000000
1450 1.000000
1458 0.661234
1458 0.338766
1459 0.661234
1459 0.338766
1460 0.661234
1460 0.338766
1502 1.000000
1507 1.000000
1525 0.661234
1525 0.338766
1526 1.000000
1527 1.000000
1528 0.661234
1528 0.338766
1586 1.000000
1589 1.000000
1590 1.000000
1591 1.000000
1593 1.000000
1597 0.661234
1597 0.338766
1598 0.661234
1598 0.338766
1644 1.000000
1645 1.000000
1646 1.000000
1650 1.000000
1666 1.000000
1667 0.661234
1667 0.338766
1668 0.661234
1668 0.338766
1716 1.000000
1717 1.000000
1719 1.000000
1734 1.000000
1736 0.661234
1736 0.338766
1737 0.661234
1737 0.338766
1738 0.661234
1738 0.338766
1785 1.000000
1797 1.000000
1809 0.661234
1809 0.338766
1810 0.661234
1810 0.338766
1811 0.661234
1811 0.338766
1862 1.000000
1865 1.000000
1872 1.000000
1884 1.000000
1885 1.000000
1887 1.000000
1951 1.000000
1954 1.000000
1964 1.000000
1965 0.661234
1965 0.338766
1967 0.661234
1967 0.338766
1968 1.000000
2047 0.661234
2047 0.338766
2049 0.661234
2049 0.338766
2118 1.000000
2120 1.000000
2121 1.000000
2187 1.000000
2198 1.000000
2210 0.661234
2210 0.338766
2213 1.000000
2214 1.000000
2215 1.000000
2217 1.000000
2298 1.000000
2300 1.000000
2358 1.000000
2381 1.000000
2430 1.000000
2443 1.000000
2457 1.000000
2458 1.000000
2536 0.661234
2536 0.338766
2616 0.661234
2616 0.338766
2687 1.000000
2699 1.000000
2701 0.661234
2701 0.338766
2702 0.661234
2702 0.338766
2756 1.000000
2776 1.000000
2778 1.000000
2784 1.000000
2862 1.000000
2865 1.000000
2910 1.000000
2912 1.000000
2914 1.000000
2915 1.000000
2918 1.000000
2920 1.000000
2939 1.000000
2941 1.000000
2942 0.661234
2942 0.338766
2995 1.000000
3000 1.000000
3001 1.000000
3003 1.000000
3016 0.661234
3016 0.338766
3058 1.000000
3082 1.000000
3089 0.661234
3089 0.338766
3135 1.000000
3137 1.000000
3138 0.661234
3138 0.338766
3152 1.000000
3155 1.000000
3160 1.000000
3216 0.661234
3216 0.338766
3218 1.000000
3227 1.000000
3231 1.000000
3232 1.000000
3239 0.661234
3239 0.338766
3303 1.000000
3312 1.000000
3315 1.000000
3322 1.000000
3323 1.000000
3383 1.000000
3386 1.000000
3394 1.000000
3397 1.000000
3398 1.000000
3407 1.000000
3463 0.661234
3463 0.338766
3465 1.000000
3474 1.000000
3480 1.000000
3486 1.000000
3549 1.000000
3565 1.000000
3569 0.661234
3569 0.338766
3632 1.000000
3644 1.000000
3645 1.000000
3646 1.000000
3991 1.000000
3993 1.000000
4342 1.000000
4415 1.000000
4435 1.000000
4519 1.000000
4523 1.000000
4612 0.661234
4612 0.338766
4614 1.000000
4615 1.000000
4794 1.000000
4977 1.000000
5073 1.000000
5254 1.000000
5341 1.000000
5344 1.000000
5608 1.000000
5609 1.000000
5972 1.000000
9692 0.661234
9692 0.338766
9735 1.000000
9801 1.000000
9825 0.661234
9825 0.338766
9898 1.000000
10235 1.000000
10260 0.661234
10260 0.338766
10294 1.000000
10301 0.661234
10301 0.338766
10769 0.661234
10769 0.338766
10770 0.661234
10770 0.338766
10776 0.661234
10776 0.338766
10777 0.661234
10777 0.338766
10778 1.000000
10779 0.661234
10779 0.338766
10781 1.000000
