pt_graph cpue_kghour
2043 418.104831492066
2043 418.104831492066
2043 418.104831492066
2043 418.104831492066
2043 0
2043 16.2976506140842
2043 16.2976506140842
2043 46.407466436374
2043 46.407466436374
2043 0.35674348165933
2043 0.208960843373494
2043 0.208960843373494
2043 0.208960843373494
2043 0.0174595094736627
2043 0.164514798479691
2043 0.120625281164897
2043 0.152874349264149
2043 0
2043 0
2043 0
2043 0.160325333507038
2043 0.160325333507038
2043 0
2043 28.3919163700434
2043 28.3919163700434
2043 28.3919163700434
2043 7.92034892865881
2043 0
2043 0
2043 0
2043 0.77906543442073
2043 0.77906543442073
2043 0
2043 0
2043 0
2043 1.0345236079077
2043 18.8755115600355
2043 18.8755115600355
2043 18.8755115600355
2125 418.104831492066
2125 418.104831492066
2125 418.104831492066
2125 418.104831492066
2125 0
2125 16.2976506140842
2125 16.2976506140842
2125 46.407466436374
2125 46.407466436374
2125 0.35674348165933
2125 0.208960843373494
2125 0.208960843373494
2125 0.208960843373494
2125 0.0174595094736627
2125 0.164514798479691
2125 0.120625281164897
2125 0.152874349264149
2125 0
2125 0
2125 0
2125 0.160325333507038
2125 0.160325333507038
2125 0
2125 28.3919163700434
2125 28.3919163700434
2125 28.3919163700434
2125 7.92034892865881
2125 0
2125 0
2125 0
2125 0.77906543442073
2125 0.77906543442073
2125 0
2125 0
2125 0
2125 1.0345236079077
2125 18.8755115600355
2125 18.8755115600355
2125 18.8755115600355
2457 418.104831492066
2457 418.104831492066
2457 418.104831492066
2457 418.104831492066
2457 0
2457 16.2976506140842
2457 16.2976506140842
2457 46.407466436374
2457 46.407466436374
2457 0.35674348165933
2457 0.208960843373494
2457 0.208960843373494
2457 0.208960843373494
2457 0.0174595094736627
2457 0.164514798479691
2457 0.120625281164897
2457 0.152874349264149
2457 0
2457 0
2457 0
2457 0.160325333507038
2457 0.160325333507038
2457 0
2457 28.3919163700434
2457 28.3919163700434
2457 28.3919163700434
2457 7.92034892865881
2457 0
2457 0
2457 0
2457 0.77906543442073
2457 0.77906543442073
2457 0
2457 0
2457 0
2457 1.0345236079077
2457 18.8755115600355
2457 18.8755115600355
2457 18.8755115600355
2607 418.104831492066
2607 418.104831492066
2607 418.104831492066
2607 418.104831492066
2607 0
2607 16.2976506140842
2607 16.2976506140842
2607 46.407466436374
2607 46.407466436374
2607 0.35674348165933
2607 0.208960843373494
2607 0.208960843373494
2607 0.208960843373494
2607 0.0174595094736627
2607 0.164514798479691
2607 0.120625281164897
2607 0.152874349264149
2607 0
2607 0
2607 0
2607 0.160325333507038
2607 0.160325333507038
2607 0
2607 28.3919163700434
2607 28.3919163700434
2607 28.3919163700434
2607 7.92034892865881
2607 0
2607 0
2607 0
2607 0.77906543442073
2607 0.77906543442073
2607 0
2607 0
2607 0
2607 1.0345236079077
2607 18.8755115600355
2607 18.8755115600355
2607 18.8755115600355
2858 418.104831492066
2858 418.104831492066
2858 418.104831492066
2858 418.104831492066
2858 0
2858 16.2976506140842
2858 16.2976506140842
2858 46.407466436374
2858 46.407466436374
2858 0.35674348165933
2858 0.208960843373494
2858 0.208960843373494
2858 0.208960843373494
2858 0.0174595094736627
2858 0.164514798479691
2858 0.120625281164897
2858 0.152874349264149
2858 0
2858 0
2858 0
2858 0.160325333507038
2858 0.160325333507038
2858 0
2858 28.3919163700434
2858 28.3919163700434
2858 28.3919163700434
2858 7.92034892865881
2858 0
2858 0
2858 0
2858 0.77906543442073
2858 0.77906543442073
2858 0
2858 0
2858 0
2858 1.0345236079077
2858 18.8755115600355
2858 18.8755115600355
2858 18.8755115600355
3011 418.104831492066
3011 418.104831492066
3011 418.104831492066
3011 418.104831492066
3011 0
3011 16.2976506140842
3011 16.2976506140842
3011 46.407466436374
3011 46.407466436374
3011 0.35674348165933
3011 0.208960843373494
3011 0.208960843373494
3011 0.208960843373494
3011 0.0174595094736627
3011 0.164514798479691
3011 0.120625281164897
3011 0.152874349264149
3011 0
3011 0
3011 0
3011 0.160325333507038
3011 0.160325333507038
3011 0
3011 28.3919163700434
3011 28.3919163700434
3011 28.3919163700434
3011 7.92034892865881
3011 0
3011 0
3011 0
3011 0.77906543442073
3011 0.77906543442073
3011 0
3011 0
3011 0
3011 1.0345236079077
3011 18.8755115600355
3011 18.8755115600355
3011 18.8755115600355
3085 418.104831492066
3085 418.104831492066
3085 418.104831492066
3085 418.104831492066
3085 0
3085 16.2976506140842
3085 16.2976506140842
3085 46.407466436374
3085 46.407466436374
3085 0.35674348165933
3085 0.208960843373494
3085 0.208960843373494
3085 0.208960843373494
3085 0.0174595094736627
3085 0.164514798479691
3085 0.120625281164897
3085 0.152874349264149
3085 0
3085 0
3085 0
3085 0.160325333507038
3085 0.160325333507038
3085 0
3085 28.3919163700434
3085 28.3919163700434
3085 28.3919163700434
3085 7.92034892865881
3085 0
3085 0
3085 0
3085 0.77906543442073
3085 0.77906543442073
3085 0
3085 0
3085 0
3085 1.0345236079077
3085 18.8755115600355
3085 18.8755115600355
3085 18.8755115600355
3401 418.104831492066
3401 418.104831492066
3401 418.104831492066
3401 418.104831492066
3401 0
3401 16.2976506140842
3401 16.2976506140842
3401 46.407466436374
3401 46.407466436374
3401 0.35674348165933
3401 0.208960843373494
3401 0.208960843373494
3401 0.208960843373494
3401 0.0174595094736627
3401 0.164514798479691
3401 0.120625281164897
3401 0.152874349264149
3401 0
3401 0
3401 0
3401 0.160325333507038
3401 0.160325333507038
3401 0
3401 28.3919163700434
3401 28.3919163700434
3401 28.3919163700434
3401 7.92034892865881
3401 0
3401 0
3401 0
3401 0.77906543442073
3401 0.77906543442073
3401 0
3401 0
3401 0
3401 1.0345236079077
3401 18.8755115600355
3401 18.8755115600355
3401 18.8755115600355
3400 418.104831492066
3400 418.104831492066
3400 418.104831492066
3400 418.104831492066
3400 0
3400 16.2976506140842
3400 16.2976506140842
3400 46.407466436374
3400 46.407466436374
3400 0.35674348165933
3400 0.208960843373494
3400 0.208960843373494
3400 0.208960843373494
3400 0.0174595094736627
3400 0.164514798479691
3400 0.120625281164897
3400 0.152874349264149
3400 0
3400 0
3400 0
3400 0.160325333507038
3400 0.160325333507038
3400 0
3400 28.3919163700434
3400 28.3919163700434
3400 28.3919163700434
3400 7.92034892865881
3400 0
3400 0
3400 0
3400 0.77906543442073
3400 0.77906543442073
3400 0
3400 0
3400 0
3400 1.0345236079077
3400 18.8755115600355
3400 18.8755115600355
3400 18.8755115600355
3567 418.104831492066
3567 418.104831492066
3567 418.104831492066
3567 418.104831492066
3567 0
3567 16.2976506140842
3567 16.2976506140842
3567 46.407466436374
3567 46.407466436374
3567 0.35674348165933
3567 0.208960843373494
3567 0.208960843373494
3567 0.208960843373494
3567 0.0174595094736627
3567 0.164514798479691
3567 0.120625281164897
3567 0.152874349264149
3567 0
3567 0
3567 0
3567 0.160325333507038
3567 0.160325333507038
3567 0
3567 28.3919163700434
3567 28.3919163700434
3567 28.3919163700434
3567 7.92034892865881
3567 0
3567 0
3567 0
3567 0.77906543442073
3567 0.77906543442073
3567 0
3567 0
3567 0
3567 1.0345236079077
3567 18.8755115600355
3567 18.8755115600355
3567 18.8755115600355
3730 418.104831492066
3730 418.104831492066
3730 418.104831492066
3730 418.104831492066
3730 0
3730 16.2976506140842
3730 16.2976506140842
3730 46.407466436374
3730 46.407466436374
3730 0.35674348165933
3730 0.208960843373494
3730 0.208960843373494
3730 0.208960843373494
3730 0.0174595094736627
3730 0.164514798479691
3730 0.120625281164897
3730 0.152874349264149
3730 0
3730 0
3730 0
3730 0.160325333507038
3730 0.160325333507038
3730 0
3730 28.3919163700434
3730 28.3919163700434
3730 28.3919163700434
3730 7.92034892865881
3730 0
3730 0
3730 0
3730 0.77906543442073
3730 0.77906543442073
3730 0
3730 0
3730 0
3730 1.0345236079077
3730 18.8755115600355
3730 18.8755115600355
3730 18.8755115600355
4182 418.104831492066
4182 418.104831492066
4182 418.104831492066
4182 418.104831492066
4182 0
4182 16.2976506140842
4182 16.2976506140842
4182 46.407466436374
4182 46.407466436374
4182 0.35674348165933
4182 0.208960843373494
4182 0.208960843373494
4182 0.208960843373494
4182 0.0174595094736627
4182 0.164514798479691
4182 0.120625281164897
4182 0.152874349264149
4182 0
4182 0
4182 0
4182 0.160325333507038
4182 0.160325333507038
4182 0
4182 28.3919163700434
4182 28.3919163700434
4182 28.3919163700434
4182 7.92034892865881
4182 0
4182 0
4182 0
4182 0.77906543442073
4182 0.77906543442073
4182 0
4182 0
4182 0
4182 1.0345236079077
4182 18.8755115600355
4182 18.8755115600355
4182 18.8755115600355
4273 418.104831492066
4273 418.104831492066
4273 418.104831492066
4273 418.104831492066
4273 0
4273 16.2976506140842
4273 16.2976506140842
4273 46.407466436374
4273 46.407466436374
4273 0.35674348165933
4273 0.208960843373494
4273 0.208960843373494
4273 0.208960843373494
4273 0.0174595094736627
4273 0.164514798479691
4273 0.120625281164897
4273 0.152874349264149
4273 0
4273 0
4273 0
4273 0.160325333507038
4273 0.160325333507038
4273 0
4273 28.3919163700434
4273 28.3919163700434
4273 28.3919163700434
4273 7.92034892865881
4273 0
4273 0
4273 0
4273 0.77906543442073
4273 0.77906543442073
4273 0
4273 0
4273 0
4273 1.0345236079077
4273 18.8755115600355
4273 18.8755115600355
4273 18.8755115600355
4452 418.104831492066
4452 418.104831492066
4452 418.104831492066
4452 418.104831492066
4452 0
4452 16.2976506140842
4452 16.2976506140842
4452 46.407466436374
4452 46.407466436374
4452 0.35674348165933
4452 0.208960843373494
4452 0.208960843373494
4452 0.208960843373494
4452 0.0174595094736627
4452 0.164514798479691
4452 0.120625281164897
4452 0.152874349264149
4452 0
4452 0
4452 0
4452 0.160325333507038
4452 0.160325333507038
4452 0
4452 28.3919163700434
4452 28.3919163700434
4452 28.3919163700434
4452 7.92034892865881
4452 0
4452 0
4452 0
4452 0.77906543442073
4452 0.77906543442073
4452 0
4452 0
4452 0
4452 1.0345236079077
4452 18.8755115600355
4452 18.8755115600355
4452 18.8755115600355
4450 418.104831492066
4450 418.104831492066
4450 418.104831492066
4450 418.104831492066
4450 0
4450 16.2976506140842
4450 16.2976506140842
4450 46.407466436374
4450 46.407466436374
4450 0.35674348165933
4450 0.208960843373494
4450 0.208960843373494
4450 0.208960843373494
4450 0.0174595094736627
4450 0.164514798479691
4450 0.120625281164897
4450 0.152874349264149
4450 0
4450 0
4450 0
4450 0.160325333507038
4450 0.160325333507038
4450 0
4450 28.3919163700434
4450 28.3919163700434
4450 28.3919163700434
4450 7.92034892865881
4450 0
4450 0
4450 0
4450 0.77906543442073
4450 0.77906543442073
4450 0
4450 0
4450 0
4450 1.0345236079077
4450 18.8755115600355
4450 18.8755115600355
4450 18.8755115600355
4547 418.104831492066
4547 418.104831492066
4547 418.104831492066
4547 418.104831492066
4547 0
4547 16.2976506140842
4547 16.2976506140842
4547 46.407466436374
4547 46.407466436374
4547 0.35674348165933
4547 0.208960843373494
4547 0.208960843373494
4547 0.208960843373494
4547 0.0174595094736627
4547 0.164514798479691
4547 0.120625281164897
4547 0.152874349264149
4547 0
4547 0
4547 0
4547 0.160325333507038
4547 0.160325333507038
4547 0
4547 28.3919163700434
4547 28.3919163700434
4547 28.3919163700434
4547 7.92034892865881
4547 0
4547 0
4547 0
4547 0.77906543442073
4547 0.77906543442073
4547 0
4547 0
4547 0
4547 1.0345236079077
4547 18.8755115600355
4547 18.8755115600355
4547 18.8755115600355
4545 418.104831492066
4545 418.104831492066
4545 418.104831492066
4545 418.104831492066
4545 0
4545 16.2976506140842
4545 16.2976506140842
4545 46.407466436374
4545 46.407466436374
4545 0.35674348165933
4545 0.208960843373494
4545 0.208960843373494
4545 0.208960843373494
4545 0.0174595094736627
4545 0.164514798479691
4545 0.120625281164897
4545 0.152874349264149
4545 0
4545 0
4545 0
4545 0.160325333507038
4545 0.160325333507038
4545 0
4545 28.3919163700434
4545 28.3919163700434
4545 28.3919163700434
4545 7.92034892865881
4545 0
4545 0
4545 0
4545 0.77906543442073
4545 0.77906543442073
4545 0
4545 0
4545 0
4545 1.0345236079077
4545 18.8755115600355
4545 18.8755115600355
4545 18.8755115600355
4544 418.104831492066
4544 418.104831492066
4544 418.104831492066
4544 418.104831492066
4544 0
4544 16.2976506140842
4544 16.2976506140842
4544 46.407466436374
4544 46.407466436374
4544 0.35674348165933
4544 0.208960843373494
4544 0.208960843373494
4544 0.208960843373494
4544 0.0174595094736627
4544 0.164514798479691
4544 0.120625281164897
4544 0.152874349264149
4544 0
4544 0
4544 0
4544 0.160325333507038
4544 0.160325333507038
4544 0
4544 28.3919163700434
4544 28.3919163700434
4544 28.3919163700434
4544 7.92034892865881
4544 0
4544 0
4544 0
4544 0.77906543442073
4544 0.77906543442073
4544 0
4544 0
4544 0
4544 1.0345236079077
4544 18.8755115600355
4544 18.8755115600355
4544 18.8755115600355
4543 418.104831492066
4543 418.104831492066
4543 418.104831492066
4543 418.104831492066
4543 0
4543 16.2976506140842
4543 16.2976506140842
4543 46.407466436374
4543 46.407466436374
4543 0.35674348165933
4543 0.208960843373494
4543 0.208960843373494
4543 0.208960843373494
4543 0.0174595094736627
4543 0.164514798479691
4543 0.120625281164897
4543 0.152874349264149
4543 0
4543 0
4543 0
4543 0.160325333507038
4543 0.160325333507038
4543 0
4543 28.3919163700434
4543 28.3919163700434
4543 28.3919163700434
4543 7.92034892865881
4543 0
4543 0
4543 0
4543 0.77906543442073
4543 0.77906543442073
4543 0
4543 0
4543 0
4543 1.0345236079077
4543 18.8755115600355
4543 18.8755115600355
4543 18.8755115600355
4350 418.104831492066
4350 418.104831492066
4350 418.104831492066
4350 418.104831492066
4350 0
4350 16.2976506140842
4350 16.2976506140842
4350 46.407466436374
4350 46.407466436374
4350 0.35674348165933
4350 0.208960843373494
4350 0.208960843373494
4350 0.208960843373494
4350 0.0174595094736627
4350 0.164514798479691
4350 0.120625281164897
4350 0.152874349264149
4350 0
4350 0
4350 0
4350 0.160325333507038
4350 0.160325333507038
4350 0
4350 28.3919163700434
4350 28.3919163700434
4350 28.3919163700434
4350 7.92034892865881
4350 0
4350 0
4350 0
4350 0.77906543442073
4350 0.77906543442073
4350 0
4350 0
4350 0
4350 1.0345236079077
4350 18.8755115600355
4350 18.8755115600355
4350 18.8755115600355
4639 418.104831492066
4639 418.104831492066
4639 418.104831492066
4639 418.104831492066
4639 0
4639 16.2976506140842
4639 16.2976506140842
4639 46.407466436374
4639 46.407466436374
4639 0.35674348165933
4639 0.208960843373494
4639 0.208960843373494
4639 0.208960843373494
4639 0.0174595094736627
4639 0.164514798479691
4639 0.120625281164897
4639 0.152874349264149
4639 0
4639 0
4639 0
4639 0.160325333507038
4639 0.160325333507038
4639 0
4639 28.3919163700434
4639 28.3919163700434
4639 28.3919163700434
4639 7.92034892865881
4639 0
4639 0
4639 0
4639 0.77906543442073
4639 0.77906543442073
4639 0
4639 0
4639 0
4639 1.0345236079077
4639 18.8755115600355
4639 18.8755115600355
4639 18.8755115600355
4638 418.104831492066
4638 418.104831492066
4638 418.104831492066
4638 418.104831492066
4638 0
4638 16.2976506140842
4638 16.2976506140842
4638 46.407466436374
4638 46.407466436374
4638 0.35674348165933
4638 0.208960843373494
4638 0.208960843373494
4638 0.208960843373494
4638 0.0174595094736627
4638 0.164514798479691
4638 0.120625281164897
4638 0.152874349264149
4638 0
4638 0
4638 0
4638 0.160325333507038
4638 0.160325333507038
4638 0
4638 28.3919163700434
4638 28.3919163700434
4638 28.3919163700434
4638 7.92034892865881
4638 0
4638 0
4638 0
4638 0.77906543442073
4638 0.77906543442073
4638 0
4638 0
4638 0
4638 1.0345236079077
4638 18.8755115600355
4638 18.8755115600355
4638 18.8755115600355
4635 418.104831492066
4635 418.104831492066
4635 418.104831492066
4635 418.104831492066
4635 0
4635 16.2976506140842
4635 16.2976506140842
4635 46.407466436374
4635 46.407466436374
4635 0.35674348165933
4635 0.208960843373494
4635 0.208960843373494
4635 0.208960843373494
4635 0.0174595094736627
4635 0.164514798479691
4635 0.120625281164897
4635 0.152874349264149
4635 0
4635 0
4635 0
4635 0.160325333507038
4635 0.160325333507038
4635 0
4635 28.3919163700434
4635 28.3919163700434
4635 28.3919163700434
4635 7.92034892865881
4635 0
4635 0
4635 0
4635 0.77906543442073
4635 0.77906543442073
4635 0
4635 0
4635 0
4635 1.0345236079077
4635 18.8755115600355
4635 18.8755115600355
4635 18.8755115600355
10002 418.104831492066
10002 418.104831492066
10002 418.104831492066
10002 418.104831492066
10002 0
10002 16.2976506140842
10002 16.2976506140842
10002 46.407466436374
10002 46.407466436374
10002 0.35674348165933
10002 0.208960843373494
10002 0.208960843373494
10002 0.208960843373494
10002 0.0174595094736627
10002 0.164514798479691
10002 0.120625281164897
10002 0.152874349264149
10002 0
10002 0
10002 0
10002 0.160325333507038
10002 0.160325333507038
10002 0
10002 28.3919163700434
10002 28.3919163700434
10002 28.3919163700434
10002 7.92034892865881
10002 0
10002 0
10002 0
10002 0.77906543442073
10002 0.77906543442073
10002 0
10002 0
10002 0
10002 1.0345236079077
10002 18.8755115600355
10002 18.8755115600355
10002 18.8755115600355
4533 418.104831492066
4533 418.104831492066
4533 418.104831492066
4533 418.104831492066
4533 0
4533 16.2976506140842
4533 16.2976506140842
4533 46.407466436374
4533 46.407466436374
4533 0.35674348165933
4533 0.208960843373494
4533 0.208960843373494
4533 0.208960843373494
4533 0.0174595094736627
4533 0.164514798479691
4533 0.120625281164897
4533 0.152874349264149
4533 0
4533 0
4533 0
4533 0.160325333507038
4533 0.160325333507038
4533 0
4533 28.3919163700434
4533 28.3919163700434
4533 28.3919163700434
4533 7.92034892865881
4533 0
4533 0
4533 0
4533 0.77906543442073
4533 0.77906543442073
4533 0
4533 0
4533 0
4533 1.0345236079077
4533 18.8755115600355
4533 18.8755115600355
4533 18.8755115600355
4820 418.104831492066
4820 418.104831492066
4820 418.104831492066
4820 418.104831492066
4820 0
4820 16.2976506140842
4820 16.2976506140842
4820 46.407466436374
4820 46.407466436374
4820 0.35674348165933
4820 0.208960843373494
4820 0.208960843373494
4820 0.208960843373494
4820 0.0174595094736627
4820 0.164514798479691
4820 0.120625281164897
4820 0.152874349264149
4820 0
4820 0
4820 0
4820 0.160325333507038
4820 0.160325333507038
4820 0
4820 28.3919163700434
4820 28.3919163700434
4820 28.3919163700434
4820 7.92034892865881
4820 0
4820 0
4820 0
4820 0.77906543442073
4820 0.77906543442073
4820 0
4820 0
4820 0
4820 1.0345236079077
4820 18.8755115600355
4820 18.8755115600355
4820 18.8755115600355
4911 418.104831492066
4911 418.104831492066
4911 418.104831492066
4911 418.104831492066
4911 0
4911 16.2976506140842
4911 16.2976506140842
4911 46.407466436374
4911 46.407466436374
4911 0.35674348165933
4911 0.208960843373494
4911 0.208960843373494
4911 0.208960843373494
4911 0.0174595094736627
4911 0.164514798479691
4911 0.120625281164897
4911 0.152874349264149
4911 0
4911 0
4911 0
4911 0.160325333507038
4911 0.160325333507038
4911 0
4911 28.3919163700434
4911 28.3919163700434
4911 28.3919163700434
4911 7.92034892865881
4911 0
4911 0
4911 0
4911 0.77906543442073
4911 0.77906543442073
4911 0
4911 0
4911 0
4911 1.0345236079077
4911 18.8755115600355
4911 18.8755115600355
4911 18.8755115600355
5089 418.104831492066
5089 418.104831492066
5089 418.104831492066
5089 418.104831492066
5089 0
5089 16.2976506140842
5089 16.2976506140842
5089 46.407466436374
5089 46.407466436374
5089 0.35674348165933
5089 0.208960843373494
5089 0.208960843373494
5089 0.208960843373494
5089 0.0174595094736627
5089 0.164514798479691
5089 0.120625281164897
5089 0.152874349264149
5089 0
5089 0
5089 0
5089 0.160325333507038
5089 0.160325333507038
5089 0
5089 28.3919163700434
5089 28.3919163700434
5089 28.3919163700434
5089 7.92034892865881
5089 0
5089 0
5089 0
5089 0.77906543442073
5089 0.77906543442073
5089 0
5089 0
5089 0
5089 1.0345236079077
5089 18.8755115600355
5089 18.8755115600355
5089 18.8755115600355
5181 418.104831492066
5181 418.104831492066
5181 418.104831492066
5181 418.104831492066
5181 0
5181 16.2976506140842
5181 16.2976506140842
5181 46.407466436374
5181 46.407466436374
5181 0.35674348165933
5181 0.208960843373494
5181 0.208960843373494
5181 0.208960843373494
5181 0.0174595094736627
5181 0.164514798479691
5181 0.120625281164897
5181 0.152874349264149
5181 0
5181 0
5181 0
5181 0.160325333507038
5181 0.160325333507038
5181 0
5181 28.3919163700434
5181 28.3919163700434
5181 28.3919163700434
5181 7.92034892865881
5181 0
5181 0
5181 0
5181 0.77906543442073
5181 0.77906543442073
5181 0
5181 0
5181 0
5181 1.0345236079077
5181 18.8755115600355
5181 18.8755115600355
5181 18.8755115600355
5179 418.104831492066
5179 418.104831492066
5179 418.104831492066
5179 418.104831492066
5179 0
5179 16.2976506140842
5179 16.2976506140842
5179 46.407466436374
5179 46.407466436374
5179 0.35674348165933
5179 0.208960843373494
5179 0.208960843373494
5179 0.208960843373494
5179 0.0174595094736627
5179 0.164514798479691
5179 0.120625281164897
5179 0.152874349264149
5179 0
5179 0
5179 0
5179 0.160325333507038
5179 0.160325333507038
5179 0
5179 28.3919163700434
5179 28.3919163700434
5179 28.3919163700434
5179 7.92034892865881
5179 0
5179 0
5179 0
5179 0.77906543442073
5179 0.77906543442073
5179 0
5179 0
5179 0
5179 1.0345236079077
5179 18.8755115600355
5179 18.8755115600355
5179 18.8755115600355
5178 418.104831492066
5178 418.104831492066
5178 418.104831492066
5178 418.104831492066
5178 0
5178 16.2976506140842
5178 16.2976506140842
5178 46.407466436374
5178 46.407466436374
5178 0.35674348165933
5178 0.208960843373494
5178 0.208960843373494
5178 0.208960843373494
5178 0.0174595094736627
5178 0.164514798479691
5178 0.120625281164897
5178 0.152874349264149
5178 0
5178 0
5178 0
5178 0.160325333507038
5178 0.160325333507038
5178 0
5178 28.3919163700434
5178 28.3919163700434
5178 28.3919163700434
5178 7.92034892865881
5178 0
5178 0
5178 0
5178 0.77906543442073
5178 0.77906543442073
5178 0
5178 0
5178 0
5178 1.0345236079077
5178 18.8755115600355
5178 18.8755115600355
5178 18.8755115600355
5078 418.104831492066
5078 418.104831492066
5078 418.104831492066
5078 418.104831492066
5078 0
5078 16.2976506140842
5078 16.2976506140842
5078 46.407466436374
5078 46.407466436374
5078 0.35674348165933
5078 0.208960843373494
5078 0.208960843373494
5078 0.208960843373494
5078 0.0174595094736627
5078 0.164514798479691
5078 0.120625281164897
5078 0.152874349264149
5078 0
5078 0
5078 0
5078 0.160325333507038
5078 0.160325333507038
5078 0
5078 28.3919163700434
5078 28.3919163700434
5078 28.3919163700434
5078 7.92034892865881
5078 0
5078 0
5078 0
5078 0.77906543442073
5078 0.77906543442073
5078 0
5078 0
5078 0
5078 1.0345236079077
5078 18.8755115600355
5078 18.8755115600355
5078 18.8755115600355
5356 418.104831492066
5356 418.104831492066
5356 418.104831492066
5356 418.104831492066
5356 0
5356 16.2976506140842
5356 16.2976506140842
5356 46.407466436374
5356 46.407466436374
5356 0.35674348165933
5356 0.208960843373494
5356 0.208960843373494
5356 0.208960843373494
5356 0.0174595094736627
5356 0.164514798479691
5356 0.120625281164897
5356 0.152874349264149
5356 0
5356 0
5356 0
5356 0.160325333507038
5356 0.160325333507038
5356 0
5356 28.3919163700434
5356 28.3919163700434
5356 28.3919163700434
5356 7.92034892865881
5356 0
5356 0
5356 0
5356 0.77906543442073
5356 0.77906543442073
5356 0
5356 0
5356 0
5356 1.0345236079077
5356 18.8755115600355
5356 18.8755115600355
5356 18.8755115600355
5346 418.104831492066
5346 418.104831492066
5346 418.104831492066
5346 418.104831492066
5346 0
5346 16.2976506140842
5346 16.2976506140842
5346 46.407466436374
5346 46.407466436374
5346 0.35674348165933
5346 0.208960843373494
5346 0.208960843373494
5346 0.208960843373494
5346 0.0174595094736627
5346 0.164514798479691
5346 0.120625281164897
5346 0.152874349264149
5346 0
5346 0
5346 0
5346 0.160325333507038
5346 0.160325333507038
5346 0
5346 28.3919163700434
5346 28.3919163700434
5346 28.3919163700434
5346 7.92034892865881
5346 0
5346 0
5346 0
5346 0.77906543442073
5346 0.77906543442073
5346 0
5346 0
5346 0
5346 1.0345236079077
5346 18.8755115600355
5346 18.8755115600355
5346 18.8755115600355
5619 418.104831492066
5619 418.104831492066
5619 418.104831492066
5619 418.104831492066
5619 0
5619 16.2976506140842
5619 16.2976506140842
5619 46.407466436374
5619 46.407466436374
5619 0.35674348165933
5619 0.208960843373494
5619 0.208960843373494
5619 0.208960843373494
5619 0.0174595094736627
5619 0.164514798479691
5619 0.120625281164897
5619 0.152874349264149
5619 0
5619 0
5619 0
5619 0.160325333507038
5619 0.160325333507038
5619 0
5619 28.3919163700434
5619 28.3919163700434
5619 28.3919163700434
5619 7.92034892865881
5619 0
5619 0
5619 0
5619 0.77906543442073
5619 0.77906543442073
5619 0
5619 0
5619 0
5619 1.0345236079077
5619 18.8755115600355
5619 18.8755115600355
5619 18.8755115600355
5618 418.104831492066
5618 418.104831492066
5618 418.104831492066
5618 418.104831492066
5618 0
5618 16.2976506140842
5618 16.2976506140842
5618 46.407466436374
5618 46.407466436374
5618 0.35674348165933
5618 0.208960843373494
5618 0.208960843373494
5618 0.208960843373494
5618 0.0174595094736627
5618 0.164514798479691
5618 0.120625281164897
5618 0.152874349264149
5618 0
5618 0
5618 0
5618 0.160325333507038
5618 0.160325333507038
5618 0
5618 28.3919163700434
5618 28.3919163700434
5618 28.3919163700434
5618 7.92034892865881
5618 0
5618 0
5618 0
5618 0.77906543442073
5618 0.77906543442073
5618 0
5618 0
5618 0
5618 1.0345236079077
5618 18.8755115600355
5618 18.8755115600355
5618 18.8755115600355
5615 418.104831492066
5615 418.104831492066
5615 418.104831492066
5615 418.104831492066
5615 0
5615 16.2976506140842
5615 16.2976506140842
5615 46.407466436374
5615 46.407466436374
5615 0.35674348165933
5615 0.208960843373494
5615 0.208960843373494
5615 0.208960843373494
5615 0.0174595094736627
5615 0.164514798479691
5615 0.120625281164897
5615 0.152874349264149
5615 0
5615 0
5615 0
5615 0.160325333507038
5615 0.160325333507038
5615 0
5615 28.3919163700434
5615 28.3919163700434
5615 28.3919163700434
5615 7.92034892865881
5615 0
5615 0
5615 0
5615 0.77906543442073
5615 0.77906543442073
5615 0
5615 0
5615 0
5615 1.0345236079077
5615 18.8755115600355
5615 18.8755115600355
5615 18.8755115600355
5614 418.104831492066
5614 418.104831492066
5614 418.104831492066
5614 418.104831492066
5614 0
5614 16.2976506140842
5614 16.2976506140842
5614 46.407466436374
5614 46.407466436374
5614 0.35674348165933
5614 0.208960843373494
5614 0.208960843373494
5614 0.208960843373494
5614 0.0174595094736627
5614 0.164514798479691
5614 0.120625281164897
5614 0.152874349264149
5614 0
5614 0
5614 0
5614 0.160325333507038
5614 0.160325333507038
5614 0
5614 28.3919163700434
5614 28.3919163700434
5614 28.3919163700434
5614 7.92034892865881
5614 0
5614 0
5614 0
5614 0.77906543442073
5614 0.77906543442073
5614 0
5614 0
5614 0
5614 1.0345236079077
5614 18.8755115600355
5614 18.8755115600355
5614 18.8755115600355
9926 418.104831492066
9926 418.104831492066
9926 418.104831492066
9926 418.104831492066
9926 0
9926 16.2976506140842
9926 16.2976506140842
9926 46.407466436374
9926 46.407466436374
9926 0.35674348165933
9926 0.208960843373494
9926 0.208960843373494
9926 0.208960843373494
9926 0.0174595094736627
9926 0.164514798479691
9926 0.120625281164897
9926 0.152874349264149
9926 0
9926 0
9926 0
9926 0.160325333507038
9926 0.160325333507038
9926 0
9926 28.3919163700434
9926 28.3919163700434
9926 28.3919163700434
9926 7.92034892865881
9926 0
9926 0
9926 0
9926 0.77906543442073
9926 0.77906543442073
9926 0
9926 0
9926 0
9926 1.0345236079077
9926 18.8755115600355
9926 18.8755115600355
9926 18.8755115600355
5706 418.104831492066
5706 418.104831492066
5706 418.104831492066
5706 418.104831492066
5706 0
5706 16.2976506140842
5706 16.2976506140842
5706 46.407466436374
5706 46.407466436374
5706 0.35674348165933
5706 0.208960843373494
5706 0.208960843373494
5706 0.208960843373494
5706 0.0174595094736627
5706 0.164514798479691
5706 0.120625281164897
5706 0.152874349264149
5706 0
5706 0
5706 0
5706 0.160325333507038
5706 0.160325333507038
5706 0
5706 28.3919163700434
5706 28.3919163700434
5706 28.3919163700434
5706 7.92034892865881
5706 0
5706 0
5706 0
5706 0.77906543442073
5706 0.77906543442073
5706 0
5706 0
5706 0
5706 1.0345236079077
5706 18.8755115600355
5706 18.8755115600355
5706 18.8755115600355
5704 418.104831492066
5704 418.104831492066
5704 418.104831492066
5704 418.104831492066
5704 0
5704 16.2976506140842
5704 16.2976506140842
5704 46.407466436374
5704 46.407466436374
5704 0.35674348165933
5704 0.208960843373494
5704 0.208960843373494
5704 0.208960843373494
5704 0.0174595094736627
5704 0.164514798479691
5704 0.120625281164897
5704 0.152874349264149
5704 0
5704 0
5704 0
5704 0.160325333507038
5704 0.160325333507038
5704 0
5704 28.3919163700434
5704 28.3919163700434
5704 28.3919163700434
5704 7.92034892865881
5704 0
5704 0
5704 0
5704 0.77906543442073
5704 0.77906543442073
5704 0
5704 0
5704 0
5704 1.0345236079077
5704 18.8755115600355
5704 18.8755115600355
5704 18.8755115600355
5703 418.104831492066
5703 418.104831492066
5703 418.104831492066
5703 418.104831492066
5703 0
5703 16.2976506140842
5703 16.2976506140842
5703 46.407466436374
5703 46.407466436374
5703 0.35674348165933
5703 0.208960843373494
5703 0.208960843373494
5703 0.208960843373494
5703 0.0174595094736627
5703 0.164514798479691
5703 0.120625281164897
5703 0.152874349264149
5703 0
5703 0
5703 0
5703 0.160325333507038
5703 0.160325333507038
5703 0
5703 28.3919163700434
5703 28.3919163700434
5703 28.3919163700434
5703 7.92034892865881
5703 0
5703 0
5703 0
5703 0.77906543442073
5703 0.77906543442073
5703 0
5703 0
5703 0
5703 1.0345236079077
5703 18.8755115600355
5703 18.8755115600355
5703 18.8755115600355
5702 418.104831492066
5702 418.104831492066
5702 418.104831492066
5702 418.104831492066
5702 0
5702 16.2976506140842
5702 16.2976506140842
5702 46.407466436374
5702 46.407466436374
5702 0.35674348165933
5702 0.208960843373494
5702 0.208960843373494
5702 0.208960843373494
5702 0.0174595094736627
5702 0.164514798479691
5702 0.120625281164897
5702 0.152874349264149
5702 0
5702 0
5702 0
5702 0.160325333507038
5702 0.160325333507038
5702 0
5702 28.3919163700434
5702 28.3919163700434
5702 28.3919163700434
5702 7.92034892865881
5702 0
5702 0
5702 0
5702 0.77906543442073
5702 0.77906543442073
5702 0
5702 0
5702 0
5702 1.0345236079077
5702 18.8755115600355
5702 18.8755115600355
5702 18.8755115600355
5701 418.104831492066
5701 418.104831492066
5701 418.104831492066
5701 418.104831492066
5701 0
5701 16.2976506140842
5701 16.2976506140842
5701 46.407466436374
5701 46.407466436374
5701 0.35674348165933
5701 0.208960843373494
5701 0.208960843373494
5701 0.208960843373494
5701 0.0174595094736627
5701 0.164514798479691
5701 0.120625281164897
5701 0.152874349264149
5701 0
5701 0
5701 0
5701 0.160325333507038
5701 0.160325333507038
5701 0
5701 28.3919163700434
5701 28.3919163700434
5701 28.3919163700434
5701 7.92034892865881
5701 0
5701 0
5701 0
5701 0.77906543442073
5701 0.77906543442073
5701 0
5701 0
5701 0
5701 1.0345236079077
5701 18.8755115600355
5701 18.8755115600355
5701 18.8755115600355
5796 418.104831492066
5796 418.104831492066
5796 418.104831492066
5796 418.104831492066
5796 0
5796 16.2976506140842
5796 16.2976506140842
5796 46.407466436374
5796 46.407466436374
5796 0.35674348165933
5796 0.208960843373494
5796 0.208960843373494
5796 0.208960843373494
5796 0.0174595094736627
5796 0.164514798479691
5796 0.120625281164897
5796 0.152874349264149
5796 0
5796 0
5796 0
5796 0.160325333507038
5796 0.160325333507038
5796 0
5796 28.3919163700434
5796 28.3919163700434
5796 28.3919163700434
5796 7.92034892865881
5796 0
5796 0
5796 0
5796 0.77906543442073
5796 0.77906543442073
5796 0
5796 0
5796 0
5796 1.0345236079077
5796 18.8755115600355
5796 18.8755115600355
5796 18.8755115600355
5795 418.104831492066
5795 418.104831492066
5795 418.104831492066
5795 418.104831492066
5795 0
5795 16.2976506140842
5795 16.2976506140842
5795 46.407466436374
5795 46.407466436374
5795 0.35674348165933
5795 0.208960843373494
5795 0.208960843373494
5795 0.208960843373494
5795 0.0174595094736627
5795 0.164514798479691
5795 0.120625281164897
5795 0.152874349264149
5795 0
5795 0
5795 0
5795 0.160325333507038
5795 0.160325333507038
5795 0
5795 28.3919163700434
5795 28.3919163700434
5795 28.3919163700434
5795 7.92034892865881
5795 0
5795 0
5795 0
5795 0.77906543442073
5795 0.77906543442073
5795 0
5795 0
5795 0
5795 1.0345236079077
5795 18.8755115600355
5795 18.8755115600355
5795 18.8755115600355
5794 418.104831492066
5794 418.104831492066
5794 418.104831492066
5794 418.104831492066
5794 0
5794 16.2976506140842
5794 16.2976506140842
5794 46.407466436374
5794 46.407466436374
5794 0.35674348165933
5794 0.208960843373494
5794 0.208960843373494
5794 0.208960843373494
5794 0.0174595094736627
5794 0.164514798479691
5794 0.120625281164897
5794 0.152874349264149
5794 0
5794 0
5794 0
5794 0.160325333507038
5794 0.160325333507038
5794 0
5794 28.3919163700434
5794 28.3919163700434
5794 28.3919163700434
5794 7.92034892865881
5794 0
5794 0
5794 0
5794 0.77906543442073
5794 0.77906543442073
5794 0
5794 0
5794 0
5794 1.0345236079077
5794 18.8755115600355
5794 18.8755115600355
5794 18.8755115600355
5792 418.104831492066
5792 418.104831492066
5792 418.104831492066
5792 418.104831492066
5792 0
5792 16.2976506140842
5792 16.2976506140842
5792 46.407466436374
5792 46.407466436374
5792 0.35674348165933
5792 0.208960843373494
5792 0.208960843373494
5792 0.208960843373494
5792 0.0174595094736627
5792 0.164514798479691
5792 0.120625281164897
5792 0.152874349264149
5792 0
5792 0
5792 0
5792 0.160325333507038
5792 0.160325333507038
5792 0
5792 28.3919163700434
5792 28.3919163700434
5792 28.3919163700434
5792 7.92034892865881
5792 0
5792 0
5792 0
5792 0.77906543442073
5792 0.77906543442073
5792 0
5792 0
5792 0
5792 1.0345236079077
5792 18.8755115600355
5792 18.8755115600355
5792 18.8755115600355
5791 418.104831492066
5791 418.104831492066
5791 418.104831492066
5791 418.104831492066
5791 0
5791 16.2976506140842
5791 16.2976506140842
5791 46.407466436374
5791 46.407466436374
5791 0.35674348165933
5791 0.208960843373494
5791 0.208960843373494
5791 0.208960843373494
5791 0.0174595094736627
5791 0.164514798479691
5791 0.120625281164897
5791 0.152874349264149
5791 0
5791 0
5791 0
5791 0.160325333507038
5791 0.160325333507038
5791 0
5791 28.3919163700434
5791 28.3919163700434
5791 28.3919163700434
5791 7.92034892865881
5791 0
5791 0
5791 0
5791 0.77906543442073
5791 0.77906543442073
5791 0
5791 0
5791 0
5791 1.0345236079077
5791 18.8755115600355
5791 18.8755115600355
5791 18.8755115600355
5887 418.104831492066
5887 418.104831492066
5887 418.104831492066
5887 418.104831492066
5887 0
5887 16.2976506140842
5887 16.2976506140842
5887 46.407466436374
5887 46.407466436374
5887 0.35674348165933
5887 0.208960843373494
5887 0.208960843373494
5887 0.208960843373494
5887 0.0174595094736627
5887 0.164514798479691
5887 0.120625281164897
5887 0.152874349264149
5887 0
5887 0
5887 0
5887 0.160325333507038
5887 0.160325333507038
5887 0
5887 28.3919163700434
5887 28.3919163700434
5887 28.3919163700434
5887 7.92034892865881
5887 0
5887 0
5887 0
5887 0.77906543442073
5887 0.77906543442073
5887 0
5887 0
5887 0
5887 1.0345236079077
5887 18.8755115600355
5887 18.8755115600355
5887 18.8755115600355
