pt_graph met
2775 14
2775 15
3000 15
3085 14
3085 15
3146 14
3230 15
3234 15
3320 14
3321 15
3394 15
3405 14
3470 15
3483 15
3553 15
3567 14
3568 14
3719 14
3719 15
3729 14
3997 14
4087 15
4089 14
4250 15
4343 14
4436 14
4625 14
4704 15
4711 14
4793 14
4794 14
4802 15
4803 15
4820 14
4890 14
4890 15
4891 14
4981 14
4981 15
5070 14
5158 14
5165 14
5177 15
5247 14
5338 15
5339 15
5342 15
5355 14
5355 15
5426 14
5427 15
5428 14
5430 14
5430 15
5444 15
5511 14
5511 15
5512 14
5516 15
5517 14
5517 15
5518 14
5518 15
5531 15
5534 15
5600 14
5602 14
5605 14
5605 15
5606 15
5612 14
5614 14
5614 15
5615 14
5615 15
5618 14
5618 15
5684 15
5685 15
5692 14
5694 14
5703 15
5704 15
5776 15
5777 14
5777 15
5784 14
5784 15
5788 14
5793 14
5795 14
5796 14
5796 15
5869 15
5879 14
5879 15
5884 14
5886 15
5887 14
5969 14
5969 15
5975 14
5976 14
5976 15
5978 15
5984 15
6064 14
6073 14
6074 14
6074 15
6079 14
6079 15
6080 14
6080 15
6081 15
6086 14
6172 15
6174 14
6174 15
6175 14
6175 15
6177 14
6177 15
6178 14
6178 15
6179 14
6179 15
6180 14
6180 15
6181 15
6184 14
6267 14
6268 14
6268 15
6269 14
6269 15
6270 14
6270 15
6271 14
6271 15
6274 14
6274 15
6360 14
6360 15
6361 14
6361 15
6363 15
6364 14
6364 15
6442 14
6448 15
6451 14
6451 15
6452 14
6452 15
6456 15
6458 15
6537 15
6538 14
6538 15
6539 15
6544 15
6621 15
6690 15
6766 15
6775 15
6777 14
6847 14
6848 14
6915 14
6985 14
6985 15
6988 14
7052 14
7052 15
7121 15
7122 14
7123 14
7125 15
7195 14
7197 14
7197 15
7198 14
7198 15
7200 14
7200 15
7269 14
7269 15
9869 14
10342 15
