pt_graph met
4007 13
4180 13
4184 13
4456 13
4634 13
4638 13
4728 13
4913 13
5089 13
5092 13
5339 13
5427 13
5430 13
5517 13
5521 13
5527 13
5602 13
5605 13
5606 13
5614 13
5618 13
5693 13
5704 13
5705 13
5793 13
5795 13
5796 13
5871 13
5879 13
5887 13
5976 13
5978 13
5980 13
5984 13
6073 13
6074 13
6077 13
6079 13
6080 13
6081 13
6172 13
6174 13
6175 13
6177 13
6178 13
6268 13
6269 13
6271 13
6274 13
6359 13
6360 13
6361 13
6364 13
6366 13
6451 13
6452 13
6453 13
6544 13
6699 13
6701 13
6917 13
6921 13
10023 13
10946 13
