pt_graph shape
3085 1
3085 1
3085 1
3085 1
3085 1
3085 1
3085 1
3085 1
3085 1
3085 1
3085 1
3085 1
3085 1
3085 1
3085 1
3085 1
3085 1
3085 1
3085 1
3085 1
3085 1
3085 1
3085 1
3085 1
3085 1
3085 1
3085 1
3085 1
3085 1
3085 1
3085 1
3085 1
3085 1
3085 1
3085 1
3085 1
3085 1
3085 1
3085 1
3085 1
3085 1
3085 1
3085 1
3085 1
3085 1
3082 1
3082 1
3082 1
3082 1
3082 1
3082 1
3082 1
3082 1
3082 1
3082 1
3082 1
3082 1
3082 1
3082 1
3082 1
3082 1
3082 1
3082 1
3082 1
3082 1
3082 1
3082 1
3082 1
3082 1
3082 1
3082 1
3082 1
3082 1
3082 1
3082 1
3082 1
3082 1
3082 1
3082 1
3082 1
3082 1
3082 1
3082 1
3082 1
3082 1
3082 1
3082 1
3082 1
3082 1
3082 1
3400 1
3400 1
3400 1
3400 1
3400 1
3400 1
3400 1
3400 1
3400 1
3400 1
3400 1
3400 1
3400 1
3400 1
3400 1
3400 1
3400 1
3400 1
3400 1
3400 1
3400 1
3400 1
3400 1
3400 1
3400 1
3400 1
3400 1
3400 1
3400 1
3400 1
3400 1
3400 1
3400 1
3400 1
3400 1
3400 1
3400 1
3400 1
3400 1
3400 1
3400 1
3400 1
3400 1
3400 1
3400 1
3829 1
3829 1
3829 1
3829 1
3829 1
3829 1
3829 1
3829 1
3829 1
3829 1
3829 1
3829 1
3829 1
3829 1
3829 1
3829 1
3829 1
3829 1
3829 1
3829 1
3829 1
3829 1
3829 1
3829 1
3829 1
3829 1
3829 1
3829 1
3829 1
3829 1
3829 1
3829 1
3829 1
3829 1
3829 1
3829 1
3829 1
3829 1
3829 1
3829 1
3829 1
3829 1
3829 1
3829 1
3829 1
3648 1
3648 1
3648 1
3648 1
3648 1
3648 1
3648 1
3648 1
3648 1
3648 1
3648 1
3648 1
3648 1
3648 1
3648 1
3648 1
3648 1
3648 1
3648 1
3648 1
3648 1
3648 1
3648 1
3648 1
3648 1
3648 1
3648 1
3648 1
3648 1
3648 1
3648 1
3648 1
3648 1
3648 1
3648 1
3648 1
3648 1
3648 1
3648 1
3648 1
3648 1
3648 1
3648 1
3648 1
3648 1
3642 1
3642 1
3642 1
3642 1
3642 1
3642 1
3642 1
3642 1
3642 1
3642 1
3642 1
3642 1
3642 1
3642 1
3642 1
3642 1
3642 1
3642 1
3642 1
3642 1
3642 1
3642 1
3642 1
3642 1
3642 1
3642 1
3642 1
3642 1
3642 1
3642 1
3642 1
3642 1
3642 1
3642 1
3642 1
3642 1
3642 1
3642 1
3642 1
3642 1
3642 1
3642 1
3642 1
3642 1
3642 1
3719 1
3719 1
3719 1
3719 1
3719 1
3719 1
3719 1
3719 1
3719 1
3719 1
3719 1
3719 1
3719 1
3719 1
3719 1
3719 1
3719 1
3719 1
3719 1
3719 1
3719 1
3719 1
3719 1
3719 1
3719 1
3719 1
3719 1
3719 1
3719 1
3719 1
3719 1
3719 1
3719 1
3719 1
3719 1
3719 1
3719 1
3719 1
3719 1
3719 1
3719 1
3719 1
3719 1
3719 1
3719 1
3908 1
3908 1
3908 1
3908 1
3908 1
3908 1
3908 1
3908 1
3908 1
3908 1
3908 1
3908 1
3908 1
3908 1
3908 1
3908 1
3908 1
3908 1
3908 1
3908 1
3908 1
3908 1
3908 1
3908 1
3908 1
3908 1
3908 1
3908 1
3908 1
3908 1
3908 1
3908 1
3908 1
3908 1
3908 1
3908 1
3908 1
3908 1
3908 1
3908 1
3908 1
3908 1
3908 1
3908 1
3908 1
3903 1
3903 1
3903 1
3903 1
3903 1
3903 1
3903 1
3903 1
3903 1
3903 1
3903 1
3903 1
3903 1
3903 1
3903 1
3903 1
3903 1
3903 1
3903 1
3903 1
3903 1
3903 1
3903 1
3903 1
3903 1
3903 1
3903 1
3903 1
3903 1
3903 1
3903 1
3903 1
3903 1
3903 1
3903 1
3903 1
3903 1
3903 1
3903 1
3903 1
3903 1
3903 1
3903 1
3903 1
3903 1
4178 1
4178 1
4178 1
4178 1
4178 1
4178 1
4178 1
4178 1
4178 1
4178 1
4178 1
4178 1
4178 1
4178 1
4178 1
4178 1
4178 1
4178 1
4178 1
4178 1
4178 1
4178 1
4178 1
4178 1
4178 1
4178 1
4178 1
4178 1
4178 1
4178 1
4178 1
4178 1
4178 1
4178 1
4178 1
4178 1
4178 1
4178 1
4178 1
4178 1
4178 1
4178 1
4178 1
4178 1
4178 1
3987 1
3987 1
3987 1
3987 1
3987 1
3987 1
3987 1
3987 1
3987 1
3987 1
3987 1
3987 1
3987 1
3987 1
3987 1
3987 1
3987 1
3987 1
3987 1
3987 1
3987 1
3987 1
3987 1
3987 1
3987 1
3987 1
3987 1
3987 1
3987 1
3987 1
3987 1
3987 1
3987 1
3987 1
3987 1
3987 1
3987 1
3987 1
3987 1
3987 1
3987 1
3987 1
3987 1
3987 1
3987 1
4270 1
4270 1
4270 1
4270 1
4270 1
4270 1
4270 1
4270 1
4270 1
4270 1
4270 1
4270 1
4270 1
4270 1
4270 1
4270 1
4270 1
4270 1
4270 1
4270 1
4270 1
4270 1
4270 1
4270 1
4270 1
4270 1
4270 1
4270 1
4270 1
4270 1
4270 1
4270 1
4270 1
4270 1
4270 1
4270 1
4270 1
4270 1
4270 1
4270 1
4270 1
4270 1
4270 1
4270 1
4270 1
4090 1
4090 1
4090 1
4090 1
4090 1
4090 1
4090 1
4090 1
4090 1
4090 1
4090 1
4090 1
4090 1
4090 1
4090 1
4090 1
4090 1
4090 1
4090 1
4090 1
4090 1
4090 1
4090 1
4090 1
4090 1
4090 1
4090 1
4090 1
4090 1
4090 1
4090 1
4090 1
4090 1
4090 1
4090 1
4090 1
4090 1
4090 1
4090 1
4090 1
4090 1
4090 1
4090 1
4090 1
4090 1
4081 1
4081 1
4081 1
4081 1
4081 1
4081 1
4081 1
4081 1
4081 1
4081 1
4081 1
4081 1
4081 1
4081 1
4081 1
4081 1
4081 1
4081 1
4081 1
4081 1
4081 1
4081 1
4081 1
4081 1
4081 1
4081 1
4081 1
4081 1
4081 1
4081 1
4081 1
4081 1
4081 1
4081 1
4081 1
4081 1
4081 1
4081 1
4081 1
4081 1
4081 1
4081 1
4081 1
4081 1
4081 1
4173 1
4173 1
4173 1
4173 1
4173 1
4173 1
4173 1
4173 1
4173 1
4173 1
4173 1
4173 1
4173 1
4173 1
4173 1
4173 1
4173 1
4173 1
4173 1
4173 1
4173 1
4173 1
4173 1
4173 1
4173 1
4173 1
4173 1
4173 1
4173 1
4173 1
4173 1
4173 1
4173 1
4173 1
4173 1
4173 1
4173 1
4173 1
4173 1
4173 1
4173 1
4173 1
4173 1
4173 1
4173 1
4639 1
4639 1
4639 1
4639 1
4639 1
4639 1
4639 1
4639 1
4639 1
4639 1
4639 1
4639 1
4639 1
4639 1
4639 1
4639 1
4639 1
4639 1
4639 1
4639 1
4639 1
4639 1
4639 1
4639 1
4639 1
4639 1
4639 1
4639 1
4639 1
4639 1
4639 1
4639 1
4639 1
4639 1
4639 1
4639 1
4639 1
4639 1
4639 1
4639 1
4639 1
4639 1
4639 1
4639 1
4639 1
4636 1
4636 1
4636 1
4636 1
4636 1
4636 1
4636 1
4636 1
4636 1
4636 1
4636 1
4636 1
4636 1
4636 1
4636 1
4636 1
4636 1
4636 1
4636 1
4636 1
4636 1
4636 1
4636 1
4636 1
4636 1
4636 1
4636 1
4636 1
4636 1
4636 1
4636 1
4636 1
4636 1
4636 1
4636 1
4636 1
4636 1
4636 1
4636 1
4636 1
4636 1
4636 1
4636 1
4636 1
4636 1
4336 1
4336 1
4336 1
4336 1
4336 1
4336 1
4336 1
4336 1
4336 1
4336 1
4336 1
4336 1
4336 1
4336 1
4336 1
4336 1
4336 1
4336 1
4336 1
4336 1
4336 1
4336 1
4336 1
4336 1
4336 1
4336 1
4336 1
4336 1
4336 1
4336 1
4336 1
4336 1
4336 1
4336 1
4336 1
4336 1
4336 1
4336 1
4336 1
4336 1
4336 1
4336 1
4336 1
4336 1
4336 1
4635 1
4635 1
4635 1
4635 1
4635 1
4635 1
4635 1
4635 1
4635 1
4635 1
4635 1
4635 1
4635 1
4635 1
4635 1
4635 1
4635 1
4635 1
4635 1
4635 1
4635 1
4635 1
4635 1
4635 1
4635 1
4635 1
4635 1
4635 1
4635 1
4635 1
4635 1
4635 1
4635 1
4635 1
4635 1
4635 1
4635 1
4635 1
4635 1
4635 1
4635 1
4635 1
4635 1
4635 1
4635 1
4437 1
4437 1
4437 1
4437 1
4437 1
4437 1
4437 1
4437 1
4437 1
4437 1
4437 1
4437 1
4437 1
4437 1
4437 1
4437 1
4437 1
4437 1
4437 1
4437 1
4437 1
4437 1
4437 1
4437 1
4437 1
4437 1
4437 1
4437 1
4437 1
4437 1
4437 1
4437 1
4437 1
4437 1
4437 1
4437 1
4437 1
4437 1
4437 1
4437 1
4437 1
4437 1
4437 1
4437 1
4437 1
4730 1
4730 1
4730 1
4730 1
4730 1
4730 1
4730 1
4730 1
4730 1
4730 1
4730 1
4730 1
4730 1
4730 1
4730 1
4730 1
4730 1
4730 1
4730 1
4730 1
4730 1
4730 1
4730 1
4730 1
4730 1
4730 1
4730 1
4730 1
4730 1
4730 1
4730 1
4730 1
4730 1
4730 1
4730 1
4730 1
4730 1
4730 1
4730 1
4730 1
4730 1
4730 1
4730 1
4730 1
4730 1
4427 1
4427 1
4427 1
4427 1
4427 1
4427 1
4427 1
4427 1
4427 1
4427 1
4427 1
4427 1
4427 1
4427 1
4427 1
4427 1
4427 1
4427 1
4427 1
4427 1
4427 1
4427 1
4427 1
4427 1
4427 1
4427 1
4427 1
4427 1
4427 1
4427 1
4427 1
4427 1
4427 1
4427 1
4427 1
4427 1
4427 1
4427 1
4427 1
4427 1
4427 1
4427 1
4427 1
4427 1
4427 1
10002 1
10002 1
10002 1
10002 1
10002 1
10002 1
10002 1
10002 1
10002 1
10002 1
10002 1
10002 1
10002 1
10002 1
10002 1
10002 1
10002 1
10002 1
10002 1
10002 1
10002 1
10002 1
10002 1
10002 1
10002 1
10002 1
10002 1
10002 1
10002 1
10002 1
10002 1
10002 1
10002 1
10002 1
10002 1
10002 1
10002 1
10002 1
10002 1
10002 1
10002 1
10002 1
10002 1
10002 1
10002 1
4531 1
4531 1
4531 1
4531 1
4531 1
4531 1
4531 1
4531 1
4531 1
4531 1
4531 1
4531 1
4531 1
4531 1
4531 1
4531 1
4531 1
4531 1
4531 1
4531 1
4531 1
4531 1
4531 1
4531 1
4531 1
4531 1
4531 1
4531 1
4531 1
4531 1
4531 1
4531 1
4531 1
4531 1
4531 1
4531 1
4531 1
4531 1
4531 1
4531 1
4531 1
4531 1
4531 1
4531 1
4531 1
4528 1
4528 1
4528 1
4528 1
4528 1
4528 1
4528 1
4528 1
4528 1
4528 1
4528 1
4528 1
4528 1
4528 1
4528 1
4528 1
4528 1
4528 1
4528 1
4528 1
4528 1
4528 1
4528 1
4528 1
4528 1
4528 1
4528 1
4528 1
4528 1
4528 1
4528 1
4528 1
4528 1
4528 1
4528 1
4528 1
4528 1
4528 1
4528 1
4528 1
4528 1
4528 1
4528 1
4528 1
4528 1
4820 1
4820 1
4820 1
4820 1
4820 1
4820 1
4820 1
4820 1
4820 1
4820 1
4820 1
4820 1
4820 1
4820 1
4820 1
4820 1
4820 1
4820 1
4820 1
4820 1
4820 1
4820 1
4820 1
4820 1
4820 1
4820 1
4820 1
4820 1
4820 1
4820 1
4820 1
4820 1
4820 1
4820 1
4820 1
4820 1
4820 1
4820 1
4820 1
4820 1
4820 1
4820 1
4820 1
4820 1
4820 1
4911 1
4911 1
4911 1
4911 1
4911 1
4911 1
4911 1
4911 1
4911 1
4911 1
4911 1
4911 1
4911 1
4911 1
4911 1
4911 1
4911 1
4911 1
4911 1
4911 1
4911 1
4911 1
4911 1
4911 1
4911 1
4911 1
4911 1
4911 1
4911 1
4911 1
4911 1
4911 1
4911 1
4911 1
4911 1
4911 1
4911 1
4911 1
4911 1
4911 1
4911 1
4911 1
4911 1
4911 1
4911 1
4802 1
4802 1
4802 1
4802 1
4802 1
4802 1
4802 1
4802 1
4802 1
4802 1
4802 1
4802 1
4802 1
4802 1
4802 1
4802 1
4802 1
4802 1
4802 1
4802 1
4802 1
4802 1
4802 1
4802 1
4802 1
4802 1
4802 1
4802 1
4802 1
4802 1
4802 1
4802 1
4802 1
4802 1
4802 1
4802 1
4802 1
4802 1
4802 1
4802 1
4802 1
4802 1
4802 1
4802 1
4802 1
4800 1
4800 1
4800 1
4800 1
4800 1
4800 1
4800 1
4800 1
4800 1
4800 1
4800 1
4800 1
4800 1
4800 1
4800 1
4800 1
4800 1
4800 1
4800 1
4800 1
4800 1
4800 1
4800 1
4800 1
4800 1
4800 1
4800 1
4800 1
4800 1
4800 1
4800 1
4800 1
4800 1
4800 1
4800 1
4800 1
4800 1
4800 1
4800 1
4800 1
4800 1
4800 1
4800 1
4800 1
4800 1
5091 1
5091 1
5091 1
5091 1
5091 1
5091 1
5091 1
5091 1
5091 1
5091 1
5091 1
5091 1
5091 1
5091 1
5091 1
5091 1
5091 1
5091 1
5091 1
5091 1
5091 1
5091 1
5091 1
5091 1
5091 1
5091 1
5091 1
5091 1
5091 1
5091 1
5091 1
5091 1
5091 1
5091 1
5091 1
5091 1
5091 1
5091 1
5091 1
5091 1
5091 1
5091 1
5091 1
5091 1
5091 1
4792 1
4792 1
4792 1
4792 1
4792 1
4792 1
4792 1
4792 1
4792 1
4792 1
4792 1
4792 1
4792 1
4792 1
4792 1
4792 1
4792 1
4792 1
4792 1
4792 1
4792 1
4792 1
4792 1
4792 1
4792 1
4792 1
4792 1
4792 1
4792 1
4792 1
4792 1
4792 1
4792 1
4792 1
4792 1
4792 1
4792 1
4792 1
4792 1
4792 1
4792 1
4792 1
4792 1
4792 1
4792 1
4790 1
4790 1
4790 1
4790 1
4790 1
4790 1
4790 1
4790 1
4790 1
4790 1
4790 1
4790 1
4790 1
4790 1
4790 1
4790 1
4790 1
4790 1
4790 1
4790 1
4790 1
4790 1
4790 1
4790 1
4790 1
4790 1
4790 1
4790 1
4790 1
4790 1
4790 1
4790 1
4790 1
4790 1
4790 1
4790 1
4790 1
4790 1
4790 1
4790 1
4790 1
4790 1
4790 1
4790 1
4790 1
5089 1
5089 1
5089 1
5089 1
5089 1
5089 1
5089 1
5089 1
5089 1
5089 1
5089 1
5089 1
5089 1
5089 1
5089 1
5089 1
5089 1
5089 1
5089 1
5089 1
5089 1
5089 1
5089 1
5089 1
5089 1
5089 1
5089 1
5089 1
5089 1
5089 1
5089 1
5089 1
5089 1
5089 1
5089 1
5089 1
5089 1
5089 1
5089 1
5089 1
5089 1
5089 1
5089 1
5089 1
5089 1
4890 1
4890 1
4890 1
4890 1
4890 1
4890 1
4890 1
4890 1
4890 1
4890 1
4890 1
4890 1
4890 1
4890 1
4890 1
4890 1
4890 1
4890 1
4890 1
4890 1
4890 1
4890 1
4890 1
4890 1
4890 1
4890 1
4890 1
4890 1
4890 1
4890 1
4890 1
4890 1
4890 1
4890 1
4890 1
4890 1
4890 1
4890 1
4890 1
4890 1
4890 1
4890 1
4890 1
4890 1
4890 1
4888 1
4888 1
4888 1
4888 1
4888 1
4888 1
4888 1
4888 1
4888 1
4888 1
4888 1
4888 1
4888 1
4888 1
4888 1
4888 1
4888 1
4888 1
4888 1
4888 1
4888 1
4888 1
4888 1
4888 1
4888 1
4888 1
4888 1
4888 1
4888 1
4888 1
4888 1
4888 1
4888 1
4888 1
4888 1
4888 1
4888 1
4888 1
4888 1
4888 1
4888 1
4888 1
4888 1
4888 1
4888 1
4884 1
4884 1
4884 1
4884 1
4884 1
4884 1
4884 1
4884 1
4884 1
4884 1
4884 1
4884 1
4884 1
4884 1
4884 1
4884 1
4884 1
4884 1
4884 1
4884 1
4884 1
4884 1
4884 1
4884 1
4884 1
4884 1
4884 1
4884 1
4884 1
4884 1
4884 1
4884 1
4884 1
4884 1
4884 1
4884 1
4884 1
4884 1
4884 1
4884 1
4884 1
4884 1
4884 1
4884 1
4884 1
5179 1
5179 1
5179 1
5179 1
5179 1
5179 1
5179 1
5179 1
5179 1
5179 1
5179 1
5179 1
5179 1
5179 1
5179 1
5179 1
5179 1
5179 1
5179 1
5179 1
5179 1
5179 1
5179 1
5179 1
5179 1
5179 1
5179 1
5179 1
5179 1
5179 1
5179 1
5179 1
5179 1
5179 1
5179 1
5179 1
5179 1
5179 1
5179 1
5179 1
5179 1
5179 1
5179 1
5179 1
5179 1
4987 1
4987 1
4987 1
4987 1
4987 1
4987 1
4987 1
4987 1
4987 1
4987 1
4987 1
4987 1
4987 1
4987 1
4987 1
4987 1
4987 1
4987 1
4987 1
4987 1
4987 1
4987 1
4987 1
4987 1
4987 1
4987 1
4987 1
4987 1
4987 1
4987 1
4987 1
4987 1
4987 1
4987 1
4987 1
4987 1
4987 1
4987 1
4987 1
4987 1
4987 1
4987 1
4987 1
4987 1
4987 1
4983 1
4983 1
4983 1
4983 1
4983 1
4983 1
4983 1
4983 1
4983 1
4983 1
4983 1
4983 1
4983 1
4983 1
4983 1
4983 1
4983 1
4983 1
4983 1
4983 1
4983 1
4983 1
4983 1
4983 1
4983 1
4983 1
4983 1
4983 1
4983 1
4983 1
4983 1
4983 1
4983 1
4983 1
4983 1
4983 1
4983 1
4983 1
4983 1
4983 1
4983 1
4983 1
4983 1
4983 1
4983 1
4981 1
4981 1
4981 1
4981 1
4981 1
4981 1
4981 1
4981 1
4981 1
4981 1
4981 1
4981 1
4981 1
4981 1
4981 1
4981 1
4981 1
4981 1
4981 1
4981 1
4981 1
4981 1
4981 1
4981 1
4981 1
4981 1
4981 1
4981 1
4981 1
4981 1
4981 1
4981 1
4981 1
4981 1
4981 1
4981 1
4981 1
4981 1
4981 1
4981 1
4981 1
4981 1
4981 1
4981 1
4981 1
4980 1
4980 1
4980 1
4980 1
4980 1
4980 1
4980 1
4980 1
4980 1
4980 1
4980 1
4980 1
4980 1
4980 1
4980 1
4980 1
4980 1
4980 1
4980 1
4980 1
4980 1
4980 1
4980 1
4980 1
4980 1
4980 1
4980 1
4980 1
4980 1
4980 1
4980 1
4980 1
4980 1
4980 1
4980 1
4980 1
4980 1
4980 1
4980 1
4980 1
4980 1
4980 1
4980 1
4980 1
4980 1
5173 1
5173 1
5173 1
5173 1
5173 1
5173 1
5173 1
5173 1
5173 1
5173 1
5173 1
5173 1
5173 1
5173 1
5173 1
5173 1
5173 1
5173 1
5173 1
5173 1
5173 1
5173 1
5173 1
5173 1
5173 1
5173 1
5173 1
5173 1
5173 1
5173 1
5173 1
5173 1
5173 1
5173 1
5173 1
5173 1
5173 1
5173 1
5173 1
5173 1
5173 1
5173 1
5173 1
5173 1
5173 1
4976 1
4976 1
4976 1
4976 1
4976 1
4976 1
4976 1
4976 1
4976 1
4976 1
4976 1
4976 1
4976 1
4976 1
4976 1
4976 1
4976 1
4976 1
4976 1
4976 1
4976 1
4976 1
4976 1
4976 1
4976 1
4976 1
4976 1
4976 1
4976 1
4976 1
4976 1
4976 1
4976 1
4976 1
4976 1
4976 1
4976 1
4976 1
4976 1
4976 1
4976 1
4976 1
4976 1
4976 1
4976 1
5078 1
5078 1
5078 1
5078 1
5078 1
5078 1
5078 1
5078 1
5078 1
5078 1
5078 1
5078 1
5078 1
5078 1
5078 1
5078 1
5078 1
5078 1
5078 1
5078 1
5078 1
5078 1
5078 1
5078 1
5078 1
5078 1
5078 1
5078 1
5078 1
5078 1
5078 1
5078 1
5078 1
5078 1
5078 1
5078 1
5078 1
5078 1
5078 1
5078 1
5078 1
5078 1
5078 1
5078 1
5078 1
5066 1
5066 1
5066 1
5066 1
5066 1
5066 1
5066 1
5066 1
5066 1
5066 1
5066 1
5066 1
5066 1
5066 1
5066 1
5066 1
5066 1
5066 1
5066 1
5066 1
5066 1
5066 1
5066 1
5066 1
5066 1
5066 1
5066 1
5066 1
5066 1
5066 1
5066 1
5066 1
5066 1
5066 1
5066 1
5066 1
5066 1
5066 1
5066 1
5066 1
5066 1
5066 1
5066 1
5066 1
5066 1
5163 1
5163 1
5163 1
5163 1
5163 1
5163 1
5163 1
5163 1
5163 1
5163 1
5163 1
5163 1
5163 1
5163 1
5163 1
5163 1
5163 1
5163 1
5163 1
5163 1
5163 1
5163 1
5163 1
5163 1
5163 1
5163 1
5163 1
5163 1
5163 1
5163 1
5163 1
5163 1
5163 1
5163 1
5163 1
5163 1
5163 1
5163 1
5163 1
5163 1
5163 1
5163 1
5163 1
5163 1
5163 1
5355 1
5355 1
5355 1
5355 1
5355 1
5355 1
5355 1
5355 1
5355 1
5355 1
5355 1
5355 1
5355 1
5355 1
5355 1
5355 1
5355 1
5355 1
5355 1
5355 1
5355 1
5355 1
5355 1
5355 1
5355 1
5355 1
5355 1
5355 1
5355 1
5355 1
5355 1
5355 1
5355 1
5355 1
5355 1
5355 1
5355 1
5355 1
5355 1
5355 1
5355 1
5355 1
5355 1
5355 1
5355 1
5161 1
5161 1
5161 1
5161 1
5161 1
5161 1
5161 1
5161 1
5161 1
5161 1
5161 1
5161 1
5161 1
5161 1
5161 1
5161 1
5161 1
5161 1
5161 1
5161 1
5161 1
5161 1
5161 1
5161 1
5161 1
5161 1
5161 1
5161 1
5161 1
5161 1
5161 1
5161 1
5161 1
5161 1
5161 1
5161 1
5161 1
5161 1
5161 1
5161 1
5161 1
5161 1
5161 1
5161 1
5161 1
5157 1
5157 1
5157 1
5157 1
5157 1
5157 1
5157 1
5157 1
5157 1
5157 1
5157 1
5157 1
5157 1
5157 1
5157 1
5157 1
5157 1
5157 1
5157 1
5157 1
5157 1
5157 1
5157 1
5157 1
5157 1
5157 1
5157 1
5157 1
5157 1
5157 1
5157 1
5157 1
5157 1
5157 1
5157 1
5157 1
5157 1
5157 1
5157 1
5157 1
5157 1
5157 1
5157 1
5157 1
5157 1
5153 1
5153 1
5153 1
5153 1
5153 1
5153 1
5153 1
5153 1
5153 1
5153 1
5153 1
5153 1
5153 1
5153 1
5153 1
5153 1
5153 1
5153 1
5153 1
5153 1
5153 1
5153 1
5153 1
5153 1
5153 1
5153 1
5153 1
5153 1
5153 1
5153 1
5153 1
5153 1
5153 1
5153 1
5153 1
5153 1
5153 1
5153 1
5153 1
5153 1
5153 1
5153 1
5153 1
5153 1
5153 1
5144 1
5144 1
5144 1
5144 1
5144 1
5144 1
5144 1
5144 1
5144 1
5144 1
5144 1
5144 1
5144 1
5144 1
5144 1
5144 1
5144 1
5144 1
5144 1
5144 1
5144 1
5144 1
5144 1
5144 1
5144 1
5144 1
5144 1
5144 1
5144 1
5144 1
5144 1
5144 1
5144 1
5144 1
5144 1
5144 1
5144 1
5144 1
5144 1
5144 1
5144 1
5144 1
5144 1
5144 1
5144 1
5141 1
5141 1
5141 1
5141 1
5141 1
5141 1
5141 1
5141 1
5141 1
5141 1
5141 1
5141 1
5141 1
5141 1
5141 1
5141 1
5141 1
5141 1
5141 1
5141 1
5141 1
5141 1
5141 1
5141 1
5141 1
5141 1
5141 1
5141 1
5141 1
5141 1
5141 1
5141 1
5141 1
5141 1
5141 1
5141 1
5141 1
5141 1
5141 1
5141 1
5141 1
5141 1
5141 1
5141 1
5141 1
5254 1
5254 1
5254 1
5254 1
5254 1
5254 1
5254 1
5254 1
5254 1
5254 1
5254 1
5254 1
5254 1
5254 1
5254 1
5254 1
5254 1
5254 1
5254 1
5254 1
5254 1
5254 1
5254 1
5254 1
5254 1
5254 1
5254 1
5254 1
5254 1
5254 1
5254 1
5254 1
5254 1
5254 1
5254 1
5254 1
5254 1
5254 1
5254 1
5254 1
5254 1
5254 1
5254 1
5254 1
5254 1
5444 1
5444 1
5444 1
5444 1
5444 1
5444 1
5444 1
5444 1
5444 1
5444 1
5444 1
5444 1
5444 1
5444 1
5444 1
5444 1
5444 1
5444 1
5444 1
5444 1
5444 1
5444 1
5444 1
5444 1
5444 1
5444 1
5444 1
5444 1
5444 1
5444 1
5444 1
5444 1
5444 1
5444 1
5444 1
5444 1
5444 1
5444 1
5444 1
5444 1
5444 1
5444 1
5444 1
5444 1
5444 1
5241 1
5241 1
5241 1
5241 1
5241 1
5241 1
5241 1
5241 1
5241 1
5241 1
5241 1
5241 1
5241 1
5241 1
5241 1
5241 1
5241 1
5241 1
5241 1
5241 1
5241 1
5241 1
5241 1
5241 1
5241 1
5241 1
5241 1
5241 1
5241 1
5241 1
5241 1
5241 1
5241 1
5241 1
5241 1
5241 1
5241 1
5241 1
5241 1
5241 1
5241 1
5241 1
5241 1
5241 1
5241 1
5533 1
5533 1
5533 1
5533 1
5533 1
5533 1
5533 1
5533 1
5533 1
5533 1
5533 1
5533 1
5533 1
5533 1
5533 1
5533 1
5533 1
5533 1
5533 1
5533 1
5533 1
5533 1
5533 1
5533 1
5533 1
5533 1
5533 1
5533 1
5533 1
5533 1
5533 1
5533 1
5533 1
5533 1
5533 1
5533 1
5533 1
5533 1
5533 1
5533 1
5533 1
5533 1
5533 1
5533 1
5533 1
5340 1
5340 1
5340 1
5340 1
5340 1
5340 1
5340 1
5340 1
5340 1
5340 1
5340 1
5340 1
5340 1
5340 1
5340 1
5340 1
5340 1
5340 1
5340 1
5340 1
5340 1
5340 1
5340 1
5340 1
5340 1
5340 1
5340 1
5340 1
5340 1
5340 1
5340 1
5340 1
5340 1
5340 1
5340 1
5340 1
5340 1
5340 1
5340 1
5340 1
5340 1
5340 1
5340 1
5340 1
5340 1
9869 1
9869 1
9869 1
9869 1
9869 1
9869 1
9869 1
9869 1
9869 1
9869 1
9869 1
9869 1
9869 1
9869 1
9869 1
9869 1
9869 1
9869 1
9869 1
9869 1
9869 1
9869 1
9869 1
9869 1
9869 1
9869 1
9869 1
9869 1
9869 1
9869 1
9869 1
9869 1
9869 1
9869 1
9869 1
9869 1
9869 1
9869 1
9869 1
9869 1
9869 1
9869 1
9869 1
9869 1
9869 1
5335 1
5335 1
5335 1
5335 1
5335 1
5335 1
5335 1
5335 1
5335 1
5335 1
5335 1
5335 1
5335 1
5335 1
5335 1
5335 1
5335 1
5335 1
5335 1
5335 1
5335 1
5335 1
5335 1
5335 1
5335 1
5335 1
5335 1
5335 1
5335 1
5335 1
5335 1
5335 1
5335 1
5335 1
5335 1
5335 1
5335 1
5335 1
5335 1
5335 1
5335 1
5335 1
5335 1
5335 1
5335 1
5325 1
5325 1
5325 1
5325 1
5325 1
5325 1
5325 1
5325 1
5325 1
5325 1
5325 1
5325 1
5325 1
5325 1
5325 1
5325 1
5325 1
5325 1
5325 1
5325 1
5325 1
5325 1
5325 1
5325 1
5325 1
5325 1
5325 1
5325 1
5325 1
5325 1
5325 1
5325 1
5325 1
5325 1
5325 1
5325 1
5325 1
5325 1
5325 1
5325 1
5325 1
5325 1
5325 1
5325 1
5325 1
5430 1
5430 1
5430 1
5430 1
5430 1
5430 1
5430 1
5430 1
5430 1
5430 1
5430 1
5430 1
5430 1
5430 1
5430 1
5430 1
5430 1
5430 1
5430 1
5430 1
5430 1
5430 1
5430 1
5430 1
5430 1
5430 1
5430 1
5430 1
5430 1
5430 1
5430 1
5430 1
5430 1
5430 1
5430 1
5430 1
5430 1
5430 1
5430 1
5430 1
5430 1
5430 1
5430 1
5430 1
5430 1
5619 1
5619 1
5619 1
5619 1
5619 1
5619 1
5619 1
5619 1
5619 1
5619 1
5619 1
5619 1
5619 1
5619 1
5619 1
5619 1
5619 1
5619 1
5619 1
5619 1
5619 1
5619 1
5619 1
5619 1
5619 1
5619 1
5619 1
5619 1
5619 1
5619 1
5619 1
5619 1
5619 1
5619 1
5619 1
5619 1
5619 1
5619 1
5619 1
5619 1
5619 1
5619 1
5619 1
5619 1
5619 1
5427 1
5427 1
5427 1
5427 1
5427 1
5427 1
5427 1
5427 1
5427 1
5427 1
5427 1
5427 1
5427 1
5427 1
5427 1
5427 1
5427 1
5427 1
5427 1
5427 1
5427 1
5427 1
5427 1
5427 1
5427 1
5427 1
5427 1
5427 1
5427 1
5427 1
5427 1
5427 1
5427 1
5427 1
5427 1
5427 1
5427 1
5427 1
5427 1
5427 1
5427 1
5427 1
5427 1
5427 1
5427 1
5618 1
5618 1
5618 1
5618 1
5618 1
5618 1
5618 1
5618 1
5618 1
5618 1
5618 1
5618 1
5618 1
5618 1
5618 1
5618 1
5618 1
5618 1
5618 1
5618 1
5618 1
5618 1
5618 1
5618 1
5618 1
5618 1
5618 1
5618 1
5618 1
5618 1
5618 1
5618 1
5618 1
5618 1
5618 1
5618 1
5618 1
5618 1
5618 1
5618 1
5618 1
5618 1
5618 1
5618 1
5618 1
5425 1
5425 1
5425 1
5425 1
5425 1
5425 1
5425 1
5425 1
5425 1
5425 1
5425 1
5425 1
5425 1
5425 1
5425 1
5425 1
5425 1
5425 1
5425 1
5425 1
5425 1
5425 1
5425 1
5425 1
5425 1
5425 1
5425 1
5425 1
5425 1
5425 1
5425 1
5425 1
5425 1
5425 1
5425 1
5425 1
5425 1
5425 1
5425 1
5425 1
5425 1
5425 1
5425 1
5425 1
5425 1
5615 1
5615 1
5615 1
5615 1
5615 1
5615 1
5615 1
5615 1
5615 1
5615 1
5615 1
5615 1
5615 1
5615 1
5615 1
5615 1
5615 1
5615 1
5615 1
5615 1
5615 1
5615 1
5615 1
5615 1
5615 1
5615 1
5615 1
5615 1
5615 1
5615 1
5615 1
5615 1
5615 1
5615 1
5615 1
5615 1
5615 1
5615 1
5615 1
5615 1
5615 1
5615 1
5615 1
5615 1
5615 1
5419 1
5419 1
5419 1
5419 1
5419 1
5419 1
5419 1
5419 1
5419 1
5419 1
5419 1
5419 1
5419 1
5419 1
5419 1
5419 1
5419 1
5419 1
5419 1
5419 1
5419 1
5419 1
5419 1
5419 1
5419 1
5419 1
5419 1
5419 1
5419 1
5419 1
5419 1
5419 1
5419 1
5419 1
5419 1
5419 1
5419 1
5419 1
5419 1
5419 1
5419 1
5419 1
5419 1
5419 1
5419 1
5522 1
5522 1
5522 1
5522 1
5522 1
5522 1
5522 1
5522 1
5522 1
5522 1
5522 1
5522 1
5522 1
5522 1
5522 1
5522 1
5522 1
5522 1
5522 1
5522 1
5522 1
5522 1
5522 1
5522 1
5522 1
5522 1
5522 1
5522 1
5522 1
5522 1
5522 1
5522 1
5522 1
5522 1
5522 1
5522 1
5522 1
5522 1
5522 1
5522 1
5522 1
5522 1
5522 1
5522 1
5522 1
5418 1
5418 1
5418 1
5418 1
5418 1
5418 1
5418 1
5418 1
5418 1
5418 1
5418 1
5418 1
5418 1
5418 1
5418 1
5418 1
5418 1
5418 1
5418 1
5418 1
5418 1
5418 1
5418 1
5418 1
5418 1
5418 1
5418 1
5418 1
5418 1
5418 1
5418 1
5418 1
5418 1
5418 1
5418 1
5418 1
5418 1
5418 1
5418 1
5418 1
5418 1
5418 1
5418 1
5418 1
5418 1
5614 1
5614 1
5614 1
5614 1
5614 1
5614 1
5614 1
5614 1
5614 1
5614 1
5614 1
5614 1
5614 1
5614 1
5614 1
5614 1
5614 1
5614 1
5614 1
5614 1
5614 1
5614 1
5614 1
5614 1
5614 1
5614 1
5614 1
5614 1
5614 1
5614 1
5614 1
5614 1
5614 1
5614 1
5614 1
5614 1
5614 1
5614 1
5614 1
5614 1
5614 1
5614 1
5614 1
5614 1
5614 1
5410 1
5410 1
5410 1
5410 1
5410 1
5410 1
5410 1
5410 1
5410 1
5410 1
5410 1
5410 1
5410 1
5410 1
5410 1
5410 1
5410 1
5410 1
5410 1
5410 1
5410 1
5410 1
5410 1
5410 1
5410 1
5410 1
5410 1
5410 1
5410 1
5410 1
5410 1
5410 1
5410 1
5410 1
5410 1
5410 1
5410 1
5410 1
5410 1
5410 1
5410 1
5410 1
5410 1
5410 1
5410 1
5406 1
5406 1
5406 1
5406 1
5406 1
5406 1
5406 1
5406 1
5406 1
5406 1
5406 1
5406 1
5406 1
5406 1
5406 1
5406 1
5406 1
5406 1
5406 1
5406 1
5406 1
5406 1
5406 1
5406 1
5406 1
5406 1
5406 1
5406 1
5406 1
5406 1
5406 1
5406 1
5406 1
5406 1
5406 1
5406 1
5406 1
5406 1
5406 1
5406 1
5406 1
5406 1
5406 1
5406 1
5406 1
5518 1
5518 1
5518 1
5518 1
5518 1
5518 1
5518 1
5518 1
5518 1
5518 1
5518 1
5518 1
5518 1
5518 1
5518 1
5518 1
5518 1
5518 1
5518 1
5518 1
5518 1
5518 1
5518 1
5518 1
5518 1
5518 1
5518 1
5518 1
5518 1
5518 1
5518 1
5518 1
5518 1
5518 1
5518 1
5518 1
5518 1
5518 1
5518 1
5518 1
5518 1
5518 1
5518 1
5518 1
5518 1
5517 1
5517 1
5517 1
5517 1
5517 1
5517 1
5517 1
5517 1
5517 1
5517 1
5517 1
5517 1
5517 1
5517 1
5517 1
5517 1
5517 1
5517 1
5517 1
5517 1
5517 1
5517 1
5517 1
5517 1
5517 1
5517 1
5517 1
5517 1
5517 1
5517 1
5517 1
5517 1
5517 1
5517 1
5517 1
5517 1
5517 1
5517 1
5517 1
5517 1
5517 1
5517 1
5517 1
5517 1
5517 1
5516 1
5516 1
5516 1
5516 1
5516 1
5516 1
5516 1
5516 1
5516 1
5516 1
5516 1
5516 1
5516 1
5516 1
5516 1
5516 1
5516 1
5516 1
5516 1
5516 1
5516 1
5516 1
5516 1
5516 1
5516 1
5516 1
5516 1
5516 1
5516 1
5516 1
5516 1
5516 1
5516 1
5516 1
5516 1
5516 1
5516 1
5516 1
5516 1
5516 1
5516 1
5516 1
5516 1
5516 1
5516 1
5511 1
5511 1
5511 1
5511 1
5511 1
5511 1
5511 1
5511 1
5511 1
5511 1
5511 1
5511 1
5511 1
5511 1
5511 1
5511 1
5511 1
5511 1
5511 1
5511 1
5511 1
5511 1
5511 1
5511 1
5511 1
5511 1
5511 1
5511 1
5511 1
5511 1
5511 1
5511 1
5511 1
5511 1
5511 1
5511 1
5511 1
5511 1
5511 1
5511 1
5511 1
5511 1
5511 1
5511 1
5511 1
5704 1
5704 1
5704 1
5704 1
5704 1
5704 1
5704 1
5704 1
5704 1
5704 1
5704 1
5704 1
5704 1
5704 1
5704 1
5704 1
5704 1
5704 1
5704 1
5704 1
5704 1
5704 1
5704 1
5704 1
5704 1
5704 1
5704 1
5704 1
5704 1
5704 1
5704 1
5704 1
5704 1
5704 1
5704 1
5704 1
5704 1
5704 1
5704 1
5704 1
5704 1
5704 1
5704 1
5704 1
5704 1
5510 1
5510 1
5510 1
5510 1
5510 1
5510 1
5510 1
5510 1
5510 1
5510 1
5510 1
5510 1
5510 1
5510 1
5510 1
5510 1
5510 1
5510 1
5510 1
5510 1
5510 1
5510 1
5510 1
5510 1
5510 1
5510 1
5510 1
5510 1
5510 1
5510 1
5510 1
5510 1
5510 1
5510 1
5510 1
5510 1
5510 1
5510 1
5510 1
5510 1
5510 1
5510 1
5510 1
5510 1
5510 1
5508 1
5508 1
5508 1
5508 1
5508 1
5508 1
5508 1
5508 1
5508 1
5508 1
5508 1
5508 1
5508 1
5508 1
5508 1
5508 1
5508 1
5508 1
5508 1
5508 1
5508 1
5508 1
5508 1
5508 1
5508 1
5508 1
5508 1
5508 1
5508 1
5508 1
5508 1
5508 1
5508 1
5508 1
5508 1
5508 1
5508 1
5508 1
5508 1
5508 1
5508 1
5508 1
5508 1
5508 1
5508 1
5703 1
5703 1
5703 1
5703 1
5703 1
5703 1
5703 1
5703 1
5703 1
5703 1
5703 1
5703 1
5703 1
5703 1
5703 1
5703 1
5703 1
5703 1
5703 1
5703 1
5703 1
5703 1
5703 1
5703 1
5703 1
5703 1
5703 1
5703 1
5703 1
5703 1
5703 1
5703 1
5703 1
5703 1
5703 1
5703 1
5703 1
5703 1
5703 1
5703 1
5703 1
5703 1
5703 1
5703 1
5703 1
5506 1
5506 1
5506 1
5506 1
5506 1
5506 1
5506 1
5506 1
5506 1
5506 1
5506 1
5506 1
5506 1
5506 1
5506 1
5506 1
5506 1
5506 1
5506 1
5506 1
5506 1
5506 1
5506 1
5506 1
5506 1
5506 1
5506 1
5506 1
5506 1
5506 1
5506 1
5506 1
5506 1
5506 1
5506 1
5506 1
5506 1
5506 1
5506 1
5506 1
5506 1
5506 1
5506 1
5506 1
5506 1
5609 1
5609 1
5609 1
5609 1
5609 1
5609 1
5609 1
5609 1
5609 1
5609 1
5609 1
5609 1
5609 1
5609 1
5609 1
5609 1
5609 1
5609 1
5609 1
5609 1
5609 1
5609 1
5609 1
5609 1
5609 1
5609 1
5609 1
5609 1
5609 1
5609 1
5609 1
5609 1
5609 1
5609 1
5609 1
5609 1
5609 1
5609 1
5609 1
5609 1
5609 1
5609 1
5609 1
5609 1
5609 1
5505 1
5505 1
5505 1
5505 1
5505 1
5505 1
5505 1
5505 1
5505 1
5505 1
5505 1
5505 1
5505 1
5505 1
5505 1
5505 1
5505 1
5505 1
5505 1
5505 1
5505 1
5505 1
5505 1
5505 1
5505 1
5505 1
5505 1
5505 1
5505 1
5505 1
5505 1
5505 1
5505 1
5505 1
5505 1
5505 1
5505 1
5505 1
5505 1
5505 1
5505 1
5505 1
5505 1
5505 1
5505 1
5701 1
5701 1
5701 1
5701 1
5701 1
5701 1
5701 1
5701 1
5701 1
5701 1
5701 1
5701 1
5701 1
5701 1
5701 1
5701 1
5701 1
5701 1
5701 1
5701 1
5701 1
5701 1
5701 1
5701 1
5701 1
5701 1
5701 1
5701 1
5701 1
5701 1
5701 1
5701 1
5701 1
5701 1
5701 1
5701 1
5701 1
5701 1
5701 1
5701 1
5701 1
5701 1
5701 1
5701 1
5701 1
5499 1
5499 1
5499 1
5499 1
5499 1
5499 1
5499 1
5499 1
5499 1
5499 1
5499 1
5499 1
5499 1
5499 1
5499 1
5499 1
5499 1
5499 1
5499 1
5499 1
5499 1
5499 1
5499 1
5499 1
5499 1
5499 1
5499 1
5499 1
5499 1
5499 1
5499 1
5499 1
5499 1
5499 1
5499 1
5499 1
5499 1
5499 1
5499 1
5499 1
5499 1
5499 1
5499 1
5499 1
5499 1
5606 1
5606 1
5606 1
5606 1
5606 1
5606 1
5606 1
5606 1
5606 1
5606 1
5606 1
5606 1
5606 1
5606 1
5606 1
5606 1
5606 1
5606 1
5606 1
5606 1
5606 1
5606 1
5606 1
5606 1
5606 1
5606 1
5606 1
5606 1
5606 1
5606 1
5606 1
5606 1
5606 1
5606 1
5606 1
5606 1
5606 1
5606 1
5606 1
5606 1
5606 1
5606 1
5606 1
5606 1
5606 1
5605 1
5605 1
5605 1
5605 1
5605 1
5605 1
5605 1
5605 1
5605 1
5605 1
5605 1
5605 1
5605 1
5605 1
5605 1
5605 1
5605 1
5605 1
5605 1
5605 1
5605 1
5605 1
5605 1
5605 1
5605 1
5605 1
5605 1
5605 1
5605 1
5605 1
5605 1
5605 1
5605 1
5605 1
5605 1
5605 1
5605 1
5605 1
5605 1
5605 1
5605 1
5605 1
5605 1
5605 1
5605 1
5602 1
5602 1
5602 1
5602 1
5602 1
5602 1
5602 1
5602 1
5602 1
5602 1
5602 1
5602 1
5602 1
5602 1
5602 1
5602 1
5602 1
5602 1
5602 1
5602 1
5602 1
5602 1
5602 1
5602 1
5602 1
5602 1
5602 1
5602 1
5602 1
5602 1
5602 1
5602 1
5602 1
5602 1
5602 1
5602 1
5602 1
5602 1
5602 1
5602 1
5602 1
5602 1
5602 1
5602 1
5602 1
5601 1
5601 1
5601 1
5601 1
5601 1
5601 1
5601 1
5601 1
5601 1
5601 1
5601 1
5601 1
5601 1
5601 1
5601 1
5601 1
5601 1
5601 1
5601 1
5601 1
5601 1
5601 1
5601 1
5601 1
5601 1
5601 1
5601 1
5601 1
5601 1
5601 1
5601 1
5601 1
5601 1
5601 1
5601 1
5601 1
5601 1
5601 1
5601 1
5601 1
5601 1
5601 1
5601 1
5601 1
5601 1
5796 1
5796 1
5796 1
5796 1
5796 1
5796 1
5796 1
5796 1
5796 1
5796 1
5796 1
5796 1
5796 1
5796 1
5796 1
5796 1
5796 1
5796 1
5796 1
5796 1
5796 1
5796 1
5796 1
5796 1
5796 1
5796 1
5796 1
5796 1
5796 1
5796 1
5796 1
5796 1
5796 1
5796 1
5796 1
5796 1
5796 1
5796 1
5796 1
5796 1
5796 1
5796 1
5796 1
5796 1
5796 1
5600 1
5600 1
5600 1
5600 1
5600 1
5600 1
5600 1
5600 1
5600 1
5600 1
5600 1
5600 1
5600 1
5600 1
5600 1
5600 1
5600 1
5600 1
5600 1
5600 1
5600 1
5600 1
5600 1
5600 1
5600 1
5600 1
5600 1
5600 1
5600 1
5600 1
5600 1
5600 1
5600 1
5600 1
5600 1
5600 1
5600 1
5600 1
5600 1
5600 1
5600 1
5600 1
5600 1
5600 1
5600 1
5795 1
5795 1
5795 1
5795 1
5795 1
5795 1
5795 1
5795 1
5795 1
5795 1
5795 1
5795 1
5795 1
5795 1
5795 1
5795 1
5795 1
5795 1
5795 1
5795 1
5795 1
5795 1
5795 1
5795 1
5795 1
5795 1
5795 1
5795 1
5795 1
5795 1
5795 1
5795 1
5795 1
5795 1
5795 1
5795 1
5795 1
5795 1
5795 1
5795 1
5795 1
5795 1
5795 1
5795 1
5795 1
5794 1
5794 1
5794 1
5794 1
5794 1
5794 1
5794 1
5794 1
5794 1
5794 1
5794 1
5794 1
5794 1
5794 1
5794 1
5794 1
5794 1
5794 1
5794 1
5794 1
5794 1
5794 1
5794 1
5794 1
5794 1
5794 1
5794 1
5794 1
5794 1
5794 1
5794 1
5794 1
5794 1
5794 1
5794 1
5794 1
5794 1
5794 1
5794 1
5794 1
5794 1
5794 1
5794 1
5794 1
5794 1
5793 1
5793 1
5793 1
5793 1
5793 1
5793 1
5793 1
5793 1
5793 1
5793 1
5793 1
5793 1
5793 1
5793 1
5793 1
5793 1
5793 1
5793 1
5793 1
5793 1
5793 1
5793 1
5793 1
5793 1
5793 1
5793 1
5793 1
5793 1
5793 1
5793 1
5793 1
5793 1
5793 1
5793 1
5793 1
5793 1
5793 1
5793 1
5793 1
5793 1
5793 1
5793 1
5793 1
5793 1
5793 1
5590 1
5590 1
5590 1
5590 1
5590 1
5590 1
5590 1
5590 1
5590 1
5590 1
5590 1
5590 1
5590 1
5590 1
5590 1
5590 1
5590 1
5590 1
5590 1
5590 1
5590 1
5590 1
5590 1
5590 1
5590 1
5590 1
5590 1
5590 1
5590 1
5590 1
5590 1
5590 1
5590 1
5590 1
5590 1
5590 1
5590 1
5590 1
5590 1
5590 1
5590 1
5590 1
5590 1
5590 1
5590 1
5694 1
5694 1
5694 1
5694 1
5694 1
5694 1
5694 1
5694 1
5694 1
5694 1
5694 1
5694 1
5694 1
5694 1
5694 1
5694 1
5694 1
5694 1
5694 1
5694 1
5694 1
5694 1
5694 1
5694 1
5694 1
5694 1
5694 1
5694 1
5694 1
5694 1
5694 1
5694 1
5694 1
5694 1
5694 1
5694 1
5694 1
5694 1
5694 1
5694 1
5694 1
5694 1
5694 1
5694 1
5694 1
5692 1
5692 1
5692 1
5692 1
5692 1
5692 1
5692 1
5692 1
5692 1
5692 1
5692 1
5692 1
5692 1
5692 1
5692 1
5692 1
5692 1
5692 1
5692 1
5692 1
5692 1
5692 1
5692 1
5692 1
5692 1
5692 1
5692 1
5692 1
5692 1
5692 1
5692 1
5692 1
5692 1
5692 1
5692 1
5692 1
5692 1
5692 1
5692 1
5692 1
5692 1
5692 1
5692 1
5692 1
5692 1
5691 1
5691 1
5691 1
5691 1
5691 1
5691 1
5691 1
5691 1
5691 1
5691 1
5691 1
5691 1
5691 1
5691 1
5691 1
5691 1
5691 1
5691 1
5691 1
5691 1
5691 1
5691 1
5691 1
5691 1
5691 1
5691 1
5691 1
5691 1
5691 1
5691 1
5691 1
5691 1
5691 1
5691 1
5691 1
5691 1
5691 1
5691 1
5691 1
5691 1
5691 1
5691 1
5691 1
5691 1
5691 1
5689 1
5689 1
5689 1
5689 1
5689 1
5689 1
5689 1
5689 1
5689 1
5689 1
5689 1
5689 1
5689 1
5689 1
5689 1
5689 1
5689 1
5689 1
5689 1
5689 1
5689 1
5689 1
5689 1
5689 1
5689 1
5689 1
5689 1
5689 1
5689 1
5689 1
5689 1
5689 1
5689 1
5689 1
5689 1
5689 1
5689 1
5689 1
5689 1
5689 1
5689 1
5689 1
5689 1
5689 1
5689 1
5688 1
5688 1
5688 1
5688 1
5688 1
5688 1
5688 1
5688 1
5688 1
5688 1
5688 1
5688 1
5688 1
5688 1
5688 1
5688 1
5688 1
5688 1
5688 1
5688 1
5688 1
5688 1
5688 1
5688 1
5688 1
5688 1
5688 1
5688 1
5688 1
5688 1
5688 1
5688 1
5688 1
5688 1
5688 1
5688 1
5688 1
5688 1
5688 1
5688 1
5688 1
5688 1
5688 1
5688 1
5688 1
5788 1
5788 1
5788 1
5788 1
5788 1
5788 1
5788 1
5788 1
5788 1
5788 1
5788 1
5788 1
5788 1
5788 1
5788 1
5788 1
5788 1
5788 1
5788 1
5788 1
5788 1
5788 1
5788 1
5788 1
5788 1
5788 1
5788 1
5788 1
5788 1
5788 1
5788 1
5788 1
5788 1
5788 1
5788 1
5788 1
5788 1
5788 1
5788 1
5788 1
5788 1
5788 1
5788 1
5788 1
5788 1
5887 1
5887 1
5887 1
5887 1
5887 1
5887 1
5887 1
5887 1
5887 1
5887 1
5887 1
5887 1
5887 1
5887 1
5887 1
5887 1
5887 1
5887 1
5887 1
5887 1
5887 1
5887 1
5887 1
5887 1
5887 1
5887 1
5887 1
5887 1
5887 1
5887 1
5887 1
5887 1
5887 1
5887 1
5887 1
5887 1
5887 1
5887 1
5887 1
5887 1
5887 1
5887 1
5887 1
5887 1
5887 1
5682 1
5682 1
5682 1
5682 1
5682 1
5682 1
5682 1
5682 1
5682 1
5682 1
5682 1
5682 1
5682 1
5682 1
5682 1
5682 1
5682 1
5682 1
5682 1
5682 1
5682 1
5682 1
5682 1
5682 1
5682 1
5682 1
5682 1
5682 1
5682 1
5682 1
5682 1
5682 1
5682 1
5682 1
5682 1
5682 1
5682 1
5682 1
5682 1
5682 1
5682 1
5682 1
5682 1
5682 1
5682 1
5784 1
5784 1
5784 1
5784 1
5784 1
5784 1
5784 1
5784 1
5784 1
5784 1
5784 1
5784 1
5784 1
5784 1
5784 1
5784 1
5784 1
5784 1
5784 1
5784 1
5784 1
5784 1
5784 1
5784 1
5784 1
5784 1
5784 1
5784 1
5784 1
5784 1
5784 1
5784 1
5784 1
5784 1
5784 1
5784 1
5784 1
5784 1
5784 1
5784 1
5784 1
5784 1
5784 1
5784 1
5784 1
5884 1
5884 1
5884 1
5884 1
5884 1
5884 1
5884 1
5884 1
5884 1
5884 1
5884 1
5884 1
5884 1
5884 1
5884 1
5884 1
5884 1
5884 1
5884 1
5884 1
5884 1
5884 1
5884 1
5884 1
5884 1
5884 1
5884 1
5884 1
5884 1
5884 1
5884 1
5884 1
5884 1
5884 1
5884 1
5884 1
5884 1
5884 1
5884 1
5884 1
5884 1
5884 1
5884 1
5884 1
5884 1
5676 1
5676 1
5676 1
5676 1
5676 1
5676 1
5676 1
5676 1
5676 1
5676 1
5676 1
5676 1
5676 1
5676 1
5676 1
5676 1
5676 1
5676 1
5676 1
5676 1
5676 1
5676 1
5676 1
5676 1
5676 1
5676 1
5676 1
5676 1
5676 1
5676 1
5676 1
5676 1
5676 1
5676 1
5676 1
5676 1
5676 1
5676 1
5676 1
5676 1
5676 1
5676 1
5676 1
5676 1
5676 1
5675 1
5675 1
5675 1
5675 1
5675 1
5675 1
5675 1
5675 1
5675 1
5675 1
5675 1
5675 1
5675 1
5675 1
5675 1
5675 1
5675 1
5675 1
5675 1
5675 1
5675 1
5675 1
5675 1
5675 1
5675 1
5675 1
5675 1
5675 1
5675 1
5675 1
5675 1
5675 1
5675 1
5675 1
5675 1
5675 1
5675 1
5675 1
5675 1
5675 1
5675 1
5675 1
5675 1
5675 1
5675 1
5778 1
5778 1
5778 1
5778 1
5778 1
5778 1
5778 1
5778 1
5778 1
5778 1
5778 1
5778 1
5778 1
5778 1
5778 1
5778 1
5778 1
5778 1
5778 1
5778 1
5778 1
5778 1
5778 1
5778 1
5778 1
5778 1
5778 1
5778 1
5778 1
5778 1
5778 1
5778 1
5778 1
5778 1
5778 1
5778 1
5778 1
5778 1
5778 1
5778 1
5778 1
5778 1
5778 1
5778 1
5778 1
5880 1
5880 1
5880 1
5880 1
5880 1
5880 1
5880 1
5880 1
5880 1
5880 1
5880 1
5880 1
5880 1
5880 1
5880 1
5880 1
5880 1
5880 1
5880 1
5880 1
5880 1
5880 1
5880 1
5880 1
5880 1
5880 1
5880 1
5880 1
5880 1
5880 1
5880 1
5880 1
5880 1
5880 1
5880 1
5880 1
5880 1
5880 1
5880 1
5880 1
5880 1
5880 1
5880 1
5880 1
5880 1
5879 1
5879 1
5879 1
5879 1
5879 1
5879 1
5879 1
5879 1
5879 1
5879 1
5879 1
5879 1
5879 1
5879 1
5879 1
5879 1
5879 1
5879 1
5879 1
5879 1
5879 1
5879 1
5879 1
5879 1
5879 1
5879 1
5879 1
5879 1
5879 1
5879 1
5879 1
5879 1
5879 1
5879 1
5879 1
5879 1
5879 1
5879 1
5879 1
5879 1
5879 1
5879 1
5879 1
5879 1
5879 1
5984 1
5984 1
5984 1
5984 1
5984 1
5984 1
5984 1
5984 1
5984 1
5984 1
5984 1
5984 1
5984 1
5984 1
5984 1
5984 1
5984 1
5984 1
5984 1
5984 1
5984 1
5984 1
5984 1
5984 1
5984 1
5984 1
5984 1
5984 1
5984 1
5984 1
5984 1
5984 1
5984 1
5984 1
5984 1
5984 1
5984 1
5984 1
5984 1
5984 1
5984 1
5984 1
5984 1
5984 1
5984 1
5762 1
5762 1
5762 1
5762 1
5762 1
5762 1
5762 1
5762 1
5762 1
5762 1
5762 1
5762 1
5762 1
5762 1
5762 1
5762 1
5762 1
5762 1
5762 1
5762 1
5762 1
5762 1
5762 1
5762 1
5762 1
5762 1
5762 1
5762 1
5762 1
5762 1
5762 1
5762 1
5762 1
5762 1
5762 1
5762 1
5762 1
5762 1
5762 1
5762 1
5762 1
5762 1
5762 1
5762 1
5762 1
5872 1
5872 1
5872 1
5872 1
5872 1
5872 1
5872 1
5872 1
5872 1
5872 1
5872 1
5872 1
5872 1
5872 1
5872 1
5872 1
5872 1
5872 1
5872 1
5872 1
5872 1
5872 1
5872 1
5872 1
5872 1
5872 1
5872 1
5872 1
5872 1
5872 1
5872 1
5872 1
5872 1
5872 1
5872 1
5872 1
5872 1
5872 1
5872 1
5872 1
5872 1
5872 1
5872 1
5872 1
5872 1
5761 1
5761 1
5761 1
5761 1
5761 1
5761 1
5761 1
5761 1
5761 1
5761 1
5761 1
5761 1
5761 1
5761 1
5761 1
5761 1
5761 1
5761 1
5761 1
5761 1
5761 1
5761 1
5761 1
5761 1
5761 1
5761 1
5761 1
5761 1
5761 1
5761 1
5761 1
5761 1
5761 1
5761 1
5761 1
5761 1
5761 1
5761 1
5761 1
5761 1
5761 1
5761 1
5761 1
5761 1
5761 1
5871 1
5871 1
5871 1
5871 1
5871 1
5871 1
5871 1
5871 1
5871 1
5871 1
5871 1
5871 1
5871 1
5871 1
5871 1
5871 1
5871 1
5871 1
5871 1
5871 1
5871 1
5871 1
5871 1
5871 1
5871 1
5871 1
5871 1
5871 1
5871 1
5871 1
5871 1
5871 1
5871 1
5871 1
5871 1
5871 1
5871 1
5871 1
5871 1
5871 1
5871 1
5871 1
5871 1
5871 1
5871 1
5870 1
5870 1
5870 1
5870 1
5870 1
5870 1
5870 1
5870 1
5870 1
5870 1
5870 1
5870 1
5870 1
5870 1
5870 1
5870 1
5870 1
5870 1
5870 1
5870 1
5870 1
5870 1
5870 1
5870 1
5870 1
5870 1
5870 1
5870 1
5870 1
5870 1
5870 1
5870 1
5870 1
5870 1
5870 1
5870 1
5870 1
5870 1
5870 1
5870 1
5870 1
5870 1
5870 1
5870 1
5870 1
5868 1
5868 1
5868 1
5868 1
5868 1
5868 1
5868 1
5868 1
5868 1
5868 1
5868 1
5868 1
5868 1
5868 1
5868 1
5868 1
5868 1
5868 1
5868 1
5868 1
5868 1
5868 1
5868 1
5868 1
5868 1
5868 1
5868 1
5868 1
5868 1
5868 1
5868 1
5868 1
5868 1
5868 1
5868 1
5868 1
5868 1
5868 1
5868 1
5868 1
5868 1
5868 1
5868 1
5868 1
5868 1
5976 1
5976 1
5976 1
5976 1
5976 1
5976 1
5976 1
5976 1
5976 1
5976 1
5976 1
5976 1
5976 1
5976 1
5976 1
5976 1
5976 1
5976 1
5976 1
5976 1
5976 1
5976 1
5976 1
5976 1
5976 1
5976 1
5976 1
5976 1
5976 1
5976 1
5976 1
5976 1
5976 1
5976 1
5976 1
5976 1
5976 1
5976 1
5976 1
5976 1
5976 1
5976 1
5976 1
5976 1
5976 1
5975 1
5975 1
5975 1
5975 1
5975 1
5975 1
5975 1
5975 1
5975 1
5975 1
5975 1
5975 1
5975 1
5975 1
5975 1
5975 1
5975 1
5975 1
5975 1
5975 1
5975 1
5975 1
5975 1
5975 1
5975 1
5975 1
5975 1
5975 1
5975 1
5975 1
5975 1
5975 1
5975 1
5975 1
5975 1
5975 1
5975 1
5975 1
5975 1
5975 1
5975 1
5975 1
5975 1
5975 1
5975 1
6087 1
6087 1
6087 1
6087 1
6087 1
6087 1
6087 1
6087 1
6087 1
6087 1
6087 1
6087 1
6087 1
6087 1
6087 1
6087 1
6087 1
6087 1
6087 1
6087 1
6087 1
6087 1
6087 1
6087 1
6087 1
6087 1
6087 1
6087 1
6087 1
6087 1
6087 1
6087 1
6087 1
6087 1
6087 1
6087 1
6087 1
6087 1
6087 1
6087 1
6087 1
6087 1
6087 1
6087 1
6087 1
6086 1
6086 1
6086 1
6086 1
6086 1
6086 1
6086 1
6086 1
6086 1
6086 1
6086 1
6086 1
6086 1
6086 1
6086 1
6086 1
6086 1
6086 1
6086 1
6086 1
6086 1
6086 1
6086 1
6086 1
6086 1
6086 1
6086 1
6086 1
6086 1
6086 1
6086 1
6086 1
6086 1
6086 1
6086 1
6086 1
6086 1
6086 1
6086 1
6086 1
6086 1
6086 1
6086 1
6086 1
6086 1
5971 1
5971 1
5971 1
5971 1
5971 1
5971 1
5971 1
5971 1
5971 1
5971 1
5971 1
5971 1
5971 1
5971 1
5971 1
5971 1
5971 1
5971 1
5971 1
5971 1
5971 1
5971 1
5971 1
5971 1
5971 1
5971 1
5971 1
5971 1
5971 1
5971 1
5971 1
5971 1
5971 1
5971 1
5971 1
5971 1
5971 1
5971 1
5971 1
5971 1
5971 1
5971 1
5971 1
5971 1
5971 1
5856 1
5856 1
5856 1
5856 1
5856 1
5856 1
5856 1
5856 1
5856 1
5856 1
5856 1
5856 1
5856 1
5856 1
5856 1
5856 1
5856 1
5856 1
5856 1
5856 1
5856 1
5856 1
5856 1
5856 1
5856 1
5856 1
5856 1
5856 1
5856 1
5856 1
5856 1
5856 1
5856 1
5856 1
5856 1
5856 1
5856 1
5856 1
5856 1
5856 1
5856 1
5856 1
5856 1
5856 1
5856 1
5969 1
5969 1
5969 1
5969 1
5969 1
5969 1
5969 1
5969 1
5969 1
5969 1
5969 1
5969 1
5969 1
5969 1
5969 1
5969 1
5969 1
5969 1
5969 1
5969 1
5969 1
5969 1
5969 1
5969 1
5969 1
5969 1
5969 1
5969 1
5969 1
5969 1
5969 1
5969 1
5969 1
5969 1
5969 1
5969 1
5969 1
5969 1
5969 1
5969 1
5969 1
5969 1
5969 1
5969 1
5969 1
5851 1
5851 1
5851 1
5851 1
5851 1
5851 1
5851 1
5851 1
5851 1
5851 1
5851 1
5851 1
5851 1
5851 1
5851 1
5851 1
5851 1
5851 1
5851 1
5851 1
5851 1
5851 1
5851 1
5851 1
5851 1
5851 1
5851 1
5851 1
5851 1
5851 1
5851 1
5851 1
5851 1
5851 1
5851 1
5851 1
5851 1
5851 1
5851 1
5851 1
5851 1
5851 1
5851 1
5851 1
5851 1
5850 1
5850 1
5850 1
5850 1
5850 1
5850 1
5850 1
5850 1
5850 1
5850 1
5850 1
5850 1
5850 1
5850 1
5850 1
5850 1
5850 1
5850 1
5850 1
5850 1
5850 1
5850 1
5850 1
5850 1
5850 1
5850 1
5850 1
5850 1
5850 1
5850 1
5850 1
5850 1
5850 1
5850 1
5850 1
5850 1
5850 1
5850 1
5850 1
5850 1
5850 1
5850 1
5850 1
5850 1
5850 1
5849 1
5849 1
5849 1
5849 1
5849 1
5849 1
5849 1
5849 1
5849 1
5849 1
5849 1
5849 1
5849 1
5849 1
5849 1
5849 1
5849 1
5849 1
5849 1
5849 1
5849 1
5849 1
5849 1
5849 1
5849 1
5849 1
5849 1
5849 1
5849 1
5849 1
5849 1
5849 1
5849 1
5849 1
5849 1
5849 1
5849 1
5849 1
5849 1
5849 1
5849 1
5849 1
5849 1
5849 1
5849 1
6081 1
6081 1
6081 1
6081 1
6081 1
6081 1
6081 1
6081 1
6081 1
6081 1
6081 1
6081 1
6081 1
6081 1
6081 1
6081 1
6081 1
6081 1
6081 1
6081 1
6081 1
6081 1
6081 1
6081 1
6081 1
6081 1
6081 1
6081 1
6081 1
6081 1
6081 1
6081 1
6081 1
6081 1
6081 1
6081 1
6081 1
6081 1
6081 1
6081 1
6081 1
6081 1
6081 1
6081 1
6081 1
6080 1
6080 1
6080 1
6080 1
6080 1
6080 1
6080 1
6080 1
6080 1
6080 1
6080 1
6080 1
6080 1
6080 1
6080 1
6080 1
6080 1
6080 1
6080 1
6080 1
6080 1
6080 1
6080 1
6080 1
6080 1
6080 1
6080 1
6080 1
6080 1
6080 1
6080 1
6080 1
6080 1
6080 1
6080 1
6080 1
6080 1
6080 1
6080 1
6080 1
6080 1
6080 1
6080 1
6080 1
6080 1
6188 1
6188 1
6188 1
6188 1
6188 1
6188 1
6188 1
6188 1
6188 1
6188 1
6188 1
6188 1
6188 1
6188 1
6188 1
6188 1
6188 1
6188 1
6188 1
6188 1
6188 1
6188 1
6188 1
6188 1
6188 1
6188 1
6188 1
6188 1
6188 1
6188 1
6188 1
6188 1
6188 1
6188 1
6188 1
6188 1
6188 1
6188 1
6188 1
6188 1
6188 1
6188 1
6188 1
6188 1
6188 1
6079 1
6079 1
6079 1
6079 1
6079 1
6079 1
6079 1
6079 1
6079 1
6079 1
6079 1
6079 1
6079 1
6079 1
6079 1
6079 1
6079 1
6079 1
6079 1
6079 1
6079 1
6079 1
6079 1
6079 1
6079 1
6079 1
6079 1
6079 1
6079 1
6079 1
6079 1
6079 1
6079 1
6079 1
6079 1
6079 1
6079 1
6079 1
6079 1
6079 1
6079 1
6079 1
6079 1
6079 1
6079 1
6078 1
6078 1
6078 1
6078 1
6078 1
6078 1
6078 1
6078 1
6078 1
6078 1
6078 1
6078 1
6078 1
6078 1
6078 1
6078 1
6078 1
6078 1
6078 1
6078 1
6078 1
6078 1
6078 1
6078 1
6078 1
6078 1
6078 1
6078 1
6078 1
6078 1
6078 1
6078 1
6078 1
6078 1
6078 1
6078 1
6078 1
6078 1
6078 1
6078 1
6078 1
6078 1
6078 1
6078 1
6078 1
6077 1
6077 1
6077 1
6077 1
6077 1
6077 1
6077 1
6077 1
6077 1
6077 1
6077 1
6077 1
6077 1
6077 1
6077 1
6077 1
6077 1
6077 1
6077 1
6077 1
6077 1
6077 1
6077 1
6077 1
6077 1
6077 1
6077 1
6077 1
6077 1
6077 1
6077 1
6077 1
6077 1
6077 1
6077 1
6077 1
6077 1
6077 1
6077 1
6077 1
6077 1
6077 1
6077 1
6077 1
6077 1
5960 1
5960 1
5960 1
5960 1
5960 1
5960 1
5960 1
5960 1
5960 1
5960 1
5960 1
5960 1
5960 1
5960 1
5960 1
5960 1
5960 1
5960 1
5960 1
5960 1
5960 1
5960 1
5960 1
5960 1
5960 1
5960 1
5960 1
5960 1
5960 1
5960 1
5960 1
5960 1
5960 1
5960 1
5960 1
5960 1
5960 1
5960 1
5960 1
5960 1
5960 1
5960 1
5960 1
5960 1
5960 1
6186 1
6186 1
6186 1
6186 1
6186 1
6186 1
6186 1
6186 1
6186 1
6186 1
6186 1
6186 1
6186 1
6186 1
6186 1
6186 1
6186 1
6186 1
6186 1
6186 1
6186 1
6186 1
6186 1
6186 1
6186 1
6186 1
6186 1
6186 1
6186 1
6186 1
6186 1
6186 1
6186 1
6186 1
6186 1
6186 1
6186 1
6186 1
6186 1
6186 1
6186 1
6186 1
6186 1
6186 1
6186 1
5959 1
5959 1
5959 1
5959 1
5959 1
5959 1
5959 1
5959 1
5959 1
5959 1
5959 1
5959 1
5959 1
5959 1
5959 1
5959 1
5959 1
5959 1
5959 1
5959 1
5959 1
5959 1
5959 1
5959 1
5959 1
5959 1
5959 1
5959 1
5959 1
5959 1
5959 1
5959 1
5959 1
5959 1
5959 1
5959 1
5959 1
5959 1
5959 1
5959 1
5959 1
5959 1
5959 1
5959 1
5959 1
6074 1
6074 1
6074 1
6074 1
6074 1
6074 1
6074 1
6074 1
6074 1
6074 1
6074 1
6074 1
6074 1
6074 1
6074 1
6074 1
6074 1
6074 1
6074 1
6074 1
6074 1
6074 1
6074 1
6074 1
6074 1
6074 1
6074 1
6074 1
6074 1
6074 1
6074 1
6074 1
6074 1
6074 1
6074 1
6074 1
6074 1
6074 1
6074 1
6074 1
6074 1
6074 1
6074 1
6074 1
6074 1
6073 1
6073 1
6073 1
6073 1
6073 1
6073 1
6073 1
6073 1
6073 1
6073 1
6073 1
6073 1
6073 1
6073 1
6073 1
6073 1
6073 1
6073 1
6073 1
6073 1
6073 1
6073 1
6073 1
6073 1
6073 1
6073 1
6073 1
6073 1
6073 1
6073 1
6073 1
6073 1
6073 1
6073 1
6073 1
6073 1
6073 1
6073 1
6073 1
6073 1
6073 1
6073 1
6073 1
6073 1
6073 1
5946 1
5946 1
5946 1
5946 1
5946 1
5946 1
5946 1
5946 1
5946 1
5946 1
5946 1
5946 1
5946 1
5946 1
5946 1
5946 1
5946 1
5946 1
5946 1
5946 1
5946 1
5946 1
5946 1
5946 1
5946 1
5946 1
5946 1
5946 1
5946 1
5946 1
5946 1
5946 1
5946 1
5946 1
5946 1
5946 1
5946 1
5946 1
5946 1
5946 1
5946 1
5946 1
5946 1
5946 1
5946 1
6181 1
6181 1
6181 1
6181 1
6181 1
6181 1
6181 1
6181 1
6181 1
6181 1
6181 1
6181 1
6181 1
6181 1
6181 1
6181 1
6181 1
6181 1
6181 1
6181 1
6181 1
6181 1
6181 1
6181 1
6181 1
6181 1
6181 1
6181 1
6181 1
6181 1
6181 1
6181 1
6181 1
6181 1
6181 1
6181 1
6181 1
6181 1
6181 1
6181 1
6181 1
6181 1
6181 1
6181 1
6181 1
6180 1
6180 1
6180 1
6180 1
6180 1
6180 1
6180 1
6180 1
6180 1
6180 1
6180 1
6180 1
6180 1
6180 1
6180 1
6180 1
6180 1
6180 1
6180 1
6180 1
6180 1
6180 1
6180 1
6180 1
6180 1
6180 1
6180 1
6180 1
6180 1
6180 1
6180 1
6180 1
6180 1
6180 1
6180 1
6180 1
6180 1
6180 1
6180 1
6180 1
6180 1
6180 1
6180 1
6180 1
6180 1
6179 1
6179 1
6179 1
6179 1
6179 1
6179 1
6179 1
6179 1
6179 1
6179 1
6179 1
6179 1
6179 1
6179 1
6179 1
6179 1
6179 1
6179 1
6179 1
6179 1
6179 1
6179 1
6179 1
6179 1
6179 1
6179 1
6179 1
6179 1
6179 1
6179 1
6179 1
6179 1
6179 1
6179 1
6179 1
6179 1
6179 1
6179 1
6179 1
6179 1
6179 1
6179 1
6179 1
6179 1
6179 1
6178 1
6178 1
6178 1
6178 1
6178 1
6178 1
6178 1
6178 1
6178 1
6178 1
6178 1
6178 1
6178 1
6178 1
6178 1
6178 1
6178 1
6178 1
6178 1
6178 1
6178 1
6178 1
6178 1
6178 1
6178 1
6178 1
6178 1
6178 1
6178 1
6178 1
6178 1
6178 1
6178 1
6178 1
6178 1
6178 1
6178 1
6178 1
6178 1
6178 1
6178 1
6178 1
6178 1
6178 1
6178 1
6279 1
6279 1
6279 1
6279 1
6279 1
6279 1
6279 1
6279 1
6279 1
6279 1
6279 1
6279 1
6279 1
6279 1
6279 1
6279 1
6279 1
6279 1
6279 1
6279 1
6279 1
6279 1
6279 1
6279 1
6279 1
6279 1
6279 1
6279 1
6279 1
6279 1
6279 1
6279 1
6279 1
6279 1
6279 1
6279 1
6279 1
6279 1
6279 1
6279 1
6279 1
6279 1
6279 1
6279 1
6279 1
6177 1
6177 1
6177 1
6177 1
6177 1
6177 1
6177 1
6177 1
6177 1
6177 1
6177 1
6177 1
6177 1
6177 1
6177 1
6177 1
6177 1
6177 1
6177 1
6177 1
6177 1
6177 1
6177 1
6177 1
6177 1
6177 1
6177 1
6177 1
6177 1
6177 1
6177 1
6177 1
6177 1
6177 1
6177 1
6177 1
6177 1
6177 1
6177 1
6177 1
6177 1
6177 1
6177 1
6177 1
6177 1
6175 1
6175 1
6175 1
6175 1
6175 1
6175 1
6175 1
6175 1
6175 1
6175 1
6175 1
6175 1
6175 1
6175 1
6175 1
6175 1
6175 1
6175 1
6175 1
6175 1
6175 1
6175 1
6175 1
6175 1
6175 1
6175 1
6175 1
6175 1
6175 1
6175 1
6175 1
6175 1
6175 1
6175 1
6175 1
6175 1
6175 1
6175 1
6175 1
6175 1
6175 1
6175 1
6175 1
6175 1
6175 1
6174 1
6174 1
6174 1
6174 1
6174 1
6174 1
6174 1
6174 1
6174 1
6174 1
6174 1
6174 1
6174 1
6174 1
6174 1
6174 1
6174 1
6174 1
6174 1
6174 1
6174 1
6174 1
6174 1
6174 1
6174 1
6174 1
6174 1
6174 1
6174 1
6174 1
6174 1
6174 1
6174 1
6174 1
6174 1
6174 1
6174 1
6174 1
6174 1
6174 1
6174 1
6174 1
6174 1
6174 1
6174 1
6172 1
6172 1
6172 1
6172 1
6172 1
6172 1
6172 1
6172 1
6172 1
6172 1
6172 1
6172 1
6172 1
6172 1
6172 1
6172 1
6172 1
6172 1
6172 1
6172 1
6172 1
6172 1
6172 1
6172 1
6172 1
6172 1
6172 1
6172 1
6172 1
6172 1
6172 1
6172 1
6172 1
6172 1
6172 1
6172 1
6172 1
6172 1
6172 1
6172 1
6172 1
6172 1
6172 1
6172 1
6172 1
6274 1
6274 1
6274 1
6274 1
6274 1
6274 1
6274 1
6274 1
6274 1
6274 1
6274 1
6274 1
6274 1
6274 1
6274 1
6274 1
6274 1
6274 1
6274 1
6274 1
6274 1
6274 1
6274 1
6274 1
6274 1
6274 1
6274 1
6274 1
6274 1
6274 1
6274 1
6274 1
6274 1
6274 1
6274 1
6274 1
6274 1
6274 1
6274 1
6274 1
6274 1
6274 1
6274 1
6274 1
6274 1
6049 1
6049 1
6049 1
6049 1
6049 1
6049 1
6049 1
6049 1
6049 1
6049 1
6049 1
6049 1
6049 1
6049 1
6049 1
6049 1
6049 1
6049 1
6049 1
6049 1
6049 1
6049 1
6049 1
6049 1
6049 1
6049 1
6049 1
6049 1
6049 1
6049 1
6049 1
6049 1
6049 1
6049 1
6049 1
6049 1
6049 1
6049 1
6049 1
6049 1
6049 1
6049 1
6049 1
6049 1
6049 1
6047 1
6047 1
6047 1
6047 1
6047 1
6047 1
6047 1
6047 1
6047 1
6047 1
6047 1
6047 1
6047 1
6047 1
6047 1
6047 1
6047 1
6047 1
6047 1
6047 1
6047 1
6047 1
6047 1
6047 1
6047 1
6047 1
6047 1
6047 1
6047 1
6047 1
6047 1
6047 1
6047 1
6047 1
6047 1
6047 1
6047 1
6047 1
6047 1
6047 1
6047 1
6047 1
6047 1
6047 1
6047 1
6271 1
6271 1
6271 1
6271 1
6271 1
6271 1
6271 1
6271 1
6271 1
6271 1
6271 1
6271 1
6271 1
6271 1
6271 1
6271 1
6271 1
6271 1
6271 1
6271 1
6271 1
6271 1
6271 1
6271 1
6271 1
6271 1
6271 1
6271 1
6271 1
6271 1
6271 1
6271 1
6271 1
6271 1
6271 1
6271 1
6271 1
6271 1
6271 1
6271 1
6271 1
6271 1
6271 1
6271 1
6271 1
6270 1
6270 1
6270 1
6270 1
6270 1
6270 1
6270 1
6270 1
6270 1
6270 1
6270 1
6270 1
6270 1
6270 1
6270 1
6270 1
6270 1
6270 1
6270 1
6270 1
6270 1
6270 1
6270 1
6270 1
6270 1
6270 1
6270 1
6270 1
6270 1
6270 1
6270 1
6270 1
6270 1
6270 1
6270 1
6270 1
6270 1
6270 1
6270 1
6270 1
6270 1
6270 1
6270 1
6270 1
6270 1
6269 1
6269 1
6269 1
6269 1
6269 1
6269 1
6269 1
6269 1
6269 1
6269 1
6269 1
6269 1
6269 1
6269 1
6269 1
6269 1
6269 1
6269 1
6269 1
6269 1
6269 1
6269 1
6269 1
6269 1
6269 1
6269 1
6269 1
6269 1
6269 1
6269 1
6269 1
6269 1
6269 1
6269 1
6269 1
6269 1
6269 1
6269 1
6269 1
6269 1
6269 1
6269 1
6269 1
6269 1
6269 1
6268 1
6268 1
6268 1
6268 1
6268 1
6268 1
6268 1
6268 1
6268 1
6268 1
6268 1
6268 1
6268 1
6268 1
6268 1
6268 1
6268 1
6268 1
6268 1
6268 1
6268 1
6268 1
6268 1
6268 1
6268 1
6268 1
6268 1
6268 1
6268 1
6268 1
6268 1
6268 1
6268 1
6268 1
6268 1
6268 1
6268 1
6268 1
6268 1
6268 1
6268 1
6268 1
6268 1
6268 1
6268 1
6267 1
6267 1
6267 1
6267 1
6267 1
6267 1
6267 1
6267 1
6267 1
6267 1
6267 1
6267 1
6267 1
6267 1
6267 1
6267 1
6267 1
6267 1
6267 1
6267 1
6267 1
6267 1
6267 1
6267 1
6267 1
6267 1
6267 1
6267 1
6267 1
6267 1
6267 1
6267 1
6267 1
6267 1
6267 1
6267 1
6267 1
6267 1
6267 1
6267 1
6267 1
6267 1
6267 1
6267 1
6267 1
6152 1
6152 1
6152 1
6152 1
6152 1
6152 1
6152 1
6152 1
6152 1
6152 1
6152 1
6152 1
6152 1
6152 1
6152 1
6152 1
6152 1
6152 1
6152 1
6152 1
6152 1
6152 1
6152 1
6152 1
6152 1
6152 1
6152 1
6152 1
6152 1
6152 1
6152 1
6152 1
6152 1
6152 1
6152 1
6152 1
6152 1
6152 1
6152 1
6152 1
6152 1
6152 1
6152 1
6152 1
6152 1
6364 1
6364 1
6364 1
6364 1
6364 1
6364 1
6364 1
6364 1
6364 1
6364 1
6364 1
6364 1
6364 1
6364 1
6364 1
6364 1
6364 1
6364 1
6364 1
6364 1
6364 1
6364 1
6364 1
6364 1
6364 1
6364 1
6364 1
6364 1
6364 1
6364 1
6364 1
6364 1
6364 1
6364 1
6364 1
6364 1
6364 1
6364 1
6364 1
6364 1
6364 1
6364 1
6364 1
6364 1
6364 1
6149 1
6149 1
6149 1
6149 1
6149 1
6149 1
6149 1
6149 1
6149 1
6149 1
6149 1
6149 1
6149 1
6149 1
6149 1
6149 1
6149 1
6149 1
6149 1
6149 1
6149 1
6149 1
6149 1
6149 1
6149 1
6149 1
6149 1
6149 1
6149 1
6149 1
6149 1
6149 1
6149 1
6149 1
6149 1
6149 1
6149 1
6149 1
6149 1
6149 1
6149 1
6149 1
6149 1
6149 1
6149 1
6363 1
6363 1
6363 1
6363 1
6363 1
6363 1
6363 1
6363 1
6363 1
6363 1
6363 1
6363 1
6363 1
6363 1
6363 1
6363 1
6363 1
6363 1
6363 1
6363 1
6363 1
6363 1
6363 1
6363 1
6363 1
6363 1
6363 1
6363 1
6363 1
6363 1
6363 1
6363 1
6363 1
6363 1
6363 1
6363 1
6363 1
6363 1
6363 1
6363 1
6363 1
6363 1
6363 1
6363 1
6363 1
6361 1
6361 1
6361 1
6361 1
6361 1
6361 1
6361 1
6361 1
6361 1
6361 1
6361 1
6361 1
6361 1
6361 1
6361 1
6361 1
6361 1
6361 1
6361 1
6361 1
6361 1
6361 1
6361 1
6361 1
6361 1
6361 1
6361 1
6361 1
6361 1
6361 1
6361 1
6361 1
6361 1
6361 1
6361 1
6361 1
6361 1
6361 1
6361 1
6361 1
6361 1
6361 1
6361 1
6361 1
6361 1
6360 1
6360 1
6360 1
6360 1
6360 1
6360 1
6360 1
6360 1
6360 1
6360 1
6360 1
6360 1
6360 1
6360 1
6360 1
6360 1
6360 1
6360 1
6360 1
6360 1
6360 1
6360 1
6360 1
6360 1
6360 1
6360 1
6360 1
6360 1
6360 1
6360 1
6360 1
6360 1
6360 1
6360 1
6360 1
6360 1
6360 1
6360 1
6360 1
6360 1
6360 1
6360 1
6360 1
6360 1
6360 1
6455 1
6455 1
6455 1
6455 1
6455 1
6455 1
6455 1
6455 1
6455 1
6455 1
6455 1
6455 1
6455 1
6455 1
6455 1
6455 1
6455 1
6455 1
6455 1
6455 1
6455 1
6455 1
6455 1
6455 1
6455 1
6455 1
6455 1
6455 1
6455 1
6455 1
6455 1
6455 1
6455 1
6455 1
6455 1
6455 1
6455 1
6455 1
6455 1
6455 1
6455 1
6455 1
6455 1
6455 1
6455 1
6454 1
6454 1
6454 1
6454 1
6454 1
6454 1
6454 1
6454 1
6454 1
6454 1
6454 1
6454 1
6454 1
6454 1
6454 1
6454 1
6454 1
6454 1
6454 1
6454 1
6454 1
6454 1
6454 1
6454 1
6454 1
6454 1
6454 1
6454 1
6454 1
6454 1
6454 1
6454 1
6454 1
6454 1
6454 1
6454 1
6454 1
6454 1
6454 1
6454 1
6454 1
6454 1
6454 1
6454 1
6454 1
6453 1
6453 1
6453 1
6453 1
6453 1
6453 1
6453 1
6453 1
6453 1
6453 1
6453 1
6453 1
6453 1
6453 1
6453 1
6453 1
6453 1
6453 1
6453 1
6453 1
6453 1
6453 1
6453 1
6453 1
6453 1
6453 1
6453 1
6453 1
6453 1
6453 1
6453 1
6453 1
6453 1
6453 1
6453 1
6453 1
6453 1
6453 1
6453 1
6453 1
6453 1
6453 1
6453 1
6453 1
6453 1
6451 1
6451 1
6451 1
6451 1
6451 1
6451 1
6451 1
6451 1
6451 1
6451 1
6451 1
6451 1
6451 1
6451 1
6451 1
6451 1
6451 1
6451 1
6451 1
6451 1
6451 1
6451 1
6451 1
6451 1
6451 1
6451 1
6451 1
6451 1
6451 1
6451 1
6451 1
6451 1
6451 1
6451 1
6451 1
6451 1
6451 1
6451 1
6451 1
6451 1
6451 1
6451 1
6451 1
6451 1
6451 1
6540 1
6540 1
6540 1
6540 1
6540 1
6540 1
6540 1
6540 1
6540 1
6540 1
6540 1
6540 1
6540 1
6540 1
6540 1
6540 1
6540 1
6540 1
6540 1
6540 1
6540 1
6540 1
6540 1
6540 1
6540 1
6540 1
6540 1
6540 1
6540 1
6540 1
6540 1
6540 1
6540 1
6540 1
6540 1
6540 1
6540 1
6540 1
6540 1
6540 1
6540 1
6540 1
6540 1
6540 1
6540 1
6539 1
6539 1
6539 1
6539 1
6539 1
6539 1
6539 1
6539 1
6539 1
6539 1
6539 1
6539 1
6539 1
6539 1
6539 1
6539 1
6539 1
6539 1
6539 1
6539 1
6539 1
6539 1
6539 1
6539 1
6539 1
6539 1
6539 1
6539 1
6539 1
6539 1
6539 1
6539 1
6539 1
6539 1
6539 1
6539 1
6539 1
6539 1
6539 1
6539 1
6539 1
6539 1
6539 1
6539 1
6539 1
6538 1
6538 1
6538 1
6538 1
6538 1
6538 1
6538 1
6538 1
6538 1
6538 1
6538 1
6538 1
6538 1
6538 1
6538 1
6538 1
6538 1
6538 1
6538 1
6538 1
6538 1
6538 1
6538 1
6538 1
6538 1
6538 1
6538 1
6538 1
6538 1
6538 1
6538 1
6538 1
6538 1
6538 1
6538 1
6538 1
6538 1
6538 1
6538 1
6538 1
6538 1
6538 1
6538 1
6538 1
6538 1
6535 1
6535 1
6535 1
6535 1
6535 1
6535 1
6535 1
6535 1
6535 1
6535 1
6535 1
6535 1
6535 1
6535 1
6535 1
6535 1
6535 1
6535 1
6535 1
6535 1
6535 1
6535 1
6535 1
6535 1
6535 1
6535 1
6535 1
6535 1
6535 1
6535 1
6535 1
6535 1
6535 1
6535 1
6535 1
6535 1
6535 1
6535 1
6535 1
6535 1
6535 1
6535 1
6535 1
6535 1
6535 1
6622 1
6622 1
6622 1
6622 1
6622 1
6622 1
6622 1
6622 1
6622 1
6622 1
6622 1
6622 1
6622 1
6622 1
6622 1
6622 1
6622 1
6622 1
6622 1
6622 1
6622 1
6622 1
6622 1
6622 1
6622 1
6622 1
6622 1
6622 1
6622 1
6622 1
6622 1
6622 1
6622 1
6622 1
6622 1
6622 1
6622 1
6622 1
6622 1
6622 1
6622 1
6622 1
6622 1
6622 1
6622 1
6702 1
6702 1
6702 1
6702 1
6702 1
6702 1
6702 1
6702 1
6702 1
6702 1
6702 1
6702 1
6702 1
6702 1
6702 1
6702 1
6702 1
6702 1
6702 1
6702 1
6702 1
6702 1
6702 1
6702 1
6702 1
6702 1
6702 1
6702 1
6702 1
6702 1
6702 1
6702 1
6702 1
6702 1
6702 1
6702 1
6702 1
6702 1
6702 1
6702 1
6702 1
6702 1
6702 1
6702 1
6702 1
6521 1
6521 1
6521 1
6521 1
6521 1
6521 1
6521 1
6521 1
6521 1
6521 1
6521 1
6521 1
6521 1
6521 1
6521 1
6521 1
6521 1
6521 1
6521 1
6521 1
6521 1
6521 1
6521 1
6521 1
6521 1
6521 1
6521 1
6521 1
6521 1
6521 1
6521 1
6521 1
6521 1
6521 1
6521 1
6521 1
6521 1
6521 1
6521 1
6521 1
6521 1
6521 1
6521 1
6521 1
6521 1
6699 1
6699 1
6699 1
6699 1
6699 1
6699 1
6699 1
6699 1
6699 1
6699 1
6699 1
6699 1
6699 1
6699 1
6699 1
6699 1
6699 1
6699 1
6699 1
6699 1
6699 1
6699 1
6699 1
6699 1
6699 1
6699 1
6699 1
6699 1
6699 1
6699 1
6699 1
6699 1
6699 1
6699 1
6699 1
6699 1
6699 1
6699 1
6699 1
6699 1
6699 1
6699 1
6699 1
6699 1
6699 1
6607 1
6607 1
6607 1
6607 1
6607 1
6607 1
6607 1
6607 1
6607 1
6607 1
6607 1
6607 1
6607 1
6607 1
6607 1
6607 1
6607 1
6607 1
6607 1
6607 1
6607 1
6607 1
6607 1
6607 1
6607 1
6607 1
6607 1
6607 1
6607 1
6607 1
6607 1
6607 1
6607 1
6607 1
6607 1
6607 1
6607 1
6607 1
6607 1
6607 1
6607 1
6607 1
6607 1
6607 1
6607 1
6846 1
6846 1
6846 1
6846 1
6846 1
6846 1
6846 1
6846 1
6846 1
6846 1
6846 1
6846 1
6846 1
6846 1
6846 1
6846 1
6846 1
6846 1
6846 1
6846 1
6846 1
6846 1
6846 1
6846 1
6846 1
6846 1
6846 1
6846 1
6846 1
6846 1
6846 1
6846 1
6846 1
6846 1
6846 1
6846 1
6846 1
6846 1
6846 1
6846 1
6846 1
6846 1
6846 1
6846 1
6846 1
6918 1
6918 1
6918 1
6918 1
6918 1
6918 1
6918 1
6918 1
6918 1
6918 1
6918 1
6918 1
6918 1
6918 1
6918 1
6918 1
6918 1
6918 1
6918 1
6918 1
6918 1
6918 1
6918 1
6918 1
6918 1
6918 1
6918 1
6918 1
6918 1
6918 1
6918 1
6918 1
6918 1
6918 1
6918 1
6918 1
6918 1
6918 1
6918 1
6918 1
6918 1
6918 1
6918 1
6918 1
6918 1
6762 1
6762 1
6762 1
6762 1
6762 1
6762 1
6762 1
6762 1
6762 1
6762 1
6762 1
6762 1
6762 1
6762 1
6762 1
6762 1
6762 1
6762 1
6762 1
6762 1
6762 1
6762 1
6762 1
6762 1
6762 1
6762 1
6762 1
6762 1
6762 1
6762 1
6762 1
6762 1
6762 1
6762 1
6762 1
6762 1
6762 1
6762 1
6762 1
6762 1
6762 1
6762 1
6762 1
6762 1
6762 1
6917 1
6917 1
6917 1
6917 1
6917 1
6917 1
6917 1
6917 1
6917 1
6917 1
6917 1
6917 1
6917 1
6917 1
6917 1
6917 1
6917 1
6917 1
6917 1
6917 1
6917 1
6917 1
6917 1
6917 1
6917 1
6917 1
6917 1
6917 1
6917 1
6917 1
6917 1
6917 1
6917 1
6917 1
6917 1
6917 1
6917 1
6917 1
6917 1
6917 1
6917 1
6917 1
6917 1
6917 1
6917 1
6910 1
6910 1
6910 1
6910 1
6910 1
6910 1
6910 1
6910 1
6910 1
6910 1
6910 1
6910 1
6910 1
6910 1
6910 1
6910 1
6910 1
6910 1
6910 1
6910 1
6910 1
6910 1
6910 1
6910 1
6910 1
6910 1
6910 1
6910 1
6910 1
6910 1
6910 1
6910 1
6910 1
6910 1
6910 1
6910 1
6910 1
6910 1
6910 1
6910 1
6910 1
6910 1
6910 1
6910 1
6910 1
6988 1
6988 1
6988 1
6988 1
6988 1
6988 1
6988 1
6988 1
6988 1
6988 1
6988 1
6988 1
6988 1
6988 1
6988 1
6988 1
6988 1
6988 1
6988 1
6988 1
6988 1
6988 1
6988 1
6988 1
6988 1
6988 1
6988 1
6988 1
6988 1
6988 1
6988 1
6988 1
6988 1
6988 1
6988 1
6988 1
6988 1
6988 1
6988 1
6988 1
6988 1
6988 1
6988 1
6988 1
6988 1
6985 1
6985 1
6985 1
6985 1
6985 1
6985 1
6985 1
6985 1
6985 1
6985 1
6985 1
6985 1
6985 1
6985 1
6985 1
6985 1
6985 1
6985 1
6985 1
6985 1
6985 1
6985 1
6985 1
6985 1
6985 1
6985 1
6985 1
6985 1
6985 1
6985 1
6985 1
6985 1
6985 1
6985 1
6985 1
6985 1
6985 1
6985 1
6985 1
6985 1
6985 1
6985 1
6985 1
6985 1
6985 1
7052 1
7052 1
7052 1
7052 1
7052 1
7052 1
7052 1
7052 1
7052 1
7052 1
7052 1
7052 1
7052 1
7052 1
7052 1
7052 1
7052 1
7052 1
7052 1
7052 1
7052 1
7052 1
7052 1
7052 1
7052 1
7052 1
7052 1
7052 1
7052 1
7052 1
7052 1
7052 1
7052 1
7052 1
7052 1
7052 1
7052 1
7052 1
7052 1
7052 1
7052 1
7052 1
7052 1
7052 1
7052 1
7047 1
7047 1
7047 1
7047 1
7047 1
7047 1
7047 1
7047 1
7047 1
7047 1
7047 1
7047 1
7047 1
7047 1
7047 1
7047 1
7047 1
7047 1
7047 1
7047 1
7047 1
7047 1
7047 1
7047 1
7047 1
7047 1
7047 1
7047 1
7047 1
7047 1
7047 1
7047 1
7047 1
7047 1
7047 1
7047 1
7047 1
7047 1
7047 1
7047 1
7047 1
7047 1
7047 1
7047 1
7047 1
7127 1
7127 1
7127 1
7127 1
7127 1
7127 1
7127 1
7127 1
7127 1
7127 1
7127 1
7127 1
7127 1
7127 1
7127 1
7127 1
7127 1
7127 1
7127 1
7127 1
7127 1
7127 1
7127 1
7127 1
7127 1
7127 1
7127 1
7127 1
7127 1
7127 1
7127 1
7127 1
7127 1
7127 1
7127 1
7127 1
7127 1
7127 1
7127 1
7127 1
7127 1
7127 1
7127 1
7127 1
7127 1
7046 1
7046 1
7046 1
7046 1
7046 1
7046 1
7046 1
7046 1
7046 1
7046 1
7046 1
7046 1
7046 1
7046 1
7046 1
7046 1
7046 1
7046 1
7046 1
7046 1
7046 1
7046 1
7046 1
7046 1
7046 1
7046 1
7046 1
7046 1
7046 1
7046 1
7046 1
7046 1
7046 1
7046 1
7046 1
7046 1
7046 1
7046 1
7046 1
7046 1
7046 1
7046 1
7046 1
7046 1
7046 1
7126 1
7126 1
7126 1
7126 1
7126 1
7126 1
7126 1
7126 1
7126 1
7126 1
7126 1
7126 1
7126 1
7126 1
7126 1
7126 1
7126 1
7126 1
7126 1
7126 1
7126 1
7126 1
7126 1
7126 1
7126 1
7126 1
7126 1
7126 1
7126 1
7126 1
7126 1
7126 1
7126 1
7126 1
7126 1
7126 1
7126 1
7126 1
7126 1
7126 1
7126 1
7126 1
7126 1
7126 1
7126 1
7123 1
7123 1
7123 1
7123 1
7123 1
7123 1
7123 1
7123 1
7123 1
7123 1
7123 1
7123 1
7123 1
7123 1
7123 1
7123 1
7123 1
7123 1
7123 1
7123 1
7123 1
7123 1
7123 1
7123 1
7123 1
7123 1
7123 1
7123 1
7123 1
7123 1
7123 1
7123 1
7123 1
7123 1
7123 1
7123 1
7123 1
7123 1
7123 1
7123 1
7123 1
7123 1
7123 1
7123 1
7123 1
7121 1
7121 1
7121 1
7121 1
7121 1
7121 1
7121 1
7121 1
7121 1
7121 1
7121 1
7121 1
7121 1
7121 1
7121 1
7121 1
7121 1
7121 1
7121 1
7121 1
7121 1
7121 1
7121 1
7121 1
7121 1
7121 1
7121 1
7121 1
7121 1
7121 1
7121 1
7121 1
7121 1
7121 1
7121 1
7121 1
7121 1
7121 1
7121 1
7121 1
7121 1
7121 1
7121 1
7121 1
7121 1
7120 1
7120 1
7120 1
7120 1
7120 1
7120 1
7120 1
7120 1
7120 1
7120 1
7120 1
7120 1
7120 1
7120 1
7120 1
7120 1
7120 1
7120 1
7120 1
7120 1
7120 1
7120 1
7120 1
7120 1
7120 1
7120 1
7120 1
7120 1
7120 1
7120 1
7120 1
7120 1
7120 1
7120 1
7120 1
7120 1
7120 1
7120 1
7120 1
7120 1
7120 1
7120 1
7120 1
7120 1
7120 1
7200 1
7200 1
7200 1
7200 1
7200 1
7200 1
7200 1
7200 1
7200 1
7200 1
7200 1
7200 1
7200 1
7200 1
7200 1
7200 1
7200 1
7200 1
7200 1
7200 1
7200 1
7200 1
7200 1
7200 1
7200 1
7200 1
7200 1
7200 1
7200 1
7200 1
7200 1
7200 1
7200 1
7200 1
7200 1
7200 1
7200 1
7200 1
7200 1
7200 1
7200 1
7200 1
7200 1
7200 1
7200 1
7197 1
7197 1
7197 1
7197 1
7197 1
7197 1
7197 1
7197 1
7197 1
7197 1
7197 1
7197 1
7197 1
7197 1
7197 1
7197 1
7197 1
7197 1
7197 1
7197 1
7197 1
7197 1
7197 1
7197 1
7197 1
7197 1
7197 1
7197 1
7197 1
7197 1
7197 1
7197 1
7197 1
7197 1
7197 1
7197 1
7197 1
7197 1
7197 1
7197 1
7197 1
7197 1
7197 1
7197 1
7197 1
7269 1
7269 1
7269 1
7269 1
7269 1
7269 1
7269 1
7269 1
7269 1
7269 1
7269 1
7269 1
7269 1
7269 1
7269 1
7269 1
7269 1
7269 1
7269 1
7269 1
7269 1
7269 1
7269 1
7269 1
7269 1
7269 1
7269 1
7269 1
7269 1
7269 1
7269 1
7269 1
7269 1
7269 1
7269 1
7269 1
7269 1
7269 1
7269 1
7269 1
7269 1
7269 1
7269 1
7269 1
7269 1
