pt_graph cpue_kghour
4013 0.3785476056898
4013 0.237066651884143
4013 0.237066651884143
4013 0.237066651884143
4013 0.237066651884143
4013 0
4013 0.0325430170211319
4013 0.0325430170211319
4013 0.00461664171774656
4013 0.00461664171774656
4013 0.00461664171774656
4013 0.3785476056898
4013 0.0806996713182425
4013 0
4013 0
4013 0
4013 0.00238016672435845
4013 0
4013 0.0443910186047781
4013 0
4013 0.3785476056898
4013 0.0651325975744153
4013 0
4013 0
4013 7.87399175438359
4013 7.87399175438359
4013 0
4013 0.833965398736767
4013 0.833965398736767
4013 0.833965398736767
4013 0.026331801335153
4013 0.3785476056898
4013 0
4013 0
4013 0.995510127766831
4013 0.995510127766831
4013 0
4013 0
4013 0.115141596674292
4013 0.115141596674292
4013 0.115141596674292
4013 0.00121140116376111
4013 0.00121140116376111
4013 0.00121140116376111
4013 0.0950872814286438
4271 0.3785476056898
4271 0.237066651884143
4271 0.237066651884143
4271 0.237066651884143
4271 0.237066651884143
4271 0
4271 0.0325430170211319
4271 0.0325430170211319
4271 0.00461664171774656
4271 0.00461664171774656
4271 0.00461664171774656
4271 0.3785476056898
4271 0.0806996713182425
4271 0
4271 0
4271 0
4271 0.00238016672435845
4271 0
4271 0.0443910186047781
4271 0
4271 0.3785476056898
4271 0.0651325975744153
4271 0
4271 0
4271 7.87399175438359
4271 7.87399175438359
4271 0
4271 0.833965398736767
4271 0.833965398736767
4271 0.833965398736767
4271 0.026331801335153
4271 0.3785476056898
4271 0
4271 0
4271 0.995510127766831
4271 0.995510127766831
4271 0
4271 0
4271 0.115141596674292
4271 0.115141596674292
4271 0.115141596674292
4271 0.00121140116376111
4271 0.00121140116376111
4271 0.00121140116376111
4271 0.0950872814286438
5002 0.3785476056898
5002 0.237066651884143
5002 0.237066651884143
5002 0.237066651884143
5002 0.237066651884143
5002 0
5002 0.0325430170211319
5002 0.0325430170211319
5002 0.00461664171774656
5002 0.00461664171774656
5002 0.00461664171774656
5002 0.3785476056898
5002 0.0806996713182425
5002 0
5002 0
5002 0
5002 0.00238016672435845
5002 0
5002 0.0443910186047781
5002 0
5002 0.3785476056898
5002 0.0651325975744153
5002 0
5002 0
5002 7.87399175438359
5002 7.87399175438359
5002 0
5002 0.833965398736767
5002 0.833965398736767
5002 0.833965398736767
5002 0.026331801335153
5002 0.3785476056898
5002 0
5002 0
5002 0.995510127766831
5002 0.995510127766831
5002 0
5002 0
5002 0.115141596674292
5002 0.115141596674292
5002 0.115141596674292
5002 0.00121140116376111
5002 0.00121140116376111
5002 0.00121140116376111
5002 0.0950872814286438
4999 0.3785476056898
4999 0.237066651884143
4999 0.237066651884143
4999 0.237066651884143
4999 0.237066651884143
4999 0
4999 0.0325430170211319
4999 0.0325430170211319
4999 0.00461664171774656
4999 0.00461664171774656
4999 0.00461664171774656
4999 0.3785476056898
4999 0.0806996713182425
4999 0
4999 0
4999 0
4999 0.00238016672435845
4999 0
4999 0.0443910186047781
4999 0
4999 0.3785476056898
4999 0.0651325975744153
4999 0
4999 0
4999 7.87399175438359
4999 7.87399175438359
4999 0
4999 0.833965398736767
4999 0.833965398736767
4999 0.833965398736767
4999 0.026331801335153
4999 0.3785476056898
4999 0
4999 0
4999 0.995510127766831
4999 0.995510127766831
4999 0
4999 0
4999 0.115141596674292
4999 0.115141596674292
4999 0.115141596674292
4999 0.00121140116376111
4999 0.00121140116376111
4999 0.00121140116376111
4999 0.0950872814286438
5089 0.3785476056898
5089 0.237066651884143
5089 0.237066651884143
5089 0.237066651884143
5089 0.237066651884143
5089 0
5089 0.0325430170211319
5089 0.0325430170211319
5089 0.00461664171774656
5089 0.00461664171774656
5089 0.00461664171774656
5089 0.3785476056898
5089 0.0806996713182425
5089 0
5089 0
5089 0
5089 0.00238016672435845
5089 0
5089 0.0443910186047781
5089 0
5089 0.3785476056898
5089 0.0651325975744153
5089 0
5089 0
5089 7.87399175438359
5089 7.87399175438359
5089 0
5089 0.833965398736767
5089 0.833965398736767
5089 0.833965398736767
5089 0.026331801335153
5089 0.3785476056898
5089 0
5089 0
5089 0.995510127766831
5089 0.995510127766831
5089 0
5089 0
5089 0.115141596674292
5089 0.115141596674292
5089 0.115141596674292
5089 0.00121140116376111
5089 0.00121140116376111
5089 0.00121140116376111
5089 0.0950872814286438
5178 0.3785476056898
5178 0.237066651884143
5178 0.237066651884143
5178 0.237066651884143
5178 0.237066651884143
5178 0
5178 0.0325430170211319
5178 0.0325430170211319
5178 0.00461664171774656
5178 0.00461664171774656
5178 0.00461664171774656
5178 0.3785476056898
5178 0.0806996713182425
5178 0
5178 0
5178 0
5178 0.00238016672435845
5178 0
5178 0.0443910186047781
5178 0
5178 0.3785476056898
5178 0.0651325975744153
5178 0
5178 0
5178 7.87399175438359
5178 7.87399175438359
5178 0
5178 0.833965398736767
5178 0.833965398736767
5178 0.833965398736767
5178 0.026331801335153
5178 0.3785476056898
5178 0
5178 0
5178 0.995510127766831
5178 0.995510127766831
5178 0
5178 0
5178 0.115141596674292
5178 0.115141596674292
5178 0.115141596674292
5178 0.00121140116376111
5178 0.00121140116376111
5178 0.00121140116376111
5178 0.0950872814286438
5270 0.3785476056898
5270 0.237066651884143
5270 0.237066651884143
5270 0.237066651884143
5270 0.237066651884143
5270 0
5270 0.0325430170211319
5270 0.0325430170211319
5270 0.00461664171774656
5270 0.00461664171774656
5270 0.00461664171774656
5270 0.3785476056898
5270 0.0806996713182425
5270 0
5270 0
5270 0
5270 0.00238016672435845
5270 0
5270 0.0443910186047781
5270 0
5270 0.3785476056898
5270 0.0651325975744153
5270 0
5270 0
5270 7.87399175438359
5270 7.87399175438359
5270 0
5270 0.833965398736767
5270 0.833965398736767
5270 0.833965398736767
5270 0.026331801335153
5270 0.3785476056898
5270 0
5270 0
5270 0.995510127766831
5270 0.995510127766831
5270 0
5270 0
5270 0.115141596674292
5270 0.115141596674292
5270 0.115141596674292
5270 0.00121140116376111
5270 0.00121140116376111
5270 0.00121140116376111
5270 0.0950872814286438
5359 0.3785476056898
5359 0.237066651884143
5359 0.237066651884143
5359 0.237066651884143
5359 0.237066651884143
5359 0
5359 0.0325430170211319
5359 0.0325430170211319
5359 0.00461664171774656
5359 0.00461664171774656
5359 0.00461664171774656
5359 0.3785476056898
5359 0.0806996713182425
5359 0
5359 0
5359 0
5359 0.00238016672435845
5359 0
5359 0.0443910186047781
5359 0
5359 0.3785476056898
5359 0.0651325975744153
5359 0
5359 0
5359 7.87399175438359
5359 7.87399175438359
5359 0
5359 0.833965398736767
5359 0.833965398736767
5359 0.833965398736767
5359 0.026331801335153
5359 0.3785476056898
5359 0
5359 0
5359 0.995510127766831
5359 0.995510127766831
5359 0
5359 0
5359 0.115141596674292
5359 0.115141596674292
5359 0.115141596674292
5359 0.00121140116376111
5359 0.00121140116376111
5359 0.00121140116376111
5359 0.0950872814286438
5358 0.3785476056898
5358 0.237066651884143
5358 0.237066651884143
5358 0.237066651884143
5358 0.237066651884143
5358 0
5358 0.0325430170211319
5358 0.0325430170211319
5358 0.00461664171774656
5358 0.00461664171774656
5358 0.00461664171774656
5358 0.3785476056898
5358 0.0806996713182425
5358 0
5358 0
5358 0
5358 0.00238016672435845
5358 0
5358 0.0443910186047781
5358 0
5358 0.3785476056898
5358 0.0651325975744153
5358 0
5358 0
5358 7.87399175438359
5358 7.87399175438359
5358 0
5358 0.833965398736767
5358 0.833965398736767
5358 0.833965398736767
5358 0.026331801335153
5358 0.3785476056898
5358 0
5358 0
5358 0.995510127766831
5358 0.995510127766831
5358 0
5358 0
5358 0.115141596674292
5358 0.115141596674292
5358 0.115141596674292
5358 0.00121140116376111
5358 0.00121140116376111
5358 0.00121140116376111
5358 0.0950872814286438
5355 0.3785476056898
5355 0.237066651884143
5355 0.237066651884143
5355 0.237066651884143
5355 0.237066651884143
5355 0
5355 0.0325430170211319
5355 0.0325430170211319
5355 0.00461664171774656
5355 0.00461664171774656
5355 0.00461664171774656
5355 0.3785476056898
5355 0.0806996713182425
5355 0
5355 0
5355 0
5355 0.00238016672435845
5355 0
5355 0.0443910186047781
5355 0
5355 0.3785476056898
5355 0.0651325975744153
5355 0
5355 0
5355 7.87399175438359
5355 7.87399175438359
5355 0
5355 0.833965398736767
5355 0.833965398736767
5355 0.833965398736767
5355 0.026331801335153
5355 0.3785476056898
5355 0
5355 0
5355 0.995510127766831
5355 0.995510127766831
5355 0
5355 0
5355 0.115141596674292
5355 0.115141596674292
5355 0.115141596674292
5355 0.00121140116376111
5355 0.00121140116376111
5355 0.00121140116376111
5355 0.0950872814286438
9737 0.3785476056898
9737 0.237066651884143
9737 0.237066651884143
9737 0.237066651884143
9737 0.237066651884143
9737 0
9737 0.0325430170211319
9737 0.0325430170211319
9737 0.00461664171774656
9737 0.00461664171774656
9737 0.00461664171774656
9737 0.3785476056898
9737 0.0806996713182425
9737 0
9737 0
9737 0
9737 0.00238016672435845
9737 0
9737 0.0443910186047781
9737 0
9737 0.3785476056898
9737 0.0651325975744153
9737 0
9737 0
9737 7.87399175438359
9737 7.87399175438359
9737 0
9737 0.833965398736767
9737 0.833965398736767
9737 0.833965398736767
9737 0.026331801335153
9737 0.3785476056898
9737 0
9737 0
9737 0.995510127766831
9737 0.995510127766831
9737 0
9737 0
9737 0.115141596674292
9737 0.115141596674292
9737 0.115141596674292
9737 0.00121140116376111
9737 0.00121140116376111
9737 0.00121140116376111
9737 0.0950872814286438
5346 0.3785476056898
5346 0.237066651884143
5346 0.237066651884143
5346 0.237066651884143
5346 0.237066651884143
5346 0
5346 0.0325430170211319
5346 0.0325430170211319
5346 0.00461664171774656
5346 0.00461664171774656
5346 0.00461664171774656
5346 0.3785476056898
5346 0.0806996713182425
5346 0
5346 0
5346 0
5346 0.00238016672435845
5346 0
5346 0.0443910186047781
5346 0
5346 0.3785476056898
5346 0.0651325975744153
5346 0
5346 0
5346 7.87399175438359
5346 7.87399175438359
5346 0
5346 0.833965398736767
5346 0.833965398736767
5346 0.833965398736767
5346 0.026331801335153
5346 0.3785476056898
5346 0
5346 0
5346 0.995510127766831
5346 0.995510127766831
5346 0
5346 0
5346 0.115141596674292
5346 0.115141596674292
5346 0.115141596674292
5346 0.00121140116376111
5346 0.00121140116376111
5346 0.00121140116376111
5346 0.0950872814286438
5533 0.3785476056898
5533 0.237066651884143
5533 0.237066651884143
5533 0.237066651884143
5533 0.237066651884143
5533 0
5533 0.0325430170211319
5533 0.0325430170211319
5533 0.00461664171774656
5533 0.00461664171774656
5533 0.00461664171774656
5533 0.3785476056898
5533 0.0806996713182425
5533 0
5533 0
5533 0
5533 0.00238016672435845
5533 0
5533 0.0443910186047781
5533 0
5533 0.3785476056898
5533 0.0651325975744153
5533 0
5533 0
5533 7.87399175438359
5533 7.87399175438359
5533 0
5533 0.833965398736767
5533 0.833965398736767
5533 0.833965398736767
5533 0.026331801335153
5533 0.3785476056898
5533 0
5533 0
5533 0.995510127766831
5533 0.995510127766831
5533 0
5533 0
5533 0.115141596674292
5533 0.115141596674292
5533 0.115141596674292
5533 0.00121140116376111
5533 0.00121140116376111
5533 0.00121140116376111
5533 0.0950872814286438
5430 0.3785476056898
5430 0.237066651884143
5430 0.237066651884143
5430 0.237066651884143
5430 0.237066651884143
5430 0
5430 0.0325430170211319
5430 0.0325430170211319
5430 0.00461664171774656
5430 0.00461664171774656
5430 0.00461664171774656
5430 0.3785476056898
5430 0.0806996713182425
5430 0
5430 0
5430 0
5430 0.00238016672435845
5430 0
5430 0.0443910186047781
5430 0
5430 0.3785476056898
5430 0.0651325975744153
5430 0
5430 0
5430 7.87399175438359
5430 7.87399175438359
5430 0
5430 0.833965398736767
5430 0.833965398736767
5430 0.833965398736767
5430 0.026331801335153
5430 0.3785476056898
5430 0
5430 0
5430 0.995510127766831
5430 0.995510127766831
5430 0
5430 0
5430 0.115141596674292
5430 0.115141596674292
5430 0.115141596674292
5430 0.00121140116376111
5430 0.00121140116376111
5430 0.00121140116376111
5430 0.0950872814286438
5429 0.3785476056898
5429 0.237066651884143
5429 0.237066651884143
5429 0.237066651884143
5429 0.237066651884143
5429 0
5429 0.0325430170211319
5429 0.0325430170211319
5429 0.00461664171774656
5429 0.00461664171774656
5429 0.00461664171774656
5429 0.3785476056898
5429 0.0806996713182425
5429 0
5429 0
5429 0
5429 0.00238016672435845
5429 0
5429 0.0443910186047781
5429 0
5429 0.3785476056898
5429 0.0651325975744153
5429 0
5429 0
5429 7.87399175438359
5429 7.87399175438359
5429 0
5429 0.833965398736767
5429 0.833965398736767
5429 0.833965398736767
5429 0.026331801335153
5429 0.3785476056898
5429 0
5429 0
5429 0.995510127766831
5429 0.995510127766831
5429 0
5429 0
5429 0.115141596674292
5429 0.115141596674292
5429 0.115141596674292
5429 0.00121140116376111
5429 0.00121140116376111
5429 0.00121140116376111
5429 0.0950872814286438
5619 0.3785476056898
5619 0.237066651884143
5619 0.237066651884143
5619 0.237066651884143
5619 0.237066651884143
5619 0
5619 0.0325430170211319
5619 0.0325430170211319
5619 0.00461664171774656
5619 0.00461664171774656
5619 0.00461664171774656
5619 0.3785476056898
5619 0.0806996713182425
5619 0
5619 0
5619 0
5619 0.00238016672435845
5619 0
5619 0.0443910186047781
5619 0
5619 0.3785476056898
5619 0.0651325975744153
5619 0
5619 0
5619 7.87399175438359
5619 7.87399175438359
5619 0
5619 0.833965398736767
5619 0.833965398736767
5619 0.833965398736767
5619 0.026331801335153
5619 0.3785476056898
5619 0
5619 0
5619 0.995510127766831
5619 0.995510127766831
5619 0
5619 0
5619 0.115141596674292
5619 0.115141596674292
5619 0.115141596674292
5619 0.00121140116376111
5619 0.00121140116376111
5619 0.00121140116376111
5619 0.0950872814286438
5618 0.3785476056898
5618 0.237066651884143
5618 0.237066651884143
5618 0.237066651884143
5618 0.237066651884143
5618 0
5618 0.0325430170211319
5618 0.0325430170211319
5618 0.00461664171774656
5618 0.00461664171774656
5618 0.00461664171774656
5618 0.3785476056898
5618 0.0806996713182425
5618 0
5618 0
5618 0
5618 0.00238016672435845
5618 0
5618 0.0443910186047781
5618 0
5618 0.3785476056898
5618 0.0651325975744153
5618 0
5618 0
5618 7.87399175438359
5618 7.87399175438359
5618 0
5618 0.833965398736767
5618 0.833965398736767
5618 0.833965398736767
5618 0.026331801335153
5618 0.3785476056898
5618 0
5618 0
5618 0.995510127766831
5618 0.995510127766831
5618 0
5618 0
5618 0.115141596674292
5618 0.115141596674292
5618 0.115141596674292
5618 0.00121140116376111
5618 0.00121140116376111
5618 0.00121140116376111
5618 0.0950872814286438
5615 0.3785476056898
5615 0.237066651884143
5615 0.237066651884143
5615 0.237066651884143
5615 0.237066651884143
5615 0
5615 0.0325430170211319
5615 0.0325430170211319
5615 0.00461664171774656
5615 0.00461664171774656
5615 0.00461664171774656
5615 0.3785476056898
5615 0.0806996713182425
5615 0
5615 0
5615 0
5615 0.00238016672435845
5615 0
5615 0.0443910186047781
5615 0
5615 0.3785476056898
5615 0.0651325975744153
5615 0
5615 0
5615 7.87399175438359
5615 7.87399175438359
5615 0
5615 0.833965398736767
5615 0.833965398736767
5615 0.833965398736767
5615 0.026331801335153
5615 0.3785476056898
5615 0
5615 0
5615 0.995510127766831
5615 0.995510127766831
5615 0
5615 0
5615 0.115141596674292
5615 0.115141596674292
5615 0.115141596674292
5615 0.00121140116376111
5615 0.00121140116376111
5615 0.00121140116376111
5615 0.0950872814286438
5614 0.3785476056898
5614 0.237066651884143
5614 0.237066651884143
5614 0.237066651884143
5614 0.237066651884143
5614 0
5614 0.0325430170211319
5614 0.0325430170211319
5614 0.00461664171774656
5614 0.00461664171774656
5614 0.00461664171774656
5614 0.3785476056898
5614 0.0806996713182425
5614 0
5614 0
5614 0
5614 0.00238016672435845
5614 0
5614 0.0443910186047781
5614 0
5614 0.3785476056898
5614 0.0651325975744153
5614 0
5614 0
5614 7.87399175438359
5614 7.87399175438359
5614 0
5614 0.833965398736767
5614 0.833965398736767
5614 0.833965398736767
5614 0.026331801335153
5614 0.3785476056898
5614 0
5614 0
5614 0.995510127766831
5614 0.995510127766831
5614 0
5614 0
5614 0.115141596674292
5614 0.115141596674292
5614 0.115141596674292
5614 0.00121140116376111
5614 0.00121140116376111
5614 0.00121140116376111
5614 0.0950872814286438
5707 0.3785476056898
5707 0.237066651884143
5707 0.237066651884143
5707 0.237066651884143
5707 0.237066651884143
5707 0
5707 0.0325430170211319
5707 0.0325430170211319
5707 0.00461664171774656
5707 0.00461664171774656
5707 0.00461664171774656
5707 0.3785476056898
5707 0.0806996713182425
5707 0
5707 0
5707 0
5707 0.00238016672435845
5707 0
5707 0.0443910186047781
5707 0
5707 0.3785476056898
5707 0.0651325975744153
5707 0
5707 0
5707 7.87399175438359
5707 7.87399175438359
5707 0
5707 0.833965398736767
5707 0.833965398736767
5707 0.833965398736767
5707 0.026331801335153
5707 0.3785476056898
5707 0
5707 0
5707 0.995510127766831
5707 0.995510127766831
5707 0
5707 0
5707 0.115141596674292
5707 0.115141596674292
5707 0.115141596674292
5707 0.00121140116376111
5707 0.00121140116376111
5707 0.00121140116376111
5707 0.0950872814286438
5516 0.3785476056898
5516 0.237066651884143
5516 0.237066651884143
5516 0.237066651884143
5516 0.237066651884143
5516 0
5516 0.0325430170211319
5516 0.0325430170211319
5516 0.00461664171774656
5516 0.00461664171774656
5516 0.00461664171774656
5516 0.3785476056898
5516 0.0806996713182425
5516 0
5516 0
5516 0
5516 0.00238016672435845
5516 0
5516 0.0443910186047781
5516 0
5516 0.3785476056898
5516 0.0651325975744153
5516 0
5516 0
5516 7.87399175438359
5516 7.87399175438359
5516 0
5516 0.833965398736767
5516 0.833965398736767
5516 0.833965398736767
5516 0.026331801335153
5516 0.3785476056898
5516 0
5516 0
5516 0.995510127766831
5516 0.995510127766831
5516 0
5516 0
5516 0.115141596674292
5516 0.115141596674292
5516 0.115141596674292
5516 0.00121140116376111
5516 0.00121140116376111
5516 0.00121140116376111
5516 0.0950872814286438
5612 0.3785476056898
5612 0.237066651884143
5612 0.237066651884143
5612 0.237066651884143
5612 0.237066651884143
5612 0
5612 0.0325430170211319
5612 0.0325430170211319
5612 0.00461664171774656
5612 0.00461664171774656
5612 0.00461664171774656
5612 0.3785476056898
5612 0.0806996713182425
5612 0
5612 0
5612 0
5612 0.00238016672435845
5612 0
5612 0.0443910186047781
5612 0
5612 0.3785476056898
5612 0.0651325975744153
5612 0
5612 0
5612 7.87399175438359
5612 7.87399175438359
5612 0
5612 0.833965398736767
5612 0.833965398736767
5612 0.833965398736767
5612 0.026331801335153
5612 0.3785476056898
5612 0
5612 0
5612 0.995510127766831
5612 0.995510127766831
5612 0
5612 0
5612 0.115141596674292
5612 0.115141596674292
5612 0.115141596674292
5612 0.00121140116376111
5612 0.00121140116376111
5612 0.00121140116376111
5612 0.0950872814286438
5611 0.3785476056898
5611 0.237066651884143
5611 0.237066651884143
5611 0.237066651884143
5611 0.237066651884143
5611 0
5611 0.0325430170211319
5611 0.0325430170211319
5611 0.00461664171774656
5611 0.00461664171774656
5611 0.00461664171774656
5611 0.3785476056898
5611 0.0806996713182425
5611 0
5611 0
5611 0
5611 0.00238016672435845
5611 0
5611 0.0443910186047781
5611 0
5611 0.3785476056898
5611 0.0651325975744153
5611 0
5611 0
5611 7.87399175438359
5611 7.87399175438359
5611 0
5611 0.833965398736767
5611 0.833965398736767
5611 0.833965398736767
5611 0.026331801335153
5611 0.3785476056898
5611 0
5611 0
5611 0.995510127766831
5611 0.995510127766831
5611 0
5611 0
5611 0.115141596674292
5611 0.115141596674292
5611 0.115141596674292
5611 0.00121140116376111
5611 0.00121140116376111
5611 0.00121140116376111
5611 0.0950872814286438
5703 0.3785476056898
5703 0.237066651884143
5703 0.237066651884143
5703 0.237066651884143
5703 0.237066651884143
5703 0
5703 0.0325430170211319
5703 0.0325430170211319
5703 0.00461664171774656
5703 0.00461664171774656
5703 0.00461664171774656
5703 0.3785476056898
5703 0.0806996713182425
5703 0
5703 0
5703 0
5703 0.00238016672435845
5703 0
5703 0.0443910186047781
5703 0
5703 0.3785476056898
5703 0.0651325975744153
5703 0
5703 0
5703 7.87399175438359
5703 7.87399175438359
5703 0
5703 0.833965398736767
5703 0.833965398736767
5703 0.833965398736767
5703 0.026331801335153
5703 0.3785476056898
5703 0
5703 0
5703 0.995510127766831
5703 0.995510127766831
5703 0
5703 0
5703 0.115141596674292
5703 0.115141596674292
5703 0.115141596674292
5703 0.00121140116376111
5703 0.00121140116376111
5703 0.00121140116376111
5703 0.0950872814286438
5702 0.3785476056898
5702 0.237066651884143
5702 0.237066651884143
5702 0.237066651884143
5702 0.237066651884143
5702 0
5702 0.0325430170211319
5702 0.0325430170211319
5702 0.00461664171774656
5702 0.00461664171774656
5702 0.00461664171774656
5702 0.3785476056898
5702 0.0806996713182425
5702 0
5702 0
5702 0
5702 0.00238016672435845
5702 0
5702 0.0443910186047781
5702 0
5702 0.3785476056898
5702 0.0651325975744153
5702 0
5702 0
5702 7.87399175438359
5702 7.87399175438359
5702 0
5702 0.833965398736767
5702 0.833965398736767
5702 0.833965398736767
5702 0.026331801335153
5702 0.3785476056898
5702 0
5702 0
5702 0.995510127766831
5702 0.995510127766831
5702 0
5702 0
5702 0.115141596674292
5702 0.115141596674292
5702 0.115141596674292
5702 0.00121140116376111
5702 0.00121140116376111
5702 0.00121140116376111
5702 0.0950872814286438
5606 0.3785476056898
5606 0.237066651884143
5606 0.237066651884143
5606 0.237066651884143
5606 0.237066651884143
5606 0
5606 0.0325430170211319
5606 0.0325430170211319
5606 0.00461664171774656
5606 0.00461664171774656
5606 0.00461664171774656
5606 0.3785476056898
5606 0.0806996713182425
5606 0
5606 0
5606 0
5606 0.00238016672435845
5606 0
5606 0.0443910186047781
5606 0
5606 0.3785476056898
5606 0.0651325975744153
5606 0
5606 0
5606 7.87399175438359
5606 7.87399175438359
5606 0
5606 0.833965398736767
5606 0.833965398736767
5606 0.833965398736767
5606 0.026331801335153
5606 0.3785476056898
5606 0
5606 0
5606 0.995510127766831
5606 0.995510127766831
5606 0
5606 0
5606 0.115141596674292
5606 0.115141596674292
5606 0.115141596674292
5606 0.00121140116376111
5606 0.00121140116376111
5606 0.00121140116376111
5606 0.0950872814286438
5605 0.3785476056898
5605 0.237066651884143
5605 0.237066651884143
5605 0.237066651884143
5605 0.237066651884143
5605 0
5605 0.0325430170211319
5605 0.0325430170211319
5605 0.00461664171774656
5605 0.00461664171774656
5605 0.00461664171774656
5605 0.3785476056898
5605 0.0806996713182425
5605 0
5605 0
5605 0
5605 0.00238016672435845
5605 0
5605 0.0443910186047781
5605 0
5605 0.3785476056898
5605 0.0651325975744153
5605 0
5605 0
5605 7.87399175438359
5605 7.87399175438359
5605 0
5605 0.833965398736767
5605 0.833965398736767
5605 0.833965398736767
5605 0.026331801335153
5605 0.3785476056898
5605 0
5605 0
5605 0.995510127766831
5605 0.995510127766831
5605 0
5605 0
5605 0.115141596674292
5605 0.115141596674292
5605 0.115141596674292
5605 0.00121140116376111
5605 0.00121140116376111
5605 0.00121140116376111
5605 0.0950872814286438
5603 0.3785476056898
5603 0.237066651884143
5603 0.237066651884143
5603 0.237066651884143
5603 0.237066651884143
5603 0
5603 0.0325430170211319
5603 0.0325430170211319
5603 0.00461664171774656
5603 0.00461664171774656
5603 0.00461664171774656
5603 0.3785476056898
5603 0.0806996713182425
5603 0
5603 0
5603 0
5603 0.00238016672435845
5603 0
5603 0.0443910186047781
5603 0
5603 0.3785476056898
5603 0.0651325975744153
5603 0
5603 0
5603 7.87399175438359
5603 7.87399175438359
5603 0
5603 0.833965398736767
5603 0.833965398736767
5603 0.833965398736767
5603 0.026331801335153
5603 0.3785476056898
5603 0
5603 0
5603 0.995510127766831
5603 0.995510127766831
5603 0
5603 0
5603 0.115141596674292
5603 0.115141596674292
5603 0.115141596674292
5603 0.00121140116376111
5603 0.00121140116376111
5603 0.00121140116376111
5603 0.0950872814286438
5796 0.3785476056898
5796 0.237066651884143
5796 0.237066651884143
5796 0.237066651884143
5796 0.237066651884143
5796 0
5796 0.0325430170211319
5796 0.0325430170211319
5796 0.00461664171774656
5796 0.00461664171774656
5796 0.00461664171774656
5796 0.3785476056898
5796 0.0806996713182425
5796 0
5796 0
5796 0
5796 0.00238016672435845
5796 0
5796 0.0443910186047781
5796 0
5796 0.3785476056898
5796 0.0651325975744153
5796 0
5796 0
5796 7.87399175438359
5796 7.87399175438359
5796 0
5796 0.833965398736767
5796 0.833965398736767
5796 0.833965398736767
5796 0.026331801335153
5796 0.3785476056898
5796 0
5796 0
5796 0.995510127766831
5796 0.995510127766831
5796 0
5796 0
5796 0.115141596674292
5796 0.115141596674292
5796 0.115141596674292
5796 0.00121140116376111
5796 0.00121140116376111
5796 0.00121140116376111
5796 0.0950872814286438
5795 0.3785476056898
5795 0.237066651884143
5795 0.237066651884143
5795 0.237066651884143
5795 0.237066651884143
5795 0
5795 0.0325430170211319
5795 0.0325430170211319
5795 0.00461664171774656
5795 0.00461664171774656
5795 0.00461664171774656
5795 0.3785476056898
5795 0.0806996713182425
5795 0
5795 0
5795 0
5795 0.00238016672435845
5795 0
5795 0.0443910186047781
5795 0
5795 0.3785476056898
5795 0.0651325975744153
5795 0
5795 0
5795 7.87399175438359
5795 7.87399175438359
5795 0
5795 0.833965398736767
5795 0.833965398736767
5795 0.833965398736767
5795 0.026331801335153
5795 0.3785476056898
5795 0
5795 0
5795 0.995510127766831
5795 0.995510127766831
5795 0
5795 0
5795 0.115141596674292
5795 0.115141596674292
5795 0.115141596674292
5795 0.00121140116376111
5795 0.00121140116376111
5795 0.00121140116376111
5795 0.0950872814286438
5887 0.3785476056898
5887 0.237066651884143
5887 0.237066651884143
5887 0.237066651884143
5887 0.237066651884143
5887 0
5887 0.0325430170211319
5887 0.0325430170211319
5887 0.00461664171774656
5887 0.00461664171774656
5887 0.00461664171774656
5887 0.3785476056898
5887 0.0806996713182425
5887 0
5887 0
5887 0
5887 0.00238016672435845
5887 0
5887 0.0443910186047781
5887 0
5887 0.3785476056898
5887 0.0651325975744153
5887 0
5887 0
5887 7.87399175438359
5887 7.87399175438359
5887 0
5887 0.833965398736767
5887 0.833965398736767
5887 0.833965398736767
5887 0.026331801335153
5887 0.3785476056898
5887 0
5887 0
5887 0.995510127766831
5887 0.995510127766831
5887 0
5887 0
5887 0.115141596674292
5887 0.115141596674292
5887 0.115141596674292
5887 0.00121140116376111
5887 0.00121140116376111
5887 0.00121140116376111
5887 0.0950872814286438
5880 0.3785476056898
5880 0.237066651884143
5880 0.237066651884143
5880 0.237066651884143
5880 0.237066651884143
5880 0
5880 0.0325430170211319
5880 0.0325430170211319
5880 0.00461664171774656
5880 0.00461664171774656
5880 0.00461664171774656
5880 0.3785476056898
5880 0.0806996713182425
5880 0
5880 0
5880 0
5880 0.00238016672435845
5880 0
5880 0.0443910186047781
5880 0
5880 0.3785476056898
5880 0.0651325975744153
5880 0
5880 0
5880 7.87399175438359
5880 7.87399175438359
5880 0
5880 0.833965398736767
5880 0.833965398736767
5880 0.833965398736767
5880 0.026331801335153
5880 0.3785476056898
5880 0
5880 0
5880 0.995510127766831
5880 0.995510127766831
5880 0
5880 0
5880 0.115141596674292
5880 0.115141596674292
5880 0.115141596674292
5880 0.00121140116376111
5880 0.00121140116376111
5880 0.00121140116376111
5880 0.0950872814286438
5879 0.3785476056898
5879 0.237066651884143
5879 0.237066651884143
5879 0.237066651884143
5879 0.237066651884143
5879 0
5879 0.0325430170211319
5879 0.0325430170211319
5879 0.00461664171774656
5879 0.00461664171774656
5879 0.00461664171774656
5879 0.3785476056898
5879 0.0806996713182425
5879 0
5879 0
5879 0
5879 0.00238016672435845
5879 0
5879 0.0443910186047781
5879 0
5879 0.3785476056898
5879 0.0651325975744153
5879 0
5879 0
5879 7.87399175438359
5879 7.87399175438359
5879 0
5879 0.833965398736767
5879 0.833965398736767
5879 0.833965398736767
5879 0.026331801335153
5879 0.3785476056898
5879 0
5879 0
5879 0.995510127766831
5879 0.995510127766831
5879 0
5879 0
5879 0.115141596674292
5879 0.115141596674292
5879 0.115141596674292
5879 0.00121140116376111
5879 0.00121140116376111
5879 0.00121140116376111
5879 0.0950872814286438
5984 0.3785476056898
5984 0.237066651884143
5984 0.237066651884143
5984 0.237066651884143
5984 0.237066651884143
5984 0
5984 0.0325430170211319
5984 0.0325430170211319
5984 0.00461664171774656
5984 0.00461664171774656
5984 0.00461664171774656
5984 0.3785476056898
5984 0.0806996713182425
5984 0
5984 0
5984 0
5984 0.00238016672435845
5984 0
5984 0.0443910186047781
5984 0
5984 0.3785476056898
5984 0.0651325975744153
5984 0
5984 0
5984 7.87399175438359
5984 7.87399175438359
5984 0
5984 0.833965398736767
5984 0.833965398736767
5984 0.833965398736767
5984 0.026331801335153
5984 0.3785476056898
5984 0
5984 0
5984 0.995510127766831
5984 0.995510127766831
5984 0
5984 0
5984 0.115141596674292
5984 0.115141596674292
5984 0.115141596674292
5984 0.00121140116376111
5984 0.00121140116376111
5984 0.00121140116376111
5984 0.0950872814286438
5982 0.3785476056898
5982 0.237066651884143
5982 0.237066651884143
5982 0.237066651884143
5982 0.237066651884143
5982 0
5982 0.0325430170211319
5982 0.0325430170211319
5982 0.00461664171774656
5982 0.00461664171774656
5982 0.00461664171774656
5982 0.3785476056898
5982 0.0806996713182425
5982 0
5982 0
5982 0
5982 0.00238016672435845
5982 0
5982 0.0443910186047781
5982 0
5982 0.3785476056898
5982 0.0651325975744153
5982 0
5982 0
5982 7.87399175438359
5982 7.87399175438359
5982 0
5982 0.833965398736767
5982 0.833965398736767
5982 0.833965398736767
5982 0.026331801335153
5982 0.3785476056898
5982 0
5982 0
5982 0.995510127766831
5982 0.995510127766831
5982 0
5982 0
5982 0.115141596674292
5982 0.115141596674292
5982 0.115141596674292
5982 0.00121140116376111
5982 0.00121140116376111
5982 0.00121140116376111
5982 0.0950872814286438
5875 0.3785476056898
5875 0.237066651884143
5875 0.237066651884143
5875 0.237066651884143
5875 0.237066651884143
5875 0
5875 0.0325430170211319
5875 0.0325430170211319
5875 0.00461664171774656
5875 0.00461664171774656
5875 0.00461664171774656
5875 0.3785476056898
5875 0.0806996713182425
5875 0
5875 0
5875 0
5875 0.00238016672435845
5875 0
5875 0.0443910186047781
5875 0
5875 0.3785476056898
5875 0.0651325975744153
5875 0
5875 0
5875 7.87399175438359
5875 7.87399175438359
5875 0
5875 0.833965398736767
5875 0.833965398736767
5875 0.833965398736767
5875 0.026331801335153
5875 0.3785476056898
5875 0
5875 0
5875 0.995510127766831
5875 0.995510127766831
5875 0
5875 0
5875 0.115141596674292
5875 0.115141596674292
5875 0.115141596674292
5875 0.00121140116376111
5875 0.00121140116376111
5875 0.00121140116376111
5875 0.0950872814286438
5976 0.3785476056898
5976 0.237066651884143
5976 0.237066651884143
5976 0.237066651884143
5976 0.237066651884143
5976 0
5976 0.0325430170211319
5976 0.0325430170211319
5976 0.00461664171774656
5976 0.00461664171774656
5976 0.00461664171774656
5976 0.3785476056898
5976 0.0806996713182425
5976 0
5976 0
5976 0
5976 0.00238016672435845
5976 0
5976 0.0443910186047781
5976 0
5976 0.3785476056898
5976 0.0651325975744153
5976 0
5976 0
5976 7.87399175438359
5976 7.87399175438359
5976 0
5976 0.833965398736767
5976 0.833965398736767
5976 0.833965398736767
5976 0.026331801335153
5976 0.3785476056898
5976 0
5976 0
5976 0.995510127766831
5976 0.995510127766831
5976 0
5976 0
5976 0.115141596674292
5976 0.115141596674292
5976 0.115141596674292
5976 0.00121140116376111
5976 0.00121140116376111
5976 0.00121140116376111
5976 0.0950872814286438
6088 0.3785476056898
6088 0.237066651884143
6088 0.237066651884143
6088 0.237066651884143
6088 0.237066651884143
6088 0
6088 0.0325430170211319
6088 0.0325430170211319
6088 0.00461664171774656
6088 0.00461664171774656
6088 0.00461664171774656
6088 0.3785476056898
6088 0.0806996713182425
6088 0
6088 0
6088 0
6088 0.00238016672435845
6088 0
6088 0.0443910186047781
6088 0
6088 0.3785476056898
6088 0.0651325975744153
6088 0
6088 0
6088 7.87399175438359
6088 7.87399175438359
6088 0
6088 0.833965398736767
6088 0.833965398736767
6088 0.833965398736767
6088 0.026331801335153
6088 0.3785476056898
6088 0
6088 0
6088 0.995510127766831
6088 0.995510127766831
6088 0
6088 0
6088 0.115141596674292
6088 0.115141596674292
6088 0.115141596674292
6088 0.00121140116376111
6088 0.00121140116376111
6088 0.00121140116376111
6088 0.0950872814286438
5975 0.3785476056898
5975 0.237066651884143
5975 0.237066651884143
5975 0.237066651884143
5975 0.237066651884143
5975 0
5975 0.0325430170211319
5975 0.0325430170211319
5975 0.00461664171774656
5975 0.00461664171774656
5975 0.00461664171774656
5975 0.3785476056898
5975 0.0806996713182425
5975 0
5975 0
5975 0
5975 0.00238016672435845
5975 0
5975 0.0443910186047781
5975 0
5975 0.3785476056898
5975 0.0651325975744153
5975 0
5975 0
5975 7.87399175438359
5975 7.87399175438359
5975 0
5975 0.833965398736767
5975 0.833965398736767
5975 0.833965398736767
5975 0.026331801335153
5975 0.3785476056898
5975 0
5975 0
5975 0.995510127766831
5975 0.995510127766831
5975 0
5975 0
5975 0.115141596674292
5975 0.115141596674292
5975 0.115141596674292
5975 0.00121140116376111
5975 0.00121140116376111
5975 0.00121140116376111
5975 0.0950872814286438
5974 0.3785476056898
5974 0.237066651884143
5974 0.237066651884143
5974 0.237066651884143
5974 0.237066651884143
5974 0
5974 0.0325430170211319
5974 0.0325430170211319
5974 0.00461664171774656
5974 0.00461664171774656
5974 0.00461664171774656
5974 0.3785476056898
5974 0.0806996713182425
5974 0
5974 0
5974 0
5974 0.00238016672435845
5974 0
5974 0.0443910186047781
5974 0
5974 0.3785476056898
5974 0.0651325975744153
5974 0
5974 0
5974 7.87399175438359
5974 7.87399175438359
5974 0
5974 0.833965398736767
5974 0.833965398736767
5974 0.833965398736767
5974 0.026331801335153
5974 0.3785476056898
5974 0
5974 0
5974 0.995510127766831
5974 0.995510127766831
5974 0
5974 0
5974 0.115141596674292
5974 0.115141596674292
5974 0.115141596674292
5974 0.00121140116376111
5974 0.00121140116376111
5974 0.00121140116376111
5974 0.0950872814286438
6084 0.3785476056898
6084 0.237066651884143
6084 0.237066651884143
6084 0.237066651884143
6084 0.237066651884143
6084 0
6084 0.0325430170211319
6084 0.0325430170211319
6084 0.00461664171774656
6084 0.00461664171774656
6084 0.00461664171774656
6084 0.3785476056898
6084 0.0806996713182425
6084 0
6084 0
6084 0
6084 0.00238016672435845
6084 0
6084 0.0443910186047781
6084 0
6084 0.3785476056898
6084 0.0651325975744153
6084 0
6084 0
6084 7.87399175438359
6084 7.87399175438359
6084 0
6084 0.833965398736767
6084 0.833965398736767
6084 0.833965398736767
6084 0.026331801335153
6084 0.3785476056898
6084 0
6084 0
6084 0.995510127766831
6084 0.995510127766831
6084 0
6084 0
6084 0.115141596674292
6084 0.115141596674292
6084 0.115141596674292
6084 0.00121140116376111
6084 0.00121140116376111
6084 0.00121140116376111
6084 0.0950872814286438
5969 0.3785476056898
5969 0.237066651884143
5969 0.237066651884143
5969 0.237066651884143
5969 0.237066651884143
5969 0
5969 0.0325430170211319
5969 0.0325430170211319
5969 0.00461664171774656
5969 0.00461664171774656
5969 0.00461664171774656
5969 0.3785476056898
5969 0.0806996713182425
5969 0
5969 0
5969 0
5969 0.00238016672435845
5969 0
5969 0.0443910186047781
5969 0
5969 0.3785476056898
5969 0.0651325975744153
5969 0
5969 0
5969 7.87399175438359
5969 7.87399175438359
5969 0
5969 0.833965398736767
5969 0.833965398736767
5969 0.833965398736767
5969 0.026331801335153
5969 0.3785476056898
5969 0
5969 0
5969 0.995510127766831
5969 0.995510127766831
5969 0
5969 0
5969 0.115141596674292
5969 0.115141596674292
5969 0.115141596674292
5969 0.00121140116376111
5969 0.00121140116376111
5969 0.00121140116376111
5969 0.0950872814286438
6080 0.3785476056898
6080 0.237066651884143
6080 0.237066651884143
6080 0.237066651884143
6080 0.237066651884143
6080 0
6080 0.0325430170211319
6080 0.0325430170211319
6080 0.00461664171774656
6080 0.00461664171774656
6080 0.00461664171774656
6080 0.3785476056898
6080 0.0806996713182425
6080 0
6080 0
6080 0
6080 0.00238016672435845
6080 0
6080 0.0443910186047781
6080 0
6080 0.3785476056898
6080 0.0651325975744153
6080 0
6080 0
6080 7.87399175438359
6080 7.87399175438359
6080 0
6080 0.833965398736767
6080 0.833965398736767
6080 0.833965398736767
6080 0.026331801335153
6080 0.3785476056898
6080 0
6080 0
6080 0.995510127766831
6080 0.995510127766831
6080 0
6080 0
6080 0.115141596674292
6080 0.115141596674292
6080 0.115141596674292
6080 0.00121140116376111
6080 0.00121140116376111
6080 0.00121140116376111
6080 0.0950872814286438
6079 0.3785476056898
6079 0.237066651884143
6079 0.237066651884143
6079 0.237066651884143
6079 0.237066651884143
6079 0
6079 0.0325430170211319
6079 0.0325430170211319
6079 0.00461664171774656
6079 0.00461664171774656
6079 0.00461664171774656
6079 0.3785476056898
6079 0.0806996713182425
6079 0
6079 0
6079 0
6079 0.00238016672435845
6079 0
6079 0.0443910186047781
6079 0
6079 0.3785476056898
6079 0.0651325975744153
6079 0
6079 0
6079 7.87399175438359
6079 7.87399175438359
6079 0
6079 0.833965398736767
6079 0.833965398736767
6079 0.833965398736767
6079 0.026331801335153
6079 0.3785476056898
6079 0
6079 0
6079 0.995510127766831
6079 0.995510127766831
6079 0
6079 0
6079 0.115141596674292
6079 0.115141596674292
6079 0.115141596674292
6079 0.00121140116376111
6079 0.00121140116376111
6079 0.00121140116376111
6079 0.0950872814286438
6078 0.3785476056898
6078 0.237066651884143
6078 0.237066651884143
6078 0.237066651884143
6078 0.237066651884143
6078 0
6078 0.0325430170211319
6078 0.0325430170211319
6078 0.00461664171774656
6078 0.00461664171774656
6078 0.00461664171774656
6078 0.3785476056898
6078 0.0806996713182425
6078 0
6078 0
6078 0
6078 0.00238016672435845
6078 0
6078 0.0443910186047781
6078 0
6078 0.3785476056898
6078 0.0651325975744153
6078 0
6078 0
6078 7.87399175438359
6078 7.87399175438359
6078 0
6078 0.833965398736767
6078 0.833965398736767
6078 0.833965398736767
6078 0.026331801335153
6078 0.3785476056898
6078 0
6078 0
6078 0.995510127766831
6078 0.995510127766831
6078 0
6078 0
6078 0.115141596674292
6078 0.115141596674292
6078 0.115141596674292
6078 0.00121140116376111
6078 0.00121140116376111
6078 0.00121140116376111
6078 0.0950872814286438
6075 0.3785476056898
6075 0.237066651884143
6075 0.237066651884143
6075 0.237066651884143
6075 0.237066651884143
6075 0
6075 0.0325430170211319
6075 0.0325430170211319
6075 0.00461664171774656
6075 0.00461664171774656
6075 0.00461664171774656
6075 0.3785476056898
6075 0.0806996713182425
6075 0
6075 0
6075 0
6075 0.00238016672435845
6075 0
6075 0.0443910186047781
6075 0
6075 0.3785476056898
6075 0.0651325975744153
6075 0
6075 0
6075 7.87399175438359
6075 7.87399175438359
6075 0
6075 0.833965398736767
6075 0.833965398736767
6075 0.833965398736767
6075 0.026331801335153
6075 0.3785476056898
6075 0
6075 0
6075 0.995510127766831
6075 0.995510127766831
6075 0
6075 0
6075 0.115141596674292
6075 0.115141596674292
6075 0.115141596674292
6075 0.00121140116376111
6075 0.00121140116376111
6075 0.00121140116376111
6075 0.0950872814286438
6074 0.3785476056898
6074 0.237066651884143
6074 0.237066651884143
6074 0.237066651884143
6074 0.237066651884143
6074 0
6074 0.0325430170211319
6074 0.0325430170211319
6074 0.00461664171774656
6074 0.00461664171774656
6074 0.00461664171774656
6074 0.3785476056898
6074 0.0806996713182425
6074 0
6074 0
6074 0
6074 0.00238016672435845
6074 0
6074 0.0443910186047781
6074 0
6074 0.3785476056898
6074 0.0651325975744153
6074 0
6074 0
6074 7.87399175438359
6074 7.87399175438359
6074 0
6074 0.833965398736767
6074 0.833965398736767
6074 0.833965398736767
6074 0.026331801335153
6074 0.3785476056898
6074 0
6074 0
6074 0.995510127766831
6074 0.995510127766831
6074 0
6074 0
6074 0.115141596674292
6074 0.115141596674292
6074 0.115141596674292
6074 0.00121140116376111
6074 0.00121140116376111
6074 0.00121140116376111
6074 0.0950872814286438
6073 0.3785476056898
6073 0.237066651884143
6073 0.237066651884143
6073 0.237066651884143
6073 0.237066651884143
6073 0
6073 0.0325430170211319
6073 0.0325430170211319
6073 0.00461664171774656
6073 0.00461664171774656
6073 0.00461664171774656
6073 0.3785476056898
6073 0.0806996713182425
6073 0
6073 0
6073 0
6073 0.00238016672435845
6073 0
6073 0.0443910186047781
6073 0
6073 0.3785476056898
6073 0.0651325975744153
6073 0
6073 0
6073 7.87399175438359
6073 7.87399175438359
6073 0
6073 0.833965398736767
6073 0.833965398736767
6073 0.833965398736767
6073 0.026331801335153
6073 0.3785476056898
6073 0
6073 0
6073 0.995510127766831
6073 0.995510127766831
6073 0
6073 0
6073 0.115141596674292
6073 0.115141596674292
6073 0.115141596674292
6073 0.00121140116376111
6073 0.00121140116376111
6073 0.00121140116376111
6073 0.0950872814286438
6179 0.3785476056898
6179 0.237066651884143
6179 0.237066651884143
6179 0.237066651884143
6179 0.237066651884143
6179 0
6179 0.0325430170211319
6179 0.0325430170211319
6179 0.00461664171774656
6179 0.00461664171774656
6179 0.00461664171774656
6179 0.3785476056898
6179 0.0806996713182425
6179 0
6179 0
6179 0
6179 0.00238016672435845
6179 0
6179 0.0443910186047781
6179 0
6179 0.3785476056898
6179 0.0651325975744153
6179 0
6179 0
6179 7.87399175438359
6179 7.87399175438359
6179 0
6179 0.833965398736767
6179 0.833965398736767
6179 0.833965398736767
6179 0.026331801335153
6179 0.3785476056898
6179 0
6179 0
6179 0.995510127766831
6179 0.995510127766831
6179 0
6179 0
6179 0.115141596674292
6179 0.115141596674292
6179 0.115141596674292
6179 0.00121140116376111
6179 0.00121140116376111
6179 0.00121140116376111
6179 0.0950872814286438
6178 0.3785476056898
6178 0.237066651884143
6178 0.237066651884143
6178 0.237066651884143
6178 0.237066651884143
6178 0
6178 0.0325430170211319
6178 0.0325430170211319
6178 0.00461664171774656
6178 0.00461664171774656
6178 0.00461664171774656
6178 0.3785476056898
6178 0.0806996713182425
6178 0
6178 0
6178 0
6178 0.00238016672435845
6178 0
6178 0.0443910186047781
6178 0
6178 0.3785476056898
6178 0.0651325975744153
6178 0
6178 0
6178 7.87399175438359
6178 7.87399175438359
6178 0
6178 0.833965398736767
6178 0.833965398736767
6178 0.833965398736767
6178 0.026331801335153
6178 0.3785476056898
6178 0
6178 0
6178 0.995510127766831
6178 0.995510127766831
6178 0
6178 0
6178 0.115141596674292
6178 0.115141596674292
6178 0.115141596674292
6178 0.00121140116376111
6178 0.00121140116376111
6178 0.00121140116376111
6178 0.0950872814286438
6177 0.3785476056898
6177 0.237066651884143
6177 0.237066651884143
6177 0.237066651884143
6177 0.237066651884143
6177 0
6177 0.0325430170211319
6177 0.0325430170211319
6177 0.00461664171774656
6177 0.00461664171774656
6177 0.00461664171774656
6177 0.3785476056898
6177 0.0806996713182425
6177 0
6177 0
6177 0
6177 0.00238016672435845
6177 0
6177 0.0443910186047781
6177 0
6177 0.3785476056898
6177 0.0651325975744153
6177 0
6177 0
6177 7.87399175438359
6177 7.87399175438359
6177 0
6177 0.833965398736767
6177 0.833965398736767
6177 0.833965398736767
6177 0.026331801335153
6177 0.3785476056898
6177 0
6177 0
6177 0.995510127766831
6177 0.995510127766831
6177 0
6177 0
6177 0.115141596674292
6177 0.115141596674292
6177 0.115141596674292
6177 0.00121140116376111
6177 0.00121140116376111
6177 0.00121140116376111
6177 0.0950872814286438
6278 0.3785476056898
6278 0.237066651884143
6278 0.237066651884143
6278 0.237066651884143
6278 0.237066651884143
6278 0
6278 0.0325430170211319
6278 0.0325430170211319
6278 0.00461664171774656
6278 0.00461664171774656
6278 0.00461664171774656
6278 0.3785476056898
6278 0.0806996713182425
6278 0
6278 0
6278 0
6278 0.00238016672435845
6278 0
6278 0.0443910186047781
6278 0
6278 0.3785476056898
6278 0.0651325975744153
6278 0
6278 0
6278 7.87399175438359
6278 7.87399175438359
6278 0
6278 0.833965398736767
6278 0.833965398736767
6278 0.833965398736767
6278 0.026331801335153
6278 0.3785476056898
6278 0
6278 0
6278 0.995510127766831
6278 0.995510127766831
6278 0
6278 0
6278 0.115141596674292
6278 0.115141596674292
6278 0.115141596674292
6278 0.00121140116376111
6278 0.00121140116376111
6278 0.00121140116376111
6278 0.0950872814286438
6175 0.3785476056898
6175 0.237066651884143
6175 0.237066651884143
6175 0.237066651884143
6175 0.237066651884143
6175 0
6175 0.0325430170211319
6175 0.0325430170211319
6175 0.00461664171774656
6175 0.00461664171774656
6175 0.00461664171774656
6175 0.3785476056898
6175 0.0806996713182425
6175 0
6175 0
6175 0
6175 0.00238016672435845
6175 0
6175 0.0443910186047781
6175 0
6175 0.3785476056898
6175 0.0651325975744153
6175 0
6175 0
6175 7.87399175438359
6175 7.87399175438359
6175 0
6175 0.833965398736767
6175 0.833965398736767
6175 0.833965398736767
6175 0.026331801335153
6175 0.3785476056898
6175 0
6175 0
6175 0.995510127766831
6175 0.995510127766831
6175 0
6175 0
6175 0.115141596674292
6175 0.115141596674292
6175 0.115141596674292
6175 0.00121140116376111
6175 0.00121140116376111
6175 0.00121140116376111
6175 0.0950872814286438
6174 0.3785476056898
6174 0.237066651884143
6174 0.237066651884143
6174 0.237066651884143
6174 0.237066651884143
6174 0
6174 0.0325430170211319
6174 0.0325430170211319
6174 0.00461664171774656
6174 0.00461664171774656
6174 0.00461664171774656
6174 0.3785476056898
6174 0.0806996713182425
6174 0
6174 0
6174 0
6174 0.00238016672435845
6174 0
6174 0.0443910186047781
6174 0
6174 0.3785476056898
6174 0.0651325975744153
6174 0
6174 0
6174 7.87399175438359
6174 7.87399175438359
6174 0
6174 0.833965398736767
6174 0.833965398736767
6174 0.833965398736767
6174 0.026331801335153
6174 0.3785476056898
6174 0
6174 0
6174 0.995510127766831
6174 0.995510127766831
6174 0
6174 0
6174 0.115141596674292
6174 0.115141596674292
6174 0.115141596674292
6174 0.00121140116376111
6174 0.00121140116376111
6174 0.00121140116376111
6174 0.0950872814286438
6173 0.3785476056898
6173 0.237066651884143
6173 0.237066651884143
6173 0.237066651884143
6173 0.237066651884143
6173 0
6173 0.0325430170211319
6173 0.0325430170211319
6173 0.00461664171774656
6173 0.00461664171774656
6173 0.00461664171774656
6173 0.3785476056898
6173 0.0806996713182425
6173 0
6173 0
6173 0
6173 0.00238016672435845
6173 0
6173 0.0443910186047781
6173 0
6173 0.3785476056898
6173 0.0651325975744153
6173 0
6173 0
6173 7.87399175438359
6173 7.87399175438359
6173 0
6173 0.833965398736767
6173 0.833965398736767
6173 0.833965398736767
6173 0.026331801335153
6173 0.3785476056898
6173 0
6173 0
6173 0.995510127766831
6173 0.995510127766831
6173 0
6173 0
6173 0.115141596674292
6173 0.115141596674292
6173 0.115141596674292
6173 0.00121140116376111
6173 0.00121140116376111
6173 0.00121140116376111
6173 0.0950872814286438
6275 0.3785476056898
6275 0.237066651884143
6275 0.237066651884143
6275 0.237066651884143
6275 0.237066651884143
6275 0
6275 0.0325430170211319
6275 0.0325430170211319
6275 0.00461664171774656
6275 0.00461664171774656
6275 0.00461664171774656
6275 0.3785476056898
6275 0.0806996713182425
6275 0
6275 0
6275 0
6275 0.00238016672435845
6275 0
6275 0.0443910186047781
6275 0
6275 0.3785476056898
6275 0.0651325975744153
6275 0
6275 0
6275 7.87399175438359
6275 7.87399175438359
6275 0
6275 0.833965398736767
6275 0.833965398736767
6275 0.833965398736767
6275 0.026331801335153
6275 0.3785476056898
6275 0
6275 0
6275 0.995510127766831
6275 0.995510127766831
6275 0
6275 0
6275 0.115141596674292
6275 0.115141596674292
6275 0.115141596674292
6275 0.00121140116376111
6275 0.00121140116376111
6275 0.00121140116376111
6275 0.0950872814286438
6274 0.3785476056898
6274 0.237066651884143
6274 0.237066651884143
6274 0.237066651884143
6274 0.237066651884143
6274 0
6274 0.0325430170211319
6274 0.0325430170211319
6274 0.00461664171774656
6274 0.00461664171774656
6274 0.00461664171774656
6274 0.3785476056898
6274 0.0806996713182425
6274 0
6274 0
6274 0
6274 0.00238016672435845
6274 0
6274 0.0443910186047781
6274 0
6274 0.3785476056898
6274 0.0651325975744153
6274 0
6274 0
6274 7.87399175438359
6274 7.87399175438359
6274 0
6274 0.833965398736767
6274 0.833965398736767
6274 0.833965398736767
6274 0.026331801335153
6274 0.3785476056898
6274 0
6274 0
6274 0.995510127766831
6274 0.995510127766831
6274 0
6274 0
6274 0.115141596674292
6274 0.115141596674292
6274 0.115141596674292
6274 0.00121140116376111
6274 0.00121140116376111
6274 0.00121140116376111
6274 0.0950872814286438
6271 0.3785476056898
6271 0.237066651884143
6271 0.237066651884143
6271 0.237066651884143
6271 0.237066651884143
6271 0
6271 0.0325430170211319
6271 0.0325430170211319
6271 0.00461664171774656
6271 0.00461664171774656
6271 0.00461664171774656
6271 0.3785476056898
6271 0.0806996713182425
6271 0
6271 0
6271 0
6271 0.00238016672435845
6271 0
6271 0.0443910186047781
6271 0
6271 0.3785476056898
6271 0.0651325975744153
6271 0
6271 0
6271 7.87399175438359
6271 7.87399175438359
6271 0
6271 0.833965398736767
6271 0.833965398736767
6271 0.833965398736767
6271 0.026331801335153
6271 0.3785476056898
6271 0
6271 0
6271 0.995510127766831
6271 0.995510127766831
6271 0
6271 0
6271 0.115141596674292
6271 0.115141596674292
6271 0.115141596674292
6271 0.00121140116376111
6271 0.00121140116376111
6271 0.00121140116376111
6271 0.0950872814286438
6270 0.3785476056898
6270 0.237066651884143
6270 0.237066651884143
6270 0.237066651884143
6270 0.237066651884143
6270 0
6270 0.0325430170211319
6270 0.0325430170211319
6270 0.00461664171774656
6270 0.00461664171774656
6270 0.00461664171774656
6270 0.3785476056898
6270 0.0806996713182425
6270 0
6270 0
6270 0
6270 0.00238016672435845
6270 0
6270 0.0443910186047781
6270 0
6270 0.3785476056898
6270 0.0651325975744153
6270 0
6270 0
6270 7.87399175438359
6270 7.87399175438359
6270 0
6270 0.833965398736767
6270 0.833965398736767
6270 0.833965398736767
6270 0.026331801335153
6270 0.3785476056898
6270 0
6270 0
6270 0.995510127766831
6270 0.995510127766831
6270 0
6270 0
6270 0.115141596674292
6270 0.115141596674292
6270 0.115141596674292
6270 0.00121140116376111
6270 0.00121140116376111
6270 0.00121140116376111
6270 0.0950872814286438
6269 0.3785476056898
6269 0.237066651884143
6269 0.237066651884143
6269 0.237066651884143
6269 0.237066651884143
6269 0
6269 0.0325430170211319
6269 0.0325430170211319
6269 0.00461664171774656
6269 0.00461664171774656
6269 0.00461664171774656
6269 0.3785476056898
6269 0.0806996713182425
6269 0
6269 0
6269 0
6269 0.00238016672435845
6269 0
6269 0.0443910186047781
6269 0
6269 0.3785476056898
6269 0.0651325975744153
6269 0
6269 0
6269 7.87399175438359
6269 7.87399175438359
6269 0
6269 0.833965398736767
6269 0.833965398736767
6269 0.833965398736767
6269 0.026331801335153
6269 0.3785476056898
6269 0
6269 0
6269 0.995510127766831
6269 0.995510127766831
6269 0
6269 0
6269 0.115141596674292
6269 0.115141596674292
6269 0.115141596674292
6269 0.00121140116376111
6269 0.00121140116376111
6269 0.00121140116376111
6269 0.0950872814286438
6268 0.3785476056898
6268 0.237066651884143
6268 0.237066651884143
6268 0.237066651884143
6268 0.237066651884143
6268 0
6268 0.0325430170211319
6268 0.0325430170211319
6268 0.00461664171774656
6268 0.00461664171774656
6268 0.00461664171774656
6268 0.3785476056898
6268 0.0806996713182425
6268 0
6268 0
6268 0
6268 0.00238016672435845
6268 0
6268 0.0443910186047781
6268 0
6268 0.3785476056898
6268 0.0651325975744153
6268 0
6268 0
6268 7.87399175438359
6268 7.87399175438359
6268 0
6268 0.833965398736767
6268 0.833965398736767
6268 0.833965398736767
6268 0.026331801335153
6268 0.3785476056898
6268 0
6268 0
6268 0.995510127766831
6268 0.995510127766831
6268 0
6268 0
6268 0.115141596674292
6268 0.115141596674292
6268 0.115141596674292
6268 0.00121140116376111
6268 0.00121140116376111
6268 0.00121140116376111
6268 0.0950872814286438
6364 0.3785476056898
6364 0.237066651884143
6364 0.237066651884143
6364 0.237066651884143
6364 0.237066651884143
6364 0
6364 0.0325430170211319
6364 0.0325430170211319
6364 0.00461664171774656
6364 0.00461664171774656
6364 0.00461664171774656
6364 0.3785476056898
6364 0.0806996713182425
6364 0
6364 0
6364 0
6364 0.00238016672435845
6364 0
6364 0.0443910186047781
6364 0
6364 0.3785476056898
6364 0.0651325975744153
6364 0
6364 0
6364 7.87399175438359
6364 7.87399175438359
6364 0
6364 0.833965398736767
6364 0.833965398736767
6364 0.833965398736767
6364 0.026331801335153
6364 0.3785476056898
6364 0
6364 0
6364 0.995510127766831
6364 0.995510127766831
6364 0
6364 0
6364 0.115141596674292
6364 0.115141596674292
6364 0.115141596674292
6364 0.00121140116376111
6364 0.00121140116376111
6364 0.00121140116376111
6364 0.0950872814286438
6363 0.3785476056898
6363 0.237066651884143
6363 0.237066651884143
6363 0.237066651884143
6363 0.237066651884143
6363 0
6363 0.0325430170211319
6363 0.0325430170211319
6363 0.00461664171774656
6363 0.00461664171774656
6363 0.00461664171774656
6363 0.3785476056898
6363 0.0806996713182425
6363 0
6363 0
6363 0
6363 0.00238016672435845
6363 0
6363 0.0443910186047781
6363 0
6363 0.3785476056898
6363 0.0651325975744153
6363 0
6363 0
6363 7.87399175438359
6363 7.87399175438359
6363 0
6363 0.833965398736767
6363 0.833965398736767
6363 0.833965398736767
6363 0.026331801335153
6363 0.3785476056898
6363 0
6363 0
6363 0.995510127766831
6363 0.995510127766831
6363 0
6363 0
6363 0.115141596674292
6363 0.115141596674292
6363 0.115141596674292
6363 0.00121140116376111
6363 0.00121140116376111
6363 0.00121140116376111
6363 0.0950872814286438
6361 0.3785476056898
6361 0.237066651884143
6361 0.237066651884143
6361 0.237066651884143
6361 0.237066651884143
6361 0
6361 0.0325430170211319
6361 0.0325430170211319
6361 0.00461664171774656
6361 0.00461664171774656
6361 0.00461664171774656
6361 0.3785476056898
6361 0.0806996713182425
6361 0
6361 0
6361 0
6361 0.00238016672435845
6361 0
6361 0.0443910186047781
6361 0
6361 0.3785476056898
6361 0.0651325975744153
6361 0
6361 0
6361 7.87399175438359
6361 7.87399175438359
6361 0
6361 0.833965398736767
6361 0.833965398736767
6361 0.833965398736767
6361 0.026331801335153
6361 0.3785476056898
6361 0
6361 0
6361 0.995510127766831
6361 0.995510127766831
6361 0
6361 0
6361 0.115141596674292
6361 0.115141596674292
6361 0.115141596674292
6361 0.00121140116376111
6361 0.00121140116376111
6361 0.00121140116376111
6361 0.0950872814286438
6360 0.3785476056898
6360 0.237066651884143
6360 0.237066651884143
6360 0.237066651884143
6360 0.237066651884143
6360 0
6360 0.0325430170211319
6360 0.0325430170211319
6360 0.00461664171774656
6360 0.00461664171774656
6360 0.00461664171774656
6360 0.3785476056898
6360 0.0806996713182425
6360 0
6360 0
6360 0
6360 0.00238016672435845
6360 0
6360 0.0443910186047781
6360 0
6360 0.3785476056898
6360 0.0651325975744153
6360 0
6360 0
6360 7.87399175438359
6360 7.87399175438359
6360 0
6360 0.833965398736767
6360 0.833965398736767
6360 0.833965398736767
6360 0.026331801335153
6360 0.3785476056898
6360 0
6360 0
6360 0.995510127766831
6360 0.995510127766831
6360 0
6360 0
6360 0.115141596674292
6360 0.115141596674292
6360 0.115141596674292
6360 0.00121140116376111
6360 0.00121140116376111
6360 0.00121140116376111
6360 0.0950872814286438
6457 0.3785476056898
6457 0.237066651884143
6457 0.237066651884143
6457 0.237066651884143
6457 0.237066651884143
6457 0
6457 0.0325430170211319
6457 0.0325430170211319
6457 0.00461664171774656
6457 0.00461664171774656
6457 0.00461664171774656
6457 0.3785476056898
6457 0.0806996713182425
6457 0
6457 0
6457 0
6457 0.00238016672435845
6457 0
6457 0.0443910186047781
6457 0
6457 0.3785476056898
6457 0.0651325975744153
6457 0
6457 0
6457 7.87399175438359
6457 7.87399175438359
6457 0
6457 0.833965398736767
6457 0.833965398736767
6457 0.833965398736767
6457 0.026331801335153
6457 0.3785476056898
6457 0
6457 0
6457 0.995510127766831
6457 0.995510127766831
6457 0
6457 0
6457 0.115141596674292
6457 0.115141596674292
6457 0.115141596674292
6457 0.00121140116376111
6457 0.00121140116376111
6457 0.00121140116376111
6457 0.0950872814286438
6357 0.3785476056898
6357 0.237066651884143
6357 0.237066651884143
6357 0.237066651884143
6357 0.237066651884143
6357 0
6357 0.0325430170211319
6357 0.0325430170211319
6357 0.00461664171774656
6357 0.00461664171774656
6357 0.00461664171774656
6357 0.3785476056898
6357 0.0806996713182425
6357 0
6357 0
6357 0
6357 0.00238016672435845
6357 0
6357 0.0443910186047781
6357 0
6357 0.3785476056898
6357 0.0651325975744153
6357 0
6357 0
6357 7.87399175438359
6357 7.87399175438359
6357 0
6357 0.833965398736767
6357 0.833965398736767
6357 0.833965398736767
6357 0.026331801335153
6357 0.3785476056898
6357 0
6357 0
6357 0.995510127766831
6357 0.995510127766831
6357 0
6357 0
6357 0.115141596674292
6357 0.115141596674292
6357 0.115141596674292
6357 0.00121140116376111
6357 0.00121140116376111
6357 0.00121140116376111
6357 0.0950872814286438
6453 0.3785476056898
6453 0.237066651884143
6453 0.237066651884143
6453 0.237066651884143
6453 0.237066651884143
6453 0
6453 0.0325430170211319
6453 0.0325430170211319
6453 0.00461664171774656
6453 0.00461664171774656
6453 0.00461664171774656
6453 0.3785476056898
6453 0.0806996713182425
6453 0
6453 0
6453 0
6453 0.00238016672435845
6453 0
6453 0.0443910186047781
6453 0
6453 0.3785476056898
6453 0.0651325975744153
6453 0
6453 0
6453 7.87399175438359
6453 7.87399175438359
6453 0
6453 0.833965398736767
6453 0.833965398736767
6453 0.833965398736767
6453 0.026331801335153
6453 0.3785476056898
6453 0
6453 0
6453 0.995510127766831
6453 0.995510127766831
6453 0
6453 0
6453 0.115141596674292
6453 0.115141596674292
6453 0.115141596674292
6453 0.00121140116376111
6453 0.00121140116376111
6453 0.00121140116376111
6453 0.0950872814286438
6452 0.3785476056898
6452 0.237066651884143
6452 0.237066651884143
6452 0.237066651884143
6452 0.237066651884143
6452 0
6452 0.0325430170211319
6452 0.0325430170211319
6452 0.00461664171774656
6452 0.00461664171774656
6452 0.00461664171774656
6452 0.3785476056898
6452 0.0806996713182425
6452 0
6452 0
6452 0
6452 0.00238016672435845
6452 0
6452 0.0443910186047781
6452 0
6452 0.3785476056898
6452 0.0651325975744153
6452 0
6452 0
6452 7.87399175438359
6452 7.87399175438359
6452 0
6452 0.833965398736767
6452 0.833965398736767
6452 0.833965398736767
6452 0.026331801335153
6452 0.3785476056898
6452 0
6452 0
6452 0.995510127766831
6452 0.995510127766831
6452 0
6452 0
6452 0.115141596674292
6452 0.115141596674292
6452 0.115141596674292
6452 0.00121140116376111
6452 0.00121140116376111
6452 0.00121140116376111
6452 0.0950872814286438
6451 0.3785476056898
6451 0.237066651884143
6451 0.237066651884143
6451 0.237066651884143
6451 0.237066651884143
6451 0
6451 0.0325430170211319
6451 0.0325430170211319
6451 0.00461664171774656
6451 0.00461664171774656
6451 0.00461664171774656
6451 0.3785476056898
6451 0.0806996713182425
6451 0
6451 0
6451 0
6451 0.00238016672435845
6451 0
6451 0.0443910186047781
6451 0
6451 0.3785476056898
6451 0.0651325975744153
6451 0
6451 0
6451 7.87399175438359
6451 7.87399175438359
6451 0
6451 0.833965398736767
6451 0.833965398736767
6451 0.833965398736767
6451 0.026331801335153
6451 0.3785476056898
6451 0
6451 0
6451 0.995510127766831
6451 0.995510127766831
6451 0
6451 0
6451 0.115141596674292
6451 0.115141596674292
6451 0.115141596674292
6451 0.00121140116376111
6451 0.00121140116376111
6451 0.00121140116376111
6451 0.0950872814286438
6450 0.3785476056898
6450 0.237066651884143
6450 0.237066651884143
6450 0.237066651884143
6450 0.237066651884143
6450 0
6450 0.0325430170211319
6450 0.0325430170211319
6450 0.00461664171774656
6450 0.00461664171774656
6450 0.00461664171774656
6450 0.3785476056898
6450 0.0806996713182425
6450 0
6450 0
6450 0
6450 0.00238016672435845
6450 0
6450 0.0443910186047781
6450 0
6450 0.3785476056898
6450 0.0651325975744153
6450 0
6450 0
6450 7.87399175438359
6450 7.87399175438359
6450 0
6450 0.833965398736767
6450 0.833965398736767
6450 0.833965398736767
6450 0.026331801335153
6450 0.3785476056898
6450 0
6450 0
6450 0.995510127766831
6450 0.995510127766831
6450 0
6450 0
6450 0.115141596674292
6450 0.115141596674292
6450 0.115141596674292
6450 0.00121140116376111
6450 0.00121140116376111
6450 0.00121140116376111
6450 0.0950872814286438
6542 0.3785476056898
6542 0.237066651884143
6542 0.237066651884143
6542 0.237066651884143
6542 0.237066651884143
6542 0
6542 0.0325430170211319
6542 0.0325430170211319
6542 0.00461664171774656
6542 0.00461664171774656
6542 0.00461664171774656
6542 0.3785476056898
6542 0.0806996713182425
6542 0
6542 0
6542 0
6542 0.00238016672435845
6542 0
6542 0.0443910186047781
6542 0
6542 0.3785476056898
6542 0.0651325975744153
6542 0
6542 0
6542 7.87399175438359
6542 7.87399175438359
6542 0
6542 0.833965398736767
6542 0.833965398736767
6542 0.833965398736767
6542 0.026331801335153
6542 0.3785476056898
6542 0
6542 0
6542 0.995510127766831
6542 0.995510127766831
6542 0
6542 0
6542 0.115141596674292
6542 0.115141596674292
6542 0.115141596674292
6542 0.00121140116376111
6542 0.00121140116376111
6542 0.00121140116376111
6542 0.0950872814286438
6623 0.3785476056898
6623 0.237066651884143
6623 0.237066651884143
6623 0.237066651884143
6623 0.237066651884143
6623 0
6623 0.0325430170211319
6623 0.0325430170211319
6623 0.00461664171774656
6623 0.00461664171774656
6623 0.00461664171774656
6623 0.3785476056898
6623 0.0806996713182425
6623 0
6623 0
6623 0
6623 0.00238016672435845
6623 0
6623 0.0443910186047781
6623 0
6623 0.3785476056898
6623 0.0651325975744153
6623 0
6623 0
6623 7.87399175438359
6623 7.87399175438359
6623 0
6623 0.833965398736767
6623 0.833965398736767
6623 0.833965398736767
6623 0.026331801335153
6623 0.3785476056898
6623 0
6623 0
6623 0.995510127766831
6623 0.995510127766831
6623 0
6623 0
6623 0.115141596674292
6623 0.115141596674292
6623 0.115141596674292
6623 0.00121140116376111
6623 0.00121140116376111
6623 0.00121140116376111
6623 0.0950872814286438
6698 0.3785476056898
6698 0.237066651884143
6698 0.237066651884143
6698 0.237066651884143
6698 0.237066651884143
6698 0
6698 0.0325430170211319
6698 0.0325430170211319
6698 0.00461664171774656
6698 0.00461664171774656
6698 0.00461664171774656
6698 0.3785476056898
6698 0.0806996713182425
6698 0
6698 0
6698 0
6698 0.00238016672435845
6698 0
6698 0.0443910186047781
6698 0
6698 0.3785476056898
6698 0.0651325975744153
6698 0
6698 0
6698 7.87399175438359
6698 7.87399175438359
6698 0
6698 0.833965398736767
6698 0.833965398736767
6698 0.833965398736767
6698 0.026331801335153
6698 0.3785476056898
6698 0
6698 0
6698 0.995510127766831
6698 0.995510127766831
6698 0
6698 0
6698 0.115141596674292
6698 0.115141596674292
6698 0.115141596674292
6698 0.00121140116376111
6698 0.00121140116376111
6698 0.00121140116376111
6698 0.0950872814286438
6847 0.3785476056898
6847 0.237066651884143
6847 0.237066651884143
6847 0.237066651884143
6847 0.237066651884143
6847 0
6847 0.0325430170211319
6847 0.0325430170211319
6847 0.00461664171774656
6847 0.00461664171774656
6847 0.00461664171774656
6847 0.3785476056898
6847 0.0806996713182425
6847 0
6847 0
6847 0
6847 0.00238016672435845
6847 0
6847 0.0443910186047781
6847 0
6847 0.3785476056898
6847 0.0651325975744153
6847 0
6847 0
6847 7.87399175438359
6847 7.87399175438359
6847 0
6847 0.833965398736767
6847 0.833965398736767
6847 0.833965398736767
6847 0.026331801335153
6847 0.3785476056898
6847 0
6847 0
6847 0.995510127766831
6847 0.995510127766831
6847 0
6847 0
6847 0.115141596674292
6847 0.115141596674292
6847 0.115141596674292
6847 0.00121140116376111
6847 0.00121140116376111
6847 0.00121140116376111
6847 0.0950872814286438
6988 0.3785476056898
6988 0.237066651884143
6988 0.237066651884143
6988 0.237066651884143
6988 0.237066651884143
6988 0
6988 0.0325430170211319
6988 0.0325430170211319
6988 0.00461664171774656
6988 0.00461664171774656
6988 0.00461664171774656
6988 0.3785476056898
6988 0.0806996713182425
6988 0
6988 0
6988 0
6988 0.00238016672435845
6988 0
6988 0.0443910186047781
6988 0
6988 0.3785476056898
6988 0.0651325975744153
6988 0
6988 0
6988 7.87399175438359
6988 7.87399175438359
6988 0
6988 0.833965398736767
6988 0.833965398736767
6988 0.833965398736767
6988 0.026331801335153
6988 0.3785476056898
6988 0
6988 0
6988 0.995510127766831
6988 0.995510127766831
6988 0
6988 0
6988 0.115141596674292
6988 0.115141596674292
6988 0.115141596674292
6988 0.00121140116376111
6988 0.00121140116376111
6988 0.00121140116376111
6988 0.0950872814286438
6985 0.3785476056898
6985 0.237066651884143
6985 0.237066651884143
6985 0.237066651884143
6985 0.237066651884143
6985 0
6985 0.0325430170211319
6985 0.0325430170211319
6985 0.00461664171774656
6985 0.00461664171774656
6985 0.00461664171774656
6985 0.3785476056898
6985 0.0806996713182425
6985 0
6985 0
6985 0
6985 0.00238016672435845
6985 0
6985 0.0443910186047781
6985 0
6985 0.3785476056898
6985 0.0651325975744153
6985 0
6985 0
6985 7.87399175438359
6985 7.87399175438359
6985 0
6985 0.833965398736767
6985 0.833965398736767
6985 0.833965398736767
6985 0.026331801335153
6985 0.3785476056898
6985 0
6985 0
6985 0.995510127766831
6985 0.995510127766831
6985 0
6985 0
6985 0.115141596674292
6985 0.115141596674292
6985 0.115141596674292
6985 0.00121140116376111
6985 0.00121140116376111
6985 0.00121140116376111
6985 0.0950872814286438
