pt_graph met
2042 14
2043 11
2043 14
2121 14
2288 11
2372 14
2520 11
2521 11
2596 14
2768 14
2775 11
2775 14
2848 14
2849 11
2850 14
2919 14
2926 11
3002 14
3008 14
3012 14
3085 11
3085 14
3144 11
3144 14
3145 11
3146 14
3217 11
3221 14
3222 11
3223 14
3306 11
3307 11
3308 11
3318 11
3381 14
3390 14
3468 11
3469 14
3484 14
3552 14
3555 11
3556 14
3634 14
3635 11
3635 14
3638 11
3649 14
3711 14
3717 11
3717 14
3718 11
3718 14
3724 11
3725 11
3804 11
3804 14
3805 14
3817 11
3819 11
3896 11
3896 14
3907 14
3980 11
3991 11
3994 11
3994 14
3995 11
4002 14
4007 11
4151 14
4159 11
4168 11
4234 14
4242 14
4252 11
4259 11
4272 11
4273 14
4333 14
4360 11
4452 14
4453 11
4455 11
4510 14
4515 11
4542 14
4640 14
4687 11
4689 11
4702 11
4711 11
4711 14
4727 11
4727 14
4777 14
4779 14
4786 11
4794 14
4797 11
4803 11
4820 14
4867 14
4874 11
4883 14
4884 14
4890 11
4890 14
4965 14
4974 11
4977 11
4980 11
4981 11
4981 14
5001 14
5059 11
5059 14
5069 14
5075 14
5089 11
5089 14
5139 14
5151 11
5178 11
5179 11
5179 14
5180 11
5232 14
5233 14
5250 11
5256 14
5319 14
5325 14
5329 14
5355 11
5355 14
5356 14
5416 11
5419 11
5419 14
5422 11
5422 14
5427 11
5427 14
5429 11
5430 11
5431 14
5486 14
5490 11
5498 11
5500 14
5503 11
5503 14
5508 11
5513 11
5513 14
5515 11
5516 11
5516 14
5517 11
5517 14
5518 11
5518 14
5519 11
5533 11
5533 14
5576 14
5577 14
5584 14
5587 11
5590 14
5591 11
5591 14
5600 11
5600 14
5601 11
5601 14
5605 11
5605 14
5606 14
5614 11
5614 14
5615 11
5615 14
5618 11
5618 14
5675 11
5675 14
5677 11
5677 14
5686 14
5688 11
5688 14
5689 11
5690 11
5692 11
5692 14
5694 14
5700 14
5701 11
5701 14
5702 11
5702 14
5703 11
5703 14
5704 11
5704 14
5708 14
5749 14
5753 11
5761 11
5761 14
5765 11
5777 11
5777 14
5778 11
5778 14
5779 11
5780 11
5784 14
5792 11
5794 11
5794 14
5795 11
5795 14
5796 11
5796 14
5840 11
5850 11
5851 11
5851 14
5870 11
5871 11
5871 14
5872 11
5873 11
5873 14
5878 11
5878 14
5879 11
5879 14
5883 11
5884 14
5885 11
5887 11
5887 14
5944 11
5945 14
5946 11
5946 14
5969 14
5970 14
5975 11
5975 14
5976 11
5976 14
5978 11
5980 11
5984 11
5984 14
6038 11
6040 14
6047 14
6048 11
6050 11
6072 14
6073 11
6073 14
6074 11
6074 14
6077 11
6077 14
6079 11
6079 14
6080 11
6080 14
6081 11
6081 14
6083 11
6087 14
6142 11
6149 11
6149 14
6172 11
6173 14
6174 11
6175 11
6175 14
6177 11
6177 14
6178 11
6178 14
6179 11
6180 11
6180 14
6185 11
6187 14
6244 11
6244 14
6245 11
6245 14
6246 14
6250 11
6268 11
6268 14
6269 11
6269 14
6270 11
6270 14
6271 14
6274 11
6274 14
6277 11
6360 11
6360 14
6361 11
6361 14
6363 11
6363 14
6364 11
6364 14
6368 14
6425 14
6449 11
6449 14
6451 11
6451 14
6452 11
6452 14
6453 11
6453 14
6454 11
6456 14
6536 14
6538 14
6539 11
6539 14
6605 11
6623 14
6690 11
6701 11
6761 11
6839 14
6849 14
6909 11
6917 11
6917 14
6919 14
6985 11
6985 14
6988 11
7048 11
7052 11
7053 14
7056 11
7056 14
7057 11
7057 14
7122 11
7122 14
7126 14
7198 11
7198 14
7200 11
7200 14
7263 14
7266 11
7267 11
7268 11
7269 11
7269 14
7397 14
7512 14
10002 11
10360 14
11001 14
11015 11
