pt_graph freq
1455 1.0000000
1660 1.0000000
1790 1.0000000
1872 1.0000000
1954 1.0000000
1963 1.0000000
2025 1.0000000
2043 1.0000000
2196 1.0000000
2284 1.0000000
2431 1.0000000
2601 1.0000000
2607 1.0000000
2754 0.3692204
2754 0.6307796
2765 1.0000000
2775 1.0000000
2776 1.0000000
2857 1.0000000
2986 1.0000000
3000 1.0000000
3063 1.0000000
3071 1.0000000
3074 1.0000000
3143 1.0000000
3144 1.0000000
3148 1.0000000
3154 1.0000000
3219 1.0000000
3220 1.0000000
3224 1.0000000
3390 1.0000000
3400 1.0000000
3468 1.0000000
3469 1.0000000
3471 1.0000000
3635 1.0000000
3645 1.0000000
3717 1.0000000
3718 1.0000000
3721 1.0000000
3804 1.0000000
3806 1.0000000
3892 1.0000000
3896 1.0000000
3989 1.0000000
4007 1.0000000
4090 1.0000000
4100 1.0000000
4101 1.0000000
4160 1.0000000
4167 1.0000000
4243 1.0000000
4253 1.0000000
4271 1.0000000
4341 1.0000000
4360 1.0000000
4423 1.0000000
4452 1.0000000
4508 1.0000000
4531 1.0000000
4543 1.0000000
4544 1.0000000
4612 1.0000000
4639 1.0000000
4725 1.0000000
4796 1.0000000
4798 1.0000000
4820 1.0000000
4884 0.3692204
4884 0.6307796
4890 1.0000000
4980 0.3692204
4980 0.6307796
4981 1.0000000
5063 1.0000000
5065 1.0000000
5070 1.0000000
5089 1.0000000
5152 1.0000000
5153 1.0000000
5154 1.0000000
5167 1.0000000
5179 1.0000000
5242 1.0000000
5260 1.0000000
5267 1.0000000
5270 1.0000000
5318 1.0000000
5347 1.0000000
5355 1.0000000
5411 1.0000000
5419 1.0000000
5423 1.0000000
5425 1.0000000
5426 0.3692204
5426 0.6307796
5427 1.0000000
5428 1.0000000
5433 1.0000000
5447 1.0000000
5500 1.0000000
5508 1.0000000
5511 1.0000000
5513 1.0000000
5514 0.3692204
5514 0.6307796
5516 1.0000000
5517 1.0000000
5518 1.0000000
5575 1.0000000
5578 1.0000000
5582 1.0000000
5585 1.0000000
5587 1.0000000
5593 1.0000000
5601 1.0000000
5602 1.0000000
5605 0.3692204
5605 0.6307796
5606 1.0000000
5609 1.0000000
5614 1.0000000
5618 1.0000000
5661 1.0000000
5672 1.0000000
5675 0.3692204
5675 0.6307796
5676 1.0000000
5677 1.0000000
5678 1.0000000
5688 1.0000000
5689 1.0000000
5690 1.0000000
5691 1.0000000
5692 1.0000000
5693 1.0000000
5694 1.0000000
5701 1.0000000
5702 1.0000000
5704 1.0000000
5750 1.0000000
5751 1.0000000
5761 1.0000000
5766 1.0000000
5777 1.0000000
5784 1.0000000
5785 1.0000000
5788 1.0000000
5789 1.0000000
5791 1.0000000
5792 1.0000000
5793 1.0000000
5795 1.0000000
5839 1.0000000
5844 1.0000000
5845 1.0000000
5850 1.0000000
5871 1.0000000
5872 1.0000000
5873 1.0000000
5875 1.0000000
5877 1.0000000
5878 0.3692204
5878 0.6307796
5879 1.0000000
5880 1.0000000
5881 0.3692204
5881 0.6307796
5887 1.0000000
5937 1.0000000
5945 1.0000000
5946 1.0000000
5968 1.0000000
5969 1.0000000
5973 1.0000000
5974 1.0000000
5975 1.0000000
5978 1.0000000
5981 1.0000000
5984 1.0000000
6038 1.0000000
6047 1.0000000
6048 1.0000000
6050 1.0000000
6051 1.0000000
6054 1.0000000
6072 1.0000000
6073 1.0000000
6074 0.3692204
6074 0.6307796
6076 0.3692204
6076 0.6307796
6077 1.0000000
6080 1.0000000
6081 1.0000000
6083 1.0000000
6084 1.0000000
6148 1.0000000
6149 1.0000000
6150 1.0000000
6174 1.0000000
6175 1.0000000
6177 1.0000000
6178 1.0000000
6179 1.0000000
6180 1.0000000
6181 1.0000000
6240 0.3692204
6240 0.6307796
6241 1.0000000
6244 1.0000000
6245 1.0000000
6267 1.0000000
6268 1.0000000
6269 1.0000000
6270 1.0000000
6271 1.0000000
6273 1.0000000
6274 1.0000000
6279 1.0000000
6337 1.0000000
6342 1.0000000
6344 1.0000000
6360 1.0000000
6361 1.0000000
6362 1.0000000
6363 1.0000000
6364 1.0000000
6425 1.0000000
6426 1.0000000
6451 1.0000000
6453 1.0000000
6454 1.0000000
6455 1.0000000
6528 1.0000000
6538 1.0000000
6539 1.0000000
6610 1.0000000
6623 1.0000000
6701 1.0000000
6778 1.0000000
6917 1.0000000
6919 1.0000000
6985 1.0000000
6988 1.0000000
7051 0.3692204
7051 0.6307796
7052 1.0000000
7057 1.0000000
7122 1.0000000
7125 1.0000000
7126 1.0000000
7198 1.0000000
7199 1.0000000
7200 1.0000000
7269 1.0000000
9737 1.0000000
9866 1.0000000
10000 1.0000000
10326 1.0000000
10944 1.0000000
