pt_graph freq
1662 1.00
1720 1.00
2043 1.00
2193 1.00
2277 1.00
2290 1.00
2366 1.00
2376 1.00
2587 1.00
2601 1.00
2602 1.00
2607 1.00
2608 1.00
2758 1.00
2768 1.00
2775 1.00
2846 1.00
2849 1.00
2850 1.00
2926 1.00
2986 1.00
2996 1.00
2999 1.00
3000 1.00
3073 1.00
3074 1.00
3085 1.00
3142 1.00
3144 1.00
3145 1.00
3146 1.00
3147 1.00
3153 1.00
3156 1.00
3222 1.00
3225 1.00
3234 1.00
3308 1.00
3386 1.00
3389 1.00
3390 1.00
3401 1.00
3468 1.00
3470 1.00
3552 1.00
3635 1.00
3636 1.00
3648 1.00
3649 1.00
3703 1.00
3718 1.00
3804 1.00
3815 1.00
3817 1.00
3818 1.00
3888 1.00
3890 1.00
3896 1.00
3900 1.00
3986 1.00
4082 1.00
4168 1.00
4271 1.00
4272 1.00
4329 1.00
4336 1.00
4361 1.00
4433 1.00
4452 1.00
4455 1.00
4512 1.00
4543 1.00
4544 1.00
4635 1.00
4636 1.00
4702 1.00
4711 1.00
4727 1.00
4789 1.00
4793 0.75
4793 0.25
4794 1.00
4820 1.00
4884 1.00
4890 1.00
4896 1.00
4911 1.00
4973 1.00
4979 1.00
4980 1.00
4981 1.00
4984 1.00
4987 1.00
5001 1.00
5059 1.00
5061 1.00
5062 1.00
5063 1.00
5069 1.00
5070 1.00
5078 1.00
5088 1.00
5089 1.00
5133 1.00
5152 1.00
5154 1.00
5164 1.00
5167 1.00
5168 1.00
5169 1.00
5177 1.00
5179 1.00
5180 1.00
5181 1.00
5240 1.00
5245 0.75
5245 0.25
5256 1.00
5258 1.00
5260 1.00
5269 1.00
5309 1.00
5336 1.00
5349 1.00
5356 1.00
5358 1.00
5359 1.00
5398 1.00
5414 1.00
5416 1.00
5418 1.00
5419 1.00
5425 1.00
5426 1.00
5427 0.75
5427 0.25
5430 0.75
5430 0.25
5500 1.00
5501 0.75
5501 0.25
5503 1.00
5505 1.00
5507 1.00
5510 1.00
5511 1.00
5513 1.00
5514 1.00
5515 1.00
5516 0.75
5516 0.25
5517 1.00
5518 1.00
5530 1.00
5533 1.00
5534 1.00
5576 1.00
5577 1.00
5578 1.00
5590 1.00
5599 1.00
5600 1.00
5601 1.00
5602 1.00
5603 1.00
5604 1.00
5605 1.00
5606 1.00
5607 1.00
5614 1.00
5618 1.00
5634 1.00
5675 1.00
5676 1.00
5677 1.00
5687 1.00
5688 1.00
5689 1.00
5690 1.00
5692 0.75
5692 0.25
5693 0.75
5693 0.25
5701 1.00
5702 1.00
5704 1.00
5707 1.00
5708 1.00
5748 1.00
5750 1.00
5761 1.00
5762 1.00
5777 1.00
5778 1.00
5780 1.00
5781 0.75
5781 0.25
5783 1.00
5784 1.00
5785 1.00
5786 1.00
5788 1.00
5789 1.00
5790 1.00
5791 1.00
5792 1.00
5794 1.00
5795 1.00
5796 1.00
5807 1.00
5815 1.00
5818 1.00
5841 1.00
5844 1.00
5849 1.00
5850 1.00
5851 1.00
5870 1.00
5872 1.00
5873 1.00
5874 1.00
5877 1.00
5878 0.75
5878 0.25
5879 1.00
5881 1.00
5886 1.00
5887 1.00
5894 1.00
5905 1.00
5911 1.00
5916 1.00
5946 1.00
5949 1.00
5968 1.00
5970 1.00
5971 1.00
5972 1.00
5974 1.00
5975 1.00
5976 0.75
5976 0.25
5977 1.00
5978 1.00
5980 1.00
5982 1.00
5984 1.00
5994 1.00
5996 1.00
5997 1.00
5998 1.00
6038 1.00
6047 1.00
6048 1.00
6072 1.00
6073 1.00
6074 1.00
6075 1.00
6076 0.75
6076 0.25
6077 1.00
6078 1.00
6080 1.00
6081 1.00
6083 1.00
6084 1.00
6087 1.00
6097 1.00
6098 1.00
6099 1.00
6142 1.00
6148 1.00
6149 1.00
6150 1.00
6173 1.00
6175 1.00
6176 0.75
6176 0.25
6177 1.00
6178 1.00
6179 1.00
6180 1.00
6182 1.00
6183 1.00
6187 1.00
6195 1.00
6217 1.00
6240 1.00
6241 1.00
6242 1.00
6244 1.00
6245 1.00
6267 1.00
6268 1.00
6269 1.00
6270 1.00
6271 1.00
6274 1.00
6275 1.00
6286 1.00
6289 1.00
6291 1.00
6359 1.00
6361 1.00
6364 1.00
6387 1.00
6403 1.00
6406 1.00
6425 1.00
6426 1.00
6433 1.00
6449 1.00
6451 1.00
6452 1.00
6453 1.00
6454 1.00
6478 1.00
6482 1.00
6536 1.00
6538 1.00
6539 1.00
6542 1.00
6544 1.00
6568 1.00
6583 1.00
6606 1.00
6607 1.00
6620 1.00
6622 1.00
6623 1.00
6640 1.00
6644 1.00
6654 1.00
6666 1.00
6701 1.00
6702 1.00
6712 1.00
6727 1.00
6730 1.00
6775 1.00
6778 1.00
6783 1.00
6785 1.00
6788 1.00
6803 1.00
6805 1.00
6806 1.00
6811 1.00
6862 1.00
6864 1.00
6869 1.00
6872 1.00
6873 1.00
6874 1.00
6875 1.00
6891 1.00
6910 1.00
6917 1.00
6931 1.00
6932 1.00
6942 1.00
6985 1.00
6988 1.00
6998 1.00
7001 1.00
7010 1.00
7011 1.00
7030 1.00
7031 1.00
7052 1.00
7053 1.00
7057 1.00
7069 1.00
7074 1.00
7098 1.00
7122 1.00
7123 1.00
7125 1.00
7126 1.00
7141 1.00
7144 1.00
7166 1.00
7172 1.00
7176 1.00
7194 1.00
7197 1.00
7198 1.00
7199 1.00
7200 1.00
7215 1.00
7216 1.00
7222 1.00
7225 1.00
7246 1.00
7268 1.00
7269 1.00
7285 1.00
7298 1.00
7312 1.00
7313 1.00
7315 1.00
7331 1.00
7352 1.00
7363 1.00
7377 1.00
7378 1.00
7400 1.00
7433 1.00
7439 1.00
7441 1.00
7443 1.00
7458 1.00
7501 1.00
7531 1.00
7558 1.00
7585 0.75
7585 0.25
7593 1.00
7602 1.00
7606 1.00
7612 1.00
7614 1.00
7615 1.00
7629 1.00
7642 1.00
7656 1.00
7658 1.00
7667 1.00
7671 1.00
7697 1.00
7702 1.00
7711 1.00
7765 1.00
7770 1.00
7772 1.00
7781 1.00
7782 1.00
7783 1.00
7799 1.00
7803 1.00
7815 1.00
7827 1.00
7829 1.00
7841 1.00
7842 1.00
7854 1.00
7873 1.00
7899 1.00
7910 1.00
7921 1.00
7932 1.00
7944 1.00
7992 1.00
7996 1.00
8011 1.00
8014 1.00
8034 1.00
8070 1.00
8102 1.00
8109 1.00
8122 1.00
8148 1.00
8170 1.00
8177 1.00
8189 1.00
8190 1.00
8202 1.00
8203 1.00
8206 1.00
8212 1.00
8213 0.75
8213 0.25
8222 1.00
8232 1.00
8233 1.00
8247 1.00
8263 1.00
8272 1.00
8286 1.00
8316 1.00
8353 1.00
8371 1.00
8373 1.00
8388 1.00
8428 1.00
8430 1.00
8463 1.00
8473 1.00
8493 1.00
8505 1.00
8506 1.00
8509 1.00
8521 1.00
8531 1.00
8557 1.00
8558 1.00
8580 1.00
8608 1.00
8616 1.00
8629 1.00
8631 1.00
8643 1.00
8646 1.00
8660 1.00
8670 1.00
8680 1.00
8714 1.00
8736 1.00
8741 1.00
8767 1.00
8768 1.00
8771 1.00
8780 1.00
8787 1.00
8820 1.00
8875 1.00
8928 1.00
8929 1.00
8952 1.00
8954 1.00
8982 1.00
8987 1.00
9034 1.00
9041 1.00
9088 1.00
9095 1.00
9101 1.00
9140 1.00
9144 1.00
9145 1.00
9155 1.00
9193 1.00
9194 1.00
9197 1.00
9212 1.00
9295 1.00
9296 1.00
9306 1.00
9358 1.00
9362 1.00
9400 1.00
9403 1.00
9406 1.00
9418 1.00
9452 1.00
9505 1.00
9506 1.00
9558 1.00
9569 1.00
9612 1.00
9613 1.00
9945 1.00
10108 1.00
10166 1.00
10326 1.00
10452 1.00
10703 1.00
