pt_graph freq
956 1.000000000
1175 1.000000000
1301 1.000000000
1302 1.000000000
1367 0.012937725
1367 0.987062275
1368 0.600000006
1368 0.005175090
1368 0.394824904
1369 0.991448607
1369 0.008551393
1432 1.000000000
1434 1.000000000
1435 1.000000000
1498 1.000000000
1499 0.991448607
1499 0.008551393
1504 1.000000000
1569 0.600000006
1569 0.005175090
1569 0.394824904
1643 0.603121213
1643 0.396878787
1644 0.600000006
1644 0.005175090
1644 0.394824904
1709 1.000000000
1716 1.000000000
1720 1.000000000
1792 1.000000000
1859 1.000000000
1861 1.000000000
1938 1.000000000
1939 1.000000000
1940 1.000000000
1941 1.000000000
1948 1.000000000
2023 1.000000000
2034 1.000000000
2043 0.600000006
2043 0.005175090
2043 0.394824904
2044 1.000000000
2103 1.000000000
2107 1.000000000
2111 1.000000000
2188 1.000000000
2193 1.000000000
2214 1.000000000
2268 1.000000000
2271 1.000000000
2274 1.000000000
2284 1.000000000
2290 1.000000000
2353 1.000000000
2364 1.000000000
2428 1.000000000
2438 1.000000000
2439 1.000000000
2442 1.000000000
2443 1.000000000
2444 0.603121213
2444 0.396878787
2505 1.000000000
2519 1.000000000
2523 1.000000000
2585 1.000000000
2587 1.000000000
2588 1.000000000
2589 1.000000000
2598 1.000000000
2600 0.603121213
2600 0.396878787
2607 1.000000000
2608 1.000000000
2668 0.991448607
2668 0.008551393
2671 1.000000000
2672 1.000000000
2673 1.000000000
2685 1.000000000
2750 1.000000000
2752 1.000000000
2768 1.000000000
2775 0.600000006
2775 0.005175090
2775 0.394824904
2834 0.600000006
2834 0.005175090
2834 0.394824904
2845 1.000000000
2849 1.000000000
2850 0.991448607
2850 0.008551393
2857 1.000000000
2858 1.000000000
2926 0.991448607
2926 0.008551393
2982 1.000000000
2994 1.000000000
2999 1.000000000
3000 0.012937725
3000 0.987062275
3008 1.000000000
3063 1.000000000
3084 0.991448607
3084 0.008551393
3085 0.991448607
3085 0.008551393
3143 1.000000000
3144 0.991448607
3144 0.008551393
3145 0.600000006
3145 0.005175090
3145 0.394824904
3146 1.000000000
3149 1.000000000
3213 0.603121213
3213 0.396878787
3221 1.000000000
3222 0.012937725
3222 0.987062275
3224 1.000000000
3229 1.000000000
3231 1.000000000
3236 1.000000000
3307 1.000000000
3308 0.012937725
3308 0.987062275
3309 1.000000000
3324 1.000000000
3389 0.600000006
3389 0.005175090
3389 0.394824904
3390 0.600000006
3390 0.005175090
3390 0.394824904
3397 0.012937725
3397 0.987062275
3402 1.000000000
3404 1.000000000
3468 0.603121213
3468 0.396878787
3471 1.000000000
3538 1.000000000
3565 1.000000000
3627 1.000000000
3635 0.600000006
3635 0.005175090
3635 0.394824904
3637 1.000000000
3705 1.000000000
3717 1.000000000
3718 0.600000006
3718 0.005175090
3718 0.394824904
3719 0.012937725
3719 0.987062275
3726 1.000000000
3734 1.000000000
3791 1.000000000
3795 1.000000000
3799 1.000000000
3803 1.000000000
3804 0.600000006
3804 0.005175090
3804 0.394824904
3806 0.991448607
3806 0.008551393
3814 1.000000000
3817 1.000000000
3821 1.000000000
3895 1.000000000
3896 0.012937725
3896 0.987062275
3899 1.000000000
3900 1.000000000
3919 1.000000000
3977 1.000000000
3979 1.000000000
3983 1.000000000
3987 1.000000000
3988 1.000000000
3993 1.000000000
4007 1.000000000
4067 1.000000000
4074 1.000000000
4077 0.012937725
4077 0.987062275
4098 1.000000000
4100 1.000000000
4147 1.000000000
4158 0.012937725
4158 0.987062275
4162 1.000000000
4172 1.000000000
4183 1.000000000
4185 1.000000000
4235 1.000000000
4250 1.000000000
4253 1.000000000
4272 0.012937725
4272 0.987062275
4326 1.000000000
4340 1.000000000
4344 1.000000000
4355 1.000000000
4409 1.000000000
4413 1.000000000
4422 1.000000000
4423 1.000000000
4452 0.012937725
4452 0.987062275
4509 1.000000000
4543 1.000000000
4544 0.600000006
4544 0.005175090
4544 0.394824904
4549 1.000000000
4603 1.000000000
4635 0.012937725
4635 0.987062275
4639 1.000000000
4691 1.000000000
4695 1.000000000
4701 1.000000000
4728 1.000000000
4776 1.000000000
4778 1.000000000
4790 1.000000000
4791 1.000000000
4796 1.000000000
4820 1.000000000
4822 1.000000000
4873 1.000000000
4874 1.000000000
4884 1.000000000
4890 0.600000006
4890 0.005175090
4890 0.394824904
4911 0.991448607
4911 0.008551393
4974 1.000000000
4980 0.012937725
4980 0.987062275
4981 0.600000006
4981 0.005175090
4981 0.394824904
4982 1.000000000
4986 1.000000000
5001 1.000000000
5045 1.000000000
5047 1.000000000
5060 1.000000000
5068 1.000000000
5069 1.000000000
5075 1.000000000
5076 1.000000000
5078 1.000000000
5089 0.600000006
5089 0.005175090
5089 0.394824904
5141 1.000000000
5153 1.000000000
5154 1.000000000
5155 1.000000000
5158 1.000000000
5165 1.000000000
5166 1.000000000
5179 0.600000006
5179 0.005175090
5179 0.394824904
5181 1.000000000
5225 1.000000000
5234 1.000000000
5245 1.000000000
5246 1.000000000
5248 1.000000000
5254 1.000000000
5255 1.000000000
5256 1.000000000
5258 1.000000000
5269 1.000000000
5309 1.000000000
5321 1.000000000
5323 1.000000000
5327 1.000000000
5335 1.000000000
5338 1.000000000
5346 1.000000000
5349 1.000000000
5351 1.000000000
5354 1.000000000
5355 0.600000006
5355 0.005175090
5355 0.394824904
5356 1.000000000
5358 1.000000000
5410 1.000000000
5418 0.603121213
5418 0.396878787
5419 0.600000006
5419 0.005175090
5419 0.394824904
5423 1.000000000
5426 0.600000006
5426 0.005175090
5426 0.394824904
5427 0.603121213
5427 0.396878787
5428 1.000000000
5429 1.000000000
5430 0.600000006
5430 0.005175090
5430 0.394824904
5431 0.600000006
5431 0.005175090
5431 0.394824904
5432 1.000000000
5437 1.000000000
5439 1.000000000
5442 1.000000000
5443 1.000000000
5500 1.000000000
5503 1.000000000
5504 1.000000000
5505 0.600000006
5505 0.005175090
5505 0.394824904
5506 1.000000000
5507 0.012937725
5507 0.987062275
5508 1.000000000
5510 1.000000000
5511 0.991448607
5511 0.008551393
5512 1.000000000
5513 1.000000000
5515 1.000000000
5516 1.000000000
5517 0.600000006
5517 0.005175090
5517 0.394824904
5518 0.600000006
5518 0.005175090
5518 0.394824904
5527 0.991448607
5527 0.008551393
5533 1.000000000
5534 1.000000000
5582 1.000000000
5587 1.000000000
5589 1.000000000
5590 1.000000000
5591 1.000000000
5593 1.000000000
5600 0.600000006
5600 0.005175090
5600 0.394824904
5601 0.600000006
5601 0.005175090
5601 0.394824904
5602 0.600000006
5602 0.005175090
5602 0.394824904
5604 1.000000000
5605 0.012937725
5605 0.987062275
5606 0.600000006
5606 0.005175090
5606 0.394824904
5607 0.012937725
5607 0.987062275
5614 0.600000006
5614 0.005175090
5614 0.394824904
5615 0.600000006
5615 0.005175090
5615 0.394824904
5618 0.603121213
5618 0.396878787
5619 1.000000000
5670 1.000000000
5675 0.600000006
5675 0.005175090
5675 0.394824904
5676 0.600000006
5676 0.005175090
5676 0.394824904
5677 0.600000006
5677 0.005175090
5677 0.394824904
5687 1.000000000
5688 0.600000006
5688 0.005175090
5688 0.394824904
5689 0.991448607
5689 0.008551393
5690 0.991448607
5690 0.008551393
5692 1.000000000
5694 0.600000006
5694 0.005175090
5694 0.394824904
5696 0.603121213
5696 0.396878787
5701 0.600000006
5701 0.005175090
5701 0.394824904
5702 0.600000006
5702 0.005175090
5702 0.394824904
5703 0.600000006
5703 0.005175090
5703 0.394824904
5704 0.600000006
5704 0.005175090
5704 0.394824904
5709 1.000000000
5746 1.000000000
5756 1.000000000
5761 0.012937725
5761 0.987062275
5777 0.600000006
5777 0.005175090
5777 0.394824904
5778 1.000000000
5782 1.000000000
5783 1.000000000
5784 0.600000006
5784 0.005175090
5784 0.394824904
5785 1.000000000
5791 0.603121213
5791 0.396878787
5792 0.991448607
5792 0.008551393
5794 0.603121213
5794 0.396878787
5795 0.012937725
5795 0.987062275
5796 0.600000006
5796 0.005175090
5796 0.394824904
5850 0.600000006
5850 0.005175090
5850 0.394824904
5851 0.600000006
5851 0.005175090
5851 0.394824904
5852 1.000000000
5869 1.000000000
5871 0.600000006
5871 0.005175090
5871 0.394824904
5872 1.000000000
5873 1.000000000
5874 1.000000000
5878 0.600000006
5878 0.005175090
5878 0.394824904
5879 0.600000006
5879 0.005175090
5879 0.394824904
5883 1.000000000
5885 0.603121213
5885 0.396878787
5886 1.000000000
5887 0.603121213
5887 0.396878787
5937 1.000000000
5945 1.000000000
5946 0.600000006
5946 0.005175090
5946 0.394824904
5968 0.600000006
5968 0.005175090
5968 0.394824904
5969 0.600000006
5969 0.005175090
5969 0.394824904
5972 1.000000000
5975 0.600000006
5975 0.005175090
5975 0.394824904
5976 0.603121213
5976 0.396878787
5977 0.600000006
5977 0.005175090
5977 0.394824904
5978 0.603121213
5978 0.396878787
5980 1.000000000
5983 1.000000000
5984 0.600000006
5984 0.005175090
5984 0.394824904
6039 1.000000000
6043 1.000000000
6047 0.600000006
6047 0.005175090
6047 0.394824904
6048 0.600000006
6048 0.005175090
6048 0.394824904
6061 1.000000000
6072 1.000000000
6073 0.600000006
6073 0.005175090
6073 0.394824904
6074 0.991448607
6074 0.008551393
6077 0.600000006
6077 0.005175090
6077 0.394824904
6078 0.603121213
6078 0.396878787
6079 0.600000006
6079 0.005175090
6079 0.394824904
6080 0.603121213
6080 0.396878787
6081 0.600000006
6081 0.005175090
6081 0.394824904
6084 1.000000000
6086 1.000000000
6143 1.000000000
6144 1.000000000
6145 1.000000000
6147 1.000000000
6148 0.012937725
6148 0.987062275
6149 0.600000006
6149 0.005175090
6149 0.394824904
6154 1.000000000
6165 1.000000000
6173 1.000000000
6174 0.600000006
6174 0.005175090
6174 0.394824904
6175 0.600000006
6175 0.005175090
6175 0.394824904
6177 0.600000006
6177 0.005175090
6177 0.394824904
6178 0.600000006
6178 0.005175090
6178 0.394824904
6179 0.600000006
6179 0.005175090
6179 0.394824904
6180 0.603121213
6180 0.396878787
6182 1.000000000
6241 1.000000000
6244 1.000000000
6245 1.000000000
6246 1.000000000
6250 1.000000000
6267 0.991448607
6267 0.008551393
6268 0.600000006
6268 0.005175090
6268 0.394824904
6269 0.600000006
6269 0.005175090
6269 0.394824904
6270 0.600000006
6270 0.005175090
6270 0.394824904
6271 0.600000006
6271 0.005175090
6271 0.394824904
6272 1.000000000
6273 1.000000000
6274 0.603121213
6274 0.396878787
6275 1.000000000
6278 1.000000000
6279 1.000000000
6336 1.000000000
6338 1.000000000
6340 1.000000000
6341 1.000000000
6342 1.000000000
6348 0.603121213
6348 0.396878787
6358 1.000000000
6360 0.600000006
6360 0.005175090
6360 0.394824904
6361 0.600000006
6361 0.005175090
6361 0.394824904
6362 1.000000000
6363 0.600000006
6363 0.005175090
6363 0.394824904
6364 0.600000006
6364 0.005175090
6364 0.394824904
6425 0.600000006
6425 0.005175090
6425 0.394824904
6426 1.000000000
6438 1.000000000
6442 1.000000000
6451 0.600000006
6451 0.005175090
6451 0.394824904
6452 0.600000006
6452 0.005175090
6452 0.394824904
6453 0.012937725
6453 0.987062275
6454 1.000000000
6455 1.000000000
6514 1.000000000
6515 1.000000000
6528 1.000000000
6536 0.603121213
6536 0.396878787
6537 0.603121213
6537 0.396878787
6538 0.012937725
6538 0.987062275
6540 1.000000000
6541 1.000000000
6542 0.991448607
6542 0.008551393
6544 1.000000000
6610 1.000000000
6620 1.000000000
6622 1.000000000
6623 1.000000000
6624 1.000000000
6627 1.000000000
6701 1.000000000
6760 1.000000000
6764 1.000000000
6773 0.012937725
6773 0.987062275
6774 1.000000000
6777 1.000000000
6836 1.000000000
6846 0.012937725
6846 0.987062275
6847 0.603121213
6847 0.396878787
6848 0.012937725
6848 0.987062275
6908 1.000000000
6917 0.600000006
6917 0.005175090
6917 0.394824904
6921 1.000000000
6979 1.000000000
6985 0.600000006
6985 0.005175090
6985 0.394824904
6988 0.603121213
6988 0.396878787
7048 1.000000000
7051 1.000000000
7052 0.600000006
7052 0.005175090
7052 0.394824904
7056 0.991448607
7056 0.008551393
7057 0.600000006
7057 0.005175090
7057 0.394824904
7120 1.000000000
7121 1.000000000
7122 0.600000006
7122 0.005175090
7122 0.394824904
7123 0.991448607
7123 0.008551393
7125 1.000000000
7126 0.603121213
7126 0.396878787
7191 1.000000000
7194 1.000000000
7197 0.600000006
7197 0.005175090
7197 0.394824904
7198 0.012937725
7198 0.987062275
7199 0.991448607
7199 0.008551393
7200 0.600000006
7200 0.005175090
7200 0.394824904
7268 1.000000000
7269 0.600000006
7269 0.005175090
7269 0.394824904
7334 1.000000000
7396 1.000000000
9869 1.000000000
9890 1.000000000
9910 1.000000000
9926 1.000000000
10002 1.000000000
