pt_graph cpue_kghour
145 113.150587408053
145 113.150587408053
145 113.150587408053
145 113.150587408053
145 60
145 7.57638219677631
145 7.57638219677631
145 12.5108010045725
145 12.5108010045725
145 23.080231712832
145 9978.55165232863
145 9978.55165232863
145 9978.55165232863
145 4.92814075444589
145 2316.74450853237
145 1.18026077735775
145 8969.66847623975
145 8.66725448191478
145 9262.17837561795
145 9262.17837561795
145 9.02849220410351
145 9.02849220410351
145 1103.31680041205
145 47.2376081370274
145 47.2376081370274
145 47.2376081370274
145 11.2499464515247
145 7.37926310222404
145 7.37926310222404
145 4581.59900778678
145 11.6358700193106
145 11.6358700193106
145 4685.08739431032
145 4685.08739431032
145 4685.08739431032
145 3.80729671335528
145 32.8304305582657
145 32.8304305582657
145 32.8304305582657
968 113.150587408053
968 113.150587408053
968 113.150587408053
968 113.150587408053
968 60
968 7.57638219677631
968 7.57638219677631
968 12.5108010045725
968 12.5108010045725
968 23.080231712832
968 9978.55165232863
968 9978.55165232863
968 9978.55165232863
968 4.92814075444589
968 2316.74450853237
968 1.18026077735775
968 8969.66847623975
968 8.66725448191478
968 9262.17837561795
968 9262.17837561795
968 9.02849220410351
968 9.02849220410351
968 1103.31680041205
968 47.2376081370274
968 47.2376081370274
968 47.2376081370274
968 11.2499464515247
968 7.37926310222404
968 7.37926310222404
968 4581.59900778678
968 11.6358700193106
968 11.6358700193106
968 4685.08739431032
968 4685.08739431032
968 4685.08739431032
968 3.80729671335528
968 32.8304305582657
968 32.8304305582657
968 32.8304305582657
1264 113.150587408053
1264 113.150587408053
1264 113.150587408053
1264 113.150587408053
1264 60
1264 7.57638219677631
1264 7.57638219677631
1264 12.5108010045725
1264 12.5108010045725
1264 23.080231712832
1264 9978.55165232863
1264 9978.55165232863
1264 9978.55165232863
1264 4.92814075444589
1264 2316.74450853237
1264 1.18026077735775
1264 8969.66847623975
1264 8.66725448191478
1264 9262.17837561795
1264 9262.17837561795
1264 9.02849220410351
1264 9.02849220410351
1264 1103.31680041205
1264 47.2376081370274
1264 47.2376081370274
1264 47.2376081370274
1264 11.2499464515247
1264 7.37926310222404
1264 7.37926310222404
1264 4581.59900778678
1264 11.6358700193106
1264 11.6358700193106
1264 4685.08739431032
1264 4685.08739431032
1264 4685.08739431032
1264 3.80729671335528
1264 32.8304305582657
1264 32.8304305582657
1264 32.8304305582657
1267 113.150587408053
1267 113.150587408053
1267 113.150587408053
1267 113.150587408053
1267 60
1267 7.57638219677631
1267 7.57638219677631
1267 12.5108010045725
1267 12.5108010045725
1267 23.080231712832
1267 9978.55165232863
1267 9978.55165232863
1267 9978.55165232863
1267 4.92814075444589
1267 2316.74450853237
1267 1.18026077735775
1267 8969.66847623975
1267 8.66725448191478
1267 9262.17837561795
1267 9262.17837561795
1267 9.02849220410351
1267 9.02849220410351
1267 1103.31680041205
1267 47.2376081370274
1267 47.2376081370274
1267 47.2376081370274
1267 11.2499464515247
1267 7.37926310222404
1267 7.37926310222404
1267 4581.59900778678
1267 11.6358700193106
1267 11.6358700193106
1267 4685.08739431032
1267 4685.08739431032
1267 4685.08739431032
1267 3.80729671335528
1267 32.8304305582657
1267 32.8304305582657
1267 32.8304305582657
1399 113.150587408053
1399 113.150587408053
1399 113.150587408053
1399 113.150587408053
1399 60
1399 7.57638219677631
1399 7.57638219677631
1399 12.5108010045725
1399 12.5108010045725
1399 23.080231712832
1399 9978.55165232863
1399 9978.55165232863
1399 9978.55165232863
1399 4.92814075444589
1399 2316.74450853237
1399 1.18026077735775
1399 8969.66847623975
1399 8.66725448191478
1399 9262.17837561795
1399 9262.17837561795
1399 9.02849220410351
1399 9.02849220410351
1399 1103.31680041205
1399 47.2376081370274
1399 47.2376081370274
1399 47.2376081370274
1399 11.2499464515247
1399 7.37926310222404
1399 7.37926310222404
1399 4581.59900778678
1399 11.6358700193106
1399 11.6358700193106
1399 4685.08739431032
1399 4685.08739431032
1399 4685.08739431032
1399 3.80729671335528
1399 32.8304305582657
1399 32.8304305582657
1399 32.8304305582657
1466 113.150587408053
1466 113.150587408053
1466 113.150587408053
1466 113.150587408053
1466 60
1466 7.57638219677631
1466 7.57638219677631
1466 12.5108010045725
1466 12.5108010045725
1466 23.080231712832
1466 9978.55165232863
1466 9978.55165232863
1466 9978.55165232863
1466 4.92814075444589
1466 2316.74450853237
1466 1.18026077735775
1466 8969.66847623975
1466 8.66725448191478
1466 9262.17837561795
1466 9262.17837561795
1466 9.02849220410351
1466 9.02849220410351
1466 1103.31680041205
1466 47.2376081370274
1466 47.2376081370274
1466 47.2376081370274
1466 11.2499464515247
1466 7.37926310222404
1466 7.37926310222404
1466 4581.59900778678
1466 11.6358700193106
1466 11.6358700193106
1466 4685.08739431032
1466 4685.08739431032
1466 4685.08739431032
1466 3.80729671335528
1466 32.8304305582657
1466 32.8304305582657
1466 32.8304305582657
1604 113.150587408053
1604 113.150587408053
1604 113.150587408053
1604 113.150587408053
1604 60
1604 7.57638219677631
1604 7.57638219677631
1604 12.5108010045725
1604 12.5108010045725
1604 23.080231712832
1604 9978.55165232863
1604 9978.55165232863
1604 9978.55165232863
1604 4.92814075444589
1604 2316.74450853237
1604 1.18026077735775
1604 8969.66847623975
1604 8.66725448191478
1604 9262.17837561795
1604 9262.17837561795
1604 9.02849220410351
1604 9.02849220410351
1604 1103.31680041205
1604 47.2376081370274
1604 47.2376081370274
1604 47.2376081370274
1604 11.2499464515247
1604 7.37926310222404
1604 7.37926310222404
1604 4581.59900778678
1604 11.6358700193106
1604 11.6358700193106
1604 4685.08739431032
1604 4685.08739431032
1604 4685.08739431032
1604 3.80729671335528
1604 32.8304305582657
1604 32.8304305582657
1604 32.8304305582657
1676 113.150587408053
1676 113.150587408053
1676 113.150587408053
1676 113.150587408053
1676 60
1676 7.57638219677631
1676 7.57638219677631
1676 12.5108010045725
1676 12.5108010045725
1676 23.080231712832
1676 9978.55165232863
1676 9978.55165232863
1676 9978.55165232863
1676 4.92814075444589
1676 2316.74450853237
1676 1.18026077735775
1676 8969.66847623975
1676 8.66725448191478
1676 9262.17837561795
1676 9262.17837561795
1676 9.02849220410351
1676 9.02849220410351
1676 1103.31680041205
1676 47.2376081370274
1676 47.2376081370274
1676 47.2376081370274
1676 11.2499464515247
1676 7.37926310222404
1676 7.37926310222404
1676 4581.59900778678
1676 11.6358700193106
1676 11.6358700193106
1676 4685.08739431032
1676 4685.08739431032
1676 4685.08739431032
1676 3.80729671335528
1676 32.8304305582657
1676 32.8304305582657
1676 32.8304305582657
1748 113.150587408053
1748 113.150587408053
1748 113.150587408053
1748 113.150587408053
1748 60
1748 7.57638219677631
1748 7.57638219677631
1748 12.5108010045725
1748 12.5108010045725
1748 23.080231712832
1748 9978.55165232863
1748 9978.55165232863
1748 9978.55165232863
1748 4.92814075444589
1748 2316.74450853237
1748 1.18026077735775
1748 8969.66847623975
1748 8.66725448191478
1748 9262.17837561795
1748 9262.17837561795
1748 9.02849220410351
1748 9.02849220410351
1748 1103.31680041205
1748 47.2376081370274
1748 47.2376081370274
1748 47.2376081370274
1748 11.2499464515247
1748 7.37926310222404
1748 7.37926310222404
1748 4581.59900778678
1748 11.6358700193106
1748 11.6358700193106
1748 4685.08739431032
1748 4685.08739431032
1748 4685.08739431032
1748 3.80729671335528
1748 32.8304305582657
1748 32.8304305582657
1748 32.8304305582657
1823 113.150587408053
1823 113.150587408053
1823 113.150587408053
1823 113.150587408053
1823 60
1823 7.57638219677631
1823 7.57638219677631
1823 12.5108010045725
1823 12.5108010045725
1823 23.080231712832
1823 9978.55165232863
1823 9978.55165232863
1823 9978.55165232863
1823 4.92814075444589
1823 2316.74450853237
1823 1.18026077735775
1823 8969.66847623975
1823 8.66725448191478
1823 9262.17837561795
1823 9262.17837561795
1823 9.02849220410351
1823 9.02849220410351
1823 1103.31680041205
1823 47.2376081370274
1823 47.2376081370274
1823 47.2376081370274
1823 11.2499464515247
1823 7.37926310222404
1823 7.37926310222404
1823 4581.59900778678
1823 11.6358700193106
1823 11.6358700193106
1823 4685.08739431032
1823 4685.08739431032
1823 4685.08739431032
1823 3.80729671335528
1823 32.8304305582657
1823 32.8304305582657
1823 32.8304305582657
2216 113.150587408053
2216 113.150587408053
2216 113.150587408053
2216 113.150587408053
2216 60
2216 7.57638219677631
2216 7.57638219677631
2216 12.5108010045725
2216 12.5108010045725
2216 23.080231712832
2216 9978.55165232863
2216 9978.55165232863
2216 9978.55165232863
2216 4.92814075444589
2216 2316.74450853237
2216 1.18026077735775
2216 8969.66847623975
2216 8.66725448191478
2216 9262.17837561795
2216 9262.17837561795
2216 9.02849220410351
2216 9.02849220410351
2216 1103.31680041205
2216 47.2376081370274
2216 47.2376081370274
2216 47.2376081370274
2216 11.2499464515247
2216 7.37926310222404
2216 7.37926310222404
2216 4581.59900778678
2216 11.6358700193106
2216 11.6358700193106
2216 4685.08739431032
2216 4685.08739431032
2216 4685.08739431032
2216 3.80729671335528
2216 32.8304305582657
2216 32.8304305582657
2216 32.8304305582657
4353 113.150587408053
4353 113.150587408053
4353 113.150587408053
4353 113.150587408053
4353 60
4353 7.57638219677631
4353 7.57638219677631
4353 12.5108010045725
4353 12.5108010045725
4353 23.080231712832
4353 9978.55165232863
4353 9978.55165232863
4353 9978.55165232863
4353 4.92814075444589
4353 2316.74450853237
4353 1.18026077735775
4353 8969.66847623975
4353 8.66725448191478
4353 9262.17837561795
4353 9262.17837561795
4353 9.02849220410351
4353 9.02849220410351
4353 1103.31680041205
4353 47.2376081370274
4353 47.2376081370274
4353 47.2376081370274
4353 11.2499464515247
4353 7.37926310222404
4353 7.37926310222404
4353 4581.59900778678
4353 11.6358700193106
4353 11.6358700193106
4353 4685.08739431032
4353 4685.08739431032
4353 4685.08739431032
4353 3.80729671335528
4353 32.8304305582657
4353 32.8304305582657
4353 32.8304305582657
9941 113.150587408053
9941 113.150587408053
9941 113.150587408053
9941 113.150587408053
9941 60
9941 7.57638219677631
9941 7.57638219677631
9941 12.5108010045725
9941 12.5108010045725
9941 23.080231712832
9941 9978.55165232863
9941 9978.55165232863
9941 9978.55165232863
9941 4.92814075444589
9941 2316.74450853237
9941 1.18026077735775
9941 8969.66847623975
9941 8.66725448191478
9941 9262.17837561795
9941 9262.17837561795
9941 9.02849220410351
9941 9.02849220410351
9941 1103.31680041205
9941 47.2376081370274
9941 47.2376081370274
9941 47.2376081370274
9941 11.2499464515247
9941 7.37926310222404
9941 7.37926310222404
9941 4581.59900778678
9941 11.6358700193106
9941 11.6358700193106
9941 4685.08739431032
9941 4685.08739431032
9941 4685.08739431032
9941 3.80729671335528
9941 32.8304305582657
9941 32.8304305582657
9941 32.8304305582657
