pt_graph shape
3925 1
3925 1
3925 1
3925 1
3925 1
3925 1
3925 1
3925 1
3925 1
3925 1
3925 1
3925 1
3925 1
3925 1
3925 1
3925 1
3925 1
3925 1
3925 1
3925 1
3925 1
3925 1
3925 1
3925 1
3925 1
3925 1
3925 1
3925 1
3925 1
3925 1
3925 1
3925 1
3925 1
3925 1
3925 1
3925 1
3925 1
3925 1
3925 1
3925 1
3925 1
3925 1
3925 1
3925 1
3925 1
3920 1
3920 1
3920 1
3920 1
3920 1
3920 1
3920 1
3920 1
3920 1
3920 1
3920 1
3920 1
3920 1
3920 1
3920 1
3920 1
3920 1
3920 1
3920 1
3920 1
3920 1
3920 1
3920 1
3920 1
3920 1
3920 1
3920 1
3920 1
3920 1
3920 1
3920 1
3920 1
3920 1
3920 1
3920 1
3920 1
3920 1
3920 1
3920 1
3920 1
3920 1
3920 1
3920 1
3920 1
3920 1
3919 1
3919 1
3919 1
3919 1
3919 1
3919 1
3919 1
3919 1
3919 1
3919 1
3919 1
3919 1
3919 1
3919 1
3919 1
3919 1
3919 1
3919 1
3919 1
3919 1
3919 1
3919 1
3919 1
3919 1
3919 1
3919 1
3919 1
3919 1
3919 1
3919 1
3919 1
3919 1
3919 1
3919 1
3919 1
3919 1
3919 1
3919 1
3919 1
3919 1
3919 1
3919 1
3919 1
3919 1
3919 1
4007 1
4007 1
4007 1
4007 1
4007 1
4007 1
4007 1
4007 1
4007 1
4007 1
4007 1
4007 1
4007 1
4007 1
4007 1
4007 1
4007 1
4007 1
4007 1
4007 1
4007 1
4007 1
4007 1
4007 1
4007 1
4007 1
4007 1
4007 1
4007 1
4007 1
4007 1
4007 1
4007 1
4007 1
4007 1
4007 1
4007 1
4007 1
4007 1
4007 1
4007 1
4007 1
4007 1
4007 1
4007 1
4096 1
4096 1
4096 1
4096 1
4096 1
4096 1
4096 1
4096 1
4096 1
4096 1
4096 1
4096 1
4096 1
4096 1
4096 1
4096 1
4096 1
4096 1
4096 1
4096 1
4096 1
4096 1
4096 1
4096 1
4096 1
4096 1
4096 1
4096 1
4096 1
4096 1
4096 1
4096 1
4096 1
4096 1
4096 1
4096 1
4096 1
4096 1
4096 1
4096 1
4096 1
4096 1
4096 1
4096 1
4096 1
4185 1
4185 1
4185 1
4185 1
4185 1
4185 1
4185 1
4185 1
4185 1
4185 1
4185 1
4185 1
4185 1
4185 1
4185 1
4185 1
4185 1
4185 1
4185 1
4185 1
4185 1
4185 1
4185 1
4185 1
4185 1
4185 1
4185 1
4185 1
4185 1
4185 1
4185 1
4185 1
4185 1
4185 1
4185 1
4185 1
4185 1
4185 1
4185 1
4185 1
4185 1
4185 1
4185 1
4185 1
4185 1
4179 1
4179 1
4179 1
4179 1
4179 1
4179 1
4179 1
4179 1
4179 1
4179 1
4179 1
4179 1
4179 1
4179 1
4179 1
4179 1
4179 1
4179 1
4179 1
4179 1
4179 1
4179 1
4179 1
4179 1
4179 1
4179 1
4179 1
4179 1
4179 1
4179 1
4179 1
4179 1
4179 1
4179 1
4179 1
4179 1
4179 1
4179 1
4179 1
4179 1
4179 1
4179 1
4179 1
4179 1
4179 1
4271 1
4271 1
4271 1
4271 1
4271 1
4271 1
4271 1
4271 1
4271 1
4271 1
4271 1
4271 1
4271 1
4271 1
4271 1
4271 1
4271 1
4271 1
4271 1
4271 1
4271 1
4271 1
4271 1
4271 1
4271 1
4271 1
4271 1
4271 1
4271 1
4271 1
4271 1
4271 1
4271 1
4271 1
4271 1
4271 1
4271 1
4271 1
4271 1
4271 1
4271 1
4271 1
4271 1
4271 1
4271 1
4640 1
4640 1
4640 1
4640 1
4640 1
4640 1
4640 1
4640 1
4640 1
4640 1
4640 1
4640 1
4640 1
4640 1
4640 1
4640 1
4640 1
4640 1
4640 1
4640 1
4640 1
4640 1
4640 1
4640 1
4640 1
4640 1
4640 1
4640 1
4640 1
4640 1
4640 1
4640 1
4640 1
4640 1
4640 1
4640 1
4640 1
4640 1
4640 1
4640 1
4640 1
4640 1
4640 1
4640 1
4640 1
4634 1
4634 1
4634 1
4634 1
4634 1
4634 1
4634 1
4634 1
4634 1
4634 1
4634 1
4634 1
4634 1
4634 1
4634 1
4634 1
4634 1
4634 1
4634 1
4634 1
4634 1
4634 1
4634 1
4634 1
4634 1
4634 1
4634 1
4634 1
4634 1
4634 1
4634 1
4634 1
4634 1
4634 1
4634 1
4634 1
4634 1
4634 1
4634 1
4634 1
4634 1
4634 1
4634 1
4634 1
4634 1
4728 1
4728 1
4728 1
4728 1
4728 1
4728 1
4728 1
4728 1
4728 1
4728 1
4728 1
4728 1
4728 1
4728 1
4728 1
4728 1
4728 1
4728 1
4728 1
4728 1
4728 1
4728 1
4728 1
4728 1
4728 1
4728 1
4728 1
4728 1
4728 1
4728 1
4728 1
4728 1
4728 1
4728 1
4728 1
4728 1
4728 1
4728 1
4728 1
4728 1
4728 1
4728 1
4728 1
4728 1
4728 1
4822 1
4822 1
4822 1
4822 1
4822 1
4822 1
4822 1
4822 1
4822 1
4822 1
4822 1
4822 1
4822 1
4822 1
4822 1
4822 1
4822 1
4822 1
4822 1
4822 1
4822 1
4822 1
4822 1
4822 1
4822 1
4822 1
4822 1
4822 1
4822 1
4822 1
4822 1
4822 1
4822 1
4822 1
4822 1
4822 1
4822 1
4822 1
4822 1
4822 1
4822 1
4822 1
4822 1
4822 1
4822 1
5271 1
5271 1
5271 1
5271 1
5271 1
5271 1
5271 1
5271 1
5271 1
5271 1
5271 1
5271 1
5271 1
5271 1
5271 1
5271 1
5271 1
5271 1
5271 1
5271 1
5271 1
5271 1
5271 1
5271 1
5271 1
5271 1
5271 1
5271 1
5271 1
5271 1
5271 1
5271 1
5271 1
5271 1
5271 1
5271 1
5271 1
5271 1
5271 1
5271 1
5271 1
5271 1
5271 1
5271 1
5271 1
5270 1
5270 1
5270 1
5270 1
5270 1
5270 1
5270 1
5270 1
5270 1
5270 1
5270 1
5270 1
5270 1
5270 1
5270 1
5270 1
5270 1
5270 1
5270 1
5270 1
5270 1
5270 1
5270 1
5270 1
5270 1
5270 1
5270 1
5270 1
5270 1
5270 1
5270 1
5270 1
5270 1
5270 1
5270 1
5270 1
5270 1
5270 1
5270 1
5270 1
5270 1
5270 1
5270 1
5270 1
5270 1
5357 1
5357 1
5357 1
5357 1
5357 1
5357 1
5357 1
5357 1
5357 1
5357 1
5357 1
5357 1
5357 1
5357 1
5357 1
5357 1
5357 1
5357 1
5357 1
5357 1
5357 1
5357 1
5357 1
5357 1
5357 1
5357 1
5357 1
5357 1
5357 1
5357 1
5357 1
5357 1
5357 1
5357 1
5357 1
5357 1
5357 1
5357 1
5357 1
5357 1
5357 1
5357 1
5357 1
5357 1
5357 1
5356 1
5356 1
5356 1
5356 1
5356 1
5356 1
5356 1
5356 1
5356 1
5356 1
5356 1
5356 1
5356 1
5356 1
5356 1
5356 1
5356 1
5356 1
5356 1
5356 1
5356 1
5356 1
5356 1
5356 1
5356 1
5356 1
5356 1
5356 1
5356 1
5356 1
5356 1
5356 1
5356 1
5356 1
5356 1
5356 1
5356 1
5356 1
5356 1
5356 1
5356 1
5356 1
5356 1
5356 1
5356 1
5355 1
5355 1
5355 1
5355 1
5355 1
5355 1
5355 1
5355 1
5355 1
5355 1
5355 1
5355 1
5355 1
5355 1
5355 1
5355 1
5355 1
5355 1
5355 1
5355 1
5355 1
5355 1
5355 1
5355 1
5355 1
5355 1
5355 1
5355 1
5355 1
5355 1
5355 1
5355 1
5355 1
5355 1
5355 1
5355 1
5355 1
5355 1
5355 1
5355 1
5355 1
5355 1
5355 1
5355 1
5355 1
5531 1
5531 1
5531 1
5531 1
5531 1
5531 1
5531 1
5531 1
5531 1
5531 1
5531 1
5531 1
5531 1
5531 1
5531 1
5531 1
5531 1
5531 1
5531 1
5531 1
5531 1
5531 1
5531 1
5531 1
5531 1
5531 1
5531 1
5531 1
5531 1
5531 1
5531 1
5531 1
5531 1
5531 1
5531 1
5531 1
5531 1
5531 1
5531 1
5531 1
5531 1
5531 1
5531 1
5531 1
5531 1
5618 1
5618 1
5618 1
5618 1
5618 1
5618 1
5618 1
5618 1
5618 1
5618 1
5618 1
5618 1
5618 1
5618 1
5618 1
5618 1
5618 1
5618 1
5618 1
5618 1
5618 1
5618 1
5618 1
5618 1
5618 1
5618 1
5618 1
5618 1
5618 1
5618 1
5618 1
5618 1
5618 1
5618 1
5618 1
5618 1
5618 1
5618 1
5618 1
5618 1
5618 1
5618 1
5618 1
5618 1
5618 1
5523 1
5523 1
5523 1
5523 1
5523 1
5523 1
5523 1
5523 1
5523 1
5523 1
5523 1
5523 1
5523 1
5523 1
5523 1
5523 1
5523 1
5523 1
5523 1
5523 1
5523 1
5523 1
5523 1
5523 1
5523 1
5523 1
5523 1
5523 1
5523 1
5523 1
5523 1
5523 1
5523 1
5523 1
5523 1
5523 1
5523 1
5523 1
5523 1
5523 1
5523 1
5523 1
5523 1
5523 1
5523 1
5615 1
5615 1
5615 1
5615 1
5615 1
5615 1
5615 1
5615 1
5615 1
5615 1
5615 1
5615 1
5615 1
5615 1
5615 1
5615 1
5615 1
5615 1
5615 1
5615 1
5615 1
5615 1
5615 1
5615 1
5615 1
5615 1
5615 1
5615 1
5615 1
5615 1
5615 1
5615 1
5615 1
5615 1
5615 1
5615 1
5615 1
5615 1
5615 1
5615 1
5615 1
5615 1
5615 1
5615 1
5615 1
5614 1
5614 1
5614 1
5614 1
5614 1
5614 1
5614 1
5614 1
5614 1
5614 1
5614 1
5614 1
5614 1
5614 1
5614 1
5614 1
5614 1
5614 1
5614 1
5614 1
5614 1
5614 1
5614 1
5614 1
5614 1
5614 1
5614 1
5614 1
5614 1
5614 1
5614 1
5614 1
5614 1
5614 1
5614 1
5614 1
5614 1
5614 1
5614 1
5614 1
5614 1
5614 1
5614 1
5614 1
5614 1
5612 1
5612 1
5612 1
5612 1
5612 1
5612 1
5612 1
5612 1
5612 1
5612 1
5612 1
5612 1
5612 1
5612 1
5612 1
5612 1
5612 1
5612 1
5612 1
5612 1
5612 1
5612 1
5612 1
5612 1
5612 1
5612 1
5612 1
5612 1
5612 1
5612 1
5612 1
5612 1
5612 1
5612 1
5612 1
5612 1
5612 1
5612 1
5612 1
5612 1
5612 1
5612 1
5612 1
5612 1
5612 1
5704 1
5704 1
5704 1
5704 1
5704 1
5704 1
5704 1
5704 1
5704 1
5704 1
5704 1
5704 1
5704 1
5704 1
5704 1
5704 1
5704 1
5704 1
5704 1
5704 1
5704 1
5704 1
5704 1
5704 1
5704 1
5704 1
5704 1
5704 1
5704 1
5704 1
5704 1
5704 1
5704 1
5704 1
5704 1
5704 1
5704 1
5704 1
5704 1
5704 1
5704 1
5704 1
5704 1
5704 1
5704 1
5703 1
5703 1
5703 1
5703 1
5703 1
5703 1
5703 1
5703 1
5703 1
5703 1
5703 1
5703 1
5703 1
5703 1
5703 1
5703 1
5703 1
5703 1
5703 1
5703 1
5703 1
5703 1
5703 1
5703 1
5703 1
5703 1
5703 1
5703 1
5703 1
5703 1
5703 1
5703 1
5703 1
5703 1
5703 1
5703 1
5703 1
5703 1
5703 1
5703 1
5703 1
5703 1
5703 1
5703 1
5703 1
5795 1
5795 1
5795 1
5795 1
5795 1
5795 1
5795 1
5795 1
5795 1
5795 1
5795 1
5795 1
5795 1
5795 1
5795 1
5795 1
5795 1
5795 1
5795 1
5795 1
5795 1
5795 1
5795 1
5795 1
5795 1
5795 1
5795 1
5795 1
5795 1
5795 1
5795 1
5795 1
5795 1
5795 1
5795 1
5795 1
5795 1
5795 1
5795 1
5795 1
5795 1
5795 1
5795 1
5795 1
5795 1
5694 1
5694 1
5694 1
5694 1
5694 1
5694 1
5694 1
5694 1
5694 1
5694 1
5694 1
5694 1
5694 1
5694 1
5694 1
5694 1
5694 1
5694 1
5694 1
5694 1
5694 1
5694 1
5694 1
5694 1
5694 1
5694 1
5694 1
5694 1
5694 1
5694 1
5694 1
5694 1
5694 1
5694 1
5694 1
5694 1
5694 1
5694 1
5694 1
5694 1
5694 1
5694 1
5694 1
5694 1
5694 1
5693 1
5693 1
5693 1
5693 1
5693 1
5693 1
5693 1
5693 1
5693 1
5693 1
5693 1
5693 1
5693 1
5693 1
5693 1
5693 1
5693 1
5693 1
5693 1
5693 1
5693 1
5693 1
5693 1
5693 1
5693 1
5693 1
5693 1
5693 1
5693 1
5693 1
5693 1
5693 1
5693 1
5693 1
5693 1
5693 1
5693 1
5693 1
5693 1
5693 1
5693 1
5693 1
5693 1
5693 1
5693 1
5787 1
5787 1
5787 1
5787 1
5787 1
5787 1
5787 1
5787 1
5787 1
5787 1
5787 1
5787 1
5787 1
5787 1
5787 1
5787 1
5787 1
5787 1
5787 1
5787 1
5787 1
5787 1
5787 1
5787 1
5787 1
5787 1
5787 1
5787 1
5787 1
5787 1
5787 1
5787 1
5787 1
5787 1
5787 1
5787 1
5787 1
5787 1
5787 1
5787 1
5787 1
5787 1
5787 1
5787 1
5787 1
5785 1
5785 1
5785 1
5785 1
5785 1
5785 1
5785 1
5785 1
5785 1
5785 1
5785 1
5785 1
5785 1
5785 1
5785 1
5785 1
5785 1
5785 1
5785 1
5785 1
5785 1
5785 1
5785 1
5785 1
5785 1
5785 1
5785 1
5785 1
5785 1
5785 1
5785 1
5785 1
5785 1
5785 1
5785 1
5785 1
5785 1
5785 1
5785 1
5785 1
5785 1
5785 1
5785 1
5785 1
5785 1
5784 1
5784 1
5784 1
5784 1
5784 1
5784 1
5784 1
5784 1
5784 1
5784 1
5784 1
5784 1
5784 1
5784 1
5784 1
5784 1
5784 1
5784 1
5784 1
5784 1
5784 1
5784 1
5784 1
5784 1
5784 1
5784 1
5784 1
5784 1
5784 1
5784 1
5784 1
5784 1
5784 1
5784 1
5784 1
5784 1
5784 1
5784 1
5784 1
5784 1
5784 1
5784 1
5784 1
5784 1
5784 1
5783 1
5783 1
5783 1
5783 1
5783 1
5783 1
5783 1
5783 1
5783 1
5783 1
5783 1
5783 1
5783 1
5783 1
5783 1
5783 1
5783 1
5783 1
5783 1
5783 1
5783 1
5783 1
5783 1
5783 1
5783 1
5783 1
5783 1
5783 1
5783 1
5783 1
5783 1
5783 1
5783 1
5783 1
5783 1
5783 1
5783 1
5783 1
5783 1
5783 1
5783 1
5783 1
5783 1
5783 1
5783 1
5879 1
5879 1
5879 1
5879 1
5879 1
5879 1
5879 1
5879 1
5879 1
5879 1
5879 1
5879 1
5879 1
5879 1
5879 1
5879 1
5879 1
5879 1
5879 1
5879 1
5879 1
5879 1
5879 1
5879 1
5879 1
5879 1
5879 1
5879 1
5879 1
5879 1
5879 1
5879 1
5879 1
5879 1
5879 1
5879 1
5879 1
5879 1
5879 1
5879 1
5879 1
5879 1
5879 1
5879 1
5879 1
5878 1
5878 1
5878 1
5878 1
5878 1
5878 1
5878 1
5878 1
5878 1
5878 1
5878 1
5878 1
5878 1
5878 1
5878 1
5878 1
5878 1
5878 1
5878 1
5878 1
5878 1
5878 1
5878 1
5878 1
5878 1
5878 1
5878 1
5878 1
5878 1
5878 1
5878 1
5878 1
5878 1
5878 1
5878 1
5878 1
5878 1
5878 1
5878 1
5878 1
5878 1
5878 1
5878 1
5878 1
5878 1
5984 1
5984 1
5984 1
5984 1
5984 1
5984 1
5984 1
5984 1
5984 1
5984 1
5984 1
5984 1
5984 1
5984 1
5984 1
5984 1
5984 1
5984 1
5984 1
5984 1
5984 1
5984 1
5984 1
5984 1
5984 1
5984 1
5984 1
5984 1
5984 1
5984 1
5984 1
5984 1
5984 1
5984 1
5984 1
5984 1
5984 1
5984 1
5984 1
5984 1
5984 1
5984 1
5984 1
5984 1
5984 1
5980 1
5980 1
5980 1
5980 1
5980 1
5980 1
5980 1
5980 1
5980 1
5980 1
5980 1
5980 1
5980 1
5980 1
5980 1
5980 1
5980 1
5980 1
5980 1
5980 1
5980 1
5980 1
5980 1
5980 1
5980 1
5980 1
5980 1
5980 1
5980 1
5980 1
5980 1
5980 1
5980 1
5980 1
5980 1
5980 1
5980 1
5980 1
5980 1
5980 1
5980 1
5980 1
5980 1
5980 1
5980 1
5976 1
5976 1
5976 1
5976 1
5976 1
5976 1
5976 1
5976 1
5976 1
5976 1
5976 1
5976 1
5976 1
5976 1
5976 1
5976 1
5976 1
5976 1
5976 1
5976 1
5976 1
5976 1
5976 1
5976 1
5976 1
5976 1
5976 1
5976 1
5976 1
5976 1
5976 1
5976 1
5976 1
5976 1
5976 1
5976 1
5976 1
5976 1
5976 1
5976 1
5976 1
5976 1
5976 1
5976 1
5976 1
5975 1
5975 1
5975 1
5975 1
5975 1
5975 1
5975 1
5975 1
5975 1
5975 1
5975 1
5975 1
5975 1
5975 1
5975 1
5975 1
5975 1
5975 1
5975 1
5975 1
5975 1
5975 1
5975 1
5975 1
5975 1
5975 1
5975 1
5975 1
5975 1
5975 1
5975 1
5975 1
5975 1
5975 1
5975 1
5975 1
5975 1
5975 1
5975 1
5975 1
5975 1
5975 1
5975 1
5975 1
5975 1
6086 1
6086 1
6086 1
6086 1
6086 1
6086 1
6086 1
6086 1
6086 1
6086 1
6086 1
6086 1
6086 1
6086 1
6086 1
6086 1
6086 1
6086 1
6086 1
6086 1
6086 1
6086 1
6086 1
6086 1
6086 1
6086 1
6086 1
6086 1
6086 1
6086 1
6086 1
6086 1
6086 1
6086 1
6086 1
6086 1
6086 1
6086 1
6086 1
6086 1
6086 1
6086 1
6086 1
6086 1
6086 1
5969 1
5969 1
5969 1
5969 1
5969 1
5969 1
5969 1
5969 1
5969 1
5969 1
5969 1
5969 1
5969 1
5969 1
5969 1
5969 1
5969 1
5969 1
5969 1
5969 1
5969 1
5969 1
5969 1
5969 1
5969 1
5969 1
5969 1
5969 1
5969 1
5969 1
5969 1
5969 1
5969 1
5969 1
5969 1
5969 1
5969 1
5969 1
5969 1
5969 1
5969 1
5969 1
5969 1
5969 1
5969 1
6080 1
6080 1
6080 1
6080 1
6080 1
6080 1
6080 1
6080 1
6080 1
6080 1
6080 1
6080 1
6080 1
6080 1
6080 1
6080 1
6080 1
6080 1
6080 1
6080 1
6080 1
6080 1
6080 1
6080 1
6080 1
6080 1
6080 1
6080 1
6080 1
6080 1
6080 1
6080 1
6080 1
6080 1
6080 1
6080 1
6080 1
6080 1
6080 1
6080 1
6080 1
6080 1
6080 1
6080 1
6080 1
6079 1
6079 1
6079 1
6079 1
6079 1
6079 1
6079 1
6079 1
6079 1
6079 1
6079 1
6079 1
6079 1
6079 1
6079 1
6079 1
6079 1
6079 1
6079 1
6079 1
6079 1
6079 1
6079 1
6079 1
6079 1
6079 1
6079 1
6079 1
6079 1
6079 1
6079 1
6079 1
6079 1
6079 1
6079 1
6079 1
6079 1
6079 1
6079 1
6079 1
6079 1
6079 1
6079 1
6079 1
6079 1
6078 1
6078 1
6078 1
6078 1
6078 1
6078 1
6078 1
6078 1
6078 1
6078 1
6078 1
6078 1
6078 1
6078 1
6078 1
6078 1
6078 1
6078 1
6078 1
6078 1
6078 1
6078 1
6078 1
6078 1
6078 1
6078 1
6078 1
6078 1
6078 1
6078 1
6078 1
6078 1
6078 1
6078 1
6078 1
6078 1
6078 1
6078 1
6078 1
6078 1
6078 1
6078 1
6078 1
6078 1
6078 1
6074 1
6074 1
6074 1
6074 1
6074 1
6074 1
6074 1
6074 1
6074 1
6074 1
6074 1
6074 1
6074 1
6074 1
6074 1
6074 1
6074 1
6074 1
6074 1
6074 1
6074 1
6074 1
6074 1
6074 1
6074 1
6074 1
6074 1
6074 1
6074 1
6074 1
6074 1
6074 1
6074 1
6074 1
6074 1
6074 1
6074 1
6074 1
6074 1
6074 1
6074 1
6074 1
6074 1
6074 1
6074 1
6073 1
6073 1
6073 1
6073 1
6073 1
6073 1
6073 1
6073 1
6073 1
6073 1
6073 1
6073 1
6073 1
6073 1
6073 1
6073 1
6073 1
6073 1
6073 1
6073 1
6073 1
6073 1
6073 1
6073 1
6073 1
6073 1
6073 1
6073 1
6073 1
6073 1
6073 1
6073 1
6073 1
6073 1
6073 1
6073 1
6073 1
6073 1
6073 1
6073 1
6073 1
6073 1
6073 1
6073 1
6073 1
6180 1
6180 1
6180 1
6180 1
6180 1
6180 1
6180 1
6180 1
6180 1
6180 1
6180 1
6180 1
6180 1
6180 1
6180 1
6180 1
6180 1
6180 1
6180 1
6180 1
6180 1
6180 1
6180 1
6180 1
6180 1
6180 1
6180 1
6180 1
6180 1
6180 1
6180 1
6180 1
6180 1
6180 1
6180 1
6180 1
6180 1
6180 1
6180 1
6180 1
6180 1
6180 1
6180 1
6180 1
6180 1
6179 1
6179 1
6179 1
6179 1
6179 1
6179 1
6179 1
6179 1
6179 1
6179 1
6179 1
6179 1
6179 1
6179 1
6179 1
6179 1
6179 1
6179 1
6179 1
6179 1
6179 1
6179 1
6179 1
6179 1
6179 1
6179 1
6179 1
6179 1
6179 1
6179 1
6179 1
6179 1
6179 1
6179 1
6179 1
6179 1
6179 1
6179 1
6179 1
6179 1
6179 1
6179 1
6179 1
6179 1
6179 1
6178 1
6178 1
6178 1
6178 1
6178 1
6178 1
6178 1
6178 1
6178 1
6178 1
6178 1
6178 1
6178 1
6178 1
6178 1
6178 1
6178 1
6178 1
6178 1
6178 1
6178 1
6178 1
6178 1
6178 1
6178 1
6178 1
6178 1
6178 1
6178 1
6178 1
6178 1
6178 1
6178 1
6178 1
6178 1
6178 1
6178 1
6178 1
6178 1
6178 1
6178 1
6178 1
6178 1
6178 1
6178 1
6177 1
6177 1
6177 1
6177 1
6177 1
6177 1
6177 1
6177 1
6177 1
6177 1
6177 1
6177 1
6177 1
6177 1
6177 1
6177 1
6177 1
6177 1
6177 1
6177 1
6177 1
6177 1
6177 1
6177 1
6177 1
6177 1
6177 1
6177 1
6177 1
6177 1
6177 1
6177 1
6177 1
6177 1
6177 1
6177 1
6177 1
6177 1
6177 1
6177 1
6177 1
6177 1
6177 1
6177 1
6177 1
6175 1
6175 1
6175 1
6175 1
6175 1
6175 1
6175 1
6175 1
6175 1
6175 1
6175 1
6175 1
6175 1
6175 1
6175 1
6175 1
6175 1
6175 1
6175 1
6175 1
6175 1
6175 1
6175 1
6175 1
6175 1
6175 1
6175 1
6175 1
6175 1
6175 1
6175 1
6175 1
6175 1
6175 1
6175 1
6175 1
6175 1
6175 1
6175 1
6175 1
6175 1
6175 1
6175 1
6175 1
6175 1
6174 1
6174 1
6174 1
6174 1
6174 1
6174 1
6174 1
6174 1
6174 1
6174 1
6174 1
6174 1
6174 1
6174 1
6174 1
6174 1
6174 1
6174 1
6174 1
6174 1
6174 1
6174 1
6174 1
6174 1
6174 1
6174 1
6174 1
6174 1
6174 1
6174 1
6174 1
6174 1
6174 1
6174 1
6174 1
6174 1
6174 1
6174 1
6174 1
6174 1
6174 1
6174 1
6174 1
6174 1
6174 1
6172 1
6172 1
6172 1
6172 1
6172 1
6172 1
6172 1
6172 1
6172 1
6172 1
6172 1
6172 1
6172 1
6172 1
6172 1
6172 1
6172 1
6172 1
6172 1
6172 1
6172 1
6172 1
6172 1
6172 1
6172 1
6172 1
6172 1
6172 1
6172 1
6172 1
6172 1
6172 1
6172 1
6172 1
6172 1
6172 1
6172 1
6172 1
6172 1
6172 1
6172 1
6172 1
6172 1
6172 1
6172 1
6274 1
6274 1
6274 1
6274 1
6274 1
6274 1
6274 1
6274 1
6274 1
6274 1
6274 1
6274 1
6274 1
6274 1
6274 1
6274 1
6274 1
6274 1
6274 1
6274 1
6274 1
6274 1
6274 1
6274 1
6274 1
6274 1
6274 1
6274 1
6274 1
6274 1
6274 1
6274 1
6274 1
6274 1
6274 1
6274 1
6274 1
6274 1
6274 1
6274 1
6274 1
6274 1
6274 1
6274 1
6274 1
6270 1
6270 1
6270 1
6270 1
6270 1
6270 1
6270 1
6270 1
6270 1
6270 1
6270 1
6270 1
6270 1
6270 1
6270 1
6270 1
6270 1
6270 1
6270 1
6270 1
6270 1
6270 1
6270 1
6270 1
6270 1
6270 1
6270 1
6270 1
6270 1
6270 1
6270 1
6270 1
6270 1
6270 1
6270 1
6270 1
6270 1
6270 1
6270 1
6270 1
6270 1
6270 1
6270 1
6270 1
6270 1
6268 1
6268 1
6268 1
6268 1
6268 1
6268 1
6268 1
6268 1
6268 1
6268 1
6268 1
6268 1
6268 1
6268 1
6268 1
6268 1
6268 1
6268 1
6268 1
6268 1
6268 1
6268 1
6268 1
6268 1
6268 1
6268 1
6268 1
6268 1
6268 1
6268 1
6268 1
6268 1
6268 1
6268 1
6268 1
6268 1
6268 1
6268 1
6268 1
6268 1
6268 1
6268 1
6268 1
6268 1
6268 1
6364 1
6364 1
6364 1
6364 1
6364 1
6364 1
6364 1
6364 1
6364 1
6364 1
6364 1
6364 1
6364 1
6364 1
6364 1
6364 1
6364 1
6364 1
6364 1
6364 1
6364 1
6364 1
6364 1
6364 1
6364 1
6364 1
6364 1
6364 1
6364 1
6364 1
6364 1
6364 1
6364 1
6364 1
6364 1
6364 1
6364 1
6364 1
6364 1
6364 1
6364 1
6364 1
6364 1
6364 1
6364 1
6363 1
6363 1
6363 1
6363 1
6363 1
6363 1
6363 1
6363 1
6363 1
6363 1
6363 1
6363 1
6363 1
6363 1
6363 1
6363 1
6363 1
6363 1
6363 1
6363 1
6363 1
6363 1
6363 1
6363 1
6363 1
6363 1
6363 1
6363 1
6363 1
6363 1
6363 1
6363 1
6363 1
6363 1
6363 1
6363 1
6363 1
6363 1
6363 1
6363 1
6363 1
6363 1
6363 1
6363 1
6363 1
6362 1
6362 1
6362 1
6362 1
6362 1
6362 1
6362 1
6362 1
6362 1
6362 1
6362 1
6362 1
6362 1
6362 1
6362 1
6362 1
6362 1
6362 1
6362 1
6362 1
6362 1
6362 1
6362 1
6362 1
6362 1
6362 1
6362 1
6362 1
6362 1
6362 1
6362 1
6362 1
6362 1
6362 1
6362 1
6362 1
6362 1
6362 1
6362 1
6362 1
6362 1
6362 1
6362 1
6362 1
6362 1
6361 1
6361 1
6361 1
6361 1
6361 1
6361 1
6361 1
6361 1
6361 1
6361 1
6361 1
6361 1
6361 1
6361 1
6361 1
6361 1
6361 1
6361 1
6361 1
6361 1
6361 1
6361 1
6361 1
6361 1
6361 1
6361 1
6361 1
6361 1
6361 1
6361 1
6361 1
6361 1
6361 1
6361 1
6361 1
6361 1
6361 1
6361 1
6361 1
6361 1
6361 1
6361 1
6361 1
6361 1
6361 1
6360 1
6360 1
6360 1
6360 1
6360 1
6360 1
6360 1
6360 1
6360 1
6360 1
6360 1
6360 1
6360 1
6360 1
6360 1
6360 1
6360 1
6360 1
6360 1
6360 1
6360 1
6360 1
6360 1
6360 1
6360 1
6360 1
6360 1
6360 1
6360 1
6360 1
6360 1
6360 1
6360 1
6360 1
6360 1
6360 1
6360 1
6360 1
6360 1
6360 1
6360 1
6360 1
6360 1
6360 1
6360 1
6453 1
6453 1
6453 1
6453 1
6453 1
6453 1
6453 1
6453 1
6453 1
6453 1
6453 1
6453 1
6453 1
6453 1
6453 1
6453 1
6453 1
6453 1
6453 1
6453 1
6453 1
6453 1
6453 1
6453 1
6453 1
6453 1
6453 1
6453 1
6453 1
6453 1
6453 1
6453 1
6453 1
6453 1
6453 1
6453 1
6453 1
6453 1
6453 1
6453 1
6453 1
6453 1
6453 1
6453 1
6453 1
6452 1
6452 1
6452 1
6452 1
6452 1
6452 1
6452 1
6452 1
6452 1
6452 1
6452 1
6452 1
6452 1
6452 1
6452 1
6452 1
6452 1
6452 1
6452 1
6452 1
6452 1
6452 1
6452 1
6452 1
6452 1
6452 1
6452 1
6452 1
6452 1
6452 1
6452 1
6452 1
6452 1
6452 1
6452 1
6452 1
6452 1
6452 1
6452 1
6452 1
6452 1
6452 1
6452 1
6452 1
6452 1
6451 1
6451 1
6451 1
6451 1
6451 1
6451 1
6451 1
6451 1
6451 1
6451 1
6451 1
6451 1
6451 1
6451 1
6451 1
6451 1
6451 1
6451 1
6451 1
6451 1
6451 1
6451 1
6451 1
6451 1
6451 1
6451 1
6451 1
6451 1
6451 1
6451 1
6451 1
6451 1
6451 1
6451 1
6451 1
6451 1
6451 1
6451 1
6451 1
6451 1
6451 1
6451 1
6451 1
6451 1
6451 1
6538 1
6538 1
6538 1
6538 1
6538 1
6538 1
6538 1
6538 1
6538 1
6538 1
6538 1
6538 1
6538 1
6538 1
6538 1
6538 1
6538 1
6538 1
6538 1
6538 1
6538 1
6538 1
6538 1
6538 1
6538 1
6538 1
6538 1
6538 1
6538 1
6538 1
6538 1
6538 1
6538 1
6538 1
6538 1
6538 1
6538 1
6538 1
6538 1
6538 1
6538 1
6538 1
6538 1
6538 1
6538 1
6626 1
6626 1
6626 1
6626 1
6626 1
6626 1
6626 1
6626 1
6626 1
6626 1
6626 1
6626 1
6626 1
6626 1
6626 1
6626 1
6626 1
6626 1
6626 1
6626 1
6626 1
6626 1
6626 1
6626 1
6626 1
6626 1
6626 1
6626 1
6626 1
6626 1
6626 1
6626 1
6626 1
6626 1
6626 1
6626 1
6626 1
6626 1
6626 1
6626 1
6626 1
6626 1
6626 1
6626 1
6626 1
6702 1
6702 1
6702 1
6702 1
6702 1
6702 1
6702 1
6702 1
6702 1
6702 1
6702 1
6702 1
6702 1
6702 1
6702 1
6702 1
6702 1
6702 1
6702 1
6702 1
6702 1
6702 1
6702 1
6702 1
6702 1
6702 1
6702 1
6702 1
6702 1
6702 1
6702 1
6702 1
6702 1
6702 1
6702 1
6702 1
6702 1
6702 1
6702 1
6702 1
6702 1
6702 1
6702 1
6702 1
6702 1
6701 1
6701 1
6701 1
6701 1
6701 1
6701 1
6701 1
6701 1
6701 1
6701 1
6701 1
6701 1
6701 1
6701 1
6701 1
6701 1
6701 1
6701 1
6701 1
6701 1
6701 1
6701 1
6701 1
6701 1
6701 1
6701 1
6701 1
6701 1
6701 1
6701 1
6701 1
6701 1
6701 1
6701 1
6701 1
6701 1
6701 1
6701 1
6701 1
6701 1
6701 1
6701 1
6701 1
6701 1
6701 1
6774 1
6774 1
6774 1
6774 1
6774 1
6774 1
6774 1
6774 1
6774 1
6774 1
6774 1
6774 1
6774 1
6774 1
6774 1
6774 1
6774 1
6774 1
6774 1
6774 1
6774 1
6774 1
6774 1
6774 1
6774 1
6774 1
6774 1
6774 1
6774 1
6774 1
6774 1
6774 1
6774 1
6774 1
6774 1
6774 1
6774 1
6774 1
6774 1
6774 1
6774 1
6774 1
6774 1
6774 1
6774 1
