pt_graph cpue_kghour
5166 0.0937921574433595
5166 4.20932616757055
5166 4.20932616757055
5166 4.20932616757055
5166 4.20932616757055
5166 0
5166 6.80677719247256
5166 6.80677719247256
5166 4.83454957267842
5166 4.83454957267842
5166 4.83454957267842
5166 0.0937921574433595
5166 0.0338768567864667
5166 0
5166 0
5166 0
5166 0.0542525607590613
5166 0.00620478512298393
5166 0.0916257495893606
5166 0.000907132327928253
5166 0.0937921574433595
5166 0.0146962914328896
5166 0
5166 0
5166 0
5166 0
5166 0
5166 7.13204390356443
5166 7.13204390356443
5166 7.13204390356443
5166 0.0215020599464854
5166 0.0937921574433595
5166 0
5166 0
5166 0.0414518196303437
5166 0.0414518196303437
5166 0
5166 0
5166 0.577624540833468
5166 0.577624540833468
5166 0.577624540833468
5166 0.00586753559653707
5166 0.00586753559653707
5166 0.00586753559653707
5166 0.0538874399969927
5343 0.0937921574433595
5343 4.20932616757055
5343 4.20932616757055
5343 4.20932616757055
5343 4.20932616757055
5343 0
5343 6.80677719247256
5343 6.80677719247256
5343 4.83454957267842
5343 4.83454957267842
5343 4.83454957267842
5343 0.0937921574433595
5343 0.0338768567864667
5343 0
5343 0
5343 0
5343 0.0542525607590613
5343 0.00620478512298393
5343 0.0916257495893606
5343 0.000907132327928253
5343 0.0937921574433595
5343 0.0146962914328896
5343 0
5343 0
5343 0
5343 0
5343 0
5343 7.13204390356443
5343 7.13204390356443
5343 7.13204390356443
5343 0.0215020599464854
5343 0.0937921574433595
5343 0
5343 0
5343 0.0414518196303437
5343 0.0414518196303437
5343 0
5343 0
5343 0.577624540833468
5343 0.577624540833468
5343 0.577624540833468
5343 0.00586753559653707
5343 0.00586753559653707
5343 0.00586753559653707
5343 0.0538874399969927
10360 0.0937921574433595
10360 4.20932616757055
10360 4.20932616757055
10360 4.20932616757055
10360 4.20932616757055
10360 0
10360 6.80677719247256
10360 6.80677719247256
10360 4.83454957267842
10360 4.83454957267842
10360 4.83454957267842
10360 0.0937921574433595
10360 0.0338768567864667
10360 0
10360 0
10360 0
10360 0.0542525607590613
10360 0.00620478512298393
10360 0.0916257495893606
10360 0.000907132327928253
10360 0.0937921574433595
10360 0.0146962914328896
10360 0
10360 0
10360 0
10360 0
10360 0
10360 7.13204390356443
10360 7.13204390356443
10360 7.13204390356443
10360 0.0215020599464854
10360 0.0937921574433595
10360 0
10360 0
10360 0.0414518196303437
10360 0.0414518196303437
10360 0
10360 0
10360 0.577624540833468
10360 0.577624540833468
10360 0.577624540833468
10360 0.00586753559653707
10360 0.00586753559653707
10360 0.00586753559653707
10360 0.0538874399969927
5527 0.0937921574433595
5527 4.20932616757055
5527 4.20932616757055
5527 4.20932616757055
5527 4.20932616757055
5527 0
5527 6.80677719247256
5527 6.80677719247256
5527 4.83454957267842
5527 4.83454957267842
5527 4.83454957267842
5527 0.0937921574433595
5527 0.0338768567864667
5527 0
5527 0
5527 0
5527 0.0542525607590613
5527 0.00620478512298393
5527 0.0916257495893606
5527 0.000907132327928253
5527 0.0937921574433595
5527 0.0146962914328896
5527 0
5527 0
5527 0
5527 0
5527 0
5527 7.13204390356443
5527 7.13204390356443
5527 7.13204390356443
5527 0.0215020599464854
5527 0.0937921574433595
5527 0
5527 0
5527 0.0414518196303437
5527 0.0414518196303437
5527 0
5527 0
5527 0.577624540833468
5527 0.577624540833468
5527 0.577624540833468
5527 0.00586753559653707
5527 0.00586753559653707
5527 0.00586753559653707
5527 0.0538874399969927
5618 0.0937921574433595
5618 4.20932616757055
5618 4.20932616757055
5618 4.20932616757055
5618 4.20932616757055
5618 0
5618 6.80677719247256
5618 6.80677719247256
5618 4.83454957267842
5618 4.83454957267842
5618 4.83454957267842
5618 0.0937921574433595
5618 0.0338768567864667
5618 0
5618 0
5618 0
5618 0.0542525607590613
5618 0.00620478512298393
5618 0.0916257495893606
5618 0.000907132327928253
5618 0.0937921574433595
5618 0.0146962914328896
5618 0
5618 0
5618 0
5618 0
5618 0
5618 7.13204390356443
5618 7.13204390356443
5618 7.13204390356443
5618 0.0215020599464854
5618 0.0937921574433595
5618 0
5618 0
5618 0.0414518196303437
5618 0.0414518196303437
5618 0
5618 0
5618 0.577624540833468
5618 0.577624540833468
5618 0.577624540833468
5618 0.00586753559653707
5618 0.00586753559653707
5618 0.00586753559653707
5618 0.0538874399969927
5615 0.0937921574433595
5615 4.20932616757055
5615 4.20932616757055
5615 4.20932616757055
5615 4.20932616757055
5615 0
5615 6.80677719247256
5615 6.80677719247256
5615 4.83454957267842
5615 4.83454957267842
5615 4.83454957267842
5615 0.0937921574433595
5615 0.0338768567864667
5615 0
5615 0
5615 0
5615 0.0542525607590613
5615 0.00620478512298393
5615 0.0916257495893606
5615 0.000907132327928253
5615 0.0937921574433595
5615 0.0146962914328896
5615 0
5615 0
5615 0
5615 0
5615 0
5615 7.13204390356443
5615 7.13204390356443
5615 7.13204390356443
5615 0.0215020599464854
5615 0.0937921574433595
5615 0
5615 0
5615 0.0414518196303437
5615 0.0414518196303437
5615 0
5615 0
5615 0.577624540833468
5615 0.577624540833468
5615 0.577624540833468
5615 0.00586753559653707
5615 0.00586753559653707
5615 0.00586753559653707
5615 0.0538874399969927
5518 0.0937921574433595
5518 4.20932616757055
5518 4.20932616757055
5518 4.20932616757055
5518 4.20932616757055
5518 0
5518 6.80677719247256
5518 6.80677719247256
5518 4.83454957267842
5518 4.83454957267842
5518 4.83454957267842
5518 0.0937921574433595
5518 0.0338768567864667
5518 0
5518 0
5518 0
5518 0.0542525607590613
5518 0.00620478512298393
5518 0.0916257495893606
5518 0.000907132327928253
5518 0.0937921574433595
5518 0.0146962914328896
5518 0
5518 0
5518 0
5518 0
5518 0
5518 7.13204390356443
5518 7.13204390356443
5518 7.13204390356443
5518 0.0215020599464854
5518 0.0937921574433595
5518 0
5518 0
5518 0.0414518196303437
5518 0.0414518196303437
5518 0
5518 0
5518 0.577624540833468
5518 0.577624540833468
5518 0.577624540833468
5518 0.00586753559653707
5518 0.00586753559653707
5518 0.00586753559653707
5518 0.0538874399969927
5706 0.0937921574433595
5706 4.20932616757055
5706 4.20932616757055
5706 4.20932616757055
5706 4.20932616757055
5706 0
5706 6.80677719247256
5706 6.80677719247256
5706 4.83454957267842
5706 4.83454957267842
5706 4.83454957267842
5706 0.0937921574433595
5706 0.0338768567864667
5706 0
5706 0
5706 0
5706 0.0542525607590613
5706 0.00620478512298393
5706 0.0916257495893606
5706 0.000907132327928253
5706 0.0937921574433595
5706 0.0146962914328896
5706 0
5706 0
5706 0
5706 0
5706 0
5706 7.13204390356443
5706 7.13204390356443
5706 7.13204390356443
5706 0.0215020599464854
5706 0.0937921574433595
5706 0
5706 0
5706 0.0414518196303437
5706 0.0414518196303437
5706 0
5706 0
5706 0.577624540833468
5706 0.577624540833468
5706 0.577624540833468
5706 0.00586753559653707
5706 0.00586753559653707
5706 0.00586753559653707
5706 0.0538874399969927
5703 0.0937921574433595
5703 4.20932616757055
5703 4.20932616757055
5703 4.20932616757055
5703 4.20932616757055
5703 0
5703 6.80677719247256
5703 6.80677719247256
5703 4.83454957267842
5703 4.83454957267842
5703 4.83454957267842
5703 0.0937921574433595
5703 0.0338768567864667
5703 0
5703 0
5703 0
5703 0.0542525607590613
5703 0.00620478512298393
5703 0.0916257495893606
5703 0.000907132327928253
5703 0.0937921574433595
5703 0.0146962914328896
5703 0
5703 0
5703 0
5703 0
5703 0
5703 7.13204390356443
5703 7.13204390356443
5703 7.13204390356443
5703 0.0215020599464854
5703 0.0937921574433595
5703 0
5703 0
5703 0.0414518196303437
5703 0.0414518196303437
5703 0
5703 0
5703 0.577624540833468
5703 0.577624540833468
5703 0.577624540833468
5703 0.00586753559653707
5703 0.00586753559653707
5703 0.00586753559653707
5703 0.0538874399969927
5605 0.0937921574433595
5605 4.20932616757055
5605 4.20932616757055
5605 4.20932616757055
5605 4.20932616757055
5605 0
5605 6.80677719247256
5605 6.80677719247256
5605 4.83454957267842
5605 4.83454957267842
5605 4.83454957267842
5605 0.0937921574433595
5605 0.0338768567864667
5605 0
5605 0
5605 0
5605 0.0542525607590613
5605 0.00620478512298393
5605 0.0916257495893606
5605 0.000907132327928253
5605 0.0937921574433595
5605 0.0146962914328896
5605 0
5605 0
5605 0
5605 0
5605 0
5605 7.13204390356443
5605 7.13204390356443
5605 7.13204390356443
5605 0.0215020599464854
5605 0.0937921574433595
5605 0
5605 0
5605 0.0414518196303437
5605 0.0414518196303437
5605 0
5605 0
5605 0.577624540833468
5605 0.577624540833468
5605 0.577624540833468
5605 0.00586753559653707
5605 0.00586753559653707
5605 0.00586753559653707
5605 0.0538874399969927
5796 0.0937921574433595
5796 4.20932616757055
5796 4.20932616757055
5796 4.20932616757055
5796 4.20932616757055
5796 0
5796 6.80677719247256
5796 6.80677719247256
5796 4.83454957267842
5796 4.83454957267842
5796 4.83454957267842
5796 0.0937921574433595
5796 0.0338768567864667
5796 0
5796 0
5796 0
5796 0.0542525607590613
5796 0.00620478512298393
5796 0.0916257495893606
5796 0.000907132327928253
5796 0.0937921574433595
5796 0.0146962914328896
5796 0
5796 0
5796 0
5796 0
5796 0
5796 7.13204390356443
5796 7.13204390356443
5796 7.13204390356443
5796 0.0215020599464854
5796 0.0937921574433595
5796 0
5796 0
5796 0.0414518196303437
5796 0.0414518196303437
5796 0
5796 0
5796 0.577624540833468
5796 0.577624540833468
5796 0.577624540833468
5796 0.00586753559653707
5796 0.00586753559653707
5796 0.00586753559653707
5796 0.0538874399969927
5887 0.0937921574433595
5887 4.20932616757055
5887 4.20932616757055
5887 4.20932616757055
5887 4.20932616757055
5887 0
5887 6.80677719247256
5887 6.80677719247256
5887 4.83454957267842
5887 4.83454957267842
5887 4.83454957267842
5887 0.0937921574433595
5887 0.0338768567864667
5887 0
5887 0
5887 0
5887 0.0542525607590613
5887 0.00620478512298393
5887 0.0916257495893606
5887 0.000907132327928253
5887 0.0937921574433595
5887 0.0146962914328896
5887 0
5887 0
5887 0
5887 0
5887 0
5887 7.13204390356443
5887 7.13204390356443
5887 7.13204390356443
5887 0.0215020599464854
5887 0.0937921574433595
5887 0
5887 0
5887 0.0414518196303437
5887 0.0414518196303437
5887 0
5887 0
5887 0.577624540833468
5887 0.577624540833468
5887 0.577624540833468
5887 0.00586753559653707
5887 0.00586753559653707
5887 0.00586753559653707
5887 0.0538874399969927
5784 0.0937921574433595
5784 4.20932616757055
5784 4.20932616757055
5784 4.20932616757055
5784 4.20932616757055
5784 0
5784 6.80677719247256
5784 6.80677719247256
5784 4.83454957267842
5784 4.83454957267842
5784 4.83454957267842
5784 0.0937921574433595
5784 0.0338768567864667
5784 0
5784 0
5784 0
5784 0.0542525607590613
5784 0.00620478512298393
5784 0.0916257495893606
5784 0.000907132327928253
5784 0.0937921574433595
5784 0.0146962914328896
5784 0
5784 0
5784 0
5784 0
5784 0
5784 7.13204390356443
5784 7.13204390356443
5784 7.13204390356443
5784 0.0215020599464854
5784 0.0937921574433595
5784 0
5784 0
5784 0.0414518196303437
5784 0.0414518196303437
5784 0
5784 0
5784 0.577624540833468
5784 0.577624540833468
5784 0.577624540833468
5784 0.00586753559653707
5784 0.00586753559653707
5784 0.00586753559653707
5784 0.0538874399969927
5879 0.0937921574433595
5879 4.20932616757055
5879 4.20932616757055
5879 4.20932616757055
5879 4.20932616757055
5879 0
5879 6.80677719247256
5879 6.80677719247256
5879 4.83454957267842
5879 4.83454957267842
5879 4.83454957267842
5879 0.0937921574433595
5879 0.0338768567864667
5879 0
5879 0
5879 0
5879 0.0542525607590613
5879 0.00620478512298393
5879 0.0916257495893606
5879 0.000907132327928253
5879 0.0937921574433595
5879 0.0146962914328896
5879 0
5879 0
5879 0
5879 0
5879 0
5879 7.13204390356443
5879 7.13204390356443
5879 7.13204390356443
5879 0.0215020599464854
5879 0.0937921574433595
5879 0
5879 0
5879 0.0414518196303437
5879 0.0414518196303437
5879 0
5879 0
5879 0.577624540833468
5879 0.577624540833468
5879 0.577624540833468
5879 0.00586753559653707
5879 0.00586753559653707
5879 0.00586753559653707
5879 0.0538874399969927
5874 0.0937921574433595
5874 4.20932616757055
5874 4.20932616757055
5874 4.20932616757055
5874 4.20932616757055
5874 0
5874 6.80677719247256
5874 6.80677719247256
5874 4.83454957267842
5874 4.83454957267842
5874 4.83454957267842
5874 0.0937921574433595
5874 0.0338768567864667
5874 0
5874 0
5874 0
5874 0.0542525607590613
5874 0.00620478512298393
5874 0.0916257495893606
5874 0.000907132327928253
5874 0.0937921574433595
5874 0.0146962914328896
5874 0
5874 0
5874 0
5874 0
5874 0
5874 7.13204390356443
5874 7.13204390356443
5874 7.13204390356443
5874 0.0215020599464854
5874 0.0937921574433595
5874 0
5874 0
5874 0.0414518196303437
5874 0.0414518196303437
5874 0
5874 0
5874 0.577624540833468
5874 0.577624540833468
5874 0.577624540833468
5874 0.00586753559653707
5874 0.00586753559653707
5874 0.00586753559653707
5874 0.0538874399969927
5976 0.0937921574433595
5976 4.20932616757055
5976 4.20932616757055
5976 4.20932616757055
5976 4.20932616757055
5976 0
5976 6.80677719247256
5976 6.80677719247256
5976 4.83454957267842
5976 4.83454957267842
5976 4.83454957267842
5976 0.0937921574433595
5976 0.0338768567864667
5976 0
5976 0
5976 0
5976 0.0542525607590613
5976 0.00620478512298393
5976 0.0916257495893606
5976 0.000907132327928253
5976 0.0937921574433595
5976 0.0146962914328896
5976 0
5976 0
5976 0
5976 0
5976 0
5976 7.13204390356443
5976 7.13204390356443
5976 7.13204390356443
5976 0.0215020599464854
5976 0.0937921574433595
5976 0
5976 0
5976 0.0414518196303437
5976 0.0414518196303437
5976 0
5976 0
5976 0.577624540833468
5976 0.577624540833468
5976 0.577624540833468
5976 0.00586753559653707
5976 0.00586753559653707
5976 0.00586753559653707
5976 0.0538874399969927
6080 0.0937921574433595
6080 4.20932616757055
6080 4.20932616757055
6080 4.20932616757055
6080 4.20932616757055
6080 0
6080 6.80677719247256
6080 6.80677719247256
6080 4.83454957267842
6080 4.83454957267842
6080 4.83454957267842
6080 0.0937921574433595
6080 0.0338768567864667
6080 0
6080 0
6080 0
6080 0.0542525607590613
6080 0.00620478512298393
6080 0.0916257495893606
6080 0.000907132327928253
6080 0.0937921574433595
6080 0.0146962914328896
6080 0
6080 0
6080 0
6080 0
6080 0
6080 7.13204390356443
6080 7.13204390356443
6080 7.13204390356443
6080 0.0215020599464854
6080 0.0937921574433595
6080 0
6080 0
6080 0.0414518196303437
6080 0.0414518196303437
6080 0
6080 0
6080 0.577624540833468
6080 0.577624540833468
6080 0.577624540833468
6080 0.00586753559653707
6080 0.00586753559653707
6080 0.00586753559653707
6080 0.0538874399969927
6079 0.0937921574433595
6079 4.20932616757055
6079 4.20932616757055
6079 4.20932616757055
6079 4.20932616757055
6079 0
6079 6.80677719247256
6079 6.80677719247256
6079 4.83454957267842
6079 4.83454957267842
6079 4.83454957267842
6079 0.0937921574433595
6079 0.0338768567864667
6079 0
6079 0
6079 0
6079 0.0542525607590613
6079 0.00620478512298393
6079 0.0916257495893606
6079 0.000907132327928253
6079 0.0937921574433595
6079 0.0146962914328896
6079 0
6079 0
6079 0
6079 0
6079 0
6079 7.13204390356443
6079 7.13204390356443
6079 7.13204390356443
6079 0.0215020599464854
6079 0.0937921574433595
6079 0
6079 0
6079 0.0414518196303437
6079 0.0414518196303437
6079 0
6079 0
6079 0.577624540833468
6079 0.577624540833468
6079 0.577624540833468
6079 0.00586753559653707
6079 0.00586753559653707
6079 0.00586753559653707
6079 0.0538874399969927
6187 0.0937921574433595
6187 4.20932616757055
6187 4.20932616757055
6187 4.20932616757055
6187 4.20932616757055
6187 0
6187 6.80677719247256
6187 6.80677719247256
6187 4.83454957267842
6187 4.83454957267842
6187 4.83454957267842
6187 0.0937921574433595
6187 0.0338768567864667
6187 0
6187 0
6187 0
6187 0.0542525607590613
6187 0.00620478512298393
6187 0.0916257495893606
6187 0.000907132327928253
6187 0.0937921574433595
6187 0.0146962914328896
6187 0
6187 0
6187 0
6187 0
6187 0
6187 7.13204390356443
6187 7.13204390356443
6187 7.13204390356443
6187 0.0215020599464854
6187 0.0937921574433595
6187 0
6187 0
6187 0.0414518196303437
6187 0.0414518196303437
6187 0
6187 0
6187 0.577624540833468
6187 0.577624540833468
6187 0.577624540833468
6187 0.00586753559653707
6187 0.00586753559653707
6187 0.00586753559653707
6187 0.0538874399969927
6073 0.0937921574433595
6073 4.20932616757055
6073 4.20932616757055
6073 4.20932616757055
6073 4.20932616757055
6073 0
6073 6.80677719247256
6073 6.80677719247256
6073 4.83454957267842
6073 4.83454957267842
6073 4.83454957267842
6073 0.0937921574433595
6073 0.0338768567864667
6073 0
6073 0
6073 0
6073 0.0542525607590613
6073 0.00620478512298393
6073 0.0916257495893606
6073 0.000907132327928253
6073 0.0937921574433595
6073 0.0146962914328896
6073 0
6073 0
6073 0
6073 0
6073 0
6073 7.13204390356443
6073 7.13204390356443
6073 7.13204390356443
6073 0.0215020599464854
6073 0.0937921574433595
6073 0
6073 0
6073 0.0414518196303437
6073 0.0414518196303437
6073 0
6073 0
6073 0.577624540833468
6073 0.577624540833468
6073 0.577624540833468
6073 0.00586753559653707
6073 0.00586753559653707
6073 0.00586753559653707
6073 0.0538874399969927
6183 0.0937921574433595
6183 4.20932616757055
6183 4.20932616757055
6183 4.20932616757055
6183 4.20932616757055
6183 0
6183 6.80677719247256
6183 6.80677719247256
6183 4.83454957267842
6183 4.83454957267842
6183 4.83454957267842
6183 0.0937921574433595
6183 0.0338768567864667
6183 0
6183 0
6183 0
6183 0.0542525607590613
6183 0.00620478512298393
6183 0.0916257495893606
6183 0.000907132327928253
6183 0.0937921574433595
6183 0.0146962914328896
6183 0
6183 0
6183 0
6183 0
6183 0
6183 7.13204390356443
6183 7.13204390356443
6183 7.13204390356443
6183 0.0215020599464854
6183 0.0937921574433595
6183 0
6183 0
6183 0.0414518196303437
6183 0.0414518196303437
6183 0
6183 0
6183 0.577624540833468
6183 0.577624540833468
6183 0.577624540833468
6183 0.00586753559653707
6183 0.00586753559653707
6183 0.00586753559653707
6183 0.0538874399969927
6179 0.0937921574433595
6179 4.20932616757055
6179 4.20932616757055
6179 4.20932616757055
6179 4.20932616757055
6179 0
6179 6.80677719247256
6179 6.80677719247256
6179 4.83454957267842
6179 4.83454957267842
6179 4.83454957267842
6179 0.0937921574433595
6179 0.0338768567864667
6179 0
6179 0
6179 0
6179 0.0542525607590613
6179 0.00620478512298393
6179 0.0916257495893606
6179 0.000907132327928253
6179 0.0937921574433595
6179 0.0146962914328896
6179 0
6179 0
6179 0
6179 0
6179 0
6179 7.13204390356443
6179 7.13204390356443
6179 7.13204390356443
6179 0.0215020599464854
6179 0.0937921574433595
6179 0
6179 0
6179 0.0414518196303437
6179 0.0414518196303437
6179 0
6179 0
6179 0.577624540833468
6179 0.577624540833468
6179 0.577624540833468
6179 0.00586753559653707
6179 0.00586753559653707
6179 0.00586753559653707
6179 0.0538874399969927
6178 0.0937921574433595
6178 4.20932616757055
6178 4.20932616757055
6178 4.20932616757055
6178 4.20932616757055
6178 0
6178 6.80677719247256
6178 6.80677719247256
6178 4.83454957267842
6178 4.83454957267842
6178 4.83454957267842
6178 0.0937921574433595
6178 0.0338768567864667
6178 0
6178 0
6178 0
6178 0.0542525607590613
6178 0.00620478512298393
6178 0.0916257495893606
6178 0.000907132327928253
6178 0.0937921574433595
6178 0.0146962914328896
6178 0
6178 0
6178 0
6178 0
6178 0
6178 7.13204390356443
6178 7.13204390356443
6178 7.13204390356443
6178 0.0215020599464854
6178 0.0937921574433595
6178 0
6178 0
6178 0.0414518196303437
6178 0.0414518196303437
6178 0
6178 0
6178 0.577624540833468
6178 0.577624540833468
6178 0.577624540833468
6178 0.00586753559653707
6178 0.00586753559653707
6178 0.00586753559653707
6178 0.0538874399969927
6173 0.0937921574433595
6173 4.20932616757055
6173 4.20932616757055
6173 4.20932616757055
6173 4.20932616757055
6173 0
6173 6.80677719247256
6173 6.80677719247256
6173 4.83454957267842
6173 4.83454957267842
6173 4.83454957267842
6173 0.0937921574433595
6173 0.0338768567864667
6173 0
6173 0
6173 0
6173 0.0542525607590613
6173 0.00620478512298393
6173 0.0916257495893606
6173 0.000907132327928253
6173 0.0937921574433595
6173 0.0146962914328896
6173 0
6173 0
6173 0
6173 0
6173 0
6173 7.13204390356443
6173 7.13204390356443
6173 7.13204390356443
6173 0.0215020599464854
6173 0.0937921574433595
6173 0
6173 0
6173 0.0414518196303437
6173 0.0414518196303437
6173 0
6173 0
6173 0.577624540833468
6173 0.577624540833468
6173 0.577624540833468
6173 0.00586753559653707
6173 0.00586753559653707
6173 0.00586753559653707
6173 0.0538874399969927
6272 0.0937921574433595
6272 4.20932616757055
6272 4.20932616757055
6272 4.20932616757055
6272 4.20932616757055
6272 0
6272 6.80677719247256
6272 6.80677719247256
6272 4.83454957267842
6272 4.83454957267842
6272 4.83454957267842
6272 0.0937921574433595
6272 0.0338768567864667
6272 0
6272 0
6272 0
6272 0.0542525607590613
6272 0.00620478512298393
6272 0.0916257495893606
6272 0.000907132327928253
6272 0.0937921574433595
6272 0.0146962914328896
6272 0
6272 0
6272 0
6272 0
6272 0
6272 7.13204390356443
6272 7.13204390356443
6272 7.13204390356443
6272 0.0215020599464854
6272 0.0937921574433595
6272 0
6272 0
6272 0.0414518196303437
6272 0.0414518196303437
6272 0
6272 0
6272 0.577624540833468
6272 0.577624540833468
6272 0.577624540833468
6272 0.00586753559653707
6272 0.00586753559653707
6272 0.00586753559653707
6272 0.0538874399969927
6271 0.0937921574433595
6271 4.20932616757055
6271 4.20932616757055
6271 4.20932616757055
6271 4.20932616757055
6271 0
6271 6.80677719247256
6271 6.80677719247256
6271 4.83454957267842
6271 4.83454957267842
6271 4.83454957267842
6271 0.0937921574433595
6271 0.0338768567864667
6271 0
6271 0
6271 0
6271 0.0542525607590613
6271 0.00620478512298393
6271 0.0916257495893606
6271 0.000907132327928253
6271 0.0937921574433595
6271 0.0146962914328896
6271 0
6271 0
6271 0
6271 0
6271 0
6271 7.13204390356443
6271 7.13204390356443
6271 7.13204390356443
6271 0.0215020599464854
6271 0.0937921574433595
6271 0
6271 0
6271 0.0414518196303437
6271 0.0414518196303437
6271 0
6271 0
6271 0.577624540833468
6271 0.577624540833468
6271 0.577624540833468
6271 0.00586753559653707
6271 0.00586753559653707
6271 0.00586753559653707
6271 0.0538874399969927
6270 0.0937921574433595
6270 4.20932616757055
6270 4.20932616757055
6270 4.20932616757055
6270 4.20932616757055
6270 0
6270 6.80677719247256
6270 6.80677719247256
6270 4.83454957267842
6270 4.83454957267842
6270 4.83454957267842
6270 0.0937921574433595
6270 0.0338768567864667
6270 0
6270 0
6270 0
6270 0.0542525607590613
6270 0.00620478512298393
6270 0.0916257495893606
6270 0.000907132327928253
6270 0.0937921574433595
6270 0.0146962914328896
6270 0
6270 0
6270 0
6270 0
6270 0
6270 7.13204390356443
6270 7.13204390356443
6270 7.13204390356443
6270 0.0215020599464854
6270 0.0937921574433595
6270 0
6270 0
6270 0.0414518196303437
6270 0.0414518196303437
6270 0
6270 0
6270 0.577624540833468
6270 0.577624540833468
6270 0.577624540833468
6270 0.00586753559653707
6270 0.00586753559653707
6270 0.00586753559653707
6270 0.0538874399969927
6269 0.0937921574433595
6269 4.20932616757055
6269 4.20932616757055
6269 4.20932616757055
6269 4.20932616757055
6269 0
6269 6.80677719247256
6269 6.80677719247256
6269 4.83454957267842
6269 4.83454957267842
6269 4.83454957267842
6269 0.0937921574433595
6269 0.0338768567864667
6269 0
6269 0
6269 0
6269 0.0542525607590613
6269 0.00620478512298393
6269 0.0916257495893606
6269 0.000907132327928253
6269 0.0937921574433595
6269 0.0146962914328896
6269 0
6269 0
6269 0
6269 0
6269 0
6269 7.13204390356443
6269 7.13204390356443
6269 7.13204390356443
6269 0.0215020599464854
6269 0.0937921574433595
6269 0
6269 0
6269 0.0414518196303437
6269 0.0414518196303437
6269 0
6269 0
6269 0.577624540833468
6269 0.577624540833468
6269 0.577624540833468
6269 0.00586753559653707
6269 0.00586753559653707
6269 0.00586753559653707
6269 0.0538874399969927
6364 0.0937921574433595
6364 4.20932616757055
6364 4.20932616757055
6364 4.20932616757055
6364 4.20932616757055
6364 0
6364 6.80677719247256
6364 6.80677719247256
6364 4.83454957267842
6364 4.83454957267842
6364 4.83454957267842
6364 0.0937921574433595
6364 0.0338768567864667
6364 0
6364 0
6364 0
6364 0.0542525607590613
6364 0.00620478512298393
6364 0.0916257495893606
6364 0.000907132327928253
6364 0.0937921574433595
6364 0.0146962914328896
6364 0
6364 0
6364 0
6364 0
6364 0
6364 7.13204390356443
6364 7.13204390356443
6364 7.13204390356443
6364 0.0215020599464854
6364 0.0937921574433595
6364 0
6364 0
6364 0.0414518196303437
6364 0.0414518196303437
6364 0
6364 0
6364 0.577624540833468
6364 0.577624540833468
6364 0.577624540833468
6364 0.00586753559653707
6364 0.00586753559653707
6364 0.00586753559653707
6364 0.0538874399969927
6362 0.0937921574433595
6362 4.20932616757055
6362 4.20932616757055
6362 4.20932616757055
6362 4.20932616757055
6362 0
6362 6.80677719247256
6362 6.80677719247256
6362 4.83454957267842
6362 4.83454957267842
6362 4.83454957267842
6362 0.0937921574433595
6362 0.0338768567864667
6362 0
6362 0
6362 0
6362 0.0542525607590613
6362 0.00620478512298393
6362 0.0916257495893606
6362 0.000907132327928253
6362 0.0937921574433595
6362 0.0146962914328896
6362 0
6362 0
6362 0
6362 0
6362 0
6362 7.13204390356443
6362 7.13204390356443
6362 7.13204390356443
6362 0.0215020599464854
6362 0.0937921574433595
6362 0
6362 0
6362 0.0414518196303437
6362 0.0414518196303437
6362 0
6362 0
6362 0.577624540833468
6362 0.577624540833468
6362 0.577624540833468
6362 0.00586753559653707
6362 0.00586753559653707
6362 0.00586753559653707
6362 0.0538874399969927
6360 0.0937921574433595
6360 4.20932616757055
6360 4.20932616757055
6360 4.20932616757055
6360 4.20932616757055
6360 0
6360 6.80677719247256
6360 6.80677719247256
6360 4.83454957267842
6360 4.83454957267842
6360 4.83454957267842
6360 0.0937921574433595
6360 0.0338768567864667
6360 0
6360 0
6360 0
6360 0.0542525607590613
6360 0.00620478512298393
6360 0.0916257495893606
6360 0.000907132327928253
6360 0.0937921574433595
6360 0.0146962914328896
6360 0
6360 0
6360 0
6360 0
6360 0
6360 7.13204390356443
6360 7.13204390356443
6360 7.13204390356443
6360 0.0215020599464854
6360 0.0937921574433595
6360 0
6360 0
6360 0.0414518196303437
6360 0.0414518196303437
6360 0
6360 0
6360 0.577624540833468
6360 0.577624540833468
6360 0.577624540833468
6360 0.00586753559653707
6360 0.00586753559653707
6360 0.00586753559653707
6360 0.0538874399969927
6453 0.0937921574433595
6453 4.20932616757055
6453 4.20932616757055
6453 4.20932616757055
6453 4.20932616757055
6453 0
6453 6.80677719247256
6453 6.80677719247256
6453 4.83454957267842
6453 4.83454957267842
6453 4.83454957267842
6453 0.0937921574433595
6453 0.0338768567864667
6453 0
6453 0
6453 0
6453 0.0542525607590613
6453 0.00620478512298393
6453 0.0916257495893606
6453 0.000907132327928253
6453 0.0937921574433595
6453 0.0146962914328896
6453 0
6453 0
6453 0
6453 0
6453 0
6453 7.13204390356443
6453 7.13204390356443
6453 7.13204390356443
6453 0.0215020599464854
6453 0.0937921574433595
6453 0
6453 0
6453 0.0414518196303437
6453 0.0414518196303437
6453 0
6453 0
6453 0.577624540833468
6453 0.577624540833468
6453 0.577624540833468
6453 0.00586753559653707
6453 0.00586753559653707
6453 0.00586753559653707
6453 0.0538874399969927
6452 0.0937921574433595
6452 4.20932616757055
6452 4.20932616757055
6452 4.20932616757055
6452 4.20932616757055
6452 0
6452 6.80677719247256
6452 6.80677719247256
6452 4.83454957267842
6452 4.83454957267842
6452 4.83454957267842
6452 0.0937921574433595
6452 0.0338768567864667
6452 0
6452 0
6452 0
6452 0.0542525607590613
6452 0.00620478512298393
6452 0.0916257495893606
6452 0.000907132327928253
6452 0.0937921574433595
6452 0.0146962914328896
6452 0
6452 0
6452 0
6452 0
6452 0
6452 7.13204390356443
6452 7.13204390356443
6452 7.13204390356443
6452 0.0215020599464854
6452 0.0937921574433595
6452 0
6452 0
6452 0.0414518196303437
6452 0.0414518196303437
6452 0
6452 0
6452 0.577624540833468
6452 0.577624540833468
6452 0.577624540833468
6452 0.00586753559653707
6452 0.00586753559653707
6452 0.00586753559653707
6452 0.0538874399969927
6451 0.0937921574433595
6451 4.20932616757055
6451 4.20932616757055
6451 4.20932616757055
6451 4.20932616757055
6451 0
6451 6.80677719247256
6451 6.80677719247256
6451 4.83454957267842
6451 4.83454957267842
6451 4.83454957267842
6451 0.0937921574433595
6451 0.0338768567864667
6451 0
6451 0
6451 0
6451 0.0542525607590613
6451 0.00620478512298393
6451 0.0916257495893606
6451 0.000907132327928253
6451 0.0937921574433595
6451 0.0146962914328896
6451 0
6451 0
6451 0
6451 0
6451 0
6451 7.13204390356443
6451 7.13204390356443
6451 7.13204390356443
6451 0.0215020599464854
6451 0.0937921574433595
6451 0
6451 0
6451 0.0414518196303437
6451 0.0414518196303437
6451 0
6451 0
6451 0.577624540833468
6451 0.577624540833468
6451 0.577624540833468
6451 0.00586753559653707
6451 0.00586753559653707
6451 0.00586753559653707
6451 0.0538874399969927
