pt_graph met
13 25
24 25
27 25
36 25
90 25
92 25
96 25
113 25
133 25
135 25
155 25
208 25
438 25
440 25
464 25
466 25
467 25
472 25
488 25
517 25
521 25
572 25
573 25
654 25
1218 25
1284 25
1383 25
1418 25
1618 25
1765 25
1804 25
1840 25
1922 25
2085 25
2378 25
2419 25
2496 25
3064 25
3564 25
4249 25
4253 25
4427 25
4703 25
4711 25
4980 25
5061 25
5063 25
5151 25
5152 25
5153 25
5155 25
5167 25
5260 25
5339 25
5348 25
5349 25
5425 25
5500 25
5515 25
5576 25
5577 25
5603 25
5605 25
5665 25
5692 25
5693 25
5780 25
5789 25
5845 25
5848 25
5872 25
5873 25
5877 25
5878 25
5881 25
5972 25
5974 25
5977 25
6038 25
6076 25
6083 25
6084 25
6240 25
6241 25
6242 25
6368 25
9866 25
10000 25
