pt_graph freq
1066 1.00000000
1175 1.00000000
1301 0.64479113
1301 0.35520887
1302 1.00000000
1306 1.00000000
1367 0.64479113
1367 0.35520887
1368 0.06158511
1368 0.60508159
1368 0.33333330
1369 0.09237766
1369 0.90762234
1434 1.00000000
1435 1.00000000
1449 1.00000000
1450 1.00000000
1454 1.00000000
1498 0.15594388
1498 0.84405612
1499 1.00000000
1501 1.00000000
1569 0.15594388
1569 0.84405612
1570 1.00000000
1571 1.00000000
1595 1.00000000
1639 1.00000000
1643 1.00000000
1644 0.06158511
1644 0.60508159
1644 0.33333330
1708 1.00000000
1711 1.00000000
1713 1.00000000
1719 0.15594388
1719 0.84405612
1720 1.00000000
1786 1.00000000
1857 1.00000000
1859 1.00000000
1865 1.00000000
1868 1.00000000
1874 1.00000000
1941 1.00000000
1961 1.00000000
2029 1.00000000
2033 1.00000000
2034 1.00000000
2038 1.00000000
2043 1.00000000
2105 1.00000000
2111 1.00000000
2127 1.00000000
2184 1.00000000
2187 1.00000000
2192 1.00000000
2198 1.00000000
2200 1.00000000
2212 1.00000000
2275 1.00000000
2278 1.00000000
2283 1.00000000
2298 1.00000000
2353 1.00000000
2358 1.00000000
2368 1.00000000
2428 1.00000000
2429 1.00000000
2439 0.09237766
2439 0.90762234
2506 1.00000000
2508 1.00000000
2510 1.00000000
2513 1.00000000
2517 1.00000000
2592 1.00000000
2607 1.00000000
2608 0.15594388
2608 0.84405612
2668 0.06158511
2668 0.60508159
2668 0.33333330
2750 1.00000000
2751 1.00000000
2752 0.09237766
2752 0.90762234
2756 0.15594388
2756 0.84405612
2762 1.00000000
2768 1.00000000
2769 0.15594388
2769 0.84405612
2775 0.06158511
2775 0.60508159
2775 0.33333330
2834 0.06158511
2834 0.60508159
2834 0.33333330
2840 1.00000000
2848 0.64479113
2848 0.35520887
2849 1.00000000
2850 1.00000000
2926 0.06158511
2926 0.60508159
2926 0.33333330
2934 1.00000000
3000 0.06158511
3000 0.60508159
3000 0.33333330
3074 1.00000000
3085 0.06158511
3085 0.60508159
3085 0.33333330
3134 1.00000000
3144 0.06158511
3144 0.60508159
3144 0.33333330
3145 0.64479113
3145 0.35520887
3146 1.00000000
3206 1.00000000
3215 1.00000000
3222 0.06158511
3222 0.60508159
3222 0.33333330
3223 1.00000000
3232 1.00000000
3306 1.00000000
3309 1.00000000
3389 0.09237766
3389 0.90762234
3390 1.00000000
3400 1.00000000
3404 1.00000000
3454 1.00000000
3461 1.00000000
3468 1.00000000
3469 1.00000000
3470 0.09237766
3470 0.90762234
3484 1.00000000
3544 1.00000000
3552 0.09237766
3552 0.90762234
3567 1.00000000
3628 1.00000000
3632 1.00000000
3635 0.15594388
3635 0.84405612
3639 1.00000000
3712 1.00000000
3718 0.06158511
3718 0.60508159
3718 0.33333330
3803 1.00000000
3804 0.06158511
3804 0.60508159
3804 0.33333330
3807 1.00000000
3815 1.00000000
3818 1.00000000
3888 1.00000000
3890 1.00000000
3896 0.06158511
3896 0.60508159
3896 0.33333330
3898 1.00000000
3900 1.00000000
3911 1.00000000
3919 1.00000000
3981 1.00000000
3995 1.00000000
4006 1.00000000
4007 1.00000000
4011 1.00000000
4071 1.00000000
4074 1.00000000
4082 1.00000000
4098 1.00000000
4099 1.00000000
4148 1.00000000
4156 1.00000000
4158 1.00000000
4172 1.00000000
4178 1.00000000
4180 1.00000000
4242 1.00000000
4245 1.00000000
4249 1.00000000
4255 1.00000000
4259 1.00000000
4266 1.00000000
4272 0.15594388
4272 0.84405612
4321 1.00000000
4326 0.15594388
4326 0.84405612
4336 1.00000000
4337 1.00000000
4342 1.00000000
4345 1.00000000
4422 1.00000000
4453 1.00000000
4455 1.00000000
4516 1.00000000
4544 0.06158511
4544 0.60508159
4544 0.33333330
4548 1.00000000
4549 1.00000000
4592 1.00000000
4601 1.00000000
4609 1.00000000
4635 0.06158511
4635 0.60508159
4635 0.33333330
4638 1.00000000
4639 1.00000000
4699 1.00000000
4728 0.06158511
4728 0.60508159
4728 0.33333330
4729 1.00000000
4730 1.00000000
4775 1.00000000
4788 0.09237766
4788 0.90762234
4797 1.00000000
4799 1.00000000
4800 1.00000000
4801 1.00000000
4820 1.00000000
4871 1.00000000
4877 0.64479113
4877 0.35520887
4883 1.00000000
4884 1.00000000
4885 1.00000000
4887 1.00000000
4888 1.00000000
4890 0.06158511
4890 0.60508159
4890 0.33333330
4894 1.00000000
4912 1.00000000
4913 1.00000000
4954 1.00000000
4958 1.00000000
4968 1.00000000
4975 1.00000000
4980 0.06158511
4980 0.60508159
4980 0.33333330
4981 0.06158511
4981 0.60508159
4981 0.33333330
4985 1.00000000
4987 1.00000000
5047 1.00000000
5049 1.00000000
5060 1.00000000
5066 1.00000000
5067 1.00000000
5068 1.00000000
5071 1.00000000
5089 0.06158511
5089 0.60508159
5089 0.33333330
5144 1.00000000
5150 1.00000000
5153 1.00000000
5154 1.00000000
5157 0.06158511
5157 0.60508159
5157 0.33333330
5160 1.00000000
5179 0.06158511
5179 0.60508159
5179 0.33333330
5181 0.06158511
5181 0.60508159
5181 0.33333330
5221 1.00000000
5228 1.00000000
5240 0.64479113
5240 0.35520887
5255 1.00000000
5269 0.64479113
5269 0.35520887
5270 1.00000000
5317 1.00000000
5320 1.00000000
5324 0.15594388
5324 0.84405612
5334 1.00000000
5337 0.15594388
5337 0.84405612
5355 0.06158511
5355 0.60508159
5355 0.33333330
5356 1.00000000
5358 1.00000000
5396 1.00000000
5409 1.00000000
5411 1.00000000
5416 1.00000000
5418 1.00000000
5419 0.06158511
5419 0.60508159
5419 0.33333330
5421 1.00000000
5423 0.15594388
5423 0.84405612
5426 0.64479113
5426 0.35520887
5427 0.06158511
5427 0.60508159
5427 0.33333330
5428 0.64479113
5428 0.35520887
5429 1.00000000
5430 0.06158511
5430 0.60508159
5430 0.33333330
5431 1.00000000
5437 1.00000000
5445 1.00000000
5489 1.00000000
5504 0.09237766
5504 0.90762234
5506 0.06158511
5506 0.60508159
5506 0.33333330
5509 1.00000000
5510 1.00000000
5511 0.06158511
5511 0.60508159
5511 0.33333330
5513 0.06158511
5513 0.60508159
5513 0.33333330
5515 1.00000000
5516 0.15594388
5516 0.84405612
5517 0.06158511
5517 0.60508159
5517 0.33333330
5518 0.06158511
5518 0.60508159
5518 0.33333330
5520 1.00000000
5521 1.00000000
5527 1.00000000
5533 0.06158511
5533 0.60508159
5533 0.33333330
5534 1.00000000
5571 1.00000000
5575 1.00000000
5591 1.00000000
5592 1.00000000
5596 1.00000000
5599 1.00000000
5600 0.06158511
5600 0.60508159
5600 0.33333330
5601 0.06158511
5601 0.60508159
5601 0.33333330
5602 0.15594388
5602 0.84405612
5603 1.00000000
5605 0.06158511
5605 0.60508159
5605 0.33333330
5606 0.64479113
5606 0.35520887
5613 1.00000000
5614 0.06158511
5614 0.60508159
5614 0.33333330
5615 0.06158511
5615 0.60508159
5615 0.33333330
5617 1.00000000
5618 0.06158511
5618 0.60508159
5618 0.33333330
5619 0.09237766
5619 0.90762234
5620 1.00000000
5659 0.09237766
5659 0.90762234
5667 1.00000000
5672 0.64479113
5672 0.35520887
5675 0.06158511
5675 0.60508159
5675 0.33333330
5676 0.09237766
5676 0.90762234
5677 0.06158511
5677 0.60508159
5677 0.33333330
5679 1.00000000
5682 1.00000000
5687 1.00000000
5688 0.06158511
5688 0.60508159
5688 0.33333330
5689 0.06158511
5689 0.60508159
5689 0.33333330
5690 1.00000000
5691 1.00000000
5692 0.09237766
5692 0.90762234
5693 1.00000000
5694 0.06158511
5694 0.60508159
5694 0.33333330
5695 1.00000000
5698 1.00000000
5701 0.06158511
5701 0.60508159
5701 0.33333330
5702 0.06158511
5702 0.60508159
5702 0.33333330
5703 1.00000000
5704 0.06158511
5704 0.60508159
5704 0.33333330
5748 1.00000000
5749 1.00000000
5750 1.00000000
5761 0.06158511
5761 0.60508159
5761 0.33333330
5762 1.00000000
5777 0.06158511
5777 0.60508159
5777 0.33333330
5779 1.00000000
5783 1.00000000
5784 0.06158511
5784 0.60508159
5784 0.33333330
5785 0.64479113
5785 0.35520887
5789 1.00000000
5791 0.06158511
5791 0.60508159
5791 0.33333330
5792 0.64479113
5792 0.35520887
5793 0.64479113
5793 0.35520887
5794 0.09237766
5794 0.90762234
5795 0.06158511
5795 0.60508159
5795 0.33333330
5796 0.06158511
5796 0.60508159
5796 0.33333330
5850 0.09237766
5850 0.90762234
5851 0.06158511
5851 0.60508159
5851 0.33333330
5854 1.00000000
5869 1.00000000
5870 1.00000000
5871 0.64479113
5871 0.35520887
5873 0.15594388
5873 0.84405612
5878 0.06158511
5878 0.60508159
5878 0.33333330
5879 0.06158511
5879 0.60508159
5879 0.33333330
5881 1.00000000
5885 0.64479113
5885 0.35520887
5887 0.06158511
5887 0.60508159
5887 0.33333330
5935 1.00000000
5940 1.00000000
5944 1.00000000
5945 0.64479113
5945 0.35520887
5946 0.06158511
5946 0.60508159
5946 0.33333330
5951 1.00000000
5959 1.00000000
5960 1.00000000
5967 1.00000000
5968 0.09237766
5968 0.90762234
5969 0.09237766
5969 0.90762234
5975 0.06158511
5975 0.60508159
5975 0.33333330
5976 0.06158511
5976 0.60508159
5976 0.33333330
5977 0.09237766
5977 0.90762234
5978 0.15594388
5978 0.84405612
5980 1.00000000
5983 1.00000000
5984 0.15594388
5984 0.84405612
6047 0.06158511
6047 0.60508159
6047 0.33333330
6048 0.06158511
6048 0.60508159
6048 0.33333330
6051 1.00000000
6061 1.00000000
6073 0.64479113
6073 0.35520887
6074 0.06158511
6074 0.60508159
6074 0.33333330
6076 0.64479113
6076 0.35520887
6077 0.06158511
6077 0.60508159
6077 0.33333330
6078 0.64479113
6078 0.35520887
6079 0.64479113
6079 0.35520887
6080 1.00000000
6081 0.06158511
6081 0.60508159
6081 0.33333330
6082 1.00000000
6087 0.64479113
6087 0.35520887
6144 1.00000000
6148 0.06158511
6148 0.60508159
6148 0.33333330
6149 0.06158511
6149 0.60508159
6149 0.33333330
6150 0.64479113
6150 0.35520887
6174 0.09237766
6174 0.90762234
6175 0.06158511
6175 0.60508159
6175 0.33333330
6177 1.00000000
6178 0.15594388
6178 0.84405612
6179 0.06158511
6179 0.60508159
6179 0.33333330
6180 0.15594388
6180 0.84405612
6183 1.00000000
6185 1.00000000
6188 1.00000000
6241 1.00000000
6244 0.06158511
6244 0.60508159
6244 0.33333330
6245 1.00000000
6254 1.00000000
6255 1.00000000
6267 1.00000000
6268 0.06158511
6268 0.60508159
6268 0.33333330
6269 0.06158511
6269 0.60508159
6269 0.33333330
6270 0.15594388
6270 0.84405612
6271 0.06158511
6271 0.60508159
6271 0.33333330
6274 0.06158511
6274 0.60508159
6274 0.33333330
6336 0.15594388
6336 0.84405612
6349 1.00000000
6358 1.00000000
6359 1.00000000
6360 0.06158511
6360 0.60508159
6360 0.33333330
6361 0.09237766
6361 0.90762234
6362 0.09237766
6362 0.90762234
6363 0.06158511
6363 0.60508159
6363 0.33333330
6364 0.06158511
6364 0.60508159
6364 0.33333330
6370 1.00000000
6425 0.06158511
6425 0.60508159
6425 0.33333330
6426 1.00000000
6448 1.00000000
6450 1.00000000
6451 0.06158511
6451 0.60508159
6451 0.33333330
6452 0.06158511
6452 0.60508159
6452 0.33333330
6453 0.06158511
6453 0.60508159
6453 0.33333330
6454 0.64479113
6454 0.35520887
6455 0.09237766
6455 0.90762234
6513 1.00000000
6536 1.00000000
6537 1.00000000
6538 0.06158511
6538 0.60508159
6538 0.33333330
6539 1.00000000
6542 1.00000000
6607 1.00000000
6623 0.64479113
6623 0.35520887
6625 1.00000000
6626 1.00000000
6689 1.00000000
6690 1.00000000
6700 1.00000000
6838 1.00000000
6909 0.09237766
6909 0.90762234
6917 0.06158511
6917 0.60508159
6917 0.33333330
6985 0.06158511
6985 0.60508159
6985 0.33333330
6986 1.00000000
6988 0.06158511
6988 0.60508159
6988 0.33333330
7051 1.00000000
7052 0.15594388
7052 0.84405612
7053 0.09237766
7053 0.90762234
7055 0.64479113
7055 0.35520887
7057 0.06158511
7057 0.60508159
7057 0.33333330
7120 1.00000000
7122 0.06158511
7122 0.60508159
7122 0.33333330
7123 1.00000000
7125 0.06158511
7125 0.60508159
7125 0.33333330
7128 1.00000000
7192 1.00000000
7195 1.00000000
7197 0.06158511
7197 0.60508159
7197 0.33333330
7199 1.00000000
7200 1.00000000
7266 1.00000000
7269 0.06158511
7269 0.60508159
7269 0.33333330
7270 1.00000000
7332 1.00000000
7334 1.00000000
9786 1.00000000
9810 1.00000000
9910 0.15594388
9910 0.84405612
9926 0.15594388
9926 0.84405612
10002 1.00000000
