pt_graph met
1327 4
1463 4
1738 4
1811 4
2043 13
2127 13
2136 4
2218 4
2310 4
2381 4
2458 4
2459 4
2608 13
2775 13
2794 4
2943 4
3017 4
3085 13
3089 4
3154 13
3239 4
3318 13
3319 13
3332 4
3559 13
3567 13
3655 4
3656 4
3832 4
3833 4
3908 13
3913 13
3919 13
4000 13
4006 13
4010 4
4089 13
4091 4
4176 4
4272 13
4273 13
4360 13
4439 13
4452 13
4453 13
4543 13
4544 13
4630 4
4635 13
4639 13
4826 4
4890 13
4904 4
4980 13
4981 13
5078 13
5089 13
5167 4
5176 4
5181 13
5259 13
5261 4
5268 4
5355 13
5359 13
5426 13
5427 13
5430 13
5431 13
5443 13
5447 13
5511 13
5513 13
5516 13
5518 13
5520 13
5599 13
5600 13
5601 13
5602 13
5605 13
5606 13
5607 13
5609 13
5614 13
5618 13
5620 13
5684 13
5686 13
5687 13
5688 13
5689 13
5692 13
5693 13
5694 13
5701 13
5702 13
5703 13
5704 13
5706 13
5776 13
5777 13
5778 13
5784 13
5789 13
5792 13
5795 13
5796 13
5871 13
5873 13
5878 13
5879 13
5881 13
5887 13
5968 13
5969 13
5970 13
5971 13
5972 13
5975 13
5976 13
5977 13
5982 13
5983 13
5984 13
6073 13
6074 13
6076 13
6077 13
6080 13
6081 13
6174 13
6175 13
6177 13
6178 13
6179 13
6180 13
6268 13
6269 13
6270 13
6271 13
6272 13
6273 13
6274 13
6279 13
6353 4
6360 13
6361 13
6363 13
6364 13
6443 4
6449 13
6450 13
6452 13
6453 13
6454 13
6530 4
6536 13
6544 13
6621 13
6622 13
6701 13
6775 13
6917 13
6985 13
6987 13
6988 13
6990 4
7056 13
7057 13
9701 4
9742 4
9821 4
9858 4
9910 13
9919 4
9988 4
10002 13
10014 4
10349 4
10912 4
10938 4
10976 4
10993 4
