pt_graph freq
3085 0.7139273
3085 0.2860727
3232 1.0000000
3319 1.0000000
3396 1.0000000
3406 1.0000000
3637 1.0000000
3650 1.0000000
4003 1.0000000
4100 1.0000000
4169 1.0000000
4250 1.0000000
4271 1.0000000
4335 1.0000000
4357 1.0000000
4529 0.7139273
4529 0.2860727
4544 1.0000000
4545 1.0000000
4634 1.0000000
4635 1.0000000
4728 1.0000000
4789 1.0000000
4794 1.0000000
4797 1.0000000
4800 1.0000000
4820 1.0000000
4822 1.0000000
4890 1.0000000
4896 1.0000000
4911 0.7139273
4911 0.2860727
4980 1.0000000
4981 0.7139273
4981 0.2860727
4982 1.0000000
5058 1.0000000
5059 1.0000000
5075 1.0000000
5151 1.0000000
5152 1.0000000
5164 1.0000000
5178 1.0000000
5181 1.0000000
5243 1.0000000
5256 1.0000000
5321 1.0000000
5339 1.0000000
5355 1.0000000
5358 1.0000000
5411 1.0000000
5418 0.7139273
5418 0.2860727
5419 0.7139273
5419 0.2860727
5423 1.0000000
5426 1.0000000
5427 0.7139273
5427 0.2860727
5430 0.7139273
5430 0.2860727
5433 1.0000000
5496 1.0000000
5510 0.7139273
5510 0.2860727
5513 1.0000000
5516 0.7139273
5516 0.2860727
5517 0.7139273
5517 0.2860727
5518 0.7139273
5518 0.2860727
5520 1.0000000
5533 1.0000000
5589 1.0000000
5590 1.0000000
5592 1.0000000
5594 1.0000000
5596 1.0000000
5602 0.7139273
5602 0.2860727
5605 0.7139273
5605 0.2860727
5606 0.7139273
5606 0.2860727
5607 1.0000000
5614 0.7139273
5614 0.2860727
5615 0.7139273
5615 0.2860727
5618 1.0000000
5620 0.7139273
5620 0.2860727
5672 1.0000000
5674 1.0000000
5675 0.7139273
5675 0.2860727
5676 1.0000000
5677 1.0000000
5682 1.0000000
5685 1.0000000
5686 1.0000000
5688 1.0000000
5690 1.0000000
5694 1.0000000
5697 1.0000000
5702 1.0000000
5703 1.0000000
5704 1.0000000
5761 0.7139273
5761 0.2860727
5762 1.0000000
5777 1.0000000
5778 1.0000000
5784 1.0000000
5792 0.7139273
5792 0.2860727
5795 1.0000000
5796 1.0000000
5848 1.0000000
5850 0.7139273
5850 0.2860727
5851 0.7139273
5851 0.2860727
5868 1.0000000
5869 1.0000000
5870 0.7139273
5870 0.2860727
5871 0.7139273
5871 0.2860727
5872 1.0000000
5877 1.0000000
5878 0.7139273
5878 0.2860727
5879 0.7139273
5879 0.2860727
5887 0.7139273
5887 0.2860727
5946 0.7139273
5946 0.2860727
5969 0.7139273
5969 0.2860727
5972 1.0000000
5975 0.7139273
5975 0.2860727
5976 0.7139273
5976 0.2860727
5978 1.0000000
5981 1.0000000
5984 0.7139273
5984 0.2860727
5985 1.0000000
6047 0.7139273
6047 0.2860727
6048 1.0000000
6049 1.0000000
6051 1.0000000
6052 1.0000000
6073 0.7139273
6073 0.2860727
6074 0.7139273
6074 0.2860727
6077 0.7139273
6077 0.2860727
6079 0.7139273
6079 0.2860727
6080 0.7139273
6080 0.2860727
6081 1.0000000
6083 1.0000000
6085 1.0000000
6148 1.0000000
6149 0.7139273
6149 0.2860727
6152 1.0000000
6156 1.0000000
6173 1.0000000
6174 0.7139273
6174 0.2860727
6175 0.7139273
6175 0.2860727
6177 0.7139273
6177 0.2860727
6178 0.7139273
6178 0.2860727
6179 1.0000000
6258 1.0000000
6268 0.7139273
6268 0.2860727
6269 0.7139273
6269 0.2860727
6270 0.7139273
6270 0.2860727
6271 0.7139273
6271 0.2860727
6274 0.7139273
6274 0.2860727
6359 1.0000000
6360 0.7139273
6360 0.2860727
6361 1.0000000
6363 0.7139273
6363 0.2860727
6364 0.7139273
6364 0.2860727
6369 1.0000000
6430 1.0000000
6449 1.0000000
6450 1.0000000
6451 0.7139273
6451 0.2860727
6452 0.7139273
6452 0.2860727
6453 0.7139273
6453 0.2860727
6454 1.0000000
6538 0.7139273
6538 0.2860727
6606 1.0000000
6625 1.0000000
6701 1.0000000
6773 1.0000000
6775 1.0000000
6778 1.0000000
6850 1.0000000
6906 1.0000000
6984 1.0000000
6985 1.0000000
6986 1.0000000
6988 1.0000000
7051 1.0000000
7053 1.0000000
7122 1.0000000
7123 0.7139273
7123 0.2860727
7125 0.7139273
7125 0.2860727
7194 0.7139273
7194 0.2860727
7195 1.0000000
7198 1.0000000
7200 0.7139273
7200 0.2860727
7269 0.7139273
7269 0.2860727
7333 1.0000000
7395 1.0000000
7396 1.0000000
9719 1.0000000
9737 1.0000000
9945 1.0000000
11011 1.0000000
