pt_graph met
1728 14
2031 14
2043 14
2201 14
2281 14
2298 14
2457 14
2517 14
2590 14
2602 14
2607 14
2608 14
2754 14
2756 14
2761 14
2768 14
2775 14
2850 14
2854 14
2995 14
2998 14
3000 14
3072 14
3074 14
3142 14
3144 14
3147 14
3219 14
3220 14
3222 14
3299 14
3386 14
3470 14
3472 14
3484 14
3635 14
3718 14
3722 14
3732 14
3804 14
3806 14
3811 14
3827 14
3884 14
3896 14
3919 14
3986 14
4007 14
4152 14
4173 14
4185 14
4231 14
4239 14
4247 14
4271 14
4273 14
4274 14
4335 14
4359 14
4423 14
4529 14
4533 14
4543 14
4544 14
4635 14
4687 14
4731 14
4790 14
4796 14
4824 14
4890 14
4957 14
4980 14
4981 14
5046 14
5068 14
5089 14
5179 14
5232 14
5233 14
5255 14
5324 14
5337 14
5355 14
5356 14
5358 14
5410 14
5419 14
5427 14
5428 14
5429 14
5430 14
5496 14
5499 14
5505 14
5507 14
5508 14
5509 14
5511 14
5513 14
5516 14
5517 14
5518 14
5529 14
5530 14
5533 14
5590 14
5594 14
5600 14
5601 14
5602 14
5605 14
5606 14
5615 14
5618 14
5673 14
5675 14
5677 14
5681 14
5688 14
5689 14
5692 14
5693 14
5694 14
5701 14
5702 14
5703 14
5704 14
5707 14
5755 14
5761 14
5762 14
5764 14
5777 14
5784 14
5787 14
5791 14
5792 14
5793 14
5794 14
5795 14
5796 14
5850 14
5851 14
5853 14
5871 14
5873 14
5878 14
5885 14
5886 14
5887 14
5937 14
5946 14
5968 14
5969 14
5976 14
5978 14
5984 14
6047 14
6053 14
6061 14
6073 14
6074 14
6076 14
6077 14
6079 14
6080 14
6081 14
6143 14
6149 14
6174 14
6175 14
6177 14
6178 14
6179 14
6180 14
6183 14
6241 14
6244 14
6268 14
6269 14
6270 14
6271 14
6274 14
6335 14
6361 14
6363 14
6364 14
6425 14
6428 14
6451 14
6452 14
6453 14
6455 14
6536 14
6538 14
6623 14
6701 14
6703 14
6916 14
6917 14
6919 14
6985 14
6988 14
7052 14
7057 14
7122 14
7198 14
7199 14
7200 14
7262 14
7269 14
7332 14
9847 14
