pt_graph shape
1317 1
1317 1
1317 1
1317 1
1317 1
1317 1
1317 1
1317 1
1317 1
1317 1
1317 1
1317 1
1317 1
1317 1
1317 1
1317 1
1317 1
1317 1
1317 1
1317 1
1317 1
1317 1
1317 1
1317 1
1317 1
1317 1
1317 1
1317 1
1317 1
1317 1
1317 1
1317 1
1317 1
1317 1
1317 1
1317 1
1317 1
1317 1
1317 1
2378 1
2378 1
2378 1
2378 1
2378 1
2378 1
2378 1
2378 1
2378 1
2378 1
2378 1
2378 1
2378 1
2378 1
2378 1
2378 1
2378 1
2378 1
2378 1
2378 1
2378 1
2378 1
2378 1
2378 1
2378 1
2378 1
2378 1
2378 1
2378 1
2378 1
2378 1
2378 1
2378 1
2378 1
2378 1
2378 1
2378 1
2378 1
2378 1
2854 1
2854 1
2854 1
2854 1
2854 1
2854 1
2854 1
2854 1
2854 1
2854 1
2854 1
2854 1
2854 1
2854 1
2854 1
2854 1
2854 1
2854 1
2854 1
2854 1
2854 1
2854 1
2854 1
2854 1
2854 1
2854 1
2854 1
2854 1
2854 1
2854 1
2854 1
2854 1
2854 1
2854 1
2854 1
2854 1
2854 1
2854 1
2854 1
4256 1
4256 1
4256 1
4256 1
4256 1
4256 1
4256 1
4256 1
4256 1
4256 1
4256 1
4256 1
4256 1
4256 1
4256 1
4256 1
4256 1
4256 1
4256 1
4256 1
4256 1
4256 1
4256 1
4256 1
4256 1
4256 1
4256 1
4256 1
4256 1
4256 1
4256 1
4256 1
4256 1
4256 1
4256 1
4256 1
4256 1
4256 1
4256 1
4884 1
4884 1
4884 1
4884 1
4884 1
4884 1
4884 1
4884 1
4884 1
4884 1
4884 1
4884 1
4884 1
4884 1
4884 1
4884 1
4884 1
4884 1
4884 1
4884 1
4884 1
4884 1
4884 1
4884 1
4884 1
4884 1
4884 1
4884 1
4884 1
4884 1
4884 1
4884 1
4884 1
4884 1
4884 1
4884 1
4884 1
4884 1
4884 1
4979 1
4979 1
4979 1
4979 1
4979 1
4979 1
4979 1
4979 1
4979 1
4979 1
4979 1
4979 1
4979 1
4979 1
4979 1
4979 1
4979 1
4979 1
4979 1
4979 1
4979 1
4979 1
4979 1
4979 1
4979 1
4979 1
4979 1
4979 1
4979 1
4979 1
4979 1
4979 1
4979 1
4979 1
4979 1
4979 1
4979 1
4979 1
4979 1
10000 1
10000 1
10000 1
10000 1
10000 1
10000 1
10000 1
10000 1
10000 1
10000 1
10000 1
10000 1
10000 1
10000 1
10000 1
10000 1
10000 1
10000 1
10000 1
10000 1
10000 1
10000 1
10000 1
10000 1
10000 1
10000 1
10000 1
10000 1
10000 1
10000 1
10000 1
10000 1
10000 1
10000 1
10000 1
10000 1
10000 1
10000 1
10000 1
9866 1
9866 1
9866 1
9866 1
9866 1
9866 1
9866 1
9866 1
9866 1
9866 1
9866 1
9866 1
9866 1
9866 1
9866 1
9866 1
9866 1
9866 1
9866 1
9866 1
9866 1
9866 1
9866 1
9866 1
9866 1
9866 1
9866 1
9866 1
9866 1
9866 1
9866 1
9866 1
9866 1
9866 1
9866 1
9866 1
9866 1
9866 1
9866 1
5071 1
5071 1
5071 1
5071 1
5071 1
5071 1
5071 1
5071 1
5071 1
5071 1
5071 1
5071 1
5071 1
5071 1
5071 1
5071 1
5071 1
5071 1
5071 1
5071 1
5071 1
5071 1
5071 1
5071 1
5071 1
5071 1
5071 1
5071 1
5071 1
5071 1
5071 1
5071 1
5071 1
5071 1
5071 1
5071 1
5071 1
5071 1
5071 1
5167 1
5167 1
5167 1
5167 1
5167 1
5167 1
5167 1
5167 1
5167 1
5167 1
5167 1
5167 1
5167 1
5167 1
5167 1
5167 1
5167 1
5167 1
5167 1
5167 1
5167 1
5167 1
5167 1
5167 1
5167 1
5167 1
5167 1
5167 1
5167 1
5167 1
5167 1
5167 1
5167 1
5167 1
5167 1
5167 1
5167 1
5167 1
5167 1
5152 1
5152 1
5152 1
5152 1
5152 1
5152 1
5152 1
5152 1
5152 1
5152 1
5152 1
5152 1
5152 1
5152 1
5152 1
5152 1
5152 1
5152 1
5152 1
5152 1
5152 1
5152 1
5152 1
5152 1
5152 1
5152 1
5152 1
5152 1
5152 1
5152 1
5152 1
5152 1
5152 1
5152 1
5152 1
5152 1
5152 1
5152 1
5152 1
5151 1
5151 1
5151 1
5151 1
5151 1
5151 1
5151 1
5151 1
5151 1
5151 1
5151 1
5151 1
5151 1
5151 1
5151 1
5151 1
5151 1
5151 1
5151 1
5151 1
5151 1
5151 1
5151 1
5151 1
5151 1
5151 1
5151 1
5151 1
5151 1
5151 1
5151 1
5151 1
5151 1
5151 1
5151 1
5151 1
5151 1
5151 1
5151 1
5149 1
5149 1
5149 1
5149 1
5149 1
5149 1
5149 1
5149 1
5149 1
5149 1
5149 1
5149 1
5149 1
5149 1
5149 1
5149 1
5149 1
5149 1
5149 1
5149 1
5149 1
5149 1
5149 1
5149 1
5149 1
5149 1
5149 1
5149 1
5149 1
5149 1
5149 1
5149 1
5149 1
5149 1
5149 1
5149 1
5149 1
5149 1
5149 1
5145 1
5145 1
5145 1
5145 1
5145 1
5145 1
5145 1
5145 1
5145 1
5145 1
5145 1
5145 1
5145 1
5145 1
5145 1
5145 1
5145 1
5145 1
5145 1
5145 1
5145 1
5145 1
5145 1
5145 1
5145 1
5145 1
5145 1
5145 1
5145 1
5145 1
5145 1
5145 1
5145 1
5145 1
5145 1
5145 1
5145 1
5145 1
5145 1
5248 1
5248 1
5248 1
5248 1
5248 1
5248 1
5248 1
5248 1
5248 1
5248 1
5248 1
5248 1
5248 1
5248 1
5248 1
5248 1
5248 1
5248 1
5248 1
5248 1
5248 1
5248 1
5248 1
5248 1
5248 1
5248 1
5248 1
5248 1
5248 1
5248 1
5248 1
5248 1
5248 1
5248 1
5248 1
5248 1
5248 1
5248 1
5248 1
5349 1
5349 1
5349 1
5349 1
5349 1
5349 1
5349 1
5349 1
5349 1
5349 1
5349 1
5349 1
5349 1
5349 1
5349 1
5349 1
5349 1
5349 1
5349 1
5349 1
5349 1
5349 1
5349 1
5349 1
5349 1
5349 1
5349 1
5349 1
5349 1
5349 1
5349 1
5349 1
5349 1
5349 1
5349 1
5349 1
5349 1
5349 1
5349 1
5234 1
5234 1
5234 1
5234 1
5234 1
5234 1
5234 1
5234 1
5234 1
5234 1
5234 1
5234 1
5234 1
5234 1
5234 1
5234 1
5234 1
5234 1
5234 1
5234 1
5234 1
5234 1
5234 1
5234 1
5234 1
5234 1
5234 1
5234 1
5234 1
5234 1
5234 1
5234 1
5234 1
5234 1
5234 1
5234 1
5234 1
5234 1
5234 1
5427 1
5427 1
5427 1
5427 1
5427 1
5427 1
5427 1
5427 1
5427 1
5427 1
5427 1
5427 1
5427 1
5427 1
5427 1
5427 1
5427 1
5427 1
5427 1
5427 1
5427 1
5427 1
5427 1
5427 1
5427 1
5427 1
5427 1
5427 1
5427 1
5427 1
5427 1
5427 1
5427 1
5427 1
5427 1
5427 1
5427 1
5427 1
5427 1
5426 1
5426 1
5426 1
5426 1
5426 1
5426 1
5426 1
5426 1
5426 1
5426 1
5426 1
5426 1
5426 1
5426 1
5426 1
5426 1
5426 1
5426 1
5426 1
5426 1
5426 1
5426 1
5426 1
5426 1
5426 1
5426 1
5426 1
5426 1
5426 1
5426 1
5426 1
5426 1
5426 1
5426 1
5426 1
5426 1
5426 1
5426 1
5426 1
5425 1
5425 1
5425 1
5425 1
5425 1
5425 1
5425 1
5425 1
5425 1
5425 1
5425 1
5425 1
5425 1
5425 1
5425 1
5425 1
5425 1
5425 1
5425 1
5425 1
5425 1
5425 1
5425 1
5425 1
5425 1
5425 1
5425 1
5425 1
5425 1
5425 1
5425 1
5425 1
5425 1
5425 1
5425 1
5425 1
5425 1
5425 1
5425 1
5407 1
5407 1
5407 1
5407 1
5407 1
5407 1
5407 1
5407 1
5407 1
5407 1
5407 1
5407 1
5407 1
5407 1
5407 1
5407 1
5407 1
5407 1
5407 1
5407 1
5407 1
5407 1
5407 1
5407 1
5407 1
5407 1
5407 1
5407 1
5407 1
5407 1
5407 1
5407 1
5407 1
5407 1
5407 1
5407 1
5407 1
5407 1
5407 1
5515 1
5515 1
5515 1
5515 1
5515 1
5515 1
5515 1
5515 1
5515 1
5515 1
5515 1
5515 1
5515 1
5515 1
5515 1
5515 1
5515 1
5515 1
5515 1
5515 1
5515 1
5515 1
5515 1
5515 1
5515 1
5515 1
5515 1
5515 1
5515 1
5515 1
5515 1
5515 1
5515 1
5515 1
5515 1
5515 1
5515 1
5515 1
5515 1
5514 1
5514 1
5514 1
5514 1
5514 1
5514 1
5514 1
5514 1
5514 1
5514 1
5514 1
5514 1
5514 1
5514 1
5514 1
5514 1
5514 1
5514 1
5514 1
5514 1
5514 1
5514 1
5514 1
5514 1
5514 1
5514 1
5514 1
5514 1
5514 1
5514 1
5514 1
5514 1
5514 1
5514 1
5514 1
5514 1
5514 1
5514 1
5514 1
5501 1
5501 1
5501 1
5501 1
5501 1
5501 1
5501 1
5501 1
5501 1
5501 1
5501 1
5501 1
5501 1
5501 1
5501 1
5501 1
5501 1
5501 1
5501 1
5501 1
5501 1
5501 1
5501 1
5501 1
5501 1
5501 1
5501 1
5501 1
5501 1
5501 1
5501 1
5501 1
5501 1
5501 1
5501 1
5501 1
5501 1
5501 1
5501 1
5500 1
5500 1
5500 1
5500 1
5500 1
5500 1
5500 1
5500 1
5500 1
5500 1
5500 1
5500 1
5500 1
5500 1
5500 1
5500 1
5500 1
5500 1
5500 1
5500 1
5500 1
5500 1
5500 1
5500 1
5500 1
5500 1
5500 1
5500 1
5500 1
5500 1
5500 1
5500 1
5500 1
5500 1
5500 1
5500 1
5500 1
5500 1
5500 1
5604 1
5604 1
5604 1
5604 1
5604 1
5604 1
5604 1
5604 1
5604 1
5604 1
5604 1
5604 1
5604 1
5604 1
5604 1
5604 1
5604 1
5604 1
5604 1
5604 1
5604 1
5604 1
5604 1
5604 1
5604 1
5604 1
5604 1
5604 1
5604 1
5604 1
5604 1
5604 1
5604 1
5604 1
5604 1
5604 1
5604 1
5604 1
5604 1
5603 1
5603 1
5603 1
5603 1
5603 1
5603 1
5603 1
5603 1
5603 1
5603 1
5603 1
5603 1
5603 1
5603 1
5603 1
5603 1
5603 1
5603 1
5603 1
5603 1
5603 1
5603 1
5603 1
5603 1
5603 1
5603 1
5603 1
5603 1
5603 1
5603 1
5603 1
5603 1
5603 1
5603 1
5603 1
5603 1
5603 1
5603 1
5603 1
5693 1
5693 1
5693 1
5693 1
5693 1
5693 1
5693 1
5693 1
5693 1
5693 1
5693 1
5693 1
5693 1
5693 1
5693 1
5693 1
5693 1
5693 1
5693 1
5693 1
5693 1
5693 1
5693 1
5693 1
5693 1
5693 1
5693 1
5693 1
5693 1
5693 1
5693 1
5693 1
5693 1
5693 1
5693 1
5693 1
5693 1
5693 1
5693 1
5576 1
5576 1
5576 1
5576 1
5576 1
5576 1
5576 1
5576 1
5576 1
5576 1
5576 1
5576 1
5576 1
5576 1
5576 1
5576 1
5576 1
5576 1
5576 1
5576 1
5576 1
5576 1
5576 1
5576 1
5576 1
5576 1
5576 1
5576 1
5576 1
5576 1
5576 1
5576 1
5576 1
5576 1
5576 1
5576 1
5576 1
5576 1
5576 1
5578 1
5578 1
5578 1
5578 1
5578 1
5578 1
5578 1
5578 1
5578 1
5578 1
5578 1
5578 1
5578 1
5578 1
5578 1
5578 1
5578 1
5578 1
5578 1
5578 1
5578 1
5578 1
5578 1
5578 1
5578 1
5578 1
5578 1
5578 1
5578 1
5578 1
5578 1
5578 1
5578 1
5578 1
5578 1
5578 1
5578 1
5578 1
5578 1
5577 1
5577 1
5577 1
5577 1
5577 1
5577 1
5577 1
5577 1
5577 1
5577 1
5577 1
5577 1
5577 1
5577 1
5577 1
5577 1
5577 1
5577 1
5577 1
5577 1
5577 1
5577 1
5577 1
5577 1
5577 1
5577 1
5577 1
5577 1
5577 1
5577 1
5577 1
5577 1
5577 1
5577 1
5577 1
5577 1
5577 1
5577 1
5577 1
5691 1
5691 1
5691 1
5691 1
5691 1
5691 1
5691 1
5691 1
5691 1
5691 1
5691 1
5691 1
5691 1
5691 1
5691 1
5691 1
5691 1
5691 1
5691 1
5691 1
5691 1
5691 1
5691 1
5691 1
5691 1
5691 1
5691 1
5691 1
5691 1
5691 1
5691 1
5691 1
5691 1
5691 1
5691 1
5691 1
5691 1
5691 1
5691 1
5789 1
5789 1
5789 1
5789 1
5789 1
5789 1
5789 1
5789 1
5789 1
5789 1
5789 1
5789 1
5789 1
5789 1
5789 1
5789 1
5789 1
5789 1
5789 1
5789 1
5789 1
5789 1
5789 1
5789 1
5789 1
5789 1
5789 1
5789 1
5789 1
5789 1
5789 1
5789 1
5789 1
5789 1
5789 1
5789 1
5789 1
5789 1
5789 1
5785 1
5785 1
5785 1
5785 1
5785 1
5785 1
5785 1
5785 1
5785 1
5785 1
5785 1
5785 1
5785 1
5785 1
5785 1
5785 1
5785 1
5785 1
5785 1
5785 1
5785 1
5785 1
5785 1
5785 1
5785 1
5785 1
5785 1
5785 1
5785 1
5785 1
5785 1
5785 1
5785 1
5785 1
5785 1
5785 1
5785 1
5785 1
5785 1
5881 1
5881 1
5881 1
5881 1
5881 1
5881 1
5881 1
5881 1
5881 1
5881 1
5881 1
5881 1
5881 1
5881 1
5881 1
5881 1
5881 1
5881 1
5881 1
5881 1
5881 1
5881 1
5881 1
5881 1
5881 1
5881 1
5881 1
5881 1
5881 1
5881 1
5881 1
5881 1
5881 1
5881 1
5881 1
5881 1
5881 1
5881 1
5881 1
5986 1
5986 1
5986 1
5986 1
5986 1
5986 1
5986 1
5986 1
5986 1
5986 1
5986 1
5986 1
5986 1
5986 1
5986 1
5986 1
5986 1
5986 1
5986 1
5986 1
5986 1
5986 1
5986 1
5986 1
5986 1
5986 1
5986 1
5986 1
5986 1
5986 1
5986 1
5986 1
5986 1
5986 1
5986 1
5986 1
5986 1
5986 1
5986 1
5878 1
5878 1
5878 1
5878 1
5878 1
5878 1
5878 1
5878 1
5878 1
5878 1
5878 1
5878 1
5878 1
5878 1
5878 1
5878 1
5878 1
5878 1
5878 1
5878 1
5878 1
5878 1
5878 1
5878 1
5878 1
5878 1
5878 1
5878 1
5878 1
5878 1
5878 1
5878 1
5878 1
5878 1
5878 1
5878 1
5878 1
5878 1
5878 1
5877 1
5877 1
5877 1
5877 1
5877 1
5877 1
5877 1
5877 1
5877 1
5877 1
5877 1
5877 1
5877 1
5877 1
5877 1
5877 1
5877 1
5877 1
5877 1
5877 1
5877 1
5877 1
5877 1
5877 1
5877 1
5877 1
5877 1
5877 1
5877 1
5877 1
5877 1
5877 1
5877 1
5877 1
5877 1
5877 1
5877 1
5877 1
5877 1
5873 1
5873 1
5873 1
5873 1
5873 1
5873 1
5873 1
5873 1
5873 1
5873 1
5873 1
5873 1
5873 1
5873 1
5873 1
5873 1
5873 1
5873 1
5873 1
5873 1
5873 1
5873 1
5873 1
5873 1
5873 1
5873 1
5873 1
5873 1
5873 1
5873 1
5873 1
5873 1
5873 1
5873 1
5873 1
5873 1
5873 1
5873 1
5873 1
5872 1
5872 1
5872 1
5872 1
5872 1
5872 1
5872 1
5872 1
5872 1
5872 1
5872 1
5872 1
5872 1
5872 1
5872 1
5872 1
5872 1
5872 1
5872 1
5872 1
5872 1
5872 1
5872 1
5872 1
5872 1
5872 1
5872 1
5872 1
5872 1
5872 1
5872 1
5872 1
5872 1
5872 1
5872 1
5872 1
5872 1
5872 1
5872 1
5749 1
5749 1
5749 1
5749 1
5749 1
5749 1
5749 1
5749 1
5749 1
5749 1
5749 1
5749 1
5749 1
5749 1
5749 1
5749 1
5749 1
5749 1
5749 1
5749 1
5749 1
5749 1
5749 1
5749 1
5749 1
5749 1
5749 1
5749 1
5749 1
5749 1
5749 1
5749 1
5749 1
5749 1
5749 1
5749 1
5749 1
5749 1
5749 1
5977 1
5977 1
5977 1
5977 1
5977 1
5977 1
5977 1
5977 1
5977 1
5977 1
5977 1
5977 1
5977 1
5977 1
5977 1
5977 1
5977 1
5977 1
5977 1
5977 1
5977 1
5977 1
5977 1
5977 1
5977 1
5977 1
5977 1
5977 1
5977 1
5977 1
5977 1
5977 1
5977 1
5977 1
5977 1
5977 1
5977 1
5977 1
5977 1
5974 1
5974 1
5974 1
5974 1
5974 1
5974 1
5974 1
5974 1
5974 1
5974 1
5974 1
5974 1
5974 1
5974 1
5974 1
5974 1
5974 1
5974 1
5974 1
5974 1
5974 1
5974 1
5974 1
5974 1
5974 1
5974 1
5974 1
5974 1
5974 1
5974 1
5974 1
5974 1
5974 1
5974 1
5974 1
5974 1
5974 1
5974 1
5974 1
5972 1
5972 1
5972 1
5972 1
5972 1
5972 1
5972 1
5972 1
5972 1
5972 1
5972 1
5972 1
5972 1
5972 1
5972 1
5972 1
5972 1
5972 1
5972 1
5972 1
5972 1
5972 1
5972 1
5972 1
5972 1
5972 1
5972 1
5972 1
5972 1
5972 1
5972 1
5972 1
5972 1
5972 1
5972 1
5972 1
5972 1
5972 1
5972 1
6084 1
6084 1
6084 1
6084 1
6084 1
6084 1
6084 1
6084 1
6084 1
6084 1
6084 1
6084 1
6084 1
6084 1
6084 1
6084 1
6084 1
6084 1
6084 1
6084 1
6084 1
6084 1
6084 1
6084 1
6084 1
6084 1
6084 1
6084 1
6084 1
6084 1
6084 1
6084 1
6084 1
6084 1
6084 1
6084 1
6084 1
6084 1
6084 1
6083 1
6083 1
6083 1
6083 1
6083 1
6083 1
6083 1
6083 1
6083 1
6083 1
6083 1
6083 1
6083 1
6083 1
6083 1
6083 1
6083 1
6083 1
6083 1
6083 1
6083 1
6083 1
6083 1
6083 1
6083 1
6083 1
6083 1
6083 1
6083 1
6083 1
6083 1
6083 1
6083 1
6083 1
6083 1
6083 1
6083 1
6083 1
6083 1
6082 1
6082 1
6082 1
6082 1
6082 1
6082 1
6082 1
6082 1
6082 1
6082 1
6082 1
6082 1
6082 1
6082 1
6082 1
6082 1
6082 1
6082 1
6082 1
6082 1
6082 1
6082 1
6082 1
6082 1
6082 1
6082 1
6082 1
6082 1
6082 1
6082 1
6082 1
6082 1
6082 1
6082 1
6082 1
6082 1
6082 1
6082 1
6082 1
6076 1
6076 1
6076 1
6076 1
6076 1
6076 1
6076 1
6076 1
6076 1
6076 1
6076 1
6076 1
6076 1
6076 1
6076 1
6076 1
6076 1
6076 1
6076 1
6076 1
6076 1
6076 1
6076 1
6076 1
6076 1
6076 1
6076 1
6076 1
6076 1
6076 1
6076 1
6076 1
6076 1
6076 1
6076 1
6076 1
6076 1
6076 1
6076 1
5944 1
5944 1
5944 1
5944 1
5944 1
5944 1
5944 1
5944 1
5944 1
5944 1
5944 1
5944 1
5944 1
5944 1
5944 1
5944 1
5944 1
5944 1
5944 1
5944 1
5944 1
5944 1
5944 1
5944 1
5944 1
5944 1
5944 1
5944 1
5944 1
5944 1
5944 1
5944 1
5944 1
5944 1
5944 1
5944 1
5944 1
5944 1
5944 1
6240 1
6240 1
6240 1
6240 1
6240 1
6240 1
6240 1
6240 1
6240 1
6240 1
6240 1
6240 1
6240 1
6240 1
6240 1
6240 1
6240 1
6240 1
6240 1
6240 1
6240 1
6240 1
6240 1
6240 1
6240 1
6240 1
6240 1
6240 1
6240 1
6240 1
6240 1
6240 1
6240 1
6240 1
6240 1
6240 1
6240 1
6240 1
6240 1
6241 1
6241 1
6241 1
6241 1
6241 1
6241 1
6241 1
6241 1
6241 1
6241 1
6241 1
6241 1
6241 1
6241 1
6241 1
6241 1
6241 1
6241 1
6241 1
6241 1
6241 1
6241 1
6241 1
6241 1
6241 1
6241 1
6241 1
6241 1
6241 1
6241 1
6241 1
6241 1
6241 1
6241 1
6241 1
6241 1
6241 1
6241 1
6241 1
6242 1
6242 1
6242 1
6242 1
6242 1
6242 1
6242 1
6242 1
6242 1
6242 1
6242 1
6242 1
6242 1
6242 1
6242 1
6242 1
6242 1
6242 1
6242 1
6242 1
6242 1
6242 1
6242 1
6242 1
6242 1
6242 1
6242 1
6242 1
6242 1
6242 1
6242 1
6242 1
6242 1
6242 1
6242 1
6242 1
6242 1
6242 1
6242 1
6333 1
6333 1
6333 1
6333 1
6333 1
6333 1
6333 1
6333 1
6333 1
6333 1
6333 1
6333 1
6333 1
6333 1
6333 1
6333 1
6333 1
6333 1
6333 1
6333 1
6333 1
6333 1
6333 1
6333 1
6333 1
6333 1
6333 1
6333 1
6333 1
6333 1
6333 1
6333 1
6333 1
6333 1
6333 1
6333 1
6333 1
6333 1
6333 1
6419 1
6419 1
6419 1
6419 1
6419 1
6419 1
6419 1
6419 1
6419 1
6419 1
6419 1
6419 1
6419 1
6419 1
6419 1
6419 1
6419 1
6419 1
6419 1
6419 1
6419 1
6419 1
6419 1
6419 1
6419 1
6419 1
6419 1
6419 1
6419 1
6419 1
6419 1
6419 1
6419 1
6419 1
6419 1
6419 1
6419 1
6419 1
6419 1
6425 1
6425 1
6425 1
6425 1
6425 1
6425 1
6425 1
6425 1
6425 1
6425 1
6425 1
6425 1
6425 1
6425 1
6425 1
6425 1
6425 1
6425 1
6425 1
6425 1
6425 1
6425 1
6425 1
6425 1
6425 1
6425 1
6425 1
6425 1
6425 1
6425 1
6425 1
6425 1
6425 1
6425 1
6425 1
6425 1
6425 1
6425 1
6425 1
6823 1
6823 1
6823 1
6823 1
6823 1
6823 1
6823 1
6823 1
6823 1
6823 1
6823 1
6823 1
6823 1
6823 1
6823 1
6823 1
6823 1
6823 1
6823 1
6823 1
6823 1
6823 1
6823 1
6823 1
6823 1
6823 1
6823 1
6823 1
6823 1
6823 1
6823 1
6823 1
6823 1
6823 1
6823 1
6823 1
6823 1
6823 1
6823 1
6892 1
6892 1
6892 1
6892 1
6892 1
6892 1
6892 1
6892 1
6892 1
6892 1
6892 1
6892 1
6892 1
6892 1
6892 1
6892 1
6892 1
6892 1
6892 1
6892 1
6892 1
6892 1
6892 1
6892 1
6892 1
6892 1
6892 1
6892 1
6892 1
6892 1
6892 1
6892 1
6892 1
6892 1
6892 1
6892 1
6892 1
6892 1
6892 1
7051 1
7051 1
7051 1
7051 1
7051 1
7051 1
7051 1
7051 1
7051 1
7051 1
7051 1
7051 1
7051 1
7051 1
7051 1
7051 1
7051 1
7051 1
7051 1
7051 1
7051 1
7051 1
7051 1
7051 1
7051 1
7051 1
7051 1
7051 1
7051 1
7051 1
7051 1
7051 1
7051 1
7051 1
7051 1
7051 1
7051 1
7051 1
7051 1
6964 1
6964 1
6964 1
6964 1
6964 1
6964 1
6964 1
6964 1
6964 1
6964 1
6964 1
6964 1
6964 1
6964 1
6964 1
6964 1
6964 1
6964 1
6964 1
6964 1
6964 1
6964 1
6964 1
6964 1
6964 1
6964 1
6964 1
6964 1
6964 1
6964 1
6964 1
6964 1
6964 1
6964 1
6964 1
6964 1
6964 1
6964 1
6964 1
6965 1
6965 1
6965 1
6965 1
6965 1
6965 1
6965 1
6965 1
6965 1
6965 1
6965 1
6965 1
6965 1
6965 1
6965 1
6965 1
6965 1
6965 1
6965 1
6965 1
6965 1
6965 1
6965 1
6965 1
6965 1
6965 1
6965 1
6965 1
6965 1
6965 1
6965 1
6965 1
6965 1
6965 1
6965 1
6965 1
6965 1
6965 1
6965 1
7031 1
7031 1
7031 1
7031 1
7031 1
7031 1
7031 1
7031 1
7031 1
7031 1
7031 1
7031 1
7031 1
7031 1
7031 1
7031 1
7031 1
7031 1
7031 1
7031 1
7031 1
7031 1
7031 1
7031 1
7031 1
7031 1
7031 1
7031 1
7031 1
7031 1
7031 1
7031 1
7031 1
7031 1
7031 1
7031 1
7031 1
7031 1
7031 1
7032 1
7032 1
7032 1
7032 1
7032 1
7032 1
7032 1
7032 1
7032 1
7032 1
7032 1
7032 1
7032 1
7032 1
7032 1
7032 1
7032 1
7032 1
7032 1
7032 1
7032 1
7032 1
7032 1
7032 1
7032 1
7032 1
7032 1
7032 1
7032 1
7032 1
7032 1
7032 1
7032 1
7032 1
7032 1
7032 1
7032 1
7032 1
7032 1
7103 1
7103 1
7103 1
7103 1
7103 1
7103 1
7103 1
7103 1
7103 1
7103 1
7103 1
7103 1
7103 1
7103 1
7103 1
7103 1
7103 1
7103 1
7103 1
7103 1
7103 1
7103 1
7103 1
7103 1
7103 1
7103 1
7103 1
7103 1
7103 1
7103 1
7103 1
7103 1
7103 1
7103 1
7103 1
7103 1
7103 1
7103 1
7103 1
7378 1
7378 1
7378 1
7378 1
7378 1
7378 1
7378 1
7378 1
7378 1
7378 1
7378 1
7378 1
7378 1
7378 1
7378 1
7378 1
7378 1
7378 1
7378 1
7378 1
7378 1
7378 1
7378 1
7378 1
7378 1
7378 1
7378 1
7378 1
7378 1
7378 1
7378 1
7378 1
7378 1
7378 1
7378 1
7378 1
7378 1
7378 1
7378 1
