pt_graph met
773 23
811 23
812 23
852 23
853 23
860 23
900 23
901 23
902 23
903 23
904 23
907 23
947 23
952 23
955 23
956 23
957 23
958 23
1009 23
1011 23
1012 23
1013 23
1050 23
1055 23
1064 23
1065 23
1066 23
1068 23
1069 23
1126 23
1127 23
1130 23
1133 23
1173 23
1185 23
1190 23
1191 23
1192 23
1195 23
1196 23
1197 23
1228 23
1238 23
1259 23
1324 23
1328 23
1365 23
1391 23
1393 23
1394 23
1437 23
1450 23
1458 23
1459 23
1460 23
1461 23
1502 23
1505 23
1525 23
1526 23
1527 23
1528 23
1571 23
1574 23
1581 23
1586 23
1597 23
1598 23
1599 23
1642 23
1649 23
1656 23
1666 23
1667 23
1668 23
1703 23
1726 23
1775 23
1789 23
1808 23
1809 23
1810 23
1811 23
1812 23
1879 23
1884 23
1885 23
1886 23
1887 23
1964 23
1965 23
1966 23
1967 23
2029 23
2043 23
2047 23
2049 23
2130 23
2199 23
2204 23
2298 23
2365 23
2381 23
2424 23
2536 23
2580 23
2599 23
2600 23
2609 23
2616 23
2668 23
2669 23
2699 23
2702 23
2747 23
2763 23
2784 23
2865 23
2940 23
2941 23
2942 23
3016 23
3065 23
3135 23
3207 23
3209 23
3216 23
3231 23
3239 23
3301 23
3322 23
3396 23
3462 23
3463 23
3480 23
3485 23
3996 23
4077 23
4327 23
4344 23
4800 23
4802 23
4886 23
4985 23
5053 23
5071 23
5073 23
5158 23
5159 23
5161 23
5338 23
5340 23
5876 23
5973 23
9692 23
9735 23
9825 23
9999 23
10235 23
10259 23
10301 23
10345 23
10548 23
10769 23
10777 23
10779 23
