pt_graph freq
1008 1.00000000
1301 0.96183280
1301 0.03816720
1302 0.96183280
1302 0.03816720
1367 1.00000000
1368 0.27935819
1368 0.01108542
1368 0.70955639
1369 0.27935819
1369 0.01108542
1369 0.70955639
1370 1.00000000
1434 1.00000000
1436 1.00000000
1449 1.00000000
1455 1.00000000
1498 0.28248971
1498 0.71751029
1499 1.00000000
1501 1.00000000
1503 1.00000000
1569 1.00000000
1571 1.00000000
1589 1.00000000
1643 0.28248971
1643 0.71751029
1644 0.27935819
1644 0.01108542
1644 0.70955639
1662 1.00000000
1712 1.00000000
1787 1.00000000
1791 1.00000000
1858 1.00000000
1956 1.00000000
2030 1.00000000
2043 0.01538270
2043 0.98461730
2101 1.00000000
2185 1.00000000
2186 1.00000000
2198 1.00000000
2200 1.00000000
2207 1.00000000
2271 1.00000000
2281 1.00000000
2284 1.00000000
2352 1.00000000
2354 1.00000000
2357 1.00000000
2358 1.00000000
2361 0.01538270
2361 0.98461730
2363 1.00000000
2426 1.00000000
2434 1.00000000
2445 1.00000000
2446 1.00000000
2509 1.00000000
2511 1.00000000
2521 1.00000000
2583 1.00000000
2590 1.00000000
2597 1.00000000
2599 1.00000000
2600 1.00000000
2601 1.00000000
2607 1.00000000
2668 0.27935819
2668 0.01108542
2668 0.70955639
2669 1.00000000
2674 1.00000000
2675 1.00000000
2682 1.00000000
2752 1.00000000
2757 1.00000000
2759 1.00000000
2766 1.00000000
2768 1.00000000
2775 0.27935819
2775 0.01108542
2775 0.70955639
2834 0.27935819
2834 0.01108542
2834 0.70955639
2835 1.00000000
2838 1.00000000
2841 1.00000000
2842 1.00000000
2849 0.01538270
2849 0.98461730
2850 1.00000000
2911 1.00000000
2913 1.00000000
2922 0.28248971
2922 0.71751029
2925 1.00000000
2926 1.00000000
2932 1.00000000
2939 1.00000000
2997 1.00000000
2998 1.00000000
3000 0.27935819
3000 0.01108542
3000 0.70955639
3012 1.00000000
3071 1.00000000
3074 1.00000000
3085 0.27935819
3085 0.01108542
3085 0.70955639
3139 1.00000000
3142 1.00000000
3144 0.96183280
3144 0.03816720
3145 0.27935819
3145 0.01108542
3145 0.70955639
3161 0.01538270
3161 0.98461730
3211 1.00000000
3214 1.00000000
3221 1.00000000
3222 1.00000000
3308 0.96183280
3308 0.03816720
3313 1.00000000
3323 1.00000000
3387 1.00000000
3389 1.00000000
3404 1.00000000
3461 0.28248971
3461 0.71751029
3468 0.96183280
3468 0.03816720
3469 0.01538270
3469 0.98461730
3470 0.28248971
3470 0.71751029
3471 1.00000000
3484 1.00000000
3540 1.00000000
3552 1.00000000
3553 1.00000000
3556 1.00000000
3563 1.00000000
3568 1.00000000
3624 1.00000000
3634 1.00000000
3635 0.96183280
3635 0.03816720
3647 1.00000000
3650 1.00000000
3705 1.00000000
3716 1.00000000
3717 1.00000000
3718 0.27935819
3718 0.01108542
3718 0.70955639
3719 1.00000000
3734 1.00000000
3794 1.00000000
3804 0.96183280
3804 0.03816720
3805 1.00000000
3806 1.00000000
3818 1.00000000
3827 1.00000000
3881 1.00000000
3884 1.00000000
3896 0.27935819
3896 0.01108542
3896 0.70955639
3901 1.00000000
3918 1.00000000
4003 1.00000000
4007 1.00000000
4059 1.00000000
4067 1.00000000
4069 1.00000000
4074 1.00000000
4075 1.00000000
4076 1.00000000
4085 1.00000000
4100 1.00000000
4157 0.96183280
4157 0.03816720
4162 1.00000000
4163 1.00000000
4172 1.00000000
4185 0.28248971
4185 0.71751029
4234 1.00000000
4246 1.00000000
4253 0.96183280
4253 0.03816720
4267 1.00000000
4270 1.00000000
4271 1.00000000
4272 1.00000000
4323 1.00000000
4328 0.96183280
4328 0.03816720
4329 1.00000000
4421 1.00000000
4427 1.00000000
4437 1.00000000
4452 0.01538270
4452 0.98461730
4458 1.00000000
4502 1.00000000
4533 1.00000000
4543 0.01538270
4543 0.98461730
4544 0.27935819
4544 0.01108542
4544 0.70955639
4549 1.00000000
4635 0.27935819
4635 0.01108542
4635 0.70955639
4636 1.00000000
4638 1.00000000
4639 0.01538270
4639 0.98461730
4686 1.00000000
4695 1.00000000
4698 1.00000000
4716 1.00000000
4728 1.00000000
4729 1.00000000
4791 1.00000000
4794 1.00000000
4803 1.00000000
4819 1.00000000
4820 1.00000000
4821 1.00000000
4822 1.00000000
4823 1.00000000
4824 1.00000000
4878 1.00000000
4886 0.96183280
4886 0.03816720
4889 1.00000000
4890 0.01538270
4890 0.98461730
4897 1.00000000
4911 0.96183280
4911 0.03816720
4957 1.00000000
4960 1.00000000
4980 0.28248971
4980 0.71751029
4981 0.27935819
4981 0.01108542
4981 0.70955639
5057 1.00000000
5058 1.00000000
5060 1.00000000
5061 1.00000000
5062 1.00000000
5069 0.96183280
5069 0.03816720
5070 1.00000000
5089 0.27935819
5089 0.01108542
5089 0.70955639
5092 0.96183280
5092 0.03816720
5134 1.00000000
5137 1.00000000
5138 1.00000000
5140 1.00000000
5141 1.00000000
5154 1.00000000
5155 0.01538270
5155 0.98461730
5156 1.00000000
5162 1.00000000
5163 1.00000000
5173 1.00000000
5178 1.00000000
5179 0.96183280
5179 0.03816720
5180 1.00000000
5181 0.96183280
5181 0.03816720
5222 1.00000000
5225 1.00000000
5226 1.00000000
5247 1.00000000
5248 1.00000000
5254 1.00000000
5270 1.00000000
5312 1.00000000
5319 1.00000000
5325 1.00000000
5331 1.00000000
5334 1.00000000
5349 1.00000000
5355 0.27935819
5355 0.01108542
5355 0.70955639
5356 0.28248971
5356 0.71751029
5357 1.00000000
5399 1.00000000
5400 1.00000000
5418 0.96183280
5418 0.03816720
5419 0.27935819
5419 0.01108542
5419 0.70955639
5422 1.00000000
5423 1.00000000
5424 1.00000000
5426 0.28248971
5426 0.71751029
5427 0.27935819
5427 0.01108542
5427 0.70955639
5428 1.00000000
5429 1.00000000
5430 0.27935819
5430 0.01108542
5430 0.70955639
5434 1.00000000
5443 0.01538270
5443 0.98461730
5445 1.00000000
5486 1.00000000
5499 1.00000000
5501 1.00000000
5505 1.00000000
5506 0.28248971
5506 0.71751029
5507 1.00000000
5508 1.00000000
5510 1.00000000
5511 0.27935819
5511 0.01108542
5511 0.70955639
5513 0.28248971
5513 0.71751029
5515 0.01538270
5515 0.98461730
5516 0.27935819
5516 0.01108542
5516 0.70955639
5517 1.00000000
5518 0.27935819
5518 0.01108542
5518 0.70955639
5521 1.00000000
5527 0.96183280
5527 0.03816720
5533 1.00000000
5591 1.00000000
5592 1.00000000
5593 1.00000000
5594 1.00000000
5597 1.00000000
5599 1.00000000
5600 0.27935819
5600 0.01108542
5600 0.70955639
5601 0.27935819
5601 0.01108542
5601 0.70955639
5602 0.27935819
5602 0.01108542
5602 0.70955639
5604 1.00000000
5605 0.27935819
5605 0.01108542
5605 0.70955639
5606 0.27935819
5606 0.01108542
5606 0.70955639
5607 0.01538270
5607 0.98461730
5614 0.27935819
5614 0.01108542
5614 0.70955639
5615 0.27935819
5615 0.01108542
5615 0.70955639
5618 0.27935819
5618 0.01108542
5618 0.70955639
5619 1.00000000
5662 1.00000000
5663 1.00000000
5666 1.00000000
5675 0.27935819
5675 0.01108542
5675 0.70955639
5676 0.27935819
5676 0.01108542
5676 0.70955639
5677 0.27935819
5677 0.01108542
5677 0.70955639
5678 1.00000000
5688 0.27935819
5688 0.01108542
5688 0.70955639
5689 0.27935819
5689 0.01108542
5689 0.70955639
5693 0.01538270
5693 0.98461730
5694 0.27935819
5694 0.01108542
5694 0.70955639
5695 1.00000000
5700 1.00000000
5701 0.28248971
5701 0.71751029
5702 0.27935819
5702 0.01108542
5702 0.70955639
5703 1.00000000
5704 0.27935819
5704 0.01108542
5704 0.70955639
5751 1.00000000
5761 0.27935819
5761 0.01108542
5761 0.70955639
5762 1.00000000
5775 1.00000000
5776 1.00000000
5777 0.27935819
5777 0.01108542
5777 0.70955639
5784 0.27935819
5784 0.01108542
5784 0.70955639
5788 1.00000000
5792 0.28248971
5792 0.71751029
5793 0.96183280
5793 0.03816720
5794 1.00000000
5795 0.27935819
5795 0.01108542
5795 0.70955639
5796 0.27935819
5796 0.01108542
5796 0.70955639
5842 1.00000000
5849 1.00000000
5850 0.27935819
5850 0.01108542
5850 0.70955639
5851 0.27935819
5851 0.01108542
5851 0.70955639
5852 1.00000000
5870 1.00000000
5871 0.27935819
5871 0.01108542
5871 0.70955639
5873 1.00000000
5878 0.01538270
5878 0.98461730
5879 0.27935819
5879 0.01108542
5879 0.70955639
5880 1.00000000
5881 1.00000000
5883 0.01538270
5883 0.98461730
5884 1.00000000
5885 0.96183280
5885 0.03816720
5887 0.27935819
5887 0.01108542
5887 0.70955639
5935 1.00000000
5937 1.00000000
5943 1.00000000
5944 1.00000000
5945 1.00000000
5946 0.27935819
5946 0.01108542
5946 0.70955639
5949 1.00000000
5967 1.00000000
5968 0.27935819
5968 0.01108542
5968 0.70955639
5969 0.28248971
5969 0.71751029
5970 0.01538270
5970 0.98461730
5975 0.27935819
5975 0.01108542
5975 0.70955639
5976 0.01538270
5976 0.98461730
5978 0.27935819
5978 0.01108542
5978 0.70955639
5979 1.00000000
5984 0.27935819
5984 0.01108542
5984 0.70955639
6039 1.00000000
6047 1.00000000
6048 0.27935819
6048 0.01108542
6048 0.70955639
6051 1.00000000
6071 1.00000000
6072 1.00000000
6073 0.96183280
6073 0.03816720
6074 0.27935819
6074 0.01108542
6074 0.70955639
6076 0.28248971
6076 0.71751029
6077 0.27935819
6077 0.01108542
6077 0.70955639
6078 1.00000000
6079 0.27935819
6079 0.01108542
6079 0.70955639
6080 0.27935819
6080 0.01108542
6080 0.70955639
6081 0.96183280
6081 0.03816720
6082 0.28248971
6082 0.71751029
6084 1.00000000
6087 1.00000000
6088 0.96183280
6088 0.03816720
6141 1.00000000
6144 1.00000000
6148 0.27935819
6148 0.01108542
6148 0.70955639
6149 0.27935819
6149 0.01108542
6149 0.70955639
6150 1.00000000
6157 1.00000000
6172 1.00000000
6173 1.00000000
6174 0.96183280
6174 0.03816720
6175 0.27935819
6175 0.01108542
6175 0.70955639
6176 1.00000000
6177 0.27935819
6177 0.01108542
6177 0.70955639
6178 0.27935819
6178 0.01108542
6178 0.70955639
6179 0.27935819
6179 0.01108542
6179 0.70955639
6180 0.27935819
6180 0.01108542
6180 0.70955639
6244 0.27935819
6244 0.01108542
6244 0.70955639
6245 0.01538270
6245 0.98461730
6248 1.00000000
6253 1.00000000
6267 0.28248971
6267 0.71751029
6268 0.27935819
6268 0.01108542
6268 0.70955639
6269 0.01538270
6269 0.98461730
6270 0.01538270
6270 0.98461730
6271 0.27935819
6271 0.01108542
6271 0.70955639
6273 0.01538270
6273 0.98461730
6274 0.27935819
6274 0.01108542
6274 0.70955639
6276 1.00000000
6335 1.00000000
6342 1.00000000
6348 1.00000000
6358 1.00000000
6360 0.27935819
6360 0.01108542
6360 0.70955639
6361 0.27935819
6361 0.01108542
6361 0.70955639
6362 0.27935819
6362 0.01108542
6362 0.70955639
6363 0.01538270
6363 0.98461730
6364 0.27935819
6364 0.01108542
6364 0.70955639
6425 1.00000000
6438 1.00000000
6441 1.00000000
6449 1.00000000
6450 0.01538270
6450 0.98461730
6451 0.28248971
6451 0.71751029
6452 1.00000000
6453 0.27935819
6453 0.01108542
6453 0.70955639
6454 0.27935819
6454 0.01108542
6454 0.70955639
6455 0.96183280
6455 0.03816720
6512 1.00000000
6535 1.00000000
6537 0.96183280
6537 0.03816720
6538 0.27935819
6538 0.01108542
6538 0.70955639
6539 0.96183280
6539 0.03816720
6541 0.28248971
6541 0.71751029
6603 1.00000000
6610 1.00000000
6612 1.00000000
6623 1.00000000
6681 1.00000000
6688 1.00000000
6701 1.00000000
6703 1.00000000
6775 1.00000000
6835 1.00000000
6915 1.00000000
6917 0.01538270
6917 0.98461730
6919 1.00000000
6921 1.00000000
6979 1.00000000
6980 1.00000000
6985 0.27935819
6985 0.01108542
6985 0.70955639
6988 0.27935819
6988 0.01108542
6988 0.70955639
7048 1.00000000
7052 0.27935819
7052 0.01108542
7052 0.70955639
7056 1.00000000
7057 0.27935819
7057 0.01108542
7057 0.70955639
7121 1.00000000
7122 0.27935819
7122 0.01108542
7122 0.70955639
7125 1.00000000
7126 1.00000000
7192 1.00000000
7194 1.00000000
7197 0.28248971
7197 0.71751029
7198 1.00000000
7199 1.00000000
7200 0.27935819
7200 0.01108542
7200 0.70955639
7269 0.27935819
7269 0.01108542
7269 0.70955639
7512 1.00000000
9719 1.00000000
9890 1.00000000
9901 1.00000000
9910 0.01538270
9910 0.98461730
10002 1.00000000
10342 1.00000000
