pt_graph shape
1447 1
1447 1
1447 1
1447 1
1447 1
1447 1
1447 1
1447 1
1447 1
1447 1
1447 1
1447 1
1447 1
1447 1
1447 1
1447 1
1447 1
1447 1
1447 1
1447 1
1447 1
1447 1
1447 1
1447 1
1447 1
1447 1
1447 1
1447 1
1447 1
1447 1
1447 1
1447 1
1447 1
1447 1
1447 1
1447 1
1447 1
1447 1
1447 1
1447 1
1447 1
1447 1
1447 1
1447 1
1447 1
1588 1
1588 1
1588 1
1588 1
1588 1
1588 1
1588 1
1588 1
1588 1
1588 1
1588 1
1588 1
1588 1
1588 1
1588 1
1588 1
1588 1
1588 1
1588 1
1588 1
1588 1
1588 1
1588 1
1588 1
1588 1
1588 1
1588 1
1588 1
1588 1
1588 1
1588 1
1588 1
1588 1
1588 1
1588 1
1588 1
1588 1
1588 1
1588 1
1588 1
1588 1
1588 1
1588 1
1588 1
1588 1
1804 1
1804 1
1804 1
1804 1
1804 1
1804 1
1804 1
1804 1
1804 1
1804 1
1804 1
1804 1
1804 1
1804 1
1804 1
1804 1
1804 1
1804 1
1804 1
1804 1
1804 1
1804 1
1804 1
1804 1
1804 1
1804 1
1804 1
1804 1
1804 1
1804 1
1804 1
1804 1
1804 1
1804 1
1804 1
1804 1
1804 1
1804 1
1804 1
1804 1
1804 1
1804 1
1804 1
1804 1
1804 1
2045 1
2045 1
2045 1
2045 1
2045 1
2045 1
2045 1
2045 1
2045 1
2045 1
2045 1
2045 1
2045 1
2045 1
2045 1
2045 1
2045 1
2045 1
2045 1
2045 1
2045 1
2045 1
2045 1
2045 1
2045 1
2045 1
2045 1
2045 1
2045 1
2045 1
2045 1
2045 1
2045 1
2045 1
2045 1
2045 1
2045 1
2045 1
2045 1
2045 1
2045 1
2045 1
2045 1
2045 1
2045 1
2043 1
2043 1
2043 1
2043 1
2043 1
2043 1
2043 1
2043 1
2043 1
2043 1
2043 1
2043 1
2043 1
2043 1
2043 1
2043 1
2043 1
2043 1
2043 1
2043 1
2043 1
2043 1
2043 1
2043 1
2043 1
2043 1
2043 1
2043 1
2043 1
2043 1
2043 1
2043 1
2043 1
2043 1
2043 1
2043 1
2043 1
2043 1
2043 1
2043 1
2043 1
2043 1
2043 1
2043 1
2043 1
2211 1
2211 1
2211 1
2211 1
2211 1
2211 1
2211 1
2211 1
2211 1
2211 1
2211 1
2211 1
2211 1
2211 1
2211 1
2211 1
2211 1
2211 1
2211 1
2211 1
2211 1
2211 1
2211 1
2211 1
2211 1
2211 1
2211 1
2211 1
2211 1
2211 1
2211 1
2211 1
2211 1
2211 1
2211 1
2211 1
2211 1
2211 1
2211 1
2211 1
2211 1
2211 1
2211 1
2211 1
2211 1
2291 1
2291 1
2291 1
2291 1
2291 1
2291 1
2291 1
2291 1
2291 1
2291 1
2291 1
2291 1
2291 1
2291 1
2291 1
2291 1
2291 1
2291 1
2291 1
2291 1
2291 1
2291 1
2291 1
2291 1
2291 1
2291 1
2291 1
2291 1
2291 1
2291 1
2291 1
2291 1
2291 1
2291 1
2291 1
2291 1
2291 1
2291 1
2291 1
2291 1
2291 1
2291 1
2291 1
2291 1
2291 1
2444 1
2444 1
2444 1
2444 1
2444 1
2444 1
2444 1
2444 1
2444 1
2444 1
2444 1
2444 1
2444 1
2444 1
2444 1
2444 1
2444 1
2444 1
2444 1
2444 1
2444 1
2444 1
2444 1
2444 1
2444 1
2444 1
2444 1
2444 1
2444 1
2444 1
2444 1
2444 1
2444 1
2444 1
2444 1
2444 1
2444 1
2444 1
2444 1
2444 1
2444 1
2444 1
2444 1
2444 1
2444 1
2687 1
2687 1
2687 1
2687 1
2687 1
2687 1
2687 1
2687 1
2687 1
2687 1
2687 1
2687 1
2687 1
2687 1
2687 1
2687 1
2687 1
2687 1
2687 1
2687 1
2687 1
2687 1
2687 1
2687 1
2687 1
2687 1
2687 1
2687 1
2687 1
2687 1
2687 1
2687 1
2687 1
2687 1
2687 1
2687 1
2687 1
2687 1
2687 1
2687 1
2687 1
2687 1
2687 1
2687 1
2687 1
2683 1
2683 1
2683 1
2683 1
2683 1
2683 1
2683 1
2683 1
2683 1
2683 1
2683 1
2683 1
2683 1
2683 1
2683 1
2683 1
2683 1
2683 1
2683 1
2683 1
2683 1
2683 1
2683 1
2683 1
2683 1
2683 1
2683 1
2683 1
2683 1
2683 1
2683 1
2683 1
2683 1
2683 1
2683 1
2683 1
2683 1
2683 1
2683 1
2683 1
2683 1
2683 1
2683 1
2683 1
2683 1
2681 1
2681 1
2681 1
2681 1
2681 1
2681 1
2681 1
2681 1
2681 1
2681 1
2681 1
2681 1
2681 1
2681 1
2681 1
2681 1
2681 1
2681 1
2681 1
2681 1
2681 1
2681 1
2681 1
2681 1
2681 1
2681 1
2681 1
2681 1
2681 1
2681 1
2681 1
2681 1
2681 1
2681 1
2681 1
2681 1
2681 1
2681 1
2681 1
2681 1
2681 1
2681 1
2681 1
2681 1
2681 1
2775 1
2775 1
2775 1
2775 1
2775 1
2775 1
2775 1
2775 1
2775 1
2775 1
2775 1
2775 1
2775 1
2775 1
2775 1
2775 1
2775 1
2775 1
2775 1
2775 1
2775 1
2775 1
2775 1
2775 1
2775 1
2775 1
2775 1
2775 1
2775 1
2775 1
2775 1
2775 1
2775 1
2775 1
2775 1
2775 1
2775 1
2775 1
2775 1
2775 1
2775 1
2775 1
2775 1
2775 1
2775 1
2768 1
2768 1
2768 1
2768 1
2768 1
2768 1
2768 1
2768 1
2768 1
2768 1
2768 1
2768 1
2768 1
2768 1
2768 1
2768 1
2768 1
2768 1
2768 1
2768 1
2768 1
2768 1
2768 1
2768 1
2768 1
2768 1
2768 1
2768 1
2768 1
2768 1
2768 1
2768 1
2768 1
2768 1
2768 1
2768 1
2768 1
2768 1
2768 1
2768 1
2768 1
2768 1
2768 1
2768 1
2768 1
2850 1
2850 1
2850 1
2850 1
2850 1
2850 1
2850 1
2850 1
2850 1
2850 1
2850 1
2850 1
2850 1
2850 1
2850 1
2850 1
2850 1
2850 1
2850 1
2850 1
2850 1
2850 1
2850 1
2850 1
2850 1
2850 1
2850 1
2850 1
2850 1
2850 1
2850 1
2850 1
2850 1
2850 1
2850 1
2850 1
2850 1
2850 1
2850 1
2850 1
2850 1
2850 1
2850 1
2850 1
2850 1
2923 1
2923 1
2923 1
2923 1
2923 1
2923 1
2923 1
2923 1
2923 1
2923 1
2923 1
2923 1
2923 1
2923 1
2923 1
2923 1
2923 1
2923 1
2923 1
2923 1
2923 1
2923 1
2923 1
2923 1
2923 1
2923 1
2923 1
2923 1
2923 1
2923 1
2923 1
2923 1
2923 1
2923 1
2923 1
2923 1
2923 1
2923 1
2923 1
2923 1
2923 1
2923 1
2923 1
2923 1
2923 1
2920 1
2920 1
2920 1
2920 1
2920 1
2920 1
2920 1
2920 1
2920 1
2920 1
2920 1
2920 1
2920 1
2920 1
2920 1
2920 1
2920 1
2920 1
2920 1
2920 1
2920 1
2920 1
2920 1
2920 1
2920 1
2920 1
2920 1
2920 1
2920 1
2920 1
2920 1
2920 1
2920 1
2920 1
2920 1
2920 1
2920 1
2920 1
2920 1
2920 1
2920 1
2920 1
2920 1
2920 1
2920 1
3000 1
3000 1
3000 1
3000 1
3000 1
3000 1
3000 1
3000 1
3000 1
3000 1
3000 1
3000 1
3000 1
3000 1
3000 1
3000 1
3000 1
3000 1
3000 1
3000 1
3000 1
3000 1
3000 1
3000 1
3000 1
3000 1
3000 1
3000 1
3000 1
3000 1
3000 1
3000 1
3000 1
3000 1
3000 1
3000 1
3000 1
3000 1
3000 1
3000 1
3000 1
3000 1
3000 1
3000 1
3000 1
3085 1
3085 1
3085 1
3085 1
3085 1
3085 1
3085 1
3085 1
3085 1
3085 1
3085 1
3085 1
3085 1
3085 1
3085 1
3085 1
3085 1
3085 1
3085 1
3085 1
3085 1
3085 1
3085 1
3085 1
3085 1
3085 1
3085 1
3085 1
3085 1
3085 1
3085 1
3085 1
3085 1
3085 1
3085 1
3085 1
3085 1
3085 1
3085 1
3085 1
3085 1
3085 1
3085 1
3085 1
3085 1
3074 1
3074 1
3074 1
3074 1
3074 1
3074 1
3074 1
3074 1
3074 1
3074 1
3074 1
3074 1
3074 1
3074 1
3074 1
3074 1
3074 1
3074 1
3074 1
3074 1
3074 1
3074 1
3074 1
3074 1
3074 1
3074 1
3074 1
3074 1
3074 1
3074 1
3074 1
3074 1
3074 1
3074 1
3074 1
3074 1
3074 1
3074 1
3074 1
3074 1
3074 1
3074 1
3074 1
3074 1
3074 1
3072 1
3072 1
3072 1
3072 1
3072 1
3072 1
3072 1
3072 1
3072 1
3072 1
3072 1
3072 1
3072 1
3072 1
3072 1
3072 1
3072 1
3072 1
3072 1
3072 1
3072 1
3072 1
3072 1
3072 1
3072 1
3072 1
3072 1
3072 1
3072 1
3072 1
3072 1
3072 1
3072 1
3072 1
3072 1
3072 1
3072 1
3072 1
3072 1
3072 1
3072 1
3072 1
3072 1
3072 1
3072 1
3157 1
3157 1
3157 1
3157 1
3157 1
3157 1
3157 1
3157 1
3157 1
3157 1
3157 1
3157 1
3157 1
3157 1
3157 1
3157 1
3157 1
3157 1
3157 1
3157 1
3157 1
3157 1
3157 1
3157 1
3157 1
3157 1
3157 1
3157 1
3157 1
3157 1
3157 1
3157 1
3157 1
3157 1
3157 1
3157 1
3157 1
3157 1
3157 1
3157 1
3157 1
3157 1
3157 1
3157 1
3157 1
3147 1
3147 1
3147 1
3147 1
3147 1
3147 1
3147 1
3147 1
3147 1
3147 1
3147 1
3147 1
3147 1
3147 1
3147 1
3147 1
3147 1
3147 1
3147 1
3147 1
3147 1
3147 1
3147 1
3147 1
3147 1
3147 1
3147 1
3147 1
3147 1
3147 1
3147 1
3147 1
3147 1
3147 1
3147 1
3147 1
3147 1
3147 1
3147 1
3147 1
3147 1
3147 1
3147 1
3147 1
3147 1
3145 1
3145 1
3145 1
3145 1
3145 1
3145 1
3145 1
3145 1
3145 1
3145 1
3145 1
3145 1
3145 1
3145 1
3145 1
3145 1
3145 1
3145 1
3145 1
3145 1
3145 1
3145 1
3145 1
3145 1
3145 1
3145 1
3145 1
3145 1
3145 1
3145 1
3145 1
3145 1
3145 1
3145 1
3145 1
3145 1
3145 1
3145 1
3145 1
3145 1
3145 1
3145 1
3145 1
3145 1
3145 1
3144 1
3144 1
3144 1
3144 1
3144 1
3144 1
3144 1
3144 1
3144 1
3144 1
3144 1
3144 1
3144 1
3144 1
3144 1
3144 1
3144 1
3144 1
3144 1
3144 1
3144 1
3144 1
3144 1
3144 1
3144 1
3144 1
3144 1
3144 1
3144 1
3144 1
3144 1
3144 1
3144 1
3144 1
3144 1
3144 1
3144 1
3144 1
3144 1
3144 1
3144 1
3144 1
3144 1
3144 1
3144 1
3236 1
3236 1
3236 1
3236 1
3236 1
3236 1
3236 1
3236 1
3236 1
3236 1
3236 1
3236 1
3236 1
3236 1
3236 1
3236 1
3236 1
3236 1
3236 1
3236 1
3236 1
3236 1
3236 1
3236 1
3236 1
3236 1
3236 1
3236 1
3236 1
3236 1
3236 1
3236 1
3236 1
3236 1
3236 1
3236 1
3236 1
3236 1
3236 1
3236 1
3236 1
3236 1
3236 1
3236 1
3236 1
3227 1
3227 1
3227 1
3227 1
3227 1
3227 1
3227 1
3227 1
3227 1
3227 1
3227 1
3227 1
3227 1
3227 1
3227 1
3227 1
3227 1
3227 1
3227 1
3227 1
3227 1
3227 1
3227 1
3227 1
3227 1
3227 1
3227 1
3227 1
3227 1
3227 1
3227 1
3227 1
3227 1
3227 1
3227 1
3227 1
3227 1
3227 1
3227 1
3227 1
3227 1
3227 1
3227 1
3227 1
3227 1
3223 1
3223 1
3223 1
3223 1
3223 1
3223 1
3223 1
3223 1
3223 1
3223 1
3223 1
3223 1
3223 1
3223 1
3223 1
3223 1
3223 1
3223 1
3223 1
3223 1
3223 1
3223 1
3223 1
3223 1
3223 1
3223 1
3223 1
3223 1
3223 1
3223 1
3223 1
3223 1
3223 1
3223 1
3223 1
3223 1
3223 1
3223 1
3223 1
3223 1
3223 1
3223 1
3223 1
3223 1
3223 1
3222 1
3222 1
3222 1
3222 1
3222 1
3222 1
3222 1
3222 1
3222 1
3222 1
3222 1
3222 1
3222 1
3222 1
3222 1
3222 1
3222 1
3222 1
3222 1
3222 1
3222 1
3222 1
3222 1
3222 1
3222 1
3222 1
3222 1
3222 1
3222 1
3222 1
3222 1
3222 1
3222 1
3222 1
3222 1
3222 1
3222 1
3222 1
3222 1
3222 1
3222 1
3222 1
3222 1
3222 1
3222 1
3321 1
3321 1
3321 1
3321 1
3321 1
3321 1
3321 1
3321 1
3321 1
3321 1
3321 1
3321 1
3321 1
3321 1
3321 1
3321 1
3321 1
3321 1
3321 1
3321 1
3321 1
3321 1
3321 1
3321 1
3321 1
3321 1
3321 1
3321 1
3321 1
3321 1
3321 1
3321 1
3321 1
3321 1
3321 1
3321 1
3321 1
3321 1
3321 1
3321 1
3321 1
3321 1
3321 1
3321 1
3321 1
3316 1
3316 1
3316 1
3316 1
3316 1
3316 1
3316 1
3316 1
3316 1
3316 1
3316 1
3316 1
3316 1
3316 1
3316 1
3316 1
3316 1
3316 1
3316 1
3316 1
3316 1
3316 1
3316 1
3316 1
3316 1
3316 1
3316 1
3316 1
3316 1
3316 1
3316 1
3316 1
3316 1
3316 1
3316 1
3316 1
3316 1
3316 1
3316 1
3316 1
3316 1
3316 1
3316 1
3316 1
3316 1
3309 1
3309 1
3309 1
3309 1
3309 1
3309 1
3309 1
3309 1
3309 1
3309 1
3309 1
3309 1
3309 1
3309 1
3309 1
3309 1
3309 1
3309 1
3309 1
3309 1
3309 1
3309 1
3309 1
3309 1
3309 1
3309 1
3309 1
3309 1
3309 1
3309 1
3309 1
3309 1
3309 1
3309 1
3309 1
3309 1
3309 1
3309 1
3309 1
3309 1
3309 1
3309 1
3309 1
3309 1
3309 1
3307 1
3307 1
3307 1
3307 1
3307 1
3307 1
3307 1
3307 1
3307 1
3307 1
3307 1
3307 1
3307 1
3307 1
3307 1
3307 1
3307 1
3307 1
3307 1
3307 1
3307 1
3307 1
3307 1
3307 1
3307 1
3307 1
3307 1
3307 1
3307 1
3307 1
3307 1
3307 1
3307 1
3307 1
3307 1
3307 1
3307 1
3307 1
3307 1
3307 1
3307 1
3307 1
3307 1
3307 1
3307 1
3406 1
3406 1
3406 1
3406 1
3406 1
3406 1
3406 1
3406 1
3406 1
3406 1
3406 1
3406 1
3406 1
3406 1
3406 1
3406 1
3406 1
3406 1
3406 1
3406 1
3406 1
3406 1
3406 1
3406 1
3406 1
3406 1
3406 1
3406 1
3406 1
3406 1
3406 1
3406 1
3406 1
3406 1
3406 1
3406 1
3406 1
3406 1
3406 1
3406 1
3406 1
3406 1
3406 1
3406 1
3406 1
3400 1
3400 1
3400 1
3400 1
3400 1
3400 1
3400 1
3400 1
3400 1
3400 1
3400 1
3400 1
3400 1
3400 1
3400 1
3400 1
3400 1
3400 1
3400 1
3400 1
3400 1
3400 1
3400 1
3400 1
3400 1
3400 1
3400 1
3400 1
3400 1
3400 1
3400 1
3400 1
3400 1
3400 1
3400 1
3400 1
3400 1
3400 1
3400 1
3400 1
3400 1
3400 1
3400 1
3400 1
3400 1
3390 1
3390 1
3390 1
3390 1
3390 1
3390 1
3390 1
3390 1
3390 1
3390 1
3390 1
3390 1
3390 1
3390 1
3390 1
3390 1
3390 1
3390 1
3390 1
3390 1
3390 1
3390 1
3390 1
3390 1
3390 1
3390 1
3390 1
3390 1
3390 1
3390 1
3390 1
3390 1
3390 1
3390 1
3390 1
3390 1
3390 1
3390 1
3390 1
3390 1
3390 1
3390 1
3390 1
3390 1
3390 1
3389 1
3389 1
3389 1
3389 1
3389 1
3389 1
3389 1
3389 1
3389 1
3389 1
3389 1
3389 1
3389 1
3389 1
3389 1
3389 1
3389 1
3389 1
3389 1
3389 1
3389 1
3389 1
3389 1
3389 1
3389 1
3389 1
3389 1
3389 1
3389 1
3389 1
3389 1
3389 1
3389 1
3389 1
3389 1
3389 1
3389 1
3389 1
3389 1
3389 1
3389 1
3389 1
3389 1
3389 1
3389 1
3481 1
3481 1
3481 1
3481 1
3481 1
3481 1
3481 1
3481 1
3481 1
3481 1
3481 1
3481 1
3481 1
3481 1
3481 1
3481 1
3481 1
3481 1
3481 1
3481 1
3481 1
3481 1
3481 1
3481 1
3481 1
3481 1
3481 1
3481 1
3481 1
3481 1
3481 1
3481 1
3481 1
3481 1
3481 1
3481 1
3481 1
3481 1
3481 1
3481 1
3481 1
3481 1
3481 1
3481 1
3481 1
3472 1
3472 1
3472 1
3472 1
3472 1
3472 1
3472 1
3472 1
3472 1
3472 1
3472 1
3472 1
3472 1
3472 1
3472 1
3472 1
3472 1
3472 1
3472 1
3472 1
3472 1
3472 1
3472 1
3472 1
3472 1
3472 1
3472 1
3472 1
3472 1
3472 1
3472 1
3472 1
3472 1
3472 1
3472 1
3472 1
3472 1
3472 1
3472 1
3472 1
3472 1
3472 1
3472 1
3472 1
3472 1
3471 1
3471 1
3471 1
3471 1
3471 1
3471 1
3471 1
3471 1
3471 1
3471 1
3471 1
3471 1
3471 1
3471 1
3471 1
3471 1
3471 1
3471 1
3471 1
3471 1
3471 1
3471 1
3471 1
3471 1
3471 1
3471 1
3471 1
3471 1
3471 1
3471 1
3471 1
3471 1
3471 1
3471 1
3471 1
3471 1
3471 1
3471 1
3471 1
3471 1
3471 1
3471 1
3471 1
3471 1
3471 1
3470 1
3470 1
3470 1
3470 1
3470 1
3470 1
3470 1
3470 1
3470 1
3470 1
3470 1
3470 1
3470 1
3470 1
3470 1
3470 1
3470 1
3470 1
3470 1
3470 1
3470 1
3470 1
3470 1
3470 1
3470 1
3470 1
3470 1
3470 1
3470 1
3470 1
3470 1
3470 1
3470 1
3470 1
3470 1
3470 1
3470 1
3470 1
3470 1
3470 1
3470 1
3470 1
3470 1
3470 1
3470 1
3547 1
3547 1
3547 1
3547 1
3547 1
3547 1
3547 1
3547 1
3547 1
3547 1
3547 1
3547 1
3547 1
3547 1
3547 1
3547 1
3547 1
3547 1
3547 1
3547 1
3547 1
3547 1
3547 1
3547 1
3547 1
3547 1
3547 1
3547 1
3547 1
3547 1
3547 1
3547 1
3547 1
3547 1
3547 1
3547 1
3547 1
3547 1
3547 1
3547 1
3547 1
3547 1
3547 1
3547 1
3547 1
3635 1
3635 1
3635 1
3635 1
3635 1
3635 1
3635 1
3635 1
3635 1
3635 1
3635 1
3635 1
3635 1
3635 1
3635 1
3635 1
3635 1
3635 1
3635 1
3635 1
3635 1
3635 1
3635 1
3635 1
3635 1
3635 1
3635 1
3635 1
3635 1
3635 1
3635 1
3635 1
3635 1
3635 1
3635 1
3635 1
3635 1
3635 1
3635 1
3635 1
3635 1
3635 1
3635 1
3635 1
3635 1
3627 1
3627 1
3627 1
3627 1
3627 1
3627 1
3627 1
3627 1
3627 1
3627 1
3627 1
3627 1
3627 1
3627 1
3627 1
3627 1
3627 1
3627 1
3627 1
3627 1
3627 1
3627 1
3627 1
3627 1
3627 1
3627 1
3627 1
3627 1
3627 1
3627 1
3627 1
3627 1
3627 1
3627 1
3627 1
3627 1
3627 1
3627 1
3627 1
3627 1
3627 1
3627 1
3627 1
3627 1
3627 1
3718 1
3718 1
3718 1
3718 1
3718 1
3718 1
3718 1
3718 1
3718 1
3718 1
3718 1
3718 1
3718 1
3718 1
3718 1
3718 1
3718 1
3718 1
3718 1
3718 1
3718 1
3718 1
3718 1
3718 1
3718 1
3718 1
3718 1
3718 1
3718 1
3718 1
3718 1
3718 1
3718 1
3718 1
3718 1
3718 1
3718 1
3718 1
3718 1
3718 1
3718 1
3718 1
3718 1
3718 1
3718 1
3717 1
3717 1
3717 1
3717 1
3717 1
3717 1
3717 1
3717 1
3717 1
3717 1
3717 1
3717 1
3717 1
3717 1
3717 1
3717 1
3717 1
3717 1
3717 1
3717 1
3717 1
3717 1
3717 1
3717 1
3717 1
3717 1
3717 1
3717 1
3717 1
3717 1
3717 1
3717 1
3717 1
3717 1
3717 1
3717 1
3717 1
3717 1
3717 1
3717 1
3717 1
3717 1
3717 1
3717 1
3717 1
3819 1
3819 1
3819 1
3819 1
3819 1
3819 1
3819 1
3819 1
3819 1
3819 1
3819 1
3819 1
3819 1
3819 1
3819 1
3819 1
3819 1
3819 1
3819 1
3819 1
3819 1
3819 1
3819 1
3819 1
3819 1
3819 1
3819 1
3819 1
3819 1
3819 1
3819 1
3819 1
3819 1
3819 1
3819 1
3819 1
3819 1
3819 1
3819 1
3819 1
3819 1
3819 1
3819 1
3819 1
3819 1
4007 1
4007 1
4007 1
4007 1
4007 1
4007 1
4007 1
4007 1
4007 1
4007 1
4007 1
4007 1
4007 1
4007 1
4007 1
4007 1
4007 1
4007 1
4007 1
4007 1
4007 1
4007 1
4007 1
4007 1
4007 1
4007 1
4007 1
4007 1
4007 1
4007 1
4007 1
4007 1
4007 1
4007 1
4007 1
4007 1
4007 1
4007 1
4007 1
4007 1
4007 1
4007 1
4007 1
4007 1
4007 1
4006 1
4006 1
4006 1
4006 1
4006 1
4006 1
4006 1
4006 1
4006 1
4006 1
4006 1
4006 1
4006 1
4006 1
4006 1
4006 1
4006 1
4006 1
4006 1
4006 1
4006 1
4006 1
4006 1
4006 1
4006 1
4006 1
4006 1
4006 1
4006 1
4006 1
4006 1
4006 1
4006 1
4006 1
4006 1
4006 1
4006 1
4006 1
4006 1
4006 1
4006 1
4006 1
4006 1
4006 1
4006 1
4100 1
4100 1
4100 1
4100 1
4100 1
4100 1
4100 1
4100 1
4100 1
4100 1
4100 1
4100 1
4100 1
4100 1
4100 1
4100 1
4100 1
4100 1
4100 1
4100 1
4100 1
4100 1
4100 1
4100 1
4100 1
4100 1
4100 1
4100 1
4100 1
4100 1
4100 1
4100 1
4100 1
4100 1
4100 1
4100 1
4100 1
4100 1
4100 1
4100 1
4100 1
4100 1
4100 1
4100 1
4100 1
3806 1
3806 1
3806 1
3806 1
3806 1
3806 1
3806 1
3806 1
3806 1
3806 1
3806 1
3806 1
3806 1
3806 1
3806 1
3806 1
3806 1
3806 1
3806 1
3806 1
3806 1
3806 1
3806 1
3806 1
3806 1
3806 1
3806 1
3806 1
3806 1
3806 1
3806 1
3806 1
3806 1
3806 1
3806 1
3806 1
3806 1
3806 1
3806 1
3806 1
3806 1
3806 1
3806 1
3806 1
3806 1
3804 1
3804 1
3804 1
3804 1
3804 1
3804 1
3804 1
3804 1
3804 1
3804 1
3804 1
3804 1
3804 1
3804 1
3804 1
3804 1
3804 1
3804 1
3804 1
3804 1
3804 1
3804 1
3804 1
3804 1
3804 1
3804 1
3804 1
3804 1
3804 1
3804 1
3804 1
3804 1
3804 1
3804 1
3804 1
3804 1
3804 1
3804 1
3804 1
3804 1
3804 1
3804 1
3804 1
3804 1
3804 1
3799 1
3799 1
3799 1
3799 1
3799 1
3799 1
3799 1
3799 1
3799 1
3799 1
3799 1
3799 1
3799 1
3799 1
3799 1
3799 1
3799 1
3799 1
3799 1
3799 1
3799 1
3799 1
3799 1
3799 1
3799 1
3799 1
3799 1
3799 1
3799 1
3799 1
3799 1
3799 1
3799 1
3799 1
3799 1
3799 1
3799 1
3799 1
3799 1
3799 1
3799 1
3799 1
3799 1
3799 1
3799 1
3911 1
3911 1
3911 1
3911 1
3911 1
3911 1
3911 1
3911 1
3911 1
3911 1
3911 1
3911 1
3911 1
3911 1
3911 1
3911 1
3911 1
3911 1
3911 1
3911 1
3911 1
3911 1
3911 1
3911 1
3911 1
3911 1
3911 1
3911 1
3911 1
3911 1
3911 1
3911 1
3911 1
3911 1
3911 1
3911 1
3911 1
3911 1
3911 1
3911 1
3911 1
3911 1
3911 1
3911 1
3911 1
3901 1
3901 1
3901 1
3901 1
3901 1
3901 1
3901 1
3901 1
3901 1
3901 1
3901 1
3901 1
3901 1
3901 1
3901 1
3901 1
3901 1
3901 1
3901 1
3901 1
3901 1
3901 1
3901 1
3901 1
3901 1
3901 1
3901 1
3901 1
3901 1
3901 1
3901 1
3901 1
3901 1
3901 1
3901 1
3901 1
3901 1
3901 1
3901 1
3901 1
3901 1
3901 1
3901 1
3901 1
3901 1
3896 1
3896 1
3896 1
3896 1
3896 1
3896 1
3896 1
3896 1
3896 1
3896 1
3896 1
3896 1
3896 1
3896 1
3896 1
3896 1
3896 1
3896 1
3896 1
3896 1
3896 1
3896 1
3896 1
3896 1
3896 1
3896 1
3896 1
3896 1
3896 1
3896 1
3896 1
3896 1
3896 1
3896 1
3896 1
3896 1
3896 1
3896 1
3896 1
3896 1
3896 1
3896 1
3896 1
3896 1
3896 1
4002 1
4002 1
4002 1
4002 1
4002 1
4002 1
4002 1
4002 1
4002 1
4002 1
4002 1
4002 1
4002 1
4002 1
4002 1
4002 1
4002 1
4002 1
4002 1
4002 1
4002 1
4002 1
4002 1
4002 1
4002 1
4002 1
4002 1
4002 1
4002 1
4002 1
4002 1
4002 1
4002 1
4002 1
4002 1
4002 1
4002 1
4002 1
4002 1
4002 1
4002 1
4002 1
4002 1
4002 1
4002 1
4272 1
4272 1
4272 1
4272 1
4272 1
4272 1
4272 1
4272 1
4272 1
4272 1
4272 1
4272 1
4272 1
4272 1
4272 1
4272 1
4272 1
4272 1
4272 1
4272 1
4272 1
4272 1
4272 1
4272 1
4272 1
4272 1
4272 1
4272 1
4272 1
4272 1
4272 1
4272 1
4272 1
4272 1
4272 1
4272 1
4272 1
4272 1
4272 1
4272 1
4272 1
4272 1
4272 1
4272 1
4272 1
10004 1
10004 1
10004 1
10004 1
10004 1
10004 1
10004 1
10004 1
10004 1
10004 1
10004 1
10004 1
10004 1
10004 1
10004 1
10004 1
10004 1
10004 1
10004 1
10004 1
10004 1
10004 1
10004 1
10004 1
10004 1
10004 1
10004 1
10004 1
10004 1
10004 1
10004 1
10004 1
10004 1
10004 1
10004 1
10004 1
10004 1
10004 1
10004 1
10004 1
10004 1
10004 1
10004 1
10004 1
10004 1
3988 1
3988 1
3988 1
3988 1
3988 1
3988 1
3988 1
3988 1
3988 1
3988 1
3988 1
3988 1
3988 1
3988 1
3988 1
3988 1
3988 1
3988 1
3988 1
3988 1
3988 1
3988 1
3988 1
3988 1
3988 1
3988 1
3988 1
3988 1
3988 1
3988 1
3988 1
3988 1
3988 1
3988 1
3988 1
3988 1
3988 1
3988 1
3988 1
3988 1
3988 1
3988 1
3988 1
3988 1
3988 1
3986 1
3986 1
3986 1
3986 1
3986 1
3986 1
3986 1
3986 1
3986 1
3986 1
3986 1
3986 1
3986 1
3986 1
3986 1
3986 1
3986 1
3986 1
3986 1
3986 1
3986 1
3986 1
3986 1
3986 1
3986 1
3986 1
3986 1
3986 1
3986 1
3986 1
3986 1
3986 1
3986 1
3986 1
3986 1
3986 1
3986 1
3986 1
3986 1
3986 1
3986 1
3986 1
3986 1
3986 1
3986 1
4270 1
4270 1
4270 1
4270 1
4270 1
4270 1
4270 1
4270 1
4270 1
4270 1
4270 1
4270 1
4270 1
4270 1
4270 1
4270 1
4270 1
4270 1
4270 1
4270 1
4270 1
4270 1
4270 1
4270 1
4270 1
4270 1
4270 1
4270 1
4270 1
4270 1
4270 1
4270 1
4270 1
4270 1
4270 1
4270 1
4270 1
4270 1
4270 1
4270 1
4270 1
4270 1
4270 1
4270 1
4270 1
4267 1
4267 1
4267 1
4267 1
4267 1
4267 1
4267 1
4267 1
4267 1
4267 1
4267 1
4267 1
4267 1
4267 1
4267 1
4267 1
4267 1
4267 1
4267 1
4267 1
4267 1
4267 1
4267 1
4267 1
4267 1
4267 1
4267 1
4267 1
4267 1
4267 1
4267 1
4267 1
4267 1
4267 1
4267 1
4267 1
4267 1
4267 1
4267 1
4267 1
4267 1
4267 1
4267 1
4267 1
4267 1
4082 1
4082 1
4082 1
4082 1
4082 1
4082 1
4082 1
4082 1
4082 1
4082 1
4082 1
4082 1
4082 1
4082 1
4082 1
4082 1
4082 1
4082 1
4082 1
4082 1
4082 1
4082 1
4082 1
4082 1
4082 1
4082 1
4082 1
4082 1
4082 1
4082 1
4082 1
4082 1
4082 1
4082 1
4082 1
4082 1
4082 1
4082 1
4082 1
4082 1
4082 1
4082 1
4082 1
4082 1
4082 1
4155 1
4155 1
4155 1
4155 1
4155 1
4155 1
4155 1
4155 1
4155 1
4155 1
4155 1
4155 1
4155 1
4155 1
4155 1
4155 1
4155 1
4155 1
4155 1
4155 1
4155 1
4155 1
4155 1
4155 1
4155 1
4155 1
4155 1
4155 1
4155 1
4155 1
4155 1
4155 1
4155 1
4155 1
4155 1
4155 1
4155 1
4155 1
4155 1
4155 1
4155 1
4155 1
4155 1
4155 1
4155 1
4548 1
4548 1
4548 1
4548 1
4548 1
4548 1
4548 1
4548 1
4548 1
4548 1
4548 1
4548 1
4548 1
4548 1
4548 1
4548 1
4548 1
4548 1
4548 1
4548 1
4548 1
4548 1
4548 1
4548 1
4548 1
4548 1
4548 1
4548 1
4548 1
4548 1
4548 1
4548 1
4548 1
4548 1
4548 1
4548 1
4548 1
4548 1
4548 1
4548 1
4548 1
4548 1
4548 1
4548 1
4548 1
4253 1
4253 1
4253 1
4253 1
4253 1
4253 1
4253 1
4253 1
4253 1
4253 1
4253 1
4253 1
4253 1
4253 1
4253 1
4253 1
4253 1
4253 1
4253 1
4253 1
4253 1
4253 1
4253 1
4253 1
4253 1
4253 1
4253 1
4253 1
4253 1
4253 1
4253 1
4253 1
4253 1
4253 1
4253 1
4253 1
4253 1
4253 1
4253 1
4253 1
4253 1
4253 1
4253 1
4253 1
4253 1
4235 1
4235 1
4235 1
4235 1
4235 1
4235 1
4235 1
4235 1
4235 1
4235 1
4235 1
4235 1
4235 1
4235 1
4235 1
4235 1
4235 1
4235 1
4235 1
4235 1
4235 1
4235 1
4235 1
4235 1
4235 1
4235 1
4235 1
4235 1
4235 1
4235 1
4235 1
4235 1
4235 1
4235 1
4235 1
4235 1
4235 1
4235 1
4235 1
4235 1
4235 1
4235 1
4235 1
4235 1
4235 1
4236 1
4236 1
4236 1
4236 1
4236 1
4236 1
4236 1
4236 1
4236 1
4236 1
4236 1
4236 1
4236 1
4236 1
4236 1
4236 1
4236 1
4236 1
4236 1
4236 1
4236 1
4236 1
4236 1
4236 1
4236 1
4236 1
4236 1
4236 1
4236 1
4236 1
4236 1
4236 1
4236 1
4236 1
4236 1
4236 1
4236 1
4236 1
4236 1
4236 1
4236 1
4236 1
4236 1
4236 1
4236 1
4544 1
4544 1
4544 1
4544 1
4544 1
4544 1
4544 1
4544 1
4544 1
4544 1
4544 1
4544 1
4544 1
4544 1
4544 1
4544 1
4544 1
4544 1
4544 1
4544 1
4544 1
4544 1
4544 1
4544 1
4544 1
4544 1
4544 1
4544 1
4544 1
4544 1
4544 1
4544 1
4544 1
4544 1
4544 1
4544 1
4544 1
4544 1
4544 1
4544 1
4544 1
4544 1
4544 1
4544 1
4544 1
4640 1
4640 1
4640 1
4640 1
4640 1
4640 1
4640 1
4640 1
4640 1
4640 1
4640 1
4640 1
4640 1
4640 1
4640 1
4640 1
4640 1
4640 1
4640 1
4640 1
4640 1
4640 1
4640 1
4640 1
4640 1
4640 1
4640 1
4640 1
4640 1
4640 1
4640 1
4640 1
4640 1
4640 1
4640 1
4640 1
4640 1
4640 1
4640 1
4640 1
4640 1
4640 1
4640 1
4640 1
4640 1
4350 1
4350 1
4350 1
4350 1
4350 1
4350 1
4350 1
4350 1
4350 1
4350 1
4350 1
4350 1
4350 1
4350 1
4350 1
4350 1
4350 1
4350 1
4350 1
4350 1
4350 1
4350 1
4350 1
4350 1
4350 1
4350 1
4350 1
4350 1
4350 1
4350 1
4350 1
4350 1
4350 1
4350 1
4350 1
4350 1
4350 1
4350 1
4350 1
4350 1
4350 1
4350 1
4350 1
4350 1
4350 1
4341 1
4341 1
4341 1
4341 1
4341 1
4341 1
4341 1
4341 1
4341 1
4341 1
4341 1
4341 1
4341 1
4341 1
4341 1
4341 1
4341 1
4341 1
4341 1
4341 1
4341 1
4341 1
4341 1
4341 1
4341 1
4341 1
4341 1
4341 1
4341 1
4341 1
4341 1
4341 1
4341 1
4341 1
4341 1
4341 1
4341 1
4341 1
4341 1
4341 1
4341 1
4341 1
4341 1
4341 1
4341 1
4636 1
4636 1
4636 1
4636 1
4636 1
4636 1
4636 1
4636 1
4636 1
4636 1
4636 1
4636 1
4636 1
4636 1
4636 1
4636 1
4636 1
4636 1
4636 1
4636 1
4636 1
4636 1
4636 1
4636 1
4636 1
4636 1
4636 1
4636 1
4636 1
4636 1
4636 1
4636 1
4636 1
4636 1
4636 1
4636 1
4636 1
4636 1
4636 1
4636 1
4636 1
4636 1
4636 1
4636 1
4636 1
4335 1
4335 1
4335 1
4335 1
4335 1
4335 1
4335 1
4335 1
4335 1
4335 1
4335 1
4335 1
4335 1
4335 1
4335 1
4335 1
4335 1
4335 1
4335 1
4335 1
4335 1
4335 1
4335 1
4335 1
4335 1
4335 1
4335 1
4335 1
4335 1
4335 1
4335 1
4335 1
4335 1
4335 1
4335 1
4335 1
4335 1
4335 1
4335 1
4335 1
4335 1
4335 1
4335 1
4335 1
4335 1
4635 1
4635 1
4635 1
4635 1
4635 1
4635 1
4635 1
4635 1
4635 1
4635 1
4635 1
4635 1
4635 1
4635 1
4635 1
4635 1
4635 1
4635 1
4635 1
4635 1
4635 1
4635 1
4635 1
4635 1
4635 1
4635 1
4635 1
4635 1
4635 1
4635 1
4635 1
4635 1
4635 1
4635 1
4635 1
4635 1
4635 1
4635 1
4635 1
4635 1
4635 1
4635 1
4635 1
4635 1
4635 1
4422 1
4422 1
4422 1
4422 1
4422 1
4422 1
4422 1
4422 1
4422 1
4422 1
4422 1
4422 1
4422 1
4422 1
4422 1
4422 1
4422 1
4422 1
4422 1
4422 1
4422 1
4422 1
4422 1
4422 1
4422 1
4422 1
4422 1
4422 1
4422 1
4422 1
4422 1
4422 1
4422 1
4422 1
4422 1
4422 1
4422 1
4422 1
4422 1
4422 1
4422 1
4422 1
4422 1
4422 1
4422 1
4417 1
4417 1
4417 1
4417 1
4417 1
4417 1
4417 1
4417 1
4417 1
4417 1
4417 1
4417 1
4417 1
4417 1
4417 1
4417 1
4417 1
4417 1
4417 1
4417 1
4417 1
4417 1
4417 1
4417 1
4417 1
4417 1
4417 1
4417 1
4417 1
4417 1
4417 1
4417 1
4417 1
4417 1
4417 1
4417 1
4417 1
4417 1
4417 1
4417 1
4417 1
4417 1
4417 1
4417 1
4417 1
4529 1
4529 1
4529 1
4529 1
4529 1
4529 1
4529 1
4529 1
4529 1
4529 1
4529 1
4529 1
4529 1
4529 1
4529 1
4529 1
4529 1
4529 1
4529 1
4529 1
4529 1
4529 1
4529 1
4529 1
4529 1
4529 1
4529 1
4529 1
4529 1
4529 1
4529 1
4529 1
4529 1
4529 1
4529 1
4529 1
4529 1
4529 1
4529 1
4529 1
4529 1
4529 1
4529 1
4529 1
4529 1
4823 1
4823 1
4823 1
4823 1
4823 1
4823 1
4823 1
4823 1
4823 1
4823 1
4823 1
4823 1
4823 1
4823 1
4823 1
4823 1
4823 1
4823 1
4823 1
4823 1
4823 1
4823 1
4823 1
4823 1
4823 1
4823 1
4823 1
4823 1
4823 1
4823 1
4823 1
4823 1
4823 1
4823 1
4823 1
4823 1
4823 1
4823 1
4823 1
4823 1
4823 1
4823 1
4823 1
4823 1
4823 1
4820 1
4820 1
4820 1
4820 1
4820 1
4820 1
4820 1
4820 1
4820 1
4820 1
4820 1
4820 1
4820 1
4820 1
4820 1
4820 1
4820 1
4820 1
4820 1
4820 1
4820 1
4820 1
4820 1
4820 1
4820 1
4820 1
4820 1
4820 1
4820 1
4820 1
4820 1
4820 1
4820 1
4820 1
4820 1
4820 1
4820 1
4820 1
4820 1
4820 1
4820 1
4820 1
4820 1
4820 1
4820 1
4503 1
4503 1
4503 1
4503 1
4503 1
4503 1
4503 1
4503 1
4503 1
4503 1
4503 1
4503 1
4503 1
4503 1
4503 1
4503 1
4503 1
4503 1
4503 1
4503 1
4503 1
4503 1
4503 1
4503 1
4503 1
4503 1
4503 1
4503 1
4503 1
4503 1
4503 1
4503 1
4503 1
4503 1
4503 1
4503 1
4503 1
4503 1
4503 1
4503 1
4503 1
4503 1
4503 1
4503 1
4503 1
4508 1
4508 1
4508 1
4508 1
4508 1
4508 1
4508 1
4508 1
4508 1
4508 1
4508 1
4508 1
4508 1
4508 1
4508 1
4508 1
4508 1
4508 1
4508 1
4508 1
4508 1
4508 1
4508 1
4508 1
4508 1
4508 1
4508 1
4508 1
4508 1
4508 1
4508 1
4508 1
4508 1
4508 1
4508 1
4508 1
4508 1
4508 1
4508 1
4508 1
4508 1
4508 1
4508 1
4508 1
4508 1
4913 1
4913 1
4913 1
4913 1
4913 1
4913 1
4913 1
4913 1
4913 1
4913 1
4913 1
4913 1
4913 1
4913 1
4913 1
4913 1
4913 1
4913 1
4913 1
4913 1
4913 1
4913 1
4913 1
4913 1
4913 1
4913 1
4913 1
4913 1
4913 1
4913 1
4913 1
4913 1
4913 1
4913 1
4913 1
4913 1
4913 1
4913 1
4913 1
4913 1
4913 1
4913 1
4913 1
4913 1
4913 1
4912 1
4912 1
4912 1
4912 1
4912 1
4912 1
4912 1
4912 1
4912 1
4912 1
4912 1
4912 1
4912 1
4912 1
4912 1
4912 1
4912 1
4912 1
4912 1
4912 1
4912 1
4912 1
4912 1
4912 1
4912 1
4912 1
4912 1
4912 1
4912 1
4912 1
4912 1
4912 1
4912 1
4912 1
4912 1
4912 1
4912 1
4912 1
4912 1
4912 1
4912 1
4912 1
4912 1
4912 1
4912 1
4911 1
4911 1
4911 1
4911 1
4911 1
4911 1
4911 1
4911 1
4911 1
4911 1
4911 1
4911 1
4911 1
4911 1
4911 1
4911 1
4911 1
4911 1
4911 1
4911 1
4911 1
4911 1
4911 1
4911 1
4911 1
4911 1
4911 1
4911 1
4911 1
4911 1
4911 1
4911 1
4911 1
4911 1
4911 1
4911 1
4911 1
4911 1
4911 1
4911 1
4911 1
4911 1
4911 1
4911 1
4911 1
4607 1
4607 1
4607 1
4607 1
4607 1
4607 1
4607 1
4607 1
4607 1
4607 1
4607 1
4607 1
4607 1
4607 1
4607 1
4607 1
4607 1
4607 1
4607 1
4607 1
4607 1
4607 1
4607 1
4607 1
4607 1
4607 1
4607 1
4607 1
4607 1
4607 1
4607 1
4607 1
4607 1
4607 1
4607 1
4607 1
4607 1
4607 1
4607 1
4607 1
4607 1
4607 1
4607 1
4607 1
4607 1
4713 1
4713 1
4713 1
4713 1
4713 1
4713 1
4713 1
4713 1
4713 1
4713 1
4713 1
4713 1
4713 1
4713 1
4713 1
4713 1
4713 1
4713 1
4713 1
4713 1
4713 1
4713 1
4713 1
4713 1
4713 1
4713 1
4713 1
4713 1
4713 1
4713 1
4713 1
4713 1
4713 1
4713 1
4713 1
4713 1
4713 1
4713 1
4713 1
4713 1
4713 1
4713 1
4713 1
4713 1
4713 1
4700 1
4700 1
4700 1
4700 1
4700 1
4700 1
4700 1
4700 1
4700 1
4700 1
4700 1
4700 1
4700 1
4700 1
4700 1
4700 1
4700 1
4700 1
4700 1
4700 1
4700 1
4700 1
4700 1
4700 1
4700 1
4700 1
4700 1
4700 1
4700 1
4700 1
4700 1
4700 1
4700 1
4700 1
4700 1
4700 1
4700 1
4700 1
4700 1
4700 1
4700 1
4700 1
4700 1
4700 1
4700 1
4802 1
4802 1
4802 1
4802 1
4802 1
4802 1
4802 1
4802 1
4802 1
4802 1
4802 1
4802 1
4802 1
4802 1
4802 1
4802 1
4802 1
4802 1
4802 1
4802 1
4802 1
4802 1
4802 1
4802 1
4802 1
4802 1
4802 1
4802 1
4802 1
4802 1
4802 1
4802 1
4802 1
4802 1
4802 1
4802 1
4802 1
4802 1
4802 1
4802 1
4802 1
4802 1
4802 1
4802 1
4802 1
4794 1
4794 1
4794 1
4794 1
4794 1
4794 1
4794 1
4794 1
4794 1
4794 1
4794 1
4794 1
4794 1
4794 1
4794 1
4794 1
4794 1
4794 1
4794 1
4794 1
4794 1
4794 1
4794 1
4794 1
4794 1
4794 1
4794 1
4794 1
4794 1
4794 1
4794 1
4794 1
4794 1
4794 1
4794 1
4794 1
4794 1
4794 1
4794 1
4794 1
4794 1
4794 1
4794 1
4794 1
4794 1
4785 1
4785 1
4785 1
4785 1
4785 1
4785 1
4785 1
4785 1
4785 1
4785 1
4785 1
4785 1
4785 1
4785 1
4785 1
4785 1
4785 1
4785 1
4785 1
4785 1
4785 1
4785 1
4785 1
4785 1
4785 1
4785 1
4785 1
4785 1
4785 1
4785 1
4785 1
4785 1
4785 1
4785 1
4785 1
4785 1
4785 1
4785 1
4785 1
4785 1
4785 1
4785 1
4785 1
4785 1
4785 1
5089 1
5089 1
5089 1
5089 1
5089 1
5089 1
5089 1
5089 1
5089 1
5089 1
5089 1
5089 1
5089 1
5089 1
5089 1
5089 1
5089 1
5089 1
5089 1
5089 1
5089 1
5089 1
5089 1
5089 1
5089 1
5089 1
5089 1
5089 1
5089 1
5089 1
5089 1
5089 1
5089 1
5089 1
5089 1
5089 1
5089 1
5089 1
5089 1
5089 1
5089 1
5089 1
5089 1
5089 1
5089 1
4890 1
4890 1
4890 1
4890 1
4890 1
4890 1
4890 1
4890 1
4890 1
4890 1
4890 1
4890 1
4890 1
4890 1
4890 1
4890 1
4890 1
4890 1
4890 1
4890 1
4890 1
4890 1
4890 1
4890 1
4890 1
4890 1
4890 1
4890 1
4890 1
4890 1
4890 1
4890 1
4890 1
4890 1
4890 1
4890 1
4890 1
4890 1
4890 1
4890 1
4890 1
4890 1
4890 1
4890 1
4890 1
5181 1
5181 1
5181 1
5181 1
5181 1
5181 1
5181 1
5181 1
5181 1
5181 1
5181 1
5181 1
5181 1
5181 1
5181 1
5181 1
5181 1
5181 1
5181 1
5181 1
5181 1
5181 1
5181 1
5181 1
5181 1
5181 1
5181 1
5181 1
5181 1
5181 1
5181 1
5181 1
5181 1
5181 1
5181 1
5181 1
5181 1
5181 1
5181 1
5181 1
5181 1
5181 1
5181 1
5181 1
5181 1
4886 1
4886 1
4886 1
4886 1
4886 1
4886 1
4886 1
4886 1
4886 1
4886 1
4886 1
4886 1
4886 1
4886 1
4886 1
4886 1
4886 1
4886 1
4886 1
4886 1
4886 1
4886 1
4886 1
4886 1
4886 1
4886 1
4886 1
4886 1
4886 1
4886 1
4886 1
4886 1
4886 1
4886 1
4886 1
4886 1
4886 1
4886 1
4886 1
4886 1
4886 1
4886 1
4886 1
4886 1
4886 1
4884 1
4884 1
4884 1
4884 1
4884 1
4884 1
4884 1
4884 1
4884 1
4884 1
4884 1
4884 1
4884 1
4884 1
4884 1
4884 1
4884 1
4884 1
4884 1
4884 1
4884 1
4884 1
4884 1
4884 1
4884 1
4884 1
4884 1
4884 1
4884 1
4884 1
4884 1
4884 1
4884 1
4884 1
4884 1
4884 1
4884 1
4884 1
4884 1
4884 1
4884 1
4884 1
4884 1
4884 1
4884 1
5179 1
5179 1
5179 1
5179 1
5179 1
5179 1
5179 1
5179 1
5179 1
5179 1
5179 1
5179 1
5179 1
5179 1
5179 1
5179 1
5179 1
5179 1
5179 1
5179 1
5179 1
5179 1
5179 1
5179 1
5179 1
5179 1
5179 1
5179 1
5179 1
5179 1
5179 1
5179 1
5179 1
5179 1
5179 1
5179 1
5179 1
5179 1
5179 1
5179 1
5179 1
5179 1
5179 1
5179 1
5179 1
4986 1
4986 1
4986 1
4986 1
4986 1
4986 1
4986 1
4986 1
4986 1
4986 1
4986 1
4986 1
4986 1
4986 1
4986 1
4986 1
4986 1
4986 1
4986 1
4986 1
4986 1
4986 1
4986 1
4986 1
4986 1
4986 1
4986 1
4986 1
4986 1
4986 1
4986 1
4986 1
4986 1
4986 1
4986 1
4986 1
4986 1
4986 1
4986 1
4986 1
4986 1
4986 1
4986 1
4986 1
4986 1
4984 1
4984 1
4984 1
4984 1
4984 1
4984 1
4984 1
4984 1
4984 1
4984 1
4984 1
4984 1
4984 1
4984 1
4984 1
4984 1
4984 1
4984 1
4984 1
4984 1
4984 1
4984 1
4984 1
4984 1
4984 1
4984 1
4984 1
4984 1
4984 1
4984 1
4984 1
4984 1
4984 1
4984 1
4984 1
4984 1
4984 1
4984 1
4984 1
4984 1
4984 1
4984 1
4984 1
4984 1
4984 1
4981 1
4981 1
4981 1
4981 1
4981 1
4981 1
4981 1
4981 1
4981 1
4981 1
4981 1
4981 1
4981 1
4981 1
4981 1
4981 1
4981 1
4981 1
4981 1
4981 1
4981 1
4981 1
4981 1
4981 1
4981 1
4981 1
4981 1
4981 1
4981 1
4981 1
4981 1
4981 1
4981 1
4981 1
4981 1
4981 1
4981 1
4981 1
4981 1
4981 1
4981 1
4981 1
4981 1
4981 1
4981 1
4980 1
4980 1
4980 1
4980 1
4980 1
4980 1
4980 1
4980 1
4980 1
4980 1
4980 1
4980 1
4980 1
4980 1
4980 1
4980 1
4980 1
4980 1
4980 1
4980 1
4980 1
4980 1
4980 1
4980 1
4980 1
4980 1
4980 1
4980 1
4980 1
4980 1
4980 1
4980 1
4980 1
4980 1
4980 1
4980 1
4980 1
4980 1
4980 1
4980 1
4980 1
4980 1
4980 1
4980 1
4980 1
5270 1
5270 1
5270 1
5270 1
5270 1
5270 1
5270 1
5270 1
5270 1
5270 1
5270 1
5270 1
5270 1
5270 1
5270 1
5270 1
5270 1
5270 1
5270 1
5270 1
5270 1
5270 1
5270 1
5270 1
5270 1
5270 1
5270 1
5270 1
5270 1
5270 1
5270 1
5270 1
5270 1
5270 1
5270 1
5270 1
5270 1
5270 1
5270 1
5270 1
5270 1
5270 1
5270 1
5270 1
5270 1
4968 1
4968 1
4968 1
4968 1
4968 1
4968 1
4968 1
4968 1
4968 1
4968 1
4968 1
4968 1
4968 1
4968 1
4968 1
4968 1
4968 1
4968 1
4968 1
4968 1
4968 1
4968 1
4968 1
4968 1
4968 1
4968 1
4968 1
4968 1
4968 1
4968 1
4968 1
4968 1
4968 1
4968 1
4968 1
4968 1
4968 1
4968 1
4968 1
4968 1
4968 1
4968 1
4968 1
4968 1
4968 1
5068 1
5068 1
5068 1
5068 1
5068 1
5068 1
5068 1
5068 1
5068 1
5068 1
5068 1
5068 1
5068 1
5068 1
5068 1
5068 1
5068 1
5068 1
5068 1
5068 1
5068 1
5068 1
5068 1
5068 1
5068 1
5068 1
5068 1
5068 1
5068 1
5068 1
5068 1
5068 1
5068 1
5068 1
5068 1
5068 1
5068 1
5068 1
5068 1
5068 1
5068 1
5068 1
5068 1
5068 1
5068 1
5062 1
5062 1
5062 1
5062 1
5062 1
5062 1
5062 1
5062 1
5062 1
5062 1
5062 1
5062 1
5062 1
5062 1
5062 1
5062 1
5062 1
5062 1
5062 1
5062 1
5062 1
5062 1
5062 1
5062 1
5062 1
5062 1
5062 1
5062 1
5062 1
5062 1
5062 1
5062 1
5062 1
5062 1
5062 1
5062 1
5062 1
5062 1
5062 1
5062 1
5062 1
5062 1
5062 1
5062 1
5062 1
5358 1
5358 1
5358 1
5358 1
5358 1
5358 1
5358 1
5358 1
5358 1
5358 1
5358 1
5358 1
5358 1
5358 1
5358 1
5358 1
5358 1
5358 1
5358 1
5358 1
5358 1
5358 1
5358 1
5358 1
5358 1
5358 1
5358 1
5358 1
5358 1
5358 1
5358 1
5358 1
5358 1
5358 1
5358 1
5358 1
5358 1
5358 1
5358 1
5358 1
5358 1
5358 1
5358 1
5358 1
5358 1
5357 1
5357 1
5357 1
5357 1
5357 1
5357 1
5357 1
5357 1
5357 1
5357 1
5357 1
5357 1
5357 1
5357 1
5357 1
5357 1
5357 1
5357 1
5357 1
5357 1
5357 1
5357 1
5357 1
5357 1
5357 1
5357 1
5357 1
5357 1
5357 1
5357 1
5357 1
5357 1
5357 1
5357 1
5357 1
5357 1
5357 1
5357 1
5357 1
5357 1
5357 1
5357 1
5357 1
5357 1
5357 1
5355 1
5355 1
5355 1
5355 1
5355 1
5355 1
5355 1
5355 1
5355 1
5355 1
5355 1
5355 1
5355 1
5355 1
5355 1
5355 1
5355 1
5355 1
5355 1
5355 1
5355 1
5355 1
5355 1
5355 1
5355 1
5355 1
5355 1
5355 1
5355 1
5355 1
5355 1
5355 1
5355 1
5355 1
5355 1
5355 1
5355 1
5355 1
5355 1
5355 1
5355 1
5355 1
5355 1
5355 1
5355 1
5154 1
5154 1
5154 1
5154 1
5154 1
5154 1
5154 1
5154 1
5154 1
5154 1
5154 1
5154 1
5154 1
5154 1
5154 1
5154 1
5154 1
5154 1
5154 1
5154 1
5154 1
5154 1
5154 1
5154 1
5154 1
5154 1
5154 1
5154 1
5154 1
5154 1
5154 1
5154 1
5154 1
5154 1
5154 1
5154 1
5154 1
5154 1
5154 1
5154 1
5154 1
5154 1
5154 1
5154 1
5154 1
5153 1
5153 1
5153 1
5153 1
5153 1
5153 1
5153 1
5153 1
5153 1
5153 1
5153 1
5153 1
5153 1
5153 1
5153 1
5153 1
5153 1
5153 1
5153 1
5153 1
5153 1
5153 1
5153 1
5153 1
5153 1
5153 1
5153 1
5153 1
5153 1
5153 1
5153 1
5153 1
5153 1
5153 1
5153 1
5153 1
5153 1
5153 1
5153 1
5153 1
5153 1
5153 1
5153 1
5153 1
5153 1
10326 1
10326 1
10326 1
10326 1
10326 1
10326 1
10326 1
10326 1
10326 1
10326 1
10326 1
10326 1
10326 1
10326 1
10326 1
10326 1
10326 1
10326 1
10326 1
10326 1
10326 1
10326 1
10326 1
10326 1
10326 1
10326 1
10326 1
10326 1
10326 1
10326 1
10326 1
10326 1
10326 1
10326 1
10326 1
10326 1
10326 1
10326 1
10326 1
10326 1
10326 1
10326 1
10326 1
10326 1
10326 1
5351 1
5351 1
5351 1
5351 1
5351 1
5351 1
5351 1
5351 1
5351 1
5351 1
5351 1
5351 1
5351 1
5351 1
5351 1
5351 1
5351 1
5351 1
5351 1
5351 1
5351 1
5351 1
5351 1
5351 1
5351 1
5351 1
5351 1
5351 1
5351 1
5351 1
5351 1
5351 1
5351 1
5351 1
5351 1
5351 1
5351 1
5351 1
5351 1
5351 1
5351 1
5351 1
5351 1
5351 1
5351 1
5148 1
5148 1
5148 1
5148 1
5148 1
5148 1
5148 1
5148 1
5148 1
5148 1
5148 1
5148 1
5148 1
5148 1
5148 1
5148 1
5148 1
5148 1
5148 1
5148 1
5148 1
5148 1
5148 1
5148 1
5148 1
5148 1
5148 1
5148 1
5148 1
5148 1
5148 1
5148 1
5148 1
5148 1
5148 1
5148 1
5148 1
5148 1
5148 1
5148 1
5148 1
5148 1
5148 1
5148 1
5148 1
5244 1
5244 1
5244 1
5244 1
5244 1
5244 1
5244 1
5244 1
5244 1
5244 1
5244 1
5244 1
5244 1
5244 1
5244 1
5244 1
5244 1
5244 1
5244 1
5244 1
5244 1
5244 1
5244 1
5244 1
5244 1
5244 1
5244 1
5244 1
5244 1
5244 1
5244 1
5244 1
5244 1
5244 1
5244 1
5244 1
5244 1
5244 1
5244 1
5244 1
5244 1
5244 1
5244 1
5244 1
5244 1
5440 1
5440 1
5440 1
5440 1
5440 1
5440 1
5440 1
5440 1
5440 1
5440 1
5440 1
5440 1
5440 1
5440 1
5440 1
5440 1
5440 1
5440 1
5440 1
5440 1
5440 1
5440 1
5440 1
5440 1
5440 1
5440 1
5440 1
5440 1
5440 1
5440 1
5440 1
5440 1
5440 1
5440 1
5440 1
5440 1
5440 1
5440 1
5440 1
5440 1
5440 1
5440 1
5440 1
5440 1
5440 1
9910 1
9910 1
9910 1
9910 1
9910 1
9910 1
9910 1
9910 1
9910 1
9910 1
9910 1
9910 1
9910 1
9910 1
9910 1
9910 1
9910 1
9910 1
9910 1
9910 1
9910 1
9910 1
9910 1
9910 1
9910 1
9910 1
9910 1
9910 1
9910 1
9910 1
9910 1
9910 1
9910 1
9910 1
9910 1
9910 1
9910 1
9910 1
9910 1
9910 1
9910 1
9910 1
9910 1
9910 1
9910 1
5533 1
5533 1
5533 1
5533 1
5533 1
5533 1
5533 1
5533 1
5533 1
5533 1
5533 1
5533 1
5533 1
5533 1
5533 1
5533 1
5533 1
5533 1
5533 1
5533 1
5533 1
5533 1
5533 1
5533 1
5533 1
5533 1
5533 1
5533 1
5533 1
5533 1
5533 1
5533 1
5533 1
5533 1
5533 1
5533 1
5533 1
5533 1
5533 1
5533 1
5533 1
5533 1
5533 1
5533 1
5533 1
5337 1
5337 1
5337 1
5337 1
5337 1
5337 1
5337 1
5337 1
5337 1
5337 1
5337 1
5337 1
5337 1
5337 1
5337 1
5337 1
5337 1
5337 1
5337 1
5337 1
5337 1
5337 1
5337 1
5337 1
5337 1
5337 1
5337 1
5337 1
5337 1
5337 1
5337 1
5337 1
5337 1
5337 1
5337 1
5337 1
5337 1
5337 1
5337 1
5337 1
5337 1
5337 1
5337 1
5337 1
5337 1
5324 1
5324 1
5324 1
5324 1
5324 1
5324 1
5324 1
5324 1
5324 1
5324 1
5324 1
5324 1
5324 1
5324 1
5324 1
5324 1
5324 1
5324 1
5324 1
5324 1
5324 1
5324 1
5324 1
5324 1
5324 1
5324 1
5324 1
5324 1
5324 1
5324 1
5324 1
5324 1
5324 1
5324 1
5324 1
5324 1
5324 1
5324 1
5324 1
5324 1
5324 1
5324 1
5324 1
5324 1
5324 1
5317 1
5317 1
5317 1
5317 1
5317 1
5317 1
5317 1
5317 1
5317 1
5317 1
5317 1
5317 1
5317 1
5317 1
5317 1
5317 1
5317 1
5317 1
5317 1
5317 1
5317 1
5317 1
5317 1
5317 1
5317 1
5317 1
5317 1
5317 1
5317 1
5317 1
5317 1
5317 1
5317 1
5317 1
5317 1
5317 1
5317 1
5317 1
5317 1
5317 1
5317 1
5317 1
5317 1
5317 1
5317 1
5430 1
5430 1
5430 1
5430 1
5430 1
5430 1
5430 1
5430 1
5430 1
5430 1
5430 1
5430 1
5430 1
5430 1
5430 1
5430 1
5430 1
5430 1
5430 1
5430 1
5430 1
5430 1
5430 1
5430 1
5430 1
5430 1
5430 1
5430 1
5430 1
5430 1
5430 1
5430 1
5430 1
5430 1
5430 1
5430 1
5430 1
5430 1
5430 1
5430 1
5430 1
5430 1
5430 1
5430 1
5430 1
5429 1
5429 1
5429 1
5429 1
5429 1
5429 1
5429 1
5429 1
5429 1
5429 1
5429 1
5429 1
5429 1
5429 1
5429 1
5429 1
5429 1
5429 1
5429 1
5429 1
5429 1
5429 1
5429 1
5429 1
5429 1
5429 1
5429 1
5429 1
5429 1
5429 1
5429 1
5429 1
5429 1
5429 1
5429 1
5429 1
5429 1
5429 1
5429 1
5429 1
5429 1
5429 1
5429 1
5429 1
5429 1
5428 1
5428 1
5428 1
5428 1
5428 1
5428 1
5428 1
5428 1
5428 1
5428 1
5428 1
5428 1
5428 1
5428 1
5428 1
5428 1
5428 1
5428 1
5428 1
5428 1
5428 1
5428 1
5428 1
5428 1
5428 1
5428 1
5428 1
5428 1
5428 1
5428 1
5428 1
5428 1
5428 1
5428 1
5428 1
5428 1
5428 1
5428 1
5428 1
5428 1
5428 1
5428 1
5428 1
5428 1
5428 1
5619 1
5619 1
5619 1
5619 1
5619 1
5619 1
5619 1
5619 1
5619 1
5619 1
5619 1
5619 1
5619 1
5619 1
5619 1
5619 1
5619 1
5619 1
5619 1
5619 1
5619 1
5619 1
5619 1
5619 1
5619 1
5619 1
5619 1
5619 1
5619 1
5619 1
5619 1
5619 1
5619 1
5619 1
5619 1
5619 1
5619 1
5619 1
5619 1
5619 1
5619 1
5619 1
5619 1
5619 1
5619 1
5427 1
5427 1
5427 1
5427 1
5427 1
5427 1
5427 1
5427 1
5427 1
5427 1
5427 1
5427 1
5427 1
5427 1
5427 1
5427 1
5427 1
5427 1
5427 1
5427 1
5427 1
5427 1
5427 1
5427 1
5427 1
5427 1
5427 1
5427 1
5427 1
5427 1
5427 1
5427 1
5427 1
5427 1
5427 1
5427 1
5427 1
5427 1
5427 1
5427 1
5427 1
5427 1
5427 1
5427 1
5427 1
5426 1
5426 1
5426 1
5426 1
5426 1
5426 1
5426 1
5426 1
5426 1
5426 1
5426 1
5426 1
5426 1
5426 1
5426 1
5426 1
5426 1
5426 1
5426 1
5426 1
5426 1
5426 1
5426 1
5426 1
5426 1
5426 1
5426 1
5426 1
5426 1
5426 1
5426 1
5426 1
5426 1
5426 1
5426 1
5426 1
5426 1
5426 1
5426 1
5426 1
5426 1
5426 1
5426 1
5426 1
5426 1
5618 1
5618 1
5618 1
5618 1
5618 1
5618 1
5618 1
5618 1
5618 1
5618 1
5618 1
5618 1
5618 1
5618 1
5618 1
5618 1
5618 1
5618 1
5618 1
5618 1
5618 1
5618 1
5618 1
5618 1
5618 1
5618 1
5618 1
5618 1
5618 1
5618 1
5618 1
5618 1
5618 1
5618 1
5618 1
5618 1
5618 1
5618 1
5618 1
5618 1
5618 1
5618 1
5618 1
5618 1
5618 1
5615 1
5615 1
5615 1
5615 1
5615 1
5615 1
5615 1
5615 1
5615 1
5615 1
5615 1
5615 1
5615 1
5615 1
5615 1
5615 1
5615 1
5615 1
5615 1
5615 1
5615 1
5615 1
5615 1
5615 1
5615 1
5615 1
5615 1
5615 1
5615 1
5615 1
5615 1
5615 1
5615 1
5615 1
5615 1
5615 1
5615 1
5615 1
5615 1
5615 1
5615 1
5615 1
5615 1
5615 1
5615 1
5419 1
5419 1
5419 1
5419 1
5419 1
5419 1
5419 1
5419 1
5419 1
5419 1
5419 1
5419 1
5419 1
5419 1
5419 1
5419 1
5419 1
5419 1
5419 1
5419 1
5419 1
5419 1
5419 1
5419 1
5419 1
5419 1
5419 1
5419 1
5419 1
5419 1
5419 1
5419 1
5419 1
5419 1
5419 1
5419 1
5419 1
5419 1
5419 1
5419 1
5419 1
5419 1
5419 1
5419 1
5419 1
5418 1
5418 1
5418 1
5418 1
5418 1
5418 1
5418 1
5418 1
5418 1
5418 1
5418 1
5418 1
5418 1
5418 1
5418 1
5418 1
5418 1
5418 1
5418 1
5418 1
5418 1
5418 1
5418 1
5418 1
5418 1
5418 1
5418 1
5418 1
5418 1
5418 1
5418 1
5418 1
5418 1
5418 1
5418 1
5418 1
5418 1
5418 1
5418 1
5418 1
5418 1
5418 1
5418 1
5418 1
5418 1
5614 1
5614 1
5614 1
5614 1
5614 1
5614 1
5614 1
5614 1
5614 1
5614 1
5614 1
5614 1
5614 1
5614 1
5614 1
5614 1
5614 1
5614 1
5614 1
5614 1
5614 1
5614 1
5614 1
5614 1
5614 1
5614 1
5614 1
5614 1
5614 1
5614 1
5614 1
5614 1
5614 1
5614 1
5614 1
5614 1
5614 1
5614 1
5614 1
5614 1
5614 1
5614 1
5614 1
5614 1
5614 1
5520 1
5520 1
5520 1
5520 1
5520 1
5520 1
5520 1
5520 1
5520 1
5520 1
5520 1
5520 1
5520 1
5520 1
5520 1
5520 1
5520 1
5520 1
5520 1
5520 1
5520 1
5520 1
5520 1
5520 1
5520 1
5520 1
5520 1
5520 1
5520 1
5520 1
5520 1
5520 1
5520 1
5520 1
5520 1
5520 1
5520 1
5520 1
5520 1
5520 1
5520 1
5520 1
5520 1
5520 1
5520 1
5518 1
5518 1
5518 1
5518 1
5518 1
5518 1
5518 1
5518 1
5518 1
5518 1
5518 1
5518 1
5518 1
5518 1
5518 1
5518 1
5518 1
5518 1
5518 1
5518 1
5518 1
5518 1
5518 1
5518 1
5518 1
5518 1
5518 1
5518 1
5518 1
5518 1
5518 1
5518 1
5518 1
5518 1
5518 1
5518 1
5518 1
5518 1
5518 1
5518 1
5518 1
5518 1
5518 1
5518 1
5518 1
5517 1
5517 1
5517 1
5517 1
5517 1
5517 1
5517 1
5517 1
5517 1
5517 1
5517 1
5517 1
5517 1
5517 1
5517 1
5517 1
5517 1
5517 1
5517 1
5517 1
5517 1
5517 1
5517 1
5517 1
5517 1
5517 1
5517 1
5517 1
5517 1
5517 1
5517 1
5517 1
5517 1
5517 1
5517 1
5517 1
5517 1
5517 1
5517 1
5517 1
5517 1
5517 1
5517 1
5517 1
5517 1
5707 1
5707 1
5707 1
5707 1
5707 1
5707 1
5707 1
5707 1
5707 1
5707 1
5707 1
5707 1
5707 1
5707 1
5707 1
5707 1
5707 1
5707 1
5707 1
5707 1
5707 1
5707 1
5707 1
5707 1
5707 1
5707 1
5707 1
5707 1
5707 1
5707 1
5707 1
5707 1
5707 1
5707 1
5707 1
5707 1
5707 1
5707 1
5707 1
5707 1
5707 1
5707 1
5707 1
5707 1
5707 1
5516 1
5516 1
5516 1
5516 1
5516 1
5516 1
5516 1
5516 1
5516 1
5516 1
5516 1
5516 1
5516 1
5516 1
5516 1
5516 1
5516 1
5516 1
5516 1
5516 1
5516 1
5516 1
5516 1
5516 1
5516 1
5516 1
5516 1
5516 1
5516 1
5516 1
5516 1
5516 1
5516 1
5516 1
5516 1
5516 1
5516 1
5516 1
5516 1
5516 1
5516 1
5516 1
5516 1
5516 1
5516 1
5515 1
5515 1
5515 1
5515 1
5515 1
5515 1
5515 1
5515 1
5515 1
5515 1
5515 1
5515 1
5515 1
5515 1
5515 1
5515 1
5515 1
5515 1
5515 1
5515 1
5515 1
5515 1
5515 1
5515 1
5515 1
5515 1
5515 1
5515 1
5515 1
5515 1
5515 1
5515 1
5515 1
5515 1
5515 1
5515 1
5515 1
5515 1
5515 1
5515 1
5515 1
5515 1
5515 1
5515 1
5515 1
5513 1
5513 1
5513 1
5513 1
5513 1
5513 1
5513 1
5513 1
5513 1
5513 1
5513 1
5513 1
5513 1
5513 1
5513 1
5513 1
5513 1
5513 1
5513 1
5513 1
5513 1
5513 1
5513 1
5513 1
5513 1
5513 1
5513 1
5513 1
5513 1
5513 1
5513 1
5513 1
5513 1
5513 1
5513 1
5513 1
5513 1
5513 1
5513 1
5513 1
5513 1
5513 1
5513 1
5513 1
5513 1
5511 1
5511 1
5511 1
5511 1
5511 1
5511 1
5511 1
5511 1
5511 1
5511 1
5511 1
5511 1
5511 1
5511 1
5511 1
5511 1
5511 1
5511 1
5511 1
5511 1
5511 1
5511 1
5511 1
5511 1
5511 1
5511 1
5511 1
5511 1
5511 1
5511 1
5511 1
5511 1
5511 1
5511 1
5511 1
5511 1
5511 1
5511 1
5511 1
5511 1
5511 1
5511 1
5511 1
5511 1
5511 1
5704 1
5704 1
5704 1
5704 1
5704 1
5704 1
5704 1
5704 1
5704 1
5704 1
5704 1
5704 1
5704 1
5704 1
5704 1
5704 1
5704 1
5704 1
5704 1
5704 1
5704 1
5704 1
5704 1
5704 1
5704 1
5704 1
5704 1
5704 1
5704 1
5704 1
5704 1
5704 1
5704 1
5704 1
5704 1
5704 1
5704 1
5704 1
5704 1
5704 1
5704 1
5704 1
5704 1
5704 1
5704 1
5508 1
5508 1
5508 1
5508 1
5508 1
5508 1
5508 1
5508 1
5508 1
5508 1
5508 1
5508 1
5508 1
5508 1
5508 1
5508 1
5508 1
5508 1
5508 1
5508 1
5508 1
5508 1
5508 1
5508 1
5508 1
5508 1
5508 1
5508 1
5508 1
5508 1
5508 1
5508 1
5508 1
5508 1
5508 1
5508 1
5508 1
5508 1
5508 1
5508 1
5508 1
5508 1
5508 1
5508 1
5508 1
5703 1
5703 1
5703 1
5703 1
5703 1
5703 1
5703 1
5703 1
5703 1
5703 1
5703 1
5703 1
5703 1
5703 1
5703 1
5703 1
5703 1
5703 1
5703 1
5703 1
5703 1
5703 1
5703 1
5703 1
5703 1
5703 1
5703 1
5703 1
5703 1
5703 1
5703 1
5703 1
5703 1
5703 1
5703 1
5703 1
5703 1
5703 1
5703 1
5703 1
5703 1
5703 1
5703 1
5703 1
5703 1
5610 1
5610 1
5610 1
5610 1
5610 1
5610 1
5610 1
5610 1
5610 1
5610 1
5610 1
5610 1
5610 1
5610 1
5610 1
5610 1
5610 1
5610 1
5610 1
5610 1
5610 1
5610 1
5610 1
5610 1
5610 1
5610 1
5610 1
5610 1
5610 1
5610 1
5610 1
5610 1
5610 1
5610 1
5610 1
5610 1
5610 1
5610 1
5610 1
5610 1
5610 1
5610 1
5610 1
5610 1
5610 1
5507 1
5507 1
5507 1
5507 1
5507 1
5507 1
5507 1
5507 1
5507 1
5507 1
5507 1
5507 1
5507 1
5507 1
5507 1
5507 1
5507 1
5507 1
5507 1
5507 1
5507 1
5507 1
5507 1
5507 1
5507 1
5507 1
5507 1
5507 1
5507 1
5507 1
5507 1
5507 1
5507 1
5507 1
5507 1
5507 1
5507 1
5507 1
5507 1
5507 1
5507 1
5507 1
5507 1
5507 1
5507 1
5702 1
5702 1
5702 1
5702 1
5702 1
5702 1
5702 1
5702 1
5702 1
5702 1
5702 1
5702 1
5702 1
5702 1
5702 1
5702 1
5702 1
5702 1
5702 1
5702 1
5702 1
5702 1
5702 1
5702 1
5702 1
5702 1
5702 1
5702 1
5702 1
5702 1
5702 1
5702 1
5702 1
5702 1
5702 1
5702 1
5702 1
5702 1
5702 1
5702 1
5702 1
5702 1
5702 1
5702 1
5702 1
5701 1
5701 1
5701 1
5701 1
5701 1
5701 1
5701 1
5701 1
5701 1
5701 1
5701 1
5701 1
5701 1
5701 1
5701 1
5701 1
5701 1
5701 1
5701 1
5701 1
5701 1
5701 1
5701 1
5701 1
5701 1
5701 1
5701 1
5701 1
5701 1
5701 1
5701 1
5701 1
5701 1
5701 1
5701 1
5701 1
5701 1
5701 1
5701 1
5701 1
5701 1
5701 1
5701 1
5701 1
5701 1
5606 1
5606 1
5606 1
5606 1
5606 1
5606 1
5606 1
5606 1
5606 1
5606 1
5606 1
5606 1
5606 1
5606 1
5606 1
5606 1
5606 1
5606 1
5606 1
5606 1
5606 1
5606 1
5606 1
5606 1
5606 1
5606 1
5606 1
5606 1
5606 1
5606 1
5606 1
5606 1
5606 1
5606 1
5606 1
5606 1
5606 1
5606 1
5606 1
5606 1
5606 1
5606 1
5606 1
5606 1
5606 1
5496 1
5496 1
5496 1
5496 1
5496 1
5496 1
5496 1
5496 1
5496 1
5496 1
5496 1
5496 1
5496 1
5496 1
5496 1
5496 1
5496 1
5496 1
5496 1
5496 1
5496 1
5496 1
5496 1
5496 1
5496 1
5496 1
5496 1
5496 1
5496 1
5496 1
5496 1
5496 1
5496 1
5496 1
5496 1
5496 1
5496 1
5496 1
5496 1
5496 1
5496 1
5496 1
5496 1
5496 1
5496 1
5491 1
5491 1
5491 1
5491 1
5491 1
5491 1
5491 1
5491 1
5491 1
5491 1
5491 1
5491 1
5491 1
5491 1
5491 1
5491 1
5491 1
5491 1
5491 1
5491 1
5491 1
5491 1
5491 1
5491 1
5491 1
5491 1
5491 1
5491 1
5491 1
5491 1
5491 1
5491 1
5491 1
5491 1
5491 1
5491 1
5491 1
5491 1
5491 1
5491 1
5491 1
5491 1
5491 1
5491 1
5491 1
5605 1
5605 1
5605 1
5605 1
5605 1
5605 1
5605 1
5605 1
5605 1
5605 1
5605 1
5605 1
5605 1
5605 1
5605 1
5605 1
5605 1
5605 1
5605 1
5605 1
5605 1
5605 1
5605 1
5605 1
5605 1
5605 1
5605 1
5605 1
5605 1
5605 1
5605 1
5605 1
5605 1
5605 1
5605 1
5605 1
5605 1
5605 1
5605 1
5605 1
5605 1
5605 1
5605 1
5605 1
5605 1
5798 1
5798 1
5798 1
5798 1
5798 1
5798 1
5798 1
5798 1
5798 1
5798 1
5798 1
5798 1
5798 1
5798 1
5798 1
5798 1
5798 1
5798 1
5798 1
5798 1
5798 1
5798 1
5798 1
5798 1
5798 1
5798 1
5798 1
5798 1
5798 1
5798 1
5798 1
5798 1
5798 1
5798 1
5798 1
5798 1
5798 1
5798 1
5798 1
5798 1
5798 1
5798 1
5798 1
5798 1
5798 1
5604 1
5604 1
5604 1
5604 1
5604 1
5604 1
5604 1
5604 1
5604 1
5604 1
5604 1
5604 1
5604 1
5604 1
5604 1
5604 1
5604 1
5604 1
5604 1
5604 1
5604 1
5604 1
5604 1
5604 1
5604 1
5604 1
5604 1
5604 1
5604 1
5604 1
5604 1
5604 1
5604 1
5604 1
5604 1
5604 1
5604 1
5604 1
5604 1
5604 1
5604 1
5604 1
5604 1
5604 1
5604 1
5601 1
5601 1
5601 1
5601 1
5601 1
5601 1
5601 1
5601 1
5601 1
5601 1
5601 1
5601 1
5601 1
5601 1
5601 1
5601 1
5601 1
5601 1
5601 1
5601 1
5601 1
5601 1
5601 1
5601 1
5601 1
5601 1
5601 1
5601 1
5601 1
5601 1
5601 1
5601 1
5601 1
5601 1
5601 1
5601 1
5601 1
5601 1
5601 1
5601 1
5601 1
5601 1
5601 1
5601 1
5601 1
5796 1
5796 1
5796 1
5796 1
5796 1
5796 1
5796 1
5796 1
5796 1
5796 1
5796 1
5796 1
5796 1
5796 1
5796 1
5796 1
5796 1
5796 1
5796 1
5796 1
5796 1
5796 1
5796 1
5796 1
5796 1
5796 1
5796 1
5796 1
5796 1
5796 1
5796 1
5796 1
5796 1
5796 1
5796 1
5796 1
5796 1
5796 1
5796 1
5796 1
5796 1
5796 1
5796 1
5796 1
5796 1
5600 1
5600 1
5600 1
5600 1
5600 1
5600 1
5600 1
5600 1
5600 1
5600 1
5600 1
5600 1
5600 1
5600 1
5600 1
5600 1
5600 1
5600 1
5600 1
5600 1
5600 1
5600 1
5600 1
5600 1
5600 1
5600 1
5600 1
5600 1
5600 1
5600 1
5600 1
5600 1
5600 1
5600 1
5600 1
5600 1
5600 1
5600 1
5600 1
5600 1
5600 1
5600 1
5600 1
5600 1
5600 1
5795 1
5795 1
5795 1
5795 1
5795 1
5795 1
5795 1
5795 1
5795 1
5795 1
5795 1
5795 1
5795 1
5795 1
5795 1
5795 1
5795 1
5795 1
5795 1
5795 1
5795 1
5795 1
5795 1
5795 1
5795 1
5795 1
5795 1
5795 1
5795 1
5795 1
5795 1
5795 1
5795 1
5795 1
5795 1
5795 1
5795 1
5795 1
5795 1
5795 1
5795 1
5795 1
5795 1
5795 1
5795 1
5794 1
5794 1
5794 1
5794 1
5794 1
5794 1
5794 1
5794 1
5794 1
5794 1
5794 1
5794 1
5794 1
5794 1
5794 1
5794 1
5794 1
5794 1
5794 1
5794 1
5794 1
5794 1
5794 1
5794 1
5794 1
5794 1
5794 1
5794 1
5794 1
5794 1
5794 1
5794 1
5794 1
5794 1
5794 1
5794 1
5794 1
5794 1
5794 1
5794 1
5794 1
5794 1
5794 1
5794 1
5794 1
5697 1
5697 1
5697 1
5697 1
5697 1
5697 1
5697 1
5697 1
5697 1
5697 1
5697 1
5697 1
5697 1
5697 1
5697 1
5697 1
5697 1
5697 1
5697 1
5697 1
5697 1
5697 1
5697 1
5697 1
5697 1
5697 1
5697 1
5697 1
5697 1
5697 1
5697 1
5697 1
5697 1
5697 1
5697 1
5697 1
5697 1
5697 1
5697 1
5697 1
5697 1
5697 1
5697 1
5697 1
5697 1
9810 1
9810 1
9810 1
9810 1
9810 1
9810 1
9810 1
9810 1
9810 1
9810 1
9810 1
9810 1
9810 1
9810 1
9810 1
9810 1
9810 1
9810 1
9810 1
9810 1
9810 1
9810 1
9810 1
9810 1
9810 1
9810 1
9810 1
9810 1
9810 1
9810 1
9810 1
9810 1
9810 1
9810 1
9810 1
9810 1
9810 1
9810 1
9810 1
9810 1
9810 1
9810 1
9810 1
9810 1
9810 1
5696 1
5696 1
5696 1
5696 1
5696 1
5696 1
5696 1
5696 1
5696 1
5696 1
5696 1
5696 1
5696 1
5696 1
5696 1
5696 1
5696 1
5696 1
5696 1
5696 1
5696 1
5696 1
5696 1
5696 1
5696 1
5696 1
5696 1
5696 1
5696 1
5696 1
5696 1
5696 1
5696 1
5696 1
5696 1
5696 1
5696 1
5696 1
5696 1
5696 1
5696 1
5696 1
5696 1
5696 1
5696 1
5591 1
5591 1
5591 1
5591 1
5591 1
5591 1
5591 1
5591 1
5591 1
5591 1
5591 1
5591 1
5591 1
5591 1
5591 1
5591 1
5591 1
5591 1
5591 1
5591 1
5591 1
5591 1
5591 1
5591 1
5591 1
5591 1
5591 1
5591 1
5591 1
5591 1
5591 1
5591 1
5591 1
5591 1
5591 1
5591 1
5591 1
5591 1
5591 1
5591 1
5591 1
5591 1
5591 1
5591 1
5591 1
5590 1
5590 1
5590 1
5590 1
5590 1
5590 1
5590 1
5590 1
5590 1
5590 1
5590 1
5590 1
5590 1
5590 1
5590 1
5590 1
5590 1
5590 1
5590 1
5590 1
5590 1
5590 1
5590 1
5590 1
5590 1
5590 1
5590 1
5590 1
5590 1
5590 1
5590 1
5590 1
5590 1
5590 1
5590 1
5590 1
5590 1
5590 1
5590 1
5590 1
5590 1
5590 1
5590 1
5590 1
5590 1
5694 1
5694 1
5694 1
5694 1
5694 1
5694 1
5694 1
5694 1
5694 1
5694 1
5694 1
5694 1
5694 1
5694 1
5694 1
5694 1
5694 1
5694 1
5694 1
5694 1
5694 1
5694 1
5694 1
5694 1
5694 1
5694 1
5694 1
5694 1
5694 1
5694 1
5694 1
5694 1
5694 1
5694 1
5694 1
5694 1
5694 1
5694 1
5694 1
5694 1
5694 1
5694 1
5694 1
5694 1
5694 1
5693 1
5693 1
5693 1
5693 1
5693 1
5693 1
5693 1
5693 1
5693 1
5693 1
5693 1
5693 1
5693 1
5693 1
5693 1
5693 1
5693 1
5693 1
5693 1
5693 1
5693 1
5693 1
5693 1
5693 1
5693 1
5693 1
5693 1
5693 1
5693 1
5693 1
5693 1
5693 1
5693 1
5693 1
5693 1
5693 1
5693 1
5693 1
5693 1
5693 1
5693 1
5693 1
5693 1
5693 1
5693 1
5692 1
5692 1
5692 1
5692 1
5692 1
5692 1
5692 1
5692 1
5692 1
5692 1
5692 1
5692 1
5692 1
5692 1
5692 1
5692 1
5692 1
5692 1
5692 1
5692 1
5692 1
5692 1
5692 1
5692 1
5692 1
5692 1
5692 1
5692 1
5692 1
5692 1
5692 1
5692 1
5692 1
5692 1
5692 1
5692 1
5692 1
5692 1
5692 1
5692 1
5692 1
5692 1
5692 1
5692 1
5692 1
5889 1
5889 1
5889 1
5889 1
5889 1
5889 1
5889 1
5889 1
5889 1
5889 1
5889 1
5889 1
5889 1
5889 1
5889 1
5889 1
5889 1
5889 1
5889 1
5889 1
5889 1
5889 1
5889 1
5889 1
5889 1
5889 1
5889 1
5889 1
5889 1
5889 1
5889 1
5889 1
5889 1
5889 1
5889 1
5889 1
5889 1
5889 1
5889 1
5889 1
5889 1
5889 1
5889 1
5889 1
5889 1
5690 1
5690 1
5690 1
5690 1
5690 1
5690 1
5690 1
5690 1
5690 1
5690 1
5690 1
5690 1
5690 1
5690 1
5690 1
5690 1
5690 1
5690 1
5690 1
5690 1
5690 1
5690 1
5690 1
5690 1
5690 1
5690 1
5690 1
5690 1
5690 1
5690 1
5690 1
5690 1
5690 1
5690 1
5690 1
5690 1
5690 1
5690 1
5690 1
5690 1
5690 1
5690 1
5690 1
5690 1
5690 1
5689 1
5689 1
5689 1
5689 1
5689 1
5689 1
5689 1
5689 1
5689 1
5689 1
5689 1
5689 1
5689 1
5689 1
5689 1
5689 1
5689 1
5689 1
5689 1
5689 1
5689 1
5689 1
5689 1
5689 1
5689 1
5689 1
5689 1
5689 1
5689 1
5689 1
5689 1
5689 1
5689 1
5689 1
5689 1
5689 1
5689 1
5689 1
5689 1
5689 1
5689 1
5689 1
5689 1
5689 1
5689 1
5688 1
5688 1
5688 1
5688 1
5688 1
5688 1
5688 1
5688 1
5688 1
5688 1
5688 1
5688 1
5688 1
5688 1
5688 1
5688 1
5688 1
5688 1
5688 1
5688 1
5688 1
5688 1
5688 1
5688 1
5688 1
5688 1
5688 1
5688 1
5688 1
5688 1
5688 1
5688 1
5688 1
5688 1
5688 1
5688 1
5688 1
5688 1
5688 1
5688 1
5688 1
5688 1
5688 1
5688 1
5688 1
5687 1
5687 1
5687 1
5687 1
5687 1
5687 1
5687 1
5687 1
5687 1
5687 1
5687 1
5687 1
5687 1
5687 1
5687 1
5687 1
5687 1
5687 1
5687 1
5687 1
5687 1
5687 1
5687 1
5687 1
5687 1
5687 1
5687 1
5687 1
5687 1
5687 1
5687 1
5687 1
5687 1
5687 1
5687 1
5687 1
5687 1
5687 1
5687 1
5687 1
5687 1
5687 1
5687 1
5687 1
5687 1
5887 1
5887 1
5887 1
5887 1
5887 1
5887 1
5887 1
5887 1
5887 1
5887 1
5887 1
5887 1
5887 1
5887 1
5887 1
5887 1
5887 1
5887 1
5887 1
5887 1
5887 1
5887 1
5887 1
5887 1
5887 1
5887 1
5887 1
5887 1
5887 1
5887 1
5887 1
5887 1
5887 1
5887 1
5887 1
5887 1
5887 1
5887 1
5887 1
5887 1
5887 1
5887 1
5887 1
5887 1
5887 1
5787 1
5787 1
5787 1
5787 1
5787 1
5787 1
5787 1
5787 1
5787 1
5787 1
5787 1
5787 1
5787 1
5787 1
5787 1
5787 1
5787 1
5787 1
5787 1
5787 1
5787 1
5787 1
5787 1
5787 1
5787 1
5787 1
5787 1
5787 1
5787 1
5787 1
5787 1
5787 1
5787 1
5787 1
5787 1
5787 1
5787 1
5787 1
5787 1
5787 1
5787 1
5787 1
5787 1
5787 1
5787 1
5885 1
5885 1
5885 1
5885 1
5885 1
5885 1
5885 1
5885 1
5885 1
5885 1
5885 1
5885 1
5885 1
5885 1
5885 1
5885 1
5885 1
5885 1
5885 1
5885 1
5885 1
5885 1
5885 1
5885 1
5885 1
5885 1
5885 1
5885 1
5885 1
5885 1
5885 1
5885 1
5885 1
5885 1
5885 1
5885 1
5885 1
5885 1
5885 1
5885 1
5885 1
5885 1
5885 1
5885 1
5885 1
5784 1
5784 1
5784 1
5784 1
5784 1
5784 1
5784 1
5784 1
5784 1
5784 1
5784 1
5784 1
5784 1
5784 1
5784 1
5784 1
5784 1
5784 1
5784 1
5784 1
5784 1
5784 1
5784 1
5784 1
5784 1
5784 1
5784 1
5784 1
5784 1
5784 1
5784 1
5784 1
5784 1
5784 1
5784 1
5784 1
5784 1
5784 1
5784 1
5784 1
5784 1
5784 1
5784 1
5784 1
5784 1
5883 1
5883 1
5883 1
5883 1
5883 1
5883 1
5883 1
5883 1
5883 1
5883 1
5883 1
5883 1
5883 1
5883 1
5883 1
5883 1
5883 1
5883 1
5883 1
5883 1
5883 1
5883 1
5883 1
5883 1
5883 1
5883 1
5883 1
5883 1
5883 1
5883 1
5883 1
5883 1
5883 1
5883 1
5883 1
5883 1
5883 1
5883 1
5883 1
5883 1
5883 1
5883 1
5883 1
5883 1
5883 1
5677 1
5677 1
5677 1
5677 1
5677 1
5677 1
5677 1
5677 1
5677 1
5677 1
5677 1
5677 1
5677 1
5677 1
5677 1
5677 1
5677 1
5677 1
5677 1
5677 1
5677 1
5677 1
5677 1
5677 1
5677 1
5677 1
5677 1
5677 1
5677 1
5677 1
5677 1
5677 1
5677 1
5677 1
5677 1
5677 1
5677 1
5677 1
5677 1
5677 1
5677 1
5677 1
5677 1
5677 1
5677 1
5676 1
5676 1
5676 1
5676 1
5676 1
5676 1
5676 1
5676 1
5676 1
5676 1
5676 1
5676 1
5676 1
5676 1
5676 1
5676 1
5676 1
5676 1
5676 1
5676 1
5676 1
5676 1
5676 1
5676 1
5676 1
5676 1
5676 1
5676 1
5676 1
5676 1
5676 1
5676 1
5676 1
5676 1
5676 1
5676 1
5676 1
5676 1
5676 1
5676 1
5676 1
5676 1
5676 1
5676 1
5676 1
5675 1
5675 1
5675 1
5675 1
5675 1
5675 1
5675 1
5675 1
5675 1
5675 1
5675 1
5675 1
5675 1
5675 1
5675 1
5675 1
5675 1
5675 1
5675 1
5675 1
5675 1
5675 1
5675 1
5675 1
5675 1
5675 1
5675 1
5675 1
5675 1
5675 1
5675 1
5675 1
5675 1
5675 1
5675 1
5675 1
5675 1
5675 1
5675 1
5675 1
5675 1
5675 1
5675 1
5675 1
5675 1
5674 1
5674 1
5674 1
5674 1
5674 1
5674 1
5674 1
5674 1
5674 1
5674 1
5674 1
5674 1
5674 1
5674 1
5674 1
5674 1
5674 1
5674 1
5674 1
5674 1
5674 1
5674 1
5674 1
5674 1
5674 1
5674 1
5674 1
5674 1
5674 1
5674 1
5674 1
5674 1
5674 1
5674 1
5674 1
5674 1
5674 1
5674 1
5674 1
5674 1
5674 1
5674 1
5674 1
5674 1
5674 1
5673 1
5673 1
5673 1
5673 1
5673 1
5673 1
5673 1
5673 1
5673 1
5673 1
5673 1
5673 1
5673 1
5673 1
5673 1
5673 1
5673 1
5673 1
5673 1
5673 1
5673 1
5673 1
5673 1
5673 1
5673 1
5673 1
5673 1
5673 1
5673 1
5673 1
5673 1
5673 1
5673 1
5673 1
5673 1
5673 1
5673 1
5673 1
5673 1
5673 1
5673 1
5673 1
5673 1
5673 1
5673 1
5670 1
5670 1
5670 1
5670 1
5670 1
5670 1
5670 1
5670 1
5670 1
5670 1
5670 1
5670 1
5670 1
5670 1
5670 1
5670 1
5670 1
5670 1
5670 1
5670 1
5670 1
5670 1
5670 1
5670 1
5670 1
5670 1
5670 1
5670 1
5670 1
5670 1
5670 1
5670 1
5670 1
5670 1
5670 1
5670 1
5670 1
5670 1
5670 1
5670 1
5670 1
5670 1
5670 1
5670 1
5670 1
5661 1
5661 1
5661 1
5661 1
5661 1
5661 1
5661 1
5661 1
5661 1
5661 1
5661 1
5661 1
5661 1
5661 1
5661 1
5661 1
5661 1
5661 1
5661 1
5661 1
5661 1
5661 1
5661 1
5661 1
5661 1
5661 1
5661 1
5661 1
5661 1
5661 1
5661 1
5661 1
5661 1
5661 1
5661 1
5661 1
5661 1
5661 1
5661 1
5661 1
5661 1
5661 1
5661 1
5661 1
5661 1
5778 1
5778 1
5778 1
5778 1
5778 1
5778 1
5778 1
5778 1
5778 1
5778 1
5778 1
5778 1
5778 1
5778 1
5778 1
5778 1
5778 1
5778 1
5778 1
5778 1
5778 1
5778 1
5778 1
5778 1
5778 1
5778 1
5778 1
5778 1
5778 1
5778 1
5778 1
5778 1
5778 1
5778 1
5778 1
5778 1
5778 1
5778 1
5778 1
5778 1
5778 1
5778 1
5778 1
5778 1
5778 1
5777 1
5777 1
5777 1
5777 1
5777 1
5777 1
5777 1
5777 1
5777 1
5777 1
5777 1
5777 1
5777 1
5777 1
5777 1
5777 1
5777 1
5777 1
5777 1
5777 1
5777 1
5777 1
5777 1
5777 1
5777 1
5777 1
5777 1
5777 1
5777 1
5777 1
5777 1
5777 1
5777 1
5777 1
5777 1
5777 1
5777 1
5777 1
5777 1
5777 1
5777 1
5777 1
5777 1
5777 1
5777 1
5985 1
5985 1
5985 1
5985 1
5985 1
5985 1
5985 1
5985 1
5985 1
5985 1
5985 1
5985 1
5985 1
5985 1
5985 1
5985 1
5985 1
5985 1
5985 1
5985 1
5985 1
5985 1
5985 1
5985 1
5985 1
5985 1
5985 1
5985 1
5985 1
5985 1
5985 1
5985 1
5985 1
5985 1
5985 1
5985 1
5985 1
5985 1
5985 1
5985 1
5985 1
5985 1
5985 1
5985 1
5985 1
5879 1
5879 1
5879 1
5879 1
5879 1
5879 1
5879 1
5879 1
5879 1
5879 1
5879 1
5879 1
5879 1
5879 1
5879 1
5879 1
5879 1
5879 1
5879 1
5879 1
5879 1
5879 1
5879 1
5879 1
5879 1
5879 1
5879 1
5879 1
5879 1
5879 1
5879 1
5879 1
5879 1
5879 1
5879 1
5879 1
5879 1
5879 1
5879 1
5879 1
5879 1
5879 1
5879 1
5879 1
5879 1
5984 1
5984 1
5984 1
5984 1
5984 1
5984 1
5984 1
5984 1
5984 1
5984 1
5984 1
5984 1
5984 1
5984 1
5984 1
5984 1
5984 1
5984 1
5984 1
5984 1
5984 1
5984 1
5984 1
5984 1
5984 1
5984 1
5984 1
5984 1
5984 1
5984 1
5984 1
5984 1
5984 1
5984 1
5984 1
5984 1
5984 1
5984 1
5984 1
5984 1
5984 1
5984 1
5984 1
5984 1
5984 1
5983 1
5983 1
5983 1
5983 1
5983 1
5983 1
5983 1
5983 1
5983 1
5983 1
5983 1
5983 1
5983 1
5983 1
5983 1
5983 1
5983 1
5983 1
5983 1
5983 1
5983 1
5983 1
5983 1
5983 1
5983 1
5983 1
5983 1
5983 1
5983 1
5983 1
5983 1
5983 1
5983 1
5983 1
5983 1
5983 1
5983 1
5983 1
5983 1
5983 1
5983 1
5983 1
5983 1
5983 1
5983 1
5764 1
5764 1
5764 1
5764 1
5764 1
5764 1
5764 1
5764 1
5764 1
5764 1
5764 1
5764 1
5764 1
5764 1
5764 1
5764 1
5764 1
5764 1
5764 1
5764 1
5764 1
5764 1
5764 1
5764 1
5764 1
5764 1
5764 1
5764 1
5764 1
5764 1
5764 1
5764 1
5764 1
5764 1
5764 1
5764 1
5764 1
5764 1
5764 1
5764 1
5764 1
5764 1
5764 1
5764 1
5764 1
5873 1
5873 1
5873 1
5873 1
5873 1
5873 1
5873 1
5873 1
5873 1
5873 1
5873 1
5873 1
5873 1
5873 1
5873 1
5873 1
5873 1
5873 1
5873 1
5873 1
5873 1
5873 1
5873 1
5873 1
5873 1
5873 1
5873 1
5873 1
5873 1
5873 1
5873 1
5873 1
5873 1
5873 1
5873 1
5873 1
5873 1
5873 1
5873 1
5873 1
5873 1
5873 1
5873 1
5873 1
5873 1
5761 1
5761 1
5761 1
5761 1
5761 1
5761 1
5761 1
5761 1
5761 1
5761 1
5761 1
5761 1
5761 1
5761 1
5761 1
5761 1
5761 1
5761 1
5761 1
5761 1
5761 1
5761 1
5761 1
5761 1
5761 1
5761 1
5761 1
5761 1
5761 1
5761 1
5761 1
5761 1
5761 1
5761 1
5761 1
5761 1
5761 1
5761 1
5761 1
5761 1
5761 1
5761 1
5761 1
5761 1
5761 1
5871 1
5871 1
5871 1
5871 1
5871 1
5871 1
5871 1
5871 1
5871 1
5871 1
5871 1
5871 1
5871 1
5871 1
5871 1
5871 1
5871 1
5871 1
5871 1
5871 1
5871 1
5871 1
5871 1
5871 1
5871 1
5871 1
5871 1
5871 1
5871 1
5871 1
5871 1
5871 1
5871 1
5871 1
5871 1
5871 1
5871 1
5871 1
5871 1
5871 1
5871 1
5871 1
5871 1
5871 1
5871 1
5978 1
5978 1
5978 1
5978 1
5978 1
5978 1
5978 1
5978 1
5978 1
5978 1
5978 1
5978 1
5978 1
5978 1
5978 1
5978 1
5978 1
5978 1
5978 1
5978 1
5978 1
5978 1
5978 1
5978 1
5978 1
5978 1
5978 1
5978 1
5978 1
5978 1
5978 1
5978 1
5978 1
5978 1
5978 1
5978 1
5978 1
5978 1
5978 1
5978 1
5978 1
5978 1
5978 1
5978 1
5978 1
5976 1
5976 1
5976 1
5976 1
5976 1
5976 1
5976 1
5976 1
5976 1
5976 1
5976 1
5976 1
5976 1
5976 1
5976 1
5976 1
5976 1
5976 1
5976 1
5976 1
5976 1
5976 1
5976 1
5976 1
5976 1
5976 1
5976 1
5976 1
5976 1
5976 1
5976 1
5976 1
5976 1
5976 1
5976 1
5976 1
5976 1
5976 1
5976 1
5976 1
5976 1
5976 1
5976 1
5976 1
5976 1
6088 1
6088 1
6088 1
6088 1
6088 1
6088 1
6088 1
6088 1
6088 1
6088 1
6088 1
6088 1
6088 1
6088 1
6088 1
6088 1
6088 1
6088 1
6088 1
6088 1
6088 1
6088 1
6088 1
6088 1
6088 1
6088 1
6088 1
6088 1
6088 1
6088 1
6088 1
6088 1
6088 1
6088 1
6088 1
6088 1
6088 1
6088 1
6088 1
6088 1
6088 1
6088 1
6088 1
6088 1
6088 1
5975 1
5975 1
5975 1
5975 1
5975 1
5975 1
5975 1
5975 1
5975 1
5975 1
5975 1
5975 1
5975 1
5975 1
5975 1
5975 1
5975 1
5975 1
5975 1
5975 1
5975 1
5975 1
5975 1
5975 1
5975 1
5975 1
5975 1
5975 1
5975 1
5975 1
5975 1
5975 1
5975 1
5975 1
5975 1
5975 1
5975 1
5975 1
5975 1
5975 1
5975 1
5975 1
5975 1
5975 1
5975 1
5970 1
5970 1
5970 1
5970 1
5970 1
5970 1
5970 1
5970 1
5970 1
5970 1
5970 1
5970 1
5970 1
5970 1
5970 1
5970 1
5970 1
5970 1
5970 1
5970 1
5970 1
5970 1
5970 1
5970 1
5970 1
5970 1
5970 1
5970 1
5970 1
5970 1
5970 1
5970 1
5970 1
5970 1
5970 1
5970 1
5970 1
5970 1
5970 1
5970 1
5970 1
5970 1
5970 1
5970 1
5970 1
5969 1
5969 1
5969 1
5969 1
5969 1
5969 1
5969 1
5969 1
5969 1
5969 1
5969 1
5969 1
5969 1
5969 1
5969 1
5969 1
5969 1
5969 1
5969 1
5969 1
5969 1
5969 1
5969 1
5969 1
5969 1
5969 1
5969 1
5969 1
5969 1
5969 1
5969 1
5969 1
5969 1
5969 1
5969 1
5969 1
5969 1
5969 1
5969 1
5969 1
5969 1
5969 1
5969 1
5969 1
5969 1
5851 1
5851 1
5851 1
5851 1
5851 1
5851 1
5851 1
5851 1
5851 1
5851 1
5851 1
5851 1
5851 1
5851 1
5851 1
5851 1
5851 1
5851 1
5851 1
5851 1
5851 1
5851 1
5851 1
5851 1
5851 1
5851 1
5851 1
5851 1
5851 1
5851 1
5851 1
5851 1
5851 1
5851 1
5851 1
5851 1
5851 1
5851 1
5851 1
5851 1
5851 1
5851 1
5851 1
5851 1
5851 1
5968 1
5968 1
5968 1
5968 1
5968 1
5968 1
5968 1
5968 1
5968 1
5968 1
5968 1
5968 1
5968 1
5968 1
5968 1
5968 1
5968 1
5968 1
5968 1
5968 1
5968 1
5968 1
5968 1
5968 1
5968 1
5968 1
5968 1
5968 1
5968 1
5968 1
5968 1
5968 1
5968 1
5968 1
5968 1
5968 1
5968 1
5968 1
5968 1
5968 1
5968 1
5968 1
5968 1
5968 1
5968 1
5850 1
5850 1
5850 1
5850 1
5850 1
5850 1
5850 1
5850 1
5850 1
5850 1
5850 1
5850 1
5850 1
5850 1
5850 1
5850 1
5850 1
5850 1
5850 1
5850 1
5850 1
5850 1
5850 1
5850 1
5850 1
5850 1
5850 1
5850 1
5850 1
5850 1
5850 1
5850 1
5850 1
5850 1
5850 1
5850 1
5850 1
5850 1
5850 1
5850 1
5850 1
5850 1
5850 1
5850 1
5850 1
5849 1
5849 1
5849 1
5849 1
5849 1
5849 1
5849 1
5849 1
5849 1
5849 1
5849 1
5849 1
5849 1
5849 1
5849 1
5849 1
5849 1
5849 1
5849 1
5849 1
5849 1
5849 1
5849 1
5849 1
5849 1
5849 1
5849 1
5849 1
5849 1
5849 1
5849 1
5849 1
5849 1
5849 1
5849 1
5849 1
5849 1
5849 1
5849 1
5849 1
5849 1
5849 1
5849 1
5849 1
5849 1
5848 1
5848 1
5848 1
5848 1
5848 1
5848 1
5848 1
5848 1
5848 1
5848 1
5848 1
5848 1
5848 1
5848 1
5848 1
5848 1
5848 1
5848 1
5848 1
5848 1
5848 1
5848 1
5848 1
5848 1
5848 1
5848 1
5848 1
5848 1
5848 1
5848 1
5848 1
5848 1
5848 1
5848 1
5848 1
5848 1
5848 1
5848 1
5848 1
5848 1
5848 1
5848 1
5848 1
5848 1
5848 1
5847 1
5847 1
5847 1
5847 1
5847 1
5847 1
5847 1
5847 1
5847 1
5847 1
5847 1
5847 1
5847 1
5847 1
5847 1
5847 1
5847 1
5847 1
5847 1
5847 1
5847 1
5847 1
5847 1
5847 1
5847 1
5847 1
5847 1
5847 1
5847 1
5847 1
5847 1
5847 1
5847 1
5847 1
5847 1
5847 1
5847 1
5847 1
5847 1
5847 1
5847 1
5847 1
5847 1
5847 1
5847 1
6081 1
6081 1
6081 1
6081 1
6081 1
6081 1
6081 1
6081 1
6081 1
6081 1
6081 1
6081 1
6081 1
6081 1
6081 1
6081 1
6081 1
6081 1
6081 1
6081 1
6081 1
6081 1
6081 1
6081 1
6081 1
6081 1
6081 1
6081 1
6081 1
6081 1
6081 1
6081 1
6081 1
6081 1
6081 1
6081 1
6081 1
6081 1
6081 1
6081 1
6081 1
6081 1
6081 1
6081 1
6081 1
6080 1
6080 1
6080 1
6080 1
6080 1
6080 1
6080 1
6080 1
6080 1
6080 1
6080 1
6080 1
6080 1
6080 1
6080 1
6080 1
6080 1
6080 1
6080 1
6080 1
6080 1
6080 1
6080 1
6080 1
6080 1
6080 1
6080 1
6080 1
6080 1
6080 1
6080 1
6080 1
6080 1
6080 1
6080 1
6080 1
6080 1
6080 1
6080 1
6080 1
6080 1
6080 1
6080 1
6080 1
6080 1
6079 1
6079 1
6079 1
6079 1
6079 1
6079 1
6079 1
6079 1
6079 1
6079 1
6079 1
6079 1
6079 1
6079 1
6079 1
6079 1
6079 1
6079 1
6079 1
6079 1
6079 1
6079 1
6079 1
6079 1
6079 1
6079 1
6079 1
6079 1
6079 1
6079 1
6079 1
6079 1
6079 1
6079 1
6079 1
6079 1
6079 1
6079 1
6079 1
6079 1
6079 1
6079 1
6079 1
6079 1
6079 1
6078 1
6078 1
6078 1
6078 1
6078 1
6078 1
6078 1
6078 1
6078 1
6078 1
6078 1
6078 1
6078 1
6078 1
6078 1
6078 1
6078 1
6078 1
6078 1
6078 1
6078 1
6078 1
6078 1
6078 1
6078 1
6078 1
6078 1
6078 1
6078 1
6078 1
6078 1
6078 1
6078 1
6078 1
6078 1
6078 1
6078 1
6078 1
6078 1
6078 1
6078 1
6078 1
6078 1
6078 1
6078 1
6077 1
6077 1
6077 1
6077 1
6077 1
6077 1
6077 1
6077 1
6077 1
6077 1
6077 1
6077 1
6077 1
6077 1
6077 1
6077 1
6077 1
6077 1
6077 1
6077 1
6077 1
6077 1
6077 1
6077 1
6077 1
6077 1
6077 1
6077 1
6077 1
6077 1
6077 1
6077 1
6077 1
6077 1
6077 1
6077 1
6077 1
6077 1
6077 1
6077 1
6077 1
6077 1
6077 1
6077 1
6077 1
6184 1
6184 1
6184 1
6184 1
6184 1
6184 1
6184 1
6184 1
6184 1
6184 1
6184 1
6184 1
6184 1
6184 1
6184 1
6184 1
6184 1
6184 1
6184 1
6184 1
6184 1
6184 1
6184 1
6184 1
6184 1
6184 1
6184 1
6184 1
6184 1
6184 1
6184 1
6184 1
6184 1
6184 1
6184 1
6184 1
6184 1
6184 1
6184 1
6184 1
6184 1
6184 1
6184 1
6184 1
6184 1
6074 1
6074 1
6074 1
6074 1
6074 1
6074 1
6074 1
6074 1
6074 1
6074 1
6074 1
6074 1
6074 1
6074 1
6074 1
6074 1
6074 1
6074 1
6074 1
6074 1
6074 1
6074 1
6074 1
6074 1
6074 1
6074 1
6074 1
6074 1
6074 1
6074 1
6074 1
6074 1
6074 1
6074 1
6074 1
6074 1
6074 1
6074 1
6074 1
6074 1
6074 1
6074 1
6074 1
6074 1
6074 1
6073 1
6073 1
6073 1
6073 1
6073 1
6073 1
6073 1
6073 1
6073 1
6073 1
6073 1
6073 1
6073 1
6073 1
6073 1
6073 1
6073 1
6073 1
6073 1
6073 1
6073 1
6073 1
6073 1
6073 1
6073 1
6073 1
6073 1
6073 1
6073 1
6073 1
6073 1
6073 1
6073 1
6073 1
6073 1
6073 1
6073 1
6073 1
6073 1
6073 1
6073 1
6073 1
6073 1
6073 1
6073 1
5946 1
5946 1
5946 1
5946 1
5946 1
5946 1
5946 1
5946 1
5946 1
5946 1
5946 1
5946 1
5946 1
5946 1
5946 1
5946 1
5946 1
5946 1
5946 1
5946 1
5946 1
5946 1
5946 1
5946 1
5946 1
5946 1
5946 1
5946 1
5946 1
5946 1
5946 1
5946 1
5946 1
5946 1
5946 1
5946 1
5946 1
5946 1
5946 1
5946 1
5946 1
5946 1
5946 1
5946 1
5946 1
5945 1
5945 1
5945 1
5945 1
5945 1
5945 1
5945 1
5945 1
5945 1
5945 1
5945 1
5945 1
5945 1
5945 1
5945 1
5945 1
5945 1
5945 1
5945 1
5945 1
5945 1
5945 1
5945 1
5945 1
5945 1
5945 1
5945 1
5945 1
5945 1
5945 1
5945 1
5945 1
5945 1
5945 1
5945 1
5945 1
5945 1
5945 1
5945 1
5945 1
5945 1
5945 1
5945 1
5945 1
5945 1
5944 1
5944 1
5944 1
5944 1
5944 1
5944 1
5944 1
5944 1
5944 1
5944 1
5944 1
5944 1
5944 1
5944 1
5944 1
5944 1
5944 1
5944 1
5944 1
5944 1
5944 1
5944 1
5944 1
5944 1
5944 1
5944 1
5944 1
5944 1
5944 1
5944 1
5944 1
5944 1
5944 1
5944 1
5944 1
5944 1
5944 1
5944 1
5944 1
5944 1
5944 1
5944 1
5944 1
5944 1
5944 1
5943 1
5943 1
5943 1
5943 1
5943 1
5943 1
5943 1
5943 1
5943 1
5943 1
5943 1
5943 1
5943 1
5943 1
5943 1
5943 1
5943 1
5943 1
5943 1
5943 1
5943 1
5943 1
5943 1
5943 1
5943 1
5943 1
5943 1
5943 1
5943 1
5943 1
5943 1
5943 1
5943 1
5943 1
5943 1
5943 1
5943 1
5943 1
5943 1
5943 1
5943 1
5943 1
5943 1
5943 1
5943 1
5936 1
5936 1
5936 1
5936 1
5936 1
5936 1
5936 1
5936 1
5936 1
5936 1
5936 1
5936 1
5936 1
5936 1
5936 1
5936 1
5936 1
5936 1
5936 1
5936 1
5936 1
5936 1
5936 1
5936 1
5936 1
5936 1
5936 1
5936 1
5936 1
5936 1
5936 1
5936 1
5936 1
5936 1
5936 1
5936 1
5936 1
5936 1
5936 1
5936 1
5936 1
5936 1
5936 1
5936 1
5936 1
6180 1
6180 1
6180 1
6180 1
6180 1
6180 1
6180 1
6180 1
6180 1
6180 1
6180 1
6180 1
6180 1
6180 1
6180 1
6180 1
6180 1
6180 1
6180 1
6180 1
6180 1
6180 1
6180 1
6180 1
6180 1
6180 1
6180 1
6180 1
6180 1
6180 1
6180 1
6180 1
6180 1
6180 1
6180 1
6180 1
6180 1
6180 1
6180 1
6180 1
6180 1
6180 1
6180 1
6180 1
6180 1
6179 1
6179 1
6179 1
6179 1
6179 1
6179 1
6179 1
6179 1
6179 1
6179 1
6179 1
6179 1
6179 1
6179 1
6179 1
6179 1
6179 1
6179 1
6179 1
6179 1
6179 1
6179 1
6179 1
6179 1
6179 1
6179 1
6179 1
6179 1
6179 1
6179 1
6179 1
6179 1
6179 1
6179 1
6179 1
6179 1
6179 1
6179 1
6179 1
6179 1
6179 1
6179 1
6179 1
6179 1
6179 1
6178 1
6178 1
6178 1
6178 1
6178 1
6178 1
6178 1
6178 1
6178 1
6178 1
6178 1
6178 1
6178 1
6178 1
6178 1
6178 1
6178 1
6178 1
6178 1
6178 1
6178 1
6178 1
6178 1
6178 1
6178 1
6178 1
6178 1
6178 1
6178 1
6178 1
6178 1
6178 1
6178 1
6178 1
6178 1
6178 1
6178 1
6178 1
6178 1
6178 1
6178 1
6178 1
6178 1
6178 1
6178 1
6177 1
6177 1
6177 1
6177 1
6177 1
6177 1
6177 1
6177 1
6177 1
6177 1
6177 1
6177 1
6177 1
6177 1
6177 1
6177 1
6177 1
6177 1
6177 1
6177 1
6177 1
6177 1
6177 1
6177 1
6177 1
6177 1
6177 1
6177 1
6177 1
6177 1
6177 1
6177 1
6177 1
6177 1
6177 1
6177 1
6177 1
6177 1
6177 1
6177 1
6177 1
6177 1
6177 1
6177 1
6177 1
6175 1
6175 1
6175 1
6175 1
6175 1
6175 1
6175 1
6175 1
6175 1
6175 1
6175 1
6175 1
6175 1
6175 1
6175 1
6175 1
6175 1
6175 1
6175 1
6175 1
6175 1
6175 1
6175 1
6175 1
6175 1
6175 1
6175 1
6175 1
6175 1
6175 1
6175 1
6175 1
6175 1
6175 1
6175 1
6175 1
6175 1
6175 1
6175 1
6175 1
6175 1
6175 1
6175 1
6175 1
6175 1
6174 1
6174 1
6174 1
6174 1
6174 1
6174 1
6174 1
6174 1
6174 1
6174 1
6174 1
6174 1
6174 1
6174 1
6174 1
6174 1
6174 1
6174 1
6174 1
6174 1
6174 1
6174 1
6174 1
6174 1
6174 1
6174 1
6174 1
6174 1
6174 1
6174 1
6174 1
6174 1
6174 1
6174 1
6174 1
6174 1
6174 1
6174 1
6174 1
6174 1
6174 1
6174 1
6174 1
6174 1
6174 1
6173 1
6173 1
6173 1
6173 1
6173 1
6173 1
6173 1
6173 1
6173 1
6173 1
6173 1
6173 1
6173 1
6173 1
6173 1
6173 1
6173 1
6173 1
6173 1
6173 1
6173 1
6173 1
6173 1
6173 1
6173 1
6173 1
6173 1
6173 1
6173 1
6173 1
6173 1
6173 1
6173 1
6173 1
6173 1
6173 1
6173 1
6173 1
6173 1
6173 1
6173 1
6173 1
6173 1
6173 1
6173 1
6274 1
6274 1
6274 1
6274 1
6274 1
6274 1
6274 1
6274 1
6274 1
6274 1
6274 1
6274 1
6274 1
6274 1
6274 1
6274 1
6274 1
6274 1
6274 1
6274 1
6274 1
6274 1
6274 1
6274 1
6274 1
6274 1
6274 1
6274 1
6274 1
6274 1
6274 1
6274 1
6274 1
6274 1
6274 1
6274 1
6274 1
6274 1
6274 1
6274 1
6274 1
6274 1
6274 1
6274 1
6274 1
6048 1
6048 1
6048 1
6048 1
6048 1
6048 1
6048 1
6048 1
6048 1
6048 1
6048 1
6048 1
6048 1
6048 1
6048 1
6048 1
6048 1
6048 1
6048 1
6048 1
6048 1
6048 1
6048 1
6048 1
6048 1
6048 1
6048 1
6048 1
6048 1
6048 1
6048 1
6048 1
6048 1
6048 1
6048 1
6048 1
6048 1
6048 1
6048 1
6048 1
6048 1
6048 1
6048 1
6048 1
6048 1
6047 1
6047 1
6047 1
6047 1
6047 1
6047 1
6047 1
6047 1
6047 1
6047 1
6047 1
6047 1
6047 1
6047 1
6047 1
6047 1
6047 1
6047 1
6047 1
6047 1
6047 1
6047 1
6047 1
6047 1
6047 1
6047 1
6047 1
6047 1
6047 1
6047 1
6047 1
6047 1
6047 1
6047 1
6047 1
6047 1
6047 1
6047 1
6047 1
6047 1
6047 1
6047 1
6047 1
6047 1
6047 1
6273 1
6273 1
6273 1
6273 1
6273 1
6273 1
6273 1
6273 1
6273 1
6273 1
6273 1
6273 1
6273 1
6273 1
6273 1
6273 1
6273 1
6273 1
6273 1
6273 1
6273 1
6273 1
6273 1
6273 1
6273 1
6273 1
6273 1
6273 1
6273 1
6273 1
6273 1
6273 1
6273 1
6273 1
6273 1
6273 1
6273 1
6273 1
6273 1
6273 1
6273 1
6273 1
6273 1
6273 1
6273 1
6271 1
6271 1
6271 1
6271 1
6271 1
6271 1
6271 1
6271 1
6271 1
6271 1
6271 1
6271 1
6271 1
6271 1
6271 1
6271 1
6271 1
6271 1
6271 1
6271 1
6271 1
6271 1
6271 1
6271 1
6271 1
6271 1
6271 1
6271 1
6271 1
6271 1
6271 1
6271 1
6271 1
6271 1
6271 1
6271 1
6271 1
6271 1
6271 1
6271 1
6271 1
6271 1
6271 1
6271 1
6271 1
6370 1
6370 1
6370 1
6370 1
6370 1
6370 1
6370 1
6370 1
6370 1
6370 1
6370 1
6370 1
6370 1
6370 1
6370 1
6370 1
6370 1
6370 1
6370 1
6370 1
6370 1
6370 1
6370 1
6370 1
6370 1
6370 1
6370 1
6370 1
6370 1
6370 1
6370 1
6370 1
6370 1
6370 1
6370 1
6370 1
6370 1
6370 1
6370 1
6370 1
6370 1
6370 1
6370 1
6370 1
6370 1
6270 1
6270 1
6270 1
6270 1
6270 1
6270 1
6270 1
6270 1
6270 1
6270 1
6270 1
6270 1
6270 1
6270 1
6270 1
6270 1
6270 1
6270 1
6270 1
6270 1
6270 1
6270 1
6270 1
6270 1
6270 1
6270 1
6270 1
6270 1
6270 1
6270 1
6270 1
6270 1
6270 1
6270 1
6270 1
6270 1
6270 1
6270 1
6270 1
6270 1
6270 1
6270 1
6270 1
6270 1
6270 1
6269 1
6269 1
6269 1
6269 1
6269 1
6269 1
6269 1
6269 1
6269 1
6269 1
6269 1
6269 1
6269 1
6269 1
6269 1
6269 1
6269 1
6269 1
6269 1
6269 1
6269 1
6269 1
6269 1
6269 1
6269 1
6269 1
6269 1
6269 1
6269 1
6269 1
6269 1
6269 1
6269 1
6269 1
6269 1
6269 1
6269 1
6269 1
6269 1
6269 1
6269 1
6269 1
6269 1
6269 1
6269 1
6268 1
6268 1
6268 1
6268 1
6268 1
6268 1
6268 1
6268 1
6268 1
6268 1
6268 1
6268 1
6268 1
6268 1
6268 1
6268 1
6268 1
6268 1
6268 1
6268 1
6268 1
6268 1
6268 1
6268 1
6268 1
6268 1
6268 1
6268 1
6268 1
6268 1
6268 1
6268 1
6268 1
6268 1
6268 1
6268 1
6268 1
6268 1
6268 1
6268 1
6268 1
6268 1
6268 1
6268 1
6268 1
6157 1
6157 1
6157 1
6157 1
6157 1
6157 1
6157 1
6157 1
6157 1
6157 1
6157 1
6157 1
6157 1
6157 1
6157 1
6157 1
6157 1
6157 1
6157 1
6157 1
6157 1
6157 1
6157 1
6157 1
6157 1
6157 1
6157 1
6157 1
6157 1
6157 1
6157 1
6157 1
6157 1
6157 1
6157 1
6157 1
6157 1
6157 1
6157 1
6157 1
6157 1
6157 1
6157 1
6157 1
6157 1
6151 1
6151 1
6151 1
6151 1
6151 1
6151 1
6151 1
6151 1
6151 1
6151 1
6151 1
6151 1
6151 1
6151 1
6151 1
6151 1
6151 1
6151 1
6151 1
6151 1
6151 1
6151 1
6151 1
6151 1
6151 1
6151 1
6151 1
6151 1
6151 1
6151 1
6151 1
6151 1
6151 1
6151 1
6151 1
6151 1
6151 1
6151 1
6151 1
6151 1
6151 1
6151 1
6151 1
6151 1
6151 1
6364 1
6364 1
6364 1
6364 1
6364 1
6364 1
6364 1
6364 1
6364 1
6364 1
6364 1
6364 1
6364 1
6364 1
6364 1
6364 1
6364 1
6364 1
6364 1
6364 1
6364 1
6364 1
6364 1
6364 1
6364 1
6364 1
6364 1
6364 1
6364 1
6364 1
6364 1
6364 1
6364 1
6364 1
6364 1
6364 1
6364 1
6364 1
6364 1
6364 1
6364 1
6364 1
6364 1
6364 1
6364 1
6149 1
6149 1
6149 1
6149 1
6149 1
6149 1
6149 1
6149 1
6149 1
6149 1
6149 1
6149 1
6149 1
6149 1
6149 1
6149 1
6149 1
6149 1
6149 1
6149 1
6149 1
6149 1
6149 1
6149 1
6149 1
6149 1
6149 1
6149 1
6149 1
6149 1
6149 1
6149 1
6149 1
6149 1
6149 1
6149 1
6149 1
6149 1
6149 1
6149 1
6149 1
6149 1
6149 1
6149 1
6149 1
6148 1
6148 1
6148 1
6148 1
6148 1
6148 1
6148 1
6148 1
6148 1
6148 1
6148 1
6148 1
6148 1
6148 1
6148 1
6148 1
6148 1
6148 1
6148 1
6148 1
6148 1
6148 1
6148 1
6148 1
6148 1
6148 1
6148 1
6148 1
6148 1
6148 1
6148 1
6148 1
6148 1
6148 1
6148 1
6148 1
6148 1
6148 1
6148 1
6148 1
6148 1
6148 1
6148 1
6148 1
6148 1
6147 1
6147 1
6147 1
6147 1
6147 1
6147 1
6147 1
6147 1
6147 1
6147 1
6147 1
6147 1
6147 1
6147 1
6147 1
6147 1
6147 1
6147 1
6147 1
6147 1
6147 1
6147 1
6147 1
6147 1
6147 1
6147 1
6147 1
6147 1
6147 1
6147 1
6147 1
6147 1
6147 1
6147 1
6147 1
6147 1
6147 1
6147 1
6147 1
6147 1
6147 1
6147 1
6147 1
6147 1
6147 1
6363 1
6363 1
6363 1
6363 1
6363 1
6363 1
6363 1
6363 1
6363 1
6363 1
6363 1
6363 1
6363 1
6363 1
6363 1
6363 1
6363 1
6363 1
6363 1
6363 1
6363 1
6363 1
6363 1
6363 1
6363 1
6363 1
6363 1
6363 1
6363 1
6363 1
6363 1
6363 1
6363 1
6363 1
6363 1
6363 1
6363 1
6363 1
6363 1
6363 1
6363 1
6363 1
6363 1
6363 1
6363 1
6362 1
6362 1
6362 1
6362 1
6362 1
6362 1
6362 1
6362 1
6362 1
6362 1
6362 1
6362 1
6362 1
6362 1
6362 1
6362 1
6362 1
6362 1
6362 1
6362 1
6362 1
6362 1
6362 1
6362 1
6362 1
6362 1
6362 1
6362 1
6362 1
6362 1
6362 1
6362 1
6362 1
6362 1
6362 1
6362 1
6362 1
6362 1
6362 1
6362 1
6362 1
6362 1
6362 1
6362 1
6362 1
6361 1
6361 1
6361 1
6361 1
6361 1
6361 1
6361 1
6361 1
6361 1
6361 1
6361 1
6361 1
6361 1
6361 1
6361 1
6361 1
6361 1
6361 1
6361 1
6361 1
6361 1
6361 1
6361 1
6361 1
6361 1
6361 1
6361 1
6361 1
6361 1
6361 1
6361 1
6361 1
6361 1
6361 1
6361 1
6361 1
6361 1
6361 1
6361 1
6361 1
6361 1
6361 1
6361 1
6361 1
6361 1
6360 1
6360 1
6360 1
6360 1
6360 1
6360 1
6360 1
6360 1
6360 1
6360 1
6360 1
6360 1
6360 1
6360 1
6360 1
6360 1
6360 1
6360 1
6360 1
6360 1
6360 1
6360 1
6360 1
6360 1
6360 1
6360 1
6360 1
6360 1
6360 1
6360 1
6360 1
6360 1
6360 1
6360 1
6360 1
6360 1
6360 1
6360 1
6360 1
6360 1
6360 1
6360 1
6360 1
6360 1
6360 1
6455 1
6455 1
6455 1
6455 1
6455 1
6455 1
6455 1
6455 1
6455 1
6455 1
6455 1
6455 1
6455 1
6455 1
6455 1
6455 1
6455 1
6455 1
6455 1
6455 1
6455 1
6455 1
6455 1
6455 1
6455 1
6455 1
6455 1
6455 1
6455 1
6455 1
6455 1
6455 1
6455 1
6455 1
6455 1
6455 1
6455 1
6455 1
6455 1
6455 1
6455 1
6455 1
6455 1
6455 1
6455 1
6255 1
6255 1
6255 1
6255 1
6255 1
6255 1
6255 1
6255 1
6255 1
6255 1
6255 1
6255 1
6255 1
6255 1
6255 1
6255 1
6255 1
6255 1
6255 1
6255 1
6255 1
6255 1
6255 1
6255 1
6255 1
6255 1
6255 1
6255 1
6255 1
6255 1
6255 1
6255 1
6255 1
6255 1
6255 1
6255 1
6255 1
6255 1
6255 1
6255 1
6255 1
6255 1
6255 1
6255 1
6255 1
6454 1
6454 1
6454 1
6454 1
6454 1
6454 1
6454 1
6454 1
6454 1
6454 1
6454 1
6454 1
6454 1
6454 1
6454 1
6454 1
6454 1
6454 1
6454 1
6454 1
6454 1
6454 1
6454 1
6454 1
6454 1
6454 1
6454 1
6454 1
6454 1
6454 1
6454 1
6454 1
6454 1
6454 1
6454 1
6454 1
6454 1
6454 1
6454 1
6454 1
6454 1
6454 1
6454 1
6454 1
6454 1
6251 1
6251 1
6251 1
6251 1
6251 1
6251 1
6251 1
6251 1
6251 1
6251 1
6251 1
6251 1
6251 1
6251 1
6251 1
6251 1
6251 1
6251 1
6251 1
6251 1
6251 1
6251 1
6251 1
6251 1
6251 1
6251 1
6251 1
6251 1
6251 1
6251 1
6251 1
6251 1
6251 1
6251 1
6251 1
6251 1
6251 1
6251 1
6251 1
6251 1
6251 1
6251 1
6251 1
6251 1
6251 1
6249 1
6249 1
6249 1
6249 1
6249 1
6249 1
6249 1
6249 1
6249 1
6249 1
6249 1
6249 1
6249 1
6249 1
6249 1
6249 1
6249 1
6249 1
6249 1
6249 1
6249 1
6249 1
6249 1
6249 1
6249 1
6249 1
6249 1
6249 1
6249 1
6249 1
6249 1
6249 1
6249 1
6249 1
6249 1
6249 1
6249 1
6249 1
6249 1
6249 1
6249 1
6249 1
6249 1
6249 1
6249 1
6248 1
6248 1
6248 1
6248 1
6248 1
6248 1
6248 1
6248 1
6248 1
6248 1
6248 1
6248 1
6248 1
6248 1
6248 1
6248 1
6248 1
6248 1
6248 1
6248 1
6248 1
6248 1
6248 1
6248 1
6248 1
6248 1
6248 1
6248 1
6248 1
6248 1
6248 1
6248 1
6248 1
6248 1
6248 1
6248 1
6248 1
6248 1
6248 1
6248 1
6248 1
6248 1
6248 1
6248 1
6248 1
6246 1
6246 1
6246 1
6246 1
6246 1
6246 1
6246 1
6246 1
6246 1
6246 1
6246 1
6246 1
6246 1
6246 1
6246 1
6246 1
6246 1
6246 1
6246 1
6246 1
6246 1
6246 1
6246 1
6246 1
6246 1
6246 1
6246 1
6246 1
6246 1
6246 1
6246 1
6246 1
6246 1
6246 1
6246 1
6246 1
6246 1
6246 1
6246 1
6246 1
6246 1
6246 1
6246 1
6246 1
6246 1
6244 1
6244 1
6244 1
6244 1
6244 1
6244 1
6244 1
6244 1
6244 1
6244 1
6244 1
6244 1
6244 1
6244 1
6244 1
6244 1
6244 1
6244 1
6244 1
6244 1
6244 1
6244 1
6244 1
6244 1
6244 1
6244 1
6244 1
6244 1
6244 1
6244 1
6244 1
6244 1
6244 1
6244 1
6244 1
6244 1
6244 1
6244 1
6244 1
6244 1
6244 1
6244 1
6244 1
6244 1
6244 1
6453 1
6453 1
6453 1
6453 1
6453 1
6453 1
6453 1
6453 1
6453 1
6453 1
6453 1
6453 1
6453 1
6453 1
6453 1
6453 1
6453 1
6453 1
6453 1
6453 1
6453 1
6453 1
6453 1
6453 1
6453 1
6453 1
6453 1
6453 1
6453 1
6453 1
6453 1
6453 1
6453 1
6453 1
6453 1
6453 1
6453 1
6453 1
6453 1
6453 1
6453 1
6453 1
6453 1
6453 1
6453 1
6452 1
6452 1
6452 1
6452 1
6452 1
6452 1
6452 1
6452 1
6452 1
6452 1
6452 1
6452 1
6452 1
6452 1
6452 1
6452 1
6452 1
6452 1
6452 1
6452 1
6452 1
6452 1
6452 1
6452 1
6452 1
6452 1
6452 1
6452 1
6452 1
6452 1
6452 1
6452 1
6452 1
6452 1
6452 1
6452 1
6452 1
6452 1
6452 1
6452 1
6452 1
6452 1
6452 1
6452 1
6452 1
6451 1
6451 1
6451 1
6451 1
6451 1
6451 1
6451 1
6451 1
6451 1
6451 1
6451 1
6451 1
6451 1
6451 1
6451 1
6451 1
6451 1
6451 1
6451 1
6451 1
6451 1
6451 1
6451 1
6451 1
6451 1
6451 1
6451 1
6451 1
6451 1
6451 1
6451 1
6451 1
6451 1
6451 1
6451 1
6451 1
6451 1
6451 1
6451 1
6451 1
6451 1
6451 1
6451 1
6451 1
6451 1
6450 1
6450 1
6450 1
6450 1
6450 1
6450 1
6450 1
6450 1
6450 1
6450 1
6450 1
6450 1
6450 1
6450 1
6450 1
6450 1
6450 1
6450 1
6450 1
6450 1
6450 1
6450 1
6450 1
6450 1
6450 1
6450 1
6450 1
6450 1
6450 1
6450 1
6450 1
6450 1
6450 1
6450 1
6450 1
6450 1
6450 1
6450 1
6450 1
6450 1
6450 1
6450 1
6450 1
6450 1
6450 1
6449 1
6449 1
6449 1
6449 1
6449 1
6449 1
6449 1
6449 1
6449 1
6449 1
6449 1
6449 1
6449 1
6449 1
6449 1
6449 1
6449 1
6449 1
6449 1
6449 1
6449 1
6449 1
6449 1
6449 1
6449 1
6449 1
6449 1
6449 1
6449 1
6449 1
6449 1
6449 1
6449 1
6449 1
6449 1
6449 1
6449 1
6449 1
6449 1
6449 1
6449 1
6449 1
6449 1
6449 1
6449 1
6336 1
6336 1
6336 1
6336 1
6336 1
6336 1
6336 1
6336 1
6336 1
6336 1
6336 1
6336 1
6336 1
6336 1
6336 1
6336 1
6336 1
6336 1
6336 1
6336 1
6336 1
6336 1
6336 1
6336 1
6336 1
6336 1
6336 1
6336 1
6336 1
6336 1
6336 1
6336 1
6336 1
6336 1
6336 1
6336 1
6336 1
6336 1
6336 1
6336 1
6336 1
6336 1
6336 1
6336 1
6336 1
6441 1
6441 1
6441 1
6441 1
6441 1
6441 1
6441 1
6441 1
6441 1
6441 1
6441 1
6441 1
6441 1
6441 1
6441 1
6441 1
6441 1
6441 1
6441 1
6441 1
6441 1
6441 1
6441 1
6441 1
6441 1
6441 1
6441 1
6441 1
6441 1
6441 1
6441 1
6441 1
6441 1
6441 1
6441 1
6441 1
6441 1
6441 1
6441 1
6441 1
6441 1
6441 1
6441 1
6441 1
6441 1
6538 1
6538 1
6538 1
6538 1
6538 1
6538 1
6538 1
6538 1
6538 1
6538 1
6538 1
6538 1
6538 1
6538 1
6538 1
6538 1
6538 1
6538 1
6538 1
6538 1
6538 1
6538 1
6538 1
6538 1
6538 1
6538 1
6538 1
6538 1
6538 1
6538 1
6538 1
6538 1
6538 1
6538 1
6538 1
6538 1
6538 1
6538 1
6538 1
6538 1
6538 1
6538 1
6538 1
6538 1
6538 1
6536 1
6536 1
6536 1
6536 1
6536 1
6536 1
6536 1
6536 1
6536 1
6536 1
6536 1
6536 1
6536 1
6536 1
6536 1
6536 1
6536 1
6536 1
6536 1
6536 1
6536 1
6536 1
6536 1
6536 1
6536 1
6536 1
6536 1
6536 1
6536 1
6536 1
6536 1
6536 1
6536 1
6536 1
6536 1
6536 1
6536 1
6536 1
6536 1
6536 1
6536 1
6536 1
6536 1
6536 1
6536 1
6625 1
6625 1
6625 1
6625 1
6625 1
6625 1
6625 1
6625 1
6625 1
6625 1
6625 1
6625 1
6625 1
6625 1
6625 1
6625 1
6625 1
6625 1
6625 1
6625 1
6625 1
6625 1
6625 1
6625 1
6625 1
6625 1
6625 1
6625 1
6625 1
6625 1
6625 1
6625 1
6625 1
6625 1
6625 1
6625 1
6625 1
6625 1
6625 1
6625 1
6625 1
6625 1
6625 1
6625 1
6625 1
6622 1
6622 1
6622 1
6622 1
6622 1
6622 1
6622 1
6622 1
6622 1
6622 1
6622 1
6622 1
6622 1
6622 1
6622 1
6622 1
6622 1
6622 1
6622 1
6622 1
6622 1
6622 1
6622 1
6622 1
6622 1
6622 1
6622 1
6622 1
6622 1
6622 1
6622 1
6622 1
6622 1
6622 1
6622 1
6622 1
6622 1
6622 1
6622 1
6622 1
6622 1
6622 1
6622 1
6622 1
6622 1
6423 1
6423 1
6423 1
6423 1
6423 1
6423 1
6423 1
6423 1
6423 1
6423 1
6423 1
6423 1
6423 1
6423 1
6423 1
6423 1
6423 1
6423 1
6423 1
6423 1
6423 1
6423 1
6423 1
6423 1
6423 1
6423 1
6423 1
6423 1
6423 1
6423 1
6423 1
6423 1
6423 1
6423 1
6423 1
6423 1
6423 1
6423 1
6423 1
6423 1
6423 1
6423 1
6423 1
6423 1
6423 1
6427 1
6427 1
6427 1
6427 1
6427 1
6427 1
6427 1
6427 1
6427 1
6427 1
6427 1
6427 1
6427 1
6427 1
6427 1
6427 1
6427 1
6427 1
6427 1
6427 1
6427 1
6427 1
6427 1
6427 1
6427 1
6427 1
6427 1
6427 1
6427 1
6427 1
6427 1
6427 1
6427 1
6427 1
6427 1
6427 1
6427 1
6427 1
6427 1
6427 1
6427 1
6427 1
6427 1
6427 1
6427 1
6426 1
6426 1
6426 1
6426 1
6426 1
6426 1
6426 1
6426 1
6426 1
6426 1
6426 1
6426 1
6426 1
6426 1
6426 1
6426 1
6426 1
6426 1
6426 1
6426 1
6426 1
6426 1
6426 1
6426 1
6426 1
6426 1
6426 1
6426 1
6426 1
6426 1
6426 1
6426 1
6426 1
6426 1
6426 1
6426 1
6426 1
6426 1
6426 1
6426 1
6426 1
6426 1
6426 1
6426 1
6426 1
6612 1
6612 1
6612 1
6612 1
6612 1
6612 1
6612 1
6612 1
6612 1
6612 1
6612 1
6612 1
6612 1
6612 1
6612 1
6612 1
6612 1
6612 1
6612 1
6612 1
6612 1
6612 1
6612 1
6612 1
6612 1
6612 1
6612 1
6612 1
6612 1
6612 1
6612 1
6612 1
6612 1
6612 1
6612 1
6612 1
6612 1
6612 1
6612 1
6612 1
6612 1
6612 1
6612 1
6612 1
6612 1
6701 1
6701 1
6701 1
6701 1
6701 1
6701 1
6701 1
6701 1
6701 1
6701 1
6701 1
6701 1
6701 1
6701 1
6701 1
6701 1
6701 1
6701 1
6701 1
6701 1
6701 1
6701 1
6701 1
6701 1
6701 1
6701 1
6701 1
6701 1
6701 1
6701 1
6701 1
6701 1
6701 1
6701 1
6701 1
6701 1
6701 1
6701 1
6701 1
6701 1
6701 1
6701 1
6701 1
6701 1
6701 1
6512 1
6512 1
6512 1
6512 1
6512 1
6512 1
6512 1
6512 1
6512 1
6512 1
6512 1
6512 1
6512 1
6512 1
6512 1
6512 1
6512 1
6512 1
6512 1
6512 1
6512 1
6512 1
6512 1
6512 1
6512 1
6512 1
6512 1
6512 1
6512 1
6512 1
6512 1
6512 1
6512 1
6512 1
6512 1
6512 1
6512 1
6512 1
6512 1
6512 1
6512 1
6512 1
6512 1
6512 1
6512 1
6513 1
6513 1
6513 1
6513 1
6513 1
6513 1
6513 1
6513 1
6513 1
6513 1
6513 1
6513 1
6513 1
6513 1
6513 1
6513 1
6513 1
6513 1
6513 1
6513 1
6513 1
6513 1
6513 1
6513 1
6513 1
6513 1
6513 1
6513 1
6513 1
6513 1
6513 1
6513 1
6513 1
6513 1
6513 1
6513 1
6513 1
6513 1
6513 1
6513 1
6513 1
6513 1
6513 1
6513 1
6513 1
6698 1
6698 1
6698 1
6698 1
6698 1
6698 1
6698 1
6698 1
6698 1
6698 1
6698 1
6698 1
6698 1
6698 1
6698 1
6698 1
6698 1
6698 1
6698 1
6698 1
6698 1
6698 1
6698 1
6698 1
6698 1
6698 1
6698 1
6698 1
6698 1
6698 1
6698 1
6698 1
6698 1
6698 1
6698 1
6698 1
6698 1
6698 1
6698 1
6698 1
6698 1
6698 1
6698 1
6698 1
6698 1
6778 1
6778 1
6778 1
6778 1
6778 1
6778 1
6778 1
6778 1
6778 1
6778 1
6778 1
6778 1
6778 1
6778 1
6778 1
6778 1
6778 1
6778 1
6778 1
6778 1
6778 1
6778 1
6778 1
6778 1
6778 1
6778 1
6778 1
6778 1
6778 1
6778 1
6778 1
6778 1
6778 1
6778 1
6778 1
6778 1
6778 1
6778 1
6778 1
6778 1
6778 1
6778 1
6778 1
6778 1
6778 1
6690 1
6690 1
6690 1
6690 1
6690 1
6690 1
6690 1
6690 1
6690 1
6690 1
6690 1
6690 1
6690 1
6690 1
6690 1
6690 1
6690 1
6690 1
6690 1
6690 1
6690 1
6690 1
6690 1
6690 1
6690 1
6690 1
6690 1
6690 1
6690 1
6690 1
6690 1
6690 1
6690 1
6690 1
6690 1
6690 1
6690 1
6690 1
6690 1
6690 1
6690 1
6690 1
6690 1
6690 1
6690 1
6606 1
6606 1
6606 1
6606 1
6606 1
6606 1
6606 1
6606 1
6606 1
6606 1
6606 1
6606 1
6606 1
6606 1
6606 1
6606 1
6606 1
6606 1
6606 1
6606 1
6606 1
6606 1
6606 1
6606 1
6606 1
6606 1
6606 1
6606 1
6606 1
6606 1
6606 1
6606 1
6606 1
6606 1
6606 1
6606 1
6606 1
6606 1
6606 1
6606 1
6606 1
6606 1
6606 1
6606 1
6606 1
6773 1
6773 1
6773 1
6773 1
6773 1
6773 1
6773 1
6773 1
6773 1
6773 1
6773 1
6773 1
6773 1
6773 1
6773 1
6773 1
6773 1
6773 1
6773 1
6773 1
6773 1
6773 1
6773 1
6773 1
6773 1
6773 1
6773 1
6773 1
6773 1
6773 1
6773 1
6773 1
6773 1
6773 1
6773 1
6773 1
6773 1
6773 1
6773 1
6773 1
6773 1
6773 1
6773 1
6773 1
6773 1
6688 1
6688 1
6688 1
6688 1
6688 1
6688 1
6688 1
6688 1
6688 1
6688 1
6688 1
6688 1
6688 1
6688 1
6688 1
6688 1
6688 1
6688 1
6688 1
6688 1
6688 1
6688 1
6688 1
6688 1
6688 1
6688 1
6688 1
6688 1
6688 1
6688 1
6688 1
6688 1
6688 1
6688 1
6688 1
6688 1
6688 1
6688 1
6688 1
6688 1
6688 1
6688 1
6688 1
6688 1
6688 1
6917 1
6917 1
6917 1
6917 1
6917 1
6917 1
6917 1
6917 1
6917 1
6917 1
6917 1
6917 1
6917 1
6917 1
6917 1
6917 1
6917 1
6917 1
6917 1
6917 1
6917 1
6917 1
6917 1
6917 1
6917 1
6917 1
6917 1
6917 1
6917 1
6917 1
6917 1
6917 1
6917 1
6917 1
6917 1
6917 1
6917 1
6917 1
6917 1
6917 1
6917 1
6917 1
6917 1
6917 1
6917 1
6910 1
6910 1
6910 1
6910 1
6910 1
6910 1
6910 1
6910 1
6910 1
6910 1
6910 1
6910 1
6910 1
6910 1
6910 1
6910 1
6910 1
6910 1
6910 1
6910 1
6910 1
6910 1
6910 1
6910 1
6910 1
6910 1
6910 1
6910 1
6910 1
6910 1
6910 1
6910 1
6910 1
6910 1
6910 1
6910 1
6910 1
6910 1
6910 1
6910 1
6910 1
6910 1
6910 1
6910 1
6910 1
7057 1
7057 1
7057 1
7057 1
7057 1
7057 1
7057 1
7057 1
7057 1
7057 1
7057 1
7057 1
7057 1
7057 1
7057 1
7057 1
7057 1
7057 1
7057 1
7057 1
7057 1
7057 1
7057 1
7057 1
7057 1
7057 1
7057 1
7057 1
7057 1
7057 1
7057 1
7057 1
7057 1
7057 1
7057 1
7057 1
7057 1
7057 1
7057 1
7057 1
7057 1
7057 1
7057 1
7057 1
7057 1
7056 1
7056 1
7056 1
7056 1
7056 1
7056 1
7056 1
7056 1
7056 1
7056 1
7056 1
7056 1
7056 1
7056 1
7056 1
7056 1
7056 1
7056 1
7056 1
7056 1
7056 1
7056 1
7056 1
7056 1
7056 1
7056 1
7056 1
7056 1
7056 1
7056 1
7056 1
7056 1
7056 1
7056 1
7056 1
7056 1
7056 1
7056 1
7056 1
7056 1
7056 1
7056 1
7056 1
7056 1
7056 1
7052 1
7052 1
7052 1
7052 1
7052 1
7052 1
7052 1
7052 1
7052 1
7052 1
7052 1
7052 1
7052 1
7052 1
7052 1
7052 1
7052 1
7052 1
7052 1
7052 1
7052 1
7052 1
7052 1
7052 1
7052 1
7052 1
7052 1
7052 1
7052 1
7052 1
7052 1
7052 1
7052 1
7052 1
7052 1
7052 1
7052 1
7052 1
7052 1
7052 1
7052 1
7052 1
7052 1
7052 1
7052 1
7128 1
7128 1
7128 1
7128 1
7128 1
7128 1
7128 1
7128 1
7128 1
7128 1
7128 1
7128 1
7128 1
7128 1
7128 1
7128 1
7128 1
7128 1
7128 1
7128 1
7128 1
7128 1
7128 1
7128 1
7128 1
7128 1
7128 1
7128 1
7128 1
7128 1
7128 1
7128 1
7128 1
7128 1
7128 1
7128 1
7128 1
7128 1
7128 1
7128 1
7128 1
7128 1
7128 1
7128 1
7128 1
7046 1
7046 1
7046 1
7046 1
7046 1
7046 1
7046 1
7046 1
7046 1
7046 1
7046 1
7046 1
7046 1
7046 1
7046 1
7046 1
7046 1
7046 1
7046 1
7046 1
7046 1
7046 1
7046 1
7046 1
7046 1
7046 1
7046 1
7046 1
7046 1
7046 1
7046 1
7046 1
7046 1
7046 1
7046 1
7046 1
7046 1
7046 1
7046 1
7046 1
7046 1
7046 1
7046 1
7046 1
7046 1
7125 1
7125 1
7125 1
7125 1
7125 1
7125 1
7125 1
7125 1
7125 1
7125 1
7125 1
7125 1
7125 1
7125 1
7125 1
7125 1
7125 1
7125 1
7125 1
7125 1
7125 1
7125 1
7125 1
7125 1
7125 1
7125 1
7125 1
7125 1
7125 1
7125 1
7125 1
7125 1
7125 1
7125 1
7125 1
7125 1
7125 1
7125 1
7125 1
7125 1
7125 1
7125 1
7125 1
7125 1
7125 1
7122 1
7122 1
7122 1
7122 1
7122 1
7122 1
7122 1
7122 1
7122 1
7122 1
7122 1
7122 1
7122 1
7122 1
7122 1
7122 1
7122 1
7122 1
7122 1
7122 1
7122 1
7122 1
7122 1
7122 1
7122 1
7122 1
7122 1
7122 1
7122 1
7122 1
7122 1
7122 1
7122 1
7122 1
7122 1
7122 1
7122 1
7122 1
7122 1
7122 1
7122 1
7122 1
7122 1
7122 1
7122 1
7119 1
7119 1
7119 1
7119 1
7119 1
7119 1
7119 1
7119 1
7119 1
7119 1
7119 1
7119 1
7119 1
7119 1
7119 1
7119 1
7119 1
7119 1
7119 1
7119 1
7119 1
7119 1
7119 1
7119 1
7119 1
7119 1
7119 1
7119 1
7119 1
7119 1
7119 1
7119 1
7119 1
7119 1
7119 1
7119 1
7119 1
7119 1
7119 1
7119 1
7119 1
7119 1
7119 1
7119 1
7119 1
7118 1
7118 1
7118 1
7118 1
7118 1
7118 1
7118 1
7118 1
7118 1
7118 1
7118 1
7118 1
7118 1
7118 1
7118 1
7118 1
7118 1
7118 1
7118 1
7118 1
7118 1
7118 1
7118 1
7118 1
7118 1
7118 1
7118 1
7118 1
7118 1
7118 1
7118 1
7118 1
7118 1
7118 1
7118 1
7118 1
7118 1
7118 1
7118 1
7118 1
7118 1
7118 1
7118 1
7118 1
7118 1
7200 1
7200 1
7200 1
7200 1
7200 1
7200 1
7200 1
7200 1
7200 1
7200 1
7200 1
7200 1
7200 1
7200 1
7200 1
7200 1
7200 1
7200 1
7200 1
7200 1
7200 1
7200 1
7200 1
7200 1
7200 1
7200 1
7200 1
7200 1
7200 1
7200 1
7200 1
7200 1
7200 1
7200 1
7200 1
7200 1
7200 1
7200 1
7200 1
7200 1
7200 1
7200 1
7200 1
7200 1
7200 1
7195 1
7195 1
7195 1
7195 1
7195 1
7195 1
7195 1
7195 1
7195 1
7195 1
7195 1
7195 1
7195 1
7195 1
7195 1
7195 1
7195 1
7195 1
7195 1
7195 1
7195 1
7195 1
7195 1
7195 1
7195 1
7195 1
7195 1
7195 1
7195 1
7195 1
7195 1
7195 1
7195 1
7195 1
7195 1
7195 1
7195 1
7195 1
7195 1
7195 1
7195 1
7195 1
7195 1
7195 1
7195 1
7192 1
7192 1
7192 1
7192 1
7192 1
7192 1
7192 1
7192 1
7192 1
7192 1
7192 1
7192 1
7192 1
7192 1
7192 1
7192 1
7192 1
7192 1
7192 1
7192 1
7192 1
7192 1
7192 1
7192 1
7192 1
7192 1
7192 1
7192 1
7192 1
7192 1
7192 1
7192 1
7192 1
7192 1
7192 1
7192 1
7192 1
7192 1
7192 1
7192 1
7192 1
7192 1
7192 1
7192 1
7192 1
7269 1
7269 1
7269 1
7269 1
7269 1
7269 1
7269 1
7269 1
7269 1
7269 1
7269 1
7269 1
7269 1
7269 1
7269 1
7269 1
7269 1
7269 1
7269 1
7269 1
7269 1
7269 1
7269 1
7269 1
7269 1
7269 1
7269 1
7269 1
7269 1
7269 1
7269 1
7269 1
7269 1
7269 1
7269 1
7269 1
7269 1
7269 1
7269 1
7269 1
7269 1
7269 1
7269 1
7269 1
7269 1
7268 1
7268 1
7268 1
7268 1
7268 1
7268 1
7268 1
7268 1
7268 1
7268 1
7268 1
7268 1
7268 1
7268 1
7268 1
7268 1
7268 1
7268 1
7268 1
7268 1
7268 1
7268 1
7268 1
7268 1
7268 1
7268 1
7268 1
7268 1
7268 1
7268 1
7268 1
7268 1
7268 1
7268 1
7268 1
7268 1
7268 1
7268 1
7268 1
7268 1
7268 1
7268 1
7268 1
7268 1
7268 1
7455 1
7455 1
7455 1
7455 1
7455 1
7455 1
7455 1
7455 1
7455 1
7455 1
7455 1
7455 1
7455 1
7455 1
7455 1
7455 1
7455 1
7455 1
7455 1
7455 1
7455 1
7455 1
7455 1
7455 1
7455 1
7455 1
7455 1
7455 1
7455 1
7455 1
7455 1
7455 1
7455 1
7455 1
7455 1
7455 1
7455 1
7455 1
7455 1
7455 1
7455 1
7455 1
7455 1
7455 1
7455 1
7328 1
7328 1
7328 1
7328 1
7328 1
7328 1
7328 1
7328 1
7328 1
7328 1
7328 1
7328 1
7328 1
7328 1
7328 1
7328 1
7328 1
7328 1
7328 1
7328 1
7328 1
7328 1
7328 1
7328 1
7328 1
7328 1
7328 1
7328 1
7328 1
7328 1
7328 1
7328 1
7328 1
7328 1
7328 1
7328 1
7328 1
7328 1
7328 1
7328 1
7328 1
7328 1
7328 1
7328 1
7328 1
