pt_graph met
1170 11
1172 11
1174 14
1231 14
1233 11
1234 14
1235 14
1246 11
1301 11
1368 11
1368 14
1369 14
1388 11
1428 11
1436 11
1437 11
1496 11
1497 14
1499 14
1524 14
1568 11
1569 14
1574 14
1595 14
1638 11
1642 11
1644 11
1644 14
1650 14
1706 14
1707 14
1720 11
1733 11
1783 11
1793 14
1799 11
1857 14
1860 11
2019 14
2022 11
2023 11
2037 14
2038 14
2043 11
2043 14
2109 11
2113 14
2114 11
2185 14
2196 11
2199 14
2204 14
2209 14
2353 11
2354 11
2357 11
2431 14
2509 11
2607 11
2608 11
2668 14
2672 11
2686 11
2750 14
2752 14
2753 14
2760 14
2768 11
2768 14
2775 11
2775 14
2832 14
2834 11
2834 14
2840 11
2849 14
2850 11
2850 14
2917 11
2926 11
2997 11
3000 11
3000 14
3006 11
3007 11
3072 11
3074 14
3084 11
3085 11
3085 14
3139 14
3144 11
3144 14
3145 11
3145 14
3146 11
3157 14
3222 14
3299 11
3306 11
3308 14
3310 11
3320 14
3390 11
3468 11
3468 14
3469 11
3469 14
3470 14
3552 11
3552 14
3568 11
3632 14
3633 11
3635 11
3718 11
3718 14
3719 14
3721 11
3726 11
3802 14
3803 11
3804 11
3804 14
3806 14
3811 11
3818 11
3890 11
3896 11
3896 14
3908 11
3910 14
3983 14
3988 14
4006 14
4007 14
4013 11
4082 14
4083 14
4085 14
4184 11
4231 14
4257 14
4272 11
4273 11
4336 14
4414 14
4420 11
4423 11
4511 14
4512 11
4543 11
4543 14
4544 11
4544 14
4548 14
4599 14
4601 14
4621 14
4634 14
4635 11
4635 14
4636 14
4638 11
4639 14
4687 14
4700 14
4711 14
4728 11
4728 14
4731 11
4773 14
4795 14
4796 11
4798 14
4820 11
4822 14
4823 14
4890 11
4890 14
4910 11
4911 14
4914 14
4961 11
4972 11
4980 11
4980 14
4981 11
4981 14
5056 11
5063 14
5074 11
5089 11
5089 14
5137 14
5145 14
5146 14
5151 11
5156 11
5159 14
5165 11
5179 11
5179 14
5181 11
5181 14
5229 11
5233 11
5249 11
5254 14
5269 14
5271 14
5324 14
5338 11
5339 14
5344 11
5354 14
5355 11
5355 14
5356 11
5358 14
5401 11
5404 11
5417 14
5418 11
5419 11
5419 14
5423 11
5423 14
5426 11
5426 14
5428 11
5429 14
5430 11
5430 14
5431 11
5440 11
5442 14
5444 14
5503 14
5505 14
5506 14
5507 14
5510 11
5511 11
5511 14
5513 14
5515 11
5515 14
5516 11
5516 14
5517 11
5517 14
5518 11
5518 14
5521 11
5527 11
5533 11
5591 14
5594 11
5600 11
5601 11
5601 14
5602 11
5602 14
5603 11
5604 11
5604 14
5605 11
5605 14
5606 14
5611 11
5614 11
5614 14
5615 11
5615 14
5618 11
5618 14
5619 11
5619 14
5660 11
5662 14
5674 14
5675 11
5675 14
5676 11
5676 14
5677 11
5677 14
5688 11
5688 14
5689 11
5689 14
5692 11
5693 14
5694 11
5694 14
5695 11
5701 11
5701 14
5702 11
5702 14
5703 11
5703 14
5704 11
5704 14
5707 14
5708 14
5752 14
5754 14
5758 14
5761 11
5761 14
5777 11
5777 14
5778 14
5780 14
5782 11
5784 11
5784 14
5792 11
5792 14
5793 14
5794 11
5795 11
5795 14
5796 11
5839 11
5849 11
5850 11
5850 14
5851 11
5851 14
5852 11
5870 11
5871 11
5871 14
5873 11
5878 14
5879 11
5880 14
5881 11
5881 14
5883 11
5886 11
5887 11
5887 14
5938 11
5945 11
5946 11
5967 14
5968 11
5968 14
5969 11
5969 14
5970 11
5970 14
5975 11
5975 14
5976 11
5976 14
5981 11
5984 11
5984 14
6038 14
6042 14
6047 14
6048 11
6048 14
6073 11
6073 14
6074 11
6074 14
6076 11
6077 11
6078 11
6079 11
6079 14
6080 11
6080 14
6081 14
6086 11
6087 14
6142 11
6146 11
6148 11
6148 14
6149 11
6149 14
6174 11
6174 14
6175 11
6177 11
6177 14
6178 11
6178 14
6179 11
6179 14
6180 11
6180 14
6185 14
6188 14
6240 14
6241 14
6244 11
6244 14
6250 14
6268 11
6268 14
6269 11
6269 14
6270 11
6270 14
6271 11
6271 14
6274 11
6274 14
6275 11
6336 11
6360 11
6360 14
6361 11
6361 14
6362 11
6362 14
6363 11
6363 14
6364 14
6365 14
6425 11
6425 14
6431 14
6449 11
6449 14
6450 11
6451 11
6451 14
6452 11
6452 14
6453 11
6453 14
6454 14
6513 11
6528 11
6535 11
6538 14
6539 14
6541 11
6612 14
6621 14
6623 11
6687 14
6700 14
6701 11
6763 14
6775 11
6848 11
6917 11
6917 14
6919 14
6981 14
6984 14
6985 11
6988 11
6988 14
7052 11
7052 14
7056 11
7057 11
7057 14
7122 11
7125 14
7194 14
7197 11
7197 14
7198 11
7198 14
7199 14
7200 11
7269 11
7269 14
7334 11
9786 11
9890 11
9901 11
