pt_graph cpue_kghour
3 0
3 8.7222025914412
3 8.7222025914412
3 8.7222025914412
3 8.7222025914412
3 0
3 1.58523056055308
3 1.58523056055308
3 0
3 0
3 0
3 0
3 3.14136524331908
3 5.55146694890618
3 5.55146694890618
3 5.55146694890618
3 4.74067168734157
3 0.819504629021085
3 2.41903303706797
3 3.19062413724463
3 0
3 4.87908372572933
3 0
3 0
3 0.989830406148645
3 0.989830406148645
3 0
3 10.1379970407855
3 10.1379970407855
3 10.1379970407855
3 12.8482883713924
3 0
3 16.9139013425195
3 690.589551069457
3 0.173847294984795
3 0.173847294984795
3 5.082921374581
3 5.082921374581
3 0.54615229357528
3 0.54615229357528
3 0.54615229357528
3 0.9940880668619
3 0.9940880668619
3 0.9940880668619
3 1.59395212145284
4 0
4 8.7222025914412
4 8.7222025914412
4 8.7222025914412
4 8.7222025914412
4 0
4 1.58523056055308
4 1.58523056055308
4 0
4 0
4 0
4 0
4 3.14136524331908
4 5.55146694890618
4 5.55146694890618
4 5.55146694890618
4 4.74067168734157
4 0.819504629021085
4 2.41903303706797
4 3.19062413724463
4 0
4 4.87908372572933
4 0
4 0
4 0.989830406148645
4 0.989830406148645
4 0
4 10.1379970407855
4 10.1379970407855
4 10.1379970407855
4 12.8482883713924
4 0
4 16.9139013425195
4 690.589551069457
4 0.173847294984795
4 0.173847294984795
4 5.082921374581
4 5.082921374581
4 0.54615229357528
4 0.54615229357528
4 0.54615229357528
4 0.9940880668619
4 0.9940880668619
4 0.9940880668619
4 1.59395212145284
12 0
12 8.7222025914412
12 8.7222025914412
12 8.7222025914412
12 8.7222025914412
12 0
12 1.58523056055308
12 1.58523056055308
12 0
12 0
12 0
12 0
12 3.14136524331908
12 5.55146694890618
12 5.55146694890618
12 5.55146694890618
12 4.74067168734157
12 0.819504629021085
12 2.41903303706797
12 3.19062413724463
12 0
12 4.87908372572933
12 0
12 0
12 0.989830406148645
12 0.989830406148645
12 0
12 10.1379970407855
12 10.1379970407855
12 10.1379970407855
12 12.8482883713924
12 0
12 16.9139013425195
12 690.589551069457
12 0.173847294984795
12 0.173847294984795
12 5.082921374581
12 5.082921374581
12 0.54615229357528
12 0.54615229357528
12 0.54615229357528
12 0.9940880668619
12 0.9940880668619
12 0.9940880668619
12 1.59395212145284
14 0
14 8.7222025914412
14 8.7222025914412
14 8.7222025914412
14 8.7222025914412
14 0
14 1.58523056055308
14 1.58523056055308
14 0
14 0
14 0
14 0
14 3.14136524331908
14 5.55146694890618
14 5.55146694890618
14 5.55146694890618
14 4.74067168734157
14 0.819504629021085
14 2.41903303706797
14 3.19062413724463
14 0
14 4.87908372572933
14 0
14 0
14 0.989830406148645
14 0.989830406148645
14 0
14 10.1379970407855
14 10.1379970407855
14 10.1379970407855
14 12.8482883713924
14 0
14 16.9139013425195
14 690.589551069457
14 0.173847294984795
14 0.173847294984795
14 5.082921374581
14 5.082921374581
14 0.54615229357528
14 0.54615229357528
14 0.54615229357528
14 0.9940880668619
14 0.9940880668619
14 0.9940880668619
14 1.59395212145284
15 0
15 8.7222025914412
15 8.7222025914412
15 8.7222025914412
15 8.7222025914412
15 0
15 1.58523056055308
15 1.58523056055308
15 0
15 0
15 0
15 0
15 3.14136524331908
15 5.55146694890618
15 5.55146694890618
15 5.55146694890618
15 4.74067168734157
15 0.819504629021085
15 2.41903303706797
15 3.19062413724463
15 0
15 4.87908372572933
15 0
15 0
15 0.989830406148645
15 0.989830406148645
15 0
15 10.1379970407855
15 10.1379970407855
15 10.1379970407855
15 12.8482883713924
15 0
15 16.9139013425195
15 690.589551069457
15 0.173847294984795
15 0.173847294984795
15 5.082921374581
15 5.082921374581
15 0.54615229357528
15 0.54615229357528
15 0.54615229357528
15 0.9940880668619
15 0.9940880668619
15 0.9940880668619
15 1.59395212145284
45 0
45 8.7222025914412
45 8.7222025914412
45 8.7222025914412
45 8.7222025914412
45 0
45 1.58523056055308
45 1.58523056055308
45 0
45 0
45 0
45 0
45 3.14136524331908
45 5.55146694890618
45 5.55146694890618
45 5.55146694890618
45 4.74067168734157
45 0.819504629021085
45 2.41903303706797
45 3.19062413724463
45 0
45 4.87908372572933
45 0
45 0
45 0.989830406148645
45 0.989830406148645
45 0
45 10.1379970407855
45 10.1379970407855
45 10.1379970407855
45 12.8482883713924
45 0
45 16.9139013425195
45 690.589551069457
45 0.173847294984795
45 0.173847294984795
45 5.082921374581
45 5.082921374581
45 0.54615229357528
45 0.54615229357528
45 0.54615229357528
45 0.9940880668619
45 0.9940880668619
45 0.9940880668619
45 1.59395212145284
55 0
55 8.7222025914412
55 8.7222025914412
55 8.7222025914412
55 8.7222025914412
55 0
55 1.58523056055308
55 1.58523056055308
55 0
55 0
55 0
55 0
55 3.14136524331908
55 5.55146694890618
55 5.55146694890618
55 5.55146694890618
55 4.74067168734157
55 0.819504629021085
55 2.41903303706797
55 3.19062413724463
55 0
55 4.87908372572933
55 0
55 0
55 0.989830406148645
55 0.989830406148645
55 0
55 10.1379970407855
55 10.1379970407855
55 10.1379970407855
55 12.8482883713924
55 0
55 16.9139013425195
55 690.589551069457
55 0.173847294984795
55 0.173847294984795
55 5.082921374581
55 5.082921374581
55 0.54615229357528
55 0.54615229357528
55 0.54615229357528
55 0.9940880668619
55 0.9940880668619
55 0.9940880668619
55 1.59395212145284
56 0
56 8.7222025914412
56 8.7222025914412
56 8.7222025914412
56 8.7222025914412
56 0
56 1.58523056055308
56 1.58523056055308
56 0
56 0
56 0
56 0
56 3.14136524331908
56 5.55146694890618
56 5.55146694890618
56 5.55146694890618
56 4.74067168734157
56 0.819504629021085
56 2.41903303706797
56 3.19062413724463
56 0
56 4.87908372572933
56 0
56 0
56 0.989830406148645
56 0.989830406148645
56 0
56 10.1379970407855
56 10.1379970407855
56 10.1379970407855
56 12.8482883713924
56 0
56 16.9139013425195
56 690.589551069457
56 0.173847294984795
56 0.173847294984795
56 5.082921374581
56 5.082921374581
56 0.54615229357528
56 0.54615229357528
56 0.54615229357528
56 0.9940880668619
56 0.9940880668619
56 0.9940880668619
56 1.59395212145284
76 0
76 8.7222025914412
76 8.7222025914412
76 8.7222025914412
76 8.7222025914412
76 0
76 1.58523056055308
76 1.58523056055308
76 0
76 0
76 0
76 0
76 3.14136524331908
76 5.55146694890618
76 5.55146694890618
76 5.55146694890618
76 4.74067168734157
76 0.819504629021085
76 2.41903303706797
76 3.19062413724463
76 0
76 4.87908372572933
76 0
76 0
76 0.989830406148645
76 0.989830406148645
76 0
76 10.1379970407855
76 10.1379970407855
76 10.1379970407855
76 12.8482883713924
76 0
76 16.9139013425195
76 690.589551069457
76 0.173847294984795
76 0.173847294984795
76 5.082921374581
76 5.082921374581
76 0.54615229357528
76 0.54615229357528
76 0.54615229357528
76 0.9940880668619
76 0.9940880668619
76 0.9940880668619
76 1.59395212145284
122 0
122 8.7222025914412
122 8.7222025914412
122 8.7222025914412
122 8.7222025914412
122 0
122 1.58523056055308
122 1.58523056055308
122 0
122 0
122 0
122 0
122 3.14136524331908
122 5.55146694890618
122 5.55146694890618
122 5.55146694890618
122 4.74067168734157
122 0.819504629021085
122 2.41903303706797
122 3.19062413724463
122 0
122 4.87908372572933
122 0
122 0
122 0.989830406148645
122 0.989830406148645
122 0
122 10.1379970407855
122 10.1379970407855
122 10.1379970407855
122 12.8482883713924
122 0
122 16.9139013425195
122 690.589551069457
122 0.173847294984795
122 0.173847294984795
122 5.082921374581
122 5.082921374581
122 0.54615229357528
122 0.54615229357528
122 0.54615229357528
122 0.9940880668619
122 0.9940880668619
122 0.9940880668619
122 1.59395212145284
130 0
130 8.7222025914412
130 8.7222025914412
130 8.7222025914412
130 8.7222025914412
130 0
130 1.58523056055308
130 1.58523056055308
130 0
130 0
130 0
130 0
130 3.14136524331908
130 5.55146694890618
130 5.55146694890618
130 5.55146694890618
130 4.74067168734157
130 0.819504629021085
130 2.41903303706797
130 3.19062413724463
130 0
130 4.87908372572933
130 0
130 0
130 0.989830406148645
130 0.989830406148645
130 0
130 10.1379970407855
130 10.1379970407855
130 10.1379970407855
130 12.8482883713924
130 0
130 16.9139013425195
130 690.589551069457
130 0.173847294984795
130 0.173847294984795
130 5.082921374581
130 5.082921374581
130 0.54615229357528
130 0.54615229357528
130 0.54615229357528
130 0.9940880668619
130 0.9940880668619
130 0.9940880668619
130 1.59395212145284
151 0
151 8.7222025914412
151 8.7222025914412
151 8.7222025914412
151 8.7222025914412
151 0
151 1.58523056055308
151 1.58523056055308
151 0
151 0
151 0
151 0
151 3.14136524331908
151 5.55146694890618
151 5.55146694890618
151 5.55146694890618
151 4.74067168734157
151 0.819504629021085
151 2.41903303706797
151 3.19062413724463
151 0
151 4.87908372572933
151 0
151 0
151 0.989830406148645
151 0.989830406148645
151 0
151 10.1379970407855
151 10.1379970407855
151 10.1379970407855
151 12.8482883713924
151 0
151 16.9139013425195
151 690.589551069457
151 0.173847294984795
151 0.173847294984795
151 5.082921374581
151 5.082921374581
151 0.54615229357528
151 0.54615229357528
151 0.54615229357528
151 0.9940880668619
151 0.9940880668619
151 0.9940880668619
151 1.59395212145284
152 0
152 8.7222025914412
152 8.7222025914412
152 8.7222025914412
152 8.7222025914412
152 0
152 1.58523056055308
152 1.58523056055308
152 0
152 0
152 0
152 0
152 3.14136524331908
152 5.55146694890618
152 5.55146694890618
152 5.55146694890618
152 4.74067168734157
152 0.819504629021085
152 2.41903303706797
152 3.19062413724463
152 0
152 4.87908372572933
152 0
152 0
152 0.989830406148645
152 0.989830406148645
152 0
152 10.1379970407855
152 10.1379970407855
152 10.1379970407855
152 12.8482883713924
152 0
152 16.9139013425195
152 690.589551069457
152 0.173847294984795
152 0.173847294984795
152 5.082921374581
152 5.082921374581
152 0.54615229357528
152 0.54615229357528
152 0.54615229357528
152 0.9940880668619
152 0.9940880668619
152 0.9940880668619
152 1.59395212145284
192 0
192 8.7222025914412
192 8.7222025914412
192 8.7222025914412
192 8.7222025914412
192 0
192 1.58523056055308
192 1.58523056055308
192 0
192 0
192 0
192 0
192 3.14136524331908
192 5.55146694890618
192 5.55146694890618
192 5.55146694890618
192 4.74067168734157
192 0.819504629021085
192 2.41903303706797
192 3.19062413724463
192 0
192 4.87908372572933
192 0
192 0
192 0.989830406148645
192 0.989830406148645
192 0
192 10.1379970407855
192 10.1379970407855
192 10.1379970407855
192 12.8482883713924
192 0
192 16.9139013425195
192 690.589551069457
192 0.173847294984795
192 0.173847294984795
192 5.082921374581
192 5.082921374581
192 0.54615229357528
192 0.54615229357528
192 0.54615229357528
192 0.9940880668619
192 0.9940880668619
192 0.9940880668619
192 1.59395212145284
193 0
193 8.7222025914412
193 8.7222025914412
193 8.7222025914412
193 8.7222025914412
193 0
193 1.58523056055308
193 1.58523056055308
193 0
193 0
193 0
193 0
193 3.14136524331908
193 5.55146694890618
193 5.55146694890618
193 5.55146694890618
193 4.74067168734157
193 0.819504629021085
193 2.41903303706797
193 3.19062413724463
193 0
193 4.87908372572933
193 0
193 0
193 0.989830406148645
193 0.989830406148645
193 0
193 10.1379970407855
193 10.1379970407855
193 10.1379970407855
193 12.8482883713924
193 0
193 16.9139013425195
193 690.589551069457
193 0.173847294984795
193 0.173847294984795
193 5.082921374581
193 5.082921374581
193 0.54615229357528
193 0.54615229357528
193 0.54615229357528
193 0.9940880668619
193 0.9940880668619
193 0.9940880668619
193 1.59395212145284
207 0
207 8.7222025914412
207 8.7222025914412
207 8.7222025914412
207 8.7222025914412
207 0
207 1.58523056055308
207 1.58523056055308
207 0
207 0
207 0
207 0
207 3.14136524331908
207 5.55146694890618
207 5.55146694890618
207 5.55146694890618
207 4.74067168734157
207 0.819504629021085
207 2.41903303706797
207 3.19062413724463
207 0
207 4.87908372572933
207 0
207 0
207 0.989830406148645
207 0.989830406148645
207 0
207 10.1379970407855
207 10.1379970407855
207 10.1379970407855
207 12.8482883713924
207 0
207 16.9139013425195
207 690.589551069457
207 0.173847294984795
207 0.173847294984795
207 5.082921374581
207 5.082921374581
207 0.54615229357528
207 0.54615229357528
207 0.54615229357528
207 0.9940880668619
207 0.9940880668619
207 0.9940880668619
207 1.59395212145284
383 0
383 8.7222025914412
383 8.7222025914412
383 8.7222025914412
383 8.7222025914412
383 0
383 1.58523056055308
383 1.58523056055308
383 0
383 0
383 0
383 0
383 3.14136524331908
383 5.55146694890618
383 5.55146694890618
383 5.55146694890618
383 4.74067168734157
383 0.819504629021085
383 2.41903303706797
383 3.19062413724463
383 0
383 4.87908372572933
383 0
383 0
383 0.989830406148645
383 0.989830406148645
383 0
383 10.1379970407855
383 10.1379970407855
383 10.1379970407855
383 12.8482883713924
383 0
383 16.9139013425195
383 690.589551069457
383 0.173847294984795
383 0.173847294984795
383 5.082921374581
383 5.082921374581
383 0.54615229357528
383 0.54615229357528
383 0.54615229357528
383 0.9940880668619
383 0.9940880668619
383 0.9940880668619
383 1.59395212145284
474 0
474 8.7222025914412
474 8.7222025914412
474 8.7222025914412
474 8.7222025914412
474 0
474 1.58523056055308
474 1.58523056055308
474 0
474 0
474 0
474 0
474 3.14136524331908
474 5.55146694890618
474 5.55146694890618
474 5.55146694890618
474 4.74067168734157
474 0.819504629021085
474 2.41903303706797
474 3.19062413724463
474 0
474 4.87908372572933
474 0
474 0
474 0.989830406148645
474 0.989830406148645
474 0
474 10.1379970407855
474 10.1379970407855
474 10.1379970407855
474 12.8482883713924
474 0
474 16.9139013425195
474 690.589551069457
474 0.173847294984795
474 0.173847294984795
474 5.082921374581
474 5.082921374581
474 0.54615229357528
474 0.54615229357528
474 0.54615229357528
474 0.9940880668619
474 0.9940880668619
474 0.9940880668619
474 1.59395212145284
520 0
520 8.7222025914412
520 8.7222025914412
520 8.7222025914412
520 8.7222025914412
520 0
520 1.58523056055308
520 1.58523056055308
520 0
520 0
520 0
520 0
520 3.14136524331908
520 5.55146694890618
520 5.55146694890618
520 5.55146694890618
520 4.74067168734157
520 0.819504629021085
520 2.41903303706797
520 3.19062413724463
520 0
520 4.87908372572933
520 0
520 0
520 0.989830406148645
520 0.989830406148645
520 0
520 10.1379970407855
520 10.1379970407855
520 10.1379970407855
520 12.8482883713924
520 0
520 16.9139013425195
520 690.589551069457
520 0.173847294984795
520 0.173847294984795
520 5.082921374581
520 5.082921374581
520 0.54615229357528
520 0.54615229357528
520 0.54615229357528
520 0.9940880668619
520 0.9940880668619
520 0.9940880668619
520 1.59395212145284
578 0
578 8.7222025914412
578 8.7222025914412
578 8.7222025914412
578 8.7222025914412
578 0
578 1.58523056055308
578 1.58523056055308
578 0
578 0
578 0
578 0
578 3.14136524331908
578 5.55146694890618
578 5.55146694890618
578 5.55146694890618
578 4.74067168734157
578 0.819504629021085
578 2.41903303706797
578 3.19062413724463
578 0
578 4.87908372572933
578 0
578 0
578 0.989830406148645
578 0.989830406148645
578 0
578 10.1379970407855
578 10.1379970407855
578 10.1379970407855
578 12.8482883713924
578 0
578 16.9139013425195
578 690.589551069457
578 0.173847294984795
578 0.173847294984795
578 5.082921374581
578 5.082921374581
578 0.54615229357528
578 0.54615229357528
578 0.54615229357528
578 0.9940880668619
578 0.9940880668619
578 0.9940880668619
578 1.59395212145284
585 0
585 8.7222025914412
585 8.7222025914412
585 8.7222025914412
585 8.7222025914412
585 0
585 1.58523056055308
585 1.58523056055308
585 0
585 0
585 0
585 0
585 3.14136524331908
585 5.55146694890618
585 5.55146694890618
585 5.55146694890618
585 4.74067168734157
585 0.819504629021085
585 2.41903303706797
585 3.19062413724463
585 0
585 4.87908372572933
585 0
585 0
585 0.989830406148645
585 0.989830406148645
585 0
585 10.1379970407855
585 10.1379970407855
585 10.1379970407855
585 12.8482883713924
585 0
585 16.9139013425195
585 690.589551069457
585 0.173847294984795
585 0.173847294984795
585 5.082921374581
585 5.082921374581
585 0.54615229357528
585 0.54615229357528
585 0.54615229357528
585 0.9940880668619
585 0.9940880668619
585 0.9940880668619
585 1.59395212145284
619 0
619 8.7222025914412
619 8.7222025914412
619 8.7222025914412
619 8.7222025914412
619 0
619 1.58523056055308
619 1.58523056055308
619 0
619 0
619 0
619 0
619 3.14136524331908
619 5.55146694890618
619 5.55146694890618
619 5.55146694890618
619 4.74067168734157
619 0.819504629021085
619 2.41903303706797
619 3.19062413724463
619 0
619 4.87908372572933
619 0
619 0
619 0.989830406148645
619 0.989830406148645
619 0
619 10.1379970407855
619 10.1379970407855
619 10.1379970407855
619 12.8482883713924
619 0
619 16.9139013425195
619 690.589551069457
619 0.173847294984795
619 0.173847294984795
619 5.082921374581
619 5.082921374581
619 0.54615229357528
619 0.54615229357528
619 0.54615229357528
619 0.9940880668619
619 0.9940880668619
619 0.9940880668619
619 1.59395212145284
10488 0
10488 8.7222025914412
10488 8.7222025914412
10488 8.7222025914412
10488 8.7222025914412
10488 0
10488 1.58523056055308
10488 1.58523056055308
10488 0
10488 0
10488 0
10488 0
10488 3.14136524331908
10488 5.55146694890618
10488 5.55146694890618
10488 5.55146694890618
10488 4.74067168734157
10488 0.819504629021085
10488 2.41903303706797
10488 3.19062413724463
10488 0
10488 4.87908372572933
10488 0
10488 0
10488 0.989830406148645
10488 0.989830406148645
10488 0
10488 10.1379970407855
10488 10.1379970407855
10488 10.1379970407855
10488 12.8482883713924
10488 0
10488 16.9139013425195
10488 690.589551069457
10488 0.173847294984795
10488 0.173847294984795
10488 5.082921374581
10488 5.082921374581
10488 0.54615229357528
10488 0.54615229357528
10488 0.54615229357528
10488 0.9940880668619
10488 0.9940880668619
10488 0.9940880668619
10488 1.59395212145284
686 0
686 8.7222025914412
686 8.7222025914412
686 8.7222025914412
686 8.7222025914412
686 0
686 1.58523056055308
686 1.58523056055308
686 0
686 0
686 0
686 0
686 3.14136524331908
686 5.55146694890618
686 5.55146694890618
686 5.55146694890618
686 4.74067168734157
686 0.819504629021085
686 2.41903303706797
686 3.19062413724463
686 0
686 4.87908372572933
686 0
686 0
686 0.989830406148645
686 0.989830406148645
686 0
686 10.1379970407855
686 10.1379970407855
686 10.1379970407855
686 12.8482883713924
686 0
686 16.9139013425195
686 690.589551069457
686 0.173847294984795
686 0.173847294984795
686 5.082921374581
686 5.082921374581
686 0.54615229357528
686 0.54615229357528
686 0.54615229357528
686 0.9940880668619
686 0.9940880668619
686 0.9940880668619
686 1.59395212145284
688 0
688 8.7222025914412
688 8.7222025914412
688 8.7222025914412
688 8.7222025914412
688 0
688 1.58523056055308
688 1.58523056055308
688 0
688 0
688 0
688 0
688 3.14136524331908
688 5.55146694890618
688 5.55146694890618
688 5.55146694890618
688 4.74067168734157
688 0.819504629021085
688 2.41903303706797
688 3.19062413724463
688 0
688 4.87908372572933
688 0
688 0
688 0.989830406148645
688 0.989830406148645
688 0
688 10.1379970407855
688 10.1379970407855
688 10.1379970407855
688 12.8482883713924
688 0
688 16.9139013425195
688 690.589551069457
688 0.173847294984795
688 0.173847294984795
688 5.082921374581
688 5.082921374581
688 0.54615229357528
688 0.54615229357528
688 0.54615229357528
688 0.9940880668619
688 0.9940880668619
688 0.9940880668619
688 1.59395212145284
887 0
887 8.7222025914412
887 8.7222025914412
887 8.7222025914412
887 8.7222025914412
887 0
887 1.58523056055308
887 1.58523056055308
887 0
887 0
887 0
887 0
887 3.14136524331908
887 5.55146694890618
887 5.55146694890618
887 5.55146694890618
887 4.74067168734157
887 0.819504629021085
887 2.41903303706797
887 3.19062413724463
887 0
887 4.87908372572933
887 0
887 0
887 0.989830406148645
887 0.989830406148645
887 0
887 10.1379970407855
887 10.1379970407855
887 10.1379970407855
887 12.8482883713924
887 0
887 16.9139013425195
887 690.589551069457
887 0.173847294984795
887 0.173847294984795
887 5.082921374581
887 5.082921374581
887 0.54615229357528
887 0.54615229357528
887 0.54615229357528
887 0.9940880668619
887 0.9940880668619
887 0.9940880668619
887 1.59395212145284
889 0
889 8.7222025914412
889 8.7222025914412
889 8.7222025914412
889 8.7222025914412
889 0
889 1.58523056055308
889 1.58523056055308
889 0
889 0
889 0
889 0
889 3.14136524331908
889 5.55146694890618
889 5.55146694890618
889 5.55146694890618
889 4.74067168734157
889 0.819504629021085
889 2.41903303706797
889 3.19062413724463
889 0
889 4.87908372572933
889 0
889 0
889 0.989830406148645
889 0.989830406148645
889 0
889 10.1379970407855
889 10.1379970407855
889 10.1379970407855
889 12.8482883713924
889 0
889 16.9139013425195
889 690.589551069457
889 0.173847294984795
889 0.173847294984795
889 5.082921374581
889 5.082921374581
889 0.54615229357528
889 0.54615229357528
889 0.54615229357528
889 0.9940880668619
889 0.9940880668619
889 0.9940880668619
889 1.59395212145284
939 0
939 8.7222025914412
939 8.7222025914412
939 8.7222025914412
939 8.7222025914412
939 0
939 1.58523056055308
939 1.58523056055308
939 0
939 0
939 0
939 0
939 3.14136524331908
939 5.55146694890618
939 5.55146694890618
939 5.55146694890618
939 4.74067168734157
939 0.819504629021085
939 2.41903303706797
939 3.19062413724463
939 0
939 4.87908372572933
939 0
939 0
939 0.989830406148645
939 0.989830406148645
939 0
939 10.1379970407855
939 10.1379970407855
939 10.1379970407855
939 12.8482883713924
939 0
939 16.9139013425195
939 690.589551069457
939 0.173847294984795
939 0.173847294984795
939 5.082921374581
939 5.082921374581
939 0.54615229357528
939 0.54615229357528
939 0.54615229357528
939 0.9940880668619
939 0.9940880668619
939 0.9940880668619
939 1.59395212145284
988 0
988 8.7222025914412
988 8.7222025914412
988 8.7222025914412
988 8.7222025914412
988 0
988 1.58523056055308
988 1.58523056055308
988 0
988 0
988 0
988 0
988 3.14136524331908
988 5.55146694890618
988 5.55146694890618
988 5.55146694890618
988 4.74067168734157
988 0.819504629021085
988 2.41903303706797
988 3.19062413724463
988 0
988 4.87908372572933
988 0
988 0
988 0.989830406148645
988 0.989830406148645
988 0
988 10.1379970407855
988 10.1379970407855
988 10.1379970407855
988 12.8482883713924
988 0
988 16.9139013425195
988 690.589551069457
988 0.173847294984795
988 0.173847294984795
988 5.082921374581
988 5.082921374581
988 0.54615229357528
988 0.54615229357528
988 0.54615229357528
988 0.9940880668619
988 0.9940880668619
988 0.9940880668619
988 1.59395212145284
990 0
990 8.7222025914412
990 8.7222025914412
990 8.7222025914412
990 8.7222025914412
990 0
990 1.58523056055308
990 1.58523056055308
990 0
990 0
990 0
990 0
990 3.14136524331908
990 5.55146694890618
990 5.55146694890618
990 5.55146694890618
990 4.74067168734157
990 0.819504629021085
990 2.41903303706797
990 3.19062413724463
990 0
990 4.87908372572933
990 0
990 0
990 0.989830406148645
990 0.989830406148645
990 0
990 10.1379970407855
990 10.1379970407855
990 10.1379970407855
990 12.8482883713924
990 0
990 16.9139013425195
990 690.589551069457
990 0.173847294984795
990 0.173847294984795
990 5.082921374581
990 5.082921374581
990 0.54615229357528
990 0.54615229357528
990 0.54615229357528
990 0.9940880668619
990 0.9940880668619
990 0.9940880668619
990 1.59395212145284
995 0
995 8.7222025914412
995 8.7222025914412
995 8.7222025914412
995 8.7222025914412
995 0
995 1.58523056055308
995 1.58523056055308
995 0
995 0
995 0
995 0
995 3.14136524331908
995 5.55146694890618
995 5.55146694890618
995 5.55146694890618
995 4.74067168734157
995 0.819504629021085
995 2.41903303706797
995 3.19062413724463
995 0
995 4.87908372572933
995 0
995 0
995 0.989830406148645
995 0.989830406148645
995 0
995 10.1379970407855
995 10.1379970407855
995 10.1379970407855
995 12.8482883713924
995 0
995 16.9139013425195
995 690.589551069457
995 0.173847294984795
995 0.173847294984795
995 5.082921374581
995 5.082921374581
995 0.54615229357528
995 0.54615229357528
995 0.54615229357528
995 0.9940880668619
995 0.9940880668619
995 0.9940880668619
995 1.59395212145284
1044 0
1044 8.7222025914412
1044 8.7222025914412
1044 8.7222025914412
1044 8.7222025914412
1044 0
1044 1.58523056055308
1044 1.58523056055308
1044 0
1044 0
1044 0
1044 0
1044 3.14136524331908
1044 5.55146694890618
1044 5.55146694890618
1044 5.55146694890618
1044 4.74067168734157
1044 0.819504629021085
1044 2.41903303706797
1044 3.19062413724463
1044 0
1044 4.87908372572933
1044 0
1044 0
1044 0.989830406148645
1044 0.989830406148645
1044 0
1044 10.1379970407855
1044 10.1379970407855
1044 10.1379970407855
1044 12.8482883713924
1044 0
1044 16.9139013425195
1044 690.589551069457
1044 0.173847294984795
1044 0.173847294984795
1044 5.082921374581
1044 5.082921374581
1044 0.54615229357528
1044 0.54615229357528
1044 0.54615229357528
1044 0.9940880668619
1044 0.9940880668619
1044 0.9940880668619
1044 1.59395212145284
1103 0
1103 8.7222025914412
1103 8.7222025914412
1103 8.7222025914412
1103 8.7222025914412
1103 0
1103 1.58523056055308
1103 1.58523056055308
1103 0
1103 0
1103 0
1103 0
1103 3.14136524331908
1103 5.55146694890618
1103 5.55146694890618
1103 5.55146694890618
1103 4.74067168734157
1103 0.819504629021085
1103 2.41903303706797
1103 3.19062413724463
1103 0
1103 4.87908372572933
1103 0
1103 0
1103 0.989830406148645
1103 0.989830406148645
1103 0
1103 10.1379970407855
1103 10.1379970407855
1103 10.1379970407855
1103 12.8482883713924
1103 0
1103 16.9139013425195
1103 690.589551069457
1103 0.173847294984795
1103 0.173847294984795
1103 5.082921374581
1103 5.082921374581
1103 0.54615229357528
1103 0.54615229357528
1103 0.54615229357528
1103 0.9940880668619
1103 0.9940880668619
1103 0.9940880668619
1103 1.59395212145284
1107 0
1107 8.7222025914412
1107 8.7222025914412
1107 8.7222025914412
1107 8.7222025914412
1107 0
1107 1.58523056055308
1107 1.58523056055308
1107 0
1107 0
1107 0
1107 0
1107 3.14136524331908
1107 5.55146694890618
1107 5.55146694890618
1107 5.55146694890618
1107 4.74067168734157
1107 0.819504629021085
1107 2.41903303706797
1107 3.19062413724463
1107 0
1107 4.87908372572933
1107 0
1107 0
1107 0.989830406148645
1107 0.989830406148645
1107 0
1107 10.1379970407855
1107 10.1379970407855
1107 10.1379970407855
1107 12.8482883713924
1107 0
1107 16.9139013425195
1107 690.589551069457
1107 0.173847294984795
1107 0.173847294984795
1107 5.082921374581
1107 5.082921374581
1107 0.54615229357528
1107 0.54615229357528
1107 0.54615229357528
1107 0.9940880668619
1107 0.9940880668619
1107 0.9940880668619
1107 1.59395212145284
1105 0
1105 8.7222025914412
1105 8.7222025914412
1105 8.7222025914412
1105 8.7222025914412
1105 0
1105 1.58523056055308
1105 1.58523056055308
1105 0
1105 0
1105 0
1105 0
1105 3.14136524331908
1105 5.55146694890618
1105 5.55146694890618
1105 5.55146694890618
1105 4.74067168734157
1105 0.819504629021085
1105 2.41903303706797
1105 3.19062413724463
1105 0
1105 4.87908372572933
1105 0
1105 0
1105 0.989830406148645
1105 0.989830406148645
1105 0
1105 10.1379970407855
1105 10.1379970407855
1105 10.1379970407855
1105 12.8482883713924
1105 0
1105 16.9139013425195
1105 690.589551069457
1105 0.173847294984795
1105 0.173847294984795
1105 5.082921374581
1105 5.082921374581
1105 0.54615229357528
1105 0.54615229357528
1105 0.54615229357528
1105 0.9940880668619
1105 0.9940880668619
1105 0.9940880668619
1105 1.59395212145284
1157 0
1157 8.7222025914412
1157 8.7222025914412
1157 8.7222025914412
1157 8.7222025914412
1157 0
1157 1.58523056055308
1157 1.58523056055308
1157 0
1157 0
1157 0
1157 0
1157 3.14136524331908
1157 5.55146694890618
1157 5.55146694890618
1157 5.55146694890618
1157 4.74067168734157
1157 0.819504629021085
1157 2.41903303706797
1157 3.19062413724463
1157 0
1157 4.87908372572933
1157 0
1157 0
1157 0.989830406148645
1157 0.989830406148645
1157 0
1157 10.1379970407855
1157 10.1379970407855
1157 10.1379970407855
1157 12.8482883713924
1157 0
1157 16.9139013425195
1157 690.589551069457
1157 0.173847294984795
1157 0.173847294984795
1157 5.082921374581
1157 5.082921374581
1157 0.54615229357528
1157 0.54615229357528
1157 0.54615229357528
1157 0.9940880668619
1157 0.9940880668619
1157 0.9940880668619
1157 1.59395212145284
1158 0
1158 8.7222025914412
1158 8.7222025914412
1158 8.7222025914412
1158 8.7222025914412
1158 0
1158 1.58523056055308
1158 1.58523056055308
1158 0
1158 0
1158 0
1158 0
1158 3.14136524331908
1158 5.55146694890618
1158 5.55146694890618
1158 5.55146694890618
1158 4.74067168734157
1158 0.819504629021085
1158 2.41903303706797
1158 3.19062413724463
1158 0
1158 4.87908372572933
1158 0
1158 0
1158 0.989830406148645
1158 0.989830406148645
1158 0
1158 10.1379970407855
1158 10.1379970407855
1158 10.1379970407855
1158 12.8482883713924
1158 0
1158 16.9139013425195
1158 690.589551069457
1158 0.173847294984795
1158 0.173847294984795
1158 5.082921374581
1158 5.082921374581
1158 0.54615229357528
1158 0.54615229357528
1158 0.54615229357528
1158 0.9940880668619
1158 0.9940880668619
1158 0.9940880668619
1158 1.59395212145284
1215 0
1215 8.7222025914412
1215 8.7222025914412
1215 8.7222025914412
1215 8.7222025914412
1215 0
1215 1.58523056055308
1215 1.58523056055308
1215 0
1215 0
1215 0
1215 0
1215 3.14136524331908
1215 5.55146694890618
1215 5.55146694890618
1215 5.55146694890618
1215 4.74067168734157
1215 0.819504629021085
1215 2.41903303706797
1215 3.19062413724463
1215 0
1215 4.87908372572933
1215 0
1215 0
1215 0.989830406148645
1215 0.989830406148645
1215 0
1215 10.1379970407855
1215 10.1379970407855
1215 10.1379970407855
1215 12.8482883713924
1215 0
1215 16.9139013425195
1215 690.589551069457
1215 0.173847294984795
1215 0.173847294984795
1215 5.082921374581
1215 5.082921374581
1215 0.54615229357528
1215 0.54615229357528
1215 0.54615229357528
1215 0.9940880668619
1215 0.9940880668619
1215 0.9940880668619
1215 1.59395212145284
1221 0
1221 8.7222025914412
1221 8.7222025914412
1221 8.7222025914412
1221 8.7222025914412
1221 0
1221 1.58523056055308
1221 1.58523056055308
1221 0
1221 0
1221 0
1221 0
1221 3.14136524331908
1221 5.55146694890618
1221 5.55146694890618
1221 5.55146694890618
1221 4.74067168734157
1221 0.819504629021085
1221 2.41903303706797
1221 3.19062413724463
1221 0
1221 4.87908372572933
1221 0
1221 0
1221 0.989830406148645
1221 0.989830406148645
1221 0
1221 10.1379970407855
1221 10.1379970407855
1221 10.1379970407855
1221 12.8482883713924
1221 0
1221 16.9139013425195
1221 690.589551069457
1221 0.173847294984795
1221 0.173847294984795
1221 5.082921374581
1221 5.082921374581
1221 0.54615229357528
1221 0.54615229357528
1221 0.54615229357528
1221 0.9940880668619
1221 0.9940880668619
1221 0.9940880668619
1221 1.59395212145284
1236 0
1236 8.7222025914412
1236 8.7222025914412
1236 8.7222025914412
1236 8.7222025914412
1236 0
1236 1.58523056055308
1236 1.58523056055308
1236 0
1236 0
1236 0
1236 0
1236 3.14136524331908
1236 5.55146694890618
1236 5.55146694890618
1236 5.55146694890618
1236 4.74067168734157
1236 0.819504629021085
1236 2.41903303706797
1236 3.19062413724463
1236 0
1236 4.87908372572933
1236 0
1236 0
1236 0.989830406148645
1236 0.989830406148645
1236 0
1236 10.1379970407855
1236 10.1379970407855
1236 10.1379970407855
1236 12.8482883713924
1236 0
1236 16.9139013425195
1236 690.589551069457
1236 0.173847294984795
1236 0.173847294984795
1236 5.082921374581
1236 5.082921374581
1236 0.54615229357528
1236 0.54615229357528
1236 0.54615229357528
1236 0.9940880668619
1236 0.9940880668619
1236 0.9940880668619
1236 1.59395212145284
1228 0
1228 8.7222025914412
1228 8.7222025914412
1228 8.7222025914412
1228 8.7222025914412
1228 0
1228 1.58523056055308
1228 1.58523056055308
1228 0
1228 0
1228 0
1228 0
1228 3.14136524331908
1228 5.55146694890618
1228 5.55146694890618
1228 5.55146694890618
1228 4.74067168734157
1228 0.819504629021085
1228 2.41903303706797
1228 3.19062413724463
1228 0
1228 4.87908372572933
1228 0
1228 0
1228 0.989830406148645
1228 0.989830406148645
1228 0
1228 10.1379970407855
1228 10.1379970407855
1228 10.1379970407855
1228 12.8482883713924
1228 0
1228 16.9139013425195
1228 690.589551069457
1228 0.173847294984795
1228 0.173847294984795
1228 5.082921374581
1228 5.082921374581
1228 0.54615229357528
1228 0.54615229357528
1228 0.54615229357528
1228 0.9940880668619
1228 0.9940880668619
1228 0.9940880668619
1228 1.59395212145284
1235 0
1235 8.7222025914412
1235 8.7222025914412
1235 8.7222025914412
1235 8.7222025914412
1235 0
1235 1.58523056055308
1235 1.58523056055308
1235 0
1235 0
1235 0
1235 0
1235 3.14136524331908
1235 5.55146694890618
1235 5.55146694890618
1235 5.55146694890618
1235 4.74067168734157
1235 0.819504629021085
1235 2.41903303706797
1235 3.19062413724463
1235 0
1235 4.87908372572933
1235 0
1235 0
1235 0.989830406148645
1235 0.989830406148645
1235 0
1235 10.1379970407855
1235 10.1379970407855
1235 10.1379970407855
1235 12.8482883713924
1235 0
1235 16.9139013425195
1235 690.589551069457
1235 0.173847294984795
1235 0.173847294984795
1235 5.082921374581
1235 5.082921374581
1235 0.54615229357528
1235 0.54615229357528
1235 0.54615229357528
1235 0.9940880668619
1235 0.9940880668619
1235 0.9940880668619
1235 1.59395212145284
1233 0
1233 8.7222025914412
1233 8.7222025914412
1233 8.7222025914412
1233 8.7222025914412
1233 0
1233 1.58523056055308
1233 1.58523056055308
1233 0
1233 0
1233 0
1233 0
1233 3.14136524331908
1233 5.55146694890618
1233 5.55146694890618
1233 5.55146694890618
1233 4.74067168734157
1233 0.819504629021085
1233 2.41903303706797
1233 3.19062413724463
1233 0
1233 4.87908372572933
1233 0
1233 0
1233 0.989830406148645
1233 0.989830406148645
1233 0
1233 10.1379970407855
1233 10.1379970407855
1233 10.1379970407855
1233 12.8482883713924
1233 0
1233 16.9139013425195
1233 690.589551069457
1233 0.173847294984795
1233 0.173847294984795
1233 5.082921374581
1233 5.082921374581
1233 0.54615229357528
1233 0.54615229357528
1233 0.54615229357528
1233 0.9940880668619
1233 0.9940880668619
1233 0.9940880668619
1233 1.59395212145284
1278 0
1278 8.7222025914412
1278 8.7222025914412
1278 8.7222025914412
1278 8.7222025914412
1278 0
1278 1.58523056055308
1278 1.58523056055308
1278 0
1278 0
1278 0
1278 0
1278 3.14136524331908
1278 5.55146694890618
1278 5.55146694890618
1278 5.55146694890618
1278 4.74067168734157
1278 0.819504629021085
1278 2.41903303706797
1278 3.19062413724463
1278 0
1278 4.87908372572933
1278 0
1278 0
1278 0.989830406148645
1278 0.989830406148645
1278 0
1278 10.1379970407855
1278 10.1379970407855
1278 10.1379970407855
1278 12.8482883713924
1278 0
1278 16.9139013425195
1278 690.589551069457
1278 0.173847294984795
1278 0.173847294984795
1278 5.082921374581
1278 5.082921374581
1278 0.54615229357528
1278 0.54615229357528
1278 0.54615229357528
1278 0.9940880668619
1278 0.9940880668619
1278 0.9940880668619
1278 1.59395212145284
1282 0
1282 8.7222025914412
1282 8.7222025914412
1282 8.7222025914412
1282 8.7222025914412
1282 0
1282 1.58523056055308
1282 1.58523056055308
1282 0
1282 0
1282 0
1282 0
1282 3.14136524331908
1282 5.55146694890618
1282 5.55146694890618
1282 5.55146694890618
1282 4.74067168734157
1282 0.819504629021085
1282 2.41903303706797
1282 3.19062413724463
1282 0
1282 4.87908372572933
1282 0
1282 0
1282 0.989830406148645
1282 0.989830406148645
1282 0
1282 10.1379970407855
1282 10.1379970407855
1282 10.1379970407855
1282 12.8482883713924
1282 0
1282 16.9139013425195
1282 690.589551069457
1282 0.173847294984795
1282 0.173847294984795
1282 5.082921374581
1282 5.082921374581
1282 0.54615229357528
1282 0.54615229357528
1282 0.54615229357528
1282 0.9940880668619
1282 0.9940880668619
1282 0.9940880668619
1282 1.59395212145284
1285 0
1285 8.7222025914412
1285 8.7222025914412
1285 8.7222025914412
1285 8.7222025914412
1285 0
1285 1.58523056055308
1285 1.58523056055308
1285 0
1285 0
1285 0
1285 0
1285 3.14136524331908
1285 5.55146694890618
1285 5.55146694890618
1285 5.55146694890618
1285 4.74067168734157
1285 0.819504629021085
1285 2.41903303706797
1285 3.19062413724463
1285 0
1285 4.87908372572933
1285 0
1285 0
1285 0.989830406148645
1285 0.989830406148645
1285 0
1285 10.1379970407855
1285 10.1379970407855
1285 10.1379970407855
1285 12.8482883713924
1285 0
1285 16.9139013425195
1285 690.589551069457
1285 0.173847294984795
1285 0.173847294984795
1285 5.082921374581
1285 5.082921374581
1285 0.54615229357528
1285 0.54615229357528
1285 0.54615229357528
1285 0.9940880668619
1285 0.9940880668619
1285 0.9940880668619
1285 1.59395212145284
1286 0
1286 8.7222025914412
1286 8.7222025914412
1286 8.7222025914412
1286 8.7222025914412
1286 0
1286 1.58523056055308
1286 1.58523056055308
1286 0
1286 0
1286 0
1286 0
1286 3.14136524331908
1286 5.55146694890618
1286 5.55146694890618
1286 5.55146694890618
1286 4.74067168734157
1286 0.819504629021085
1286 2.41903303706797
1286 3.19062413724463
1286 0
1286 4.87908372572933
1286 0
1286 0
1286 0.989830406148645
1286 0.989830406148645
1286 0
1286 10.1379970407855
1286 10.1379970407855
1286 10.1379970407855
1286 12.8482883713924
1286 0
1286 16.9139013425195
1286 690.589551069457
1286 0.173847294984795
1286 0.173847294984795
1286 5.082921374581
1286 5.082921374581
1286 0.54615229357528
1286 0.54615229357528
1286 0.54615229357528
1286 0.9940880668619
1286 0.9940880668619
1286 0.9940880668619
1286 1.59395212145284
1301 0
1301 8.7222025914412
1301 8.7222025914412
1301 8.7222025914412
1301 8.7222025914412
1301 0
1301 1.58523056055308
1301 1.58523056055308
1301 0
1301 0
1301 0
1301 0
1301 3.14136524331908
1301 5.55146694890618
1301 5.55146694890618
1301 5.55146694890618
1301 4.74067168734157
1301 0.819504629021085
1301 2.41903303706797
1301 3.19062413724463
1301 0
1301 4.87908372572933
1301 0
1301 0
1301 0.989830406148645
1301 0.989830406148645
1301 0
1301 10.1379970407855
1301 10.1379970407855
1301 10.1379970407855
1301 12.8482883713924
1301 0
1301 16.9139013425195
1301 690.589551069457
1301 0.173847294984795
1301 0.173847294984795
1301 5.082921374581
1301 5.082921374581
1301 0.54615229357528
1301 0.54615229357528
1301 0.54615229357528
1301 0.9940880668619
1301 0.9940880668619
1301 0.9940880668619
1301 1.59395212145284
1300 0
1300 8.7222025914412
1300 8.7222025914412
1300 8.7222025914412
1300 8.7222025914412
1300 0
1300 1.58523056055308
1300 1.58523056055308
1300 0
1300 0
1300 0
1300 0
1300 3.14136524331908
1300 5.55146694890618
1300 5.55146694890618
1300 5.55146694890618
1300 4.74067168734157
1300 0.819504629021085
1300 2.41903303706797
1300 3.19062413724463
1300 0
1300 4.87908372572933
1300 0
1300 0
1300 0.989830406148645
1300 0.989830406148645
1300 0
1300 10.1379970407855
1300 10.1379970407855
1300 10.1379970407855
1300 12.8482883713924
1300 0
1300 16.9139013425195
1300 690.589551069457
1300 0.173847294984795
1300 0.173847294984795
1300 5.082921374581
1300 5.082921374581
1300 0.54615229357528
1300 0.54615229357528
1300 0.54615229357528
1300 0.9940880668619
1300 0.9940880668619
1300 0.9940880668619
1300 1.59395212145284
1347 0
1347 8.7222025914412
1347 8.7222025914412
1347 8.7222025914412
1347 8.7222025914412
1347 0
1347 1.58523056055308
1347 1.58523056055308
1347 0
1347 0
1347 0
1347 0
1347 3.14136524331908
1347 5.55146694890618
1347 5.55146694890618
1347 5.55146694890618
1347 4.74067168734157
1347 0.819504629021085
1347 2.41903303706797
1347 3.19062413724463
1347 0
1347 4.87908372572933
1347 0
1347 0
1347 0.989830406148645
1347 0.989830406148645
1347 0
1347 10.1379970407855
1347 10.1379970407855
1347 10.1379970407855
1347 12.8482883713924
1347 0
1347 16.9139013425195
1347 690.589551069457
1347 0.173847294984795
1347 0.173847294984795
1347 5.082921374581
1347 5.082921374581
1347 0.54615229357528
1347 0.54615229357528
1347 0.54615229357528
1347 0.9940880668619
1347 0.9940880668619
1347 0.9940880668619
1347 1.59395212145284
1348 0
1348 8.7222025914412
1348 8.7222025914412
1348 8.7222025914412
1348 8.7222025914412
1348 0
1348 1.58523056055308
1348 1.58523056055308
1348 0
1348 0
1348 0
1348 0
1348 3.14136524331908
1348 5.55146694890618
1348 5.55146694890618
1348 5.55146694890618
1348 4.74067168734157
1348 0.819504629021085
1348 2.41903303706797
1348 3.19062413724463
1348 0
1348 4.87908372572933
1348 0
1348 0
1348 0.989830406148645
1348 0.989830406148645
1348 0
1348 10.1379970407855
1348 10.1379970407855
1348 10.1379970407855
1348 12.8482883713924
1348 0
1348 16.9139013425195
1348 690.589551069457
1348 0.173847294984795
1348 0.173847294984795
1348 5.082921374581
1348 5.082921374581
1348 0.54615229357528
1348 0.54615229357528
1348 0.54615229357528
1348 0.9940880668619
1348 0.9940880668619
1348 0.9940880668619
1348 1.59395212145284
1349 0
1349 8.7222025914412
1349 8.7222025914412
1349 8.7222025914412
1349 8.7222025914412
1349 0
1349 1.58523056055308
1349 1.58523056055308
1349 0
1349 0
1349 0
1349 0
1349 3.14136524331908
1349 5.55146694890618
1349 5.55146694890618
1349 5.55146694890618
1349 4.74067168734157
1349 0.819504629021085
1349 2.41903303706797
1349 3.19062413724463
1349 0
1349 4.87908372572933
1349 0
1349 0
1349 0.989830406148645
1349 0.989830406148645
1349 0
1349 10.1379970407855
1349 10.1379970407855
1349 10.1379970407855
1349 12.8482883713924
1349 0
1349 16.9139013425195
1349 690.589551069457
1349 0.173847294984795
1349 0.173847294984795
1349 5.082921374581
1349 5.082921374581
1349 0.54615229357528
1349 0.54615229357528
1349 0.54615229357528
1349 0.9940880668619
1349 0.9940880668619
1349 0.9940880668619
1349 1.59395212145284
1350 0
1350 8.7222025914412
1350 8.7222025914412
1350 8.7222025914412
1350 8.7222025914412
1350 0
1350 1.58523056055308
1350 1.58523056055308
1350 0
1350 0
1350 0
1350 0
1350 3.14136524331908
1350 5.55146694890618
1350 5.55146694890618
1350 5.55146694890618
1350 4.74067168734157
1350 0.819504629021085
1350 2.41903303706797
1350 3.19062413724463
1350 0
1350 4.87908372572933
1350 0
1350 0
1350 0.989830406148645
1350 0.989830406148645
1350 0
1350 10.1379970407855
1350 10.1379970407855
1350 10.1379970407855
1350 12.8482883713924
1350 0
1350 16.9139013425195
1350 690.589551069457
1350 0.173847294984795
1350 0.173847294984795
1350 5.082921374581
1350 5.082921374581
1350 0.54615229357528
1350 0.54615229357528
1350 0.54615229357528
1350 0.9940880668619
1350 0.9940880668619
1350 0.9940880668619
1350 1.59395212145284
1351 0
1351 8.7222025914412
1351 8.7222025914412
1351 8.7222025914412
1351 8.7222025914412
1351 0
1351 1.58523056055308
1351 1.58523056055308
1351 0
1351 0
1351 0
1351 0
1351 3.14136524331908
1351 5.55146694890618
1351 5.55146694890618
1351 5.55146694890618
1351 4.74067168734157
1351 0.819504629021085
1351 2.41903303706797
1351 3.19062413724463
1351 0
1351 4.87908372572933
1351 0
1351 0
1351 0.989830406148645
1351 0.989830406148645
1351 0
1351 10.1379970407855
1351 10.1379970407855
1351 10.1379970407855
1351 12.8482883713924
1351 0
1351 16.9139013425195
1351 690.589551069457
1351 0.173847294984795
1351 0.173847294984795
1351 5.082921374581
1351 5.082921374581
1351 0.54615229357528
1351 0.54615229357528
1351 0.54615229357528
1351 0.9940880668619
1351 0.9940880668619
1351 0.9940880668619
1351 1.59395212145284
1369 0
1369 8.7222025914412
1369 8.7222025914412
1369 8.7222025914412
1369 8.7222025914412
1369 0
1369 1.58523056055308
1369 1.58523056055308
1369 0
1369 0
1369 0
1369 0
1369 3.14136524331908
1369 5.55146694890618
1369 5.55146694890618
1369 5.55146694890618
1369 4.74067168734157
1369 0.819504629021085
1369 2.41903303706797
1369 3.19062413724463
1369 0
1369 4.87908372572933
1369 0
1369 0
1369 0.989830406148645
1369 0.989830406148645
1369 0
1369 10.1379970407855
1369 10.1379970407855
1369 10.1379970407855
1369 12.8482883713924
1369 0
1369 16.9139013425195
1369 690.589551069457
1369 0.173847294984795
1369 0.173847294984795
1369 5.082921374581
1369 5.082921374581
1369 0.54615229357528
1369 0.54615229357528
1369 0.54615229357528
1369 0.9940880668619
1369 0.9940880668619
1369 0.9940880668619
1369 1.59395212145284
1368 0
1368 8.7222025914412
1368 8.7222025914412
1368 8.7222025914412
1368 8.7222025914412
1368 0
1368 1.58523056055308
1368 1.58523056055308
1368 0
1368 0
1368 0
1368 0
1368 3.14136524331908
1368 5.55146694890618
1368 5.55146694890618
1368 5.55146694890618
1368 4.74067168734157
1368 0.819504629021085
1368 2.41903303706797
1368 3.19062413724463
1368 0
1368 4.87908372572933
1368 0
1368 0
1368 0.989830406148645
1368 0.989830406148645
1368 0
1368 10.1379970407855
1368 10.1379970407855
1368 10.1379970407855
1368 12.8482883713924
1368 0
1368 16.9139013425195
1368 690.589551069457
1368 0.173847294984795
1368 0.173847294984795
1368 5.082921374581
1368 5.082921374581
1368 0.54615229357528
1368 0.54615229357528
1368 0.54615229357528
1368 0.9940880668619
1368 0.9940880668619
1368 0.9940880668619
1368 1.59395212145284
1411 0
1411 8.7222025914412
1411 8.7222025914412
1411 8.7222025914412
1411 8.7222025914412
1411 0
1411 1.58523056055308
1411 1.58523056055308
1411 0
1411 0
1411 0
1411 0
1411 3.14136524331908
1411 5.55146694890618
1411 5.55146694890618
1411 5.55146694890618
1411 4.74067168734157
1411 0.819504629021085
1411 2.41903303706797
1411 3.19062413724463
1411 0
1411 4.87908372572933
1411 0
1411 0
1411 0.989830406148645
1411 0.989830406148645
1411 0
1411 10.1379970407855
1411 10.1379970407855
1411 10.1379970407855
1411 12.8482883713924
1411 0
1411 16.9139013425195
1411 690.589551069457
1411 0.173847294984795
1411 0.173847294984795
1411 5.082921374581
1411 5.082921374581
1411 0.54615229357528
1411 0.54615229357528
1411 0.54615229357528
1411 0.9940880668619
1411 0.9940880668619
1411 0.9940880668619
1411 1.59395212145284
1412 0
1412 8.7222025914412
1412 8.7222025914412
1412 8.7222025914412
1412 8.7222025914412
1412 0
1412 1.58523056055308
1412 1.58523056055308
1412 0
1412 0
1412 0
1412 0
1412 3.14136524331908
1412 5.55146694890618
1412 5.55146694890618
1412 5.55146694890618
1412 4.74067168734157
1412 0.819504629021085
1412 2.41903303706797
1412 3.19062413724463
1412 0
1412 4.87908372572933
1412 0
1412 0
1412 0.989830406148645
1412 0.989830406148645
1412 0
1412 10.1379970407855
1412 10.1379970407855
1412 10.1379970407855
1412 12.8482883713924
1412 0
1412 16.9139013425195
1412 690.589551069457
1412 0.173847294984795
1412 0.173847294984795
1412 5.082921374581
1412 5.082921374581
1412 0.54615229357528
1412 0.54615229357528
1412 0.54615229357528
1412 0.9940880668619
1412 0.9940880668619
1412 0.9940880668619
1412 1.59395212145284
1413 0
1413 8.7222025914412
1413 8.7222025914412
1413 8.7222025914412
1413 8.7222025914412
1413 0
1413 1.58523056055308
1413 1.58523056055308
1413 0
1413 0
1413 0
1413 0
1413 3.14136524331908
1413 5.55146694890618
1413 5.55146694890618
1413 5.55146694890618
1413 4.74067168734157
1413 0.819504629021085
1413 2.41903303706797
1413 3.19062413724463
1413 0
1413 4.87908372572933
1413 0
1413 0
1413 0.989830406148645
1413 0.989830406148645
1413 0
1413 10.1379970407855
1413 10.1379970407855
1413 10.1379970407855
1413 12.8482883713924
1413 0
1413 16.9139013425195
1413 690.589551069457
1413 0.173847294984795
1413 0.173847294984795
1413 5.082921374581
1413 5.082921374581
1413 0.54615229357528
1413 0.54615229357528
1413 0.54615229357528
1413 0.9940880668619
1413 0.9940880668619
1413 0.9940880668619
1413 1.59395212145284
1414 0
1414 8.7222025914412
1414 8.7222025914412
1414 8.7222025914412
1414 8.7222025914412
1414 0
1414 1.58523056055308
1414 1.58523056055308
1414 0
1414 0
1414 0
1414 0
1414 3.14136524331908
1414 5.55146694890618
1414 5.55146694890618
1414 5.55146694890618
1414 4.74067168734157
1414 0.819504629021085
1414 2.41903303706797
1414 3.19062413724463
1414 0
1414 4.87908372572933
1414 0
1414 0
1414 0.989830406148645
1414 0.989830406148645
1414 0
1414 10.1379970407855
1414 10.1379970407855
1414 10.1379970407855
1414 12.8482883713924
1414 0
1414 16.9139013425195
1414 690.589551069457
1414 0.173847294984795
1414 0.173847294984795
1414 5.082921374581
1414 5.082921374581
1414 0.54615229357528
1414 0.54615229357528
1414 0.54615229357528
1414 0.9940880668619
1414 0.9940880668619
1414 0.9940880668619
1414 1.59395212145284
1415 0
1415 8.7222025914412
1415 8.7222025914412
1415 8.7222025914412
1415 8.7222025914412
1415 0
1415 1.58523056055308
1415 1.58523056055308
1415 0
1415 0
1415 0
1415 0
1415 3.14136524331908
1415 5.55146694890618
1415 5.55146694890618
1415 5.55146694890618
1415 4.74067168734157
1415 0.819504629021085
1415 2.41903303706797
1415 3.19062413724463
1415 0
1415 4.87908372572933
1415 0
1415 0
1415 0.989830406148645
1415 0.989830406148645
1415 0
1415 10.1379970407855
1415 10.1379970407855
1415 10.1379970407855
1415 12.8482883713924
1415 0
1415 16.9139013425195
1415 690.589551069457
1415 0.173847294984795
1415 0.173847294984795
1415 5.082921374581
1415 5.082921374581
1415 0.54615229357528
1415 0.54615229357528
1415 0.54615229357528
1415 0.9940880668619
1415 0.9940880668619
1415 0.9940880668619
1415 1.59395212145284
1416 0
1416 8.7222025914412
1416 8.7222025914412
1416 8.7222025914412
1416 8.7222025914412
1416 0
1416 1.58523056055308
1416 1.58523056055308
1416 0
1416 0
1416 0
1416 0
1416 3.14136524331908
1416 5.55146694890618
1416 5.55146694890618
1416 5.55146694890618
1416 4.74067168734157
1416 0.819504629021085
1416 2.41903303706797
1416 3.19062413724463
1416 0
1416 4.87908372572933
1416 0
1416 0
1416 0.989830406148645
1416 0.989830406148645
1416 0
1416 10.1379970407855
1416 10.1379970407855
1416 10.1379970407855
1416 12.8482883713924
1416 0
1416 16.9139013425195
1416 690.589551069457
1416 0.173847294984795
1416 0.173847294984795
1416 5.082921374581
1416 5.082921374581
1416 0.54615229357528
1416 0.54615229357528
1416 0.54615229357528
1416 0.9940880668619
1416 0.9940880668619
1416 0.9940880668619
1416 1.59395212145284
1417 0
1417 8.7222025914412
1417 8.7222025914412
1417 8.7222025914412
1417 8.7222025914412
1417 0
1417 1.58523056055308
1417 1.58523056055308
1417 0
1417 0
1417 0
1417 0
1417 3.14136524331908
1417 5.55146694890618
1417 5.55146694890618
1417 5.55146694890618
1417 4.74067168734157
1417 0.819504629021085
1417 2.41903303706797
1417 3.19062413724463
1417 0
1417 4.87908372572933
1417 0
1417 0
1417 0.989830406148645
1417 0.989830406148645
1417 0
1417 10.1379970407855
1417 10.1379970407855
1417 10.1379970407855
1417 12.8482883713924
1417 0
1417 16.9139013425195
1417 690.589551069457
1417 0.173847294984795
1417 0.173847294984795
1417 5.082921374581
1417 5.082921374581
1417 0.54615229357528
1417 0.54615229357528
1417 0.54615229357528
1417 0.9940880668619
1417 0.9940880668619
1417 0.9940880668619
1417 1.59395212145284
1435 0
1435 8.7222025914412
1435 8.7222025914412
1435 8.7222025914412
1435 8.7222025914412
1435 0
1435 1.58523056055308
1435 1.58523056055308
1435 0
1435 0
1435 0
1435 0
1435 3.14136524331908
1435 5.55146694890618
1435 5.55146694890618
1435 5.55146694890618
1435 4.74067168734157
1435 0.819504629021085
1435 2.41903303706797
1435 3.19062413724463
1435 0
1435 4.87908372572933
1435 0
1435 0
1435 0.989830406148645
1435 0.989830406148645
1435 0
1435 10.1379970407855
1435 10.1379970407855
1435 10.1379970407855
1435 12.8482883713924
1435 0
1435 16.9139013425195
1435 690.589551069457
1435 0.173847294984795
1435 0.173847294984795
1435 5.082921374581
1435 5.082921374581
1435 0.54615229357528
1435 0.54615229357528
1435 0.54615229357528
1435 0.9940880668619
1435 0.9940880668619
1435 0.9940880668619
1435 1.59395212145284
1434 0
1434 8.7222025914412
1434 8.7222025914412
1434 8.7222025914412
1434 8.7222025914412
1434 0
1434 1.58523056055308
1434 1.58523056055308
1434 0
1434 0
1434 0
1434 0
1434 3.14136524331908
1434 5.55146694890618
1434 5.55146694890618
1434 5.55146694890618
1434 4.74067168734157
1434 0.819504629021085
1434 2.41903303706797
1434 3.19062413724463
1434 0
1434 4.87908372572933
1434 0
1434 0
1434 0.989830406148645
1434 0.989830406148645
1434 0
1434 10.1379970407855
1434 10.1379970407855
1434 10.1379970407855
1434 12.8482883713924
1434 0
1434 16.9139013425195
1434 690.589551069457
1434 0.173847294984795
1434 0.173847294984795
1434 5.082921374581
1434 5.082921374581
1434 0.54615229357528
1434 0.54615229357528
1434 0.54615229357528
1434 0.9940880668619
1434 0.9940880668619
1434 0.9940880668619
1434 1.59395212145284
1426 0
1426 8.7222025914412
1426 8.7222025914412
1426 8.7222025914412
1426 8.7222025914412
1426 0
1426 1.58523056055308
1426 1.58523056055308
1426 0
1426 0
1426 0
1426 0
1426 3.14136524331908
1426 5.55146694890618
1426 5.55146694890618
1426 5.55146694890618
1426 4.74067168734157
1426 0.819504629021085
1426 2.41903303706797
1426 3.19062413724463
1426 0
1426 4.87908372572933
1426 0
1426 0
1426 0.989830406148645
1426 0.989830406148645
1426 0
1426 10.1379970407855
1426 10.1379970407855
1426 10.1379970407855
1426 12.8482883713924
1426 0
1426 16.9139013425195
1426 690.589551069457
1426 0.173847294984795
1426 0.173847294984795
1426 5.082921374581
1426 5.082921374581
1426 0.54615229357528
1426 0.54615229357528
1426 0.54615229357528
1426 0.9940880668619
1426 0.9940880668619
1426 0.9940880668619
1426 1.59395212145284
1428 0
1428 8.7222025914412
1428 8.7222025914412
1428 8.7222025914412
1428 8.7222025914412
1428 0
1428 1.58523056055308
1428 1.58523056055308
1428 0
1428 0
1428 0
1428 0
1428 3.14136524331908
1428 5.55146694890618
1428 5.55146694890618
1428 5.55146694890618
1428 4.74067168734157
1428 0.819504629021085
1428 2.41903303706797
1428 3.19062413724463
1428 0
1428 4.87908372572933
1428 0
1428 0
1428 0.989830406148645
1428 0.989830406148645
1428 0
1428 10.1379970407855
1428 10.1379970407855
1428 10.1379970407855
1428 12.8482883713924
1428 0
1428 16.9139013425195
1428 690.589551069457
1428 0.173847294984795
1428 0.173847294984795
1428 5.082921374581
1428 5.082921374581
1428 0.54615229357528
1428 0.54615229357528
1428 0.54615229357528
1428 0.9940880668619
1428 0.9940880668619
1428 0.9940880668619
1428 1.59395212145284
1479 0
1479 8.7222025914412
1479 8.7222025914412
1479 8.7222025914412
1479 8.7222025914412
1479 0
1479 1.58523056055308
1479 1.58523056055308
1479 0
1479 0
1479 0
1479 0
1479 3.14136524331908
1479 5.55146694890618
1479 5.55146694890618
1479 5.55146694890618
1479 4.74067168734157
1479 0.819504629021085
1479 2.41903303706797
1479 3.19062413724463
1479 0
1479 4.87908372572933
1479 0
1479 0
1479 0.989830406148645
1479 0.989830406148645
1479 0
1479 10.1379970407855
1479 10.1379970407855
1479 10.1379970407855
1479 12.8482883713924
1479 0
1479 16.9139013425195
1479 690.589551069457
1479 0.173847294984795
1479 0.173847294984795
1479 5.082921374581
1479 5.082921374581
1479 0.54615229357528
1479 0.54615229357528
1479 0.54615229357528
1479 0.9940880668619
1479 0.9940880668619
1479 0.9940880668619
1479 1.59395212145284
1484 0
1484 8.7222025914412
1484 8.7222025914412
1484 8.7222025914412
1484 8.7222025914412
1484 0
1484 1.58523056055308
1484 1.58523056055308
1484 0
1484 0
1484 0
1484 0
1484 3.14136524331908
1484 5.55146694890618
1484 5.55146694890618
1484 5.55146694890618
1484 4.74067168734157
1484 0.819504629021085
1484 2.41903303706797
1484 3.19062413724463
1484 0
1484 4.87908372572933
1484 0
1484 0
1484 0.989830406148645
1484 0.989830406148645
1484 0
1484 10.1379970407855
1484 10.1379970407855
1484 10.1379970407855
1484 12.8482883713924
1484 0
1484 16.9139013425195
1484 690.589551069457
1484 0.173847294984795
1484 0.173847294984795
1484 5.082921374581
1484 5.082921374581
1484 0.54615229357528
1484 0.54615229357528
1484 0.54615229357528
1484 0.9940880668619
1484 0.9940880668619
1484 0.9940880668619
1484 1.59395212145284
1485 0
1485 8.7222025914412
1485 8.7222025914412
1485 8.7222025914412
1485 8.7222025914412
1485 0
1485 1.58523056055308
1485 1.58523056055308
1485 0
1485 0
1485 0
1485 0
1485 3.14136524331908
1485 5.55146694890618
1485 5.55146694890618
1485 5.55146694890618
1485 4.74067168734157
1485 0.819504629021085
1485 2.41903303706797
1485 3.19062413724463
1485 0
1485 4.87908372572933
1485 0
1485 0
1485 0.989830406148645
1485 0.989830406148645
1485 0
1485 10.1379970407855
1485 10.1379970407855
1485 10.1379970407855
1485 12.8482883713924
1485 0
1485 16.9139013425195
1485 690.589551069457
1485 0.173847294984795
1485 0.173847294984795
1485 5.082921374581
1485 5.082921374581
1485 0.54615229357528
1485 0.54615229357528
1485 0.54615229357528
1485 0.9940880668619
1485 0.9940880668619
1485 0.9940880668619
1485 1.59395212145284
1499 0
1499 8.7222025914412
1499 8.7222025914412
1499 8.7222025914412
1499 8.7222025914412
1499 0
1499 1.58523056055308
1499 1.58523056055308
1499 0
1499 0
1499 0
1499 0
1499 3.14136524331908
1499 5.55146694890618
1499 5.55146694890618
1499 5.55146694890618
1499 4.74067168734157
1499 0.819504629021085
1499 2.41903303706797
1499 3.19062413724463
1499 0
1499 4.87908372572933
1499 0
1499 0
1499 0.989830406148645
1499 0.989830406148645
1499 0
1499 10.1379970407855
1499 10.1379970407855
1499 10.1379970407855
1499 12.8482883713924
1499 0
1499 16.9139013425195
1499 690.589551069457
1499 0.173847294984795
1499 0.173847294984795
1499 5.082921374581
1499 5.082921374581
1499 0.54615229357528
1499 0.54615229357528
1499 0.54615229357528
1499 0.9940880668619
1499 0.9940880668619
1499 0.9940880668619
1499 1.59395212145284
1496 0
1496 8.7222025914412
1496 8.7222025914412
1496 8.7222025914412
1496 8.7222025914412
1496 0
1496 1.58523056055308
1496 1.58523056055308
1496 0
1496 0
1496 0
1496 0
1496 3.14136524331908
1496 5.55146694890618
1496 5.55146694890618
1496 5.55146694890618
1496 4.74067168734157
1496 0.819504629021085
1496 2.41903303706797
1496 3.19062413724463
1496 0
1496 4.87908372572933
1496 0
1496 0
1496 0.989830406148645
1496 0.989830406148645
1496 0
1496 10.1379970407855
1496 10.1379970407855
1496 10.1379970407855
1496 12.8482883713924
1496 0
1496 16.9139013425195
1496 690.589551069457
1496 0.173847294984795
1496 0.173847294984795
1496 5.082921374581
1496 5.082921374581
1496 0.54615229357528
1496 0.54615229357528
1496 0.54615229357528
1496 0.9940880668619
1496 0.9940880668619
1496 0.9940880668619
1496 1.59395212145284
1555 0
1555 8.7222025914412
1555 8.7222025914412
1555 8.7222025914412
1555 8.7222025914412
1555 0
1555 1.58523056055308
1555 1.58523056055308
1555 0
1555 0
1555 0
1555 0
1555 3.14136524331908
1555 5.55146694890618
1555 5.55146694890618
1555 5.55146694890618
1555 4.74067168734157
1555 0.819504629021085
1555 2.41903303706797
1555 3.19062413724463
1555 0
1555 4.87908372572933
1555 0
1555 0
1555 0.989830406148645
1555 0.989830406148645
1555 0
1555 10.1379970407855
1555 10.1379970407855
1555 10.1379970407855
1555 12.8482883713924
1555 0
1555 16.9139013425195
1555 690.589551069457
1555 0.173847294984795
1555 0.173847294984795
1555 5.082921374581
1555 5.082921374581
1555 0.54615229357528
1555 0.54615229357528
1555 0.54615229357528
1555 0.9940880668619
1555 0.9940880668619
1555 0.9940880668619
1555 1.59395212145284
1567 0
1567 8.7222025914412
1567 8.7222025914412
1567 8.7222025914412
1567 8.7222025914412
1567 0
1567 1.58523056055308
1567 1.58523056055308
1567 0
1567 0
1567 0
1567 0
1567 3.14136524331908
1567 5.55146694890618
1567 5.55146694890618
1567 5.55146694890618
1567 4.74067168734157
1567 0.819504629021085
1567 2.41903303706797
1567 3.19062413724463
1567 0
1567 4.87908372572933
1567 0
1567 0
1567 0.989830406148645
1567 0.989830406148645
1567 0
1567 10.1379970407855
1567 10.1379970407855
1567 10.1379970407855
1567 12.8482883713924
1567 0
1567 16.9139013425195
1567 690.589551069457
1567 0.173847294984795
1567 0.173847294984795
1567 5.082921374581
1567 5.082921374581
1567 0.54615229357528
1567 0.54615229357528
1567 0.54615229357528
1567 0.9940880668619
1567 0.9940880668619
1567 0.9940880668619
1567 1.59395212145284
1570 0
1570 8.7222025914412
1570 8.7222025914412
1570 8.7222025914412
1570 8.7222025914412
1570 0
1570 1.58523056055308
1570 1.58523056055308
1570 0
1570 0
1570 0
1570 0
1570 3.14136524331908
1570 5.55146694890618
1570 5.55146694890618
1570 5.55146694890618
1570 4.74067168734157
1570 0.819504629021085
1570 2.41903303706797
1570 3.19062413724463
1570 0
1570 4.87908372572933
1570 0
1570 0
1570 0.989830406148645
1570 0.989830406148645
1570 0
1570 10.1379970407855
1570 10.1379970407855
1570 10.1379970407855
1570 12.8482883713924
1570 0
1570 16.9139013425195
1570 690.589551069457
1570 0.173847294984795
1570 0.173847294984795
1570 5.082921374581
1570 5.082921374581
1570 0.54615229357528
1570 0.54615229357528
1570 0.54615229357528
1570 0.9940880668619
1570 0.9940880668619
1570 0.9940880668619
1570 1.59395212145284
1569 0
1569 8.7222025914412
1569 8.7222025914412
1569 8.7222025914412
1569 8.7222025914412
1569 0
1569 1.58523056055308
1569 1.58523056055308
1569 0
1569 0
1569 0
1569 0
1569 3.14136524331908
1569 5.55146694890618
1569 5.55146694890618
1569 5.55146694890618
1569 4.74067168734157
1569 0.819504629021085
1569 2.41903303706797
1569 3.19062413724463
1569 0
1569 4.87908372572933
1569 0
1569 0
1569 0.989830406148645
1569 0.989830406148645
1569 0
1569 10.1379970407855
1569 10.1379970407855
1569 10.1379970407855
1569 12.8482883713924
1569 0
1569 16.9139013425195
1569 690.589551069457
1569 0.173847294984795
1569 0.173847294984795
1569 5.082921374581
1569 5.082921374581
1569 0.54615229357528
1569 0.54615229357528
1569 0.54615229357528
1569 0.9940880668619
1569 0.9940880668619
1569 0.9940880668619
1569 1.59395212145284
1625 0
1625 8.7222025914412
1625 8.7222025914412
1625 8.7222025914412
1625 8.7222025914412
1625 0
1625 1.58523056055308
1625 1.58523056055308
1625 0
1625 0
1625 0
1625 0
1625 3.14136524331908
1625 5.55146694890618
1625 5.55146694890618
1625 5.55146694890618
1625 4.74067168734157
1625 0.819504629021085
1625 2.41903303706797
1625 3.19062413724463
1625 0
1625 4.87908372572933
1625 0
1625 0
1625 0.989830406148645
1625 0.989830406148645
1625 0
1625 10.1379970407855
1625 10.1379970407855
1625 10.1379970407855
1625 12.8482883713924
1625 0
1625 16.9139013425195
1625 690.589551069457
1625 0.173847294984795
1625 0.173847294984795
1625 5.082921374581
1625 5.082921374581
1625 0.54615229357528
1625 0.54615229357528
1625 0.54615229357528
1625 0.9940880668619
1625 0.9940880668619
1625 0.9940880668619
1625 1.59395212145284
1644 0
1644 8.7222025914412
1644 8.7222025914412
1644 8.7222025914412
1644 8.7222025914412
1644 0
1644 1.58523056055308
1644 1.58523056055308
1644 0
1644 0
1644 0
1644 0
1644 3.14136524331908
1644 5.55146694890618
1644 5.55146694890618
1644 5.55146694890618
1644 4.74067168734157
1644 0.819504629021085
1644 2.41903303706797
1644 3.19062413724463
1644 0
1644 4.87908372572933
1644 0
1644 0
1644 0.989830406148645
1644 0.989830406148645
1644 0
1644 10.1379970407855
1644 10.1379970407855
1644 10.1379970407855
1644 12.8482883713924
1644 0
1644 16.9139013425195
1644 690.589551069457
1644 0.173847294984795
1644 0.173847294984795
1644 5.082921374581
1644 5.082921374581
1644 0.54615229357528
1644 0.54615229357528
1644 0.54615229357528
1644 0.9940880668619
1644 0.9940880668619
1644 0.9940880668619
1644 1.59395212145284
1638 0
1638 8.7222025914412
1638 8.7222025914412
1638 8.7222025914412
1638 8.7222025914412
1638 0
1638 1.58523056055308
1638 1.58523056055308
1638 0
1638 0
1638 0
1638 0
1638 3.14136524331908
1638 5.55146694890618
1638 5.55146694890618
1638 5.55146694890618
1638 4.74067168734157
1638 0.819504629021085
1638 2.41903303706797
1638 3.19062413724463
1638 0
1638 4.87908372572933
1638 0
1638 0
1638 0.989830406148645
1638 0.989830406148645
1638 0
1638 10.1379970407855
1638 10.1379970407855
1638 10.1379970407855
1638 12.8482883713924
1638 0
1638 16.9139013425195
1638 690.589551069457
1638 0.173847294984795
1638 0.173847294984795
1638 5.082921374581
1638 5.082921374581
1638 0.54615229357528
1638 0.54615229357528
1638 0.54615229357528
1638 0.9940880668619
1638 0.9940880668619
1638 0.9940880668619
1638 1.59395212145284
