pt_graph shape
3 1
3 1
3 1
3 1
3 1
3 1
3 1
3 1
3 1
3 1
3 1
3 1
3 1
3 1
3 1
3 1
3 1
3 1
3 1
3 1
3 1
3 1
3 1
3 1
3 1
3 1
3 1
3 1
3 1
3 1
3 1
3 1
3 1
3 1
3 1
3 1
3 1
3 1
3 1
3 1
3 1
3 1
3 1
3 1
3 1
4 1
4 1
4 1
4 1
4 1
4 1
4 1
4 1
4 1
4 1
4 1
4 1
4 1
4 1
4 1
4 1
4 1
4 1
4 1
4 1
4 1
4 1
4 1
4 1
4 1
4 1
4 1
4 1
4 1
4 1
4 1
4 1
4 1
4 1
4 1
4 1
4 1
4 1
4 1
4 1
4 1
4 1
4 1
4 1
4 1
6 1
6 1
6 1
6 1
6 1
6 1
6 1
6 1
6 1
6 1
6 1
6 1
6 1
6 1
6 1
6 1
6 1
6 1
6 1
6 1
6 1
6 1
6 1
6 1
6 1
6 1
6 1
6 1
6 1
6 1
6 1
6 1
6 1
6 1
6 1
6 1
6 1
6 1
6 1
6 1
6 1
6 1
6 1
6 1
6 1
12 1
12 1
12 1
12 1
12 1
12 1
12 1
12 1
12 1
12 1
12 1
12 1
12 1
12 1
12 1
12 1
12 1
12 1
12 1
12 1
12 1
12 1
12 1
12 1
12 1
12 1
12 1
12 1
12 1
12 1
12 1
12 1
12 1
12 1
12 1
12 1
12 1
12 1
12 1
12 1
12 1
12 1
12 1
12 1
12 1
15 1
15 1
15 1
15 1
15 1
15 1
15 1
15 1
15 1
15 1
15 1
15 1
15 1
15 1
15 1
15 1
15 1
15 1
15 1
15 1
15 1
15 1
15 1
15 1
15 1
15 1
15 1
15 1
15 1
15 1
15 1
15 1
15 1
15 1
15 1
15 1
15 1
15 1
15 1
15 1
15 1
15 1
15 1
15 1
15 1
36 1
36 1
36 1
36 1
36 1
36 1
36 1
36 1
36 1
36 1
36 1
36 1
36 1
36 1
36 1
36 1
36 1
36 1
36 1
36 1
36 1
36 1
36 1
36 1
36 1
36 1
36 1
36 1
36 1
36 1
36 1
36 1
36 1
36 1
36 1
36 1
36 1
36 1
36 1
36 1
36 1
36 1
36 1
36 1
36 1
41 1
41 1
41 1
41 1
41 1
41 1
41 1
41 1
41 1
41 1
41 1
41 1
41 1
41 1
41 1
41 1
41 1
41 1
41 1
41 1
41 1
41 1
41 1
41 1
41 1
41 1
41 1
41 1
41 1
41 1
41 1
41 1
41 1
41 1
41 1
41 1
41 1
41 1
41 1
41 1
41 1
41 1
41 1
41 1
41 1
42 1
42 1
42 1
42 1
42 1
42 1
42 1
42 1
42 1
42 1
42 1
42 1
42 1
42 1
42 1
42 1
42 1
42 1
42 1
42 1
42 1
42 1
42 1
42 1
42 1
42 1
42 1
42 1
42 1
42 1
42 1
42 1
42 1
42 1
42 1
42 1
42 1
42 1
42 1
42 1
42 1
42 1
42 1
42 1
42 1
45 1
45 1
45 1
45 1
45 1
45 1
45 1
45 1
45 1
45 1
45 1
45 1
45 1
45 1
45 1
45 1
45 1
45 1
45 1
45 1
45 1
45 1
45 1
45 1
45 1
45 1
45 1
45 1
45 1
45 1
45 1
45 1
45 1
45 1
45 1
45 1
45 1
45 1
45 1
45 1
45 1
45 1
45 1
45 1
45 1
49 1
49 1
49 1
49 1
49 1
49 1
49 1
49 1
49 1
49 1
49 1
49 1
49 1
49 1
49 1
49 1
49 1
49 1
49 1
49 1
49 1
49 1
49 1
49 1
49 1
49 1
49 1
49 1
49 1
49 1
49 1
49 1
49 1
49 1
49 1
49 1
49 1
49 1
49 1
49 1
49 1
49 1
49 1
49 1
49 1
55 1
55 1
55 1
55 1
55 1
55 1
55 1
55 1
55 1
55 1
55 1
55 1
55 1
55 1
55 1
55 1
55 1
55 1
55 1
55 1
55 1
55 1
55 1
55 1
55 1
55 1
55 1
55 1
55 1
55 1
55 1
55 1
55 1
55 1
55 1
55 1
55 1
55 1
55 1
55 1
55 1
55 1
55 1
55 1
55 1
56 1
56 1
56 1
56 1
56 1
56 1
56 1
56 1
56 1
56 1
56 1
56 1
56 1
56 1
56 1
56 1
56 1
56 1
56 1
56 1
56 1
56 1
56 1
56 1
56 1
56 1
56 1
56 1
56 1
56 1
56 1
56 1
56 1
56 1
56 1
56 1
56 1
56 1
56 1
56 1
56 1
56 1
56 1
56 1
56 1
63 1
63 1
63 1
63 1
63 1
63 1
63 1
63 1
63 1
63 1
63 1
63 1
63 1
63 1
63 1
63 1
63 1
63 1
63 1
63 1
63 1
63 1
63 1
63 1
63 1
63 1
63 1
63 1
63 1
63 1
63 1
63 1
63 1
63 1
63 1
63 1
63 1
63 1
63 1
63 1
63 1
63 1
63 1
63 1
63 1
65 1
65 1
65 1
65 1
65 1
65 1
65 1
65 1
65 1
65 1
65 1
65 1
65 1
65 1
65 1
65 1
65 1
65 1
65 1
65 1
65 1
65 1
65 1
65 1
65 1
65 1
65 1
65 1
65 1
65 1
65 1
65 1
65 1
65 1
65 1
65 1
65 1
65 1
65 1
65 1
65 1
65 1
65 1
65 1
65 1
99 1
99 1
99 1
99 1
99 1
99 1
99 1
99 1
99 1
99 1
99 1
99 1
99 1
99 1
99 1
99 1
99 1
99 1
99 1
99 1
99 1
99 1
99 1
99 1
99 1
99 1
99 1
99 1
99 1
99 1
99 1
99 1
99 1
99 1
99 1
99 1
99 1
99 1
99 1
99 1
99 1
99 1
99 1
99 1
99 1
112 1
112 1
112 1
112 1
112 1
112 1
112 1
112 1
112 1
112 1
112 1
112 1
112 1
112 1
112 1
112 1
112 1
112 1
112 1
112 1
112 1
112 1
112 1
112 1
112 1
112 1
112 1
112 1
112 1
112 1
112 1
112 1
112 1
112 1
112 1
112 1
112 1
112 1
112 1
112 1
112 1
112 1
112 1
112 1
112 1
123 1
123 1
123 1
123 1
123 1
123 1
123 1
123 1
123 1
123 1
123 1
123 1
123 1
123 1
123 1
123 1
123 1
123 1
123 1
123 1
123 1
123 1
123 1
123 1
123 1
123 1
123 1
123 1
123 1
123 1
123 1
123 1
123 1
123 1
123 1
123 1
123 1
123 1
123 1
123 1
123 1
123 1
123 1
123 1
123 1
130 1
130 1
130 1
130 1
130 1
130 1
130 1
130 1
130 1
130 1
130 1
130 1
130 1
130 1
130 1
130 1
130 1
130 1
130 1
130 1
130 1
130 1
130 1
130 1
130 1
130 1
130 1
130 1
130 1
130 1
130 1
130 1
130 1
130 1
130 1
130 1
130 1
130 1
130 1
130 1
130 1
130 1
130 1
130 1
130 1
133 1
133 1
133 1
133 1
133 1
133 1
133 1
133 1
133 1
133 1
133 1
133 1
133 1
133 1
133 1
133 1
133 1
133 1
133 1
133 1
133 1
133 1
133 1
133 1
133 1
133 1
133 1
133 1
133 1
133 1
133 1
133 1
133 1
133 1
133 1
133 1
133 1
133 1
133 1
133 1
133 1
133 1
133 1
133 1
133 1
138 1
138 1
138 1
138 1
138 1
138 1
138 1
138 1
138 1
138 1
138 1
138 1
138 1
138 1
138 1
138 1
138 1
138 1
138 1
138 1
138 1
138 1
138 1
138 1
138 1
138 1
138 1
138 1
138 1
138 1
138 1
138 1
138 1
138 1
138 1
138 1
138 1
138 1
138 1
138 1
138 1
138 1
138 1
138 1
138 1
151 1
151 1
151 1
151 1
151 1
151 1
151 1
151 1
151 1
151 1
151 1
151 1
151 1
151 1
151 1
151 1
151 1
151 1
151 1
151 1
151 1
151 1
151 1
151 1
151 1
151 1
151 1
151 1
151 1
151 1
151 1
151 1
151 1
151 1
151 1
151 1
151 1
151 1
151 1
151 1
151 1
151 1
151 1
151 1
151 1
152 1
152 1
152 1
152 1
152 1
152 1
152 1
152 1
152 1
152 1
152 1
152 1
152 1
152 1
152 1
152 1
152 1
152 1
152 1
152 1
152 1
152 1
152 1
152 1
152 1
152 1
152 1
152 1
152 1
152 1
152 1
152 1
152 1
152 1
152 1
152 1
152 1
152 1
152 1
152 1
152 1
152 1
152 1
152 1
152 1
155 1
155 1
155 1
155 1
155 1
155 1
155 1
155 1
155 1
155 1
155 1
155 1
155 1
155 1
155 1
155 1
155 1
155 1
155 1
155 1
155 1
155 1
155 1
155 1
155 1
155 1
155 1
155 1
155 1
155 1
155 1
155 1
155 1
155 1
155 1
155 1
155 1
155 1
155 1
155 1
155 1
155 1
155 1
155 1
155 1
173 1
173 1
173 1
173 1
173 1
173 1
173 1
173 1
173 1
173 1
173 1
173 1
173 1
173 1
173 1
173 1
173 1
173 1
173 1
173 1
173 1
173 1
173 1
173 1
173 1
173 1
173 1
173 1
173 1
173 1
173 1
173 1
173 1
173 1
173 1
173 1
173 1
173 1
173 1
173 1
173 1
173 1
173 1
173 1
173 1
190 1
190 1
190 1
190 1
190 1
190 1
190 1
190 1
190 1
190 1
190 1
190 1
190 1
190 1
190 1
190 1
190 1
190 1
190 1
190 1
190 1
190 1
190 1
190 1
190 1
190 1
190 1
190 1
190 1
190 1
190 1
190 1
190 1
190 1
190 1
190 1
190 1
190 1
190 1
190 1
190 1
190 1
190 1
190 1
190 1
192 1
192 1
192 1
192 1
192 1
192 1
192 1
192 1
192 1
192 1
192 1
192 1
192 1
192 1
192 1
192 1
192 1
192 1
192 1
192 1
192 1
192 1
192 1
192 1
192 1
192 1
192 1
192 1
192 1
192 1
192 1
192 1
192 1
192 1
192 1
192 1
192 1
192 1
192 1
192 1
192 1
192 1
192 1
192 1
192 1
214 1
214 1
214 1
214 1
214 1
214 1
214 1
214 1
214 1
214 1
214 1
214 1
214 1
214 1
214 1
214 1
214 1
214 1
214 1
214 1
214 1
214 1
214 1
214 1
214 1
214 1
214 1
214 1
214 1
214 1
214 1
214 1
214 1
214 1
214 1
214 1
214 1
214 1
214 1
214 1
214 1
214 1
214 1
214 1
214 1
230 1
230 1
230 1
230 1
230 1
230 1
230 1
230 1
230 1
230 1
230 1
230 1
230 1
230 1
230 1
230 1
230 1
230 1
230 1
230 1
230 1
230 1
230 1
230 1
230 1
230 1
230 1
230 1
230 1
230 1
230 1
230 1
230 1
230 1
230 1
230 1
230 1
230 1
230 1
230 1
230 1
230 1
230 1
230 1
230 1
271 1
271 1
271 1
271 1
271 1
271 1
271 1
271 1
271 1
271 1
271 1
271 1
271 1
271 1
271 1
271 1
271 1
271 1
271 1
271 1
271 1
271 1
271 1
271 1
271 1
271 1
271 1
271 1
271 1
271 1
271 1
271 1
271 1
271 1
271 1
271 1
271 1
271 1
271 1
271 1
271 1
271 1
271 1
271 1
271 1
293 1
293 1
293 1
293 1
293 1
293 1
293 1
293 1
293 1
293 1
293 1
293 1
293 1
293 1
293 1
293 1
293 1
293 1
293 1
293 1
293 1
293 1
293 1
293 1
293 1
293 1
293 1
293 1
293 1
293 1
293 1
293 1
293 1
293 1
293 1
293 1
293 1
293 1
293 1
293 1
293 1
293 1
293 1
293 1
293 1
361 1
361 1
361 1
361 1
361 1
361 1
361 1
361 1
361 1
361 1
361 1
361 1
361 1
361 1
361 1
361 1
361 1
361 1
361 1
361 1
361 1
361 1
361 1
361 1
361 1
361 1
361 1
361 1
361 1
361 1
361 1
361 1
361 1
361 1
361 1
361 1
361 1
361 1
361 1
361 1
361 1
361 1
361 1
361 1
361 1
538 1
538 1
538 1
538 1
538 1
538 1
538 1
538 1
538 1
538 1
538 1
538 1
538 1
538 1
538 1
538 1
538 1
538 1
538 1
538 1
538 1
538 1
538 1
538 1
538 1
538 1
538 1
538 1
538 1
538 1
538 1
538 1
538 1
538 1
538 1
538 1
538 1
538 1
538 1
538 1
538 1
538 1
538 1
538 1
538 1
547 1
547 1
547 1
547 1
547 1
547 1
547 1
547 1
547 1
547 1
547 1
547 1
547 1
547 1
547 1
547 1
547 1
547 1
547 1
547 1
547 1
547 1
547 1
547 1
547 1
547 1
547 1
547 1
547 1
547 1
547 1
547 1
547 1
547 1
547 1
547 1
547 1
547 1
547 1
547 1
547 1
547 1
547 1
547 1
547 1
551 1
551 1
551 1
551 1
551 1
551 1
551 1
551 1
551 1
551 1
551 1
551 1
551 1
551 1
551 1
551 1
551 1
551 1
551 1
551 1
551 1
551 1
551 1
551 1
551 1
551 1
551 1
551 1
551 1
551 1
551 1
551 1
551 1
551 1
551 1
551 1
551 1
551 1
551 1
551 1
551 1
551 1
551 1
551 1
551 1
769 1
769 1
769 1
769 1
769 1
769 1
769 1
769 1
769 1
769 1
769 1
769 1
769 1
769 1
769 1
769 1
769 1
769 1
769 1
769 1
769 1
769 1
769 1
769 1
769 1
769 1
769 1
769 1
769 1
769 1
769 1
769 1
769 1
769 1
769 1
769 1
769 1
769 1
769 1
769 1
769 1
769 1
769 1
769 1
769 1
1245 1
1245 1
1245 1
1245 1
1245 1
1245 1
1245 1
1245 1
1245 1
1245 1
1245 1
1245 1
1245 1
1245 1
1245 1
1245 1
1245 1
1245 1
1245 1
1245 1
1245 1
1245 1
1245 1
1245 1
1245 1
1245 1
1245 1
1245 1
1245 1
1245 1
1245 1
1245 1
1245 1
1245 1
1245 1
1245 1
1245 1
1245 1
1245 1
1245 1
1245 1
1245 1
1245 1
1245 1
1245 1
1475 1
1475 1
1475 1
1475 1
1475 1
1475 1
1475 1
1475 1
1475 1
1475 1
1475 1
1475 1
1475 1
1475 1
1475 1
1475 1
1475 1
1475 1
1475 1
1475 1
1475 1
1475 1
1475 1
1475 1
1475 1
1475 1
1475 1
1475 1
1475 1
1475 1
1475 1
1475 1
1475 1
1475 1
1475 1
1475 1
1475 1
1475 1
1475 1
1475 1
1475 1
1475 1
1475 1
1475 1
1475 1
1476 1
1476 1
1476 1
1476 1
1476 1
1476 1
1476 1
1476 1
1476 1
1476 1
1476 1
1476 1
1476 1
1476 1
1476 1
1476 1
1476 1
1476 1
1476 1
1476 1
1476 1
1476 1
1476 1
1476 1
1476 1
1476 1
1476 1
1476 1
1476 1
1476 1
1476 1
1476 1
1476 1
1476 1
1476 1
1476 1
1476 1
1476 1
1476 1
1476 1
1476 1
1476 1
1476 1
1476 1
1476 1
1547 1
1547 1
1547 1
1547 1
1547 1
1547 1
1547 1
1547 1
1547 1
1547 1
1547 1
1547 1
1547 1
1547 1
1547 1
1547 1
1547 1
1547 1
1547 1
1547 1
1547 1
1547 1
1547 1
1547 1
1547 1
1547 1
1547 1
1547 1
1547 1
1547 1
1547 1
1547 1
1547 1
1547 1
1547 1
1547 1
1547 1
1547 1
1547 1
1547 1
1547 1
1547 1
1547 1
1547 1
1547 1
1621 1
1621 1
1621 1
1621 1
1621 1
1621 1
1621 1
1621 1
1621 1
1621 1
1621 1
1621 1
1621 1
1621 1
1621 1
1621 1
1621 1
1621 1
1621 1
1621 1
1621 1
1621 1
1621 1
1621 1
1621 1
1621 1
1621 1
1621 1
1621 1
1621 1
1621 1
1621 1
1621 1
1621 1
1621 1
1621 1
1621 1
1621 1
1621 1
1621 1
1621 1
1621 1
1621 1
1621 1
1621 1
1683 1
1683 1
1683 1
1683 1
1683 1
1683 1
1683 1
1683 1
1683 1
1683 1
1683 1
1683 1
1683 1
1683 1
1683 1
1683 1
1683 1
1683 1
1683 1
1683 1
1683 1
1683 1
1683 1
1683 1
1683 1
1683 1
1683 1
1683 1
1683 1
1683 1
1683 1
1683 1
1683 1
1683 1
1683 1
1683 1
1683 1
1683 1
1683 1
1683 1
1683 1
1683 1
1683 1
1683 1
1683 1
1834 1
1834 1
1834 1
1834 1
1834 1
1834 1
1834 1
1834 1
1834 1
1834 1
1834 1
1834 1
1834 1
1834 1
1834 1
1834 1
1834 1
1834 1
1834 1
1834 1
1834 1
1834 1
1834 1
1834 1
1834 1
1834 1
1834 1
1834 1
1834 1
1834 1
1834 1
1834 1
1834 1
1834 1
1834 1
1834 1
1834 1
1834 1
1834 1
1834 1
1834 1
1834 1
1834 1
1834 1
1834 1
1914 1
1914 1
1914 1
1914 1
1914 1
1914 1
1914 1
1914 1
1914 1
1914 1
1914 1
1914 1
1914 1
1914 1
1914 1
1914 1
1914 1
1914 1
1914 1
1914 1
1914 1
1914 1
1914 1
1914 1
1914 1
1914 1
1914 1
1914 1
1914 1
1914 1
1914 1
1914 1
1914 1
1914 1
1914 1
1914 1
1914 1
1914 1
1914 1
1914 1
1914 1
1914 1
1914 1
1914 1
1914 1
1915 1
1915 1
1915 1
1915 1
1915 1
1915 1
1915 1
1915 1
1915 1
1915 1
1915 1
1915 1
1915 1
1915 1
1915 1
1915 1
1915 1
1915 1
1915 1
1915 1
1915 1
1915 1
1915 1
1915 1
1915 1
1915 1
1915 1
1915 1
1915 1
1915 1
1915 1
1915 1
1915 1
1915 1
1915 1
1915 1
1915 1
1915 1
1915 1
1915 1
1915 1
1915 1
1915 1
1915 1
1915 1
1997 1
1997 1
1997 1
1997 1
1997 1
1997 1
1997 1
1997 1
1997 1
1997 1
1997 1
1997 1
1997 1
1997 1
1997 1
1997 1
1997 1
1997 1
1997 1
1997 1
1997 1
1997 1
1997 1
1997 1
1997 1
1997 1
1997 1
1997 1
1997 1
1997 1
1997 1
1997 1
1997 1
1997 1
1997 1
1997 1
1997 1
1997 1
1997 1
1997 1
1997 1
1997 1
1997 1
1997 1
1997 1
2486 1
2486 1
2486 1
2486 1
2486 1
2486 1
2486 1
2486 1
2486 1
2486 1
2486 1
2486 1
2486 1
2486 1
2486 1
2486 1
2486 1
2486 1
2486 1
2486 1
2486 1
2486 1
2486 1
2486 1
2486 1
2486 1
2486 1
2486 1
2486 1
2486 1
2486 1
2486 1
2486 1
2486 1
2486 1
2486 1
2486 1
2486 1
2486 1
2486 1
2486 1
2486 1
2486 1
2486 1
2486 1
2487 1
2487 1
2487 1
2487 1
2487 1
2487 1
2487 1
2487 1
2487 1
2487 1
2487 1
2487 1
2487 1
2487 1
2487 1
2487 1
2487 1
2487 1
2487 1
2487 1
2487 1
2487 1
2487 1
2487 1
2487 1
2487 1
2487 1
2487 1
2487 1
2487 1
2487 1
2487 1
2487 1
2487 1
2487 1
2487 1
2487 1
2487 1
2487 1
2487 1
2487 1
2487 1
2487 1
2487 1
2487 1
2529 1
2529 1
2529 1
2529 1
2529 1
2529 1
2529 1
2529 1
2529 1
2529 1
2529 1
2529 1
2529 1
2529 1
2529 1
2529 1
2529 1
2529 1
2529 1
2529 1
2529 1
2529 1
2529 1
2529 1
2529 1
2529 1
2529 1
2529 1
2529 1
2529 1
2529 1
2529 1
2529 1
2529 1
2529 1
2529 1
2529 1
2529 1
2529 1
2529 1
2529 1
2529 1
2529 1
2529 1
2529 1
2501 1
2501 1
2501 1
2501 1
2501 1
2501 1
2501 1
2501 1
2501 1
2501 1
2501 1
2501 1
2501 1
2501 1
2501 1
2501 1
2501 1
2501 1
2501 1
2501 1
2501 1
2501 1
2501 1
2501 1
2501 1
2501 1
2501 1
2501 1
2501 1
2501 1
2501 1
2501 1
2501 1
2501 1
2501 1
2501 1
2501 1
2501 1
2501 1
2501 1
2501 1
2501 1
2501 1
2501 1
2501 1
2566 1
2566 1
2566 1
2566 1
2566 1
2566 1
2566 1
2566 1
2566 1
2566 1
2566 1
2566 1
2566 1
2566 1
2566 1
2566 1
2566 1
2566 1
2566 1
2566 1
2566 1
2566 1
2566 1
2566 1
2566 1
2566 1
2566 1
2566 1
2566 1
2566 1
2566 1
2566 1
2566 1
2566 1
2566 1
2566 1
2566 1
2566 1
2566 1
2566 1
2566 1
2566 1
2566 1
2566 1
2566 1
2650 1
2650 1
2650 1
2650 1
2650 1
2650 1
2650 1
2650 1
2650 1
2650 1
2650 1
2650 1
2650 1
2650 1
2650 1
2650 1
2650 1
2650 1
2650 1
2650 1
2650 1
2650 1
2650 1
2650 1
2650 1
2650 1
2650 1
2650 1
2650 1
2650 1
2650 1
2650 1
2650 1
2650 1
2650 1
2650 1
2650 1
2650 1
2650 1
2650 1
2650 1
2650 1
2650 1
2650 1
2650 1
2652 1
2652 1
2652 1
2652 1
2652 1
2652 1
2652 1
2652 1
2652 1
2652 1
2652 1
2652 1
2652 1
2652 1
2652 1
2652 1
2652 1
2652 1
2652 1
2652 1
2652 1
2652 1
2652 1
2652 1
2652 1
2652 1
2652 1
2652 1
2652 1
2652 1
2652 1
2652 1
2652 1
2652 1
2652 1
2652 1
2652 1
2652 1
2652 1
2652 1
2652 1
2652 1
2652 1
2652 1
2652 1
2693 1
2693 1
2693 1
2693 1
2693 1
2693 1
2693 1
2693 1
2693 1
2693 1
2693 1
2693 1
2693 1
2693 1
2693 1
2693 1
2693 1
2693 1
2693 1
2693 1
2693 1
2693 1
2693 1
2693 1
2693 1
2693 1
2693 1
2693 1
2693 1
2693 1
2693 1
2693 1
2693 1
2693 1
2693 1
2693 1
2693 1
2693 1
2693 1
2693 1
2693 1
2693 1
2693 1
2693 1
2693 1
2667 1
2667 1
2667 1
2667 1
2667 1
2667 1
2667 1
2667 1
2667 1
2667 1
2667 1
2667 1
2667 1
2667 1
2667 1
2667 1
2667 1
2667 1
2667 1
2667 1
2667 1
2667 1
2667 1
2667 1
2667 1
2667 1
2667 1
2667 1
2667 1
2667 1
2667 1
2667 1
2667 1
2667 1
2667 1
2667 1
2667 1
2667 1
2667 1
2667 1
2667 1
2667 1
2667 1
2667 1
2667 1
2732 1
2732 1
2732 1
2732 1
2732 1
2732 1
2732 1
2732 1
2732 1
2732 1
2732 1
2732 1
2732 1
2732 1
2732 1
2732 1
2732 1
2732 1
2732 1
2732 1
2732 1
2732 1
2732 1
2732 1
2732 1
2732 1
2732 1
2732 1
2732 1
2732 1
2732 1
2732 1
2732 1
2732 1
2732 1
2732 1
2732 1
2732 1
2732 1
2732 1
2732 1
2732 1
2732 1
2732 1
2732 1
2734 1
2734 1
2734 1
2734 1
2734 1
2734 1
2734 1
2734 1
2734 1
2734 1
2734 1
2734 1
2734 1
2734 1
2734 1
2734 1
2734 1
2734 1
2734 1
2734 1
2734 1
2734 1
2734 1
2734 1
2734 1
2734 1
2734 1
2734 1
2734 1
2734 1
2734 1
2734 1
2734 1
2734 1
2734 1
2734 1
2734 1
2734 1
2734 1
2734 1
2734 1
2734 1
2734 1
2734 1
2734 1
2735 1
2735 1
2735 1
2735 1
2735 1
2735 1
2735 1
2735 1
2735 1
2735 1
2735 1
2735 1
2735 1
2735 1
2735 1
2735 1
2735 1
2735 1
2735 1
2735 1
2735 1
2735 1
2735 1
2735 1
2735 1
2735 1
2735 1
2735 1
2735 1
2735 1
2735 1
2735 1
2735 1
2735 1
2735 1
2735 1
2735 1
2735 1
2735 1
2735 1
2735 1
2735 1
2735 1
2735 1
2735 1
2775 1
2775 1
2775 1
2775 1
2775 1
2775 1
2775 1
2775 1
2775 1
2775 1
2775 1
2775 1
2775 1
2775 1
2775 1
2775 1
2775 1
2775 1
2775 1
2775 1
2775 1
2775 1
2775 1
2775 1
2775 1
2775 1
2775 1
2775 1
2775 1
2775 1
2775 1
2775 1
2775 1
2775 1
2775 1
2775 1
2775 1
2775 1
2775 1
2775 1
2775 1
2775 1
2775 1
2775 1
2775 1
2816 1
2816 1
2816 1
2816 1
2816 1
2816 1
2816 1
2816 1
2816 1
2816 1
2816 1
2816 1
2816 1
2816 1
2816 1
2816 1
2816 1
2816 1
2816 1
2816 1
2816 1
2816 1
2816 1
2816 1
2816 1
2816 1
2816 1
2816 1
2816 1
2816 1
2816 1
2816 1
2816 1
2816 1
2816 1
2816 1
2816 1
2816 1
2816 1
2816 1
2816 1
2816 1
2816 1
2816 1
2816 1
2834 1
2834 1
2834 1
2834 1
2834 1
2834 1
2834 1
2834 1
2834 1
2834 1
2834 1
2834 1
2834 1
2834 1
2834 1
2834 1
2834 1
2834 1
2834 1
2834 1
2834 1
2834 1
2834 1
2834 1
2834 1
2834 1
2834 1
2834 1
2834 1
2834 1
2834 1
2834 1
2834 1
2834 1
2834 1
2834 1
2834 1
2834 1
2834 1
2834 1
2834 1
2834 1
2834 1
2834 1
2834 1
2894 1
2894 1
2894 1
2894 1
2894 1
2894 1
2894 1
2894 1
2894 1
2894 1
2894 1
2894 1
2894 1
2894 1
2894 1
2894 1
2894 1
2894 1
2894 1
2894 1
2894 1
2894 1
2894 1
2894 1
2894 1
2894 1
2894 1
2894 1
2894 1
2894 1
2894 1
2894 1
2894 1
2894 1
2894 1
2894 1
2894 1
2894 1
2894 1
2894 1
2894 1
2894 1
2894 1
2894 1
2894 1
2899 1
2899 1
2899 1
2899 1
2899 1
2899 1
2899 1
2899 1
2899 1
2899 1
2899 1
2899 1
2899 1
2899 1
2899 1
2899 1
2899 1
2899 1
2899 1
2899 1
2899 1
2899 1
2899 1
2899 1
2899 1
2899 1
2899 1
2899 1
2899 1
2899 1
2899 1
2899 1
2899 1
2899 1
2899 1
2899 1
2899 1
2899 1
2899 1
2899 1
2899 1
2899 1
2899 1
2899 1
2899 1
2911 1
2911 1
2911 1
2911 1
2911 1
2911 1
2911 1
2911 1
2911 1
2911 1
2911 1
2911 1
2911 1
2911 1
2911 1
2911 1
2911 1
2911 1
2911 1
2911 1
2911 1
2911 1
2911 1
2911 1
2911 1
2911 1
2911 1
2911 1
2911 1
2911 1
2911 1
2911 1
2911 1
2911 1
2911 1
2911 1
2911 1
2911 1
2911 1
2911 1
2911 1
2911 1
2911 1
2911 1
2911 1
2965 1
2965 1
2965 1
2965 1
2965 1
2965 1
2965 1
2965 1
2965 1
2965 1
2965 1
2965 1
2965 1
2965 1
2965 1
2965 1
2965 1
2965 1
2965 1
2965 1
2965 1
2965 1
2965 1
2965 1
2965 1
2965 1
2965 1
2965 1
2965 1
2965 1
2965 1
2965 1
2965 1
2965 1
2965 1
2965 1
2965 1
2965 1
2965 1
2965 1
2965 1
2965 1
2965 1
2965 1
2965 1
2966 1
2966 1
2966 1
2966 1
2966 1
2966 1
2966 1
2966 1
2966 1
2966 1
2966 1
2966 1
2966 1
2966 1
2966 1
2966 1
2966 1
2966 1
2966 1
2966 1
2966 1
2966 1
2966 1
2966 1
2966 1
2966 1
2966 1
2966 1
2966 1
2966 1
2966 1
2966 1
2966 1
2966 1
2966 1
2966 1
2966 1
2966 1
2966 1
2966 1
2966 1
2966 1
2966 1
2966 1
2966 1
2974 1
2974 1
2974 1
2974 1
2974 1
2974 1
2974 1
2974 1
2974 1
2974 1
2974 1
2974 1
2974 1
2974 1
2974 1
2974 1
2974 1
2974 1
2974 1
2974 1
2974 1
2974 1
2974 1
2974 1
2974 1
2974 1
2974 1
2974 1
2974 1
2974 1
2974 1
2974 1
2974 1
2974 1
2974 1
2974 1
2974 1
2974 1
2974 1
2974 1
2974 1
2974 1
2974 1
2974 1
2974 1
3086 1
3086 1
3086 1
3086 1
3086 1
3086 1
3086 1
3086 1
3086 1
3086 1
3086 1
3086 1
3086 1
3086 1
3086 1
3086 1
3086 1
3086 1
3086 1
3086 1
3086 1
3086 1
3086 1
3086 1
3086 1
3086 1
3086 1
3086 1
3086 1
3086 1
3086 1
3086 1
3086 1
3086 1
3086 1
3086 1
3086 1
3086 1
3086 1
3086 1
3086 1
3086 1
3086 1
3086 1
3086 1
3085 1
3085 1
3085 1
3085 1
3085 1
3085 1
3085 1
3085 1
3085 1
3085 1
3085 1
3085 1
3085 1
3085 1
3085 1
3085 1
3085 1
3085 1
3085 1
3085 1
3085 1
3085 1
3085 1
3085 1
3085 1
3085 1
3085 1
3085 1
3085 1
3085 1
3085 1
3085 1
3085 1
3085 1
3085 1
3085 1
3085 1
3085 1
3085 1
3085 1
3085 1
3085 1
3085 1
3085 1
3085 1
3157 1
3157 1
3157 1
3157 1
3157 1
3157 1
3157 1
3157 1
3157 1
3157 1
3157 1
3157 1
3157 1
3157 1
3157 1
3157 1
3157 1
3157 1
3157 1
3157 1
3157 1
3157 1
3157 1
3157 1
3157 1
3157 1
3157 1
3157 1
3157 1
3157 1
3157 1
3157 1
3157 1
3157 1
3157 1
3157 1
3157 1
3157 1
3157 1
3157 1
3157 1
3157 1
3157 1
3157 1
3157 1
3301 1
3301 1
3301 1
3301 1
3301 1
3301 1
3301 1
3301 1
3301 1
3301 1
3301 1
3301 1
3301 1
3301 1
3301 1
3301 1
3301 1
3301 1
3301 1
3301 1
3301 1
3301 1
3301 1
3301 1
3301 1
3301 1
3301 1
3301 1
3301 1
3301 1
3301 1
3301 1
3301 1
3301 1
3301 1
3301 1
3301 1
3301 1
3301 1
3301 1
3301 1
3301 1
3301 1
3301 1
3301 1
4341 1
4341 1
4341 1
4341 1
4341 1
4341 1
4341 1
4341 1
4341 1
4341 1
4341 1
4341 1
4341 1
4341 1
4341 1
4341 1
4341 1
4341 1
4341 1
4341 1
4341 1
4341 1
4341 1
4341 1
4341 1
4341 1
4341 1
4341 1
4341 1
4341 1
4341 1
4341 1
4341 1
4341 1
4341 1
4341 1
4341 1
4341 1
4341 1
4341 1
4341 1
4341 1
4341 1
4341 1
4341 1
4890 1
4890 1
4890 1
4890 1
4890 1
4890 1
4890 1
4890 1
4890 1
4890 1
4890 1
4890 1
4890 1
4890 1
4890 1
4890 1
4890 1
4890 1
4890 1
4890 1
4890 1
4890 1
4890 1
4890 1
4890 1
4890 1
4890 1
4890 1
4890 1
4890 1
4890 1
4890 1
4890 1
4890 1
4890 1
4890 1
4890 1
4890 1
4890 1
4890 1
4890 1
4890 1
4890 1
4890 1
4890 1
4981 1
4981 1
4981 1
4981 1
4981 1
4981 1
4981 1
4981 1
4981 1
4981 1
4981 1
4981 1
4981 1
4981 1
4981 1
4981 1
4981 1
4981 1
4981 1
4981 1
4981 1
4981 1
4981 1
4981 1
4981 1
4981 1
4981 1
4981 1
4981 1
4981 1
4981 1
4981 1
4981 1
4981 1
4981 1
4981 1
4981 1
4981 1
4981 1
4981 1
4981 1
4981 1
4981 1
4981 1
4981 1
10342 1
10342 1
10342 1
10342 1
10342 1
10342 1
10342 1
10342 1
10342 1
10342 1
10342 1
10342 1
10342 1
10342 1
10342 1
10342 1
10342 1
10342 1
10342 1
10342 1
10342 1
10342 1
10342 1
10342 1
10342 1
10342 1
10342 1
10342 1
10342 1
10342 1
10342 1
10342 1
10342 1
10342 1
10342 1
10342 1
10342 1
10342 1
10342 1
10342 1
10342 1
10342 1
10342 1
10342 1
10342 1
5430 1
5430 1
5430 1
5430 1
5430 1
5430 1
5430 1
5430 1
5430 1
5430 1
5430 1
5430 1
5430 1
5430 1
5430 1
5430 1
5430 1
5430 1
5430 1
5430 1
5430 1
5430 1
5430 1
5430 1
5430 1
5430 1
5430 1
5430 1
5430 1
5430 1
5430 1
5430 1
5430 1
5430 1
5430 1
5430 1
5430 1
5430 1
5430 1
5430 1
5430 1
5430 1
5430 1
5430 1
5430 1
5519 1
5519 1
5519 1
5519 1
5519 1
5519 1
5519 1
5519 1
5519 1
5519 1
5519 1
5519 1
5519 1
5519 1
5519 1
5519 1
5519 1
5519 1
5519 1
5519 1
5519 1
5519 1
5519 1
5519 1
5519 1
5519 1
5519 1
5519 1
5519 1
5519 1
5519 1
5519 1
5519 1
5519 1
5519 1
5519 1
5519 1
5519 1
5519 1
5519 1
5519 1
5519 1
5519 1
5519 1
5519 1
