pt_graph scale
10387 220.545339215718
10387 220.545339215718
10387 220.545339215718
10387 220.545339215718
10387 0
10387 8.92722943433133
10387 8.92722943433133
10387 25.3050304330572
10387 25.3050304330572
10387 0.207714507577498
10387 0.166258346232527
10387 0.166258346232527
10387 0.166258346232527
10387 0.0100040081825628
10387 0
10387 0.104504418681071
10387 0.159371574538507
10387 0
10387 0
10387 0
10387 0.0832249328304159
10387 0.0832249328304159
10387 0
10387 16.8602220210468
10387 16.8602220210468
10387 16.8602220210468
10387 4.2148331477233
10387 0
10387 0
10387 0
10387 0.77661884864794
10387 0.77661884864794
10387 0
10387 0
10387 0
10387 0.888014056052162
10387 9.54812026272255
10387 9.54812026272255
10387 9.54812026272255
10388 220.545339215718
10388 220.545339215718
10388 220.545339215718
10388 220.545339215718
10388 0
10388 8.92722943433133
10388 8.92722943433133
10388 25.3050304330572
10388 25.3050304330572
10388 0.207714507577498
10388 0.166258346232527
10388 0.166258346232527
10388 0.166258346232527
10388 0.0100040081825628
10388 0
10388 0.104504418681071
10388 0.159371574538507
10388 0
10388 0
10388 0
10388 0.0832249328304159
10388 0.0832249328304159
10388 0
10388 16.8602220210468
10388 16.8602220210468
10388 16.8602220210468
10388 4.2148331477233
10388 0
10388 0
10388 0
10388 0.77661884864794
10388 0.77661884864794
10388 0
10388 0
10388 0
10388 0.888014056052162
10388 9.54812026272255
10388 9.54812026272255
10388 9.54812026272255
2 220.545339215718
2 220.545339215718
2 220.545339215718
2 220.545339215718
2 0
2 8.92722943433133
2 8.92722943433133
2 25.3050304330572
2 25.3050304330572
2 0.207714507577498
2 0.166258346232527
2 0.166258346232527
2 0.166258346232527
2 0.0100040081825628
2 0
2 0.104504418681071
2 0.159371574538507
2 0
2 0
2 0
2 0.0832249328304159
2 0.0832249328304159
2 0
2 16.8602220210468
2 16.8602220210468
2 16.8602220210468
2 4.2148331477233
2 0
2 0
2 0
2 0.77661884864794
2 0.77661884864794
2 0
2 0
2 0
2 0.888014056052162
2 9.54812026272255
2 9.54812026272255
2 9.54812026272255
3 220.545339215718
3 220.545339215718
3 220.545339215718
3 220.545339215718
3 0
3 8.92722943433133
3 8.92722943433133
3 25.3050304330572
3 25.3050304330572
3 0.207714507577498
3 0.166258346232527
3 0.166258346232527
3 0.166258346232527
3 0.0100040081825628
3 0
3 0.104504418681071
3 0.159371574538507
3 0
3 0
3 0
3 0.0832249328304159
3 0.0832249328304159
3 0
3 16.8602220210468
3 16.8602220210468
3 16.8602220210468
3 4.2148331477233
3 0
3 0
3 0
3 0.77661884864794
3 0.77661884864794
3 0
3 0
3 0
3 0.888014056052162
3 9.54812026272255
3 9.54812026272255
3 9.54812026272255
4 220.545339215718
4 220.545339215718
4 220.545339215718
4 220.545339215718
4 0
4 8.92722943433133
4 8.92722943433133
4 25.3050304330572
4 25.3050304330572
4 0.207714507577498
4 0.166258346232527
4 0.166258346232527
4 0.166258346232527
4 0.0100040081825628
4 0
4 0.104504418681071
4 0.159371574538507
4 0
4 0
4 0
4 0.0832249328304159
4 0.0832249328304159
4 0
4 16.8602220210468
4 16.8602220210468
4 16.8602220210468
4 4.2148331477233
4 0
4 0
4 0
4 0.77661884864794
4 0.77661884864794
4 0
4 0
4 0
4 0.888014056052162
4 9.54812026272255
4 9.54812026272255
4 9.54812026272255
5 220.545339215718
5 220.545339215718
5 220.545339215718
5 220.545339215718
5 0
5 8.92722943433133
5 8.92722943433133
5 25.3050304330572
5 25.3050304330572
5 0.207714507577498
5 0.166258346232527
5 0.166258346232527
5 0.166258346232527
5 0.0100040081825628
5 0
5 0.104504418681071
5 0.159371574538507
5 0
5 0
5 0
5 0.0832249328304159
5 0.0832249328304159
5 0
5 16.8602220210468
5 16.8602220210468
5 16.8602220210468
5 4.2148331477233
5 0
5 0
5 0
5 0.77661884864794
5 0.77661884864794
5 0
5 0
5 0
5 0.888014056052162
5 9.54812026272255
5 9.54812026272255
5 9.54812026272255
6 220.545339215718
6 220.545339215718
6 220.545339215718
6 220.545339215718
6 0
6 8.92722943433133
6 8.92722943433133
6 25.3050304330572
6 25.3050304330572
6 0.207714507577498
6 0.166258346232527
6 0.166258346232527
6 0.166258346232527
6 0.0100040081825628
6 0
6 0.104504418681071
6 0.159371574538507
6 0
6 0
6 0
6 0.0832249328304159
6 0.0832249328304159
6 0
6 16.8602220210468
6 16.8602220210468
6 16.8602220210468
6 4.2148331477233
6 0
6 0
6 0
6 0.77661884864794
6 0.77661884864794
6 0
6 0
6 0
6 0.888014056052162
6 9.54812026272255
6 9.54812026272255
6 9.54812026272255
11 220.545339215718
11 220.545339215718
11 220.545339215718
11 220.545339215718
11 0
11 8.92722943433133
11 8.92722943433133
11 25.3050304330572
11 25.3050304330572
11 0.207714507577498
11 0.166258346232527
11 0.166258346232527
11 0.166258346232527
11 0.0100040081825628
11 0
11 0.104504418681071
11 0.159371574538507
11 0
11 0
11 0
11 0.0832249328304159
11 0.0832249328304159
11 0
11 16.8602220210468
11 16.8602220210468
11 16.8602220210468
11 4.2148331477233
11 0
11 0
11 0
11 0.77661884864794
11 0.77661884864794
11 0
11 0
11 0
11 0.888014056052162
11 9.54812026272255
11 9.54812026272255
11 9.54812026272255
12 220.545339215718
12 220.545339215718
12 220.545339215718
12 220.545339215718
12 0
12 8.92722943433133
12 8.92722943433133
12 25.3050304330572
12 25.3050304330572
12 0.207714507577498
12 0.166258346232527
12 0.166258346232527
12 0.166258346232527
12 0.0100040081825628
12 0
12 0.104504418681071
12 0.159371574538507
12 0
12 0
12 0
12 0.0832249328304159
12 0.0832249328304159
12 0
12 16.8602220210468
12 16.8602220210468
12 16.8602220210468
12 4.2148331477233
12 0
12 0
12 0
12 0.77661884864794
12 0.77661884864794
12 0
12 0
12 0
12 0.888014056052162
12 9.54812026272255
12 9.54812026272255
12 9.54812026272255
15 220.545339215718
15 220.545339215718
15 220.545339215718
15 220.545339215718
15 0
15 8.92722943433133
15 8.92722943433133
15 25.3050304330572
15 25.3050304330572
15 0.207714507577498
15 0.166258346232527
15 0.166258346232527
15 0.166258346232527
15 0.0100040081825628
15 0
15 0.104504418681071
15 0.159371574538507
15 0
15 0
15 0
15 0.0832249328304159
15 0.0832249328304159
15 0
15 16.8602220210468
15 16.8602220210468
15 16.8602220210468
15 4.2148331477233
15 0
15 0
15 0
15 0.77661884864794
15 0.77661884864794
15 0
15 0
15 0
15 0.888014056052162
15 9.54812026272255
15 9.54812026272255
15 9.54812026272255
19 220.545339215718
19 220.545339215718
19 220.545339215718
19 220.545339215718
19 0
19 8.92722943433133
19 8.92722943433133
19 25.3050304330572
19 25.3050304330572
19 0.207714507577498
19 0.166258346232527
19 0.166258346232527
19 0.166258346232527
19 0.0100040081825628
19 0
19 0.104504418681071
19 0.159371574538507
19 0
19 0
19 0
19 0.0832249328304159
19 0.0832249328304159
19 0
19 16.8602220210468
19 16.8602220210468
19 16.8602220210468
19 4.2148331477233
19 0
19 0
19 0
19 0.77661884864794
19 0.77661884864794
19 0
19 0
19 0
19 0.888014056052162
19 9.54812026272255
19 9.54812026272255
19 9.54812026272255
20 220.545339215718
20 220.545339215718
20 220.545339215718
20 220.545339215718
20 0
20 8.92722943433133
20 8.92722943433133
20 25.3050304330572
20 25.3050304330572
20 0.207714507577498
20 0.166258346232527
20 0.166258346232527
20 0.166258346232527
20 0.0100040081825628
20 0
20 0.104504418681071
20 0.159371574538507
20 0
20 0
20 0
20 0.0832249328304159
20 0.0832249328304159
20 0
20 16.8602220210468
20 16.8602220210468
20 16.8602220210468
20 4.2148331477233
20 0
20 0
20 0
20 0.77661884864794
20 0.77661884864794
20 0
20 0
20 0
20 0.888014056052162
20 9.54812026272255
20 9.54812026272255
20 9.54812026272255
23 220.545339215718
23 220.545339215718
23 220.545339215718
23 220.545339215718
23 0
23 8.92722943433133
23 8.92722943433133
23 25.3050304330572
23 25.3050304330572
23 0.207714507577498
23 0.166258346232527
23 0.166258346232527
23 0.166258346232527
23 0.0100040081825628
23 0
23 0.104504418681071
23 0.159371574538507
23 0
23 0
23 0
23 0.0832249328304159
23 0.0832249328304159
23 0
23 16.8602220210468
23 16.8602220210468
23 16.8602220210468
23 4.2148331477233
23 0
23 0
23 0
23 0.77661884864794
23 0.77661884864794
23 0
23 0
23 0
23 0.888014056052162
23 9.54812026272255
23 9.54812026272255
23 9.54812026272255
10083 220.545339215718
10083 220.545339215718
10083 220.545339215718
10083 220.545339215718
10083 0
10083 8.92722943433133
10083 8.92722943433133
10083 25.3050304330572
10083 25.3050304330572
10083 0.207714507577498
10083 0.166258346232527
10083 0.166258346232527
10083 0.166258346232527
10083 0.0100040081825628
10083 0
10083 0.104504418681071
10083 0.159371574538507
10083 0
10083 0
10083 0
10083 0.0832249328304159
10083 0.0832249328304159
10083 0
10083 16.8602220210468
10083 16.8602220210468
10083 16.8602220210468
10083 4.2148331477233
10083 0
10083 0
10083 0
10083 0.77661884864794
10083 0.77661884864794
10083 0
10083 0
10083 0
10083 0.888014056052162
10083 9.54812026272255
10083 9.54812026272255
10083 9.54812026272255
31 220.545339215718
31 220.545339215718
31 220.545339215718
31 220.545339215718
31 0
31 8.92722943433133
31 8.92722943433133
31 25.3050304330572
31 25.3050304330572
31 0.207714507577498
31 0.166258346232527
31 0.166258346232527
31 0.166258346232527
31 0.0100040081825628
31 0
31 0.104504418681071
31 0.159371574538507
31 0
31 0
31 0
31 0.0832249328304159
31 0.0832249328304159
31 0
31 16.8602220210468
31 16.8602220210468
31 16.8602220210468
31 4.2148331477233
31 0
31 0
31 0
31 0.77661884864794
31 0.77661884864794
31 0
31 0
31 0
31 0.888014056052162
31 9.54812026272255
31 9.54812026272255
31 9.54812026272255
42 220.545339215718
42 220.545339215718
42 220.545339215718
42 220.545339215718
42 0
42 8.92722943433133
42 8.92722943433133
42 25.3050304330572
42 25.3050304330572
42 0.207714507577498
42 0.166258346232527
42 0.166258346232527
42 0.166258346232527
42 0.0100040081825628
42 0
42 0.104504418681071
42 0.159371574538507
42 0
42 0
42 0
42 0.0832249328304159
42 0.0832249328304159
42 0
42 16.8602220210468
42 16.8602220210468
42 16.8602220210468
42 4.2148331477233
42 0
42 0
42 0
42 0.77661884864794
42 0.77661884864794
42 0
42 0
42 0
42 0.888014056052162
42 9.54812026272255
42 9.54812026272255
42 9.54812026272255
43 220.545339215718
43 220.545339215718
43 220.545339215718
43 220.545339215718
43 0
43 8.92722943433133
43 8.92722943433133
43 25.3050304330572
43 25.3050304330572
43 0.207714507577498
43 0.166258346232527
43 0.166258346232527
43 0.166258346232527
43 0.0100040081825628
43 0
43 0.104504418681071
43 0.159371574538507
43 0
43 0
43 0
43 0.0832249328304159
43 0.0832249328304159
43 0
43 16.8602220210468
43 16.8602220210468
43 16.8602220210468
43 4.2148331477233
43 0
43 0
43 0
43 0.77661884864794
43 0.77661884864794
43 0
43 0
43 0
43 0.888014056052162
43 9.54812026272255
43 9.54812026272255
43 9.54812026272255
44 220.545339215718
44 220.545339215718
44 220.545339215718
44 220.545339215718
44 0
44 8.92722943433133
44 8.92722943433133
44 25.3050304330572
44 25.3050304330572
44 0.207714507577498
44 0.166258346232527
44 0.166258346232527
44 0.166258346232527
44 0.0100040081825628
44 0
44 0.104504418681071
44 0.159371574538507
44 0
44 0
44 0
44 0.0832249328304159
44 0.0832249328304159
44 0
44 16.8602220210468
44 16.8602220210468
44 16.8602220210468
44 4.2148331477233
44 0
44 0
44 0
44 0.77661884864794
44 0.77661884864794
44 0
44 0
44 0
44 0.888014056052162
44 9.54812026272255
44 9.54812026272255
44 9.54812026272255
10173 220.545339215718
10173 220.545339215718
10173 220.545339215718
10173 220.545339215718
10173 0
10173 8.92722943433133
10173 8.92722943433133
10173 25.3050304330572
10173 25.3050304330572
10173 0.207714507577498
10173 0.166258346232527
10173 0.166258346232527
10173 0.166258346232527
10173 0.0100040081825628
10173 0
10173 0.104504418681071
10173 0.159371574538507
10173 0
10173 0
10173 0
10173 0.0832249328304159
10173 0.0832249328304159
10173 0
10173 16.8602220210468
10173 16.8602220210468
10173 16.8602220210468
10173 4.2148331477233
10173 0
10173 0
10173 0
10173 0.77661884864794
10173 0.77661884864794
10173 0
10173 0
10173 0
10173 0.888014056052162
10173 9.54812026272255
10173 9.54812026272255
10173 9.54812026272255
49 220.545339215718
49 220.545339215718
49 220.545339215718
49 220.545339215718
49 0
49 8.92722943433133
49 8.92722943433133
49 25.3050304330572
49 25.3050304330572
49 0.207714507577498
49 0.166258346232527
49 0.166258346232527
49 0.166258346232527
49 0.0100040081825628
49 0
49 0.104504418681071
49 0.159371574538507
49 0
49 0
49 0
49 0.0832249328304159
49 0.0832249328304159
49 0
49 16.8602220210468
49 16.8602220210468
49 16.8602220210468
49 4.2148331477233
49 0
49 0
49 0
49 0.77661884864794
49 0.77661884864794
49 0
49 0
49 0
49 0.888014056052162
49 9.54812026272255
49 9.54812026272255
49 9.54812026272255
55 220.545339215718
55 220.545339215718
55 220.545339215718
55 220.545339215718
55 0
55 8.92722943433133
55 8.92722943433133
55 25.3050304330572
55 25.3050304330572
55 0.207714507577498
55 0.166258346232527
55 0.166258346232527
55 0.166258346232527
55 0.0100040081825628
55 0
55 0.104504418681071
55 0.159371574538507
55 0
55 0
55 0
55 0.0832249328304159
55 0.0832249328304159
55 0
55 16.8602220210468
55 16.8602220210468
55 16.8602220210468
55 4.2148331477233
55 0
55 0
55 0
55 0.77661884864794
55 0.77661884864794
55 0
55 0
55 0
55 0.888014056052162
55 9.54812026272255
55 9.54812026272255
55 9.54812026272255
58 220.545339215718
58 220.545339215718
58 220.545339215718
58 220.545339215718
58 0
58 8.92722943433133
58 8.92722943433133
58 25.3050304330572
58 25.3050304330572
58 0.207714507577498
58 0.166258346232527
58 0.166258346232527
58 0.166258346232527
58 0.0100040081825628
58 0
58 0.104504418681071
58 0.159371574538507
58 0
58 0
58 0
58 0.0832249328304159
58 0.0832249328304159
58 0
58 16.8602220210468
58 16.8602220210468
58 16.8602220210468
58 4.2148331477233
58 0
58 0
58 0
58 0.77661884864794
58 0.77661884864794
58 0
58 0
58 0
58 0.888014056052162
58 9.54812026272255
58 9.54812026272255
58 9.54812026272255
10801 220.545339215718
10801 220.545339215718
10801 220.545339215718
10801 220.545339215718
10801 0
10801 8.92722943433133
10801 8.92722943433133
10801 25.3050304330572
10801 25.3050304330572
10801 0.207714507577498
10801 0.166258346232527
10801 0.166258346232527
10801 0.166258346232527
10801 0.0100040081825628
10801 0
10801 0.104504418681071
10801 0.159371574538507
10801 0
10801 0
10801 0
10801 0.0832249328304159
10801 0.0832249328304159
10801 0
10801 16.8602220210468
10801 16.8602220210468
10801 16.8602220210468
10801 4.2148331477233
10801 0
10801 0
10801 0
10801 0.77661884864794
10801 0.77661884864794
10801 0
10801 0
10801 0
10801 0.888014056052162
10801 9.54812026272255
10801 9.54812026272255
10801 9.54812026272255
59 220.545339215718
59 220.545339215718
59 220.545339215718
59 220.545339215718
59 0
59 8.92722943433133
59 8.92722943433133
59 25.3050304330572
59 25.3050304330572
59 0.207714507577498
59 0.166258346232527
59 0.166258346232527
59 0.166258346232527
59 0.0100040081825628
59 0
59 0.104504418681071
59 0.159371574538507
59 0
59 0
59 0
59 0.0832249328304159
59 0.0832249328304159
59 0
59 16.8602220210468
59 16.8602220210468
59 16.8602220210468
59 4.2148331477233
59 0
59 0
59 0
59 0.77661884864794
59 0.77661884864794
59 0
59 0
59 0
59 0.888014056052162
59 9.54812026272255
59 9.54812026272255
59 9.54812026272255
63 220.545339215718
63 220.545339215718
63 220.545339215718
63 220.545339215718
63 0
63 8.92722943433133
63 8.92722943433133
63 25.3050304330572
63 25.3050304330572
63 0.207714507577498
63 0.166258346232527
63 0.166258346232527
63 0.166258346232527
63 0.0100040081825628
63 0
63 0.104504418681071
63 0.159371574538507
63 0
63 0
63 0
63 0.0832249328304159
63 0.0832249328304159
63 0
63 16.8602220210468
63 16.8602220210468
63 16.8602220210468
63 4.2148331477233
63 0
63 0
63 0
63 0.77661884864794
63 0.77661884864794
63 0
63 0
63 0
63 0.888014056052162
63 9.54812026272255
63 9.54812026272255
63 9.54812026272255
10806 220.545339215718
10806 220.545339215718
10806 220.545339215718
10806 220.545339215718
10806 0
10806 8.92722943433133
10806 8.92722943433133
10806 25.3050304330572
10806 25.3050304330572
10806 0.207714507577498
10806 0.166258346232527
10806 0.166258346232527
10806 0.166258346232527
10806 0.0100040081825628
10806 0
10806 0.104504418681071
10806 0.159371574538507
10806 0
10806 0
10806 0
10806 0.0832249328304159
10806 0.0832249328304159
10806 0
10806 16.8602220210468
10806 16.8602220210468
10806 16.8602220210468
10806 4.2148331477233
10806 0
10806 0
10806 0
10806 0.77661884864794
10806 0.77661884864794
10806 0
10806 0
10806 0
10806 0.888014056052162
10806 9.54812026272255
10806 9.54812026272255
10806 9.54812026272255
75 220.545339215718
75 220.545339215718
75 220.545339215718
75 220.545339215718
75 0
75 8.92722943433133
75 8.92722943433133
75 25.3050304330572
75 25.3050304330572
75 0.207714507577498
75 0.166258346232527
75 0.166258346232527
75 0.166258346232527
75 0.0100040081825628
75 0
75 0.104504418681071
75 0.159371574538507
75 0
75 0
75 0
75 0.0832249328304159
75 0.0832249328304159
75 0
75 16.8602220210468
75 16.8602220210468
75 16.8602220210468
75 4.2148331477233
75 0
75 0
75 0
75 0.77661884864794
75 0.77661884864794
75 0
75 0
75 0
75 0.888014056052162
75 9.54812026272255
75 9.54812026272255
75 9.54812026272255
76 220.545339215718
76 220.545339215718
76 220.545339215718
76 220.545339215718
76 0
76 8.92722943433133
76 8.92722943433133
76 25.3050304330572
76 25.3050304330572
76 0.207714507577498
76 0.166258346232527
76 0.166258346232527
76 0.166258346232527
76 0.0100040081825628
76 0
76 0.104504418681071
76 0.159371574538507
76 0
76 0
76 0
76 0.0832249328304159
76 0.0832249328304159
76 0
76 16.8602220210468
76 16.8602220210468
76 16.8602220210468
76 4.2148331477233
76 0
76 0
76 0
76 0.77661884864794
76 0.77661884864794
76 0
76 0
76 0
76 0.888014056052162
76 9.54812026272255
76 9.54812026272255
76 9.54812026272255
80 220.545339215718
80 220.545339215718
80 220.545339215718
80 220.545339215718
80 0
80 8.92722943433133
80 8.92722943433133
80 25.3050304330572
80 25.3050304330572
80 0.207714507577498
80 0.166258346232527
80 0.166258346232527
80 0.166258346232527
80 0.0100040081825628
80 0
80 0.104504418681071
80 0.159371574538507
80 0
80 0
80 0
80 0.0832249328304159
80 0.0832249328304159
80 0
80 16.8602220210468
80 16.8602220210468
80 16.8602220210468
80 4.2148331477233
80 0
80 0
80 0
80 0.77661884864794
80 0.77661884864794
80 0
80 0
80 0
80 0.888014056052162
80 9.54812026272255
80 9.54812026272255
80 9.54812026272255
10587 220.545339215718
10587 220.545339215718
10587 220.545339215718
10587 220.545339215718
10587 0
10587 8.92722943433133
10587 8.92722943433133
10587 25.3050304330572
10587 25.3050304330572
10587 0.207714507577498
10587 0.166258346232527
10587 0.166258346232527
10587 0.166258346232527
10587 0.0100040081825628
10587 0
10587 0.104504418681071
10587 0.159371574538507
10587 0
10587 0
10587 0
10587 0.0832249328304159
10587 0.0832249328304159
10587 0
10587 16.8602220210468
10587 16.8602220210468
10587 16.8602220210468
10587 4.2148331477233
10587 0
10587 0
10587 0
10587 0.77661884864794
10587 0.77661884864794
10587 0
10587 0
10587 0
10587 0.888014056052162
10587 9.54812026272255
10587 9.54812026272255
10587 9.54812026272255
86 220.545339215718
86 220.545339215718
86 220.545339215718
86 220.545339215718
86 0
86 8.92722943433133
86 8.92722943433133
86 25.3050304330572
86 25.3050304330572
86 0.207714507577498
86 0.166258346232527
86 0.166258346232527
86 0.166258346232527
86 0.0100040081825628
86 0
86 0.104504418681071
86 0.159371574538507
86 0
86 0
86 0
86 0.0832249328304159
86 0.0832249328304159
86 0
86 16.8602220210468
86 16.8602220210468
86 16.8602220210468
86 4.2148331477233
86 0
86 0
86 0
86 0.77661884864794
86 0.77661884864794
86 0
86 0
86 0
86 0.888014056052162
86 9.54812026272255
86 9.54812026272255
86 9.54812026272255
98 220.545339215718
98 220.545339215718
98 220.545339215718
98 220.545339215718
98 0
98 8.92722943433133
98 8.92722943433133
98 25.3050304330572
98 25.3050304330572
98 0.207714507577498
98 0.166258346232527
98 0.166258346232527
98 0.166258346232527
98 0.0100040081825628
98 0
98 0.104504418681071
98 0.159371574538507
98 0
98 0
98 0
98 0.0832249328304159
98 0.0832249328304159
98 0
98 16.8602220210468
98 16.8602220210468
98 16.8602220210468
98 4.2148331477233
98 0
98 0
98 0
98 0.77661884864794
98 0.77661884864794
98 0
98 0
98 0
98 0.888014056052162
98 9.54812026272255
98 9.54812026272255
98 9.54812026272255
99 220.545339215718
99 220.545339215718
99 220.545339215718
99 220.545339215718
99 0
99 8.92722943433133
99 8.92722943433133
99 25.3050304330572
99 25.3050304330572
99 0.207714507577498
99 0.166258346232527
99 0.166258346232527
99 0.166258346232527
99 0.0100040081825628
99 0
99 0.104504418681071
99 0.159371574538507
99 0
99 0
99 0
99 0.0832249328304159
99 0.0832249328304159
99 0
99 16.8602220210468
99 16.8602220210468
99 16.8602220210468
99 4.2148331477233
99 0
99 0
99 0
99 0.77661884864794
99 0.77661884864794
99 0
99 0
99 0
99 0.888014056052162
99 9.54812026272255
99 9.54812026272255
99 9.54812026272255
100 220.545339215718
100 220.545339215718
100 220.545339215718
100 220.545339215718
100 0
100 8.92722943433133
100 8.92722943433133
100 25.3050304330572
100 25.3050304330572
100 0.207714507577498
100 0.166258346232527
100 0.166258346232527
100 0.166258346232527
100 0.0100040081825628
100 0
100 0.104504418681071
100 0.159371574538507
100 0
100 0
100 0
100 0.0832249328304159
100 0.0832249328304159
100 0
100 16.8602220210468
100 16.8602220210468
100 16.8602220210468
100 4.2148331477233
100 0
100 0
100 0
100 0.77661884864794
100 0.77661884864794
100 0
100 0
100 0
100 0.888014056052162
100 9.54812026272255
100 9.54812026272255
100 9.54812026272255
101 220.545339215718
101 220.545339215718
101 220.545339215718
101 220.545339215718
101 0
101 8.92722943433133
101 8.92722943433133
101 25.3050304330572
101 25.3050304330572
101 0.207714507577498
101 0.166258346232527
101 0.166258346232527
101 0.166258346232527
101 0.0100040081825628
101 0
101 0.104504418681071
101 0.159371574538507
101 0
101 0
101 0
101 0.0832249328304159
101 0.0832249328304159
101 0
101 16.8602220210468
101 16.8602220210468
101 16.8602220210468
101 4.2148331477233
101 0
101 0
101 0
101 0.77661884864794
101 0.77661884864794
101 0
101 0
101 0
101 0.888014056052162
101 9.54812026272255
101 9.54812026272255
101 9.54812026272255
102 220.545339215718
102 220.545339215718
102 220.545339215718
102 220.545339215718
102 0
102 8.92722943433133
102 8.92722943433133
102 25.3050304330572
102 25.3050304330572
102 0.207714507577498
102 0.166258346232527
102 0.166258346232527
102 0.166258346232527
102 0.0100040081825628
102 0
102 0.104504418681071
102 0.159371574538507
102 0
102 0
102 0
102 0.0832249328304159
102 0.0832249328304159
102 0
102 16.8602220210468
102 16.8602220210468
102 16.8602220210468
102 4.2148331477233
102 0
102 0
102 0
102 0.77661884864794
102 0.77661884864794
102 0
102 0
102 0
102 0.888014056052162
102 9.54812026272255
102 9.54812026272255
102 9.54812026272255
106 220.545339215718
106 220.545339215718
106 220.545339215718
106 220.545339215718
106 0
106 8.92722943433133
106 8.92722943433133
106 25.3050304330572
106 25.3050304330572
106 0.207714507577498
106 0.166258346232527
106 0.166258346232527
106 0.166258346232527
106 0.0100040081825628
106 0
106 0.104504418681071
106 0.159371574538507
106 0
106 0
106 0
106 0.0832249328304159
106 0.0832249328304159
106 0
106 16.8602220210468
106 16.8602220210468
106 16.8602220210468
106 4.2148331477233
106 0
106 0
106 0
106 0.77661884864794
106 0.77661884864794
106 0
106 0
106 0
106 0.888014056052162
106 9.54812026272255
106 9.54812026272255
106 9.54812026272255
107 220.545339215718
107 220.545339215718
107 220.545339215718
107 220.545339215718
107 0
107 8.92722943433133
107 8.92722943433133
107 25.3050304330572
107 25.3050304330572
107 0.207714507577498
107 0.166258346232527
107 0.166258346232527
107 0.166258346232527
107 0.0100040081825628
107 0
107 0.104504418681071
107 0.159371574538507
107 0
107 0
107 0
107 0.0832249328304159
107 0.0832249328304159
107 0
107 16.8602220210468
107 16.8602220210468
107 16.8602220210468
107 4.2148331477233
107 0
107 0
107 0
107 0.77661884864794
107 0.77661884864794
107 0
107 0
107 0
107 0.888014056052162
107 9.54812026272255
107 9.54812026272255
107 9.54812026272255
112 220.545339215718
112 220.545339215718
112 220.545339215718
112 220.545339215718
112 0
112 8.92722943433133
112 8.92722943433133
112 25.3050304330572
112 25.3050304330572
112 0.207714507577498
112 0.166258346232527
112 0.166258346232527
112 0.166258346232527
112 0.0100040081825628
112 0
112 0.104504418681071
112 0.159371574538507
112 0
112 0
112 0
112 0.0832249328304159
112 0.0832249328304159
112 0
112 16.8602220210468
112 16.8602220210468
112 16.8602220210468
112 4.2148331477233
112 0
112 0
112 0
112 0.77661884864794
112 0.77661884864794
112 0
112 0
112 0
112 0.888014056052162
112 9.54812026272255
112 9.54812026272255
112 9.54812026272255
120 220.545339215718
120 220.545339215718
120 220.545339215718
120 220.545339215718
120 0
120 8.92722943433133
120 8.92722943433133
120 25.3050304330572
120 25.3050304330572
120 0.207714507577498
120 0.166258346232527
120 0.166258346232527
120 0.166258346232527
120 0.0100040081825628
120 0
120 0.104504418681071
120 0.159371574538507
120 0
120 0
120 0
120 0.0832249328304159
120 0.0832249328304159
120 0
120 16.8602220210468
120 16.8602220210468
120 16.8602220210468
120 4.2148331477233
120 0
120 0
120 0
120 0.77661884864794
120 0.77661884864794
120 0
120 0
120 0
120 0.888014056052162
120 9.54812026272255
120 9.54812026272255
120 9.54812026272255
122 220.545339215718
122 220.545339215718
122 220.545339215718
122 220.545339215718
122 0
122 8.92722943433133
122 8.92722943433133
122 25.3050304330572
122 25.3050304330572
122 0.207714507577498
122 0.166258346232527
122 0.166258346232527
122 0.166258346232527
122 0.0100040081825628
122 0
122 0.104504418681071
122 0.159371574538507
122 0
122 0
122 0
122 0.0832249328304159
122 0.0832249328304159
122 0
122 16.8602220210468
122 16.8602220210468
122 16.8602220210468
122 4.2148331477233
122 0
122 0
122 0
122 0.77661884864794
122 0.77661884864794
122 0
122 0
122 0
122 0.888014056052162
122 9.54812026272255
122 9.54812026272255
122 9.54812026272255
124 220.545339215718
124 220.545339215718
124 220.545339215718
124 220.545339215718
124 0
124 8.92722943433133
124 8.92722943433133
124 25.3050304330572
124 25.3050304330572
124 0.207714507577498
124 0.166258346232527
124 0.166258346232527
124 0.166258346232527
124 0.0100040081825628
124 0
124 0.104504418681071
124 0.159371574538507
124 0
124 0
124 0
124 0.0832249328304159
124 0.0832249328304159
124 0
124 16.8602220210468
124 16.8602220210468
124 16.8602220210468
124 4.2148331477233
124 0
124 0
124 0
124 0.77661884864794
124 0.77661884864794
124 0
124 0
124 0
124 0.888014056052162
124 9.54812026272255
124 9.54812026272255
124 9.54812026272255
127 220.545339215718
127 220.545339215718
127 220.545339215718
127 220.545339215718
127 0
127 8.92722943433133
127 8.92722943433133
127 25.3050304330572
127 25.3050304330572
127 0.207714507577498
127 0.166258346232527
127 0.166258346232527
127 0.166258346232527
127 0.0100040081825628
127 0
127 0.104504418681071
127 0.159371574538507
127 0
127 0
127 0
127 0.0832249328304159
127 0.0832249328304159
127 0
127 16.8602220210468
127 16.8602220210468
127 16.8602220210468
127 4.2148331477233
127 0
127 0
127 0
127 0.77661884864794
127 0.77661884864794
127 0
127 0
127 0
127 0.888014056052162
127 9.54812026272255
127 9.54812026272255
127 9.54812026272255
130 220.545339215718
130 220.545339215718
130 220.545339215718
130 220.545339215718
130 0
130 8.92722943433133
130 8.92722943433133
130 25.3050304330572
130 25.3050304330572
130 0.207714507577498
130 0.166258346232527
130 0.166258346232527
130 0.166258346232527
130 0.0100040081825628
130 0
130 0.104504418681071
130 0.159371574538507
130 0
130 0
130 0
130 0.0832249328304159
130 0.0832249328304159
130 0
130 16.8602220210468
130 16.8602220210468
130 16.8602220210468
130 4.2148331477233
130 0
130 0
130 0
130 0.77661884864794
130 0.77661884864794
130 0
130 0
130 0
130 0.888014056052162
130 9.54812026272255
130 9.54812026272255
130 9.54812026272255
133 220.545339215718
133 220.545339215718
133 220.545339215718
133 220.545339215718
133 0
133 8.92722943433133
133 8.92722943433133
133 25.3050304330572
133 25.3050304330572
133 0.207714507577498
133 0.166258346232527
133 0.166258346232527
133 0.166258346232527
133 0.0100040081825628
133 0
133 0.104504418681071
133 0.159371574538507
133 0
133 0
133 0
133 0.0832249328304159
133 0.0832249328304159
133 0
133 16.8602220210468
133 16.8602220210468
133 16.8602220210468
133 4.2148331477233
133 0
133 0
133 0
133 0.77661884864794
133 0.77661884864794
133 0
133 0
133 0
133 0.888014056052162
133 9.54812026272255
133 9.54812026272255
133 9.54812026272255
147 220.545339215718
147 220.545339215718
147 220.545339215718
147 220.545339215718
147 0
147 8.92722943433133
147 8.92722943433133
147 25.3050304330572
147 25.3050304330572
147 0.207714507577498
147 0.166258346232527
147 0.166258346232527
147 0.166258346232527
147 0.0100040081825628
147 0
147 0.104504418681071
147 0.159371574538507
147 0
147 0
147 0
147 0.0832249328304159
147 0.0832249328304159
147 0
147 16.8602220210468
147 16.8602220210468
147 16.8602220210468
147 4.2148331477233
147 0
147 0
147 0
147 0.77661884864794
147 0.77661884864794
147 0
147 0
147 0
147 0.888014056052162
147 9.54812026272255
147 9.54812026272255
147 9.54812026272255
148 220.545339215718
148 220.545339215718
148 220.545339215718
148 220.545339215718
148 0
148 8.92722943433133
148 8.92722943433133
148 25.3050304330572
148 25.3050304330572
148 0.207714507577498
148 0.166258346232527
148 0.166258346232527
148 0.166258346232527
148 0.0100040081825628
148 0
148 0.104504418681071
148 0.159371574538507
148 0
148 0
148 0
148 0.0832249328304159
148 0.0832249328304159
148 0
148 16.8602220210468
148 16.8602220210468
148 16.8602220210468
148 4.2148331477233
148 0
148 0
148 0
148 0.77661884864794
148 0.77661884864794
148 0
148 0
148 0
148 0.888014056052162
148 9.54812026272255
148 9.54812026272255
148 9.54812026272255
151 220.545339215718
151 220.545339215718
151 220.545339215718
151 220.545339215718
151 0
151 8.92722943433133
151 8.92722943433133
151 25.3050304330572
151 25.3050304330572
151 0.207714507577498
151 0.166258346232527
151 0.166258346232527
151 0.166258346232527
151 0.0100040081825628
151 0
151 0.104504418681071
151 0.159371574538507
151 0
151 0
151 0
151 0.0832249328304159
151 0.0832249328304159
151 0
151 16.8602220210468
151 16.8602220210468
151 16.8602220210468
151 4.2148331477233
151 0
151 0
151 0
151 0.77661884864794
151 0.77661884864794
151 0
151 0
151 0
151 0.888014056052162
151 9.54812026272255
151 9.54812026272255
151 9.54812026272255
152 220.545339215718
152 220.545339215718
152 220.545339215718
152 220.545339215718
152 0
152 8.92722943433133
152 8.92722943433133
152 25.3050304330572
152 25.3050304330572
152 0.207714507577498
152 0.166258346232527
152 0.166258346232527
152 0.166258346232527
152 0.0100040081825628
152 0
152 0.104504418681071
152 0.159371574538507
152 0
152 0
152 0
152 0.0832249328304159
152 0.0832249328304159
152 0
152 16.8602220210468
152 16.8602220210468
152 16.8602220210468
152 4.2148331477233
152 0
152 0
152 0
152 0.77661884864794
152 0.77661884864794
152 0
152 0
152 0
152 0.888014056052162
152 9.54812026272255
152 9.54812026272255
152 9.54812026272255
162 220.545339215718
162 220.545339215718
162 220.545339215718
162 220.545339215718
162 0
162 8.92722943433133
162 8.92722943433133
162 25.3050304330572
162 25.3050304330572
162 0.207714507577498
162 0.166258346232527
162 0.166258346232527
162 0.166258346232527
162 0.0100040081825628
162 0
162 0.104504418681071
162 0.159371574538507
162 0
162 0
162 0
162 0.0832249328304159
162 0.0832249328304159
162 0
162 16.8602220210468
162 16.8602220210468
162 16.8602220210468
162 4.2148331477233
162 0
162 0
162 0
162 0.77661884864794
162 0.77661884864794
162 0
162 0
162 0
162 0.888014056052162
162 9.54812026272255
162 9.54812026272255
162 9.54812026272255
167 220.545339215718
167 220.545339215718
167 220.545339215718
167 220.545339215718
167 0
167 8.92722943433133
167 8.92722943433133
167 25.3050304330572
167 25.3050304330572
167 0.207714507577498
167 0.166258346232527
167 0.166258346232527
167 0.166258346232527
167 0.0100040081825628
167 0
167 0.104504418681071
167 0.159371574538507
167 0
167 0
167 0
167 0.0832249328304159
167 0.0832249328304159
167 0
167 16.8602220210468
167 16.8602220210468
167 16.8602220210468
167 4.2148331477233
167 0
167 0
167 0
167 0.77661884864794
167 0.77661884864794
167 0
167 0
167 0
167 0.888014056052162
167 9.54812026272255
167 9.54812026272255
167 9.54812026272255
173 220.545339215718
173 220.545339215718
173 220.545339215718
173 220.545339215718
173 0
173 8.92722943433133
173 8.92722943433133
173 25.3050304330572
173 25.3050304330572
173 0.207714507577498
173 0.166258346232527
173 0.166258346232527
173 0.166258346232527
173 0.0100040081825628
173 0
173 0.104504418681071
173 0.159371574538507
173 0
173 0
173 0
173 0.0832249328304159
173 0.0832249328304159
173 0
173 16.8602220210468
173 16.8602220210468
173 16.8602220210468
173 4.2148331477233
173 0
173 0
173 0
173 0.77661884864794
173 0.77661884864794
173 0
173 0
173 0
173 0.888014056052162
173 9.54812026272255
173 9.54812026272255
173 9.54812026272255
185 220.545339215718
185 220.545339215718
185 220.545339215718
185 220.545339215718
185 0
185 8.92722943433133
185 8.92722943433133
185 25.3050304330572
185 25.3050304330572
185 0.207714507577498
185 0.166258346232527
185 0.166258346232527
185 0.166258346232527
185 0.0100040081825628
185 0
185 0.104504418681071
185 0.159371574538507
185 0
185 0
185 0
185 0.0832249328304159
185 0.0832249328304159
185 0
185 16.8602220210468
185 16.8602220210468
185 16.8602220210468
185 4.2148331477233
185 0
185 0
185 0
185 0.77661884864794
185 0.77661884864794
185 0
185 0
185 0
185 0.888014056052162
185 9.54812026272255
185 9.54812026272255
185 9.54812026272255
192 220.545339215718
192 220.545339215718
192 220.545339215718
192 220.545339215718
192 0
192 8.92722943433133
192 8.92722943433133
192 25.3050304330572
192 25.3050304330572
192 0.207714507577498
192 0.166258346232527
192 0.166258346232527
192 0.166258346232527
192 0.0100040081825628
192 0
192 0.104504418681071
192 0.159371574538507
192 0
192 0
192 0
192 0.0832249328304159
192 0.0832249328304159
192 0
192 16.8602220210468
192 16.8602220210468
192 16.8602220210468
192 4.2148331477233
192 0
192 0
192 0
192 0.77661884864794
192 0.77661884864794
192 0
192 0
192 0
192 0.888014056052162
192 9.54812026272255
192 9.54812026272255
192 9.54812026272255
205 220.545339215718
205 220.545339215718
205 220.545339215718
205 220.545339215718
205 0
205 8.92722943433133
205 8.92722943433133
205 25.3050304330572
205 25.3050304330572
205 0.207714507577498
205 0.166258346232527
205 0.166258346232527
205 0.166258346232527
205 0.0100040081825628
205 0
205 0.104504418681071
205 0.159371574538507
205 0
205 0
205 0
205 0.0832249328304159
205 0.0832249328304159
205 0
205 16.8602220210468
205 16.8602220210468
205 16.8602220210468
205 4.2148331477233
205 0
205 0
205 0
205 0.77661884864794
205 0.77661884864794
205 0
205 0
205 0
205 0.888014056052162
205 9.54812026272255
205 9.54812026272255
205 9.54812026272255
210 220.545339215718
210 220.545339215718
210 220.545339215718
210 220.545339215718
210 0
210 8.92722943433133
210 8.92722943433133
210 25.3050304330572
210 25.3050304330572
210 0.207714507577498
210 0.166258346232527
210 0.166258346232527
210 0.166258346232527
210 0.0100040081825628
210 0
210 0.104504418681071
210 0.159371574538507
210 0
210 0
210 0
210 0.0832249328304159
210 0.0832249328304159
210 0
210 16.8602220210468
210 16.8602220210468
210 16.8602220210468
210 4.2148331477233
210 0
210 0
210 0
210 0.77661884864794
210 0.77661884864794
210 0
210 0
210 0
210 0.888014056052162
210 9.54812026272255
210 9.54812026272255
210 9.54812026272255
212 220.545339215718
212 220.545339215718
212 220.545339215718
212 220.545339215718
212 0
212 8.92722943433133
212 8.92722943433133
212 25.3050304330572
212 25.3050304330572
212 0.207714507577498
212 0.166258346232527
212 0.166258346232527
212 0.166258346232527
212 0.0100040081825628
212 0
212 0.104504418681071
212 0.159371574538507
212 0
212 0
212 0
212 0.0832249328304159
212 0.0832249328304159
212 0
212 16.8602220210468
212 16.8602220210468
212 16.8602220210468
212 4.2148331477233
212 0
212 0
212 0
212 0.77661884864794
212 0.77661884864794
212 0
212 0
212 0
212 0.888014056052162
212 9.54812026272255
212 9.54812026272255
212 9.54812026272255
228 220.545339215718
228 220.545339215718
228 220.545339215718
228 220.545339215718
228 0
228 8.92722943433133
228 8.92722943433133
228 25.3050304330572
228 25.3050304330572
228 0.207714507577498
228 0.166258346232527
228 0.166258346232527
228 0.166258346232527
228 0.0100040081825628
228 0
228 0.104504418681071
228 0.159371574538507
228 0
228 0
228 0
228 0.0832249328304159
228 0.0832249328304159
228 0
228 16.8602220210468
228 16.8602220210468
228 16.8602220210468
228 4.2148331477233
228 0
228 0
228 0
228 0.77661884864794
228 0.77661884864794
228 0
228 0
228 0
228 0.888014056052162
228 9.54812026272255
228 9.54812026272255
228 9.54812026272255
252 220.545339215718
252 220.545339215718
252 220.545339215718
252 220.545339215718
252 0
252 8.92722943433133
252 8.92722943433133
252 25.3050304330572
252 25.3050304330572
252 0.207714507577498
252 0.166258346232527
252 0.166258346232527
252 0.166258346232527
252 0.0100040081825628
252 0
252 0.104504418681071
252 0.159371574538507
252 0
252 0
252 0
252 0.0832249328304159
252 0.0832249328304159
252 0
252 16.8602220210468
252 16.8602220210468
252 16.8602220210468
252 4.2148331477233
252 0
252 0
252 0
252 0.77661884864794
252 0.77661884864794
252 0
252 0
252 0
252 0.888014056052162
252 9.54812026272255
252 9.54812026272255
252 9.54812026272255
268 220.545339215718
268 220.545339215718
268 220.545339215718
268 220.545339215718
268 0
268 8.92722943433133
268 8.92722943433133
268 25.3050304330572
268 25.3050304330572
268 0.207714507577498
268 0.166258346232527
268 0.166258346232527
268 0.166258346232527
268 0.0100040081825628
268 0
268 0.104504418681071
268 0.159371574538507
268 0
268 0
268 0
268 0.0832249328304159
268 0.0832249328304159
268 0
268 16.8602220210468
268 16.8602220210468
268 16.8602220210468
268 4.2148331477233
268 0
268 0
268 0
268 0.77661884864794
268 0.77661884864794
268 0
268 0
268 0
268 0.888014056052162
268 9.54812026272255
268 9.54812026272255
268 9.54812026272255
290 220.545339215718
290 220.545339215718
290 220.545339215718
290 220.545339215718
290 0
290 8.92722943433133
290 8.92722943433133
290 25.3050304330572
290 25.3050304330572
290 0.207714507577498
290 0.166258346232527
290 0.166258346232527
290 0.166258346232527
290 0.0100040081825628
290 0
290 0.104504418681071
290 0.159371574538507
290 0
290 0
290 0
290 0.0832249328304159
290 0.0832249328304159
290 0
290 16.8602220210468
290 16.8602220210468
290 16.8602220210468
290 4.2148331477233
290 0
290 0
290 0
290 0.77661884864794
290 0.77661884864794
290 0
290 0
290 0
290 0.888014056052162
290 9.54812026272255
290 9.54812026272255
290 9.54812026272255
10392 220.545339215718
10392 220.545339215718
10392 220.545339215718
10392 220.545339215718
10392 0
10392 8.92722943433133
10392 8.92722943433133
10392 25.3050304330572
10392 25.3050304330572
10392 0.207714507577498
10392 0.166258346232527
10392 0.166258346232527
10392 0.166258346232527
10392 0.0100040081825628
10392 0
10392 0.104504418681071
10392 0.159371574538507
10392 0
10392 0
10392 0
10392 0.0832249328304159
10392 0.0832249328304159
10392 0
10392 16.8602220210468
10392 16.8602220210468
10392 16.8602220210468
10392 4.2148331477233
10392 0
10392 0
10392 0
10392 0.77661884864794
10392 0.77661884864794
10392 0
10392 0
10392 0
10392 0.888014056052162
10392 9.54812026272255
10392 9.54812026272255
10392 9.54812026272255
310 220.545339215718
310 220.545339215718
310 220.545339215718
310 220.545339215718
310 0
310 8.92722943433133
310 8.92722943433133
310 25.3050304330572
310 25.3050304330572
310 0.207714507577498
310 0.166258346232527
310 0.166258346232527
310 0.166258346232527
310 0.0100040081825628
310 0
310 0.104504418681071
310 0.159371574538507
310 0
310 0
310 0
310 0.0832249328304159
310 0.0832249328304159
310 0
310 16.8602220210468
310 16.8602220210468
310 16.8602220210468
310 4.2148331477233
310 0
310 0
310 0
310 0.77661884864794
310 0.77661884864794
310 0
310 0
310 0
310 0.888014056052162
310 9.54812026272255
310 9.54812026272255
310 9.54812026272255
311 220.545339215718
311 220.545339215718
311 220.545339215718
311 220.545339215718
311 0
311 8.92722943433133
311 8.92722943433133
311 25.3050304330572
311 25.3050304330572
311 0.207714507577498
311 0.166258346232527
311 0.166258346232527
311 0.166258346232527
311 0.0100040081825628
311 0
311 0.104504418681071
311 0.159371574538507
311 0
311 0
311 0
311 0.0832249328304159
311 0.0832249328304159
311 0
311 16.8602220210468
311 16.8602220210468
311 16.8602220210468
311 4.2148331477233
311 0
311 0
311 0
311 0.77661884864794
311 0.77661884864794
311 0
311 0
311 0
311 0.888014056052162
311 9.54812026272255
311 9.54812026272255
311 9.54812026272255
325 220.545339215718
325 220.545339215718
325 220.545339215718
325 220.545339215718
325 0
325 8.92722943433133
325 8.92722943433133
325 25.3050304330572
325 25.3050304330572
325 0.207714507577498
325 0.166258346232527
325 0.166258346232527
325 0.166258346232527
325 0.0100040081825628
325 0
325 0.104504418681071
325 0.159371574538507
325 0
325 0
325 0
325 0.0832249328304159
325 0.0832249328304159
325 0
325 16.8602220210468
325 16.8602220210468
325 16.8602220210468
325 4.2148331477233
325 0
325 0
325 0
325 0.77661884864794
325 0.77661884864794
325 0
325 0
325 0
325 0.888014056052162
325 9.54812026272255
325 9.54812026272255
325 9.54812026272255
332 220.545339215718
332 220.545339215718
332 220.545339215718
332 220.545339215718
332 0
332 8.92722943433133
332 8.92722943433133
332 25.3050304330572
332 25.3050304330572
332 0.207714507577498
332 0.166258346232527
332 0.166258346232527
332 0.166258346232527
332 0.0100040081825628
332 0
332 0.104504418681071
332 0.159371574538507
332 0
332 0
332 0
332 0.0832249328304159
332 0.0832249328304159
332 0
332 16.8602220210468
332 16.8602220210468
332 16.8602220210468
332 4.2148331477233
332 0
332 0
332 0
332 0.77661884864794
332 0.77661884864794
332 0
332 0
332 0
332 0.888014056052162
332 9.54812026272255
332 9.54812026272255
332 9.54812026272255
334 220.545339215718
334 220.545339215718
334 220.545339215718
334 220.545339215718
334 0
334 8.92722943433133
334 8.92722943433133
334 25.3050304330572
334 25.3050304330572
334 0.207714507577498
334 0.166258346232527
334 0.166258346232527
334 0.166258346232527
334 0.0100040081825628
334 0
334 0.104504418681071
334 0.159371574538507
334 0
334 0
334 0
334 0.0832249328304159
334 0.0832249328304159
334 0
334 16.8602220210468
334 16.8602220210468
334 16.8602220210468
334 4.2148331477233
334 0
334 0
334 0
334 0.77661884864794
334 0.77661884864794
334 0
334 0
334 0
334 0.888014056052162
334 9.54812026272255
334 9.54812026272255
334 9.54812026272255
336 220.545339215718
336 220.545339215718
336 220.545339215718
336 220.545339215718
336 0
336 8.92722943433133
336 8.92722943433133
336 25.3050304330572
336 25.3050304330572
336 0.207714507577498
336 0.166258346232527
336 0.166258346232527
336 0.166258346232527
336 0.0100040081825628
336 0
336 0.104504418681071
336 0.159371574538507
336 0
336 0
336 0
336 0.0832249328304159
336 0.0832249328304159
336 0
336 16.8602220210468
336 16.8602220210468
336 16.8602220210468
336 4.2148331477233
336 0
336 0
336 0
336 0.77661884864794
336 0.77661884864794
336 0
336 0
336 0
336 0.888014056052162
336 9.54812026272255
336 9.54812026272255
336 9.54812026272255
337 220.545339215718
337 220.545339215718
337 220.545339215718
337 220.545339215718
337 0
337 8.92722943433133
337 8.92722943433133
337 25.3050304330572
337 25.3050304330572
337 0.207714507577498
337 0.166258346232527
337 0.166258346232527
337 0.166258346232527
337 0.0100040081825628
337 0
337 0.104504418681071
337 0.159371574538507
337 0
337 0
337 0
337 0.0832249328304159
337 0.0832249328304159
337 0
337 16.8602220210468
337 16.8602220210468
337 16.8602220210468
337 4.2148331477233
337 0
337 0
337 0
337 0.77661884864794
337 0.77661884864794
337 0
337 0
337 0
337 0.888014056052162
337 9.54812026272255
337 9.54812026272255
337 9.54812026272255
339 220.545339215718
339 220.545339215718
339 220.545339215718
339 220.545339215718
339 0
339 8.92722943433133
339 8.92722943433133
339 25.3050304330572
339 25.3050304330572
339 0.207714507577498
339 0.166258346232527
339 0.166258346232527
339 0.166258346232527
339 0.0100040081825628
339 0
339 0.104504418681071
339 0.159371574538507
339 0
339 0
339 0
339 0.0832249328304159
339 0.0832249328304159
339 0
339 16.8602220210468
339 16.8602220210468
339 16.8602220210468
339 4.2148331477233
339 0
339 0
339 0
339 0.77661884864794
339 0.77661884864794
339 0
339 0
339 0
339 0.888014056052162
339 9.54812026272255
339 9.54812026272255
339 9.54812026272255
382 220.545339215718
382 220.545339215718
382 220.545339215718
382 220.545339215718
382 0
382 8.92722943433133
382 8.92722943433133
382 25.3050304330572
382 25.3050304330572
382 0.207714507577498
382 0.166258346232527
382 0.166258346232527
382 0.166258346232527
382 0.0100040081825628
382 0
382 0.104504418681071
382 0.159371574538507
382 0
382 0
382 0
382 0.0832249328304159
382 0.0832249328304159
382 0
382 16.8602220210468
382 16.8602220210468
382 16.8602220210468
382 4.2148331477233
382 0
382 0
382 0
382 0.77661884864794
382 0.77661884864794
382 0
382 0
382 0
382 0.888014056052162
382 9.54812026272255
382 9.54812026272255
382 9.54812026272255
383 220.545339215718
383 220.545339215718
383 220.545339215718
383 220.545339215718
383 0
383 8.92722943433133
383 8.92722943433133
383 25.3050304330572
383 25.3050304330572
383 0.207714507577498
383 0.166258346232527
383 0.166258346232527
383 0.166258346232527
383 0.0100040081825628
383 0
383 0.104504418681071
383 0.159371574538507
383 0
383 0
383 0
383 0.0832249328304159
383 0.0832249328304159
383 0
383 16.8602220210468
383 16.8602220210468
383 16.8602220210468
383 4.2148331477233
383 0
383 0
383 0
383 0.77661884864794
383 0.77661884864794
383 0
383 0
383 0
383 0.888014056052162
383 9.54812026272255
383 9.54812026272255
383 9.54812026272255
384 220.545339215718
384 220.545339215718
384 220.545339215718
384 220.545339215718
384 0
384 8.92722943433133
384 8.92722943433133
384 25.3050304330572
384 25.3050304330572
384 0.207714507577498
384 0.166258346232527
384 0.166258346232527
384 0.166258346232527
384 0.0100040081825628
384 0
384 0.104504418681071
384 0.159371574538507
384 0
384 0
384 0
384 0.0832249328304159
384 0.0832249328304159
384 0
384 16.8602220210468
384 16.8602220210468
384 16.8602220210468
384 4.2148331477233
384 0
384 0
384 0
384 0.77661884864794
384 0.77661884864794
384 0
384 0
384 0
384 0.888014056052162
384 9.54812026272255
384 9.54812026272255
384 9.54812026272255
10854 220.545339215718
10854 220.545339215718
10854 220.545339215718
10854 220.545339215718
10854 0
10854 8.92722943433133
10854 8.92722943433133
10854 25.3050304330572
10854 25.3050304330572
10854 0.207714507577498
10854 0.166258346232527
10854 0.166258346232527
10854 0.166258346232527
10854 0.0100040081825628
10854 0
10854 0.104504418681071
10854 0.159371574538507
10854 0
10854 0
10854 0
10854 0.0832249328304159
10854 0.0832249328304159
10854 0
10854 16.8602220210468
10854 16.8602220210468
10854 16.8602220210468
10854 4.2148331477233
10854 0
10854 0
10854 0
10854 0.77661884864794
10854 0.77661884864794
10854 0
10854 0
10854 0
10854 0.888014056052162
10854 9.54812026272255
10854 9.54812026272255
10854 9.54812026272255
408 220.545339215718
408 220.545339215718
408 220.545339215718
408 220.545339215718
408 0
408 8.92722943433133
408 8.92722943433133
408 25.3050304330572
408 25.3050304330572
408 0.207714507577498
408 0.166258346232527
408 0.166258346232527
408 0.166258346232527
408 0.0100040081825628
408 0
408 0.104504418681071
408 0.159371574538507
408 0
408 0
408 0
408 0.0832249328304159
408 0.0832249328304159
408 0
408 16.8602220210468
408 16.8602220210468
408 16.8602220210468
408 4.2148331477233
408 0
408 0
408 0
408 0.77661884864794
408 0.77661884864794
408 0
408 0
408 0
408 0.888014056052162
408 9.54812026272255
408 9.54812026272255
408 9.54812026272255
430 220.545339215718
430 220.545339215718
430 220.545339215718
430 220.545339215718
430 0
430 8.92722943433133
430 8.92722943433133
430 25.3050304330572
430 25.3050304330572
430 0.207714507577498
430 0.166258346232527
430 0.166258346232527
430 0.166258346232527
430 0.0100040081825628
430 0
430 0.104504418681071
430 0.159371574538507
430 0
430 0
430 0
430 0.0832249328304159
430 0.0832249328304159
430 0
430 16.8602220210468
430 16.8602220210468
430 16.8602220210468
430 4.2148331477233
430 0
430 0
430 0
430 0.77661884864794
430 0.77661884864794
430 0
430 0
430 0
430 0.888014056052162
430 9.54812026272255
430 9.54812026272255
430 9.54812026272255
447 220.545339215718
447 220.545339215718
447 220.545339215718
447 220.545339215718
447 0
447 8.92722943433133
447 8.92722943433133
447 25.3050304330572
447 25.3050304330572
447 0.207714507577498
447 0.166258346232527
447 0.166258346232527
447 0.166258346232527
447 0.0100040081825628
447 0
447 0.104504418681071
447 0.159371574538507
447 0
447 0
447 0
447 0.0832249328304159
447 0.0832249328304159
447 0
447 16.8602220210468
447 16.8602220210468
447 16.8602220210468
447 4.2148331477233
447 0
447 0
447 0
447 0.77661884864794
447 0.77661884864794
447 0
447 0
447 0
447 0.888014056052162
447 9.54812026272255
447 9.54812026272255
447 9.54812026272255
448 220.545339215718
448 220.545339215718
448 220.545339215718
448 220.545339215718
448 0
448 8.92722943433133
448 8.92722943433133
448 25.3050304330572
448 25.3050304330572
448 0.207714507577498
448 0.166258346232527
448 0.166258346232527
448 0.166258346232527
448 0.0100040081825628
448 0
448 0.104504418681071
448 0.159371574538507
448 0
448 0
448 0
448 0.0832249328304159
448 0.0832249328304159
448 0
448 16.8602220210468
448 16.8602220210468
448 16.8602220210468
448 4.2148331477233
448 0
448 0
448 0
448 0.77661884864794
448 0.77661884864794
448 0
448 0
448 0
448 0.888014056052162
448 9.54812026272255
448 9.54812026272255
448 9.54812026272255
449 220.545339215718
449 220.545339215718
449 220.545339215718
449 220.545339215718
449 0
449 8.92722943433133
449 8.92722943433133
449 25.3050304330572
449 25.3050304330572
449 0.207714507577498
449 0.166258346232527
449 0.166258346232527
449 0.166258346232527
449 0.0100040081825628
449 0
449 0.104504418681071
449 0.159371574538507
449 0
449 0
449 0
449 0.0832249328304159
449 0.0832249328304159
449 0
449 16.8602220210468
449 16.8602220210468
449 16.8602220210468
449 4.2148331477233
449 0
449 0
449 0
449 0.77661884864794
449 0.77661884864794
449 0
449 0
449 0
449 0.888014056052162
449 9.54812026272255
449 9.54812026272255
449 9.54812026272255
450 220.545339215718
450 220.545339215718
450 220.545339215718
450 220.545339215718
450 0
450 8.92722943433133
450 8.92722943433133
450 25.3050304330572
450 25.3050304330572
450 0.207714507577498
450 0.166258346232527
450 0.166258346232527
450 0.166258346232527
450 0.0100040081825628
450 0
450 0.104504418681071
450 0.159371574538507
450 0
450 0
450 0
450 0.0832249328304159
450 0.0832249328304159
450 0
450 16.8602220210468
450 16.8602220210468
450 16.8602220210468
450 4.2148331477233
450 0
450 0
450 0
450 0.77661884864794
450 0.77661884864794
450 0
450 0
450 0
450 0.888014056052162
450 9.54812026272255
450 9.54812026272255
450 9.54812026272255
474 220.545339215718
474 220.545339215718
474 220.545339215718
474 220.545339215718
474 0
474 8.92722943433133
474 8.92722943433133
474 25.3050304330572
474 25.3050304330572
474 0.207714507577498
474 0.166258346232527
474 0.166258346232527
474 0.166258346232527
474 0.0100040081825628
474 0
474 0.104504418681071
474 0.159371574538507
474 0
474 0
474 0
474 0.0832249328304159
474 0.0832249328304159
474 0
474 16.8602220210468
474 16.8602220210468
474 16.8602220210468
474 4.2148331477233
474 0
474 0
474 0
474 0.77661884864794
474 0.77661884864794
474 0
474 0
474 0
474 0.888014056052162
474 9.54812026272255
474 9.54812026272255
474 9.54812026272255
482 220.545339215718
482 220.545339215718
482 220.545339215718
482 220.545339215718
482 0
482 8.92722943433133
482 8.92722943433133
482 25.3050304330572
482 25.3050304330572
482 0.207714507577498
482 0.166258346232527
482 0.166258346232527
482 0.166258346232527
482 0.0100040081825628
482 0
482 0.104504418681071
482 0.159371574538507
482 0
482 0
482 0
482 0.0832249328304159
482 0.0832249328304159
482 0
482 16.8602220210468
482 16.8602220210468
482 16.8602220210468
482 4.2148331477233
482 0
482 0
482 0
482 0.77661884864794
482 0.77661884864794
482 0
482 0
482 0
482 0.888014056052162
482 9.54812026272255
482 9.54812026272255
482 9.54812026272255
483 220.545339215718
483 220.545339215718
483 220.545339215718
483 220.545339215718
483 0
483 8.92722943433133
483 8.92722943433133
483 25.3050304330572
483 25.3050304330572
483 0.207714507577498
483 0.166258346232527
483 0.166258346232527
483 0.166258346232527
483 0.0100040081825628
483 0
483 0.104504418681071
483 0.159371574538507
483 0
483 0
483 0
483 0.0832249328304159
483 0.0832249328304159
483 0
483 16.8602220210468
483 16.8602220210468
483 16.8602220210468
483 4.2148331477233
483 0
483 0
483 0
483 0.77661884864794
483 0.77661884864794
483 0
483 0
483 0
483 0.888014056052162
483 9.54812026272255
483 9.54812026272255
483 9.54812026272255
500 220.545339215718
500 220.545339215718
500 220.545339215718
500 220.545339215718
500 0
500 8.92722943433133
500 8.92722943433133
500 25.3050304330572
500 25.3050304330572
500 0.207714507577498
500 0.166258346232527
500 0.166258346232527
500 0.166258346232527
500 0.0100040081825628
500 0
500 0.104504418681071
500 0.159371574538507
500 0
500 0
500 0
500 0.0832249328304159
500 0.0832249328304159
500 0
500 16.8602220210468
500 16.8602220210468
500 16.8602220210468
500 4.2148331477233
500 0
500 0
500 0
500 0.77661884864794
500 0.77661884864794
500 0
500 0
500 0
500 0.888014056052162
500 9.54812026272255
500 9.54812026272255
500 9.54812026272255
504 220.545339215718
504 220.545339215718
504 220.545339215718
504 220.545339215718
504 0
504 8.92722943433133
504 8.92722943433133
504 25.3050304330572
504 25.3050304330572
504 0.207714507577498
504 0.166258346232527
504 0.166258346232527
504 0.166258346232527
504 0.0100040081825628
504 0
504 0.104504418681071
504 0.159371574538507
504 0
504 0
504 0
504 0.0832249328304159
504 0.0832249328304159
504 0
504 16.8602220210468
504 16.8602220210468
504 16.8602220210468
504 4.2148331477233
504 0
504 0
504 0
504 0.77661884864794
504 0.77661884864794
504 0
504 0
504 0
504 0.888014056052162
504 9.54812026272255
504 9.54812026272255
504 9.54812026272255
507 220.545339215718
507 220.545339215718
507 220.545339215718
507 220.545339215718
507 0
507 8.92722943433133
507 8.92722943433133
507 25.3050304330572
507 25.3050304330572
507 0.207714507577498
507 0.166258346232527
507 0.166258346232527
507 0.166258346232527
507 0.0100040081825628
507 0
507 0.104504418681071
507 0.159371574538507
507 0
507 0
507 0
507 0.0832249328304159
507 0.0832249328304159
507 0
507 16.8602220210468
507 16.8602220210468
507 16.8602220210468
507 4.2148331477233
507 0
507 0
507 0
507 0.77661884864794
507 0.77661884864794
507 0
507 0
507 0
507 0.888014056052162
507 9.54812026272255
507 9.54812026272255
507 9.54812026272255
519 220.545339215718
519 220.545339215718
519 220.545339215718
519 220.545339215718
519 0
519 8.92722943433133
519 8.92722943433133
519 25.3050304330572
519 25.3050304330572
519 0.207714507577498
519 0.166258346232527
519 0.166258346232527
519 0.166258346232527
519 0.0100040081825628
519 0
519 0.104504418681071
519 0.159371574538507
519 0
519 0
519 0
519 0.0832249328304159
519 0.0832249328304159
519 0
519 16.8602220210468
519 16.8602220210468
519 16.8602220210468
519 4.2148331477233
519 0
519 0
519 0
519 0.77661884864794
519 0.77661884864794
519 0
519 0
519 0
519 0.888014056052162
519 9.54812026272255
519 9.54812026272255
519 9.54812026272255
524 220.545339215718
524 220.545339215718
524 220.545339215718
524 220.545339215718
524 0
524 8.92722943433133
524 8.92722943433133
524 25.3050304330572
524 25.3050304330572
524 0.207714507577498
524 0.166258346232527
524 0.166258346232527
524 0.166258346232527
524 0.0100040081825628
524 0
524 0.104504418681071
524 0.159371574538507
524 0
524 0
524 0
524 0.0832249328304159
524 0.0832249328304159
524 0
524 16.8602220210468
524 16.8602220210468
524 16.8602220210468
524 4.2148331477233
524 0
524 0
524 0
524 0.77661884864794
524 0.77661884864794
524 0
524 0
524 0
524 0.888014056052162
524 9.54812026272255
524 9.54812026272255
524 9.54812026272255
532 220.545339215718
532 220.545339215718
532 220.545339215718
532 220.545339215718
532 0
532 8.92722943433133
532 8.92722943433133
532 25.3050304330572
532 25.3050304330572
532 0.207714507577498
532 0.166258346232527
532 0.166258346232527
532 0.166258346232527
532 0.0100040081825628
532 0
532 0.104504418681071
532 0.159371574538507
532 0
532 0
532 0
532 0.0832249328304159
532 0.0832249328304159
532 0
532 16.8602220210468
532 16.8602220210468
532 16.8602220210468
532 4.2148331477233
532 0
532 0
532 0
532 0.77661884864794
532 0.77661884864794
532 0
532 0
532 0
532 0.888014056052162
532 9.54812026272255
532 9.54812026272255
532 9.54812026272255
533 220.545339215718
533 220.545339215718
533 220.545339215718
533 220.545339215718
533 0
533 8.92722943433133
533 8.92722943433133
533 25.3050304330572
533 25.3050304330572
533 0.207714507577498
533 0.166258346232527
533 0.166258346232527
533 0.166258346232527
533 0.0100040081825628
533 0
533 0.104504418681071
533 0.159371574538507
533 0
533 0
533 0
533 0.0832249328304159
533 0.0832249328304159
533 0
533 16.8602220210468
533 16.8602220210468
533 16.8602220210468
533 4.2148331477233
533 0
533 0
533 0
533 0.77661884864794
533 0.77661884864794
533 0
533 0
533 0
533 0.888014056052162
533 9.54812026272255
533 9.54812026272255
533 9.54812026272255
536 220.545339215718
536 220.545339215718
536 220.545339215718
536 220.545339215718
536 0
536 8.92722943433133
536 8.92722943433133
536 25.3050304330572
536 25.3050304330572
536 0.207714507577498
536 0.166258346232527
536 0.166258346232527
536 0.166258346232527
536 0.0100040081825628
536 0
536 0.104504418681071
536 0.159371574538507
536 0
536 0
536 0
536 0.0832249328304159
536 0.0832249328304159
536 0
536 16.8602220210468
536 16.8602220210468
536 16.8602220210468
536 4.2148331477233
536 0
536 0
536 0
536 0.77661884864794
536 0.77661884864794
536 0
536 0
536 0
536 0.888014056052162
536 9.54812026272255
536 9.54812026272255
536 9.54812026272255
559 220.545339215718
559 220.545339215718
559 220.545339215718
559 220.545339215718
559 0
559 8.92722943433133
559 8.92722943433133
559 25.3050304330572
559 25.3050304330572
559 0.207714507577498
559 0.166258346232527
559 0.166258346232527
559 0.166258346232527
559 0.0100040081825628
559 0
559 0.104504418681071
559 0.159371574538507
559 0
559 0
559 0
559 0.0832249328304159
559 0.0832249328304159
559 0
559 16.8602220210468
559 16.8602220210468
559 16.8602220210468
559 4.2148331477233
559 0
559 0
559 0
559 0.77661884864794
559 0.77661884864794
559 0
559 0
559 0
559 0.888014056052162
559 9.54812026272255
559 9.54812026272255
559 9.54812026272255
560 220.545339215718
560 220.545339215718
560 220.545339215718
560 220.545339215718
560 0
560 8.92722943433133
560 8.92722943433133
560 25.3050304330572
560 25.3050304330572
560 0.207714507577498
560 0.166258346232527
560 0.166258346232527
560 0.166258346232527
560 0.0100040081825628
560 0
560 0.104504418681071
560 0.159371574538507
560 0
560 0
560 0
560 0.0832249328304159
560 0.0832249328304159
560 0
560 16.8602220210468
560 16.8602220210468
560 16.8602220210468
560 4.2148331477233
560 0
560 0
560 0
560 0.77661884864794
560 0.77661884864794
560 0
560 0
560 0
560 0.888014056052162
560 9.54812026272255
560 9.54812026272255
560 9.54812026272255
565 220.545339215718
565 220.545339215718
565 220.545339215718
565 220.545339215718
565 0
565 8.92722943433133
565 8.92722943433133
565 25.3050304330572
565 25.3050304330572
565 0.207714507577498
565 0.166258346232527
565 0.166258346232527
565 0.166258346232527
565 0.0100040081825628
565 0
565 0.104504418681071
565 0.159371574538507
565 0
565 0
565 0
565 0.0832249328304159
565 0.0832249328304159
565 0
565 16.8602220210468
565 16.8602220210468
565 16.8602220210468
565 4.2148331477233
565 0
565 0
565 0
565 0.77661884864794
565 0.77661884864794
565 0
565 0
565 0
565 0.888014056052162
565 9.54812026272255
565 9.54812026272255
565 9.54812026272255
10081 220.545339215718
10081 220.545339215718
10081 220.545339215718
10081 220.545339215718
10081 0
10081 8.92722943433133
10081 8.92722943433133
10081 25.3050304330572
10081 25.3050304330572
10081 0.207714507577498
10081 0.166258346232527
10081 0.166258346232527
10081 0.166258346232527
10081 0.0100040081825628
10081 0
10081 0.104504418681071
10081 0.159371574538507
10081 0
10081 0
10081 0
10081 0.0832249328304159
10081 0.0832249328304159
10081 0
10081 16.8602220210468
10081 16.8602220210468
10081 16.8602220210468
10081 4.2148331477233
10081 0
10081 0
10081 0
10081 0.77661884864794
10081 0.77661884864794
10081 0
10081 0
10081 0
10081 0.888014056052162
10081 9.54812026272255
10081 9.54812026272255
10081 9.54812026272255
10408 220.545339215718
10408 220.545339215718
10408 220.545339215718
10408 220.545339215718
10408 0
10408 8.92722943433133
10408 8.92722943433133
10408 25.3050304330572
10408 25.3050304330572
10408 0.207714507577498
10408 0.166258346232527
10408 0.166258346232527
10408 0.166258346232527
10408 0.0100040081825628
10408 0
10408 0.104504418681071
10408 0.159371574538507
10408 0
10408 0
10408 0
10408 0.0832249328304159
10408 0.0832249328304159
10408 0
10408 16.8602220210468
10408 16.8602220210468
10408 16.8602220210468
10408 4.2148331477233
10408 0
10408 0
10408 0
10408 0.77661884864794
10408 0.77661884864794
10408 0
10408 0
10408 0
10408 0.888014056052162
10408 9.54812026272255
10408 9.54812026272255
10408 9.54812026272255
591 220.545339215718
591 220.545339215718
591 220.545339215718
591 220.545339215718
591 0
591 8.92722943433133
591 8.92722943433133
591 25.3050304330572
591 25.3050304330572
591 0.207714507577498
591 0.166258346232527
591 0.166258346232527
591 0.166258346232527
591 0.0100040081825628
591 0
591 0.104504418681071
591 0.159371574538507
591 0
591 0
591 0
591 0.0832249328304159
591 0.0832249328304159
591 0
591 16.8602220210468
591 16.8602220210468
591 16.8602220210468
591 4.2148331477233
591 0
591 0
591 0
591 0.77661884864794
591 0.77661884864794
591 0
591 0
591 0
591 0.888014056052162
591 9.54812026272255
591 9.54812026272255
591 9.54812026272255
592 220.545339215718
592 220.545339215718
592 220.545339215718
592 220.545339215718
592 0
592 8.92722943433133
592 8.92722943433133
592 25.3050304330572
592 25.3050304330572
592 0.207714507577498
592 0.166258346232527
592 0.166258346232527
592 0.166258346232527
592 0.0100040081825628
592 0
592 0.104504418681071
592 0.159371574538507
592 0
592 0
592 0
592 0.0832249328304159
592 0.0832249328304159
592 0
592 16.8602220210468
592 16.8602220210468
592 16.8602220210468
592 4.2148331477233
592 0
592 0
592 0
592 0.77661884864794
592 0.77661884864794
592 0
592 0
592 0
592 0.888014056052162
592 9.54812026272255
592 9.54812026272255
592 9.54812026272255
595 220.545339215718
595 220.545339215718
595 220.545339215718
595 220.545339215718
595 0
595 8.92722943433133
595 8.92722943433133
595 25.3050304330572
595 25.3050304330572
595 0.207714507577498
595 0.166258346232527
595 0.166258346232527
595 0.166258346232527
595 0.0100040081825628
595 0
595 0.104504418681071
595 0.159371574538507
595 0
595 0
595 0
595 0.0832249328304159
595 0.0832249328304159
595 0
595 16.8602220210468
595 16.8602220210468
595 16.8602220210468
595 4.2148331477233
595 0
595 0
595 0
595 0.77661884864794
595 0.77661884864794
595 0
595 0
595 0
595 0.888014056052162
595 9.54812026272255
595 9.54812026272255
595 9.54812026272255
596 220.545339215718
596 220.545339215718
596 220.545339215718
596 220.545339215718
596 0
596 8.92722943433133
596 8.92722943433133
596 25.3050304330572
596 25.3050304330572
596 0.207714507577498
596 0.166258346232527
596 0.166258346232527
596 0.166258346232527
596 0.0100040081825628
596 0
596 0.104504418681071
596 0.159371574538507
596 0
596 0
596 0
596 0.0832249328304159
596 0.0832249328304159
596 0
596 16.8602220210468
596 16.8602220210468
596 16.8602220210468
596 4.2148331477233
596 0
596 0
596 0
596 0.77661884864794
596 0.77661884864794
596 0
596 0
596 0
596 0.888014056052162
596 9.54812026272255
596 9.54812026272255
596 9.54812026272255
607 220.545339215718
607 220.545339215718
607 220.545339215718
607 220.545339215718
607 0
607 8.92722943433133
607 8.92722943433133
607 25.3050304330572
607 25.3050304330572
607 0.207714507577498
607 0.166258346232527
607 0.166258346232527
607 0.166258346232527
607 0.0100040081825628
607 0
607 0.104504418681071
607 0.159371574538507
607 0
607 0
607 0
607 0.0832249328304159
607 0.0832249328304159
607 0
607 16.8602220210468
607 16.8602220210468
607 16.8602220210468
607 4.2148331477233
607 0
607 0
607 0
607 0.77661884864794
607 0.77661884864794
607 0
607 0
607 0
607 0.888014056052162
607 9.54812026272255
607 9.54812026272255
607 9.54812026272255
624 220.545339215718
624 220.545339215718
624 220.545339215718
624 220.545339215718
624 0
624 8.92722943433133
624 8.92722943433133
624 25.3050304330572
624 25.3050304330572
624 0.207714507577498
624 0.166258346232527
624 0.166258346232527
624 0.166258346232527
624 0.0100040081825628
624 0
624 0.104504418681071
624 0.159371574538507
624 0
624 0
624 0
624 0.0832249328304159
624 0.0832249328304159
624 0
624 16.8602220210468
624 16.8602220210468
624 16.8602220210468
624 4.2148331477233
624 0
624 0
624 0
624 0.77661884864794
624 0.77661884864794
624 0
624 0
624 0
624 0.888014056052162
624 9.54812026272255
624 9.54812026272255
624 9.54812026272255
626 220.545339215718
626 220.545339215718
626 220.545339215718
626 220.545339215718
626 0
626 8.92722943433133
626 8.92722943433133
626 25.3050304330572
626 25.3050304330572
626 0.207714507577498
626 0.166258346232527
626 0.166258346232527
626 0.166258346232527
626 0.0100040081825628
626 0
626 0.104504418681071
626 0.159371574538507
626 0
626 0
626 0
626 0.0832249328304159
626 0.0832249328304159
626 0
626 16.8602220210468
626 16.8602220210468
626 16.8602220210468
626 4.2148331477233
626 0
626 0
626 0
626 0.77661884864794
626 0.77661884864794
626 0
626 0
626 0
626 0.888014056052162
626 9.54812026272255
626 9.54812026272255
626 9.54812026272255
627 220.545339215718
627 220.545339215718
627 220.545339215718
627 220.545339215718
627 0
627 8.92722943433133
627 8.92722943433133
627 25.3050304330572
627 25.3050304330572
627 0.207714507577498
627 0.166258346232527
627 0.166258346232527
627 0.166258346232527
627 0.0100040081825628
627 0
627 0.104504418681071
627 0.159371574538507
627 0
627 0
627 0
627 0.0832249328304159
627 0.0832249328304159
627 0
627 16.8602220210468
627 16.8602220210468
627 16.8602220210468
627 4.2148331477233
627 0
627 0
627 0
627 0.77661884864794
627 0.77661884864794
627 0
627 0
627 0
627 0.888014056052162
627 9.54812026272255
627 9.54812026272255
627 9.54812026272255
629 220.545339215718
629 220.545339215718
629 220.545339215718
629 220.545339215718
629 0
629 8.92722943433133
629 8.92722943433133
629 25.3050304330572
629 25.3050304330572
629 0.207714507577498
629 0.166258346232527
629 0.166258346232527
629 0.166258346232527
629 0.0100040081825628
629 0
629 0.104504418681071
629 0.159371574538507
629 0
629 0
629 0
629 0.0832249328304159
629 0.0832249328304159
629 0
629 16.8602220210468
629 16.8602220210468
629 16.8602220210468
629 4.2148331477233
629 0
629 0
629 0
629 0.77661884864794
629 0.77661884864794
629 0
629 0
629 0
629 0.888014056052162
629 9.54812026272255
629 9.54812026272255
629 9.54812026272255
634 220.545339215718
634 220.545339215718
634 220.545339215718
634 220.545339215718
634 0
634 8.92722943433133
634 8.92722943433133
634 25.3050304330572
634 25.3050304330572
634 0.207714507577498
634 0.166258346232527
634 0.166258346232527
634 0.166258346232527
634 0.0100040081825628
634 0
634 0.104504418681071
634 0.159371574538507
634 0
634 0
634 0
634 0.0832249328304159
634 0.0832249328304159
634 0
634 16.8602220210468
634 16.8602220210468
634 16.8602220210468
634 4.2148331477233
634 0
634 0
634 0
634 0.77661884864794
634 0.77661884864794
634 0
634 0
634 0
634 0.888014056052162
634 9.54812026272255
634 9.54812026272255
634 9.54812026272255
662 220.545339215718
662 220.545339215718
662 220.545339215718
662 220.545339215718
662 0
662 8.92722943433133
662 8.92722943433133
662 25.3050304330572
662 25.3050304330572
662 0.207714507577498
662 0.166258346232527
662 0.166258346232527
662 0.166258346232527
662 0.0100040081825628
662 0
662 0.104504418681071
662 0.159371574538507
662 0
662 0
662 0
662 0.0832249328304159
662 0.0832249328304159
662 0
662 16.8602220210468
662 16.8602220210468
662 16.8602220210468
662 4.2148331477233
662 0
662 0
662 0
662 0.77661884864794
662 0.77661884864794
662 0
662 0
662 0
662 0.888014056052162
662 9.54812026272255
662 9.54812026272255
662 9.54812026272255
663 220.545339215718
663 220.545339215718
663 220.545339215718
663 220.545339215718
663 0
663 8.92722943433133
663 8.92722943433133
663 25.3050304330572
663 25.3050304330572
663 0.207714507577498
663 0.166258346232527
663 0.166258346232527
663 0.166258346232527
663 0.0100040081825628
663 0
663 0.104504418681071
663 0.159371574538507
663 0
663 0
663 0
663 0.0832249328304159
663 0.0832249328304159
663 0
663 16.8602220210468
663 16.8602220210468
663 16.8602220210468
663 4.2148331477233
663 0
663 0
663 0
663 0.77661884864794
663 0.77661884864794
663 0
663 0
663 0
663 0.888014056052162
663 9.54812026272255
663 9.54812026272255
663 9.54812026272255
699 220.545339215718
699 220.545339215718
699 220.545339215718
699 220.545339215718
699 0
699 8.92722943433133
699 8.92722943433133
699 25.3050304330572
699 25.3050304330572
699 0.207714507577498
699 0.166258346232527
699 0.166258346232527
699 0.166258346232527
699 0.0100040081825628
699 0
699 0.104504418681071
699 0.159371574538507
699 0
699 0
699 0
699 0.0832249328304159
699 0.0832249328304159
699 0
699 16.8602220210468
699 16.8602220210468
699 16.8602220210468
699 4.2148331477233
699 0
699 0
699 0
699 0.77661884864794
699 0.77661884864794
699 0
699 0
699 0
699 0.888014056052162
699 9.54812026272255
699 9.54812026272255
699 9.54812026272255
700 220.545339215718
700 220.545339215718
700 220.545339215718
700 220.545339215718
700 0
700 8.92722943433133
700 8.92722943433133
700 25.3050304330572
700 25.3050304330572
700 0.207714507577498
700 0.166258346232527
700 0.166258346232527
700 0.166258346232527
700 0.0100040081825628
700 0
700 0.104504418681071
700 0.159371574538507
700 0
700 0
700 0
700 0.0832249328304159
700 0.0832249328304159
700 0
700 16.8602220210468
700 16.8602220210468
700 16.8602220210468
700 4.2148331477233
700 0
700 0
700 0
700 0.77661884864794
700 0.77661884864794
700 0
700 0
700 0
700 0.888014056052162
700 9.54812026272255
700 9.54812026272255
700 9.54812026272255
701 220.545339215718
701 220.545339215718
701 220.545339215718
701 220.545339215718
701 0
701 8.92722943433133
701 8.92722943433133
701 25.3050304330572
701 25.3050304330572
701 0.207714507577498
701 0.166258346232527
701 0.166258346232527
701 0.166258346232527
701 0.0100040081825628
701 0
701 0.104504418681071
701 0.159371574538507
701 0
701 0
701 0
701 0.0832249328304159
701 0.0832249328304159
701 0
701 16.8602220210468
701 16.8602220210468
701 16.8602220210468
701 4.2148331477233
701 0
701 0
701 0
701 0.77661884864794
701 0.77661884864794
701 0
701 0
701 0
701 0.888014056052162
701 9.54812026272255
701 9.54812026272255
701 9.54812026272255
702 220.545339215718
702 220.545339215718
702 220.545339215718
702 220.545339215718
702 0
702 8.92722943433133
702 8.92722943433133
702 25.3050304330572
702 25.3050304330572
702 0.207714507577498
702 0.166258346232527
702 0.166258346232527
702 0.166258346232527
702 0.0100040081825628
702 0
702 0.104504418681071
702 0.159371574538507
702 0
702 0
702 0
702 0.0832249328304159
702 0.0832249328304159
702 0
702 16.8602220210468
702 16.8602220210468
702 16.8602220210468
702 4.2148331477233
702 0
702 0
702 0
702 0.77661884864794
702 0.77661884864794
702 0
702 0
702 0
702 0.888014056052162
702 9.54812026272255
702 9.54812026272255
702 9.54812026272255
703 220.545339215718
703 220.545339215718
703 220.545339215718
703 220.545339215718
703 0
703 8.92722943433133
703 8.92722943433133
703 25.3050304330572
703 25.3050304330572
703 0.207714507577498
703 0.166258346232527
703 0.166258346232527
703 0.166258346232527
703 0.0100040081825628
703 0
703 0.104504418681071
703 0.159371574538507
703 0
703 0
703 0
703 0.0832249328304159
703 0.0832249328304159
703 0
703 16.8602220210468
703 16.8602220210468
703 16.8602220210468
703 4.2148331477233
703 0
703 0
703 0
703 0.77661884864794
703 0.77661884864794
703 0
703 0
703 0
703 0.888014056052162
703 9.54812026272255
703 9.54812026272255
703 9.54812026272255
777 220.545339215718
777 220.545339215718
777 220.545339215718
777 220.545339215718
777 0
777 8.92722943433133
777 8.92722943433133
777 25.3050304330572
777 25.3050304330572
777 0.207714507577498
777 0.166258346232527
777 0.166258346232527
777 0.166258346232527
777 0.0100040081825628
777 0
777 0.104504418681071
777 0.159371574538507
777 0
777 0
777 0
777 0.0832249328304159
777 0.0832249328304159
777 0
777 16.8602220210468
777 16.8602220210468
777 16.8602220210468
777 4.2148331477233
777 0
777 0
777 0
777 0.77661884864794
777 0.77661884864794
777 0
777 0
777 0
777 0.888014056052162
777 9.54812026272255
777 9.54812026272255
777 9.54812026272255
778 220.545339215718
778 220.545339215718
778 220.545339215718
778 220.545339215718
778 0
778 8.92722943433133
778 8.92722943433133
778 25.3050304330572
778 25.3050304330572
778 0.207714507577498
778 0.166258346232527
778 0.166258346232527
778 0.166258346232527
778 0.0100040081825628
778 0
778 0.104504418681071
778 0.159371574538507
778 0
778 0
778 0
778 0.0832249328304159
778 0.0832249328304159
778 0
778 16.8602220210468
778 16.8602220210468
778 16.8602220210468
778 4.2148331477233
778 0
778 0
778 0
778 0.77661884864794
778 0.77661884864794
778 0
778 0
778 0
778 0.888014056052162
778 9.54812026272255
778 9.54812026272255
778 9.54812026272255
