pt_graph shape
10387 1
10387 1
10387 1
10387 1
10387 1
10387 1
10387 1
10387 1
10387 1
10387 1
10387 1
10387 1
10387 1
10387 1
10387 1
10387 1
10387 1
10387 1
10387 1
10387 1
10387 1
10387 1
10387 1
10387 1
10387 1
10387 1
10387 1
10387 1
10387 1
10387 1
10387 1
10387 1
10387 1
10387 1
10387 1
10387 1
10387 1
10387 1
10387 1
10387 1
10387 1
10387 1
10387 1
10387 1
10387 1
10791 1
10791 1
10791 1
10791 1
10791 1
10791 1
10791 1
10791 1
10791 1
10791 1
10791 1
10791 1
10791 1
10791 1
10791 1
10791 1
10791 1
10791 1
10791 1
10791 1
10791 1
10791 1
10791 1
10791 1
10791 1
10791 1
10791 1
10791 1
10791 1
10791 1
10791 1
10791 1
10791 1
10791 1
10791 1
10791 1
10791 1
10791 1
10791 1
10791 1
10791 1
10791 1
10791 1
10791 1
10791 1
4 1
4 1
4 1
4 1
4 1
4 1
4 1
4 1
4 1
4 1
4 1
4 1
4 1
4 1
4 1
4 1
4 1
4 1
4 1
4 1
4 1
4 1
4 1
4 1
4 1
4 1
4 1
4 1
4 1
4 1
4 1
4 1
4 1
4 1
4 1
4 1
4 1
4 1
4 1
4 1
4 1
4 1
4 1
4 1
4 1
6 1
6 1
6 1
6 1
6 1
6 1
6 1
6 1
6 1
6 1
6 1
6 1
6 1
6 1
6 1
6 1
6 1
6 1
6 1
6 1
6 1
6 1
6 1
6 1
6 1
6 1
6 1
6 1
6 1
6 1
6 1
6 1
6 1
6 1
6 1
6 1
6 1
6 1
6 1
6 1
6 1
6 1
6 1
6 1
6 1
12 1
12 1
12 1
12 1
12 1
12 1
12 1
12 1
12 1
12 1
12 1
12 1
12 1
12 1
12 1
12 1
12 1
12 1
12 1
12 1
12 1
12 1
12 1
12 1
12 1
12 1
12 1
12 1
12 1
12 1
12 1
12 1
12 1
12 1
12 1
12 1
12 1
12 1
12 1
12 1
12 1
12 1
12 1
12 1
12 1
15 1
15 1
15 1
15 1
15 1
15 1
15 1
15 1
15 1
15 1
15 1
15 1
15 1
15 1
15 1
15 1
15 1
15 1
15 1
15 1
15 1
15 1
15 1
15 1
15 1
15 1
15 1
15 1
15 1
15 1
15 1
15 1
15 1
15 1
15 1
15 1
15 1
15 1
15 1
15 1
15 1
15 1
15 1
15 1
15 1
27 1
27 1
27 1
27 1
27 1
27 1
27 1
27 1
27 1
27 1
27 1
27 1
27 1
27 1
27 1
27 1
27 1
27 1
27 1
27 1
27 1
27 1
27 1
27 1
27 1
27 1
27 1
27 1
27 1
27 1
27 1
27 1
27 1
27 1
27 1
27 1
27 1
27 1
27 1
27 1
27 1
27 1
27 1
27 1
27 1
29 1
29 1
29 1
29 1
29 1
29 1
29 1
29 1
29 1
29 1
29 1
29 1
29 1
29 1
29 1
29 1
29 1
29 1
29 1
29 1
29 1
29 1
29 1
29 1
29 1
29 1
29 1
29 1
29 1
29 1
29 1
29 1
29 1
29 1
29 1
29 1
29 1
29 1
29 1
29 1
29 1
29 1
29 1
29 1
29 1
30 1
30 1
30 1
30 1
30 1
30 1
30 1
30 1
30 1
30 1
30 1
30 1
30 1
30 1
30 1
30 1
30 1
30 1
30 1
30 1
30 1
30 1
30 1
30 1
30 1
30 1
30 1
30 1
30 1
30 1
30 1
30 1
30 1
30 1
30 1
30 1
30 1
30 1
30 1
30 1
30 1
30 1
30 1
30 1
30 1
33 1
33 1
33 1
33 1
33 1
33 1
33 1
33 1
33 1
33 1
33 1
33 1
33 1
33 1
33 1
33 1
33 1
33 1
33 1
33 1
33 1
33 1
33 1
33 1
33 1
33 1
33 1
33 1
33 1
33 1
33 1
33 1
33 1
33 1
33 1
33 1
33 1
33 1
33 1
33 1
33 1
33 1
33 1
33 1
33 1
35 1
35 1
35 1
35 1
35 1
35 1
35 1
35 1
35 1
35 1
35 1
35 1
35 1
35 1
35 1
35 1
35 1
35 1
35 1
35 1
35 1
35 1
35 1
35 1
35 1
35 1
35 1
35 1
35 1
35 1
35 1
35 1
35 1
35 1
35 1
35 1
35 1
35 1
35 1
35 1
35 1
35 1
35 1
35 1
35 1
42 1
42 1
42 1
42 1
42 1
42 1
42 1
42 1
42 1
42 1
42 1
42 1
42 1
42 1
42 1
42 1
42 1
42 1
42 1
42 1
42 1
42 1
42 1
42 1
42 1
42 1
42 1
42 1
42 1
42 1
42 1
42 1
42 1
42 1
42 1
42 1
42 1
42 1
42 1
42 1
42 1
42 1
42 1
42 1
42 1
55 1
55 1
55 1
55 1
55 1
55 1
55 1
55 1
55 1
55 1
55 1
55 1
55 1
55 1
55 1
55 1
55 1
55 1
55 1
55 1
55 1
55 1
55 1
55 1
55 1
55 1
55 1
55 1
55 1
55 1
55 1
55 1
55 1
55 1
55 1
55 1
55 1
55 1
55 1
55 1
55 1
55 1
55 1
55 1
55 1
56 1
56 1
56 1
56 1
56 1
56 1
56 1
56 1
56 1
56 1
56 1
56 1
56 1
56 1
56 1
56 1
56 1
56 1
56 1
56 1
56 1
56 1
56 1
56 1
56 1
56 1
56 1
56 1
56 1
56 1
56 1
56 1
56 1
56 1
56 1
56 1
56 1
56 1
56 1
56 1
56 1
56 1
56 1
56 1
56 1
63 1
63 1
63 1
63 1
63 1
63 1
63 1
63 1
63 1
63 1
63 1
63 1
63 1
63 1
63 1
63 1
63 1
63 1
63 1
63 1
63 1
63 1
63 1
63 1
63 1
63 1
63 1
63 1
63 1
63 1
63 1
63 1
63 1
63 1
63 1
63 1
63 1
63 1
63 1
63 1
63 1
63 1
63 1
63 1
63 1
75 1
75 1
75 1
75 1
75 1
75 1
75 1
75 1
75 1
75 1
75 1
75 1
75 1
75 1
75 1
75 1
75 1
75 1
75 1
75 1
75 1
75 1
75 1
75 1
75 1
75 1
75 1
75 1
75 1
75 1
75 1
75 1
75 1
75 1
75 1
75 1
75 1
75 1
75 1
75 1
75 1
75 1
75 1
75 1
75 1
76 1
76 1
76 1
76 1
76 1
76 1
76 1
76 1
76 1
76 1
76 1
76 1
76 1
76 1
76 1
76 1
76 1
76 1
76 1
76 1
76 1
76 1
76 1
76 1
76 1
76 1
76 1
76 1
76 1
76 1
76 1
76 1
76 1
76 1
76 1
76 1
76 1
76 1
76 1
76 1
76 1
76 1
76 1
76 1
76 1
84 1
84 1
84 1
84 1
84 1
84 1
84 1
84 1
84 1
84 1
84 1
84 1
84 1
84 1
84 1
84 1
84 1
84 1
84 1
84 1
84 1
84 1
84 1
84 1
84 1
84 1
84 1
84 1
84 1
84 1
84 1
84 1
84 1
84 1
84 1
84 1
84 1
84 1
84 1
84 1
84 1
84 1
84 1
84 1
84 1
100 1
100 1
100 1
100 1
100 1
100 1
100 1
100 1
100 1
100 1
100 1
100 1
100 1
100 1
100 1
100 1
100 1
100 1
100 1
100 1
100 1
100 1
100 1
100 1
100 1
100 1
100 1
100 1
100 1
100 1
100 1
100 1
100 1
100 1
100 1
100 1
100 1
100 1
100 1
100 1
100 1
100 1
100 1
100 1
100 1
130 1
130 1
130 1
130 1
130 1
130 1
130 1
130 1
130 1
130 1
130 1
130 1
130 1
130 1
130 1
130 1
130 1
130 1
130 1
130 1
130 1
130 1
130 1
130 1
130 1
130 1
130 1
130 1
130 1
130 1
130 1
130 1
130 1
130 1
130 1
130 1
130 1
130 1
130 1
130 1
130 1
130 1
130 1
130 1
130 1
145 1
145 1
145 1
145 1
145 1
145 1
145 1
145 1
145 1
145 1
145 1
145 1
145 1
145 1
145 1
145 1
145 1
145 1
145 1
145 1
145 1
145 1
145 1
145 1
145 1
145 1
145 1
145 1
145 1
145 1
145 1
145 1
145 1
145 1
145 1
145 1
145 1
145 1
145 1
145 1
145 1
145 1
145 1
145 1
145 1
151 1
151 1
151 1
151 1
151 1
151 1
151 1
151 1
151 1
151 1
151 1
151 1
151 1
151 1
151 1
151 1
151 1
151 1
151 1
151 1
151 1
151 1
151 1
151 1
151 1
151 1
151 1
151 1
151 1
151 1
151 1
151 1
151 1
151 1
151 1
151 1
151 1
151 1
151 1
151 1
151 1
151 1
151 1
151 1
151 1
152 1
152 1
152 1
152 1
152 1
152 1
152 1
152 1
152 1
152 1
152 1
152 1
152 1
152 1
152 1
152 1
152 1
152 1
152 1
152 1
152 1
152 1
152 1
152 1
152 1
152 1
152 1
152 1
152 1
152 1
152 1
152 1
152 1
152 1
152 1
152 1
152 1
152 1
152 1
152 1
152 1
152 1
152 1
152 1
152 1
155 1
155 1
155 1
155 1
155 1
155 1
155 1
155 1
155 1
155 1
155 1
155 1
155 1
155 1
155 1
155 1
155 1
155 1
155 1
155 1
155 1
155 1
155 1
155 1
155 1
155 1
155 1
155 1
155 1
155 1
155 1
155 1
155 1
155 1
155 1
155 1
155 1
155 1
155 1
155 1
155 1
155 1
155 1
155 1
155 1
164 1
164 1
164 1
164 1
164 1
164 1
164 1
164 1
164 1
164 1
164 1
164 1
164 1
164 1
164 1
164 1
164 1
164 1
164 1
164 1
164 1
164 1
164 1
164 1
164 1
164 1
164 1
164 1
164 1
164 1
164 1
164 1
164 1
164 1
164 1
164 1
164 1
164 1
164 1
164 1
164 1
164 1
164 1
164 1
164 1
173 1
173 1
173 1
173 1
173 1
173 1
173 1
173 1
173 1
173 1
173 1
173 1
173 1
173 1
173 1
173 1
173 1
173 1
173 1
173 1
173 1
173 1
173 1
173 1
173 1
173 1
173 1
173 1
173 1
173 1
173 1
173 1
173 1
173 1
173 1
173 1
173 1
173 1
173 1
173 1
173 1
173 1
173 1
173 1
173 1
174 1
174 1
174 1
174 1
174 1
174 1
174 1
174 1
174 1
174 1
174 1
174 1
174 1
174 1
174 1
174 1
174 1
174 1
174 1
174 1
174 1
174 1
174 1
174 1
174 1
174 1
174 1
174 1
174 1
174 1
174 1
174 1
174 1
174 1
174 1
174 1
174 1
174 1
174 1
174 1
174 1
174 1
174 1
174 1
174 1
192 1
192 1
192 1
192 1
192 1
192 1
192 1
192 1
192 1
192 1
192 1
192 1
192 1
192 1
192 1
192 1
192 1
192 1
192 1
192 1
192 1
192 1
192 1
192 1
192 1
192 1
192 1
192 1
192 1
192 1
192 1
192 1
192 1
192 1
192 1
192 1
192 1
192 1
192 1
192 1
192 1
192 1
192 1
192 1
192 1
214 1
214 1
214 1
214 1
214 1
214 1
214 1
214 1
214 1
214 1
214 1
214 1
214 1
214 1
214 1
214 1
214 1
214 1
214 1
214 1
214 1
214 1
214 1
214 1
214 1
214 1
214 1
214 1
214 1
214 1
214 1
214 1
214 1
214 1
214 1
214 1
214 1
214 1
214 1
214 1
214 1
214 1
214 1
214 1
214 1
254 1
254 1
254 1
254 1
254 1
254 1
254 1
254 1
254 1
254 1
254 1
254 1
254 1
254 1
254 1
254 1
254 1
254 1
254 1
254 1
254 1
254 1
254 1
254 1
254 1
254 1
254 1
254 1
254 1
254 1
254 1
254 1
254 1
254 1
254 1
254 1
254 1
254 1
254 1
254 1
254 1
254 1
254 1
254 1
254 1
271 1
271 1
271 1
271 1
271 1
271 1
271 1
271 1
271 1
271 1
271 1
271 1
271 1
271 1
271 1
271 1
271 1
271 1
271 1
271 1
271 1
271 1
271 1
271 1
271 1
271 1
271 1
271 1
271 1
271 1
271 1
271 1
271 1
271 1
271 1
271 1
271 1
271 1
271 1
271 1
271 1
271 1
271 1
271 1
271 1
272 1
272 1
272 1
272 1
272 1
272 1
272 1
272 1
272 1
272 1
272 1
272 1
272 1
272 1
272 1
272 1
272 1
272 1
272 1
272 1
272 1
272 1
272 1
272 1
272 1
272 1
272 1
272 1
272 1
272 1
272 1
272 1
272 1
272 1
272 1
272 1
272 1
272 1
272 1
272 1
272 1
272 1
272 1
272 1
272 1
361 1
361 1
361 1
361 1
361 1
361 1
361 1
361 1
361 1
361 1
361 1
361 1
361 1
361 1
361 1
361 1
361 1
361 1
361 1
361 1
361 1
361 1
361 1
361 1
361 1
361 1
361 1
361 1
361 1
361 1
361 1
361 1
361 1
361 1
361 1
361 1
361 1
361 1
361 1
361 1
361 1
361 1
361 1
361 1
361 1
547 1
547 1
547 1
547 1
547 1
547 1
547 1
547 1
547 1
547 1
547 1
547 1
547 1
547 1
547 1
547 1
547 1
547 1
547 1
547 1
547 1
547 1
547 1
547 1
547 1
547 1
547 1
547 1
547 1
547 1
547 1
547 1
547 1
547 1
547 1
547 1
547 1
547 1
547 1
547 1
547 1
547 1
547 1
547 1
547 1
1411 1
1411 1
1411 1
1411 1
1411 1
1411 1
1411 1
1411 1
1411 1
1411 1
1411 1
1411 1
1411 1
1411 1
1411 1
1411 1
1411 1
1411 1
1411 1
1411 1
1411 1
1411 1
1411 1
1411 1
1411 1
1411 1
1411 1
1411 1
1411 1
1411 1
1411 1
1411 1
1411 1
1411 1
1411 1
1411 1
1411 1
1411 1
1411 1
1411 1
1411 1
1411 1
1411 1
1411 1
1411 1
1413 1
1413 1
1413 1
1413 1
1413 1
1413 1
1413 1
1413 1
1413 1
1413 1
1413 1
1413 1
1413 1
1413 1
1413 1
1413 1
1413 1
1413 1
1413 1
1413 1
1413 1
1413 1
1413 1
1413 1
1413 1
1413 1
1413 1
1413 1
1413 1
1413 1
1413 1
1413 1
1413 1
1413 1
1413 1
1413 1
1413 1
1413 1
1413 1
1413 1
1413 1
1413 1
1413 1
1413 1
1413 1
1470 1
1470 1
1470 1
1470 1
1470 1
1470 1
1470 1
1470 1
1470 1
1470 1
1470 1
1470 1
1470 1
1470 1
1470 1
1470 1
1470 1
1470 1
1470 1
1470 1
1470 1
1470 1
1470 1
1470 1
1470 1
1470 1
1470 1
1470 1
1470 1
1470 1
1470 1
1470 1
1470 1
1470 1
1470 1
1470 1
1470 1
1470 1
1470 1
1470 1
1470 1
1470 1
1470 1
1470 1
1470 1
1542 1
1542 1
1542 1
1542 1
1542 1
1542 1
1542 1
1542 1
1542 1
1542 1
1542 1
1542 1
1542 1
1542 1
1542 1
1542 1
1542 1
1542 1
1542 1
1542 1
1542 1
1542 1
1542 1
1542 1
1542 1
1542 1
1542 1
1542 1
1542 1
1542 1
1542 1
1542 1
1542 1
1542 1
1542 1
1542 1
1542 1
1542 1
1542 1
1542 1
1542 1
1542 1
1542 1
1542 1
1542 1
1546 1
1546 1
1546 1
1546 1
1546 1
1546 1
1546 1
1546 1
1546 1
1546 1
1546 1
1546 1
1546 1
1546 1
1546 1
1546 1
1546 1
1546 1
1546 1
1546 1
1546 1
1546 1
1546 1
1546 1
1546 1
1546 1
1546 1
1546 1
1546 1
1546 1
1546 1
1546 1
1546 1
1546 1
1546 1
1546 1
1546 1
1546 1
1546 1
1546 1
1546 1
1546 1
1546 1
1546 1
1546 1
1761 1
1761 1
1761 1
1761 1
1761 1
1761 1
1761 1
1761 1
1761 1
1761 1
1761 1
1761 1
1761 1
1761 1
1761 1
1761 1
1761 1
1761 1
1761 1
1761 1
1761 1
1761 1
1761 1
1761 1
1761 1
1761 1
1761 1
1761 1
1761 1
1761 1
1761 1
1761 1
1761 1
1761 1
1761 1
1761 1
1761 1
1761 1
1761 1
1761 1
1761 1
1761 1
1761 1
1761 1
1761 1
1833 1
1833 1
1833 1
1833 1
1833 1
1833 1
1833 1
1833 1
1833 1
1833 1
1833 1
1833 1
1833 1
1833 1
1833 1
1833 1
1833 1
1833 1
1833 1
1833 1
1833 1
1833 1
1833 1
1833 1
1833 1
1833 1
1833 1
1833 1
1833 1
1833 1
1833 1
1833 1
1833 1
1833 1
1833 1
1833 1
1833 1
1833 1
1833 1
1833 1
1833 1
1833 1
1833 1
1833 1
1833 1
1834 1
1834 1
1834 1
1834 1
1834 1
1834 1
1834 1
1834 1
1834 1
1834 1
1834 1
1834 1
1834 1
1834 1
1834 1
1834 1
1834 1
1834 1
1834 1
1834 1
1834 1
1834 1
1834 1
1834 1
1834 1
1834 1
1834 1
1834 1
1834 1
1834 1
1834 1
1834 1
1834 1
1834 1
1834 1
1834 1
1834 1
1834 1
1834 1
1834 1
1834 1
1834 1
1834 1
1834 1
1834 1
1915 1
1915 1
1915 1
1915 1
1915 1
1915 1
1915 1
1915 1
1915 1
1915 1
1915 1
1915 1
1915 1
1915 1
1915 1
1915 1
1915 1
1915 1
1915 1
1915 1
1915 1
1915 1
1915 1
1915 1
1915 1
1915 1
1915 1
1915 1
1915 1
1915 1
1915 1
1915 1
1915 1
1915 1
1915 1
1915 1
1915 1
1915 1
1915 1
1915 1
1915 1
1915 1
1915 1
1915 1
1915 1
1996 1
1996 1
1996 1
1996 1
1996 1
1996 1
1996 1
1996 1
1996 1
1996 1
1996 1
1996 1
1996 1
1996 1
1996 1
1996 1
1996 1
1996 1
1996 1
1996 1
1996 1
1996 1
1996 1
1996 1
1996 1
1996 1
1996 1
1996 1
1996 1
1996 1
1996 1
1996 1
1996 1
1996 1
1996 1
1996 1
1996 1
1996 1
1996 1
1996 1
1996 1
1996 1
1996 1
1996 1
1996 1
1997 1
1997 1
1997 1
1997 1
1997 1
1997 1
1997 1
1997 1
1997 1
1997 1
1997 1
1997 1
1997 1
1997 1
1997 1
1997 1
1997 1
1997 1
1997 1
1997 1
1997 1
1997 1
1997 1
1997 1
1997 1
1997 1
1997 1
1997 1
1997 1
1997 1
1997 1
1997 1
1997 1
1997 1
1997 1
1997 1
1997 1
1997 1
1997 1
1997 1
1997 1
1997 1
1997 1
1997 1
1997 1
2296 1
2296 1
2296 1
2296 1
2296 1
2296 1
2296 1
2296 1
2296 1
2296 1
2296 1
2296 1
2296 1
2296 1
2296 1
2296 1
2296 1
2296 1
2296 1
2296 1
2296 1
2296 1
2296 1
2296 1
2296 1
2296 1
2296 1
2296 1
2296 1
2296 1
2296 1
2296 1
2296 1
2296 1
2296 1
2296 1
2296 1
2296 1
2296 1
2296 1
2296 1
2296 1
2296 1
2296 1
2296 1
2335 1
2335 1
2335 1
2335 1
2335 1
2335 1
2335 1
2335 1
2335 1
2335 1
2335 1
2335 1
2335 1
2335 1
2335 1
2335 1
2335 1
2335 1
2335 1
2335 1
2335 1
2335 1
2335 1
2335 1
2335 1
2335 1
2335 1
2335 1
2335 1
2335 1
2335 1
2335 1
2335 1
2335 1
2335 1
2335 1
2335 1
2335 1
2335 1
2335 1
2335 1
2335 1
2335 1
2335 1
2335 1
2487 1
2487 1
2487 1
2487 1
2487 1
2487 1
2487 1
2487 1
2487 1
2487 1
2487 1
2487 1
2487 1
2487 1
2487 1
2487 1
2487 1
2487 1
2487 1
2487 1
2487 1
2487 1
2487 1
2487 1
2487 1
2487 1
2487 1
2487 1
2487 1
2487 1
2487 1
2487 1
2487 1
2487 1
2487 1
2487 1
2487 1
2487 1
2487 1
2487 1
2487 1
2487 1
2487 1
2487 1
2487 1
2566 1
2566 1
2566 1
2566 1
2566 1
2566 1
2566 1
2566 1
2566 1
2566 1
2566 1
2566 1
2566 1
2566 1
2566 1
2566 1
2566 1
2566 1
2566 1
2566 1
2566 1
2566 1
2566 1
2566 1
2566 1
2566 1
2566 1
2566 1
2566 1
2566 1
2566 1
2566 1
2566 1
2566 1
2566 1
2566 1
2566 1
2566 1
2566 1
2566 1
2566 1
2566 1
2566 1
2566 1
2566 1
2650 1
2650 1
2650 1
2650 1
2650 1
2650 1
2650 1
2650 1
2650 1
2650 1
2650 1
2650 1
2650 1
2650 1
2650 1
2650 1
2650 1
2650 1
2650 1
2650 1
2650 1
2650 1
2650 1
2650 1
2650 1
2650 1
2650 1
2650 1
2650 1
2650 1
2650 1
2650 1
2650 1
2650 1
2650 1
2650 1
2650 1
2650 1
2650 1
2650 1
2650 1
2650 1
2650 1
2650 1
2650 1
2652 1
2652 1
2652 1
2652 1
2652 1
2652 1
2652 1
2652 1
2652 1
2652 1
2652 1
2652 1
2652 1
2652 1
2652 1
2652 1
2652 1
2652 1
2652 1
2652 1
2652 1
2652 1
2652 1
2652 1
2652 1
2652 1
2652 1
2652 1
2652 1
2652 1
2652 1
2652 1
2652 1
2652 1
2652 1
2652 1
2652 1
2652 1
2652 1
2652 1
2652 1
2652 1
2652 1
2652 1
2652 1
2732 1
2732 1
2732 1
2732 1
2732 1
2732 1
2732 1
2732 1
2732 1
2732 1
2732 1
2732 1
2732 1
2732 1
2732 1
2732 1
2732 1
2732 1
2732 1
2732 1
2732 1
2732 1
2732 1
2732 1
2732 1
2732 1
2732 1
2732 1
2732 1
2732 1
2732 1
2732 1
2732 1
2732 1
2732 1
2732 1
2732 1
2732 1
2732 1
2732 1
2732 1
2732 1
2732 1
2732 1
2732 1
2735 1
2735 1
2735 1
2735 1
2735 1
2735 1
2735 1
2735 1
2735 1
2735 1
2735 1
2735 1
2735 1
2735 1
2735 1
2735 1
2735 1
2735 1
2735 1
2735 1
2735 1
2735 1
2735 1
2735 1
2735 1
2735 1
2735 1
2735 1
2735 1
2735 1
2735 1
2735 1
2735 1
2735 1
2735 1
2735 1
2735 1
2735 1
2735 1
2735 1
2735 1
2735 1
2735 1
2735 1
2735 1
2775 1
2775 1
2775 1
2775 1
2775 1
2775 1
2775 1
2775 1
2775 1
2775 1
2775 1
2775 1
2775 1
2775 1
2775 1
2775 1
2775 1
2775 1
2775 1
2775 1
2775 1
2775 1
2775 1
2775 1
2775 1
2775 1
2775 1
2775 1
2775 1
2775 1
2775 1
2775 1
2775 1
2775 1
2775 1
2775 1
2775 1
2775 1
2775 1
2775 1
2775 1
2775 1
2775 1
2775 1
2775 1
2814 1
2814 1
2814 1
2814 1
2814 1
2814 1
2814 1
2814 1
2814 1
2814 1
2814 1
2814 1
2814 1
2814 1
2814 1
2814 1
2814 1
2814 1
2814 1
2814 1
2814 1
2814 1
2814 1
2814 1
2814 1
2814 1
2814 1
2814 1
2814 1
2814 1
2814 1
2814 1
2814 1
2814 1
2814 1
2814 1
2814 1
2814 1
2814 1
2814 1
2814 1
2814 1
2814 1
2814 1
2814 1
2816 1
2816 1
2816 1
2816 1
2816 1
2816 1
2816 1
2816 1
2816 1
2816 1
2816 1
2816 1
2816 1
2816 1
2816 1
2816 1
2816 1
2816 1
2816 1
2816 1
2816 1
2816 1
2816 1
2816 1
2816 1
2816 1
2816 1
2816 1
2816 1
2816 1
2816 1
2816 1
2816 1
2816 1
2816 1
2816 1
2816 1
2816 1
2816 1
2816 1
2816 1
2816 1
2816 1
2816 1
2816 1
2818 1
2818 1
2818 1
2818 1
2818 1
2818 1
2818 1
2818 1
2818 1
2818 1
2818 1
2818 1
2818 1
2818 1
2818 1
2818 1
2818 1
2818 1
2818 1
2818 1
2818 1
2818 1
2818 1
2818 1
2818 1
2818 1
2818 1
2818 1
2818 1
2818 1
2818 1
2818 1
2818 1
2818 1
2818 1
2818 1
2818 1
2818 1
2818 1
2818 1
2818 1
2818 1
2818 1
2818 1
2818 1
2899 1
2899 1
2899 1
2899 1
2899 1
2899 1
2899 1
2899 1
2899 1
2899 1
2899 1
2899 1
2899 1
2899 1
2899 1
2899 1
2899 1
2899 1
2899 1
2899 1
2899 1
2899 1
2899 1
2899 1
2899 1
2899 1
2899 1
2899 1
2899 1
2899 1
2899 1
2899 1
2899 1
2899 1
2899 1
2899 1
2899 1
2899 1
2899 1
2899 1
2899 1
2899 1
2899 1
2899 1
2899 1
2965 1
2965 1
2965 1
2965 1
2965 1
2965 1
2965 1
2965 1
2965 1
2965 1
2965 1
2965 1
2965 1
2965 1
2965 1
2965 1
2965 1
2965 1
2965 1
2965 1
2965 1
2965 1
2965 1
2965 1
2965 1
2965 1
2965 1
2965 1
2965 1
2965 1
2965 1
2965 1
2965 1
2965 1
2965 1
2965 1
2965 1
2965 1
2965 1
2965 1
2965 1
2965 1
2965 1
2965 1
2965 1
3086 1
3086 1
3086 1
3086 1
3086 1
3086 1
3086 1
3086 1
3086 1
3086 1
3086 1
3086 1
3086 1
3086 1
3086 1
3086 1
3086 1
3086 1
3086 1
3086 1
3086 1
3086 1
3086 1
3086 1
3086 1
3086 1
3086 1
3086 1
3086 1
3086 1
3086 1
3086 1
3086 1
3086 1
3086 1
3086 1
3086 1
3086 1
3086 1
3086 1
3086 1
3086 1
3086 1
3086 1
3086 1
3043 1
3043 1
3043 1
3043 1
3043 1
3043 1
3043 1
3043 1
3043 1
3043 1
3043 1
3043 1
3043 1
3043 1
3043 1
3043 1
3043 1
3043 1
3043 1
3043 1
3043 1
3043 1
3043 1
3043 1
3043 1
3043 1
3043 1
3043 1
3043 1
3043 1
3043 1
3043 1
3043 1
3043 1
3043 1
3043 1
3043 1
3043 1
3043 1
3043 1
3043 1
3043 1
3043 1
3043 1
3043 1
3085 1
3085 1
3085 1
3085 1
3085 1
3085 1
3085 1
3085 1
3085 1
3085 1
3085 1
3085 1
3085 1
3085 1
3085 1
3085 1
3085 1
3085 1
3085 1
3085 1
3085 1
3085 1
3085 1
3085 1
3085 1
3085 1
3085 1
3085 1
3085 1
3085 1
3085 1
3085 1
3085 1
3085 1
3085 1
3085 1
3085 1
3085 1
3085 1
3085 1
3085 1
3085 1
3085 1
3085 1
3085 1
3157 1
3157 1
3157 1
3157 1
3157 1
3157 1
3157 1
3157 1
3157 1
3157 1
3157 1
3157 1
3157 1
3157 1
3157 1
3157 1
3157 1
3157 1
3157 1
3157 1
3157 1
3157 1
3157 1
3157 1
3157 1
3157 1
3157 1
3157 1
3157 1
3157 1
3157 1
3157 1
3157 1
3157 1
3157 1
3157 1
3157 1
3157 1
3157 1
3157 1
3157 1
3157 1
3157 1
3157 1
3157 1
3237 1
3237 1
3237 1
3237 1
3237 1
3237 1
3237 1
3237 1
3237 1
3237 1
3237 1
3237 1
3237 1
3237 1
3237 1
3237 1
3237 1
3237 1
3237 1
3237 1
3237 1
3237 1
3237 1
3237 1
3237 1
3237 1
3237 1
3237 1
3237 1
3237 1
3237 1
3237 1
3237 1
3237 1
3237 1
3237 1
3237 1
3237 1
3237 1
3237 1
3237 1
3237 1
3237 1
3237 1
3237 1
3319 1
3319 1
3319 1
3319 1
3319 1
3319 1
3319 1
3319 1
3319 1
3319 1
3319 1
3319 1
3319 1
3319 1
3319 1
3319 1
3319 1
3319 1
3319 1
3319 1
3319 1
3319 1
3319 1
3319 1
3319 1
3319 1
3319 1
3319 1
3319 1
3319 1
3319 1
3319 1
3319 1
3319 1
3319 1
3319 1
3319 1
3319 1
3319 1
3319 1
3319 1
3319 1
3319 1
3319 1
3319 1
4624 1
4624 1
4624 1
4624 1
4624 1
4624 1
4624 1
4624 1
4624 1
4624 1
4624 1
4624 1
4624 1
4624 1
4624 1
4624 1
4624 1
4624 1
4624 1
4624 1
4624 1
4624 1
4624 1
4624 1
4624 1
4624 1
4624 1
4624 1
4624 1
4624 1
4624 1
4624 1
4624 1
4624 1
4624 1
4624 1
4624 1
4624 1
4624 1
4624 1
4624 1
4624 1
4624 1
4624 1
4624 1
4897 1
4897 1
4897 1
4897 1
4897 1
4897 1
4897 1
4897 1
4897 1
4897 1
4897 1
4897 1
4897 1
4897 1
4897 1
4897 1
4897 1
4897 1
4897 1
4897 1
4897 1
4897 1
4897 1
4897 1
4897 1
4897 1
4897 1
4897 1
4897 1
4897 1
4897 1
4897 1
4897 1
4897 1
4897 1
4897 1
4897 1
4897 1
4897 1
4897 1
4897 1
4897 1
4897 1
4897 1
4897 1
4892 1
4892 1
4892 1
4892 1
4892 1
4892 1
4892 1
4892 1
4892 1
4892 1
4892 1
4892 1
4892 1
4892 1
4892 1
4892 1
4892 1
4892 1
4892 1
4892 1
4892 1
4892 1
4892 1
4892 1
4892 1
4892 1
4892 1
4892 1
4892 1
4892 1
4892 1
4892 1
4892 1
4892 1
4892 1
4892 1
4892 1
4892 1
4892 1
4892 1
4892 1
4892 1
4892 1
4892 1
4892 1
4890 1
4890 1
4890 1
4890 1
4890 1
4890 1
4890 1
4890 1
4890 1
4890 1
4890 1
4890 1
4890 1
4890 1
4890 1
4890 1
4890 1
4890 1
4890 1
4890 1
4890 1
4890 1
4890 1
4890 1
4890 1
4890 1
4890 1
4890 1
4890 1
4890 1
4890 1
4890 1
4890 1
4890 1
4890 1
4890 1
4890 1
4890 1
4890 1
4890 1
4890 1
4890 1
4890 1
4890 1
4890 1
4981 1
4981 1
4981 1
4981 1
4981 1
4981 1
4981 1
4981 1
4981 1
4981 1
4981 1
4981 1
4981 1
4981 1
4981 1
4981 1
4981 1
4981 1
4981 1
4981 1
4981 1
4981 1
4981 1
4981 1
4981 1
4981 1
4981 1
4981 1
4981 1
4981 1
4981 1
4981 1
4981 1
4981 1
4981 1
4981 1
4981 1
4981 1
4981 1
4981 1
4981 1
4981 1
4981 1
4981 1
4981 1
4976 1
4976 1
4976 1
4976 1
4976 1
4976 1
4976 1
4976 1
4976 1
4976 1
4976 1
4976 1
4976 1
4976 1
4976 1
4976 1
4976 1
4976 1
4976 1
4976 1
4976 1
4976 1
4976 1
4976 1
4976 1
4976 1
4976 1
4976 1
4976 1
4976 1
4976 1
4976 1
4976 1
4976 1
4976 1
4976 1
4976 1
4976 1
4976 1
4976 1
4976 1
4976 1
4976 1
4976 1
4976 1
9794 1
9794 1
9794 1
9794 1
9794 1
9794 1
9794 1
9794 1
9794 1
9794 1
9794 1
9794 1
9794 1
9794 1
9794 1
9794 1
9794 1
9794 1
9794 1
9794 1
9794 1
9794 1
9794 1
9794 1
9794 1
9794 1
9794 1
9794 1
9794 1
9794 1
9794 1
9794 1
9794 1
9794 1
9794 1
9794 1
9794 1
9794 1
9794 1
9794 1
9794 1
9794 1
9794 1
9794 1
9794 1
10342 1
10342 1
10342 1
10342 1
10342 1
10342 1
10342 1
10342 1
10342 1
10342 1
10342 1
10342 1
10342 1
10342 1
10342 1
10342 1
10342 1
10342 1
10342 1
10342 1
10342 1
10342 1
10342 1
10342 1
10342 1
10342 1
10342 1
10342 1
10342 1
10342 1
10342 1
10342 1
10342 1
10342 1
10342 1
10342 1
10342 1
10342 1
10342 1
10342 1
10342 1
10342 1
10342 1
10342 1
10342 1
5076 1
5076 1
5076 1
5076 1
5076 1
5076 1
5076 1
5076 1
5076 1
5076 1
5076 1
5076 1
5076 1
5076 1
5076 1
5076 1
5076 1
5076 1
5076 1
5076 1
5076 1
5076 1
5076 1
5076 1
5076 1
5076 1
5076 1
5076 1
5076 1
5076 1
5076 1
5076 1
5076 1
5076 1
5076 1
5076 1
5076 1
5076 1
5076 1
5076 1
5076 1
5076 1
5076 1
5076 1
5076 1
5430 1
5430 1
5430 1
5430 1
5430 1
5430 1
5430 1
5430 1
5430 1
5430 1
5430 1
5430 1
5430 1
5430 1
5430 1
5430 1
5430 1
5430 1
5430 1
5430 1
5430 1
5430 1
5430 1
5430 1
5430 1
5430 1
5430 1
5430 1
5430 1
5430 1
5430 1
5430 1
5430 1
5430 1
5430 1
5430 1
5430 1
5430 1
5430 1
5430 1
5430 1
5430 1
5430 1
5430 1
5430 1
5697 1
5697 1
5697 1
5697 1
5697 1
5697 1
5697 1
5697 1
5697 1
5697 1
5697 1
5697 1
5697 1
5697 1
5697 1
5697 1
5697 1
5697 1
5697 1
5697 1
5697 1
5697 1
5697 1
5697 1
5697 1
5697 1
5697 1
5697 1
5697 1
5697 1
5697 1
5697 1
5697 1
5697 1
5697 1
5697 1
5697 1
5697 1
5697 1
5697 1
5697 1
5697 1
5697 1
5697 1
5697 1
