pt_graph shape
10387 1
10387 1
10387 1
10387 1
10387 1
10387 1
10387 1
10387 1
10387 1
10387 1
10387 1
10387 1
10387 1
10387 1
10387 1
10387 1
10387 1
10387 1
10387 1
10387 1
10387 1
10387 1
10387 1
10387 1
10387 1
10387 1
10387 1
10387 1
10387 1
10387 1
10387 1
10387 1
10387 1
10387 1
10387 1
10387 1
10387 1
10387 1
10387 1
0 1
0 1
0 1
0 1
0 1
0 1
0 1
0 1
0 1
0 1
0 1
0 1
0 1
0 1
0 1
0 1
0 1
0 1
0 1
0 1
0 1
0 1
0 1
0 1
0 1
0 1
0 1
0 1
0 1
0 1
0 1
0 1
0 1
0 1
0 1
0 1
0 1
0 1
0 1
2 1
2 1
2 1
2 1
2 1
2 1
2 1
2 1
2 1
2 1
2 1
2 1
2 1
2 1
2 1
2 1
2 1
2 1
2 1
2 1
2 1
2 1
2 1
2 1
2 1
2 1
2 1
2 1
2 1
2 1
2 1
2 1
2 1
2 1
2 1
2 1
2 1
2 1
2 1
3 1
3 1
3 1
3 1
3 1
3 1
3 1
3 1
3 1
3 1
3 1
3 1
3 1
3 1
3 1
3 1
3 1
3 1
3 1
3 1
3 1
3 1
3 1
3 1
3 1
3 1
3 1
3 1
3 1
3 1
3 1
3 1
3 1
3 1
3 1
3 1
3 1
3 1
3 1
4 1
4 1
4 1
4 1
4 1
4 1
4 1
4 1
4 1
4 1
4 1
4 1
4 1
4 1
4 1
4 1
4 1
4 1
4 1
4 1
4 1
4 1
4 1
4 1
4 1
4 1
4 1
4 1
4 1
4 1
4 1
4 1
4 1
4 1
4 1
4 1
4 1
4 1
4 1
5 1
5 1
5 1
5 1
5 1
5 1
5 1
5 1
5 1
5 1
5 1
5 1
5 1
5 1
5 1
5 1
5 1
5 1
5 1
5 1
5 1
5 1
5 1
5 1
5 1
5 1
5 1
5 1
5 1
5 1
5 1
5 1
5 1
5 1
5 1
5 1
5 1
5 1
5 1
10032 1
10032 1
10032 1
10032 1
10032 1
10032 1
10032 1
10032 1
10032 1
10032 1
10032 1
10032 1
10032 1
10032 1
10032 1
10032 1
10032 1
10032 1
10032 1
10032 1
10032 1
10032 1
10032 1
10032 1
10032 1
10032 1
10032 1
10032 1
10032 1
10032 1
10032 1
10032 1
10032 1
10032 1
10032 1
10032 1
10032 1
10032 1
10032 1
10 1
10 1
10 1
10 1
10 1
10 1
10 1
10 1
10 1
10 1
10 1
10 1
10 1
10 1
10 1
10 1
10 1
10 1
10 1
10 1
10 1
10 1
10 1
10 1
10 1
10 1
10 1
10 1
10 1
10 1
10 1
10 1
10 1
10 1
10 1
10 1
10 1
10 1
10 1
15 1
15 1
15 1
15 1
15 1
15 1
15 1
15 1
15 1
15 1
15 1
15 1
15 1
15 1
15 1
15 1
15 1
15 1
15 1
15 1
15 1
15 1
15 1
15 1
15 1
15 1
15 1
15 1
15 1
15 1
15 1
15 1
15 1
15 1
15 1
15 1
15 1
15 1
15 1
17 1
17 1
17 1
17 1
17 1
17 1
17 1
17 1
17 1
17 1
17 1
17 1
17 1
17 1
17 1
17 1
17 1
17 1
17 1
17 1
17 1
17 1
17 1
17 1
17 1
17 1
17 1
17 1
17 1
17 1
17 1
17 1
17 1
17 1
17 1
17 1
17 1
17 1
17 1
20 1
20 1
20 1
20 1
20 1
20 1
20 1
20 1
20 1
20 1
20 1
20 1
20 1
20 1
20 1
20 1
20 1
20 1
20 1
20 1
20 1
20 1
20 1
20 1
20 1
20 1
20 1
20 1
20 1
20 1
20 1
20 1
20 1
20 1
20 1
20 1
20 1
20 1
20 1
23 1
23 1
23 1
23 1
23 1
23 1
23 1
23 1
23 1
23 1
23 1
23 1
23 1
23 1
23 1
23 1
23 1
23 1
23 1
23 1
23 1
23 1
23 1
23 1
23 1
23 1
23 1
23 1
23 1
23 1
23 1
23 1
23 1
23 1
23 1
23 1
23 1
23 1
23 1
42 1
42 1
42 1
42 1
42 1
42 1
42 1
42 1
42 1
42 1
42 1
42 1
42 1
42 1
42 1
42 1
42 1
42 1
42 1
42 1
42 1
42 1
42 1
42 1
42 1
42 1
42 1
42 1
42 1
42 1
42 1
42 1
42 1
42 1
42 1
42 1
42 1
42 1
42 1
45 1
45 1
45 1
45 1
45 1
45 1
45 1
45 1
45 1
45 1
45 1
45 1
45 1
45 1
45 1
45 1
45 1
45 1
45 1
45 1
45 1
45 1
45 1
45 1
45 1
45 1
45 1
45 1
45 1
45 1
45 1
45 1
45 1
45 1
45 1
45 1
45 1
45 1
45 1
10173 1
10173 1
10173 1
10173 1
10173 1
10173 1
10173 1
10173 1
10173 1
10173 1
10173 1
10173 1
10173 1
10173 1
10173 1
10173 1
10173 1
10173 1
10173 1
10173 1
10173 1
10173 1
10173 1
10173 1
10173 1
10173 1
10173 1
10173 1
10173 1
10173 1
10173 1
10173 1
10173 1
10173 1
10173 1
10173 1
10173 1
10173 1
10173 1
49 1
49 1
49 1
49 1
49 1
49 1
49 1
49 1
49 1
49 1
49 1
49 1
49 1
49 1
49 1
49 1
49 1
49 1
49 1
49 1
49 1
49 1
49 1
49 1
49 1
49 1
49 1
49 1
49 1
49 1
49 1
49 1
49 1
49 1
49 1
49 1
49 1
49 1
49 1
51 1
51 1
51 1
51 1
51 1
51 1
51 1
51 1
51 1
51 1
51 1
51 1
51 1
51 1
51 1
51 1
51 1
51 1
51 1
51 1
51 1
51 1
51 1
51 1
51 1
51 1
51 1
51 1
51 1
51 1
51 1
51 1
51 1
51 1
51 1
51 1
51 1
51 1
51 1
55 1
55 1
55 1
55 1
55 1
55 1
55 1
55 1
55 1
55 1
55 1
55 1
55 1
55 1
55 1
55 1
55 1
55 1
55 1
55 1
55 1
55 1
55 1
55 1
55 1
55 1
55 1
55 1
55 1
55 1
55 1
55 1
55 1
55 1
55 1
55 1
55 1
55 1
55 1
56 1
56 1
56 1
56 1
56 1
56 1
56 1
56 1
56 1
56 1
56 1
56 1
56 1
56 1
56 1
56 1
56 1
56 1
56 1
56 1
56 1
56 1
56 1
56 1
56 1
56 1
56 1
56 1
56 1
56 1
56 1
56 1
56 1
56 1
56 1
56 1
56 1
56 1
56 1
10801 1
10801 1
10801 1
10801 1
10801 1
10801 1
10801 1
10801 1
10801 1
10801 1
10801 1
10801 1
10801 1
10801 1
10801 1
10801 1
10801 1
10801 1
10801 1
10801 1
10801 1
10801 1
10801 1
10801 1
10801 1
10801 1
10801 1
10801 1
10801 1
10801 1
10801 1
10801 1
10801 1
10801 1
10801 1
10801 1
10801 1
10801 1
10801 1
10805 1
10805 1
10805 1
10805 1
10805 1
10805 1
10805 1
10805 1
10805 1
10805 1
10805 1
10805 1
10805 1
10805 1
10805 1
10805 1
10805 1
10805 1
10805 1
10805 1
10805 1
10805 1
10805 1
10805 1
10805 1
10805 1
10805 1
10805 1
10805 1
10805 1
10805 1
10805 1
10805 1
10805 1
10805 1
10805 1
10805 1
10805 1
10805 1
59 1
59 1
59 1
59 1
59 1
59 1
59 1
59 1
59 1
59 1
59 1
59 1
59 1
59 1
59 1
59 1
59 1
59 1
59 1
59 1
59 1
59 1
59 1
59 1
59 1
59 1
59 1
59 1
59 1
59 1
59 1
59 1
59 1
59 1
59 1
59 1
59 1
59 1
59 1
61 1
61 1
61 1
61 1
61 1
61 1
61 1
61 1
61 1
61 1
61 1
61 1
61 1
61 1
61 1
61 1
61 1
61 1
61 1
61 1
61 1
61 1
61 1
61 1
61 1
61 1
61 1
61 1
61 1
61 1
61 1
61 1
61 1
61 1
61 1
61 1
61 1
61 1
61 1
62 1
62 1
62 1
62 1
62 1
62 1
62 1
62 1
62 1
62 1
62 1
62 1
62 1
62 1
62 1
62 1
62 1
62 1
62 1
62 1
62 1
62 1
62 1
62 1
62 1
62 1
62 1
62 1
62 1
62 1
62 1
62 1
62 1
62 1
62 1
62 1
62 1
62 1
62 1
63 1
63 1
63 1
63 1
63 1
63 1
63 1
63 1
63 1
63 1
63 1
63 1
63 1
63 1
63 1
63 1
63 1
63 1
63 1
63 1
63 1
63 1
63 1
63 1
63 1
63 1
63 1
63 1
63 1
63 1
63 1
63 1
63 1
63 1
63 1
63 1
63 1
63 1
63 1
71 1
71 1
71 1
71 1
71 1
71 1
71 1
71 1
71 1
71 1
71 1
71 1
71 1
71 1
71 1
71 1
71 1
71 1
71 1
71 1
71 1
71 1
71 1
71 1
71 1
71 1
71 1
71 1
71 1
71 1
71 1
71 1
71 1
71 1
71 1
71 1
71 1
71 1
71 1
72 1
72 1
72 1
72 1
72 1
72 1
72 1
72 1
72 1
72 1
72 1
72 1
72 1
72 1
72 1
72 1
72 1
72 1
72 1
72 1
72 1
72 1
72 1
72 1
72 1
72 1
72 1
72 1
72 1
72 1
72 1
72 1
72 1
72 1
72 1
72 1
72 1
72 1
72 1
75 1
75 1
75 1
75 1
75 1
75 1
75 1
75 1
75 1
75 1
75 1
75 1
75 1
75 1
75 1
75 1
75 1
75 1
75 1
75 1
75 1
75 1
75 1
75 1
75 1
75 1
75 1
75 1
75 1
75 1
75 1
75 1
75 1
75 1
75 1
75 1
75 1
75 1
75 1
76 1
76 1
76 1
76 1
76 1
76 1
76 1
76 1
76 1
76 1
76 1
76 1
76 1
76 1
76 1
76 1
76 1
76 1
76 1
76 1
76 1
76 1
76 1
76 1
76 1
76 1
76 1
76 1
76 1
76 1
76 1
76 1
76 1
76 1
76 1
76 1
76 1
76 1
76 1
78 1
78 1
78 1
78 1
78 1
78 1
78 1
78 1
78 1
78 1
78 1
78 1
78 1
78 1
78 1
78 1
78 1
78 1
78 1
78 1
78 1
78 1
78 1
78 1
78 1
78 1
78 1
78 1
78 1
78 1
78 1
78 1
78 1
78 1
78 1
78 1
78 1
78 1
78 1
80 1
80 1
80 1
80 1
80 1
80 1
80 1
80 1
80 1
80 1
80 1
80 1
80 1
80 1
80 1
80 1
80 1
80 1
80 1
80 1
80 1
80 1
80 1
80 1
80 1
80 1
80 1
80 1
80 1
80 1
80 1
80 1
80 1
80 1
80 1
80 1
80 1
80 1
80 1
82 1
82 1
82 1
82 1
82 1
82 1
82 1
82 1
82 1
82 1
82 1
82 1
82 1
82 1
82 1
82 1
82 1
82 1
82 1
82 1
82 1
82 1
82 1
82 1
82 1
82 1
82 1
82 1
82 1
82 1
82 1
82 1
82 1
82 1
82 1
82 1
82 1
82 1
82 1
95 1
95 1
95 1
95 1
95 1
95 1
95 1
95 1
95 1
95 1
95 1
95 1
95 1
95 1
95 1
95 1
95 1
95 1
95 1
95 1
95 1
95 1
95 1
95 1
95 1
95 1
95 1
95 1
95 1
95 1
95 1
95 1
95 1
95 1
95 1
95 1
95 1
95 1
95 1
98 1
98 1
98 1
98 1
98 1
98 1
98 1
98 1
98 1
98 1
98 1
98 1
98 1
98 1
98 1
98 1
98 1
98 1
98 1
98 1
98 1
98 1
98 1
98 1
98 1
98 1
98 1
98 1
98 1
98 1
98 1
98 1
98 1
98 1
98 1
98 1
98 1
98 1
98 1
99 1
99 1
99 1
99 1
99 1
99 1
99 1
99 1
99 1
99 1
99 1
99 1
99 1
99 1
99 1
99 1
99 1
99 1
99 1
99 1
99 1
99 1
99 1
99 1
99 1
99 1
99 1
99 1
99 1
99 1
99 1
99 1
99 1
99 1
99 1
99 1
99 1
99 1
99 1
100 1
100 1
100 1
100 1
100 1
100 1
100 1
100 1
100 1
100 1
100 1
100 1
100 1
100 1
100 1
100 1
100 1
100 1
100 1
100 1
100 1
100 1
100 1
100 1
100 1
100 1
100 1
100 1
100 1
100 1
100 1
100 1
100 1
100 1
100 1
100 1
100 1
100 1
100 1
101 1
101 1
101 1
101 1
101 1
101 1
101 1
101 1
101 1
101 1
101 1
101 1
101 1
101 1
101 1
101 1
101 1
101 1
101 1
101 1
101 1
101 1
101 1
101 1
101 1
101 1
101 1
101 1
101 1
101 1
101 1
101 1
101 1
101 1
101 1
101 1
101 1
101 1
101 1
102 1
102 1
102 1
102 1
102 1
102 1
102 1
102 1
102 1
102 1
102 1
102 1
102 1
102 1
102 1
102 1
102 1
102 1
102 1
102 1
102 1
102 1
102 1
102 1
102 1
102 1
102 1
102 1
102 1
102 1
102 1
102 1
102 1
102 1
102 1
102 1
102 1
102 1
102 1
10603 1
10603 1
10603 1
10603 1
10603 1
10603 1
10603 1
10603 1
10603 1
10603 1
10603 1
10603 1
10603 1
10603 1
10603 1
10603 1
10603 1
10603 1
10603 1
10603 1
10603 1
10603 1
10603 1
10603 1
10603 1
10603 1
10603 1
10603 1
10603 1
10603 1
10603 1
10603 1
10603 1
10603 1
10603 1
10603 1
10603 1
10603 1
10603 1
105 1
105 1
105 1
105 1
105 1
105 1
105 1
105 1
105 1
105 1
105 1
105 1
105 1
105 1
105 1
105 1
105 1
105 1
105 1
105 1
105 1
105 1
105 1
105 1
105 1
105 1
105 1
105 1
105 1
105 1
105 1
105 1
105 1
105 1
105 1
105 1
105 1
105 1
105 1
107 1
107 1
107 1
107 1
107 1
107 1
107 1
107 1
107 1
107 1
107 1
107 1
107 1
107 1
107 1
107 1
107 1
107 1
107 1
107 1
107 1
107 1
107 1
107 1
107 1
107 1
107 1
107 1
107 1
107 1
107 1
107 1
107 1
107 1
107 1
107 1
107 1
107 1
107 1
114 1
114 1
114 1
114 1
114 1
114 1
114 1
114 1
114 1
114 1
114 1
114 1
114 1
114 1
114 1
114 1
114 1
114 1
114 1
114 1
114 1
114 1
114 1
114 1
114 1
114 1
114 1
114 1
114 1
114 1
114 1
114 1
114 1
114 1
114 1
114 1
114 1
114 1
114 1
116 1
116 1
116 1
116 1
116 1
116 1
116 1
116 1
116 1
116 1
116 1
116 1
116 1
116 1
116 1
116 1
116 1
116 1
116 1
116 1
116 1
116 1
116 1
116 1
116 1
116 1
116 1
116 1
116 1
116 1
116 1
116 1
116 1
116 1
116 1
116 1
116 1
116 1
116 1
122 1
122 1
122 1
122 1
122 1
122 1
122 1
122 1
122 1
122 1
122 1
122 1
122 1
122 1
122 1
122 1
122 1
122 1
122 1
122 1
122 1
122 1
122 1
122 1
122 1
122 1
122 1
122 1
122 1
122 1
122 1
122 1
122 1
122 1
122 1
122 1
122 1
122 1
122 1
126 1
126 1
126 1
126 1
126 1
126 1
126 1
126 1
126 1
126 1
126 1
126 1
126 1
126 1
126 1
126 1
126 1
126 1
126 1
126 1
126 1
126 1
126 1
126 1
126 1
126 1
126 1
126 1
126 1
126 1
126 1
126 1
126 1
126 1
126 1
126 1
126 1
126 1
126 1
128 1
128 1
128 1
128 1
128 1
128 1
128 1
128 1
128 1
128 1
128 1
128 1
128 1
128 1
128 1
128 1
128 1
128 1
128 1
128 1
128 1
128 1
128 1
128 1
128 1
128 1
128 1
128 1
128 1
128 1
128 1
128 1
128 1
128 1
128 1
128 1
128 1
128 1
128 1
130 1
130 1
130 1
130 1
130 1
130 1
130 1
130 1
130 1
130 1
130 1
130 1
130 1
130 1
130 1
130 1
130 1
130 1
130 1
130 1
130 1
130 1
130 1
130 1
130 1
130 1
130 1
130 1
130 1
130 1
130 1
130 1
130 1
130 1
130 1
130 1
130 1
130 1
130 1
133 1
133 1
133 1
133 1
133 1
133 1
133 1
133 1
133 1
133 1
133 1
133 1
133 1
133 1
133 1
133 1
133 1
133 1
133 1
133 1
133 1
133 1
133 1
133 1
133 1
133 1
133 1
133 1
133 1
133 1
133 1
133 1
133 1
133 1
133 1
133 1
133 1
133 1
133 1
137 1
137 1
137 1
137 1
137 1
137 1
137 1
137 1
137 1
137 1
137 1
137 1
137 1
137 1
137 1
137 1
137 1
137 1
137 1
137 1
137 1
137 1
137 1
137 1
137 1
137 1
137 1
137 1
137 1
137 1
137 1
137 1
137 1
137 1
137 1
137 1
137 1
137 1
137 1
141 1
141 1
141 1
141 1
141 1
141 1
141 1
141 1
141 1
141 1
141 1
141 1
141 1
141 1
141 1
141 1
141 1
141 1
141 1
141 1
141 1
141 1
141 1
141 1
141 1
141 1
141 1
141 1
141 1
141 1
141 1
141 1
141 1
141 1
141 1
141 1
141 1
141 1
141 1
142 1
142 1
142 1
142 1
142 1
142 1
142 1
142 1
142 1
142 1
142 1
142 1
142 1
142 1
142 1
142 1
142 1
142 1
142 1
142 1
142 1
142 1
142 1
142 1
142 1
142 1
142 1
142 1
142 1
142 1
142 1
142 1
142 1
142 1
142 1
142 1
142 1
142 1
142 1
147 1
147 1
147 1
147 1
147 1
147 1
147 1
147 1
147 1
147 1
147 1
147 1
147 1
147 1
147 1
147 1
147 1
147 1
147 1
147 1
147 1
147 1
147 1
147 1
147 1
147 1
147 1
147 1
147 1
147 1
147 1
147 1
147 1
147 1
147 1
147 1
147 1
147 1
147 1
148 1
148 1
148 1
148 1
148 1
148 1
148 1
148 1
148 1
148 1
148 1
148 1
148 1
148 1
148 1
148 1
148 1
148 1
148 1
148 1
148 1
148 1
148 1
148 1
148 1
148 1
148 1
148 1
148 1
148 1
148 1
148 1
148 1
148 1
148 1
148 1
148 1
148 1
148 1
150 1
150 1
150 1
150 1
150 1
150 1
150 1
150 1
150 1
150 1
150 1
150 1
150 1
150 1
150 1
150 1
150 1
150 1
150 1
150 1
150 1
150 1
150 1
150 1
150 1
150 1
150 1
150 1
150 1
150 1
150 1
150 1
150 1
150 1
150 1
150 1
150 1
150 1
150 1
151 1
151 1
151 1
151 1
151 1
151 1
151 1
151 1
151 1
151 1
151 1
151 1
151 1
151 1
151 1
151 1
151 1
151 1
151 1
151 1
151 1
151 1
151 1
151 1
151 1
151 1
151 1
151 1
151 1
151 1
151 1
151 1
151 1
151 1
151 1
151 1
151 1
151 1
151 1
152 1
152 1
152 1
152 1
152 1
152 1
152 1
152 1
152 1
152 1
152 1
152 1
152 1
152 1
152 1
152 1
152 1
152 1
152 1
152 1
152 1
152 1
152 1
152 1
152 1
152 1
152 1
152 1
152 1
152 1
152 1
152 1
152 1
152 1
152 1
152 1
152 1
152 1
152 1
162 1
162 1
162 1
162 1
162 1
162 1
162 1
162 1
162 1
162 1
162 1
162 1
162 1
162 1
162 1
162 1
162 1
162 1
162 1
162 1
162 1
162 1
162 1
162 1
162 1
162 1
162 1
162 1
162 1
162 1
162 1
162 1
162 1
162 1
162 1
162 1
162 1
162 1
162 1
165 1
165 1
165 1
165 1
165 1
165 1
165 1
165 1
165 1
165 1
165 1
165 1
165 1
165 1
165 1
165 1
165 1
165 1
165 1
165 1
165 1
165 1
165 1
165 1
165 1
165 1
165 1
165 1
165 1
165 1
165 1
165 1
165 1
165 1
165 1
165 1
165 1
165 1
165 1
173 1
173 1
173 1
173 1
173 1
173 1
173 1
173 1
173 1
173 1
173 1
173 1
173 1
173 1
173 1
173 1
173 1
173 1
173 1
173 1
173 1
173 1
173 1
173 1
173 1
173 1
173 1
173 1
173 1
173 1
173 1
173 1
173 1
173 1
173 1
173 1
173 1
173 1
173 1
189 1
189 1
189 1
189 1
189 1
189 1
189 1
189 1
189 1
189 1
189 1
189 1
189 1
189 1
189 1
189 1
189 1
189 1
189 1
189 1
189 1
189 1
189 1
189 1
189 1
189 1
189 1
189 1
189 1
189 1
189 1
189 1
189 1
189 1
189 1
189 1
189 1
189 1
189 1
192 1
192 1
192 1
192 1
192 1
192 1
192 1
192 1
192 1
192 1
192 1
192 1
192 1
192 1
192 1
192 1
192 1
192 1
192 1
192 1
192 1
192 1
192 1
192 1
192 1
192 1
192 1
192 1
192 1
192 1
192 1
192 1
192 1
192 1
192 1
192 1
192 1
192 1
192 1
10214 1
10214 1
10214 1
10214 1
10214 1
10214 1
10214 1
10214 1
10214 1
10214 1
10214 1
10214 1
10214 1
10214 1
10214 1
10214 1
10214 1
10214 1
10214 1
10214 1
10214 1
10214 1
10214 1
10214 1
10214 1
10214 1
10214 1
10214 1
10214 1
10214 1
10214 1
10214 1
10214 1
10214 1
10214 1
10214 1
10214 1
10214 1
10214 1
10475 1
10475 1
10475 1
10475 1
10475 1
10475 1
10475 1
10475 1
10475 1
10475 1
10475 1
10475 1
10475 1
10475 1
10475 1
10475 1
10475 1
10475 1
10475 1
10475 1
10475 1
10475 1
10475 1
10475 1
10475 1
10475 1
10475 1
10475 1
10475 1
10475 1
10475 1
10475 1
10475 1
10475 1
10475 1
10475 1
10475 1
10475 1
10475 1
211 1
211 1
211 1
211 1
211 1
211 1
211 1
211 1
211 1
211 1
211 1
211 1
211 1
211 1
211 1
211 1
211 1
211 1
211 1
211 1
211 1
211 1
211 1
211 1
211 1
211 1
211 1
211 1
211 1
211 1
211 1
211 1
211 1
211 1
211 1
211 1
211 1
211 1
211 1
212 1
212 1
212 1
212 1
212 1
212 1
212 1
212 1
212 1
212 1
212 1
212 1
212 1
212 1
212 1
212 1
212 1
212 1
212 1
212 1
212 1
212 1
212 1
212 1
212 1
212 1
212 1
212 1
212 1
212 1
212 1
212 1
212 1
212 1
212 1
212 1
212 1
212 1
212 1
214 1
214 1
214 1
214 1
214 1
214 1
214 1
214 1
214 1
214 1
214 1
214 1
214 1
214 1
214 1
214 1
214 1
214 1
214 1
214 1
214 1
214 1
214 1
214 1
214 1
214 1
214 1
214 1
214 1
214 1
214 1
214 1
214 1
214 1
214 1
214 1
214 1
214 1
214 1
227 1
227 1
227 1
227 1
227 1
227 1
227 1
227 1
227 1
227 1
227 1
227 1
227 1
227 1
227 1
227 1
227 1
227 1
227 1
227 1
227 1
227 1
227 1
227 1
227 1
227 1
227 1
227 1
227 1
227 1
227 1
227 1
227 1
227 1
227 1
227 1
227 1
227 1
227 1
228 1
228 1
228 1
228 1
228 1
228 1
228 1
228 1
228 1
228 1
228 1
228 1
228 1
228 1
228 1
228 1
228 1
228 1
228 1
228 1
228 1
228 1
228 1
228 1
228 1
228 1
228 1
228 1
228 1
228 1
228 1
228 1
228 1
228 1
228 1
228 1
228 1
228 1
228 1
229 1
229 1
229 1
229 1
229 1
229 1
229 1
229 1
229 1
229 1
229 1
229 1
229 1
229 1
229 1
229 1
229 1
229 1
229 1
229 1
229 1
229 1
229 1
229 1
229 1
229 1
229 1
229 1
229 1
229 1
229 1
229 1
229 1
229 1
229 1
229 1
229 1
229 1
229 1
232 1
232 1
232 1
232 1
232 1
232 1
232 1
232 1
232 1
232 1
232 1
232 1
232 1
232 1
232 1
232 1
232 1
232 1
232 1
232 1
232 1
232 1
232 1
232 1
232 1
232 1
232 1
232 1
232 1
232 1
232 1
232 1
232 1
232 1
232 1
232 1
232 1
232 1
232 1
248 1
248 1
248 1
248 1
248 1
248 1
248 1
248 1
248 1
248 1
248 1
248 1
248 1
248 1
248 1
248 1
248 1
248 1
248 1
248 1
248 1
248 1
248 1
248 1
248 1
248 1
248 1
248 1
248 1
248 1
248 1
248 1
248 1
248 1
248 1
248 1
248 1
248 1
248 1
249 1
249 1
249 1
249 1
249 1
249 1
249 1
249 1
249 1
249 1
249 1
249 1
249 1
249 1
249 1
249 1
249 1
249 1
249 1
249 1
249 1
249 1
249 1
249 1
249 1
249 1
249 1
249 1
249 1
249 1
249 1
249 1
249 1
249 1
249 1
249 1
249 1
249 1
249 1
269 1
269 1
269 1
269 1
269 1
269 1
269 1
269 1
269 1
269 1
269 1
269 1
269 1
269 1
269 1
269 1
269 1
269 1
269 1
269 1
269 1
269 1
269 1
269 1
269 1
269 1
269 1
269 1
269 1
269 1
269 1
269 1
269 1
269 1
269 1
269 1
269 1
269 1
269 1
10847 1
10847 1
10847 1
10847 1
10847 1
10847 1
10847 1
10847 1
10847 1
10847 1
10847 1
10847 1
10847 1
10847 1
10847 1
10847 1
10847 1
10847 1
10847 1
10847 1
10847 1
10847 1
10847 1
10847 1
10847 1
10847 1
10847 1
10847 1
10847 1
10847 1
10847 1
10847 1
10847 1
10847 1
10847 1
10847 1
10847 1
10847 1
10847 1
294 1
294 1
294 1
294 1
294 1
294 1
294 1
294 1
294 1
294 1
294 1
294 1
294 1
294 1
294 1
294 1
294 1
294 1
294 1
294 1
294 1
294 1
294 1
294 1
294 1
294 1
294 1
294 1
294 1
294 1
294 1
294 1
294 1
294 1
294 1
294 1
294 1
294 1
294 1
310 1
310 1
310 1
310 1
310 1
310 1
310 1
310 1
310 1
310 1
310 1
310 1
310 1
310 1
310 1
310 1
310 1
310 1
310 1
310 1
310 1
310 1
310 1
310 1
310 1
310 1
310 1
310 1
310 1
310 1
310 1
310 1
310 1
310 1
310 1
310 1
310 1
310 1
310 1
10192 1
10192 1
10192 1
10192 1
10192 1
10192 1
10192 1
10192 1
10192 1
10192 1
10192 1
10192 1
10192 1
10192 1
10192 1
10192 1
10192 1
10192 1
10192 1
10192 1
10192 1
10192 1
10192 1
10192 1
10192 1
10192 1
10192 1
10192 1
10192 1
10192 1
10192 1
10192 1
10192 1
10192 1
10192 1
10192 1
10192 1
10192 1
10192 1
317 1
317 1
317 1
317 1
317 1
317 1
317 1
317 1
317 1
317 1
317 1
317 1
317 1
317 1
317 1
317 1
317 1
317 1
317 1
317 1
317 1
317 1
317 1
317 1
317 1
317 1
317 1
317 1
317 1
317 1
317 1
317 1
317 1
317 1
317 1
317 1
317 1
317 1
317 1
328 1
328 1
328 1
328 1
328 1
328 1
328 1
328 1
328 1
328 1
328 1
328 1
328 1
328 1
328 1
328 1
328 1
328 1
328 1
328 1
328 1
328 1
328 1
328 1
328 1
328 1
328 1
328 1
328 1
328 1
328 1
328 1
328 1
328 1
328 1
328 1
328 1
328 1
328 1
337 1
337 1
337 1
337 1
337 1
337 1
337 1
337 1
337 1
337 1
337 1
337 1
337 1
337 1
337 1
337 1
337 1
337 1
337 1
337 1
337 1
337 1
337 1
337 1
337 1
337 1
337 1
337 1
337 1
337 1
337 1
337 1
337 1
337 1
337 1
337 1
337 1
337 1
337 1
339 1
339 1
339 1
339 1
339 1
339 1
339 1
339 1
339 1
339 1
339 1
339 1
339 1
339 1
339 1
339 1
339 1
339 1
339 1
339 1
339 1
339 1
339 1
339 1
339 1
339 1
339 1
339 1
339 1
339 1
339 1
339 1
339 1
339 1
339 1
339 1
339 1
339 1
339 1
354 1
354 1
354 1
354 1
354 1
354 1
354 1
354 1
354 1
354 1
354 1
354 1
354 1
354 1
354 1
354 1
354 1
354 1
354 1
354 1
354 1
354 1
354 1
354 1
354 1
354 1
354 1
354 1
354 1
354 1
354 1
354 1
354 1
354 1
354 1
354 1
354 1
354 1
354 1
359 1
359 1
359 1
359 1
359 1
359 1
359 1
359 1
359 1
359 1
359 1
359 1
359 1
359 1
359 1
359 1
359 1
359 1
359 1
359 1
359 1
359 1
359 1
359 1
359 1
359 1
359 1
359 1
359 1
359 1
359 1
359 1
359 1
359 1
359 1
359 1
359 1
359 1
359 1
383 1
383 1
383 1
383 1
383 1
383 1
383 1
383 1
383 1
383 1
383 1
383 1
383 1
383 1
383 1
383 1
383 1
383 1
383 1
383 1
383 1
383 1
383 1
383 1
383 1
383 1
383 1
383 1
383 1
383 1
383 1
383 1
383 1
383 1
383 1
383 1
383 1
383 1
383 1
408 1
408 1
408 1
408 1
408 1
408 1
408 1
408 1
408 1
408 1
408 1
408 1
408 1
408 1
408 1
408 1
408 1
408 1
408 1
408 1
408 1
408 1
408 1
408 1
408 1
408 1
408 1
408 1
408 1
408 1
408 1
408 1
408 1
408 1
408 1
408 1
408 1
408 1
408 1
425 1
425 1
425 1
425 1
425 1
425 1
425 1
425 1
425 1
425 1
425 1
425 1
425 1
425 1
425 1
425 1
425 1
425 1
425 1
425 1
425 1
425 1
425 1
425 1
425 1
425 1
425 1
425 1
425 1
425 1
425 1
425 1
425 1
425 1
425 1
425 1
425 1
425 1
425 1
431 1
431 1
431 1
431 1
431 1
431 1
431 1
431 1
431 1
431 1
431 1
431 1
431 1
431 1
431 1
431 1
431 1
431 1
431 1
431 1
431 1
431 1
431 1
431 1
431 1
431 1
431 1
431 1
431 1
431 1
431 1
431 1
431 1
431 1
431 1
431 1
431 1
431 1
431 1
448 1
448 1
448 1
448 1
448 1
448 1
448 1
448 1
448 1
448 1
448 1
448 1
448 1
448 1
448 1
448 1
448 1
448 1
448 1
448 1
448 1
448 1
448 1
448 1
448 1
448 1
448 1
448 1
448 1
448 1
448 1
448 1
448 1
448 1
448 1
448 1
448 1
448 1
448 1
449 1
449 1
449 1
449 1
449 1
449 1
449 1
449 1
449 1
449 1
449 1
449 1
449 1
449 1
449 1
449 1
449 1
449 1
449 1
449 1
449 1
449 1
449 1
449 1
449 1
449 1
449 1
449 1
449 1
449 1
449 1
449 1
449 1
449 1
449 1
449 1
449 1
449 1
449 1
475 1
475 1
475 1
475 1
475 1
475 1
475 1
475 1
475 1
475 1
475 1
475 1
475 1
475 1
475 1
475 1
475 1
475 1
475 1
475 1
475 1
475 1
475 1
475 1
475 1
475 1
475 1
475 1
475 1
475 1
475 1
475 1
475 1
475 1
475 1
475 1
475 1
475 1
475 1
482 1
482 1
482 1
482 1
482 1
482 1
482 1
482 1
482 1
482 1
482 1
482 1
482 1
482 1
482 1
482 1
482 1
482 1
482 1
482 1
482 1
482 1
482 1
482 1
482 1
482 1
482 1
482 1
482 1
482 1
482 1
482 1
482 1
482 1
482 1
482 1
482 1
482 1
482 1
500 1
500 1
500 1
500 1
500 1
500 1
500 1
500 1
500 1
500 1
500 1
500 1
500 1
500 1
500 1
500 1
500 1
500 1
500 1
500 1
500 1
500 1
500 1
500 1
500 1
500 1
500 1
500 1
500 1
500 1
500 1
500 1
500 1
500 1
500 1
500 1
500 1
500 1
500 1
504 1
504 1
504 1
504 1
504 1
504 1
504 1
504 1
504 1
504 1
504 1
504 1
504 1
504 1
504 1
504 1
504 1
504 1
504 1
504 1
504 1
504 1
504 1
504 1
504 1
504 1
504 1
504 1
504 1
504 1
504 1
504 1
504 1
504 1
504 1
504 1
504 1
504 1
504 1
524 1
524 1
524 1
524 1
524 1
524 1
524 1
524 1
524 1
524 1
524 1
524 1
524 1
524 1
524 1
524 1
524 1
524 1
524 1
524 1
524 1
524 1
524 1
524 1
524 1
524 1
524 1
524 1
524 1
524 1
524 1
524 1
524 1
524 1
524 1
524 1
524 1
524 1
524 1
536 1
536 1
536 1
536 1
536 1
536 1
536 1
536 1
536 1
536 1
536 1
536 1
536 1
536 1
536 1
536 1
536 1
536 1
536 1
536 1
536 1
536 1
536 1
536 1
536 1
536 1
536 1
536 1
536 1
536 1
536 1
536 1
536 1
536 1
536 1
536 1
536 1
536 1
536 1
561 1
561 1
561 1
561 1
561 1
561 1
561 1
561 1
561 1
561 1
561 1
561 1
561 1
561 1
561 1
561 1
561 1
561 1
561 1
561 1
561 1
561 1
561 1
561 1
561 1
561 1
561 1
561 1
561 1
561 1
561 1
561 1
561 1
561 1
561 1
561 1
561 1
561 1
561 1
10408 1
10408 1
10408 1
10408 1
10408 1
10408 1
10408 1
10408 1
10408 1
10408 1
10408 1
10408 1
10408 1
10408 1
10408 1
10408 1
10408 1
10408 1
10408 1
10408 1
10408 1
10408 1
10408 1
10408 1
10408 1
10408 1
10408 1
10408 1
10408 1
10408 1
10408 1
10408 1
10408 1
10408 1
10408 1
10408 1
10408 1
10408 1
10408 1
595 1
595 1
595 1
595 1
595 1
595 1
595 1
595 1
595 1
595 1
595 1
595 1
595 1
595 1
595 1
595 1
595 1
595 1
595 1
595 1
595 1
595 1
595 1
595 1
595 1
595 1
595 1
595 1
595 1
595 1
595 1
595 1
595 1
595 1
595 1
595 1
595 1
595 1
595 1
596 1
596 1
596 1
596 1
596 1
596 1
596 1
596 1
596 1
596 1
596 1
596 1
596 1
596 1
596 1
596 1
596 1
596 1
596 1
596 1
596 1
596 1
596 1
596 1
596 1
596 1
596 1
596 1
596 1
596 1
596 1
596 1
596 1
596 1
596 1
596 1
596 1
596 1
596 1
627 1
627 1
627 1
627 1
627 1
627 1
627 1
627 1
627 1
627 1
627 1
627 1
627 1
627 1
627 1
627 1
627 1
627 1
627 1
627 1
627 1
627 1
627 1
627 1
627 1
627 1
627 1
627 1
627 1
627 1
627 1
627 1
627 1
627 1
627 1
627 1
627 1
627 1
627 1
628 1
628 1
628 1
628 1
628 1
628 1
628 1
628 1
628 1
628 1
628 1
628 1
628 1
628 1
628 1
628 1
628 1
628 1
628 1
628 1
628 1
628 1
628 1
628 1
628 1
628 1
628 1
628 1
628 1
628 1
628 1
628 1
628 1
628 1
628 1
628 1
628 1
628 1
628 1
635 1
635 1
635 1
635 1
635 1
635 1
635 1
635 1
635 1
635 1
635 1
635 1
635 1
635 1
635 1
635 1
635 1
635 1
635 1
635 1
635 1
635 1
635 1
635 1
635 1
635 1
635 1
635 1
635 1
635 1
635 1
635 1
635 1
635 1
635 1
635 1
635 1
635 1
635 1
662 1
662 1
662 1
662 1
662 1
662 1
662 1
662 1
662 1
662 1
662 1
662 1
662 1
662 1
662 1
662 1
662 1
662 1
662 1
662 1
662 1
662 1
662 1
662 1
662 1
662 1
662 1
662 1
662 1
662 1
662 1
662 1
662 1
662 1
662 1
662 1
662 1
662 1
662 1
663 1
663 1
663 1
663 1
663 1
663 1
663 1
663 1
663 1
663 1
663 1
663 1
663 1
663 1
663 1
663 1
663 1
663 1
663 1
663 1
663 1
663 1
663 1
663 1
663 1
663 1
663 1
663 1
663 1
663 1
663 1
663 1
663 1
663 1
663 1
663 1
663 1
663 1
663 1
664 1
664 1
664 1
664 1
664 1
664 1
664 1
664 1
664 1
664 1
664 1
664 1
664 1
664 1
664 1
664 1
664 1
664 1
664 1
664 1
664 1
664 1
664 1
664 1
664 1
664 1
664 1
664 1
664 1
664 1
664 1
664 1
664 1
664 1
664 1
664 1
664 1
664 1
664 1
665 1
665 1
665 1
665 1
665 1
665 1
665 1
665 1
665 1
665 1
665 1
665 1
665 1
665 1
665 1
665 1
665 1
665 1
665 1
665 1
665 1
665 1
665 1
665 1
665 1
665 1
665 1
665 1
665 1
665 1
665 1
665 1
665 1
665 1
665 1
665 1
665 1
665 1
665 1
666 1
666 1
666 1
666 1
666 1
666 1
666 1
666 1
666 1
666 1
666 1
666 1
666 1
666 1
666 1
666 1
666 1
666 1
666 1
666 1
666 1
666 1
666 1
666 1
666 1
666 1
666 1
666 1
666 1
666 1
666 1
666 1
666 1
666 1
666 1
666 1
666 1
666 1
666 1
667 1
667 1
667 1
667 1
667 1
667 1
667 1
667 1
667 1
667 1
667 1
667 1
667 1
667 1
667 1
667 1
667 1
667 1
667 1
667 1
667 1
667 1
667 1
667 1
667 1
667 1
667 1
667 1
667 1
667 1
667 1
667 1
667 1
667 1
667 1
667 1
667 1
667 1
667 1
699 1
699 1
699 1
699 1
699 1
699 1
699 1
699 1
699 1
699 1
699 1
699 1
699 1
699 1
699 1
699 1
699 1
699 1
699 1
699 1
699 1
699 1
699 1
699 1
699 1
699 1
699 1
699 1
699 1
699 1
699 1
699 1
699 1
699 1
699 1
699 1
699 1
699 1
699 1
700 1
700 1
700 1
700 1
700 1
700 1
700 1
700 1
700 1
700 1
700 1
700 1
700 1
700 1
700 1
700 1
700 1
700 1
700 1
700 1
700 1
700 1
700 1
700 1
700 1
700 1
700 1
700 1
700 1
700 1
700 1
700 1
700 1
700 1
700 1
700 1
700 1
700 1
700 1
701 1
701 1
701 1
701 1
701 1
701 1
701 1
701 1
701 1
701 1
701 1
701 1
701 1
701 1
701 1
701 1
701 1
701 1
701 1
701 1
701 1
701 1
701 1
701 1
701 1
701 1
701 1
701 1
701 1
701 1
701 1
701 1
701 1
701 1
701 1
701 1
701 1
701 1
701 1
704 1
704 1
704 1
704 1
704 1
704 1
704 1
704 1
704 1
704 1
704 1
704 1
704 1
704 1
704 1
704 1
704 1
704 1
704 1
704 1
704 1
704 1
704 1
704 1
704 1
704 1
704 1
704 1
704 1
704 1
704 1
704 1
704 1
704 1
704 1
704 1
704 1
704 1
704 1
705 1
705 1
705 1
705 1
705 1
705 1
705 1
705 1
705 1
705 1
705 1
705 1
705 1
705 1
705 1
705 1
705 1
705 1
705 1
705 1
705 1
705 1
705 1
705 1
705 1
705 1
705 1
705 1
705 1
705 1
705 1
705 1
705 1
705 1
705 1
705 1
705 1
705 1
705 1
739 1
739 1
739 1
739 1
739 1
739 1
739 1
739 1
739 1
739 1
739 1
739 1
739 1
739 1
739 1
739 1
739 1
739 1
739 1
739 1
739 1
739 1
739 1
739 1
739 1
739 1
739 1
739 1
739 1
739 1
739 1
739 1
739 1
739 1
739 1
739 1
739 1
739 1
739 1
779 1
779 1
779 1
779 1
779 1
779 1
779 1
779 1
779 1
779 1
779 1
779 1
779 1
779 1
779 1
779 1
779 1
779 1
779 1
779 1
779 1
779 1
779 1
779 1
779 1
779 1
779 1
779 1
779 1
779 1
779 1
779 1
779 1
779 1
779 1
779 1
779 1
779 1
779 1
