pt_graph cpue_kghour
6551 0
6551 112.930092284635
6551 112.930092284635
6551 112.930092284635
6551 112.930092284635
6551 0
6551 7.38491126822766
6551 7.38491126822766
6551 28.6096431459756
6551 28.6096431459756
6551 28.6096431459756
6551 0
6551 1.86725829268645
6551 9.63048492163592
6551 9.63048492163592
6551 9.63048492163592
6551 1.15895815603446
6551 0.485406286503913
6551 1.30824884483874
6551 3.45585980274033
6551 0
6551 2.04828023555451
6551 0
6551 0
6551 25.6329106059215
6551 25.6329106059215
6551 0
6551 24.9833764557532
6551 24.9833764557532
6551 24.9833764557532
6551 4.23073580182818
6551 0
6551 0
6551 1481.55275348729
6551 1.83107882202349
6551 1.83107882202349
6551 13.1447312787862
6551 13.1447312787862
6551 1.09490696189629
6551 1.09490696189629
6551 1.09490696189629
6551 1.68588739509415
6551 1.68588739509415
6551 1.68588739509415
6551 0.988052163070236
6635 0
6635 112.930092284635
6635 112.930092284635
6635 112.930092284635
6635 112.930092284635
6635 0
6635 7.38491126822766
6635 7.38491126822766
6635 28.6096431459756
6635 28.6096431459756
6635 28.6096431459756
6635 0
6635 1.86725829268645
6635 9.63048492163592
6635 9.63048492163592
6635 9.63048492163592
6635 1.15895815603446
6635 0.485406286503913
6635 1.30824884483874
6635 3.45585980274033
6635 0
6635 2.04828023555451
6635 0
6635 0
6635 25.6329106059215
6635 25.6329106059215
6635 0
6635 24.9833764557532
6635 24.9833764557532
6635 24.9833764557532
6635 4.23073580182818
6635 0
6635 0
6635 1481.55275348729
6635 1.83107882202349
6635 1.83107882202349
6635 13.1447312787862
6635 13.1447312787862
6635 1.09490696189629
6635 1.09490696189629
6635 1.09490696189629
6635 1.68588739509415
6635 1.68588739509415
6635 1.68588739509415
6635 0.988052163070236
6789 0
6789 112.930092284635
6789 112.930092284635
6789 112.930092284635
6789 112.930092284635
6789 0
6789 7.38491126822766
6789 7.38491126822766
6789 28.6096431459756
6789 28.6096431459756
6789 28.6096431459756
6789 0
6789 1.86725829268645
6789 9.63048492163592
6789 9.63048492163592
6789 9.63048492163592
6789 1.15895815603446
6789 0.485406286503913
6789 1.30824884483874
6789 3.45585980274033
6789 0
6789 2.04828023555451
6789 0
6789 0
6789 25.6329106059215
6789 25.6329106059215
6789 0
6789 24.9833764557532
6789 24.9833764557532
6789 24.9833764557532
6789 4.23073580182818
6789 0
6789 0
6789 1481.55275348729
6789 1.83107882202349
6789 1.83107882202349
6789 13.1447312787862
6789 13.1447312787862
6789 1.09490696189629
6789 1.09490696189629
6789 1.09490696189629
6789 1.68588739509415
6789 1.68588739509415
6789 1.68588739509415
6789 0.988052163070236
6930 0
6930 112.930092284635
6930 112.930092284635
6930 112.930092284635
6930 112.930092284635
6930 0
6930 7.38491126822766
6930 7.38491126822766
6930 28.6096431459756
6930 28.6096431459756
6930 28.6096431459756
6930 0
6930 1.86725829268645
6930 9.63048492163592
6930 9.63048492163592
6930 9.63048492163592
6930 1.15895815603446
6930 0.485406286503913
6930 1.30824884483874
6930 3.45585980274033
6930 0
6930 2.04828023555451
6930 0
6930 0
6930 25.6329106059215
6930 25.6329106059215
6930 0
6930 24.9833764557532
6930 24.9833764557532
6930 24.9833764557532
6930 4.23073580182818
6930 0
6930 0
6930 1481.55275348729
6930 1.83107882202349
6930 1.83107882202349
6930 13.1447312787862
6930 13.1447312787862
6930 1.09490696189629
6930 1.09490696189629
6930 1.09490696189629
6930 1.68588739509415
6930 1.68588739509415
6930 1.68588739509415
6930 0.988052163070236
6931 0
6931 112.930092284635
6931 112.930092284635
6931 112.930092284635
6931 112.930092284635
6931 0
6931 7.38491126822766
6931 7.38491126822766
6931 28.6096431459756
6931 28.6096431459756
6931 28.6096431459756
6931 0
6931 1.86725829268645
6931 9.63048492163592
6931 9.63048492163592
6931 9.63048492163592
6931 1.15895815603446
6931 0.485406286503913
6931 1.30824884483874
6931 3.45585980274033
6931 0
6931 2.04828023555451
6931 0
6931 0
6931 25.6329106059215
6931 25.6329106059215
6931 0
6931 24.9833764557532
6931 24.9833764557532
6931 24.9833764557532
6931 4.23073580182818
6931 0
6931 0
6931 1481.55275348729
6931 1.83107882202349
6931 1.83107882202349
6931 13.1447312787862
6931 13.1447312787862
6931 1.09490696189629
6931 1.09490696189629
6931 1.09490696189629
6931 1.68588739509415
6931 1.68588739509415
6931 1.68588739509415
6931 0.988052163070236
6932 0
6932 112.930092284635
6932 112.930092284635
6932 112.930092284635
6932 112.930092284635
6932 0
6932 7.38491126822766
6932 7.38491126822766
6932 28.6096431459756
6932 28.6096431459756
6932 28.6096431459756
6932 0
6932 1.86725829268645
6932 9.63048492163592
6932 9.63048492163592
6932 9.63048492163592
6932 1.15895815603446
6932 0.485406286503913
6932 1.30824884483874
6932 3.45585980274033
6932 0
6932 2.04828023555451
6932 0
6932 0
6932 25.6329106059215
6932 25.6329106059215
6932 0
6932 24.9833764557532
6932 24.9833764557532
6932 24.9833764557532
6932 4.23073580182818
6932 0
6932 0
6932 1481.55275348729
6932 1.83107882202349
6932 1.83107882202349
6932 13.1447312787862
6932 13.1447312787862
6932 1.09490696189629
6932 1.09490696189629
6932 1.09490696189629
6932 1.68588739509415
6932 1.68588739509415
6932 1.68588739509415
6932 0.988052163070236
7001 0
7001 112.930092284635
7001 112.930092284635
7001 112.930092284635
7001 112.930092284635
7001 0
7001 7.38491126822766
7001 7.38491126822766
7001 28.6096431459756
7001 28.6096431459756
7001 28.6096431459756
7001 0
7001 1.86725829268645
7001 9.63048492163592
7001 9.63048492163592
7001 9.63048492163592
7001 1.15895815603446
7001 0.485406286503913
7001 1.30824884483874
7001 3.45585980274033
7001 0
7001 2.04828023555451
7001 0
7001 0
7001 25.6329106059215
7001 25.6329106059215
7001 0
7001 24.9833764557532
7001 24.9833764557532
7001 24.9833764557532
7001 4.23073580182818
7001 0
7001 0
7001 1481.55275348729
7001 1.83107882202349
7001 1.83107882202349
7001 13.1447312787862
7001 13.1447312787862
7001 1.09490696189629
7001 1.09490696189629
7001 1.09490696189629
7001 1.68588739509415
7001 1.68588739509415
7001 1.68588739509415
7001 0.988052163070236
7072 0
7072 112.930092284635
7072 112.930092284635
7072 112.930092284635
7072 112.930092284635
7072 0
7072 7.38491126822766
7072 7.38491126822766
7072 28.6096431459756
7072 28.6096431459756
7072 28.6096431459756
7072 0
7072 1.86725829268645
7072 9.63048492163592
7072 9.63048492163592
7072 9.63048492163592
7072 1.15895815603446
7072 0.485406286503913
7072 1.30824884483874
7072 3.45585980274033
7072 0
7072 2.04828023555451
7072 0
7072 0
7072 25.6329106059215
7072 25.6329106059215
7072 0
7072 24.9833764557532
7072 24.9833764557532
7072 24.9833764557532
7072 4.23073580182818
7072 0
7072 0
7072 1481.55275348729
7072 1.83107882202349
7072 1.83107882202349
7072 13.1447312787862
7072 13.1447312787862
7072 1.09490696189629
7072 1.09490696189629
7072 1.09490696189629
7072 1.68588739509415
7072 1.68588739509415
7072 1.68588739509415
7072 0.988052163070236
7144 0
7144 112.930092284635
7144 112.930092284635
7144 112.930092284635
7144 112.930092284635
7144 0
7144 7.38491126822766
7144 7.38491126822766
7144 28.6096431459756
7144 28.6096431459756
7144 28.6096431459756
7144 0
7144 1.86725829268645
7144 9.63048492163592
7144 9.63048492163592
7144 9.63048492163592
7144 1.15895815603446
7144 0.485406286503913
7144 1.30824884483874
7144 3.45585980274033
7144 0
7144 2.04828023555451
7144 0
7144 0
7144 25.6329106059215
7144 25.6329106059215
7144 0
7144 24.9833764557532
7144 24.9833764557532
7144 24.9833764557532
7144 4.23073580182818
7144 0
7144 0
7144 1481.55275348729
7144 1.83107882202349
7144 1.83107882202349
7144 13.1447312787862
7144 13.1447312787862
7144 1.09490696189629
7144 1.09490696189629
7144 1.09490696189629
7144 1.68588739509415
7144 1.68588739509415
7144 1.68588739509415
7144 0.988052163070236
7145 0
7145 112.930092284635
7145 112.930092284635
7145 112.930092284635
7145 112.930092284635
7145 0
7145 7.38491126822766
7145 7.38491126822766
7145 28.6096431459756
7145 28.6096431459756
7145 28.6096431459756
7145 0
7145 1.86725829268645
7145 9.63048492163592
7145 9.63048492163592
7145 9.63048492163592
7145 1.15895815603446
7145 0.485406286503913
7145 1.30824884483874
7145 3.45585980274033
7145 0
7145 2.04828023555451
7145 0
7145 0
7145 25.6329106059215
7145 25.6329106059215
7145 0
7145 24.9833764557532
7145 24.9833764557532
7145 24.9833764557532
7145 4.23073580182818
7145 0
7145 0
7145 1481.55275348729
7145 1.83107882202349
7145 1.83107882202349
7145 13.1447312787862
7145 13.1447312787862
7145 1.09490696189629
7145 1.09490696189629
7145 1.09490696189629
7145 1.68588739509415
7145 1.68588739509415
7145 1.68588739509415
7145 0.988052163070236
7281 0
7281 112.930092284635
7281 112.930092284635
7281 112.930092284635
7281 112.930092284635
7281 0
7281 7.38491126822766
7281 7.38491126822766
7281 28.6096431459756
7281 28.6096431459756
7281 28.6096431459756
7281 0
7281 1.86725829268645
7281 9.63048492163592
7281 9.63048492163592
7281 9.63048492163592
7281 1.15895815603446
7281 0.485406286503913
7281 1.30824884483874
7281 3.45585980274033
7281 0
7281 2.04828023555451
7281 0
7281 0
7281 25.6329106059215
7281 25.6329106059215
7281 0
7281 24.9833764557532
7281 24.9833764557532
7281 24.9833764557532
7281 4.23073580182818
7281 0
7281 0
7281 1481.55275348729
7281 1.83107882202349
7281 1.83107882202349
7281 13.1447312787862
7281 13.1447312787862
7281 1.09490696189629
7281 1.09490696189629
7281 1.09490696189629
7281 1.68588739509415
7281 1.68588739509415
7281 1.68588739509415
7281 0.988052163070236
7739 0
7739 112.930092284635
7739 112.930092284635
7739 112.930092284635
7739 112.930092284635
7739 0
7739 7.38491126822766
7739 7.38491126822766
7739 28.6096431459756
7739 28.6096431459756
7739 28.6096431459756
7739 0
7739 1.86725829268645
7739 9.63048492163592
7739 9.63048492163592
7739 9.63048492163592
7739 1.15895815603446
7739 0.485406286503913
7739 1.30824884483874
7739 3.45585980274033
7739 0
7739 2.04828023555451
7739 0
7739 0
7739 25.6329106059215
7739 25.6329106059215
7739 0
7739 24.9833764557532
7739 24.9833764557532
7739 24.9833764557532
7739 4.23073580182818
7739 0
7739 0
7739 1481.55275348729
7739 1.83107882202349
7739 1.83107882202349
7739 13.1447312787862
7739 13.1447312787862
7739 1.09490696189629
7739 1.09490696189629
7739 1.09490696189629
7739 1.68588739509415
7739 1.68588739509415
7739 1.68588739509415
7739 0.988052163070236
7740 0
7740 112.930092284635
7740 112.930092284635
7740 112.930092284635
7740 112.930092284635
7740 0
7740 7.38491126822766
7740 7.38491126822766
7740 28.6096431459756
7740 28.6096431459756
7740 28.6096431459756
7740 0
7740 1.86725829268645
7740 9.63048492163592
7740 9.63048492163592
7740 9.63048492163592
7740 1.15895815603446
7740 0.485406286503913
7740 1.30824884483874
7740 3.45585980274033
7740 0
7740 2.04828023555451
7740 0
7740 0
7740 25.6329106059215
7740 25.6329106059215
7740 0
7740 24.9833764557532
7740 24.9833764557532
7740 24.9833764557532
7740 4.23073580182818
7740 0
7740 0
7740 1481.55275348729
7740 1.83107882202349
7740 1.83107882202349
7740 13.1447312787862
7740 13.1447312787862
7740 1.09490696189629
7740 1.09490696189629
7740 1.09490696189629
7740 1.68588739509415
7740 1.68588739509415
7740 1.68588739509415
7740 0.988052163070236
7797 0
7797 112.930092284635
7797 112.930092284635
7797 112.930092284635
7797 112.930092284635
7797 0
7797 7.38491126822766
7797 7.38491126822766
7797 28.6096431459756
7797 28.6096431459756
7797 28.6096431459756
7797 0
7797 1.86725829268645
7797 9.63048492163592
7797 9.63048492163592
7797 9.63048492163592
7797 1.15895815603446
7797 0.485406286503913
7797 1.30824884483874
7797 3.45585980274033
7797 0
7797 2.04828023555451
7797 0
7797 0
7797 25.6329106059215
7797 25.6329106059215
7797 0
7797 24.9833764557532
7797 24.9833764557532
7797 24.9833764557532
7797 4.23073580182818
7797 0
7797 0
7797 1481.55275348729
7797 1.83107882202349
7797 1.83107882202349
7797 13.1447312787862
7797 13.1447312787862
7797 1.09490696189629
7797 1.09490696189629
7797 1.09490696189629
7797 1.68588739509415
7797 1.68588739509415
7797 1.68588739509415
7797 0.988052163070236
7854 0
7854 112.930092284635
7854 112.930092284635
7854 112.930092284635
7854 112.930092284635
7854 0
7854 7.38491126822766
7854 7.38491126822766
7854 28.6096431459756
7854 28.6096431459756
7854 28.6096431459756
7854 0
7854 1.86725829268645
7854 9.63048492163592
7854 9.63048492163592
7854 9.63048492163592
7854 1.15895815603446
7854 0.485406286503913
7854 1.30824884483874
7854 3.45585980274033
7854 0
7854 2.04828023555451
7854 0
7854 0
7854 25.6329106059215
7854 25.6329106059215
7854 0
7854 24.9833764557532
7854 24.9833764557532
7854 24.9833764557532
7854 4.23073580182818
7854 0
7854 0
7854 1481.55275348729
7854 1.83107882202349
7854 1.83107882202349
7854 13.1447312787862
7854 13.1447312787862
7854 1.09490696189629
7854 1.09490696189629
7854 1.09490696189629
7854 1.68588739509415
7854 1.68588739509415
7854 1.68588739509415
7854 0.988052163070236
7910 0
7910 112.930092284635
7910 112.930092284635
7910 112.930092284635
7910 112.930092284635
7910 0
7910 7.38491126822766
7910 7.38491126822766
7910 28.6096431459756
7910 28.6096431459756
7910 28.6096431459756
7910 0
7910 1.86725829268645
7910 9.63048492163592
7910 9.63048492163592
7910 9.63048492163592
7910 1.15895815603446
7910 0.485406286503913
7910 1.30824884483874
7910 3.45585980274033
7910 0
7910 2.04828023555451
7910 0
7910 0
7910 25.6329106059215
7910 25.6329106059215
7910 0
7910 24.9833764557532
7910 24.9833764557532
7910 24.9833764557532
7910 4.23073580182818
7910 0
7910 0
7910 1481.55275348729
7910 1.83107882202349
7910 1.83107882202349
7910 13.1447312787862
7910 13.1447312787862
7910 1.09490696189629
7910 1.09490696189629
7910 1.09490696189629
7910 1.68588739509415
7910 1.68588739509415
7910 1.68588739509415
7910 0.988052163070236
7911 0
7911 112.930092284635
7911 112.930092284635
7911 112.930092284635
7911 112.930092284635
7911 0
7911 7.38491126822766
7911 7.38491126822766
7911 28.6096431459756
7911 28.6096431459756
7911 28.6096431459756
7911 0
7911 1.86725829268645
7911 9.63048492163592
7911 9.63048492163592
7911 9.63048492163592
7911 1.15895815603446
7911 0.485406286503913
7911 1.30824884483874
7911 3.45585980274033
7911 0
7911 2.04828023555451
7911 0
7911 0
7911 25.6329106059215
7911 25.6329106059215
7911 0
7911 24.9833764557532
7911 24.9833764557532
7911 24.9833764557532
7911 4.23073580182818
7911 0
7911 0
7911 1481.55275348729
7911 1.83107882202349
7911 1.83107882202349
7911 13.1447312787862
7911 13.1447312787862
7911 1.09490696189629
7911 1.09490696189629
7911 1.09490696189629
7911 1.68588739509415
7911 1.68588739509415
7911 1.68588739509415
7911 0.988052163070236
7967 0
7967 112.930092284635
7967 112.930092284635
7967 112.930092284635
7967 112.930092284635
7967 0
7967 7.38491126822766
7967 7.38491126822766
7967 28.6096431459756
7967 28.6096431459756
7967 28.6096431459756
7967 0
7967 1.86725829268645
7967 9.63048492163592
7967 9.63048492163592
7967 9.63048492163592
7967 1.15895815603446
7967 0.485406286503913
7967 1.30824884483874
7967 3.45585980274033
7967 0
7967 2.04828023555451
7967 0
7967 0
7967 25.6329106059215
7967 25.6329106059215
7967 0
7967 24.9833764557532
7967 24.9833764557532
7967 24.9833764557532
7967 4.23073580182818
7967 0
7967 0
7967 1481.55275348729
7967 1.83107882202349
7967 1.83107882202349
7967 13.1447312787862
7967 13.1447312787862
7967 1.09490696189629
7967 1.09490696189629
7967 1.09490696189629
7967 1.68588739509415
7967 1.68588739509415
7967 1.68588739509415
7967 0.988052163070236
7970 0
7970 112.930092284635
7970 112.930092284635
7970 112.930092284635
7970 112.930092284635
7970 0
7970 7.38491126822766
7970 7.38491126822766
7970 28.6096431459756
7970 28.6096431459756
7970 28.6096431459756
7970 0
7970 1.86725829268645
7970 9.63048492163592
7970 9.63048492163592
7970 9.63048492163592
7970 1.15895815603446
7970 0.485406286503913
7970 1.30824884483874
7970 3.45585980274033
7970 0
7970 2.04828023555451
7970 0
7970 0
7970 25.6329106059215
7970 25.6329106059215
7970 0
7970 24.9833764557532
7970 24.9833764557532
7970 24.9833764557532
7970 4.23073580182818
7970 0
7970 0
7970 1481.55275348729
7970 1.83107882202349
7970 1.83107882202349
7970 13.1447312787862
7970 13.1447312787862
7970 1.09490696189629
7970 1.09490696189629
7970 1.09490696189629
7970 1.68588739509415
7970 1.68588739509415
7970 1.68588739509415
7970 0.988052163070236
8023 0
8023 112.930092284635
8023 112.930092284635
8023 112.930092284635
8023 112.930092284635
8023 0
8023 7.38491126822766
8023 7.38491126822766
8023 28.6096431459756
8023 28.6096431459756
8023 28.6096431459756
8023 0
8023 1.86725829268645
8023 9.63048492163592
8023 9.63048492163592
8023 9.63048492163592
8023 1.15895815603446
8023 0.485406286503913
8023 1.30824884483874
8023 3.45585980274033
8023 0
8023 2.04828023555451
8023 0
8023 0
8023 25.6329106059215
8023 25.6329106059215
8023 0
8023 24.9833764557532
8023 24.9833764557532
8023 24.9833764557532
8023 4.23073580182818
8023 0
8023 0
8023 1481.55275348729
8023 1.83107882202349
8023 1.83107882202349
8023 13.1447312787862
8023 13.1447312787862
8023 1.09490696189629
8023 1.09490696189629
8023 1.09490696189629
8023 1.68588739509415
8023 1.68588739509415
8023 1.68588739509415
8023 0.988052163070236
7977 0
7977 112.930092284635
7977 112.930092284635
7977 112.930092284635
7977 112.930092284635
7977 0
7977 7.38491126822766
7977 7.38491126822766
7977 28.6096431459756
7977 28.6096431459756
7977 28.6096431459756
7977 0
7977 1.86725829268645
7977 9.63048492163592
7977 9.63048492163592
7977 9.63048492163592
7977 1.15895815603446
7977 0.485406286503913
7977 1.30824884483874
7977 3.45585980274033
7977 0
7977 2.04828023555451
7977 0
7977 0
7977 25.6329106059215
7977 25.6329106059215
7977 0
7977 24.9833764557532
7977 24.9833764557532
7977 24.9833764557532
7977 4.23073580182818
7977 0
7977 0
7977 1481.55275348729
7977 1.83107882202349
7977 1.83107882202349
7977 13.1447312787862
7977 13.1447312787862
7977 1.09490696189629
7977 1.09490696189629
7977 1.09490696189629
7977 1.68588739509415
7977 1.68588739509415
7977 1.68588739509415
7977 0.988052163070236
7978 0
7978 112.930092284635
7978 112.930092284635
7978 112.930092284635
7978 112.930092284635
7978 0
7978 7.38491126822766
7978 7.38491126822766
7978 28.6096431459756
7978 28.6096431459756
7978 28.6096431459756
7978 0
7978 1.86725829268645
7978 9.63048492163592
7978 9.63048492163592
7978 9.63048492163592
7978 1.15895815603446
7978 0.485406286503913
7978 1.30824884483874
7978 3.45585980274033
7978 0
7978 2.04828023555451
7978 0
7978 0
7978 25.6329106059215
7978 25.6329106059215
7978 0
7978 24.9833764557532
7978 24.9833764557532
7978 24.9833764557532
7978 4.23073580182818
7978 0
7978 0
7978 1481.55275348729
7978 1.83107882202349
7978 1.83107882202349
7978 13.1447312787862
7978 13.1447312787862
7978 1.09490696189629
7978 1.09490696189629
7978 1.09490696189629
7978 1.68588739509415
7978 1.68588739509415
7978 1.68588739509415
7978 0.988052163070236
