pt_graph cpue_kghour
1411 0
1411 3.55454197853306
1411 3.55454197853306
1411 3.55454197853306
1411 3.55454197853306
1411 0
1411 55.2143452637224
1411 55.2143452637224
1411 32.7841674990826
1411 32.7841674990826
1411 32.7841674990826
1411 0
1411 4.57138713888897
1411 14395.9730992737
1411 14395.9730992737
1411 14395.9730992737
1411 2.84875831473659
1411 5526.35078684475
1411 0
1411 8064.96863034976
1411 0
1411 0.219703890455968
1411 0
1411 0
1411 0
1411 0
1411 142.532265535544
1411 12.2849227377111
1411 12.2849227377111
1411 12.2849227377111
1411 42.9172869071312
1411 0
1411 0
1411 0.527058196006544
1411 0
1411 0
1411 14753.4123880652
1411 14753.4123880652
1411 0
1411 0
1411 0
1411 108.555827384865
1411 108.555827384865
1411 108.555827384865
1411 0.25575484320619
1412 0
1412 3.55454197853306
1412 3.55454197853306
1412 3.55454197853306
1412 3.55454197853306
1412 0
1412 55.2143452637224
1412 55.2143452637224
1412 32.7841674990826
1412 32.7841674990826
1412 32.7841674990826
1412 0
1412 4.57138713888897
1412 14395.9730992737
1412 14395.9730992737
1412 14395.9730992737
1412 2.84875831473659
1412 5526.35078684475
1412 0
1412 8064.96863034976
1412 0
1412 0.219703890455968
1412 0
1412 0
1412 0
1412 0
1412 142.532265535544
1412 12.2849227377111
1412 12.2849227377111
1412 12.2849227377111
1412 42.9172869071312
1412 0
1412 0
1412 0.527058196006544
1412 0
1412 0
1412 14753.4123880652
1412 14753.4123880652
1412 0
1412 0
1412 0
1412 108.555827384865
1412 108.555827384865
1412 108.555827384865
1412 0.25575484320619
1413 0
1413 3.55454197853306
1413 3.55454197853306
1413 3.55454197853306
1413 3.55454197853306
1413 0
1413 55.2143452637224
1413 55.2143452637224
1413 32.7841674990826
1413 32.7841674990826
1413 32.7841674990826
1413 0
1413 4.57138713888897
1413 14395.9730992737
1413 14395.9730992737
1413 14395.9730992737
1413 2.84875831473659
1413 5526.35078684475
1413 0
1413 8064.96863034976
1413 0
1413 0.219703890455968
1413 0
1413 0
1413 0
1413 0
1413 142.532265535544
1413 12.2849227377111
1413 12.2849227377111
1413 12.2849227377111
1413 42.9172869071312
1413 0
1413 0
1413 0.527058196006544
1413 0
1413 0
1413 14753.4123880652
1413 14753.4123880652
1413 0
1413 0
1413 0
1413 108.555827384865
1413 108.555827384865
1413 108.555827384865
1413 0.25575484320619
1476 0
1476 3.55454197853306
1476 3.55454197853306
1476 3.55454197853306
1476 3.55454197853306
1476 0
1476 55.2143452637224
1476 55.2143452637224
1476 32.7841674990826
1476 32.7841674990826
1476 32.7841674990826
1476 0
1476 4.57138713888897
1476 14395.9730992737
1476 14395.9730992737
1476 14395.9730992737
1476 2.84875831473659
1476 5526.35078684475
1476 0
1476 8064.96863034976
1476 0
1476 0.219703890455968
1476 0
1476 0
1476 0
1476 0
1476 142.532265535544
1476 12.2849227377111
1476 12.2849227377111
1476 12.2849227377111
1476 42.9172869071312
1476 0
1476 0
1476 0.527058196006544
1476 0
1476 0
1476 14753.4123880652
1476 14753.4123880652
1476 0
1476 0
1476 0
1476 108.555827384865
1476 108.555827384865
1476 108.555827384865
1476 0.25575484320619
1542 0
1542 3.55454197853306
1542 3.55454197853306
1542 3.55454197853306
1542 3.55454197853306
1542 0
1542 55.2143452637224
1542 55.2143452637224
1542 32.7841674990826
1542 32.7841674990826
1542 32.7841674990826
1542 0
1542 4.57138713888897
1542 14395.9730992737
1542 14395.9730992737
1542 14395.9730992737
1542 2.84875831473659
1542 5526.35078684475
1542 0
1542 8064.96863034976
1542 0
1542 0.219703890455968
1542 0
1542 0
1542 0
1542 0
1542 142.532265535544
1542 12.2849227377111
1542 12.2849227377111
1542 12.2849227377111
1542 42.9172869071312
1542 0
1542 0
1542 0.527058196006544
1542 0
1542 0
1542 14753.4123880652
1542 14753.4123880652
1542 0
1542 0
1542 0
1542 108.555827384865
1542 108.555827384865
1542 108.555827384865
1542 0.25575484320619
1546 0
1546 3.55454197853306
1546 3.55454197853306
1546 3.55454197853306
1546 3.55454197853306
1546 0
1546 55.2143452637224
1546 55.2143452637224
1546 32.7841674990826
1546 32.7841674990826
1546 32.7841674990826
1546 0
1546 4.57138713888897
1546 14395.9730992737
1546 14395.9730992737
1546 14395.9730992737
1546 2.84875831473659
1546 5526.35078684475
1546 0
1546 8064.96863034976
1546 0
1546 0.219703890455968
1546 0
1546 0
1546 0
1546 0
1546 142.532265535544
1546 12.2849227377111
1546 12.2849227377111
1546 12.2849227377111
1546 42.9172869071312
1546 0
1546 0
1546 0.527058196006544
1546 0
1546 0
1546 14753.4123880652
1546 14753.4123880652
1546 0
1546 0
1546 0
1546 108.555827384865
1546 108.555827384865
1546 108.555827384865
1546 0.25575484320619
1611 0
1611 3.55454197853306
1611 3.55454197853306
1611 3.55454197853306
1611 3.55454197853306
1611 0
1611 55.2143452637224
1611 55.2143452637224
1611 32.7841674990826
1611 32.7841674990826
1611 32.7841674990826
1611 0
1611 4.57138713888897
1611 14395.9730992737
1611 14395.9730992737
1611 14395.9730992737
1611 2.84875831473659
1611 5526.35078684475
1611 0
1611 8064.96863034976
1611 0
1611 0.219703890455968
1611 0
1611 0
1611 0
1611 0
1611 142.532265535544
1611 12.2849227377111
1611 12.2849227377111
1611 12.2849227377111
1611 42.9172869071312
1611 0
1611 0
1611 0.527058196006544
1611 0
1611 0
1611 14753.4123880652
1611 14753.4123880652
1611 0
1611 0
1611 0
1611 108.555827384865
1611 108.555827384865
1611 108.555827384865
1611 0.25575484320619
1615 0
1615 3.55454197853306
1615 3.55454197853306
1615 3.55454197853306
1615 3.55454197853306
1615 0
1615 55.2143452637224
1615 55.2143452637224
1615 32.7841674990826
1615 32.7841674990826
1615 32.7841674990826
1615 0
1615 4.57138713888897
1615 14395.9730992737
1615 14395.9730992737
1615 14395.9730992737
1615 2.84875831473659
1615 5526.35078684475
1615 0
1615 8064.96863034976
1615 0
1615 0.219703890455968
1615 0
1615 0
1615 0
1615 0
1615 142.532265535544
1615 12.2849227377111
1615 12.2849227377111
1615 12.2849227377111
1615 42.9172869071312
1615 0
1615 0
1615 0.527058196006544
1615 0
1615 0
1615 14753.4123880652
1615 14753.4123880652
1615 0
1615 0
1615 0
1615 108.555827384865
1615 108.555827384865
1615 108.555827384865
1615 0.25575484320619
1834 0
1834 3.55454197853306
1834 3.55454197853306
1834 3.55454197853306
1834 3.55454197853306
1834 0
1834 55.2143452637224
1834 55.2143452637224
1834 32.7841674990826
1834 32.7841674990826
1834 32.7841674990826
1834 0
1834 4.57138713888897
1834 14395.9730992737
1834 14395.9730992737
1834 14395.9730992737
1834 2.84875831473659
1834 5526.35078684475
1834 0
1834 8064.96863034976
1834 0
1834 0.219703890455968
1834 0
1834 0
1834 0
1834 0
1834 142.532265535544
1834 12.2849227377111
1834 12.2849227377111
1834 12.2849227377111
1834 42.9172869071312
1834 0
1834 0
1834 0.527058196006544
1834 0
1834 0
1834 14753.4123880652
1834 14753.4123880652
1834 0
1834 0
1834 0
1834 108.555827384865
1834 108.555827384865
1834 108.555827384865
1834 0.25575484320619
1915 0
1915 3.55454197853306
1915 3.55454197853306
1915 3.55454197853306
1915 3.55454197853306
1915 0
1915 55.2143452637224
1915 55.2143452637224
1915 32.7841674990826
1915 32.7841674990826
1915 32.7841674990826
1915 0
1915 4.57138713888897
1915 14395.9730992737
1915 14395.9730992737
1915 14395.9730992737
1915 2.84875831473659
1915 5526.35078684475
1915 0
1915 8064.96863034976
1915 0
1915 0.219703890455968
1915 0
1915 0
1915 0
1915 0
1915 142.532265535544
1915 12.2849227377111
1915 12.2849227377111
1915 12.2849227377111
1915 42.9172869071312
1915 0
1915 0
1915 0.527058196006544
1915 0
1915 0
1915 14753.4123880652
1915 14753.4123880652
1915 0
1915 0
1915 0
1915 108.555827384865
1915 108.555827384865
1915 108.555827384865
1915 0.25575484320619
2408 0
2408 3.55454197853306
2408 3.55454197853306
2408 3.55454197853306
2408 3.55454197853306
2408 0
2408 55.2143452637224
2408 55.2143452637224
2408 32.7841674990826
2408 32.7841674990826
2408 32.7841674990826
2408 0
2408 4.57138713888897
2408 14395.9730992737
2408 14395.9730992737
2408 14395.9730992737
2408 2.84875831473659
2408 5526.35078684475
2408 0
2408 8064.96863034976
2408 0
2408 0.219703890455968
2408 0
2408 0
2408 0
2408 0
2408 142.532265535544
2408 12.2849227377111
2408 12.2849227377111
2408 12.2849227377111
2408 42.9172869071312
2408 0
2408 0
2408 0.527058196006544
2408 0
2408 0
2408 14753.4123880652
2408 14753.4123880652
2408 0
2408 0
2408 0
2408 108.555827384865
2408 108.555827384865
2408 108.555827384865
2408 0.25575484320619
2413 0
2413 3.55454197853306
2413 3.55454197853306
2413 3.55454197853306
2413 3.55454197853306
2413 0
2413 55.2143452637224
2413 55.2143452637224
2413 32.7841674990826
2413 32.7841674990826
2413 32.7841674990826
2413 0
2413 4.57138713888897
2413 14395.9730992737
2413 14395.9730992737
2413 14395.9730992737
2413 2.84875831473659
2413 5526.35078684475
2413 0
2413 8064.96863034976
2413 0
2413 0.219703890455968
2413 0
2413 0
2413 0
2413 0
2413 142.532265535544
2413 12.2849227377111
2413 12.2849227377111
2413 12.2849227377111
2413 42.9172869071312
2413 0
2413 0
2413 0.527058196006544
2413 0
2413 0
2413 14753.4123880652
2413 14753.4123880652
2413 0
2413 0
2413 0
2413 108.555827384865
2413 108.555827384865
2413 108.555827384865
2413 0.25575484320619
2487 0
2487 3.55454197853306
2487 3.55454197853306
2487 3.55454197853306
2487 3.55454197853306
2487 0
2487 55.2143452637224
2487 55.2143452637224
2487 32.7841674990826
2487 32.7841674990826
2487 32.7841674990826
2487 0
2487 4.57138713888897
2487 14395.9730992737
2487 14395.9730992737
2487 14395.9730992737
2487 2.84875831473659
2487 5526.35078684475
2487 0
2487 8064.96863034976
2487 0
2487 0.219703890455968
2487 0
2487 0
2487 0
2487 0
2487 142.532265535544
2487 12.2849227377111
2487 12.2849227377111
2487 12.2849227377111
2487 42.9172869071312
2487 0
2487 0
2487 0.527058196006544
2487 0
2487 0
2487 14753.4123880652
2487 14753.4123880652
2487 0
2487 0
2487 0
2487 108.555827384865
2487 108.555827384865
2487 108.555827384865
2487 0.25575484320619
2566 0
2566 3.55454197853306
2566 3.55454197853306
2566 3.55454197853306
2566 3.55454197853306
2566 0
2566 55.2143452637224
2566 55.2143452637224
2566 32.7841674990826
2566 32.7841674990826
2566 32.7841674990826
2566 0
2566 4.57138713888897
2566 14395.9730992737
2566 14395.9730992737
2566 14395.9730992737
2566 2.84875831473659
2566 5526.35078684475
2566 0
2566 8064.96863034976
2566 0
2566 0.219703890455968
2566 0
2566 0
2566 0
2566 0
2566 142.532265535544
2566 12.2849227377111
2566 12.2849227377111
2566 12.2849227377111
2566 42.9172869071312
2566 0
2566 0
2566 0.527058196006544
2566 0
2566 0
2566 14753.4123880652
2566 14753.4123880652
2566 0
2566 0
2566 0
2566 108.555827384865
2566 108.555827384865
2566 108.555827384865
2566 0.25575484320619
2608 0
2608 3.55454197853306
2608 3.55454197853306
2608 3.55454197853306
2608 3.55454197853306
2608 0
2608 55.2143452637224
2608 55.2143452637224
2608 32.7841674990826
2608 32.7841674990826
2608 32.7841674990826
2608 0
2608 4.57138713888897
2608 14395.9730992737
2608 14395.9730992737
2608 14395.9730992737
2608 2.84875831473659
2608 5526.35078684475
2608 0
2608 8064.96863034976
2608 0
2608 0.219703890455968
2608 0
2608 0
2608 0
2608 0
2608 142.532265535544
2608 12.2849227377111
2608 12.2849227377111
2608 12.2849227377111
2608 42.9172869071312
2608 0
2608 0
2608 0.527058196006544
2608 0
2608 0
2608 14753.4123880652
2608 14753.4123880652
2608 0
2608 0
2608 0
2608 108.555827384865
2608 108.555827384865
2608 108.555827384865
2608 0.25575484320619
2571 0
2571 3.55454197853306
2571 3.55454197853306
2571 3.55454197853306
2571 3.55454197853306
2571 0
2571 55.2143452637224
2571 55.2143452637224
2571 32.7841674990826
2571 32.7841674990826
2571 32.7841674990826
2571 0
2571 4.57138713888897
2571 14395.9730992737
2571 14395.9730992737
2571 14395.9730992737
2571 2.84875831473659
2571 5526.35078684475
2571 0
2571 8064.96863034976
2571 0
2571 0.219703890455968
2571 0
2571 0
2571 0
2571 0
2571 142.532265535544
2571 12.2849227377111
2571 12.2849227377111
2571 12.2849227377111
2571 42.9172869071312
2571 0
2571 0
2571 0.527058196006544
2571 0
2571 0
2571 14753.4123880652
2571 14753.4123880652
2571 0
2571 0
2571 0
2571 108.555827384865
2571 108.555827384865
2571 108.555827384865
2571 0.25575484320619
2650 0
2650 3.55454197853306
2650 3.55454197853306
2650 3.55454197853306
2650 3.55454197853306
2650 0
2650 55.2143452637224
2650 55.2143452637224
2650 32.7841674990826
2650 32.7841674990826
2650 32.7841674990826
2650 0
2650 4.57138713888897
2650 14395.9730992737
2650 14395.9730992737
2650 14395.9730992737
2650 2.84875831473659
2650 5526.35078684475
2650 0
2650 8064.96863034976
2650 0
2650 0.219703890455968
2650 0
2650 0
2650 0
2650 0
2650 142.532265535544
2650 12.2849227377111
2650 12.2849227377111
2650 12.2849227377111
2650 42.9172869071312
2650 0
2650 0
2650 0.527058196006544
2650 0
2650 0
2650 14753.4123880652
2650 14753.4123880652
2650 0
2650 0
2650 0
2650 108.555827384865
2650 108.555827384865
2650 108.555827384865
2650 0.25575484320619
2652 0
2652 3.55454197853306
2652 3.55454197853306
2652 3.55454197853306
2652 3.55454197853306
2652 0
2652 55.2143452637224
2652 55.2143452637224
2652 32.7841674990826
2652 32.7841674990826
2652 32.7841674990826
2652 0
2652 4.57138713888897
2652 14395.9730992737
2652 14395.9730992737
2652 14395.9730992737
2652 2.84875831473659
2652 5526.35078684475
2652 0
2652 8064.96863034976
2652 0
2652 0.219703890455968
2652 0
2652 0
2652 0
2652 0
2652 142.532265535544
2652 12.2849227377111
2652 12.2849227377111
2652 12.2849227377111
2652 42.9172869071312
2652 0
2652 0
2652 0.527058196006544
2652 0
2652 0
2652 14753.4123880652
2652 14753.4123880652
2652 0
2652 0
2652 0
2652 108.555827384865
2652 108.555827384865
2652 108.555827384865
2652 0.25575484320619
2668 0
2668 3.55454197853306
2668 3.55454197853306
2668 3.55454197853306
2668 3.55454197853306
2668 0
2668 55.2143452637224
2668 55.2143452637224
2668 32.7841674990826
2668 32.7841674990826
2668 32.7841674990826
2668 0
2668 4.57138713888897
2668 14395.9730992737
2668 14395.9730992737
2668 14395.9730992737
2668 2.84875831473659
2668 5526.35078684475
2668 0
2668 8064.96863034976
2668 0
2668 0.219703890455968
2668 0
2668 0
2668 0
2668 0
2668 142.532265535544
2668 12.2849227377111
2668 12.2849227377111
2668 12.2849227377111
2668 42.9172869071312
2668 0
2668 0
2668 0.527058196006544
2668 0
2668 0
2668 14753.4123880652
2668 14753.4123880652
2668 0
2668 0
2668 0
2668 108.555827384865
2668 108.555827384865
2668 108.555827384865
2668 0.25575484320619
2732 0
2732 3.55454197853306
2732 3.55454197853306
2732 3.55454197853306
2732 3.55454197853306
2732 0
2732 55.2143452637224
2732 55.2143452637224
2732 32.7841674990826
2732 32.7841674990826
2732 32.7841674990826
2732 0
2732 4.57138713888897
2732 14395.9730992737
2732 14395.9730992737
2732 14395.9730992737
2732 2.84875831473659
2732 5526.35078684475
2732 0
2732 8064.96863034976
2732 0
2732 0.219703890455968
2732 0
2732 0
2732 0
2732 0
2732 142.532265535544
2732 12.2849227377111
2732 12.2849227377111
2732 12.2849227377111
2732 42.9172869071312
2732 0
2732 0
2732 0.527058196006544
2732 0
2732 0
2732 14753.4123880652
2732 14753.4123880652
2732 0
2732 0
2732 0
2732 108.555827384865
2732 108.555827384865
2732 108.555827384865
2732 0.25575484320619
2735 0
2735 3.55454197853306
2735 3.55454197853306
2735 3.55454197853306
2735 3.55454197853306
2735 0
2735 55.2143452637224
2735 55.2143452637224
2735 32.7841674990826
2735 32.7841674990826
2735 32.7841674990826
2735 0
2735 4.57138713888897
2735 14395.9730992737
2735 14395.9730992737
2735 14395.9730992737
2735 2.84875831473659
2735 5526.35078684475
2735 0
2735 8064.96863034976
2735 0
2735 0.219703890455968
2735 0
2735 0
2735 0
2735 0
2735 142.532265535544
2735 12.2849227377111
2735 12.2849227377111
2735 12.2849227377111
2735 42.9172869071312
2735 0
2735 0
2735 0.527058196006544
2735 0
2735 0
2735 14753.4123880652
2735 14753.4123880652
2735 0
2735 0
2735 0
2735 108.555827384865
2735 108.555827384865
2735 108.555827384865
2735 0.25575484320619
2775 0
2775 3.55454197853306
2775 3.55454197853306
2775 3.55454197853306
2775 3.55454197853306
2775 0
2775 55.2143452637224
2775 55.2143452637224
2775 32.7841674990826
2775 32.7841674990826
2775 32.7841674990826
2775 0
2775 4.57138713888897
2775 14395.9730992737
2775 14395.9730992737
2775 14395.9730992737
2775 2.84875831473659
2775 5526.35078684475
2775 0
2775 8064.96863034976
2775 0
2775 0.219703890455968
2775 0
2775 0
2775 0
2775 0
2775 142.532265535544
2775 12.2849227377111
2775 12.2849227377111
2775 12.2849227377111
2775 42.9172869071312
2775 0
2775 0
2775 0.527058196006544
2775 0
2775 0
2775 14753.4123880652
2775 14753.4123880652
2775 0
2775 0
2775 0
2775 108.555827384865
2775 108.555827384865
2775 108.555827384865
2775 0.25575484320619
2816 0
2816 3.55454197853306
2816 3.55454197853306
2816 3.55454197853306
2816 3.55454197853306
2816 0
2816 55.2143452637224
2816 55.2143452637224
2816 32.7841674990826
2816 32.7841674990826
2816 32.7841674990826
2816 0
2816 4.57138713888897
2816 14395.9730992737
2816 14395.9730992737
2816 14395.9730992737
2816 2.84875831473659
2816 5526.35078684475
2816 0
2816 8064.96863034976
2816 0
2816 0.219703890455968
2816 0
2816 0
2816 0
2816 0
2816 142.532265535544
2816 12.2849227377111
2816 12.2849227377111
2816 12.2849227377111
2816 42.9172869071312
2816 0
2816 0
2816 0.527058196006544
2816 0
2816 0
2816 14753.4123880652
2816 14753.4123880652
2816 0
2816 0
2816 0
2816 108.555827384865
2816 108.555827384865
2816 108.555827384865
2816 0.25575484320619
2819 0
2819 3.55454197853306
2819 3.55454197853306
2819 3.55454197853306
2819 3.55454197853306
2819 0
2819 55.2143452637224
2819 55.2143452637224
2819 32.7841674990826
2819 32.7841674990826
2819 32.7841674990826
2819 0
2819 4.57138713888897
2819 14395.9730992737
2819 14395.9730992737
2819 14395.9730992737
2819 2.84875831473659
2819 5526.35078684475
2819 0
2819 8064.96863034976
2819 0
2819 0.219703890455968
2819 0
2819 0
2819 0
2819 0
2819 142.532265535544
2819 12.2849227377111
2819 12.2849227377111
2819 12.2849227377111
2819 42.9172869071312
2819 0
2819 0
2819 0.527058196006544
2819 0
2819 0
2819 14753.4123880652
2819 14753.4123880652
2819 0
2819 0
2819 0
2819 108.555827384865
2819 108.555827384865
2819 108.555827384865
2819 0.25575484320619
2890 0
2890 3.55454197853306
2890 3.55454197853306
2890 3.55454197853306
2890 3.55454197853306
2890 0
2890 55.2143452637224
2890 55.2143452637224
2890 32.7841674990826
2890 32.7841674990826
2890 32.7841674990826
2890 0
2890 4.57138713888897
2890 14395.9730992737
2890 14395.9730992737
2890 14395.9730992737
2890 2.84875831473659
2890 5526.35078684475
2890 0
2890 8064.96863034976
2890 0
2890 0.219703890455968
2890 0
2890 0
2890 0
2890 0
2890 142.532265535544
2890 12.2849227377111
2890 12.2849227377111
2890 12.2849227377111
2890 42.9172869071312
2890 0
2890 0
2890 0.527058196006544
2890 0
2890 0
2890 14753.4123880652
2890 14753.4123880652
2890 0
2890 0
2890 0
2890 108.555827384865
2890 108.555827384865
2890 108.555827384865
2890 0.25575484320619
2902 0
2902 3.55454197853306
2902 3.55454197853306
2902 3.55454197853306
2902 3.55454197853306
2902 0
2902 55.2143452637224
2902 55.2143452637224
2902 32.7841674990826
2902 32.7841674990826
2902 32.7841674990826
2902 0
2902 4.57138713888897
2902 14395.9730992737
2902 14395.9730992737
2902 14395.9730992737
2902 2.84875831473659
2902 5526.35078684475
2902 0
2902 8064.96863034976
2902 0
2902 0.219703890455968
2902 0
2902 0
2902 0
2902 0
2902 142.532265535544
2902 12.2849227377111
2902 12.2849227377111
2902 12.2849227377111
2902 42.9172869071312
2902 0
2902 0
2902 0.527058196006544
2902 0
2902 0
2902 14753.4123880652
2902 14753.4123880652
2902 0
2902 0
2902 0
2902 108.555827384865
2902 108.555827384865
2902 108.555827384865
2902 0.25575484320619
2965 0
2965 3.55454197853306
2965 3.55454197853306
2965 3.55454197853306
2965 3.55454197853306
2965 0
2965 55.2143452637224
2965 55.2143452637224
2965 32.7841674990826
2965 32.7841674990826
2965 32.7841674990826
2965 0
2965 4.57138713888897
2965 14395.9730992737
2965 14395.9730992737
2965 14395.9730992737
2965 2.84875831473659
2965 5526.35078684475
2965 0
2965 8064.96863034976
2965 0
2965 0.219703890455968
2965 0
2965 0
2965 0
2965 0
2965 142.532265535544
2965 12.2849227377111
2965 12.2849227377111
2965 12.2849227377111
2965 42.9172869071312
2965 0
2965 0
2965 0.527058196006544
2965 0
2965 0
2965 14753.4123880652
2965 14753.4123880652
2965 0
2965 0
2965 0
2965 108.555827384865
2965 108.555827384865
2965 108.555827384865
2965 0.25575484320619
2967 0
2967 3.55454197853306
2967 3.55454197853306
2967 3.55454197853306
2967 3.55454197853306
2967 0
2967 55.2143452637224
2967 55.2143452637224
2967 32.7841674990826
2967 32.7841674990826
2967 32.7841674990826
2967 0
2967 4.57138713888897
2967 14395.9730992737
2967 14395.9730992737
2967 14395.9730992737
2967 2.84875831473659
2967 5526.35078684475
2967 0
2967 8064.96863034976
2967 0
2967 0.219703890455968
2967 0
2967 0
2967 0
2967 0
2967 142.532265535544
2967 12.2849227377111
2967 12.2849227377111
2967 12.2849227377111
2967 42.9172869071312
2967 0
2967 0
2967 0.527058196006544
2967 0
2967 0
2967 14753.4123880652
2967 14753.4123880652
2967 0
2967 0
2967 0
2967 108.555827384865
2967 108.555827384865
2967 108.555827384865
2967 0.25575484320619
2974 0
2974 3.55454197853306
2974 3.55454197853306
2974 3.55454197853306
2974 3.55454197853306
2974 0
2974 55.2143452637224
2974 55.2143452637224
2974 32.7841674990826
2974 32.7841674990826
2974 32.7841674990826
2974 0
2974 4.57138713888897
2974 14395.9730992737
2974 14395.9730992737
2974 14395.9730992737
2974 2.84875831473659
2974 5526.35078684475
2974 0
2974 8064.96863034976
2974 0
2974 0.219703890455968
2974 0
2974 0
2974 0
2974 0
2974 142.532265535544
2974 12.2849227377111
2974 12.2849227377111
2974 12.2849227377111
2974 42.9172869071312
2974 0
2974 0
2974 0.527058196006544
2974 0
2974 0
2974 14753.4123880652
2974 14753.4123880652
2974 0
2974 0
2974 0
2974 108.555827384865
2974 108.555827384865
2974 108.555827384865
2974 0.25575484320619
3086 0
3086 3.55454197853306
3086 3.55454197853306
3086 3.55454197853306
3086 3.55454197853306
3086 0
3086 55.2143452637224
3086 55.2143452637224
3086 32.7841674990826
3086 32.7841674990826
3086 32.7841674990826
3086 0
3086 4.57138713888897
3086 14395.9730992737
3086 14395.9730992737
3086 14395.9730992737
3086 2.84875831473659
3086 5526.35078684475
3086 0
3086 8064.96863034976
3086 0
3086 0.219703890455968
3086 0
3086 0
3086 0
3086 0
3086 142.532265535544
3086 12.2849227377111
3086 12.2849227377111
3086 12.2849227377111
3086 42.9172869071312
3086 0
3086 0
3086 0.527058196006544
3086 0
3086 0
3086 14753.4123880652
3086 14753.4123880652
3086 0
3086 0
3086 0
3086 108.555827384865
3086 108.555827384865
3086 108.555827384865
3086 0.25575484320619
3085 0
3085 3.55454197853306
3085 3.55454197853306
3085 3.55454197853306
3085 3.55454197853306
3085 0
3085 55.2143452637224
3085 55.2143452637224
3085 32.7841674990826
3085 32.7841674990826
3085 32.7841674990826
3085 0
3085 4.57138713888897
3085 14395.9730992737
3085 14395.9730992737
3085 14395.9730992737
3085 2.84875831473659
3085 5526.35078684475
3085 0
3085 8064.96863034976
3085 0
3085 0.219703890455968
3085 0
3085 0
3085 0
3085 0
3085 142.532265535544
3085 12.2849227377111
3085 12.2849227377111
3085 12.2849227377111
3085 42.9172869071312
3085 0
3085 0
3085 0.527058196006544
3085 0
3085 0
3085 14753.4123880652
3085 14753.4123880652
3085 0
3085 0
3085 0
3085 108.555827384865
3085 108.555827384865
3085 108.555827384865
3085 0.25575484320619
3157 0
3157 3.55454197853306
3157 3.55454197853306
3157 3.55454197853306
3157 3.55454197853306
3157 0
3157 55.2143452637224
3157 55.2143452637224
3157 32.7841674990826
3157 32.7841674990826
3157 32.7841674990826
3157 0
3157 4.57138713888897
3157 14395.9730992737
3157 14395.9730992737
3157 14395.9730992737
3157 2.84875831473659
3157 5526.35078684475
3157 0
3157 8064.96863034976
3157 0
3157 0.219703890455968
3157 0
3157 0
3157 0
3157 0
3157 142.532265535544
3157 12.2849227377111
3157 12.2849227377111
3157 12.2849227377111
3157 42.9172869071312
3157 0
3157 0
3157 0.527058196006544
3157 0
3157 0
3157 14753.4123880652
3157 14753.4123880652
3157 0
3157 0
3157 0
3157 108.555827384865
3157 108.555827384865
3157 108.555827384865
3157 0.25575484320619
4025 0
4025 3.55454197853306
4025 3.55454197853306
4025 3.55454197853306
4025 3.55454197853306
4025 0
4025 55.2143452637224
4025 55.2143452637224
4025 32.7841674990826
4025 32.7841674990826
4025 32.7841674990826
4025 0
4025 4.57138713888897
4025 14395.9730992737
4025 14395.9730992737
4025 14395.9730992737
4025 2.84875831473659
4025 5526.35078684475
4025 0
4025 8064.96863034976
4025 0
4025 0.219703890455968
4025 0
4025 0
4025 0
4025 0
4025 142.532265535544
4025 12.2849227377111
4025 12.2849227377111
4025 12.2849227377111
4025 42.9172869071312
4025 0
4025 0
4025 0.527058196006544
4025 0
4025 0
4025 14753.4123880652
4025 14753.4123880652
4025 0
4025 0
4025 0
4025 108.555827384865
4025 108.555827384865
4025 108.555827384865
4025 0.25575484320619
4250 0
4250 3.55454197853306
4250 3.55454197853306
4250 3.55454197853306
4250 3.55454197853306
4250 0
4250 55.2143452637224
4250 55.2143452637224
4250 32.7841674990826
4250 32.7841674990826
4250 32.7841674990826
4250 0
4250 4.57138713888897
4250 14395.9730992737
4250 14395.9730992737
4250 14395.9730992737
4250 2.84875831473659
4250 5526.35078684475
4250 0
4250 8064.96863034976
4250 0
4250 0.219703890455968
4250 0
4250 0
4250 0
4250 0
4250 142.532265535544
4250 12.2849227377111
4250 12.2849227377111
4250 12.2849227377111
4250 42.9172869071312
4250 0
4250 0
4250 0.527058196006544
4250 0
4250 0
4250 14753.4123880652
4250 14753.4123880652
4250 0
4250 0
4250 0
4250 108.555827384865
4250 108.555827384865
4250 108.555827384865
4250 0.25575484320619
4533 0
4533 3.55454197853306
4533 3.55454197853306
4533 3.55454197853306
4533 3.55454197853306
4533 0
4533 55.2143452637224
4533 55.2143452637224
4533 32.7841674990826
4533 32.7841674990826
4533 32.7841674990826
4533 0
4533 4.57138713888897
4533 14395.9730992737
4533 14395.9730992737
4533 14395.9730992737
4533 2.84875831473659
4533 5526.35078684475
4533 0
4533 8064.96863034976
4533 0
4533 0.219703890455968
4533 0
4533 0
4533 0
4533 0
4533 142.532265535544
4533 12.2849227377111
4533 12.2849227377111
4533 12.2849227377111
4533 42.9172869071312
4533 0
4533 0
4533 0.527058196006544
4533 0
4533 0
4533 14753.4123880652
4533 14753.4123880652
4533 0
4533 0
4533 0
4533 108.555827384865
4533 108.555827384865
4533 108.555827384865
4533 0.25575484320619
4890 0
4890 3.55454197853306
4890 3.55454197853306
4890 3.55454197853306
4890 3.55454197853306
4890 0
4890 55.2143452637224
4890 55.2143452637224
4890 32.7841674990826
4890 32.7841674990826
4890 32.7841674990826
4890 0
4890 4.57138713888897
4890 14395.9730992737
4890 14395.9730992737
4890 14395.9730992737
4890 2.84875831473659
4890 5526.35078684475
4890 0
4890 8064.96863034976
4890 0
4890 0.219703890455968
4890 0
4890 0
4890 0
4890 0
4890 142.532265535544
4890 12.2849227377111
4890 12.2849227377111
4890 12.2849227377111
4890 42.9172869071312
4890 0
4890 0
4890 0.527058196006544
4890 0
4890 0
4890 14753.4123880652
4890 14753.4123880652
4890 0
4890 0
4890 0
4890 108.555827384865
4890 108.555827384865
4890 108.555827384865
4890 0.25575484320619
4988 0
4988 3.55454197853306
4988 3.55454197853306
4988 3.55454197853306
4988 3.55454197853306
4988 0
4988 55.2143452637224
4988 55.2143452637224
4988 32.7841674990826
4988 32.7841674990826
4988 32.7841674990826
4988 0
4988 4.57138713888897
4988 14395.9730992737
4988 14395.9730992737
4988 14395.9730992737
4988 2.84875831473659
4988 5526.35078684475
4988 0
4988 8064.96863034976
4988 0
4988 0.219703890455968
4988 0
4988 0
4988 0
4988 0
4988 142.532265535544
4988 12.2849227377111
4988 12.2849227377111
4988 12.2849227377111
4988 42.9172869071312
4988 0
4988 0
4988 0.527058196006544
4988 0
4988 0
4988 14753.4123880652
4988 14753.4123880652
4988 0
4988 0
4988 0
4988 108.555827384865
4988 108.555827384865
4988 108.555827384865
4988 0.25575484320619
4981 0
4981 3.55454197853306
4981 3.55454197853306
4981 3.55454197853306
4981 3.55454197853306
4981 0
4981 55.2143452637224
4981 55.2143452637224
4981 32.7841674990826
4981 32.7841674990826
4981 32.7841674990826
4981 0
4981 4.57138713888897
4981 14395.9730992737
4981 14395.9730992737
4981 14395.9730992737
4981 2.84875831473659
4981 5526.35078684475
4981 0
4981 8064.96863034976
4981 0
4981 0.219703890455968
4981 0
4981 0
4981 0
4981 0
4981 142.532265535544
4981 12.2849227377111
4981 12.2849227377111
4981 12.2849227377111
4981 42.9172869071312
4981 0
4981 0
4981 0.527058196006544
4981 0
4981 0
4981 14753.4123880652
4981 14753.4123880652
4981 0
4981 0
4981 0
4981 108.555827384865
4981 108.555827384865
4981 108.555827384865
4981 0.25575484320619
4979 0
4979 3.55454197853306
4979 3.55454197853306
4979 3.55454197853306
4979 3.55454197853306
4979 0
4979 55.2143452637224
4979 55.2143452637224
4979 32.7841674990826
4979 32.7841674990826
4979 32.7841674990826
4979 0
4979 4.57138713888897
4979 14395.9730992737
4979 14395.9730992737
4979 14395.9730992737
4979 2.84875831473659
4979 5526.35078684475
4979 0
4979 8064.96863034976
4979 0
4979 0.219703890455968
4979 0
4979 0
4979 0
4979 0
4979 142.532265535544
4979 12.2849227377111
4979 12.2849227377111
4979 12.2849227377111
4979 42.9172869071312
4979 0
4979 0
4979 0.527058196006544
4979 0
4979 0
4979 14753.4123880652
4979 14753.4123880652
4979 0
4979 0
4979 0
4979 108.555827384865
4979 108.555827384865
4979 108.555827384865
4979 0.25575484320619
5430 0
5430 3.55454197853306
5430 3.55454197853306
5430 3.55454197853306
5430 3.55454197853306
5430 0
5430 55.2143452637224
5430 55.2143452637224
5430 32.7841674990826
5430 32.7841674990826
5430 32.7841674990826
5430 0
5430 4.57138713888897
5430 14395.9730992737
5430 14395.9730992737
5430 14395.9730992737
5430 2.84875831473659
5430 5526.35078684475
5430 0
5430 8064.96863034976
5430 0
5430 0.219703890455968
5430 0
5430 0
5430 0
5430 0
5430 142.532265535544
5430 12.2849227377111
5430 12.2849227377111
5430 12.2849227377111
5430 42.9172869071312
5430 0
5430 0
5430 0.527058196006544
5430 0
5430 0
5430 14753.4123880652
5430 14753.4123880652
5430 0
5430 0
5430 0
5430 108.555827384865
5430 108.555827384865
5430 108.555827384865
5430 0.25575484320619
5607 0
5607 3.55454197853306
5607 3.55454197853306
5607 3.55454197853306
5607 3.55454197853306
5607 0
5607 55.2143452637224
5607 55.2143452637224
5607 32.7841674990826
5607 32.7841674990826
5607 32.7841674990826
5607 0
5607 4.57138713888897
5607 14395.9730992737
5607 14395.9730992737
5607 14395.9730992737
5607 2.84875831473659
5607 5526.35078684475
5607 0
5607 8064.96863034976
5607 0
5607 0.219703890455968
5607 0
5607 0
5607 0
5607 0
5607 142.532265535544
5607 12.2849227377111
5607 12.2849227377111
5607 12.2849227377111
5607 42.9172869071312
5607 0
5607 0
5607 0.527058196006544
5607 0
5607 0
5607 14753.4123880652
5607 14753.4123880652
5607 0
5607 0
5607 0
5607 108.555827384865
5607 108.555827384865
5607 108.555827384865
5607 0.25575484320619
5879 0
5879 3.55454197853306
5879 3.55454197853306
5879 3.55454197853306
5879 3.55454197853306
5879 0
5879 55.2143452637224
5879 55.2143452637224
5879 32.7841674990826
5879 32.7841674990826
5879 32.7841674990826
5879 0
5879 4.57138713888897
5879 14395.9730992737
5879 14395.9730992737
5879 14395.9730992737
5879 2.84875831473659
5879 5526.35078684475
5879 0
5879 8064.96863034976
5879 0
5879 0.219703890455968
5879 0
5879 0
5879 0
5879 0
5879 142.532265535544
5879 12.2849227377111
5879 12.2849227377111
5879 12.2849227377111
5879 42.9172869071312
5879 0
5879 0
5879 0.527058196006544
5879 0
5879 0
5879 14753.4123880652
5879 14753.4123880652
5879 0
5879 0
5879 0
5879 108.555827384865
5879 108.555827384865
5879 108.555827384865
5879 0.25575484320619
