pt_graph scale
3 0
3 52.4575418965593
3 52.4575418965593
3 52.4575418965593
3 52.4575418965593
3 0
3 4.31806184596379
3 4.31806184596379
3 17.6262098114515
3 17.6262098114515
3 17.6262098114515
3 0
3 1.20997765409178
3 6.34181050716048
3 6.34181050716048
3 6.34181050716048
3 0.73452343271322
3 0.319952407068434
3 0.831783600927938
3 2.36653655913599
3 0
3 1.38872753580014
3 0
3 0
3 13.2285772528462
3 13.2285772528462
3 0
3 13.9912208257612
3 13.9912208257612
3 13.9912208257612
3 2.82057729300058
3 0
3 0
3 964.358135011162
3 1.00962340647607
3 1.00962340647607
3 8.46827030493397
3 8.46827030493397
3 0.65693225042096
3 0.65693225042096
3 0.65693225042096
3 1.13483962413451
3 1.13483962413451
3 1.13483962413451
3 0.621681871783126
4 0
4 52.4575418965593
4 52.4575418965593
4 52.4575418965593
4 52.4575418965593
4 0
4 4.31806184596379
4 4.31806184596379
4 17.6262098114515
4 17.6262098114515
4 17.6262098114515
4 0
4 1.20997765409178
4 6.34181050716048
4 6.34181050716048
4 6.34181050716048
4 0.73452343271322
4 0.319952407068434
4 0.831783600927938
4 2.36653655913599
4 0
4 1.38872753580014
4 0
4 0
4 13.2285772528462
4 13.2285772528462
4 0
4 13.9912208257612
4 13.9912208257612
4 13.9912208257612
4 2.82057729300058
4 0
4 0
4 964.358135011162
4 1.00962340647607
4 1.00962340647607
4 8.46827030493397
4 8.46827030493397
4 0.65693225042096
4 0.65693225042096
4 0.65693225042096
4 1.13483962413451
4 1.13483962413451
4 1.13483962413451
4 0.621681871783126
10032 0
10032 52.4575418965593
10032 52.4575418965593
10032 52.4575418965593
10032 52.4575418965593
10032 0
10032 4.31806184596379
10032 4.31806184596379
10032 17.6262098114515
10032 17.6262098114515
10032 17.6262098114515
10032 0
10032 1.20997765409178
10032 6.34181050716048
10032 6.34181050716048
10032 6.34181050716048
10032 0.73452343271322
10032 0.319952407068434
10032 0.831783600927938
10032 2.36653655913599
10032 0
10032 1.38872753580014
10032 0
10032 0
10032 13.2285772528462
10032 13.2285772528462
10032 0
10032 13.9912208257612
10032 13.9912208257612
10032 13.9912208257612
10032 2.82057729300058
10032 0
10032 0
10032 964.358135011162
10032 1.00962340647607
10032 1.00962340647607
10032 8.46827030493397
10032 8.46827030493397
10032 0.65693225042096
10032 0.65693225042096
10032 0.65693225042096
10032 1.13483962413451
10032 1.13483962413451
10032 1.13483962413451
10032 0.621681871783126
12 0
12 52.4575418965593
12 52.4575418965593
12 52.4575418965593
12 52.4575418965593
12 0
12 4.31806184596379
12 4.31806184596379
12 17.6262098114515
12 17.6262098114515
12 17.6262098114515
12 0
12 1.20997765409178
12 6.34181050716048
12 6.34181050716048
12 6.34181050716048
12 0.73452343271322
12 0.319952407068434
12 0.831783600927938
12 2.36653655913599
12 0
12 1.38872753580014
12 0
12 0
12 13.2285772528462
12 13.2285772528462
12 0
12 13.9912208257612
12 13.9912208257612
12 13.9912208257612
12 2.82057729300058
12 0
12 0
12 964.358135011162
12 1.00962340647607
12 1.00962340647607
12 8.46827030493397
12 8.46827030493397
12 0.65693225042096
12 0.65693225042096
12 0.65693225042096
12 1.13483962413451
12 1.13483962413451
12 1.13483962413451
12 0.621681871783126
15 0
15 52.4575418965593
15 52.4575418965593
15 52.4575418965593
15 52.4575418965593
15 0
15 4.31806184596379
15 4.31806184596379
15 17.6262098114515
15 17.6262098114515
15 17.6262098114515
15 0
15 1.20997765409178
15 6.34181050716048
15 6.34181050716048
15 6.34181050716048
15 0.73452343271322
15 0.319952407068434
15 0.831783600927938
15 2.36653655913599
15 0
15 1.38872753580014
15 0
15 0
15 13.2285772528462
15 13.2285772528462
15 0
15 13.9912208257612
15 13.9912208257612
15 13.9912208257612
15 2.82057729300058
15 0
15 0
15 964.358135011162
15 1.00962340647607
15 1.00962340647607
15 8.46827030493397
15 8.46827030493397
15 0.65693225042096
15 0.65693225042096
15 0.65693225042096
15 1.13483962413451
15 1.13483962413451
15 1.13483962413451
15 0.621681871783126
50 0
50 52.4575418965593
50 52.4575418965593
50 52.4575418965593
50 52.4575418965593
50 0
50 4.31806184596379
50 4.31806184596379
50 17.6262098114515
50 17.6262098114515
50 17.6262098114515
50 0
50 1.20997765409178
50 6.34181050716048
50 6.34181050716048
50 6.34181050716048
50 0.73452343271322
50 0.319952407068434
50 0.831783600927938
50 2.36653655913599
50 0
50 1.38872753580014
50 0
50 0
50 13.2285772528462
50 13.2285772528462
50 0
50 13.9912208257612
50 13.9912208257612
50 13.9912208257612
50 2.82057729300058
50 0
50 0
50 964.358135011162
50 1.00962340647607
50 1.00962340647607
50 8.46827030493397
50 8.46827030493397
50 0.65693225042096
50 0.65693225042096
50 0.65693225042096
50 1.13483962413451
50 1.13483962413451
50 1.13483962413451
50 0.621681871783126
52 0
52 52.4575418965593
52 52.4575418965593
52 52.4575418965593
52 52.4575418965593
52 0
52 4.31806184596379
52 4.31806184596379
52 17.6262098114515
52 17.6262098114515
52 17.6262098114515
52 0
52 1.20997765409178
52 6.34181050716048
52 6.34181050716048
52 6.34181050716048
52 0.73452343271322
52 0.319952407068434
52 0.831783600927938
52 2.36653655913599
52 0
52 1.38872753580014
52 0
52 0
52 13.2285772528462
52 13.2285772528462
52 0
52 13.9912208257612
52 13.9912208257612
52 13.9912208257612
52 2.82057729300058
52 0
52 0
52 964.358135011162
52 1.00962340647607
52 1.00962340647607
52 8.46827030493397
52 8.46827030493397
52 0.65693225042096
52 0.65693225042096
52 0.65693225042096
52 1.13483962413451
52 1.13483962413451
52 1.13483962413451
52 0.621681871783126
55 0
55 52.4575418965593
55 52.4575418965593
55 52.4575418965593
55 52.4575418965593
55 0
55 4.31806184596379
55 4.31806184596379
55 17.6262098114515
55 17.6262098114515
55 17.6262098114515
55 0
55 1.20997765409178
55 6.34181050716048
55 6.34181050716048
55 6.34181050716048
55 0.73452343271322
55 0.319952407068434
55 0.831783600927938
55 2.36653655913599
55 0
55 1.38872753580014
55 0
55 0
55 13.2285772528462
55 13.2285772528462
55 0
55 13.9912208257612
55 13.9912208257612
55 13.9912208257612
55 2.82057729300058
55 0
55 0
55 964.358135011162
55 1.00962340647607
55 1.00962340647607
55 8.46827030493397
55 8.46827030493397
55 0.65693225042096
55 0.65693225042096
55 0.65693225042096
55 1.13483962413451
55 1.13483962413451
55 1.13483962413451
55 0.621681871783126
56 0
56 52.4575418965593
56 52.4575418965593
56 52.4575418965593
56 52.4575418965593
56 0
56 4.31806184596379
56 4.31806184596379
56 17.6262098114515
56 17.6262098114515
56 17.6262098114515
56 0
56 1.20997765409178
56 6.34181050716048
56 6.34181050716048
56 6.34181050716048
56 0.73452343271322
56 0.319952407068434
56 0.831783600927938
56 2.36653655913599
56 0
56 1.38872753580014
56 0
56 0
56 13.2285772528462
56 13.2285772528462
56 0
56 13.9912208257612
56 13.9912208257612
56 13.9912208257612
56 2.82057729300058
56 0
56 0
56 964.358135011162
56 1.00962340647607
56 1.00962340647607
56 8.46827030493397
56 8.46827030493397
56 0.65693225042096
56 0.65693225042096
56 0.65693225042096
56 1.13483962413451
56 1.13483962413451
56 1.13483962413451
56 0.621681871783126
63 0
63 52.4575418965593
63 52.4575418965593
63 52.4575418965593
63 52.4575418965593
63 0
63 4.31806184596379
63 4.31806184596379
63 17.6262098114515
63 17.6262098114515
63 17.6262098114515
63 0
63 1.20997765409178
63 6.34181050716048
63 6.34181050716048
63 6.34181050716048
63 0.73452343271322
63 0.319952407068434
63 0.831783600927938
63 2.36653655913599
63 0
63 1.38872753580014
63 0
63 0
63 13.2285772528462
63 13.2285772528462
63 0
63 13.9912208257612
63 13.9912208257612
63 13.9912208257612
63 2.82057729300058
63 0
63 0
63 964.358135011162
63 1.00962340647607
63 1.00962340647607
63 8.46827030493397
63 8.46827030493397
63 0.65693225042096
63 0.65693225042096
63 0.65693225042096
63 1.13483962413451
63 1.13483962413451
63 1.13483962413451
63 0.621681871783126
94 0
94 52.4575418965593
94 52.4575418965593
94 52.4575418965593
94 52.4575418965593
94 0
94 4.31806184596379
94 4.31806184596379
94 17.6262098114515
94 17.6262098114515
94 17.6262098114515
94 0
94 1.20997765409178
94 6.34181050716048
94 6.34181050716048
94 6.34181050716048
94 0.73452343271322
94 0.319952407068434
94 0.831783600927938
94 2.36653655913599
94 0
94 1.38872753580014
94 0
94 0
94 13.2285772528462
94 13.2285772528462
94 0
94 13.9912208257612
94 13.9912208257612
94 13.9912208257612
94 2.82057729300058
94 0
94 0
94 964.358135011162
94 1.00962340647607
94 1.00962340647607
94 8.46827030493397
94 8.46827030493397
94 0.65693225042096
94 0.65693225042096
94 0.65693225042096
94 1.13483962413451
94 1.13483962413451
94 1.13483962413451
94 0.621681871783126
112 0
112 52.4575418965593
112 52.4575418965593
112 52.4575418965593
112 52.4575418965593
112 0
112 4.31806184596379
112 4.31806184596379
112 17.6262098114515
112 17.6262098114515
112 17.6262098114515
112 0
112 1.20997765409178
112 6.34181050716048
112 6.34181050716048
112 6.34181050716048
112 0.73452343271322
112 0.319952407068434
112 0.831783600927938
112 2.36653655913599
112 0
112 1.38872753580014
112 0
112 0
112 13.2285772528462
112 13.2285772528462
112 0
112 13.9912208257612
112 13.9912208257612
112 13.9912208257612
112 2.82057729300058
112 0
112 0
112 964.358135011162
112 1.00962340647607
112 1.00962340647607
112 8.46827030493397
112 8.46827030493397
112 0.65693225042096
112 0.65693225042096
112 0.65693225042096
112 1.13483962413451
112 1.13483962413451
112 1.13483962413451
112 0.621681871783126
130 0
130 52.4575418965593
130 52.4575418965593
130 52.4575418965593
130 52.4575418965593
130 0
130 4.31806184596379
130 4.31806184596379
130 17.6262098114515
130 17.6262098114515
130 17.6262098114515
130 0
130 1.20997765409178
130 6.34181050716048
130 6.34181050716048
130 6.34181050716048
130 0.73452343271322
130 0.319952407068434
130 0.831783600927938
130 2.36653655913599
130 0
130 1.38872753580014
130 0
130 0
130 13.2285772528462
130 13.2285772528462
130 0
130 13.9912208257612
130 13.9912208257612
130 13.9912208257612
130 2.82057729300058
130 0
130 0
130 964.358135011162
130 1.00962340647607
130 1.00962340647607
130 8.46827030493397
130 8.46827030493397
130 0.65693225042096
130 0.65693225042096
130 0.65693225042096
130 1.13483962413451
130 1.13483962413451
130 1.13483962413451
130 0.621681871783126
170 0
170 52.4575418965593
170 52.4575418965593
170 52.4575418965593
170 52.4575418965593
170 0
170 4.31806184596379
170 4.31806184596379
170 17.6262098114515
170 17.6262098114515
170 17.6262098114515
170 0
170 1.20997765409178
170 6.34181050716048
170 6.34181050716048
170 6.34181050716048
170 0.73452343271322
170 0.319952407068434
170 0.831783600927938
170 2.36653655913599
170 0
170 1.38872753580014
170 0
170 0
170 13.2285772528462
170 13.2285772528462
170 0
170 13.9912208257612
170 13.9912208257612
170 13.9912208257612
170 2.82057729300058
170 0
170 0
170 964.358135011162
170 1.00962340647607
170 1.00962340647607
170 8.46827030493397
170 8.46827030493397
170 0.65693225042096
170 0.65693225042096
170 0.65693225042096
170 1.13483962413451
170 1.13483962413451
170 1.13483962413451
170 0.621681871783126
192 0
192 52.4575418965593
192 52.4575418965593
192 52.4575418965593
192 52.4575418965593
192 0
192 4.31806184596379
192 4.31806184596379
192 17.6262098114515
192 17.6262098114515
192 17.6262098114515
192 0
192 1.20997765409178
192 6.34181050716048
192 6.34181050716048
192 6.34181050716048
192 0.73452343271322
192 0.319952407068434
192 0.831783600927938
192 2.36653655913599
192 0
192 1.38872753580014
192 0
192 0
192 13.2285772528462
192 13.2285772528462
192 0
192 13.9912208257612
192 13.9912208257612
192 13.9912208257612
192 2.82057729300058
192 0
192 0
192 964.358135011162
192 1.00962340647607
192 1.00962340647607
192 8.46827030493397
192 8.46827030493397
192 0.65693225042096
192 0.65693225042096
192 0.65693225042096
192 1.13483962413451
192 1.13483962413451
192 1.13483962413451
192 0.621681871783126
214 0
214 52.4575418965593
214 52.4575418965593
214 52.4575418965593
214 52.4575418965593
214 0
214 4.31806184596379
214 4.31806184596379
214 17.6262098114515
214 17.6262098114515
214 17.6262098114515
214 0
214 1.20997765409178
214 6.34181050716048
214 6.34181050716048
214 6.34181050716048
214 0.73452343271322
214 0.319952407068434
214 0.831783600927938
214 2.36653655913599
214 0
214 1.38872753580014
214 0
214 0
214 13.2285772528462
214 13.2285772528462
214 0
214 13.9912208257612
214 13.9912208257612
214 13.9912208257612
214 2.82057729300058
214 0
214 0
214 964.358135011162
214 1.00962340647607
214 1.00962340647607
214 8.46827030493397
214 8.46827030493397
214 0.65693225042096
214 0.65693225042096
214 0.65693225042096
214 1.13483962413451
214 1.13483962413451
214 1.13483962413451
214 0.621681871783126
253 0
253 52.4575418965593
253 52.4575418965593
253 52.4575418965593
253 52.4575418965593
253 0
253 4.31806184596379
253 4.31806184596379
253 17.6262098114515
253 17.6262098114515
253 17.6262098114515
253 0
253 1.20997765409178
253 6.34181050716048
253 6.34181050716048
253 6.34181050716048
253 0.73452343271322
253 0.319952407068434
253 0.831783600927938
253 2.36653655913599
253 0
253 1.38872753580014
253 0
253 0
253 13.2285772528462
253 13.2285772528462
253 0
253 13.9912208257612
253 13.9912208257612
253 13.9912208257612
253 2.82057729300058
253 0
253 0
253 964.358135011162
253 1.00962340647607
253 1.00962340647607
253 8.46827030493397
253 8.46827030493397
253 0.65693225042096
253 0.65693225042096
253 0.65693225042096
253 1.13483962413451
253 1.13483962413451
253 1.13483962413451
253 0.621681871783126
361 0
361 52.4575418965593
361 52.4575418965593
361 52.4575418965593
361 52.4575418965593
361 0
361 4.31806184596379
361 4.31806184596379
361 17.6262098114515
361 17.6262098114515
361 17.6262098114515
361 0
361 1.20997765409178
361 6.34181050716048
361 6.34181050716048
361 6.34181050716048
361 0.73452343271322
361 0.319952407068434
361 0.831783600927938
361 2.36653655913599
361 0
361 1.38872753580014
361 0
361 0
361 13.2285772528462
361 13.2285772528462
361 0
361 13.9912208257612
361 13.9912208257612
361 13.9912208257612
361 2.82057729300058
361 0
361 0
361 964.358135011162
361 1.00962340647607
361 1.00962340647607
361 8.46827030493397
361 8.46827030493397
361 0.65693225042096
361 0.65693225042096
361 0.65693225042096
361 1.13483962413451
361 1.13483962413451
361 1.13483962413451
361 0.621681871783126
383 0
383 52.4575418965593
383 52.4575418965593
383 52.4575418965593
383 52.4575418965593
383 0
383 4.31806184596379
383 4.31806184596379
383 17.6262098114515
383 17.6262098114515
383 17.6262098114515
383 0
383 1.20997765409178
383 6.34181050716048
383 6.34181050716048
383 6.34181050716048
383 0.73452343271322
383 0.319952407068434
383 0.831783600927938
383 2.36653655913599
383 0
383 1.38872753580014
383 0
383 0
383 13.2285772528462
383 13.2285772528462
383 0
383 13.9912208257612
383 13.9912208257612
383 13.9912208257612
383 2.82057729300058
383 0
383 0
383 964.358135011162
383 1.00962340647607
383 1.00962340647607
383 8.46827030493397
383 8.46827030493397
383 0.65693225042096
383 0.65693225042096
383 0.65693225042096
383 1.13483962413451
383 1.13483962413451
383 1.13483962413451
383 0.621681871783126
