pt_graph cpue_kghour
1470 2.45770502475598
1470 2.45770502475598
1470 2.45770502475598
1470 2.45770502475598
1470 0
1470 25.3158530851489
1470 25.3158530851489
1470 0.00388141981211678
1470 0.00388141981211678
1470 0.00195758564437194
1470 917.808991765737
1470 917.808991765737
1470 917.808991765737
1470 0.505367371615995
1470 0.502547946481458
1470 0.00104629577544018
1470 36.6032823544996
1470 0
1470 0
1470 0
1470 0
1470 0
1470 0.730609242934008
1470 4.85076961125307
1470 4.85076961125307
1470 4.85076961125307
1470 0.0130449457163751
1470 0
1470 0
1470 20.4694513849501
1470 0.00205884007425325
1470 0.00205884007425325
1470 19043.9248124804
1470 19043.9248124804
1470 19043.9248124804
1470 0.0120454479855404
1470 151.875620010603
1470 151.875620010603
1470 151.875620010603
1611 2.45770502475598
1611 2.45770502475598
1611 2.45770502475598
1611 2.45770502475598
1611 0
1611 25.3158530851489
1611 25.3158530851489
1611 0.00388141981211678
1611 0.00388141981211678
1611 0.00195758564437194
1611 917.808991765737
1611 917.808991765737
1611 917.808991765737
1611 0.505367371615995
1611 0.502547946481458
1611 0.00104629577544018
1611 36.6032823544996
1611 0
1611 0
1611 0
1611 0
1611 0
1611 0.730609242934008
1611 4.85076961125307
1611 4.85076961125307
1611 4.85076961125307
1611 0.0130449457163751
1611 0
1611 0
1611 20.4694513849501
1611 0.00205884007425325
1611 0.00205884007425325
1611 19043.9248124804
1611 19043.9248124804
1611 19043.9248124804
1611 0.0120454479855404
1611 151.875620010603
1611 151.875620010603
1611 151.875620010603
1834 2.45770502475598
1834 2.45770502475598
1834 2.45770502475598
1834 2.45770502475598
1834 0
1834 25.3158530851489
1834 25.3158530851489
1834 0.00388141981211678
1834 0.00388141981211678
1834 0.00195758564437194
1834 917.808991765737
1834 917.808991765737
1834 917.808991765737
1834 0.505367371615995
1834 0.502547946481458
1834 0.00104629577544018
1834 36.6032823544996
1834 0
1834 0
1834 0
1834 0
1834 0
1834 0.730609242934008
1834 4.85076961125307
1834 4.85076961125307
1834 4.85076961125307
1834 0.0130449457163751
1834 0
1834 0
1834 20.4694513849501
1834 0.00205884007425325
1834 0.00205884007425325
1834 19043.9248124804
1834 19043.9248124804
1834 19043.9248124804
1834 0.0120454479855404
1834 151.875620010603
1834 151.875620010603
1834 151.875620010603
1915 2.45770502475598
1915 2.45770502475598
1915 2.45770502475598
1915 2.45770502475598
1915 0
1915 25.3158530851489
1915 25.3158530851489
1915 0.00388141981211678
1915 0.00388141981211678
1915 0.00195758564437194
1915 917.808991765737
1915 917.808991765737
1915 917.808991765737
1915 0.505367371615995
1915 0.502547946481458
1915 0.00104629577544018
1915 36.6032823544996
1915 0
1915 0
1915 0
1915 0
1915 0
1915 0.730609242934008
1915 4.85076961125307
1915 4.85076961125307
1915 4.85076961125307
1915 0.0130449457163751
1915 0
1915 0
1915 20.4694513849501
1915 0.00205884007425325
1915 0.00205884007425325
1915 19043.9248124804
1915 19043.9248124804
1915 19043.9248124804
1915 0.0120454479855404
1915 151.875620010603
1915 151.875620010603
1915 151.875620010603
1997 2.45770502475598
1997 2.45770502475598
1997 2.45770502475598
1997 2.45770502475598
1997 0
1997 25.3158530851489
1997 25.3158530851489
1997 0.00388141981211678
1997 0.00388141981211678
1997 0.00195758564437194
1997 917.808991765737
1997 917.808991765737
1997 917.808991765737
1997 0.505367371615995
1997 0.502547946481458
1997 0.00104629577544018
1997 36.6032823544996
1997 0
1997 0
1997 0
1997 0
1997 0
1997 0.730609242934008
1997 4.85076961125307
1997 4.85076961125307
1997 4.85076961125307
1997 0.0130449457163751
1997 0
1997 0
1997 20.4694513849501
1997 0.00205884007425325
1997 0.00205884007425325
1997 19043.9248124804
1997 19043.9248124804
1997 19043.9248124804
1997 0.0120454479855404
1997 151.875620010603
1997 151.875620010603
1997 151.875620010603
2250 2.45770502475598
2250 2.45770502475598
2250 2.45770502475598
2250 2.45770502475598
2250 0
2250 25.3158530851489
2250 25.3158530851489
2250 0.00388141981211678
2250 0.00388141981211678
2250 0.00195758564437194
2250 917.808991765737
2250 917.808991765737
2250 917.808991765737
2250 0.505367371615995
2250 0.502547946481458
2250 0.00104629577544018
2250 36.6032823544996
2250 0
2250 0
2250 0
2250 0
2250 0
2250 0.730609242934008
2250 4.85076961125307
2250 4.85076961125307
2250 4.85076961125307
2250 0.0130449457163751
2250 0
2250 0
2250 20.4694513849501
2250 0.00205884007425325
2250 0.00205884007425325
2250 19043.9248124804
2250 19043.9248124804
2250 19043.9248124804
2250 0.0120454479855404
2250 151.875620010603
2250 151.875620010603
2250 151.875620010603
2487 2.45770502475598
2487 2.45770502475598
2487 2.45770502475598
2487 2.45770502475598
2487 0
2487 25.3158530851489
2487 25.3158530851489
2487 0.00388141981211678
2487 0.00388141981211678
2487 0.00195758564437194
2487 917.808991765737
2487 917.808991765737
2487 917.808991765737
2487 0.505367371615995
2487 0.502547946481458
2487 0.00104629577544018
2487 36.6032823544996
2487 0
2487 0
2487 0
2487 0
2487 0
2487 0.730609242934008
2487 4.85076961125307
2487 4.85076961125307
2487 4.85076961125307
2487 0.0130449457163751
2487 0
2487 0
2487 20.4694513849501
2487 0.00205884007425325
2487 0.00205884007425325
2487 19043.9248124804
2487 19043.9248124804
2487 19043.9248124804
2487 0.0120454479855404
2487 151.875620010603
2487 151.875620010603
2487 151.875620010603
2566 2.45770502475598
2566 2.45770502475598
2566 2.45770502475598
2566 2.45770502475598
2566 0
2566 25.3158530851489
2566 25.3158530851489
2566 0.00388141981211678
2566 0.00388141981211678
2566 0.00195758564437194
2566 917.808991765737
2566 917.808991765737
2566 917.808991765737
2566 0.505367371615995
2566 0.502547946481458
2566 0.00104629577544018
2566 36.6032823544996
2566 0
2566 0
2566 0
2566 0
2566 0
2566 0.730609242934008
2566 4.85076961125307
2566 4.85076961125307
2566 4.85076961125307
2566 0.0130449457163751
2566 0
2566 0
2566 20.4694513849501
2566 0.00205884007425325
2566 0.00205884007425325
2566 19043.9248124804
2566 19043.9248124804
2566 19043.9248124804
2566 0.0120454479855404
2566 151.875620010603
2566 151.875620010603
2566 151.875620010603
2582 2.45770502475598
2582 2.45770502475598
2582 2.45770502475598
2582 2.45770502475598
2582 0
2582 25.3158530851489
2582 25.3158530851489
2582 0.00388141981211678
2582 0.00388141981211678
2582 0.00195758564437194
2582 917.808991765737
2582 917.808991765737
2582 917.808991765737
2582 0.505367371615995
2582 0.502547946481458
2582 0.00104629577544018
2582 36.6032823544996
2582 0
2582 0
2582 0
2582 0
2582 0
2582 0.730609242934008
2582 4.85076961125307
2582 4.85076961125307
2582 4.85076961125307
2582 0.0130449457163751
2582 0
2582 0
2582 20.4694513849501
2582 0.00205884007425325
2582 0.00205884007425325
2582 19043.9248124804
2582 19043.9248124804
2582 19043.9248124804
2582 0.0120454479855404
2582 151.875620010603
2582 151.875620010603
2582 151.875620010603
2650 2.45770502475598
2650 2.45770502475598
2650 2.45770502475598
2650 2.45770502475598
2650 0
2650 25.3158530851489
2650 25.3158530851489
2650 0.00388141981211678
2650 0.00388141981211678
2650 0.00195758564437194
2650 917.808991765737
2650 917.808991765737
2650 917.808991765737
2650 0.505367371615995
2650 0.502547946481458
2650 0.00104629577544018
2650 36.6032823544996
2650 0
2650 0
2650 0
2650 0
2650 0
2650 0.730609242934008
2650 4.85076961125307
2650 4.85076961125307
2650 4.85076961125307
2650 0.0130449457163751
2650 0
2650 0
2650 20.4694513849501
2650 0.00205884007425325
2650 0.00205884007425325
2650 19043.9248124804
2650 19043.9248124804
2650 19043.9248124804
2650 0.0120454479855404
2650 151.875620010603
2650 151.875620010603
2650 151.875620010603
2652 2.45770502475598
2652 2.45770502475598
2652 2.45770502475598
2652 2.45770502475598
2652 0
2652 25.3158530851489
2652 25.3158530851489
2652 0.00388141981211678
2652 0.00388141981211678
2652 0.00195758564437194
2652 917.808991765737
2652 917.808991765737
2652 917.808991765737
2652 0.505367371615995
2652 0.502547946481458
2652 0.00104629577544018
2652 36.6032823544996
2652 0
2652 0
2652 0
2652 0
2652 0
2652 0.730609242934008
2652 4.85076961125307
2652 4.85076961125307
2652 4.85076961125307
2652 0.0130449457163751
2652 0
2652 0
2652 20.4694513849501
2652 0.00205884007425325
2652 0.00205884007425325
2652 19043.9248124804
2652 19043.9248124804
2652 19043.9248124804
2652 0.0120454479855404
2652 151.875620010603
2652 151.875620010603
2652 151.875620010603
2653 2.45770502475598
2653 2.45770502475598
2653 2.45770502475598
2653 2.45770502475598
2653 0
2653 25.3158530851489
2653 25.3158530851489
2653 0.00388141981211678
2653 0.00388141981211678
2653 0.00195758564437194
2653 917.808991765737
2653 917.808991765737
2653 917.808991765737
2653 0.505367371615995
2653 0.502547946481458
2653 0.00104629577544018
2653 36.6032823544996
2653 0
2653 0
2653 0
2653 0
2653 0
2653 0.730609242934008
2653 4.85076961125307
2653 4.85076961125307
2653 4.85076961125307
2653 0.0130449457163751
2653 0
2653 0
2653 20.4694513849501
2653 0.00205884007425325
2653 0.00205884007425325
2653 19043.9248124804
2653 19043.9248124804
2653 19043.9248124804
2653 0.0120454479855404
2653 151.875620010603
2653 151.875620010603
2653 151.875620010603
2732 2.45770502475598
2732 2.45770502475598
2732 2.45770502475598
2732 2.45770502475598
2732 0
2732 25.3158530851489
2732 25.3158530851489
2732 0.00388141981211678
2732 0.00388141981211678
2732 0.00195758564437194
2732 917.808991765737
2732 917.808991765737
2732 917.808991765737
2732 0.505367371615995
2732 0.502547946481458
2732 0.00104629577544018
2732 36.6032823544996
2732 0
2732 0
2732 0
2732 0
2732 0
2732 0.730609242934008
2732 4.85076961125307
2732 4.85076961125307
2732 4.85076961125307
2732 0.0130449457163751
2732 0
2732 0
2732 20.4694513849501
2732 0.00205884007425325
2732 0.00205884007425325
2732 19043.9248124804
2732 19043.9248124804
2732 19043.9248124804
2732 0.0120454479855404
2732 151.875620010603
2732 151.875620010603
2732 151.875620010603
2735 2.45770502475598
2735 2.45770502475598
2735 2.45770502475598
2735 2.45770502475598
2735 0
2735 25.3158530851489
2735 25.3158530851489
2735 0.00388141981211678
2735 0.00388141981211678
2735 0.00195758564437194
2735 917.808991765737
2735 917.808991765737
2735 917.808991765737
2735 0.505367371615995
2735 0.502547946481458
2735 0.00104629577544018
2735 36.6032823544996
2735 0
2735 0
2735 0
2735 0
2735 0
2735 0.730609242934008
2735 4.85076961125307
2735 4.85076961125307
2735 4.85076961125307
2735 0.0130449457163751
2735 0
2735 0
2735 20.4694513849501
2735 0.00205884007425325
2735 0.00205884007425325
2735 19043.9248124804
2735 19043.9248124804
2735 19043.9248124804
2735 0.0120454479855404
2735 151.875620010603
2735 151.875620010603
2735 151.875620010603
2736 2.45770502475598
2736 2.45770502475598
2736 2.45770502475598
2736 2.45770502475598
2736 0
2736 25.3158530851489
2736 25.3158530851489
2736 0.00388141981211678
2736 0.00388141981211678
2736 0.00195758564437194
2736 917.808991765737
2736 917.808991765737
2736 917.808991765737
2736 0.505367371615995
2736 0.502547946481458
2736 0.00104629577544018
2736 36.6032823544996
2736 0
2736 0
2736 0
2736 0
2736 0
2736 0.730609242934008
2736 4.85076961125307
2736 4.85076961125307
2736 4.85076961125307
2736 0.0130449457163751
2736 0
2736 0
2736 20.4694513849501
2736 0.00205884007425325
2736 0.00205884007425325
2736 19043.9248124804
2736 19043.9248124804
2736 19043.9248124804
2736 0.0120454479855404
2736 151.875620010603
2736 151.875620010603
2736 151.875620010603
2751 2.45770502475598
2751 2.45770502475598
2751 2.45770502475598
2751 2.45770502475598
2751 0
2751 25.3158530851489
2751 25.3158530851489
2751 0.00388141981211678
2751 0.00388141981211678
2751 0.00195758564437194
2751 917.808991765737
2751 917.808991765737
2751 917.808991765737
2751 0.505367371615995
2751 0.502547946481458
2751 0.00104629577544018
2751 36.6032823544996
2751 0
2751 0
2751 0
2751 0
2751 0
2751 0.730609242934008
2751 4.85076961125307
2751 4.85076961125307
2751 4.85076961125307
2751 0.0130449457163751
2751 0
2751 0
2751 20.4694513849501
2751 0.00205884007425325
2751 0.00205884007425325
2751 19043.9248124804
2751 19043.9248124804
2751 19043.9248124804
2751 0.0120454479855404
2751 151.875620010603
2751 151.875620010603
2751 151.875620010603
2815 2.45770502475598
2815 2.45770502475598
2815 2.45770502475598
2815 2.45770502475598
2815 0
2815 25.3158530851489
2815 25.3158530851489
2815 0.00388141981211678
2815 0.00388141981211678
2815 0.00195758564437194
2815 917.808991765737
2815 917.808991765737
2815 917.808991765737
2815 0.505367371615995
2815 0.502547946481458
2815 0.00104629577544018
2815 36.6032823544996
2815 0
2815 0
2815 0
2815 0
2815 0
2815 0.730609242934008
2815 4.85076961125307
2815 4.85076961125307
2815 4.85076961125307
2815 0.0130449457163751
2815 0
2815 0
2815 20.4694513849501
2815 0.00205884007425325
2815 0.00205884007425325
2815 19043.9248124804
2815 19043.9248124804
2815 19043.9248124804
2815 0.0120454479855404
2815 151.875620010603
2815 151.875620010603
2815 151.875620010603
2816 2.45770502475598
2816 2.45770502475598
2816 2.45770502475598
2816 2.45770502475598
2816 0
2816 25.3158530851489
2816 25.3158530851489
2816 0.00388141981211678
2816 0.00388141981211678
2816 0.00195758564437194
2816 917.808991765737
2816 917.808991765737
2816 917.808991765737
2816 0.505367371615995
2816 0.502547946481458
2816 0.00104629577544018
2816 36.6032823544996
2816 0
2816 0
2816 0
2816 0
2816 0
2816 0.730609242934008
2816 4.85076961125307
2816 4.85076961125307
2816 4.85076961125307
2816 0.0130449457163751
2816 0
2816 0
2816 20.4694513849501
2816 0.00205884007425325
2816 0.00205884007425325
2816 19043.9248124804
2816 19043.9248124804
2816 19043.9248124804
2816 0.0120454479855404
2816 151.875620010603
2816 151.875620010603
2816 151.875620010603
2891 2.45770502475598
2891 2.45770502475598
2891 2.45770502475598
2891 2.45770502475598
2891 0
2891 25.3158530851489
2891 25.3158530851489
2891 0.00388141981211678
2891 0.00388141981211678
2891 0.00195758564437194
2891 917.808991765737
2891 917.808991765737
2891 917.808991765737
2891 0.505367371615995
2891 0.502547946481458
2891 0.00104629577544018
2891 36.6032823544996
2891 0
2891 0
2891 0
2891 0
2891 0
2891 0.730609242934008
2891 4.85076961125307
2891 4.85076961125307
2891 4.85076961125307
2891 0.0130449457163751
2891 0
2891 0
2891 20.4694513849501
2891 0.00205884007425325
2891 0.00205884007425325
2891 19043.9248124804
2891 19043.9248124804
2891 19043.9248124804
2891 0.0120454479855404
2891 151.875620010603
2891 151.875620010603
2891 151.875620010603
2899 2.45770502475598
2899 2.45770502475598
2899 2.45770502475598
2899 2.45770502475598
2899 0
2899 25.3158530851489
2899 25.3158530851489
2899 0.00388141981211678
2899 0.00388141981211678
2899 0.00195758564437194
2899 917.808991765737
2899 917.808991765737
2899 917.808991765737
2899 0.505367371615995
2899 0.502547946481458
2899 0.00104629577544018
2899 36.6032823544996
2899 0
2899 0
2899 0
2899 0
2899 0
2899 0.730609242934008
2899 4.85076961125307
2899 4.85076961125307
2899 4.85076961125307
2899 0.0130449457163751
2899 0
2899 0
2899 20.4694513849501
2899 0.00205884007425325
2899 0.00205884007425325
2899 19043.9248124804
2899 19043.9248124804
2899 19043.9248124804
2899 0.0120454479855404
2899 151.875620010603
2899 151.875620010603
2899 151.875620010603
2965 2.45770502475598
2965 2.45770502475598
2965 2.45770502475598
2965 2.45770502475598
2965 0
2965 25.3158530851489
2965 25.3158530851489
2965 0.00388141981211678
2965 0.00388141981211678
2965 0.00195758564437194
2965 917.808991765737
2965 917.808991765737
2965 917.808991765737
2965 0.505367371615995
2965 0.502547946481458
2965 0.00104629577544018
2965 36.6032823544996
2965 0
2965 0
2965 0
2965 0
2965 0
2965 0.730609242934008
2965 4.85076961125307
2965 4.85076961125307
2965 4.85076961125307
2965 0.0130449457163751
2965 0
2965 0
2965 20.4694513849501
2965 0.00205884007425325
2965 0.00205884007425325
2965 19043.9248124804
2965 19043.9248124804
2965 19043.9248124804
2965 0.0120454479855404
2965 151.875620010603
2965 151.875620010603
2965 151.875620010603
3756 2.45770502475598
3756 2.45770502475598
3756 2.45770502475598
3756 2.45770502475598
3756 0
3756 25.3158530851489
3756 25.3158530851489
3756 0.00388141981211678
3756 0.00388141981211678
3756 0.00195758564437194
3756 917.808991765737
3756 917.808991765737
3756 917.808991765737
3756 0.505367371615995
3756 0.502547946481458
3756 0.00104629577544018
3756 36.6032823544996
3756 0
3756 0
3756 0
3756 0
3756 0
3756 0.730609242934008
3756 4.85076961125307
3756 4.85076961125307
3756 4.85076961125307
3756 0.0130449457163751
3756 0
3756 0
3756 20.4694513849501
3756 0.00205884007425325
3756 0.00205884007425325
3756 19043.9248124804
3756 19043.9248124804
3756 19043.9248124804
3756 0.0120454479855404
3756 151.875620010603
3756 151.875620010603
3756 151.875620010603
