pt_graph scale
1464 0
1464 26.1666077743236
1464 26.1666077743236
1464 26.1666077743236
1464 26.1666077743236
1464 0
1464 4.75569168165923
1464 4.75569168165923
1464 0
1464 0
1464 0
1464 0
1464 9.42409572995722
1464 16.6544008467185
1464 16.6544008467185
1464 16.6544008467185
1464 14.2220150620247
1464 2.45851388706325
1464 7.25709911120391
1464 9.57187241173387
1464 0
1464 14.637251177188
1464 0
1464 0
1464 2.96949121844594
1464 2.96949121844594
1464 0
1464 30.4139911223564
1464 30.4139911223564
1464 30.4139911223564
1464 38.5448651141772
1464 0
1464 50.7417040275586
1464 2071.76865320837
1464 0.521541884954384
1464 0.521541884954384
1464 15.248764123743
1464 15.248764123743
1464 1.63845688072584
1464 1.63845688072584
1464 1.63845688072584
1464 2.9822642005857
1464 2.9822642005857
1464 2.9822642005857
1464 4.78185636435852
1677 0
1677 26.1666077743236
1677 26.1666077743236
1677 26.1666077743236
1677 26.1666077743236
1677 0
1677 4.75569168165923
1677 4.75569168165923
1677 0
1677 0
1677 0
1677 0
1677 9.42409572995722
1677 16.6544008467185
1677 16.6544008467185
1677 16.6544008467185
1677 14.2220150620247
1677 2.45851388706325
1677 7.25709911120391
1677 9.57187241173387
1677 0
1677 14.637251177188
1677 0
1677 0
1677 2.96949121844594
1677 2.96949121844594
1677 0
1677 30.4139911223564
1677 30.4139911223564
1677 30.4139911223564
1677 38.5448651141772
1677 0
1677 50.7417040275586
1677 2071.76865320837
1677 0.521541884954384
1677 0.521541884954384
1677 15.248764123743
1677 15.248764123743
1677 1.63845688072584
1677 1.63845688072584
1677 1.63845688072584
1677 2.9822642005857
1677 2.9822642005857
1677 2.9822642005857
1677 4.78185636435852
1750 0
1750 26.1666077743236
1750 26.1666077743236
1750 26.1666077743236
1750 26.1666077743236
1750 0
1750 4.75569168165923
1750 4.75569168165923
1750 0
1750 0
1750 0
1750 0
1750 9.42409572995722
1750 16.6544008467185
1750 16.6544008467185
1750 16.6544008467185
1750 14.2220150620247
1750 2.45851388706325
1750 7.25709911120391
1750 9.57187241173387
1750 0
1750 14.637251177188
1750 0
1750 0
1750 2.96949121844594
1750 2.96949121844594
1750 0
1750 30.4139911223564
1750 30.4139911223564
1750 30.4139911223564
1750 38.5448651141772
1750 0
1750 50.7417040275586
1750 2071.76865320837
1750 0.521541884954384
1750 0.521541884954384
1750 15.248764123743
1750 15.248764123743
1750 1.63845688072584
1750 1.63845688072584
1750 1.63845688072584
1750 2.9822642005857
1750 2.9822642005857
1750 2.9822642005857
1750 4.78185636435852
2157 0
2157 26.1666077743236
2157 26.1666077743236
2157 26.1666077743236
2157 26.1666077743236
2157 0
2157 4.75569168165923
2157 4.75569168165923
2157 0
2157 0
2157 0
2157 0
2157 9.42409572995722
2157 16.6544008467185
2157 16.6544008467185
2157 16.6544008467185
2157 14.2220150620247
2157 2.45851388706325
2157 7.25709911120391
2157 9.57187241173387
2157 0
2157 14.637251177188
2157 0
2157 0
2157 2.96949121844594
2157 2.96949121844594
2157 0
2157 30.4139911223564
2157 30.4139911223564
2157 30.4139911223564
2157 38.5448651141772
2157 0
2157 50.7417040275586
2157 2071.76865320837
2157 0.521541884954384
2157 0.521541884954384
2157 15.248764123743
2157 15.248764123743
2157 1.63845688072584
2157 1.63845688072584
2157 1.63845688072584
2157 2.9822642005857
2157 2.9822642005857
2157 2.9822642005857
2157 4.78185636435852
2316 0
2316 26.1666077743236
2316 26.1666077743236
2316 26.1666077743236
2316 26.1666077743236
2316 0
2316 4.75569168165923
2316 4.75569168165923
2316 0
2316 0
2316 0
2316 0
2316 9.42409572995722
2316 16.6544008467185
2316 16.6544008467185
2316 16.6544008467185
2316 14.2220150620247
2316 2.45851388706325
2316 7.25709911120391
2316 9.57187241173387
2316 0
2316 14.637251177188
2316 0
2316 0
2316 2.96949121844594
2316 2.96949121844594
2316 0
2316 30.4139911223564
2316 30.4139911223564
2316 30.4139911223564
2316 38.5448651141772
2316 0
2316 50.7417040275586
2316 2071.76865320837
2316 0.521541884954384
2316 0.521541884954384
2316 15.248764123743
2316 15.248764123743
2316 1.63845688072584
2316 1.63845688072584
2316 1.63845688072584
2316 2.9822642005857
2316 2.9822642005857
2316 2.9822642005857
2316 4.78185636435852
2390 0
2390 26.1666077743236
2390 26.1666077743236
2390 26.1666077743236
2390 26.1666077743236
2390 0
2390 4.75569168165923
2390 4.75569168165923
2390 0
2390 0
2390 0
2390 0
2390 9.42409572995722
2390 16.6544008467185
2390 16.6544008467185
2390 16.6544008467185
2390 14.2220150620247
2390 2.45851388706325
2390 7.25709911120391
2390 9.57187241173387
2390 0
2390 14.637251177188
2390 0
2390 0
2390 2.96949121844594
2390 2.96949121844594
2390 0
2390 30.4139911223564
2390 30.4139911223564
2390 30.4139911223564
2390 38.5448651141772
2390 0
2390 50.7417040275586
2390 2071.76865320837
2390 0.521541884954384
2390 0.521541884954384
2390 15.248764123743
2390 15.248764123743
2390 1.63845688072584
2390 1.63845688072584
2390 1.63845688072584
2390 2.9822642005857
2390 2.9822642005857
2390 2.9822642005857
2390 4.78185636435852
10662 0
10662 26.1666077743236
10662 26.1666077743236
10662 26.1666077743236
10662 26.1666077743236
10662 0
10662 4.75569168165923
10662 4.75569168165923
10662 0
10662 0
10662 0
10662 0
10662 9.42409572995722
10662 16.6544008467185
10662 16.6544008467185
10662 16.6544008467185
10662 14.2220150620247
10662 2.45851388706325
10662 7.25709911120391
10662 9.57187241173387
10662 0
10662 14.637251177188
10662 0
10662 0
10662 2.96949121844594
10662 2.96949121844594
10662 0
10662 30.4139911223564
10662 30.4139911223564
10662 30.4139911223564
10662 38.5448651141772
10662 0
10662 50.7417040275586
10662 2071.76865320837
10662 0.521541884954384
10662 0.521541884954384
10662 15.248764123743
10662 15.248764123743
10662 1.63845688072584
10662 1.63845688072584
10662 1.63845688072584
10662 2.9822642005857
10662 2.9822642005857
10662 2.9822642005857
10662 4.78185636435852
2548 0
2548 26.1666077743236
2548 26.1666077743236
2548 26.1666077743236
2548 26.1666077743236
2548 0
2548 4.75569168165923
2548 4.75569168165923
2548 0
2548 0
2548 0
2548 0
2548 9.42409572995722
2548 16.6544008467185
2548 16.6544008467185
2548 16.6544008467185
2548 14.2220150620247
2548 2.45851388706325
2548 7.25709911120391
2548 9.57187241173387
2548 0
2548 14.637251177188
2548 0
2548 0
2548 2.96949121844594
2548 2.96949121844594
2548 0
2548 30.4139911223564
2548 30.4139911223564
2548 30.4139911223564
2548 38.5448651141772
2548 0
2548 50.7417040275586
2548 2071.76865320837
2548 0.521541884954384
2548 0.521541884954384
2548 15.248764123743
2548 15.248764123743
2548 1.63845688072584
2548 1.63845688072584
2548 1.63845688072584
2548 2.9822642005857
2548 2.9822642005857
2548 2.9822642005857
2548 4.78185636435852
2549 0
2549 26.1666077743236
2549 26.1666077743236
2549 26.1666077743236
2549 26.1666077743236
2549 0
2549 4.75569168165923
2549 4.75569168165923
2549 0
2549 0
2549 0
2549 0
2549 9.42409572995722
2549 16.6544008467185
2549 16.6544008467185
2549 16.6544008467185
2549 14.2220150620247
2549 2.45851388706325
2549 7.25709911120391
2549 9.57187241173387
2549 0
2549 14.637251177188
2549 0
2549 0
2549 2.96949121844594
2549 2.96949121844594
2549 0
2549 30.4139911223564
2549 30.4139911223564
2549 30.4139911223564
2549 38.5448651141772
2549 0
2549 50.7417040275586
2549 2071.76865320837
2549 0.521541884954384
2549 0.521541884954384
2549 15.248764123743
2549 15.248764123743
2549 1.63845688072584
2549 1.63845688072584
2549 1.63845688072584
2549 2.9822642005857
2549 2.9822642005857
2549 2.9822642005857
2549 4.78185636435852
2559 0
2559 26.1666077743236
2559 26.1666077743236
2559 26.1666077743236
2559 26.1666077743236
2559 0
2559 4.75569168165923
2559 4.75569168165923
2559 0
2559 0
2559 0
2559 0
2559 9.42409572995722
2559 16.6544008467185
2559 16.6544008467185
2559 16.6544008467185
2559 14.2220150620247
2559 2.45851388706325
2559 7.25709911120391
2559 9.57187241173387
2559 0
2559 14.637251177188
2559 0
2559 0
2559 2.96949121844594
2559 2.96949121844594
2559 0
2559 30.4139911223564
2559 30.4139911223564
2559 30.4139911223564
2559 38.5448651141772
2559 0
2559 50.7417040275586
2559 2071.76865320837
2559 0.521541884954384
2559 0.521541884954384
2559 15.248764123743
2559 15.248764123743
2559 1.63845688072584
2559 1.63845688072584
2559 1.63845688072584
2559 2.9822642005857
2559 2.9822642005857
2559 2.9822642005857
2559 4.78185636435852
2633 0
2633 26.1666077743236
2633 26.1666077743236
2633 26.1666077743236
2633 26.1666077743236
2633 0
2633 4.75569168165923
2633 4.75569168165923
2633 0
2633 0
2633 0
2633 0
2633 9.42409572995722
2633 16.6544008467185
2633 16.6544008467185
2633 16.6544008467185
2633 14.2220150620247
2633 2.45851388706325
2633 7.25709911120391
2633 9.57187241173387
2633 0
2633 14.637251177188
2633 0
2633 0
2633 2.96949121844594
2633 2.96949121844594
2633 0
2633 30.4139911223564
2633 30.4139911223564
2633 30.4139911223564
2633 38.5448651141772
2633 0
2633 50.7417040275586
2633 2071.76865320837
2633 0.521541884954384
2633 0.521541884954384
2633 15.248764123743
2633 15.248764123743
2633 1.63845688072584
2633 1.63845688072584
2633 1.63845688072584
2633 2.9822642005857
2633 2.9822642005857
2633 2.9822642005857
2633 4.78185636435852
2634 0
2634 26.1666077743236
2634 26.1666077743236
2634 26.1666077743236
2634 26.1666077743236
2634 0
2634 4.75569168165923
2634 4.75569168165923
2634 0
2634 0
2634 0
2634 0
2634 9.42409572995722
2634 16.6544008467185
2634 16.6544008467185
2634 16.6544008467185
2634 14.2220150620247
2634 2.45851388706325
2634 7.25709911120391
2634 9.57187241173387
2634 0
2634 14.637251177188
2634 0
2634 0
2634 2.96949121844594
2634 2.96949121844594
2634 0
2634 30.4139911223564
2634 30.4139911223564
2634 30.4139911223564
2634 38.5448651141772
2634 0
2634 50.7417040275586
2634 2071.76865320837
2634 0.521541884954384
2634 0.521541884954384
2634 15.248764123743
2634 15.248764123743
2634 1.63845688072584
2634 1.63845688072584
2634 1.63845688072584
2634 2.9822642005857
2634 2.9822642005857
2634 2.9822642005857
2634 4.78185636435852
2645 0
2645 26.1666077743236
2645 26.1666077743236
2645 26.1666077743236
2645 26.1666077743236
2645 0
2645 4.75569168165923
2645 4.75569168165923
2645 0
2645 0
2645 0
2645 0
2645 9.42409572995722
2645 16.6544008467185
2645 16.6544008467185
2645 16.6544008467185
2645 14.2220150620247
2645 2.45851388706325
2645 7.25709911120391
2645 9.57187241173387
2645 0
2645 14.637251177188
2645 0
2645 0
2645 2.96949121844594
2645 2.96949121844594
2645 0
2645 30.4139911223564
2645 30.4139911223564
2645 30.4139911223564
2645 38.5448651141772
2645 0
2645 50.7417040275586
2645 2071.76865320837
2645 0.521541884954384
2645 0.521541884954384
2645 15.248764123743
2645 15.248764123743
2645 1.63845688072584
2645 1.63845688072584
2645 1.63845688072584
2645 2.9822642005857
2645 2.9822642005857
2645 2.9822642005857
2645 4.78185636435852
2716 0
2716 26.1666077743236
2716 26.1666077743236
2716 26.1666077743236
2716 26.1666077743236
2716 0
2716 4.75569168165923
2716 4.75569168165923
2716 0
2716 0
2716 0
2716 0
2716 9.42409572995722
2716 16.6544008467185
2716 16.6544008467185
2716 16.6544008467185
2716 14.2220150620247
2716 2.45851388706325
2716 7.25709911120391
2716 9.57187241173387
2716 0
2716 14.637251177188
2716 0
2716 0
2716 2.96949121844594
2716 2.96949121844594
2716 0
2716 30.4139911223564
2716 30.4139911223564
2716 30.4139911223564
2716 38.5448651141772
2716 0
2716 50.7417040275586
2716 2071.76865320837
2716 0.521541884954384
2716 0.521541884954384
2716 15.248764123743
2716 15.248764123743
2716 1.63845688072584
2716 1.63845688072584
2716 1.63845688072584
2716 2.9822642005857
2716 2.9822642005857
2716 2.9822642005857
2716 4.78185636435852
2650 0
2650 26.1666077743236
2650 26.1666077743236
2650 26.1666077743236
2650 26.1666077743236
2650 0
2650 4.75569168165923
2650 4.75569168165923
2650 0
2650 0
2650 0
2650 0
2650 9.42409572995722
2650 16.6544008467185
2650 16.6544008467185
2650 16.6544008467185
2650 14.2220150620247
2650 2.45851388706325
2650 7.25709911120391
2650 9.57187241173387
2650 0
2650 14.637251177188
2650 0
2650 0
2650 2.96949121844594
2650 2.96949121844594
2650 0
2650 30.4139911223564
2650 30.4139911223564
2650 30.4139911223564
2650 38.5448651141772
2650 0
2650 50.7417040275586
2650 2071.76865320837
2650 0.521541884954384
2650 0.521541884954384
2650 15.248764123743
2650 15.248764123743
2650 1.63845688072584
2650 1.63845688072584
2650 1.63845688072584
2650 2.9822642005857
2650 2.9822642005857
2650 2.9822642005857
2650 4.78185636435852
2731 0
2731 26.1666077743236
2731 26.1666077743236
2731 26.1666077743236
2731 26.1666077743236
2731 0
2731 4.75569168165923
2731 4.75569168165923
2731 0
2731 0
2731 0
2731 0
2731 9.42409572995722
2731 16.6544008467185
2731 16.6544008467185
2731 16.6544008467185
2731 14.2220150620247
2731 2.45851388706325
2731 7.25709911120391
2731 9.57187241173387
2731 0
2731 14.637251177188
2731 0
2731 0
2731 2.96949121844594
2731 2.96949121844594
2731 0
2731 30.4139911223564
2731 30.4139911223564
2731 30.4139911223564
2731 38.5448651141772
2731 0
2731 50.7417040275586
2731 2071.76865320837
2731 0.521541884954384
2731 0.521541884954384
2731 15.248764123743
2731 15.248764123743
2731 1.63845688072584
2731 1.63845688072584
2731 1.63845688072584
2731 2.9822642005857
2731 2.9822642005857
2731 2.9822642005857
2731 4.78185636435852
2732 0
2732 26.1666077743236
2732 26.1666077743236
2732 26.1666077743236
2732 26.1666077743236
2732 0
2732 4.75569168165923
2732 4.75569168165923
2732 0
2732 0
2732 0
2732 0
2732 9.42409572995722
2732 16.6544008467185
2732 16.6544008467185
2732 16.6544008467185
2732 14.2220150620247
2732 2.45851388706325
2732 7.25709911120391
2732 9.57187241173387
2732 0
2732 14.637251177188
2732 0
2732 0
2732 2.96949121844594
2732 2.96949121844594
2732 0
2732 30.4139911223564
2732 30.4139911223564
2732 30.4139911223564
2732 38.5448651141772
2732 0
2732 50.7417040275586
2732 2071.76865320837
2732 0.521541884954384
2732 0.521541884954384
2732 15.248764123743
2732 15.248764123743
2732 1.63845688072584
2732 1.63845688072584
2732 1.63845688072584
2732 2.9822642005857
2732 2.9822642005857
2732 2.9822642005857
2732 4.78185636435852
2734 0
2734 26.1666077743236
2734 26.1666077743236
2734 26.1666077743236
2734 26.1666077743236
2734 0
2734 4.75569168165923
2734 4.75569168165923
2734 0
2734 0
2734 0
2734 0
2734 9.42409572995722
2734 16.6544008467185
2734 16.6544008467185
2734 16.6544008467185
2734 14.2220150620247
2734 2.45851388706325
2734 7.25709911120391
2734 9.57187241173387
2734 0
2734 14.637251177188
2734 0
2734 0
2734 2.96949121844594
2734 2.96949121844594
2734 0
2734 30.4139911223564
2734 30.4139911223564
2734 30.4139911223564
2734 38.5448651141772
2734 0
2734 50.7417040275586
2734 2071.76865320837
2734 0.521541884954384
2734 0.521541884954384
2734 15.248764123743
2734 15.248764123743
2734 1.63845688072584
2734 1.63845688072584
2734 1.63845688072584
2734 2.9822642005857
2734 2.9822642005857
2734 2.9822642005857
2734 4.78185636435852
2809 0
2809 26.1666077743236
2809 26.1666077743236
2809 26.1666077743236
2809 26.1666077743236
2809 0
2809 4.75569168165923
2809 4.75569168165923
2809 0
2809 0
2809 0
2809 0
2809 9.42409572995722
2809 16.6544008467185
2809 16.6544008467185
2809 16.6544008467185
2809 14.2220150620247
2809 2.45851388706325
2809 7.25709911120391
2809 9.57187241173387
2809 0
2809 14.637251177188
2809 0
2809 0
2809 2.96949121844594
2809 2.96949121844594
2809 0
2809 30.4139911223564
2809 30.4139911223564
2809 30.4139911223564
2809 38.5448651141772
2809 0
2809 50.7417040275586
2809 2071.76865320837
2809 0.521541884954384
2809 0.521541884954384
2809 15.248764123743
2809 15.248764123743
2809 1.63845688072584
2809 1.63845688072584
2809 1.63845688072584
2809 2.9822642005857
2809 2.9822642005857
2809 2.9822642005857
2809 4.78185636435852
2875 0
2875 26.1666077743236
2875 26.1666077743236
2875 26.1666077743236
2875 26.1666077743236
2875 0
2875 4.75569168165923
2875 4.75569168165923
2875 0
2875 0
2875 0
2875 0
2875 9.42409572995722
2875 16.6544008467185
2875 16.6544008467185
2875 16.6544008467185
2875 14.2220150620247
2875 2.45851388706325
2875 7.25709911120391
2875 9.57187241173387
2875 0
2875 14.637251177188
2875 0
2875 0
2875 2.96949121844594
2875 2.96949121844594
2875 0
2875 30.4139911223564
2875 30.4139911223564
2875 30.4139911223564
2875 38.5448651141772
2875 0
2875 50.7417040275586
2875 2071.76865320837
2875 0.521541884954384
2875 0.521541884954384
2875 15.248764123743
2875 15.248764123743
2875 1.63845688072584
2875 1.63845688072584
2875 1.63845688072584
2875 2.9822642005857
2875 2.9822642005857
2875 2.9822642005857
2875 4.78185636435852
2876 0
2876 26.1666077743236
2876 26.1666077743236
2876 26.1666077743236
2876 26.1666077743236
2876 0
2876 4.75569168165923
2876 4.75569168165923
2876 0
2876 0
2876 0
2876 0
2876 9.42409572995722
2876 16.6544008467185
2876 16.6544008467185
2876 16.6544008467185
2876 14.2220150620247
2876 2.45851388706325
2876 7.25709911120391
2876 9.57187241173387
2876 0
2876 14.637251177188
2876 0
2876 0
2876 2.96949121844594
2876 2.96949121844594
2876 0
2876 30.4139911223564
2876 30.4139911223564
2876 30.4139911223564
2876 38.5448651141772
2876 0
2876 50.7417040275586
2876 2071.76865320837
2876 0.521541884954384
2876 0.521541884954384
2876 15.248764123743
2876 15.248764123743
2876 1.63845688072584
2876 1.63845688072584
2876 1.63845688072584
2876 2.9822642005857
2876 2.9822642005857
2876 2.9822642005857
2876 4.78185636435852
2812 0
2812 26.1666077743236
2812 26.1666077743236
2812 26.1666077743236
2812 26.1666077743236
2812 0
2812 4.75569168165923
2812 4.75569168165923
2812 0
2812 0
2812 0
2812 0
2812 9.42409572995722
2812 16.6544008467185
2812 16.6544008467185
2812 16.6544008467185
2812 14.2220150620247
2812 2.45851388706325
2812 7.25709911120391
2812 9.57187241173387
2812 0
2812 14.637251177188
2812 0
2812 0
2812 2.96949121844594
2812 2.96949121844594
2812 0
2812 30.4139911223564
2812 30.4139911223564
2812 30.4139911223564
2812 38.5448651141772
2812 0
2812 50.7417040275586
2812 2071.76865320837
2812 0.521541884954384
2812 0.521541884954384
2812 15.248764123743
2812 15.248764123743
2812 1.63845688072584
2812 1.63845688072584
2812 1.63845688072584
2812 2.9822642005857
2812 2.9822642005857
2812 2.9822642005857
2812 4.78185636435852
2813 0
2813 26.1666077743236
2813 26.1666077743236
2813 26.1666077743236
2813 26.1666077743236
2813 0
2813 4.75569168165923
2813 4.75569168165923
2813 0
2813 0
2813 0
2813 0
2813 9.42409572995722
2813 16.6544008467185
2813 16.6544008467185
2813 16.6544008467185
2813 14.2220150620247
2813 2.45851388706325
2813 7.25709911120391
2813 9.57187241173387
2813 0
2813 14.637251177188
2813 0
2813 0
2813 2.96949121844594
2813 2.96949121844594
2813 0
2813 30.4139911223564
2813 30.4139911223564
2813 30.4139911223564
2813 38.5448651141772
2813 0
2813 50.7417040275586
2813 2071.76865320837
2813 0.521541884954384
2813 0.521541884954384
2813 15.248764123743
2813 15.248764123743
2813 1.63845688072584
2813 1.63845688072584
2813 1.63845688072584
2813 2.9822642005857
2813 2.9822642005857
2813 2.9822642005857
2813 4.78185636435852
2814 0
2814 26.1666077743236
2814 26.1666077743236
2814 26.1666077743236
2814 26.1666077743236
2814 0
2814 4.75569168165923
2814 4.75569168165923
2814 0
2814 0
2814 0
2814 0
2814 9.42409572995722
2814 16.6544008467185
2814 16.6544008467185
2814 16.6544008467185
2814 14.2220150620247
2814 2.45851388706325
2814 7.25709911120391
2814 9.57187241173387
2814 0
2814 14.637251177188
2814 0
2814 0
2814 2.96949121844594
2814 2.96949121844594
2814 0
2814 30.4139911223564
2814 30.4139911223564
2814 30.4139911223564
2814 38.5448651141772
2814 0
2814 50.7417040275586
2814 2071.76865320837
2814 0.521541884954384
2814 0.521541884954384
2814 15.248764123743
2814 15.248764123743
2814 1.63845688072584
2814 1.63845688072584
2814 1.63845688072584
2814 2.9822642005857
2814 2.9822642005857
2814 2.9822642005857
2814 4.78185636435852
2816 0
2816 26.1666077743236
2816 26.1666077743236
2816 26.1666077743236
2816 26.1666077743236
2816 0
2816 4.75569168165923
2816 4.75569168165923
2816 0
2816 0
2816 0
2816 0
2816 9.42409572995722
2816 16.6544008467185
2816 16.6544008467185
2816 16.6544008467185
2816 14.2220150620247
2816 2.45851388706325
2816 7.25709911120391
2816 9.57187241173387
2816 0
2816 14.637251177188
2816 0
2816 0
2816 2.96949121844594
2816 2.96949121844594
2816 0
2816 30.4139911223564
2816 30.4139911223564
2816 30.4139911223564
2816 38.5448651141772
2816 0
2816 50.7417040275586
2816 2071.76865320837
2816 0.521541884954384
2816 0.521541884954384
2816 15.248764123743
2816 15.248764123743
2816 1.63845688072584
2816 1.63845688072584
2816 1.63845688072584
2816 2.9822642005857
2816 2.9822642005857
2816 2.9822642005857
2816 4.78185636435852
2951 0
2951 26.1666077743236
2951 26.1666077743236
2951 26.1666077743236
2951 26.1666077743236
2951 0
2951 4.75569168165923
2951 4.75569168165923
2951 0
2951 0
2951 0
2951 0
2951 9.42409572995722
2951 16.6544008467185
2951 16.6544008467185
2951 16.6544008467185
2951 14.2220150620247
2951 2.45851388706325
2951 7.25709911120391
2951 9.57187241173387
2951 0
2951 14.637251177188
2951 0
2951 0
2951 2.96949121844594
2951 2.96949121844594
2951 0
2951 30.4139911223564
2951 30.4139911223564
2951 30.4139911223564
2951 38.5448651141772
2951 0
2951 50.7417040275586
2951 2071.76865320837
2951 0.521541884954384
2951 0.521541884954384
2951 15.248764123743
2951 15.248764123743
2951 1.63845688072584
2951 1.63845688072584
2951 1.63845688072584
2951 2.9822642005857
2951 2.9822642005857
2951 2.9822642005857
2951 4.78185636435852
2890 0
2890 26.1666077743236
2890 26.1666077743236
2890 26.1666077743236
2890 26.1666077743236
2890 0
2890 4.75569168165923
2890 4.75569168165923
2890 0
2890 0
2890 0
2890 0
2890 9.42409572995722
2890 16.6544008467185
2890 16.6544008467185
2890 16.6544008467185
2890 14.2220150620247
2890 2.45851388706325
2890 7.25709911120391
2890 9.57187241173387
2890 0
2890 14.637251177188
2890 0
2890 0
2890 2.96949121844594
2890 2.96949121844594
2890 0
2890 30.4139911223564
2890 30.4139911223564
2890 30.4139911223564
2890 38.5448651141772
2890 0
2890 50.7417040275586
2890 2071.76865320837
2890 0.521541884954384
2890 0.521541884954384
2890 15.248764123743
2890 15.248764123743
2890 1.63845688072584
2890 1.63845688072584
2890 1.63845688072584
2890 2.9822642005857
2890 2.9822642005857
2890 2.9822642005857
2890 4.78185636435852
2966 0
2966 26.1666077743236
2966 26.1666077743236
2966 26.1666077743236
2966 26.1666077743236
2966 0
2966 4.75569168165923
2966 4.75569168165923
2966 0
2966 0
2966 0
2966 0
2966 9.42409572995722
2966 16.6544008467185
2966 16.6544008467185
2966 16.6544008467185
2966 14.2220150620247
2966 2.45851388706325
2966 7.25709911120391
2966 9.57187241173387
2966 0
2966 14.637251177188
2966 0
2966 0
2966 2.96949121844594
2966 2.96949121844594
2966 0
2966 30.4139911223564
2966 30.4139911223564
2966 30.4139911223564
2966 38.5448651141772
2966 0
2966 50.7417040275586
2966 2071.76865320837
2966 0.521541884954384
2966 0.521541884954384
2966 15.248764123743
2966 15.248764123743
2966 1.63845688072584
2966 1.63845688072584
2966 1.63845688072584
2966 2.9822642005857
2966 2.9822642005857
2966 2.9822642005857
2966 4.78185636435852
3171 0
3171 26.1666077743236
3171 26.1666077743236
3171 26.1666077743236
3171 26.1666077743236
3171 0
3171 4.75569168165923
3171 4.75569168165923
3171 0
3171 0
3171 0
3171 0
3171 9.42409572995722
3171 16.6544008467185
3171 16.6544008467185
3171 16.6544008467185
3171 14.2220150620247
3171 2.45851388706325
3171 7.25709911120391
3171 9.57187241173387
3171 0
3171 14.637251177188
3171 0
3171 0
3171 2.96949121844594
3171 2.96949121844594
3171 0
3171 30.4139911223564
3171 30.4139911223564
3171 30.4139911223564
3171 38.5448651141772
3171 0
3171 50.7417040275586
3171 2071.76865320837
3171 0.521541884954384
3171 0.521541884954384
3171 15.248764123743
3171 15.248764123743
3171 1.63845688072584
3171 1.63845688072584
3171 1.63845688072584
3171 2.9822642005857
3171 2.9822642005857
3171 2.9822642005857
3171 4.78185636435852
3172 0
3172 26.1666077743236
3172 26.1666077743236
3172 26.1666077743236
3172 26.1666077743236
3172 0
3172 4.75569168165923
3172 4.75569168165923
3172 0
3172 0
3172 0
3172 0
3172 9.42409572995722
3172 16.6544008467185
3172 16.6544008467185
3172 16.6544008467185
3172 14.2220150620247
3172 2.45851388706325
3172 7.25709911120391
3172 9.57187241173387
3172 0
3172 14.637251177188
3172 0
3172 0
3172 2.96949121844594
3172 2.96949121844594
3172 0
3172 30.4139911223564
3172 30.4139911223564
3172 30.4139911223564
3172 38.5448651141772
3172 0
3172 50.7417040275586
3172 2071.76865320837
3172 0.521541884954384
3172 0.521541884954384
3172 15.248764123743
3172 15.248764123743
3172 1.63845688072584
3172 1.63845688072584
3172 1.63845688072584
3172 2.9822642005857
3172 2.9822642005857
3172 2.9822642005857
3172 4.78185636435852
3112 0
3112 26.1666077743236
3112 26.1666077743236
3112 26.1666077743236
3112 26.1666077743236
3112 0
3112 4.75569168165923
3112 4.75569168165923
3112 0
3112 0
3112 0
3112 0
3112 9.42409572995722
3112 16.6544008467185
3112 16.6544008467185
3112 16.6544008467185
3112 14.2220150620247
3112 2.45851388706325
3112 7.25709911120391
3112 9.57187241173387
3112 0
3112 14.637251177188
3112 0
3112 0
3112 2.96949121844594
3112 2.96949121844594
3112 0
3112 30.4139911223564
3112 30.4139911223564
3112 30.4139911223564
3112 38.5448651141772
3112 0
3112 50.7417040275586
3112 2071.76865320837
3112 0.521541884954384
3112 0.521541884954384
3112 15.248764123743
3112 15.248764123743
3112 1.63845688072584
3112 1.63845688072584
3112 1.63845688072584
3112 2.9822642005857
3112 2.9822642005857
3112 2.9822642005857
3112 4.78185636435852
3418 0
3418 26.1666077743236
3418 26.1666077743236
3418 26.1666077743236
3418 26.1666077743236
3418 0
3418 4.75569168165923
3418 4.75569168165923
3418 0
3418 0
3418 0
3418 0
3418 9.42409572995722
3418 16.6544008467185
3418 16.6544008467185
3418 16.6544008467185
3418 14.2220150620247
3418 2.45851388706325
3418 7.25709911120391
3418 9.57187241173387
3418 0
3418 14.637251177188
3418 0
3418 0
3418 2.96949121844594
3418 2.96949121844594
3418 0
3418 30.4139911223564
3418 30.4139911223564
3418 30.4139911223564
3418 38.5448651141772
3418 0
3418 50.7417040275586
3418 2071.76865320837
3418 0.521541884954384
3418 0.521541884954384
3418 15.248764123743
3418 15.248764123743
3418 1.63845688072584
3418 1.63845688072584
3418 1.63845688072584
3418 2.9822642005857
3418 2.9822642005857
3418 2.9822642005857
3418 4.78185636435852
3749 0
3749 26.1666077743236
3749 26.1666077743236
3749 26.1666077743236
3749 26.1666077743236
3749 0
3749 4.75569168165923
3749 4.75569168165923
3749 0
3749 0
3749 0
3749 0
3749 9.42409572995722
3749 16.6544008467185
3749 16.6544008467185
3749 16.6544008467185
3749 14.2220150620247
3749 2.45851388706325
3749 7.25709911120391
3749 9.57187241173387
3749 0
3749 14.637251177188
3749 0
3749 0
3749 2.96949121844594
3749 2.96949121844594
3749 0
3749 30.4139911223564
3749 30.4139911223564
3749 30.4139911223564
3749 38.5448651141772
3749 0
3749 50.7417040275586
3749 2071.76865320837
3749 0.521541884954384
3749 0.521541884954384
3749 15.248764123743
3749 15.248764123743
3749 1.63845688072584
3749 1.63845688072584
3749 1.63845688072584
3749 2.9822642005857
3749 2.9822642005857
3749 2.9822642005857
3749 4.78185636435852
3750 0
3750 26.1666077743236
3750 26.1666077743236
3750 26.1666077743236
3750 26.1666077743236
3750 0
3750 4.75569168165923
3750 4.75569168165923
3750 0
3750 0
3750 0
3750 0
3750 9.42409572995722
3750 16.6544008467185
3750 16.6544008467185
3750 16.6544008467185
3750 14.2220150620247
3750 2.45851388706325
3750 7.25709911120391
3750 9.57187241173387
3750 0
3750 14.637251177188
3750 0
3750 0
3750 2.96949121844594
3750 2.96949121844594
3750 0
3750 30.4139911223564
3750 30.4139911223564
3750 30.4139911223564
3750 38.5448651141772
3750 0
3750 50.7417040275586
3750 2071.76865320837
3750 0.521541884954384
3750 0.521541884954384
3750 15.248764123743
3750 15.248764123743
3750 1.63845688072584
3750 1.63845688072584
3750 1.63845688072584
3750 2.9822642005857
3750 2.9822642005857
3750 2.9822642005857
3750 4.78185636435852
3838 0
3838 26.1666077743236
3838 26.1666077743236
3838 26.1666077743236
3838 26.1666077743236
3838 0
3838 4.75569168165923
3838 4.75569168165923
3838 0
3838 0
3838 0
3838 0
3838 9.42409572995722
3838 16.6544008467185
3838 16.6544008467185
3838 16.6544008467185
3838 14.2220150620247
3838 2.45851388706325
3838 7.25709911120391
3838 9.57187241173387
3838 0
3838 14.637251177188
3838 0
3838 0
3838 2.96949121844594
3838 2.96949121844594
3838 0
3838 30.4139911223564
3838 30.4139911223564
3838 30.4139911223564
3838 38.5448651141772
3838 0
3838 50.7417040275586
3838 2071.76865320837
3838 0.521541884954384
3838 0.521541884954384
3838 15.248764123743
3838 15.248764123743
3838 1.63845688072584
3838 1.63845688072584
3838 1.63845688072584
3838 2.9822642005857
3838 2.9822642005857
3838 2.9822642005857
3838 4.78185636435852
3841 0
3841 26.1666077743236
3841 26.1666077743236
3841 26.1666077743236
3841 26.1666077743236
3841 0
3841 4.75569168165923
3841 4.75569168165923
3841 0
3841 0
3841 0
3841 0
3841 9.42409572995722
3841 16.6544008467185
3841 16.6544008467185
3841 16.6544008467185
3841 14.2220150620247
3841 2.45851388706325
3841 7.25709911120391
3841 9.57187241173387
3841 0
3841 14.637251177188
3841 0
3841 0
3841 2.96949121844594
3841 2.96949121844594
3841 0
3841 30.4139911223564
3841 30.4139911223564
3841 30.4139911223564
3841 38.5448651141772
3841 0
3841 50.7417040275586
3841 2071.76865320837
3841 0.521541884954384
3841 0.521541884954384
3841 15.248764123743
3841 15.248764123743
3841 1.63845688072584
3841 1.63845688072584
3841 1.63845688072584
3841 2.9822642005857
3841 2.9822642005857
3841 2.9822642005857
3841 4.78185636435852
3842 0
3842 26.1666077743236
3842 26.1666077743236
3842 26.1666077743236
3842 26.1666077743236
3842 0
3842 4.75569168165923
3842 4.75569168165923
3842 0
3842 0
3842 0
3842 0
3842 9.42409572995722
3842 16.6544008467185
3842 16.6544008467185
3842 16.6544008467185
3842 14.2220150620247
3842 2.45851388706325
3842 7.25709911120391
3842 9.57187241173387
3842 0
3842 14.637251177188
3842 0
3842 0
3842 2.96949121844594
3842 2.96949121844594
3842 0
3842 30.4139911223564
3842 30.4139911223564
3842 30.4139911223564
3842 38.5448651141772
3842 0
3842 50.7417040275586
3842 2071.76865320837
3842 0.521541884954384
3842 0.521541884954384
3842 15.248764123743
3842 15.248764123743
3842 1.63845688072584
3842 1.63845688072584
3842 1.63845688072584
3842 2.9822642005857
3842 2.9822642005857
3842 2.9822642005857
3842 4.78185636435852
3928 0
3928 26.1666077743236
3928 26.1666077743236
3928 26.1666077743236
3928 26.1666077743236
3928 0
3928 4.75569168165923
3928 4.75569168165923
3928 0
3928 0
3928 0
3928 0
3928 9.42409572995722
3928 16.6544008467185
3928 16.6544008467185
3928 16.6544008467185
3928 14.2220150620247
3928 2.45851388706325
3928 7.25709911120391
3928 9.57187241173387
3928 0
3928 14.637251177188
3928 0
3928 0
3928 2.96949121844594
3928 2.96949121844594
3928 0
3928 30.4139911223564
3928 30.4139911223564
3928 30.4139911223564
3928 38.5448651141772
3928 0
3928 50.7417040275586
3928 2071.76865320837
3928 0.521541884954384
3928 0.521541884954384
3928 15.248764123743
3928 15.248764123743
3928 1.63845688072584
3928 1.63845688072584
3928 1.63845688072584
3928 2.9822642005857
3928 2.9822642005857
3928 2.9822642005857
3928 4.78185636435852
3932 0
3932 26.1666077743236
3932 26.1666077743236
3932 26.1666077743236
3932 26.1666077743236
3932 0
3932 4.75569168165923
3932 4.75569168165923
3932 0
3932 0
3932 0
3932 0
3932 9.42409572995722
3932 16.6544008467185
3932 16.6544008467185
3932 16.6544008467185
3932 14.2220150620247
3932 2.45851388706325
3932 7.25709911120391
3932 9.57187241173387
3932 0
3932 14.637251177188
3932 0
3932 0
3932 2.96949121844594
3932 2.96949121844594
3932 0
3932 30.4139911223564
3932 30.4139911223564
3932 30.4139911223564
3932 38.5448651141772
3932 0
3932 50.7417040275586
3932 2071.76865320837
3932 0.521541884954384
3932 0.521541884954384
3932 15.248764123743
3932 15.248764123743
3932 1.63845688072584
3932 1.63845688072584
3932 1.63845688072584
3932 2.9822642005857
3932 2.9822642005857
3932 2.9822642005857
3932 4.78185636435852
3933 0
3933 26.1666077743236
3933 26.1666077743236
3933 26.1666077743236
3933 26.1666077743236
3933 0
3933 4.75569168165923
3933 4.75569168165923
3933 0
3933 0
3933 0
3933 0
3933 9.42409572995722
3933 16.6544008467185
3933 16.6544008467185
3933 16.6544008467185
3933 14.2220150620247
3933 2.45851388706325
3933 7.25709911120391
3933 9.57187241173387
3933 0
3933 14.637251177188
3933 0
3933 0
3933 2.96949121844594
3933 2.96949121844594
3933 0
3933 30.4139911223564
3933 30.4139911223564
3933 30.4139911223564
3933 38.5448651141772
3933 0
3933 50.7417040275586
3933 2071.76865320837
3933 0.521541884954384
3933 0.521541884954384
3933 15.248764123743
3933 15.248764123743
3933 1.63845688072584
3933 1.63845688072584
3933 1.63845688072584
3933 2.9822642005857
3933 2.9822642005857
3933 2.9822642005857
3933 4.78185636435852
10465 0
10465 26.1666077743236
10465 26.1666077743236
10465 26.1666077743236
10465 26.1666077743236
10465 0
10465 4.75569168165923
10465 4.75569168165923
10465 0
10465 0
10465 0
10465 0
10465 9.42409572995722
10465 16.6544008467185
10465 16.6544008467185
10465 16.6544008467185
10465 14.2220150620247
10465 2.45851388706325
10465 7.25709911120391
10465 9.57187241173387
10465 0
10465 14.637251177188
10465 0
10465 0
10465 2.96949121844594
10465 2.96949121844594
10465 0
10465 30.4139911223564
10465 30.4139911223564
10465 30.4139911223564
10465 38.5448651141772
10465 0
10465 50.7417040275586
10465 2071.76865320837
10465 0.521541884954384
10465 0.521541884954384
10465 15.248764123743
10465 15.248764123743
10465 1.63845688072584
10465 1.63845688072584
10465 1.63845688072584
10465 2.9822642005857
10465 2.9822642005857
10465 2.9822642005857
10465 4.78185636435852
4019 0
4019 26.1666077743236
4019 26.1666077743236
4019 26.1666077743236
4019 26.1666077743236
4019 0
4019 4.75569168165923
4019 4.75569168165923
4019 0
4019 0
4019 0
4019 0
4019 9.42409572995722
4019 16.6544008467185
4019 16.6544008467185
4019 16.6544008467185
4019 14.2220150620247
4019 2.45851388706325
4019 7.25709911120391
4019 9.57187241173387
4019 0
4019 14.637251177188
4019 0
4019 0
4019 2.96949121844594
4019 2.96949121844594
4019 0
4019 30.4139911223564
4019 30.4139911223564
4019 30.4139911223564
4019 38.5448651141772
4019 0
4019 50.7417040275586
4019 2071.76865320837
4019 0.521541884954384
4019 0.521541884954384
4019 15.248764123743
4019 15.248764123743
4019 1.63845688072584
4019 1.63845688072584
4019 1.63845688072584
4019 2.9822642005857
4019 2.9822642005857
4019 2.9822642005857
4019 4.78185636435852
4368 0
4368 26.1666077743236
4368 26.1666077743236
4368 26.1666077743236
4368 26.1666077743236
4368 0
4368 4.75569168165923
4368 4.75569168165923
4368 0
4368 0
4368 0
4368 0
4368 9.42409572995722
4368 16.6544008467185
4368 16.6544008467185
4368 16.6544008467185
4368 14.2220150620247
4368 2.45851388706325
4368 7.25709911120391
4368 9.57187241173387
4368 0
4368 14.637251177188
4368 0
4368 0
4368 2.96949121844594
4368 2.96949121844594
4368 0
4368 30.4139911223564
4368 30.4139911223564
4368 30.4139911223564
4368 38.5448651141772
4368 0
4368 50.7417040275586
4368 2071.76865320837
4368 0.521541884954384
4368 0.521541884954384
4368 15.248764123743
4368 15.248764123743
4368 1.63845688072584
4368 1.63845688072584
4368 1.63845688072584
4368 2.9822642005857
4368 2.9822642005857
4368 2.9822642005857
4368 4.78185636435852
4387 0
4387 26.1666077743236
4387 26.1666077743236
4387 26.1666077743236
4387 26.1666077743236
4387 0
4387 4.75569168165923
4387 4.75569168165923
4387 0
4387 0
4387 0
4387 0
4387 9.42409572995722
4387 16.6544008467185
4387 16.6544008467185
4387 16.6544008467185
4387 14.2220150620247
4387 2.45851388706325
4387 7.25709911120391
4387 9.57187241173387
4387 0
4387 14.637251177188
4387 0
4387 0
4387 2.96949121844594
4387 2.96949121844594
4387 0
4387 30.4139911223564
4387 30.4139911223564
4387 30.4139911223564
4387 38.5448651141772
4387 0
4387 50.7417040275586
4387 2071.76865320837
4387 0.521541884954384
4387 0.521541884954384
4387 15.248764123743
4387 15.248764123743
4387 1.63845688072584
4387 1.63845688072584
4387 1.63845688072584
4387 2.9822642005857
4387 2.9822642005857
4387 2.9822642005857
4387 4.78185636435852
4392 0
4392 26.1666077743236
4392 26.1666077743236
4392 26.1666077743236
4392 26.1666077743236
4392 0
4392 4.75569168165923
4392 4.75569168165923
4392 0
4392 0
4392 0
4392 0
4392 9.42409572995722
4392 16.6544008467185
4392 16.6544008467185
4392 16.6544008467185
4392 14.2220150620247
4392 2.45851388706325
4392 7.25709911120391
4392 9.57187241173387
4392 0
4392 14.637251177188
4392 0
4392 0
4392 2.96949121844594
4392 2.96949121844594
4392 0
4392 30.4139911223564
4392 30.4139911223564
4392 30.4139911223564
4392 38.5448651141772
4392 0
4392 50.7417040275586
4392 2071.76865320837
4392 0.521541884954384
4392 0.521541884954384
4392 15.248764123743
4392 15.248764123743
4392 1.63845688072584
4392 1.63845688072584
4392 1.63845688072584
4392 2.9822642005857
4392 2.9822642005857
4392 2.9822642005857
4392 4.78185636435852
4394 0
4394 26.1666077743236
4394 26.1666077743236
4394 26.1666077743236
4394 26.1666077743236
4394 0
4394 4.75569168165923
4394 4.75569168165923
4394 0
4394 0
4394 0
4394 0
4394 9.42409572995722
4394 16.6544008467185
4394 16.6544008467185
4394 16.6544008467185
4394 14.2220150620247
4394 2.45851388706325
4394 7.25709911120391
4394 9.57187241173387
4394 0
4394 14.637251177188
4394 0
4394 0
4394 2.96949121844594
4394 2.96949121844594
4394 0
4394 30.4139911223564
4394 30.4139911223564
4394 30.4139911223564
4394 38.5448651141772
4394 0
4394 50.7417040275586
4394 2071.76865320837
4394 0.521541884954384
4394 0.521541884954384
4394 15.248764123743
4394 15.248764123743
4394 1.63845688072584
4394 1.63845688072584
4394 1.63845688072584
4394 2.9822642005857
4394 2.9822642005857
4394 2.9822642005857
4394 4.78185636435852
4667 0
4667 26.1666077743236
4667 26.1666077743236
4667 26.1666077743236
4667 26.1666077743236
4667 0
4667 4.75569168165923
4667 4.75569168165923
4667 0
4667 0
4667 0
4667 0
4667 9.42409572995722
4667 16.6544008467185
4667 16.6544008467185
4667 16.6544008467185
4667 14.2220150620247
4667 2.45851388706325
4667 7.25709911120391
4667 9.57187241173387
4667 0
4667 14.637251177188
4667 0
4667 0
4667 2.96949121844594
4667 2.96949121844594
4667 0
4667 30.4139911223564
4667 30.4139911223564
4667 30.4139911223564
4667 38.5448651141772
4667 0
4667 50.7417040275586
4667 2071.76865320837
4667 0.521541884954384
4667 0.521541884954384
4667 15.248764123743
4667 15.248764123743
4667 1.63845688072584
4667 1.63845688072584
4667 1.63845688072584
4667 2.9822642005857
4667 2.9822642005857
4667 2.9822642005857
4667 4.78185636435852
4828 0
4828 26.1666077743236
4828 26.1666077743236
4828 26.1666077743236
4828 26.1666077743236
4828 0
4828 4.75569168165923
4828 4.75569168165923
4828 0
4828 0
4828 0
4828 0
4828 9.42409572995722
4828 16.6544008467185
4828 16.6544008467185
4828 16.6544008467185
4828 14.2220150620247
4828 2.45851388706325
4828 7.25709911120391
4828 9.57187241173387
4828 0
4828 14.637251177188
4828 0
4828 0
4828 2.96949121844594
4828 2.96949121844594
4828 0
4828 30.4139911223564
4828 30.4139911223564
4828 30.4139911223564
4828 38.5448651141772
4828 0
4828 50.7417040275586
4828 2071.76865320837
4828 0.521541884954384
4828 0.521541884954384
4828 15.248764123743
4828 15.248764123743
4828 1.63845688072584
4828 1.63845688072584
4828 1.63845688072584
4828 2.9822642005857
4828 2.9822642005857
4828 2.9822642005857
4828 4.78185636435852
4838 0
4838 26.1666077743236
4838 26.1666077743236
4838 26.1666077743236
4838 26.1666077743236
4838 0
4838 4.75569168165923
4838 4.75569168165923
4838 0
4838 0
4838 0
4838 0
4838 9.42409572995722
4838 16.6544008467185
4838 16.6544008467185
4838 16.6544008467185
4838 14.2220150620247
4838 2.45851388706325
4838 7.25709911120391
4838 9.57187241173387
4838 0
4838 14.637251177188
4838 0
4838 0
4838 2.96949121844594
4838 2.96949121844594
4838 0
4838 30.4139911223564
4838 30.4139911223564
4838 30.4139911223564
4838 38.5448651141772
4838 0
4838 50.7417040275586
4838 2071.76865320837
4838 0.521541884954384
4838 0.521541884954384
4838 15.248764123743
4838 15.248764123743
4838 1.63845688072584
4838 1.63845688072584
4838 1.63845688072584
4838 2.9822642005857
4838 2.9822642005857
4838 2.9822642005857
4838 4.78185636435852
5104 0
5104 26.1666077743236
5104 26.1666077743236
5104 26.1666077743236
5104 26.1666077743236
5104 0
5104 4.75569168165923
5104 4.75569168165923
5104 0
5104 0
5104 0
5104 0
5104 9.42409572995722
5104 16.6544008467185
5104 16.6544008467185
5104 16.6544008467185
5104 14.2220150620247
5104 2.45851388706325
5104 7.25709911120391
5104 9.57187241173387
5104 0
5104 14.637251177188
5104 0
5104 0
5104 2.96949121844594
5104 2.96949121844594
5104 0
5104 30.4139911223564
5104 30.4139911223564
5104 30.4139911223564
5104 38.5448651141772
5104 0
5104 50.7417040275586
5104 2071.76865320837
5104 0.521541884954384
5104 0.521541884954384
5104 15.248764123743
5104 15.248764123743
5104 1.63845688072584
5104 1.63845688072584
5104 1.63845688072584
5104 2.9822642005857
5104 2.9822642005857
5104 2.9822642005857
5104 4.78185636435852
5288 0
5288 26.1666077743236
5288 26.1666077743236
5288 26.1666077743236
5288 26.1666077743236
5288 0
5288 4.75569168165923
5288 4.75569168165923
5288 0
5288 0
5288 0
5288 0
5288 9.42409572995722
5288 16.6544008467185
5288 16.6544008467185
5288 16.6544008467185
5288 14.2220150620247
5288 2.45851388706325
5288 7.25709911120391
5288 9.57187241173387
5288 0
5288 14.637251177188
5288 0
5288 0
5288 2.96949121844594
5288 2.96949121844594
5288 0
5288 30.4139911223564
5288 30.4139911223564
5288 30.4139911223564
5288 38.5448651141772
5288 0
5288 50.7417040275586
5288 2071.76865320837
5288 0.521541884954384
5288 0.521541884954384
5288 15.248764123743
5288 15.248764123743
5288 1.63845688072584
5288 1.63845688072584
5288 1.63845688072584
5288 2.9822642005857
5288 2.9822642005857
5288 2.9822642005857
5288 4.78185636435852
5370 0
5370 26.1666077743236
5370 26.1666077743236
5370 26.1666077743236
5370 26.1666077743236
5370 0
5370 4.75569168165923
5370 4.75569168165923
5370 0
5370 0
5370 0
5370 0
5370 9.42409572995722
5370 16.6544008467185
5370 16.6544008467185
5370 16.6544008467185
5370 14.2220150620247
5370 2.45851388706325
5370 7.25709911120391
5370 9.57187241173387
5370 0
5370 14.637251177188
5370 0
5370 0
5370 2.96949121844594
5370 2.96949121844594
5370 0
5370 30.4139911223564
5370 30.4139911223564
5370 30.4139911223564
5370 38.5448651141772
5370 0
5370 50.7417040275586
5370 2071.76865320837
5370 0.521541884954384
5370 0.521541884954384
5370 15.248764123743
5370 15.248764123743
5370 1.63845688072584
5370 1.63845688072584
5370 1.63845688072584
5370 2.9822642005857
5370 2.9822642005857
5370 2.9822642005857
5370 4.78185636435852
5455 0
5455 26.1666077743236
5455 26.1666077743236
5455 26.1666077743236
5455 26.1666077743236
5455 0
5455 4.75569168165923
5455 4.75569168165923
5455 0
5455 0
5455 0
5455 0
5455 9.42409572995722
5455 16.6544008467185
5455 16.6544008467185
5455 16.6544008467185
5455 14.2220150620247
5455 2.45851388706325
5455 7.25709911120391
5455 9.57187241173387
5455 0
5455 14.637251177188
5455 0
5455 0
5455 2.96949121844594
5455 2.96949121844594
5455 0
5455 30.4139911223564
5455 30.4139911223564
5455 30.4139911223564
5455 38.5448651141772
5455 0
5455 50.7417040275586
5455 2071.76865320837
5455 0.521541884954384
5455 0.521541884954384
5455 15.248764123743
5455 15.248764123743
5455 1.63845688072584
5455 1.63845688072584
5455 1.63845688072584
5455 2.9822642005857
5455 2.9822642005857
5455 2.9822642005857
5455 4.78185636435852
5715 0
5715 26.1666077743236
5715 26.1666077743236
5715 26.1666077743236
5715 26.1666077743236
5715 0
5715 4.75569168165923
5715 4.75569168165923
5715 0
5715 0
5715 0
5715 0
5715 9.42409572995722
5715 16.6544008467185
5715 16.6544008467185
5715 16.6544008467185
5715 14.2220150620247
5715 2.45851388706325
5715 7.25709911120391
5715 9.57187241173387
5715 0
5715 14.637251177188
5715 0
5715 0
5715 2.96949121844594
5715 2.96949121844594
5715 0
5715 30.4139911223564
5715 30.4139911223564
5715 30.4139911223564
5715 38.5448651141772
5715 0
5715 50.7417040275586
5715 2071.76865320837
5715 0.521541884954384
5715 0.521541884954384
5715 15.248764123743
5715 15.248764123743
5715 1.63845688072584
5715 1.63845688072584
5715 1.63845688072584
5715 2.9822642005857
5715 2.9822642005857
5715 2.9822642005857
5715 4.78185636435852
5716 0
5716 26.1666077743236
5716 26.1666077743236
5716 26.1666077743236
5716 26.1666077743236
5716 0
5716 4.75569168165923
5716 4.75569168165923
5716 0
5716 0
5716 0
5716 0
5716 9.42409572995722
5716 16.6544008467185
5716 16.6544008467185
5716 16.6544008467185
5716 14.2220150620247
5716 2.45851388706325
5716 7.25709911120391
5716 9.57187241173387
5716 0
5716 14.637251177188
5716 0
5716 0
5716 2.96949121844594
5716 2.96949121844594
5716 0
5716 30.4139911223564
5716 30.4139911223564
5716 30.4139911223564
5716 38.5448651141772
5716 0
5716 50.7417040275586
5716 2071.76865320837
5716 0.521541884954384
5716 0.521541884954384
5716 15.248764123743
5716 15.248764123743
5716 1.63845688072584
5716 1.63845688072584
5716 1.63845688072584
5716 2.9822642005857
5716 2.9822642005857
5716 2.9822642005857
5716 4.78185636435852
10424 0
10424 26.1666077743236
10424 26.1666077743236
10424 26.1666077743236
10424 26.1666077743236
10424 0
10424 4.75569168165923
10424 4.75569168165923
10424 0
10424 0
10424 0
10424 0
10424 9.42409572995722
10424 16.6544008467185
10424 16.6544008467185
10424 16.6544008467185
10424 14.2220150620247
10424 2.45851388706325
10424 7.25709911120391
10424 9.57187241173387
10424 0
10424 14.637251177188
10424 0
10424 0
10424 2.96949121844594
10424 2.96949121844594
10424 0
10424 30.4139911223564
10424 30.4139911223564
10424 30.4139911223564
10424 38.5448651141772
10424 0
10424 50.7417040275586
10424 2071.76865320837
10424 0.521541884954384
10424 0.521541884954384
10424 15.248764123743
10424 15.248764123743
10424 1.63845688072584
10424 1.63845688072584
10424 1.63845688072584
10424 2.9822642005857
10424 2.9822642005857
10424 2.9822642005857
10424 4.78185636435852
10166 0
10166 26.1666077743236
10166 26.1666077743236
10166 26.1666077743236
10166 26.1666077743236
10166 0
10166 4.75569168165923
10166 4.75569168165923
10166 0
10166 0
10166 0
10166 0
10166 9.42409572995722
10166 16.6544008467185
10166 16.6544008467185
10166 16.6544008467185
10166 14.2220150620247
10166 2.45851388706325
10166 7.25709911120391
10166 9.57187241173387
10166 0
10166 14.637251177188
10166 0
10166 0
10166 2.96949121844594
10166 2.96949121844594
10166 0
10166 30.4139911223564
10166 30.4139911223564
10166 30.4139911223564
10166 38.5448651141772
10166 0
10166 50.7417040275586
10166 2071.76865320837
10166 0.521541884954384
10166 0.521541884954384
10166 15.248764123743
10166 15.248764123743
10166 1.63845688072584
10166 1.63845688072584
10166 1.63845688072584
10166 2.9822642005857
10166 2.9822642005857
10166 2.9822642005857
10166 4.78185636435852
10452 0
10452 26.1666077743236
10452 26.1666077743236
10452 26.1666077743236
10452 26.1666077743236
10452 0
10452 4.75569168165923
10452 4.75569168165923
10452 0
10452 0
10452 0
10452 0
10452 9.42409572995722
10452 16.6544008467185
10452 16.6544008467185
10452 16.6544008467185
10452 14.2220150620247
10452 2.45851388706325
10452 7.25709911120391
10452 9.57187241173387
10452 0
10452 14.637251177188
10452 0
10452 0
10452 2.96949121844594
10452 2.96949121844594
10452 0
10452 30.4139911223564
10452 30.4139911223564
10452 30.4139911223564
10452 38.5448651141772
10452 0
10452 50.7417040275586
10452 2071.76865320837
10452 0.521541884954384
10452 0.521541884954384
10452 15.248764123743
10452 15.248764123743
10452 1.63845688072584
10452 1.63845688072584
10452 1.63845688072584
10452 2.9822642005857
10452 2.9822642005857
10452 2.9822642005857
10452 4.78185636435852
5807 0
5807 26.1666077743236
5807 26.1666077743236
5807 26.1666077743236
5807 26.1666077743236
5807 0
5807 4.75569168165923
5807 4.75569168165923
5807 0
5807 0
5807 0
5807 0
5807 9.42409572995722
5807 16.6544008467185
5807 16.6544008467185
5807 16.6544008467185
5807 14.2220150620247
5807 2.45851388706325
5807 7.25709911120391
5807 9.57187241173387
5807 0
5807 14.637251177188
5807 0
5807 0
5807 2.96949121844594
5807 2.96949121844594
5807 0
5807 30.4139911223564
5807 30.4139911223564
5807 30.4139911223564
5807 38.5448651141772
5807 0
5807 50.7417040275586
5807 2071.76865320837
5807 0.521541884954384
5807 0.521541884954384
5807 15.248764123743
5807 15.248764123743
5807 1.63845688072584
5807 1.63845688072584
5807 1.63845688072584
5807 2.9822642005857
5807 2.9822642005857
5807 2.9822642005857
5807 4.78185636435852
5894 0
5894 26.1666077743236
5894 26.1666077743236
5894 26.1666077743236
5894 26.1666077743236
5894 0
5894 4.75569168165923
5894 4.75569168165923
5894 0
5894 0
5894 0
5894 0
5894 9.42409572995722
5894 16.6544008467185
5894 16.6544008467185
5894 16.6544008467185
5894 14.2220150620247
5894 2.45851388706325
5894 7.25709911120391
5894 9.57187241173387
5894 0
5894 14.637251177188
5894 0
5894 0
5894 2.96949121844594
5894 2.96949121844594
5894 0
5894 30.4139911223564
5894 30.4139911223564
5894 30.4139911223564
5894 38.5448651141772
5894 0
5894 50.7417040275586
5894 2071.76865320837
5894 0.521541884954384
5894 0.521541884954384
5894 15.248764123743
5894 15.248764123743
5894 1.63845688072584
5894 1.63845688072584
5894 1.63845688072584
5894 2.9822642005857
5894 2.9822642005857
5894 2.9822642005857
5894 4.78185636435852
5808 0
5808 26.1666077743236
5808 26.1666077743236
5808 26.1666077743236
5808 26.1666077743236
5808 0
5808 4.75569168165923
5808 4.75569168165923
5808 0
5808 0
5808 0
5808 0
5808 9.42409572995722
5808 16.6544008467185
5808 16.6544008467185
5808 16.6544008467185
5808 14.2220150620247
5808 2.45851388706325
5808 7.25709911120391
5808 9.57187241173387
5808 0
5808 14.637251177188
5808 0
5808 0
5808 2.96949121844594
5808 2.96949121844594
5808 0
5808 30.4139911223564
5808 30.4139911223564
5808 30.4139911223564
5808 38.5448651141772
5808 0
5808 50.7417040275586
5808 2071.76865320837
5808 0.521541884954384
5808 0.521541884954384
5808 15.248764123743
5808 15.248764123743
5808 1.63845688072584
5808 1.63845688072584
5808 1.63845688072584
5808 2.9822642005857
5808 2.9822642005857
5808 2.9822642005857
5808 4.78185636435852
5810 0
5810 26.1666077743236
5810 26.1666077743236
5810 26.1666077743236
5810 26.1666077743236
5810 0
5810 4.75569168165923
5810 4.75569168165923
5810 0
5810 0
5810 0
5810 0
5810 9.42409572995722
5810 16.6544008467185
5810 16.6544008467185
5810 16.6544008467185
5810 14.2220150620247
5810 2.45851388706325
5810 7.25709911120391
5810 9.57187241173387
5810 0
5810 14.637251177188
5810 0
5810 0
5810 2.96949121844594
5810 2.96949121844594
5810 0
5810 30.4139911223564
5810 30.4139911223564
5810 30.4139911223564
5810 38.5448651141772
5810 0
5810 50.7417040275586
5810 2071.76865320837
5810 0.521541884954384
5810 0.521541884954384
5810 15.248764123743
5810 15.248764123743
5810 1.63845688072584
5810 1.63845688072584
5810 1.63845688072584
5810 2.9822642005857
5810 2.9822642005857
5810 2.9822642005857
5810 4.78185636435852
5993 0
5993 26.1666077743236
5993 26.1666077743236
5993 26.1666077743236
5993 26.1666077743236
5993 0
5993 4.75569168165923
5993 4.75569168165923
5993 0
5993 0
5993 0
5993 0
5993 9.42409572995722
5993 16.6544008467185
5993 16.6544008467185
5993 16.6544008467185
5993 14.2220150620247
5993 2.45851388706325
5993 7.25709911120391
5993 9.57187241173387
5993 0
5993 14.637251177188
5993 0
5993 0
5993 2.96949121844594
5993 2.96949121844594
5993 0
5993 30.4139911223564
5993 30.4139911223564
5993 30.4139911223564
5993 38.5448651141772
5993 0
5993 50.7417040275586
5993 2071.76865320837
5993 0.521541884954384
5993 0.521541884954384
5993 15.248764123743
5993 15.248764123743
5993 1.63845688072584
5993 1.63845688072584
5993 1.63845688072584
5993 2.9822642005857
5993 2.9822642005857
5993 2.9822642005857
5993 4.78185636435852
5815 0
5815 26.1666077743236
5815 26.1666077743236
5815 26.1666077743236
5815 26.1666077743236
5815 0
5815 4.75569168165923
5815 4.75569168165923
5815 0
5815 0
5815 0
5815 0
5815 9.42409572995722
5815 16.6544008467185
5815 16.6544008467185
5815 16.6544008467185
5815 14.2220150620247
5815 2.45851388706325
5815 7.25709911120391
5815 9.57187241173387
5815 0
5815 14.637251177188
5815 0
5815 0
5815 2.96949121844594
5815 2.96949121844594
5815 0
5815 30.4139911223564
5815 30.4139911223564
5815 30.4139911223564
5815 38.5448651141772
5815 0
5815 50.7417040275586
5815 2071.76865320837
5815 0.521541884954384
5815 0.521541884954384
5815 15.248764123743
5815 15.248764123743
5815 1.63845688072584
5815 1.63845688072584
5815 1.63845688072584
5815 2.9822642005857
5815 2.9822642005857
5815 2.9822642005857
5815 4.78185636435852
5996 0
5996 26.1666077743236
5996 26.1666077743236
5996 26.1666077743236
5996 26.1666077743236
5996 0
5996 4.75569168165923
5996 4.75569168165923
5996 0
5996 0
5996 0
5996 0
5996 9.42409572995722
5996 16.6544008467185
5996 16.6544008467185
5996 16.6544008467185
5996 14.2220150620247
5996 2.45851388706325
5996 7.25709911120391
5996 9.57187241173387
5996 0
5996 14.637251177188
5996 0
5996 0
5996 2.96949121844594
5996 2.96949121844594
5996 0
5996 30.4139911223564
5996 30.4139911223564
5996 30.4139911223564
5996 38.5448651141772
5996 0
5996 50.7417040275586
5996 2071.76865320837
5996 0.521541884954384
5996 0.521541884954384
5996 15.248764123743
5996 15.248764123743
5996 1.63845688072584
5996 1.63845688072584
5996 1.63845688072584
5996 2.9822642005857
5996 2.9822642005857
5996 2.9822642005857
5996 4.78185636435852
5998 0
5998 26.1666077743236
5998 26.1666077743236
5998 26.1666077743236
5998 26.1666077743236
5998 0
5998 4.75569168165923
5998 4.75569168165923
5998 0
5998 0
5998 0
5998 0
5998 9.42409572995722
5998 16.6544008467185
5998 16.6544008467185
5998 16.6544008467185
5998 14.2220150620247
5998 2.45851388706325
5998 7.25709911120391
5998 9.57187241173387
5998 0
5998 14.637251177188
5998 0
5998 0
5998 2.96949121844594
5998 2.96949121844594
5998 0
5998 30.4139911223564
5998 30.4139911223564
5998 30.4139911223564
5998 38.5448651141772
5998 0
5998 50.7417040275586
5998 2071.76865320837
5998 0.521541884954384
5998 0.521541884954384
5998 15.248764123743
5998 15.248764123743
5998 1.63845688072584
5998 1.63845688072584
5998 1.63845688072584
5998 2.9822642005857
5998 2.9822642005857
5998 2.9822642005857
5998 4.78185636435852
5905 0
5905 26.1666077743236
5905 26.1666077743236
5905 26.1666077743236
5905 26.1666077743236
5905 0
5905 4.75569168165923
5905 4.75569168165923
5905 0
5905 0
5905 0
5905 0
5905 9.42409572995722
5905 16.6544008467185
5905 16.6544008467185
5905 16.6544008467185
5905 14.2220150620247
5905 2.45851388706325
5905 7.25709911120391
5905 9.57187241173387
5905 0
5905 14.637251177188
5905 0
5905 0
5905 2.96949121844594
5905 2.96949121844594
5905 0
5905 30.4139911223564
5905 30.4139911223564
5905 30.4139911223564
5905 38.5448651141772
5905 0
5905 50.7417040275586
5905 2071.76865320837
5905 0.521541884954384
5905 0.521541884954384
5905 15.248764123743
5905 15.248764123743
5905 1.63845688072584
5905 1.63845688072584
5905 1.63845688072584
5905 2.9822642005857
5905 2.9822642005857
5905 2.9822642005857
5905 4.78185636435852
5911 0
5911 26.1666077743236
5911 26.1666077743236
5911 26.1666077743236
5911 26.1666077743236
5911 0
5911 4.75569168165923
5911 4.75569168165923
5911 0
5911 0
5911 0
5911 0
5911 9.42409572995722
5911 16.6544008467185
5911 16.6544008467185
5911 16.6544008467185
5911 14.2220150620247
5911 2.45851388706325
5911 7.25709911120391
5911 9.57187241173387
5911 0
5911 14.637251177188
5911 0
5911 0
5911 2.96949121844594
5911 2.96949121844594
5911 0
5911 30.4139911223564
5911 30.4139911223564
5911 30.4139911223564
5911 38.5448651141772
5911 0
5911 50.7417040275586
5911 2071.76865320837
5911 0.521541884954384
5911 0.521541884954384
5911 15.248764123743
5911 15.248764123743
5911 1.63845688072584
5911 1.63845688072584
5911 1.63845688072584
5911 2.9822642005857
5911 2.9822642005857
5911 2.9822642005857
5911 4.78185636435852
6097 0
6097 26.1666077743236
6097 26.1666077743236
6097 26.1666077743236
6097 26.1666077743236
6097 0
6097 4.75569168165923
6097 4.75569168165923
6097 0
6097 0
6097 0
6097 0
6097 9.42409572995722
6097 16.6544008467185
6097 16.6544008467185
6097 16.6544008467185
6097 14.2220150620247
6097 2.45851388706325
6097 7.25709911120391
6097 9.57187241173387
6097 0
6097 14.637251177188
6097 0
6097 0
6097 2.96949121844594
6097 2.96949121844594
6097 0
6097 30.4139911223564
6097 30.4139911223564
6097 30.4139911223564
6097 38.5448651141772
6097 0
6097 50.7417040275586
6097 2071.76865320837
6097 0.521541884954384
6097 0.521541884954384
6097 15.248764123743
6097 15.248764123743
6097 1.63845688072584
6097 1.63845688072584
6097 1.63845688072584
6097 2.9822642005857
6097 2.9822642005857
6097 2.9822642005857
6097 4.78185636435852
6098 0
6098 26.1666077743236
6098 26.1666077743236
6098 26.1666077743236
6098 26.1666077743236
6098 0
6098 4.75569168165923
6098 4.75569168165923
6098 0
6098 0
6098 0
6098 0
6098 9.42409572995722
6098 16.6544008467185
6098 16.6544008467185
6098 16.6544008467185
6098 14.2220150620247
6098 2.45851388706325
6098 7.25709911120391
6098 9.57187241173387
6098 0
6098 14.637251177188
6098 0
6098 0
6098 2.96949121844594
6098 2.96949121844594
6098 0
6098 30.4139911223564
6098 30.4139911223564
6098 30.4139911223564
6098 38.5448651141772
6098 0
6098 50.7417040275586
6098 2071.76865320837
6098 0.521541884954384
6098 0.521541884954384
6098 15.248764123743
6098 15.248764123743
6098 1.63845688072584
6098 1.63845688072584
6098 1.63845688072584
6098 2.9822642005857
6098 2.9822642005857
6098 2.9822642005857
6098 4.78185636435852
6099 0
6099 26.1666077743236
6099 26.1666077743236
6099 26.1666077743236
6099 26.1666077743236
6099 0
6099 4.75569168165923
6099 4.75569168165923
6099 0
6099 0
6099 0
6099 0
6099 9.42409572995722
6099 16.6544008467185
6099 16.6544008467185
6099 16.6544008467185
6099 14.2220150620247
6099 2.45851388706325
6099 7.25709911120391
6099 9.57187241173387
6099 0
6099 14.637251177188
6099 0
6099 0
6099 2.96949121844594
6099 2.96949121844594
6099 0
6099 30.4139911223564
6099 30.4139911223564
6099 30.4139911223564
6099 38.5448651141772
6099 0
6099 50.7417040275586
6099 2071.76865320837
6099 0.521541884954384
6099 0.521541884954384
6099 15.248764123743
6099 15.248764123743
6099 1.63845688072584
6099 1.63845688072584
6099 1.63845688072584
6099 2.9822642005857
6099 2.9822642005857
6099 2.9822642005857
6099 4.78185636435852
6100 0
6100 26.1666077743236
6100 26.1666077743236
6100 26.1666077743236
6100 26.1666077743236
6100 0
6100 4.75569168165923
6100 4.75569168165923
6100 0
6100 0
6100 0
6100 0
6100 9.42409572995722
6100 16.6544008467185
6100 16.6544008467185
6100 16.6544008467185
6100 14.2220150620247
6100 2.45851388706325
6100 7.25709911120391
6100 9.57187241173387
6100 0
6100 14.637251177188
6100 0
6100 0
6100 2.96949121844594
6100 2.96949121844594
6100 0
6100 30.4139911223564
6100 30.4139911223564
6100 30.4139911223564
6100 38.5448651141772
6100 0
6100 50.7417040275586
6100 2071.76865320837
6100 0.521541884954384
6100 0.521541884954384
6100 15.248764123743
6100 15.248764123743
6100 1.63845688072584
6100 1.63845688072584
6100 1.63845688072584
6100 2.9822642005857
6100 2.9822642005857
6100 2.9822642005857
6100 4.78185636435852
6010 0
6010 26.1666077743236
6010 26.1666077743236
6010 26.1666077743236
6010 26.1666077743236
6010 0
6010 4.75569168165923
6010 4.75569168165923
6010 0
6010 0
6010 0
6010 0
6010 9.42409572995722
6010 16.6544008467185
6010 16.6544008467185
6010 16.6544008467185
6010 14.2220150620247
6010 2.45851388706325
6010 7.25709911120391
6010 9.57187241173387
6010 0
6010 14.637251177188
6010 0
6010 0
6010 2.96949121844594
6010 2.96949121844594
6010 0
6010 30.4139911223564
6010 30.4139911223564
6010 30.4139911223564
6010 38.5448651141772
6010 0
6010 50.7417040275586
6010 2071.76865320837
6010 0.521541884954384
6010 0.521541884954384
6010 15.248764123743
6010 15.248764123743
6010 1.63845688072584
6010 1.63845688072584
6010 1.63845688072584
6010 2.9822642005857
6010 2.9822642005857
6010 2.9822642005857
6010 4.78185636435852
6193 0
6193 26.1666077743236
6193 26.1666077743236
6193 26.1666077743236
6193 26.1666077743236
6193 0
6193 4.75569168165923
6193 4.75569168165923
6193 0
6193 0
6193 0
6193 0
6193 9.42409572995722
6193 16.6544008467185
6193 16.6544008467185
6193 16.6544008467185
6193 14.2220150620247
6193 2.45851388706325
6193 7.25709911120391
6193 9.57187241173387
6193 0
6193 14.637251177188
6193 0
6193 0
6193 2.96949121844594
6193 2.96949121844594
6193 0
6193 30.4139911223564
6193 30.4139911223564
6193 30.4139911223564
6193 38.5448651141772
6193 0
6193 50.7417040275586
6193 2071.76865320837
6193 0.521541884954384
6193 0.521541884954384
6193 15.248764123743
6193 15.248764123743
6193 1.63845688072584
6193 1.63845688072584
6193 1.63845688072584
6193 2.9822642005857
6193 2.9822642005857
6193 2.9822642005857
6193 4.78185636435852
6011 0
6011 26.1666077743236
6011 26.1666077743236
6011 26.1666077743236
6011 26.1666077743236
6011 0
6011 4.75569168165923
6011 4.75569168165923
6011 0
6011 0
6011 0
6011 0
6011 9.42409572995722
6011 16.6544008467185
6011 16.6544008467185
6011 16.6544008467185
6011 14.2220150620247
6011 2.45851388706325
6011 7.25709911120391
6011 9.57187241173387
6011 0
6011 14.637251177188
6011 0
6011 0
6011 2.96949121844594
6011 2.96949121844594
6011 0
6011 30.4139911223564
6011 30.4139911223564
6011 30.4139911223564
6011 38.5448651141772
6011 0
6011 50.7417040275586
6011 2071.76865320837
6011 0.521541884954384
6011 0.521541884954384
6011 15.248764123743
6011 15.248764123743
6011 1.63845688072584
6011 1.63845688072584
6011 1.63845688072584
6011 2.9822642005857
6011 2.9822642005857
6011 2.9822642005857
6011 4.78185636435852
6195 0
6195 26.1666077743236
6195 26.1666077743236
6195 26.1666077743236
6195 26.1666077743236
6195 0
6195 4.75569168165923
6195 4.75569168165923
6195 0
6195 0
6195 0
6195 0
6195 9.42409572995722
6195 16.6544008467185
6195 16.6544008467185
6195 16.6544008467185
6195 14.2220150620247
6195 2.45851388706325
6195 7.25709911120391
6195 9.57187241173387
6195 0
6195 14.637251177188
6195 0
6195 0
6195 2.96949121844594
6195 2.96949121844594
6195 0
6195 30.4139911223564
6195 30.4139911223564
6195 30.4139911223564
6195 38.5448651141772
6195 0
6195 50.7417040275586
6195 2071.76865320837
6195 0.521541884954384
6195 0.521541884954384
6195 15.248764123743
6195 15.248764123743
6195 1.63845688072584
6195 1.63845688072584
6195 1.63845688072584
6195 2.9822642005857
6195 2.9822642005857
6195 2.9822642005857
6195 4.78185636435852
6196 0
6196 26.1666077743236
6196 26.1666077743236
6196 26.1666077743236
6196 26.1666077743236
6196 0
6196 4.75569168165923
6196 4.75569168165923
6196 0
6196 0
6196 0
6196 0
6196 9.42409572995722
6196 16.6544008467185
6196 16.6544008467185
6196 16.6544008467185
6196 14.2220150620247
6196 2.45851388706325
6196 7.25709911120391
6196 9.57187241173387
6196 0
6196 14.637251177188
6196 0
6196 0
6196 2.96949121844594
6196 2.96949121844594
6196 0
6196 30.4139911223564
6196 30.4139911223564
6196 30.4139911223564
6196 38.5448651141772
6196 0
6196 50.7417040275586
6196 2071.76865320837
6196 0.521541884954384
6196 0.521541884954384
6196 15.248764123743
6196 15.248764123743
6196 1.63845688072584
6196 1.63845688072584
6196 1.63845688072584
6196 2.9822642005857
6196 2.9822642005857
6196 2.9822642005857
6196 4.78185636435852
6197 0
6197 26.1666077743236
6197 26.1666077743236
6197 26.1666077743236
6197 26.1666077743236
6197 0
6197 4.75569168165923
6197 4.75569168165923
6197 0
6197 0
6197 0
6197 0
6197 9.42409572995722
6197 16.6544008467185
6197 16.6544008467185
6197 16.6544008467185
6197 14.2220150620247
6197 2.45851388706325
6197 7.25709911120391
6197 9.57187241173387
6197 0
6197 14.637251177188
6197 0
6197 0
6197 2.96949121844594
6197 2.96949121844594
6197 0
6197 30.4139911223564
6197 30.4139911223564
6197 30.4139911223564
6197 38.5448651141772
6197 0
6197 50.7417040275586
6197 2071.76865320837
6197 0.521541884954384
6197 0.521541884954384
6197 15.248764123743
6197 15.248764123743
6197 1.63845688072584
6197 1.63845688072584
6197 1.63845688072584
6197 2.9822642005857
6197 2.9822642005857
6197 2.9822642005857
6197 4.78185636435852
6288 0
6288 26.1666077743236
6288 26.1666077743236
6288 26.1666077743236
6288 26.1666077743236
6288 0
6288 4.75569168165923
6288 4.75569168165923
6288 0
6288 0
6288 0
6288 0
6288 9.42409572995722
6288 16.6544008467185
6288 16.6544008467185
6288 16.6544008467185
6288 14.2220150620247
6288 2.45851388706325
6288 7.25709911120391
6288 9.57187241173387
6288 0
6288 14.637251177188
6288 0
6288 0
6288 2.96949121844594
6288 2.96949121844594
6288 0
6288 30.4139911223564
6288 30.4139911223564
6288 30.4139911223564
6288 38.5448651141772
6288 0
6288 50.7417040275586
6288 2071.76865320837
6288 0.521541884954384
6288 0.521541884954384
6288 15.248764123743
6288 15.248764123743
6288 1.63845688072584
6288 1.63845688072584
6288 1.63845688072584
6288 2.9822642005857
6288 2.9822642005857
6288 2.9822642005857
6288 4.78185636435852
6212 0
6212 26.1666077743236
6212 26.1666077743236
6212 26.1666077743236
6212 26.1666077743236
6212 0
6212 4.75569168165923
6212 4.75569168165923
6212 0
6212 0
6212 0
6212 0
6212 9.42409572995722
6212 16.6544008467185
6212 16.6544008467185
6212 16.6544008467185
6212 14.2220150620247
6212 2.45851388706325
6212 7.25709911120391
6212 9.57187241173387
6212 0
6212 14.637251177188
6212 0
6212 0
6212 2.96949121844594
6212 2.96949121844594
6212 0
6212 30.4139911223564
6212 30.4139911223564
6212 30.4139911223564
6212 38.5448651141772
6212 0
6212 50.7417040275586
6212 2071.76865320837
6212 0.521541884954384
6212 0.521541884954384
6212 15.248764123743
6212 15.248764123743
6212 1.63845688072584
6212 1.63845688072584
6212 1.63845688072584
6212 2.9822642005857
6212 2.9822642005857
6212 2.9822642005857
6212 4.78185636435852
6299 0
6299 26.1666077743236
6299 26.1666077743236
6299 26.1666077743236
6299 26.1666077743236
6299 0
6299 4.75569168165923
6299 4.75569168165923
6299 0
6299 0
6299 0
6299 0
6299 9.42409572995722
6299 16.6544008467185
6299 16.6544008467185
6299 16.6544008467185
6299 14.2220150620247
6299 2.45851388706325
6299 7.25709911120391
6299 9.57187241173387
6299 0
6299 14.637251177188
6299 0
6299 0
6299 2.96949121844594
6299 2.96949121844594
6299 0
6299 30.4139911223564
6299 30.4139911223564
6299 30.4139911223564
6299 38.5448651141772
6299 0
6299 50.7417040275586
6299 2071.76865320837
6299 0.521541884954384
6299 0.521541884954384
6299 15.248764123743
6299 15.248764123743
6299 1.63845688072584
6299 1.63845688072584
6299 1.63845688072584
6299 2.9822642005857
6299 2.9822642005857
6299 2.9822642005857
6299 4.78185636435852
6562 0
6562 26.1666077743236
6562 26.1666077743236
6562 26.1666077743236
6562 26.1666077743236
6562 0
6562 4.75569168165923
6562 4.75569168165923
6562 0
6562 0
6562 0
6562 0
6562 9.42409572995722
6562 16.6544008467185
6562 16.6544008467185
6562 16.6544008467185
6562 14.2220150620247
6562 2.45851388706325
6562 7.25709911120391
6562 9.57187241173387
6562 0
6562 14.637251177188
6562 0
6562 0
6562 2.96949121844594
6562 2.96949121844594
6562 0
6562 30.4139911223564
6562 30.4139911223564
6562 30.4139911223564
6562 38.5448651141772
6562 0
6562 50.7417040275586
6562 2071.76865320837
6562 0.521541884954384
6562 0.521541884954384
6562 15.248764123743
6562 15.248764123743
6562 1.63845688072584
6562 1.63845688072584
6562 1.63845688072584
6562 2.9822642005857
6562 2.9822642005857
6562 2.9822642005857
6562 4.78185636435852
6639 0
6639 26.1666077743236
6639 26.1666077743236
6639 26.1666077743236
6639 26.1666077743236
6639 0
6639 4.75569168165923
6639 4.75569168165923
6639 0
6639 0
6639 0
6639 0
6639 9.42409572995722
6639 16.6544008467185
6639 16.6544008467185
6639 16.6544008467185
6639 14.2220150620247
6639 2.45851388706325
6639 7.25709911120391
6639 9.57187241173387
6639 0
6639 14.637251177188
6639 0
6639 0
6639 2.96949121844594
6639 2.96949121844594
6639 0
6639 30.4139911223564
6639 30.4139911223564
6639 30.4139911223564
6639 38.5448651141772
6639 0
6639 50.7417040275586
6639 2071.76865320837
6639 0.521541884954384
6639 0.521541884954384
6639 15.248764123743
6639 15.248764123743
6639 1.63845688072584
6639 1.63845688072584
6639 1.63845688072584
6639 2.9822642005857
6639 2.9822642005857
6639 2.9822642005857
6639 4.78185636435852
6640 0
6640 26.1666077743236
6640 26.1666077743236
6640 26.1666077743236
6640 26.1666077743236
6640 0
6640 4.75569168165923
6640 4.75569168165923
6640 0
6640 0
6640 0
6640 0
6640 9.42409572995722
6640 16.6544008467185
6640 16.6544008467185
6640 16.6544008467185
6640 14.2220150620247
6640 2.45851388706325
6640 7.25709911120391
6640 9.57187241173387
6640 0
6640 14.637251177188
6640 0
6640 0
6640 2.96949121844594
6640 2.96949121844594
6640 0
6640 30.4139911223564
6640 30.4139911223564
6640 30.4139911223564
6640 38.5448651141772
6640 0
6640 50.7417040275586
6640 2071.76865320837
6640 0.521541884954384
6640 0.521541884954384
6640 15.248764123743
6640 15.248764123743
6640 1.63845688072584
6640 1.63845688072584
6640 1.63845688072584
6640 2.9822642005857
6640 2.9822642005857
6640 2.9822642005857
6640 4.78185636435852
6789 0
6789 26.1666077743236
6789 26.1666077743236
6789 26.1666077743236
6789 26.1666077743236
6789 0
6789 4.75569168165923
6789 4.75569168165923
6789 0
6789 0
6789 0
6789 0
6789 9.42409572995722
6789 16.6544008467185
6789 16.6544008467185
6789 16.6544008467185
6789 14.2220150620247
6789 2.45851388706325
6789 7.25709911120391
6789 9.57187241173387
6789 0
6789 14.637251177188
6789 0
6789 0
6789 2.96949121844594
6789 2.96949121844594
6789 0
6789 30.4139911223564
6789 30.4139911223564
6789 30.4139911223564
6789 38.5448651141772
6789 0
6789 50.7417040275586
6789 2071.76865320837
6789 0.521541884954384
6789 0.521541884954384
6789 15.248764123743
6789 15.248764123743
6789 1.63845688072584
6789 1.63845688072584
6789 1.63845688072584
6789 2.9822642005857
6789 2.9822642005857
6789 2.9822642005857
6789 4.78185636435852
6860 0
6860 26.1666077743236
6860 26.1666077743236
6860 26.1666077743236
6860 26.1666077743236
6860 0
6860 4.75569168165923
6860 4.75569168165923
6860 0
6860 0
6860 0
6860 0
6860 9.42409572995722
6860 16.6544008467185
6860 16.6544008467185
6860 16.6544008467185
6860 14.2220150620247
6860 2.45851388706325
6860 7.25709911120391
6860 9.57187241173387
6860 0
6860 14.637251177188
6860 0
6860 0
6860 2.96949121844594
6860 2.96949121844594
6860 0
6860 30.4139911223564
6860 30.4139911223564
6860 30.4139911223564
6860 38.5448651141772
6860 0
6860 50.7417040275586
6860 2071.76865320837
6860 0.521541884954384
6860 0.521541884954384
6860 15.248764123743
6860 15.248764123743
6860 1.63845688072584
6860 1.63845688072584
6860 1.63845688072584
6860 2.9822642005857
6860 2.9822642005857
6860 2.9822642005857
6860 4.78185636435852
10187 0
10187 26.1666077743236
10187 26.1666077743236
10187 26.1666077743236
10187 26.1666077743236
10187 0
10187 4.75569168165923
10187 4.75569168165923
10187 0
10187 0
10187 0
10187 0
10187 9.42409572995722
10187 16.6544008467185
10187 16.6544008467185
10187 16.6544008467185
10187 14.2220150620247
10187 2.45851388706325
10187 7.25709911120391
10187 9.57187241173387
10187 0
10187 14.637251177188
10187 0
10187 0
10187 2.96949121844594
10187 2.96949121844594
10187 0
10187 30.4139911223564
10187 30.4139911223564
10187 30.4139911223564
10187 38.5448651141772
10187 0
10187 50.7417040275586
10187 2071.76865320837
10187 0.521541884954384
10187 0.521541884954384
10187 15.248764123743
10187 15.248764123743
10187 1.63845688072584
10187 1.63845688072584
10187 1.63845688072584
10187 2.9822642005857
10187 2.9822642005857
10187 2.9822642005857
10187 4.78185636435852
