pt_graph shape
30 1
30 1
30 1
30 1
30 1
30 1
30 1
30 1
30 1
30 1
30 1
30 1
30 1
30 1
30 1
30 1
30 1
30 1
30 1
30 1
30 1
30 1
30 1
30 1
30 1
30 1
30 1
30 1
30 1
30 1
30 1
30 1
30 1
30 1
30 1
30 1
30 1
30 1
30 1
42 1
42 1
42 1
42 1
42 1
42 1
42 1
42 1
42 1
42 1
42 1
42 1
42 1
42 1
42 1
42 1
42 1
42 1
42 1
42 1
42 1
42 1
42 1
42 1
42 1
42 1
42 1
42 1
42 1
42 1
42 1
42 1
42 1
42 1
42 1
42 1
42 1
42 1
42 1
48 1
48 1
48 1
48 1
48 1
48 1
48 1
48 1
48 1
48 1
48 1
48 1
48 1
48 1
48 1
48 1
48 1
48 1
48 1
48 1
48 1
48 1
48 1
48 1
48 1
48 1
48 1
48 1
48 1
48 1
48 1
48 1
48 1
48 1
48 1
48 1
48 1
48 1
48 1
49 1
49 1
49 1
49 1
49 1
49 1
49 1
49 1
49 1
49 1
49 1
49 1
49 1
49 1
49 1
49 1
49 1
49 1
49 1
49 1
49 1
49 1
49 1
49 1
49 1
49 1
49 1
49 1
49 1
49 1
49 1
49 1
49 1
49 1
49 1
49 1
49 1
49 1
49 1
51 1
51 1
51 1
51 1
51 1
51 1
51 1
51 1
51 1
51 1
51 1
51 1
51 1
51 1
51 1
51 1
51 1
51 1
51 1
51 1
51 1
51 1
51 1
51 1
51 1
51 1
51 1
51 1
51 1
51 1
51 1
51 1
51 1
51 1
51 1
51 1
51 1
51 1
51 1
53 1
53 1
53 1
53 1
53 1
53 1
53 1
53 1
53 1
53 1
53 1
53 1
53 1
53 1
53 1
53 1
53 1
53 1
53 1
53 1
53 1
53 1
53 1
53 1
53 1
53 1
53 1
53 1
53 1
53 1
53 1
53 1
53 1
53 1
53 1
53 1
53 1
53 1
53 1
55 1
55 1
55 1
55 1
55 1
55 1
55 1
55 1
55 1
55 1
55 1
55 1
55 1
55 1
55 1
55 1
55 1
55 1
55 1
55 1
55 1
55 1
55 1
55 1
55 1
55 1
55 1
55 1
55 1
55 1
55 1
55 1
55 1
55 1
55 1
55 1
55 1
55 1
55 1
56 1
56 1
56 1
56 1
56 1
56 1
56 1
56 1
56 1
56 1
56 1
56 1
56 1
56 1
56 1
56 1
56 1
56 1
56 1
56 1
56 1
56 1
56 1
56 1
56 1
56 1
56 1
56 1
56 1
56 1
56 1
56 1
56 1
56 1
56 1
56 1
56 1
56 1
56 1
63 1
63 1
63 1
63 1
63 1
63 1
63 1
63 1
63 1
63 1
63 1
63 1
63 1
63 1
63 1
63 1
63 1
63 1
63 1
63 1
63 1
63 1
63 1
63 1
63 1
63 1
63 1
63 1
63 1
63 1
63 1
63 1
63 1
63 1
63 1
63 1
63 1
63 1
63 1
66 1
66 1
66 1
66 1
66 1
66 1
66 1
66 1
66 1
66 1
66 1
66 1
66 1
66 1
66 1
66 1
66 1
66 1
66 1
66 1
66 1
66 1
66 1
66 1
66 1
66 1
66 1
66 1
66 1
66 1
66 1
66 1
66 1
66 1
66 1
66 1
66 1
66 1
66 1
67 1
67 1
67 1
67 1
67 1
67 1
67 1
67 1
67 1
67 1
67 1
67 1
67 1
67 1
67 1
67 1
67 1
67 1
67 1
67 1
67 1
67 1
67 1
67 1
67 1
67 1
67 1
67 1
67 1
67 1
67 1
67 1
67 1
67 1
67 1
67 1
67 1
67 1
67 1
73 1
73 1
73 1
73 1
73 1
73 1
73 1
73 1
73 1
73 1
73 1
73 1
73 1
73 1
73 1
73 1
73 1
73 1
73 1
73 1
73 1
73 1
73 1
73 1
73 1
73 1
73 1
73 1
73 1
73 1
73 1
73 1
73 1
73 1
73 1
73 1
73 1
73 1
73 1
74 1
74 1
74 1
74 1
74 1
74 1
74 1
74 1
74 1
74 1
74 1
74 1
74 1
74 1
74 1
74 1
74 1
74 1
74 1
74 1
74 1
74 1
74 1
74 1
74 1
74 1
74 1
74 1
74 1
74 1
74 1
74 1
74 1
74 1
74 1
74 1
74 1
74 1
74 1
75 1
75 1
75 1
75 1
75 1
75 1
75 1
75 1
75 1
75 1
75 1
75 1
75 1
75 1
75 1
75 1
75 1
75 1
75 1
75 1
75 1
75 1
75 1
75 1
75 1
75 1
75 1
75 1
75 1
75 1
75 1
75 1
75 1
75 1
75 1
75 1
75 1
75 1
75 1
76 1
76 1
76 1
76 1
76 1
76 1
76 1
76 1
76 1
76 1
76 1
76 1
76 1
76 1
76 1
76 1
76 1
76 1
76 1
76 1
76 1
76 1
76 1
76 1
76 1
76 1
76 1
76 1
76 1
76 1
76 1
76 1
76 1
76 1
76 1
76 1
76 1
76 1
76 1
77 1
77 1
77 1
77 1
77 1
77 1
77 1
77 1
77 1
77 1
77 1
77 1
77 1
77 1
77 1
77 1
77 1
77 1
77 1
77 1
77 1
77 1
77 1
77 1
77 1
77 1
77 1
77 1
77 1
77 1
77 1
77 1
77 1
77 1
77 1
77 1
77 1
77 1
77 1
78 1
78 1
78 1
78 1
78 1
78 1
78 1
78 1
78 1
78 1
78 1
78 1
78 1
78 1
78 1
78 1
78 1
78 1
78 1
78 1
78 1
78 1
78 1
78 1
78 1
78 1
78 1
78 1
78 1
78 1
78 1
78 1
78 1
78 1
78 1
78 1
78 1
78 1
78 1
10494 1
10494 1
10494 1
10494 1
10494 1
10494 1
10494 1
10494 1
10494 1
10494 1
10494 1
10494 1
10494 1
10494 1
10494 1
10494 1
10494 1
10494 1
10494 1
10494 1
10494 1
10494 1
10494 1
10494 1
10494 1
10494 1
10494 1
10494 1
10494 1
10494 1
10494 1
10494 1
10494 1
10494 1
10494 1
10494 1
10494 1
10494 1
10494 1
87 1
87 1
87 1
87 1
87 1
87 1
87 1
87 1
87 1
87 1
87 1
87 1
87 1
87 1
87 1
87 1
87 1
87 1
87 1
87 1
87 1
87 1
87 1
87 1
87 1
87 1
87 1
87 1
87 1
87 1
87 1
87 1
87 1
87 1
87 1
87 1
87 1
87 1
87 1
90 1
90 1
90 1
90 1
90 1
90 1
90 1
90 1
90 1
90 1
90 1
90 1
90 1
90 1
90 1
90 1
90 1
90 1
90 1
90 1
90 1
90 1
90 1
90 1
90 1
90 1
90 1
90 1
90 1
90 1
90 1
90 1
90 1
90 1
90 1
90 1
90 1
90 1
90 1
91 1
91 1
91 1
91 1
91 1
91 1
91 1
91 1
91 1
91 1
91 1
91 1
91 1
91 1
91 1
91 1
91 1
91 1
91 1
91 1
91 1
91 1
91 1
91 1
91 1
91 1
91 1
91 1
91 1
91 1
91 1
91 1
91 1
91 1
91 1
91 1
91 1
91 1
91 1
95 1
95 1
95 1
95 1
95 1
95 1
95 1
95 1
95 1
95 1
95 1
95 1
95 1
95 1
95 1
95 1
95 1
95 1
95 1
95 1
95 1
95 1
95 1
95 1
95 1
95 1
95 1
95 1
95 1
95 1
95 1
95 1
95 1
95 1
95 1
95 1
95 1
95 1
95 1
97 1
97 1
97 1
97 1
97 1
97 1
97 1
97 1
97 1
97 1
97 1
97 1
97 1
97 1
97 1
97 1
97 1
97 1
97 1
97 1
97 1
97 1
97 1
97 1
97 1
97 1
97 1
97 1
97 1
97 1
97 1
97 1
97 1
97 1
97 1
97 1
97 1
97 1
97 1
98 1
98 1
98 1
98 1
98 1
98 1
98 1
98 1
98 1
98 1
98 1
98 1
98 1
98 1
98 1
98 1
98 1
98 1
98 1
98 1
98 1
98 1
98 1
98 1
98 1
98 1
98 1
98 1
98 1
98 1
98 1
98 1
98 1
98 1
98 1
98 1
98 1
98 1
98 1
99 1
99 1
99 1
99 1
99 1
99 1
99 1
99 1
99 1
99 1
99 1
99 1
99 1
99 1
99 1
99 1
99 1
99 1
99 1
99 1
99 1
99 1
99 1
99 1
99 1
99 1
99 1
99 1
99 1
99 1
99 1
99 1
99 1
99 1
99 1
99 1
99 1
99 1
99 1
100 1
100 1
100 1
100 1
100 1
100 1
100 1
100 1
100 1
100 1
100 1
100 1
100 1
100 1
100 1
100 1
100 1
100 1
100 1
100 1
100 1
100 1
100 1
100 1
100 1
100 1
100 1
100 1
100 1
100 1
100 1
100 1
100 1
100 1
100 1
100 1
100 1
100 1
100 1
110 1
110 1
110 1
110 1
110 1
110 1
110 1
110 1
110 1
110 1
110 1
110 1
110 1
110 1
110 1
110 1
110 1
110 1
110 1
110 1
110 1
110 1
110 1
110 1
110 1
110 1
110 1
110 1
110 1
110 1
110 1
110 1
110 1
110 1
110 1
110 1
110 1
110 1
110 1
112 1
112 1
112 1
112 1
112 1
112 1
112 1
112 1
112 1
112 1
112 1
112 1
112 1
112 1
112 1
112 1
112 1
112 1
112 1
112 1
112 1
112 1
112 1
112 1
112 1
112 1
112 1
112 1
112 1
112 1
112 1
112 1
112 1
112 1
112 1
112 1
112 1
112 1
112 1
117 1
117 1
117 1
117 1
117 1
117 1
117 1
117 1
117 1
117 1
117 1
117 1
117 1
117 1
117 1
117 1
117 1
117 1
117 1
117 1
117 1
117 1
117 1
117 1
117 1
117 1
117 1
117 1
117 1
117 1
117 1
117 1
117 1
117 1
117 1
117 1
117 1
117 1
117 1
118 1
118 1
118 1
118 1
118 1
118 1
118 1
118 1
118 1
118 1
118 1
118 1
118 1
118 1
118 1
118 1
118 1
118 1
118 1
118 1
118 1
118 1
118 1
118 1
118 1
118 1
118 1
118 1
118 1
118 1
118 1
118 1
118 1
118 1
118 1
118 1
118 1
118 1
118 1
122 1
122 1
122 1
122 1
122 1
122 1
122 1
122 1
122 1
122 1
122 1
122 1
122 1
122 1
122 1
122 1
122 1
122 1
122 1
122 1
122 1
122 1
122 1
122 1
122 1
122 1
122 1
122 1
122 1
122 1
122 1
122 1
122 1
122 1
122 1
122 1
122 1
122 1
122 1
133 1
133 1
133 1
133 1
133 1
133 1
133 1
133 1
133 1
133 1
133 1
133 1
133 1
133 1
133 1
133 1
133 1
133 1
133 1
133 1
133 1
133 1
133 1
133 1
133 1
133 1
133 1
133 1
133 1
133 1
133 1
133 1
133 1
133 1
133 1
133 1
133 1
133 1
133 1
134 1
134 1
134 1
134 1
134 1
134 1
134 1
134 1
134 1
134 1
134 1
134 1
134 1
134 1
134 1
134 1
134 1
134 1
134 1
134 1
134 1
134 1
134 1
134 1
134 1
134 1
134 1
134 1
134 1
134 1
134 1
134 1
134 1
134 1
134 1
134 1
134 1
134 1
134 1
135 1
135 1
135 1
135 1
135 1
135 1
135 1
135 1
135 1
135 1
135 1
135 1
135 1
135 1
135 1
135 1
135 1
135 1
135 1
135 1
135 1
135 1
135 1
135 1
135 1
135 1
135 1
135 1
135 1
135 1
135 1
135 1
135 1
135 1
135 1
135 1
135 1
135 1
135 1
154 1
154 1
154 1
154 1
154 1
154 1
154 1
154 1
154 1
154 1
154 1
154 1
154 1
154 1
154 1
154 1
154 1
154 1
154 1
154 1
154 1
154 1
154 1
154 1
154 1
154 1
154 1
154 1
154 1
154 1
154 1
154 1
154 1
154 1
154 1
154 1
154 1
154 1
154 1
157 1
157 1
157 1
157 1
157 1
157 1
157 1
157 1
157 1
157 1
157 1
157 1
157 1
157 1
157 1
157 1
157 1
157 1
157 1
157 1
157 1
157 1
157 1
157 1
157 1
157 1
157 1
157 1
157 1
157 1
157 1
157 1
157 1
157 1
157 1
157 1
157 1
157 1
157 1
158 1
158 1
158 1
158 1
158 1
158 1
158 1
158 1
158 1
158 1
158 1
158 1
158 1
158 1
158 1
158 1
158 1
158 1
158 1
158 1
158 1
158 1
158 1
158 1
158 1
158 1
158 1
158 1
158 1
158 1
158 1
158 1
158 1
158 1
158 1
158 1
158 1
158 1
158 1
161 1
161 1
161 1
161 1
161 1
161 1
161 1
161 1
161 1
161 1
161 1
161 1
161 1
161 1
161 1
161 1
161 1
161 1
161 1
161 1
161 1
161 1
161 1
161 1
161 1
161 1
161 1
161 1
161 1
161 1
161 1
161 1
161 1
161 1
161 1
161 1
161 1
161 1
161 1
163 1
163 1
163 1
163 1
163 1
163 1
163 1
163 1
163 1
163 1
163 1
163 1
163 1
163 1
163 1
163 1
163 1
163 1
163 1
163 1
163 1
163 1
163 1
163 1
163 1
163 1
163 1
163 1
163 1
163 1
163 1
163 1
163 1
163 1
163 1
163 1
163 1
163 1
163 1
171 1
171 1
171 1
171 1
171 1
171 1
171 1
171 1
171 1
171 1
171 1
171 1
171 1
171 1
171 1
171 1
171 1
171 1
171 1
171 1
171 1
171 1
171 1
171 1
171 1
171 1
171 1
171 1
171 1
171 1
171 1
171 1
171 1
171 1
171 1
171 1
171 1
171 1
171 1
178 1
178 1
178 1
178 1
178 1
178 1
178 1
178 1
178 1
178 1
178 1
178 1
178 1
178 1
178 1
178 1
178 1
178 1
178 1
178 1
178 1
178 1
178 1
178 1
178 1
178 1
178 1
178 1
178 1
178 1
178 1
178 1
178 1
178 1
178 1
178 1
178 1
178 1
178 1
180 1
180 1
180 1
180 1
180 1
180 1
180 1
180 1
180 1
180 1
180 1
180 1
180 1
180 1
180 1
180 1
180 1
180 1
180 1
180 1
180 1
180 1
180 1
180 1
180 1
180 1
180 1
180 1
180 1
180 1
180 1
180 1
180 1
180 1
180 1
180 1
180 1
180 1
180 1
182 1
182 1
182 1
182 1
182 1
182 1
182 1
182 1
182 1
182 1
182 1
182 1
182 1
182 1
182 1
182 1
182 1
182 1
182 1
182 1
182 1
182 1
182 1
182 1
182 1
182 1
182 1
182 1
182 1
182 1
182 1
182 1
182 1
182 1
182 1
182 1
182 1
182 1
182 1
188 1
188 1
188 1
188 1
188 1
188 1
188 1
188 1
188 1
188 1
188 1
188 1
188 1
188 1
188 1
188 1
188 1
188 1
188 1
188 1
188 1
188 1
188 1
188 1
188 1
188 1
188 1
188 1
188 1
188 1
188 1
188 1
188 1
188 1
188 1
188 1
188 1
188 1
188 1
195 1
195 1
195 1
195 1
195 1
195 1
195 1
195 1
195 1
195 1
195 1
195 1
195 1
195 1
195 1
195 1
195 1
195 1
195 1
195 1
195 1
195 1
195 1
195 1
195 1
195 1
195 1
195 1
195 1
195 1
195 1
195 1
195 1
195 1
195 1
195 1
195 1
195 1
195 1
197 1
197 1
197 1
197 1
197 1
197 1
197 1
197 1
197 1
197 1
197 1
197 1
197 1
197 1
197 1
197 1
197 1
197 1
197 1
197 1
197 1
197 1
197 1
197 1
197 1
197 1
197 1
197 1
197 1
197 1
197 1
197 1
197 1
197 1
197 1
197 1
197 1
197 1
197 1
208 1
208 1
208 1
208 1
208 1
208 1
208 1
208 1
208 1
208 1
208 1
208 1
208 1
208 1
208 1
208 1
208 1
208 1
208 1
208 1
208 1
208 1
208 1
208 1
208 1
208 1
208 1
208 1
208 1
208 1
208 1
208 1
208 1
208 1
208 1
208 1
208 1
208 1
208 1
217 1
217 1
217 1
217 1
217 1
217 1
217 1
217 1
217 1
217 1
217 1
217 1
217 1
217 1
217 1
217 1
217 1
217 1
217 1
217 1
217 1
217 1
217 1
217 1
217 1
217 1
217 1
217 1
217 1
217 1
217 1
217 1
217 1
217 1
217 1
217 1
217 1
217 1
217 1
230 1
230 1
230 1
230 1
230 1
230 1
230 1
230 1
230 1
230 1
230 1
230 1
230 1
230 1
230 1
230 1
230 1
230 1
230 1
230 1
230 1
230 1
230 1
230 1
230 1
230 1
230 1
230 1
230 1
230 1
230 1
230 1
230 1
230 1
230 1
230 1
230 1
230 1
230 1
231 1
231 1
231 1
231 1
231 1
231 1
231 1
231 1
231 1
231 1
231 1
231 1
231 1
231 1
231 1
231 1
231 1
231 1
231 1
231 1
231 1
231 1
231 1
231 1
231 1
231 1
231 1
231 1
231 1
231 1
231 1
231 1
231 1
231 1
231 1
231 1
231 1
231 1
231 1
237 1
237 1
237 1
237 1
237 1
237 1
237 1
237 1
237 1
237 1
237 1
237 1
237 1
237 1
237 1
237 1
237 1
237 1
237 1
237 1
237 1
237 1
237 1
237 1
237 1
237 1
237 1
237 1
237 1
237 1
237 1
237 1
237 1
237 1
237 1
237 1
237 1
237 1
237 1
242 1
242 1
242 1
242 1
242 1
242 1
242 1
242 1
242 1
242 1
242 1
242 1
242 1
242 1
242 1
242 1
242 1
242 1
242 1
242 1
242 1
242 1
242 1
242 1
242 1
242 1
242 1
242 1
242 1
242 1
242 1
242 1
242 1
242 1
242 1
242 1
242 1
242 1
242 1
243 1
243 1
243 1
243 1
243 1
243 1
243 1
243 1
243 1
243 1
243 1
243 1
243 1
243 1
243 1
243 1
243 1
243 1
243 1
243 1
243 1
243 1
243 1
243 1
243 1
243 1
243 1
243 1
243 1
243 1
243 1
243 1
243 1
243 1
243 1
243 1
243 1
243 1
243 1
247 1
247 1
247 1
247 1
247 1
247 1
247 1
247 1
247 1
247 1
247 1
247 1
247 1
247 1
247 1
247 1
247 1
247 1
247 1
247 1
247 1
247 1
247 1
247 1
247 1
247 1
247 1
247 1
247 1
247 1
247 1
247 1
247 1
247 1
247 1
247 1
247 1
247 1
247 1
263 1
263 1
263 1
263 1
263 1
263 1
263 1
263 1
263 1
263 1
263 1
263 1
263 1
263 1
263 1
263 1
263 1
263 1
263 1
263 1
263 1
263 1
263 1
263 1
263 1
263 1
263 1
263 1
263 1
263 1
263 1
263 1
263 1
263 1
263 1
263 1
263 1
263 1
263 1
267 1
267 1
267 1
267 1
267 1
267 1
267 1
267 1
267 1
267 1
267 1
267 1
267 1
267 1
267 1
267 1
267 1
267 1
267 1
267 1
267 1
267 1
267 1
267 1
267 1
267 1
267 1
267 1
267 1
267 1
267 1
267 1
267 1
267 1
267 1
267 1
267 1
267 1
267 1
288 1
288 1
288 1
288 1
288 1
288 1
288 1
288 1
288 1
288 1
288 1
288 1
288 1
288 1
288 1
288 1
288 1
288 1
288 1
288 1
288 1
288 1
288 1
288 1
288 1
288 1
288 1
288 1
288 1
288 1
288 1
288 1
288 1
288 1
288 1
288 1
288 1
288 1
288 1
311 1
311 1
311 1
311 1
311 1
311 1
311 1
311 1
311 1
311 1
311 1
311 1
311 1
311 1
311 1
311 1
311 1
311 1
311 1
311 1
311 1
311 1
311 1
311 1
311 1
311 1
311 1
311 1
311 1
311 1
311 1
311 1
311 1
311 1
311 1
311 1
311 1
311 1
311 1
314 1
314 1
314 1
314 1
314 1
314 1
314 1
314 1
314 1
314 1
314 1
314 1
314 1
314 1
314 1
314 1
314 1
314 1
314 1
314 1
314 1
314 1
314 1
314 1
314 1
314 1
314 1
314 1
314 1
314 1
314 1
314 1
314 1
314 1
314 1
314 1
314 1
314 1
314 1
357 1
357 1
357 1
357 1
357 1
357 1
357 1
357 1
357 1
357 1
357 1
357 1
357 1
357 1
357 1
357 1
357 1
357 1
357 1
357 1
357 1
357 1
357 1
357 1
357 1
357 1
357 1
357 1
357 1
357 1
357 1
357 1
357 1
357 1
357 1
357 1
357 1
357 1
357 1
376 1
376 1
376 1
376 1
376 1
376 1
376 1
376 1
376 1
376 1
376 1
376 1
376 1
376 1
376 1
376 1
376 1
376 1
376 1
376 1
376 1
376 1
376 1
376 1
376 1
376 1
376 1
376 1
376 1
376 1
376 1
376 1
376 1
376 1
376 1
376 1
376 1
376 1
376 1
377 1
377 1
377 1
377 1
377 1
377 1
377 1
377 1
377 1
377 1
377 1
377 1
377 1
377 1
377 1
377 1
377 1
377 1
377 1
377 1
377 1
377 1
377 1
377 1
377 1
377 1
377 1
377 1
377 1
377 1
377 1
377 1
377 1
377 1
377 1
377 1
377 1
377 1
377 1
380 1
380 1
380 1
380 1
380 1
380 1
380 1
380 1
380 1
380 1
380 1
380 1
380 1
380 1
380 1
380 1
380 1
380 1
380 1
380 1
380 1
380 1
380 1
380 1
380 1
380 1
380 1
380 1
380 1
380 1
380 1
380 1
380 1
380 1
380 1
380 1
380 1
380 1
380 1
400 1
400 1
400 1
400 1
400 1
400 1
400 1
400 1
400 1
400 1
400 1
400 1
400 1
400 1
400 1
400 1
400 1
400 1
400 1
400 1
400 1
400 1
400 1
400 1
400 1
400 1
400 1
400 1
400 1
400 1
400 1
400 1
400 1
400 1
400 1
400 1
400 1
400 1
400 1
422 1
422 1
422 1
422 1
422 1
422 1
422 1
422 1
422 1
422 1
422 1
422 1
422 1
422 1
422 1
422 1
422 1
422 1
422 1
422 1
422 1
422 1
422 1
422 1
422 1
422 1
422 1
422 1
422 1
422 1
422 1
422 1
422 1
422 1
422 1
422 1
422 1
422 1
422 1
426 1
426 1
426 1
426 1
426 1
426 1
426 1
426 1
426 1
426 1
426 1
426 1
426 1
426 1
426 1
426 1
426 1
426 1
426 1
426 1
426 1
426 1
426 1
426 1
426 1
426 1
426 1
426 1
426 1
426 1
426 1
426 1
426 1
426 1
426 1
426 1
426 1
426 1
426 1
432 1
432 1
432 1
432 1
432 1
432 1
432 1
432 1
432 1
432 1
432 1
432 1
432 1
432 1
432 1
432 1
432 1
432 1
432 1
432 1
432 1
432 1
432 1
432 1
432 1
432 1
432 1
432 1
432 1
432 1
432 1
432 1
432 1
432 1
432 1
432 1
432 1
432 1
432 1
433 1
433 1
433 1
433 1
433 1
433 1
433 1
433 1
433 1
433 1
433 1
433 1
433 1
433 1
433 1
433 1
433 1
433 1
433 1
433 1
433 1
433 1
433 1
433 1
433 1
433 1
433 1
433 1
433 1
433 1
433 1
433 1
433 1
433 1
433 1
433 1
433 1
433 1
433 1
443 1
443 1
443 1
443 1
443 1
443 1
443 1
443 1
443 1
443 1
443 1
443 1
443 1
443 1
443 1
443 1
443 1
443 1
443 1
443 1
443 1
443 1
443 1
443 1
443 1
443 1
443 1
443 1
443 1
443 1
443 1
443 1
443 1
443 1
443 1
443 1
443 1
443 1
443 1
450 1
450 1
450 1
450 1
450 1
450 1
450 1
450 1
450 1
450 1
450 1
450 1
450 1
450 1
450 1
450 1
450 1
450 1
450 1
450 1
450 1
450 1
450 1
450 1
450 1
450 1
450 1
450 1
450 1
450 1
450 1
450 1
450 1
450 1
450 1
450 1
450 1
450 1
450 1
459 1
459 1
459 1
459 1
459 1
459 1
459 1
459 1
459 1
459 1
459 1
459 1
459 1
459 1
459 1
459 1
459 1
459 1
459 1
459 1
459 1
459 1
459 1
459 1
459 1
459 1
459 1
459 1
459 1
459 1
459 1
459 1
459 1
459 1
459 1
459 1
459 1
459 1
459 1
466 1
466 1
466 1
466 1
466 1
466 1
466 1
466 1
466 1
466 1
466 1
466 1
466 1
466 1
466 1
466 1
466 1
466 1
466 1
466 1
466 1
466 1
466 1
466 1
466 1
466 1
466 1
466 1
466 1
466 1
466 1
466 1
466 1
466 1
466 1
466 1
466 1
466 1
466 1
468 1
468 1
468 1
468 1
468 1
468 1
468 1
468 1
468 1
468 1
468 1
468 1
468 1
468 1
468 1
468 1
468 1
468 1
468 1
468 1
468 1
468 1
468 1
468 1
468 1
468 1
468 1
468 1
468 1
468 1
468 1
468 1
468 1
468 1
468 1
468 1
468 1
468 1
468 1
508 1
508 1
508 1
508 1
508 1
508 1
508 1
508 1
508 1
508 1
508 1
508 1
508 1
508 1
508 1
508 1
508 1
508 1
508 1
508 1
508 1
508 1
508 1
508 1
508 1
508 1
508 1
508 1
508 1
508 1
508 1
508 1
508 1
508 1
508 1
508 1
508 1
508 1
508 1
509 1
509 1
509 1
509 1
509 1
509 1
509 1
509 1
509 1
509 1
509 1
509 1
509 1
509 1
509 1
509 1
509 1
509 1
509 1
509 1
509 1
509 1
509 1
509 1
509 1
509 1
509 1
509 1
509 1
509 1
509 1
509 1
509 1
509 1
509 1
509 1
509 1
509 1
509 1
511 1
511 1
511 1
511 1
511 1
511 1
511 1
511 1
511 1
511 1
511 1
511 1
511 1
511 1
511 1
511 1
511 1
511 1
511 1
511 1
511 1
511 1
511 1
511 1
511 1
511 1
511 1
511 1
511 1
511 1
511 1
511 1
511 1
511 1
511 1
511 1
511 1
511 1
511 1
515 1
515 1
515 1
515 1
515 1
515 1
515 1
515 1
515 1
515 1
515 1
515 1
515 1
515 1
515 1
515 1
515 1
515 1
515 1
515 1
515 1
515 1
515 1
515 1
515 1
515 1
515 1
515 1
515 1
515 1
515 1
515 1
515 1
515 1
515 1
515 1
515 1
515 1
515 1
522 1
522 1
522 1
522 1
522 1
522 1
522 1
522 1
522 1
522 1
522 1
522 1
522 1
522 1
522 1
522 1
522 1
522 1
522 1
522 1
522 1
522 1
522 1
522 1
522 1
522 1
522 1
522 1
522 1
522 1
522 1
522 1
522 1
522 1
522 1
522 1
522 1
522 1
522 1
526 1
526 1
526 1
526 1
526 1
526 1
526 1
526 1
526 1
526 1
526 1
526 1
526 1
526 1
526 1
526 1
526 1
526 1
526 1
526 1
526 1
526 1
526 1
526 1
526 1
526 1
526 1
526 1
526 1
526 1
526 1
526 1
526 1
526 1
526 1
526 1
526 1
526 1
526 1
538 1
538 1
538 1
538 1
538 1
538 1
538 1
538 1
538 1
538 1
538 1
538 1
538 1
538 1
538 1
538 1
538 1
538 1
538 1
538 1
538 1
538 1
538 1
538 1
538 1
538 1
538 1
538 1
538 1
538 1
538 1
538 1
538 1
538 1
538 1
538 1
538 1
538 1
538 1
539 1
539 1
539 1
539 1
539 1
539 1
539 1
539 1
539 1
539 1
539 1
539 1
539 1
539 1
539 1
539 1
539 1
539 1
539 1
539 1
539 1
539 1
539 1
539 1
539 1
539 1
539 1
539 1
539 1
539 1
539 1
539 1
539 1
539 1
539 1
539 1
539 1
539 1
539 1
541 1
541 1
541 1
541 1
541 1
541 1
541 1
541 1
541 1
541 1
541 1
541 1
541 1
541 1
541 1
541 1
541 1
541 1
541 1
541 1
541 1
541 1
541 1
541 1
541 1
541 1
541 1
541 1
541 1
541 1
541 1
541 1
541 1
541 1
541 1
541 1
541 1
541 1
541 1
567 1
567 1
567 1
567 1
567 1
567 1
567 1
567 1
567 1
567 1
567 1
567 1
567 1
567 1
567 1
567 1
567 1
567 1
567 1
567 1
567 1
567 1
567 1
567 1
567 1
567 1
567 1
567 1
567 1
567 1
567 1
567 1
567 1
567 1
567 1
567 1
567 1
567 1
567 1
570 1
570 1
570 1
570 1
570 1
570 1
570 1
570 1
570 1
570 1
570 1
570 1
570 1
570 1
570 1
570 1
570 1
570 1
570 1
570 1
570 1
570 1
570 1
570 1
570 1
570 1
570 1
570 1
570 1
570 1
570 1
570 1
570 1
570 1
570 1
570 1
570 1
570 1
570 1
571 1
571 1
571 1
571 1
571 1
571 1
571 1
571 1
571 1
571 1
571 1
571 1
571 1
571 1
571 1
571 1
571 1
571 1
571 1
571 1
571 1
571 1
571 1
571 1
571 1
571 1
571 1
571 1
571 1
571 1
571 1
571 1
571 1
571 1
571 1
571 1
571 1
571 1
571 1
585 1
585 1
585 1
585 1
585 1
585 1
585 1
585 1
585 1
585 1
585 1
585 1
585 1
585 1
585 1
585 1
585 1
585 1
585 1
585 1
585 1
585 1
585 1
585 1
585 1
585 1
585 1
585 1
585 1
585 1
585 1
585 1
585 1
585 1
585 1
585 1
585 1
585 1
585 1
603 1
603 1
603 1
603 1
603 1
603 1
603 1
603 1
603 1
603 1
603 1
603 1
603 1
603 1
603 1
603 1
603 1
603 1
603 1
603 1
603 1
603 1
603 1
603 1
603 1
603 1
603 1
603 1
603 1
603 1
603 1
603 1
603 1
603 1
603 1
603 1
603 1
603 1
603 1
605 1
605 1
605 1
605 1
605 1
605 1
605 1
605 1
605 1
605 1
605 1
605 1
605 1
605 1
605 1
605 1
605 1
605 1
605 1
605 1
605 1
605 1
605 1
605 1
605 1
605 1
605 1
605 1
605 1
605 1
605 1
605 1
605 1
605 1
605 1
605 1
605 1
605 1
605 1
607 1
607 1
607 1
607 1
607 1
607 1
607 1
607 1
607 1
607 1
607 1
607 1
607 1
607 1
607 1
607 1
607 1
607 1
607 1
607 1
607 1
607 1
607 1
607 1
607 1
607 1
607 1
607 1
607 1
607 1
607 1
607 1
607 1
607 1
607 1
607 1
607 1
607 1
607 1
622 1
622 1
622 1
622 1
622 1
622 1
622 1
622 1
622 1
622 1
622 1
622 1
622 1
622 1
622 1
622 1
622 1
622 1
622 1
622 1
622 1
622 1
622 1
622 1
622 1
622 1
622 1
622 1
622 1
622 1
622 1
622 1
622 1
622 1
622 1
622 1
622 1
622 1
622 1
621 1
621 1
621 1
621 1
621 1
621 1
621 1
621 1
621 1
621 1
621 1
621 1
621 1
621 1
621 1
621 1
621 1
621 1
621 1
621 1
621 1
621 1
621 1
621 1
621 1
621 1
621 1
621 1
621 1
621 1
621 1
621 1
621 1
621 1
621 1
621 1
621 1
621 1
621 1
620 1
620 1
620 1
620 1
620 1
620 1
620 1
620 1
620 1
620 1
620 1
620 1
620 1
620 1
620 1
620 1
620 1
620 1
620 1
620 1
620 1
620 1
620 1
620 1
620 1
620 1
620 1
620 1
620 1
620 1
620 1
620 1
620 1
620 1
620 1
620 1
620 1
620 1
620 1
619 1
619 1
619 1
619 1
619 1
619 1
619 1
619 1
619 1
619 1
619 1
619 1
619 1
619 1
619 1
619 1
619 1
619 1
619 1
619 1
619 1
619 1
619 1
619 1
619 1
619 1
619 1
619 1
619 1
619 1
619 1
619 1
619 1
619 1
619 1
619 1
619 1
619 1
619 1
10488 1
10488 1
10488 1
10488 1
10488 1
10488 1
10488 1
10488 1
10488 1
10488 1
10488 1
10488 1
10488 1
10488 1
10488 1
10488 1
10488 1
10488 1
10488 1
10488 1
10488 1
10488 1
10488 1
10488 1
10488 1
10488 1
10488 1
10488 1
10488 1
10488 1
10488 1
10488 1
10488 1
10488 1
10488 1
10488 1
10488 1
10488 1
10488 1
643 1
643 1
643 1
643 1
643 1
643 1
643 1
643 1
643 1
643 1
643 1
643 1
643 1
643 1
643 1
643 1
643 1
643 1
643 1
643 1
643 1
643 1
643 1
643 1
643 1
643 1
643 1
643 1
643 1
643 1
643 1
643 1
643 1
643 1
643 1
643 1
643 1
643 1
643 1
644 1
644 1
644 1
644 1
644 1
644 1
644 1
644 1
644 1
644 1
644 1
644 1
644 1
644 1
644 1
644 1
644 1
644 1
644 1
644 1
644 1
644 1
644 1
644 1
644 1
644 1
644 1
644 1
644 1
644 1
644 1
644 1
644 1
644 1
644 1
644 1
644 1
644 1
644 1
648 1
648 1
648 1
648 1
648 1
648 1
648 1
648 1
648 1
648 1
648 1
648 1
648 1
648 1
648 1
648 1
648 1
648 1
648 1
648 1
648 1
648 1
648 1
648 1
648 1
648 1
648 1
648 1
648 1
648 1
648 1
648 1
648 1
648 1
648 1
648 1
648 1
648 1
648 1
660 1
660 1
660 1
660 1
660 1
660 1
660 1
660 1
660 1
660 1
660 1
660 1
660 1
660 1
660 1
660 1
660 1
660 1
660 1
660 1
660 1
660 1
660 1
660 1
660 1
660 1
660 1
660 1
660 1
660 1
660 1
660 1
660 1
660 1
660 1
660 1
660 1
660 1
660 1
657 1
657 1
657 1
657 1
657 1
657 1
657 1
657 1
657 1
657 1
657 1
657 1
657 1
657 1
657 1
657 1
657 1
657 1
657 1
657 1
657 1
657 1
657 1
657 1
657 1
657 1
657 1
657 1
657 1
657 1
657 1
657 1
657 1
657 1
657 1
657 1
657 1
657 1
657 1
681 1
681 1
681 1
681 1
681 1
681 1
681 1
681 1
681 1
681 1
681 1
681 1
681 1
681 1
681 1
681 1
681 1
681 1
681 1
681 1
681 1
681 1
681 1
681 1
681 1
681 1
681 1
681 1
681 1
681 1
681 1
681 1
681 1
681 1
681 1
681 1
681 1
681 1
681 1
708 1
708 1
708 1
708 1
708 1
708 1
708 1
708 1
708 1
708 1
708 1
708 1
708 1
708 1
708 1
708 1
708 1
708 1
708 1
708 1
708 1
708 1
708 1
708 1
708 1
708 1
708 1
708 1
708 1
708 1
708 1
708 1
708 1
708 1
708 1
708 1
708 1
708 1
708 1
716 1
716 1
716 1
716 1
716 1
716 1
716 1
716 1
716 1
716 1
716 1
716 1
716 1
716 1
716 1
716 1
716 1
716 1
716 1
716 1
716 1
716 1
716 1
716 1
716 1
716 1
716 1
716 1
716 1
716 1
716 1
716 1
716 1
716 1
716 1
716 1
716 1
716 1
716 1
735 1
735 1
735 1
735 1
735 1
735 1
735 1
735 1
735 1
735 1
735 1
735 1
735 1
735 1
735 1
735 1
735 1
735 1
735 1
735 1
735 1
735 1
735 1
735 1
735 1
735 1
735 1
735 1
735 1
735 1
735 1
735 1
735 1
735 1
735 1
735 1
735 1
735 1
735 1
725 1
725 1
725 1
725 1
725 1
725 1
725 1
725 1
725 1
725 1
725 1
725 1
725 1
725 1
725 1
725 1
725 1
725 1
725 1
725 1
725 1
725 1
725 1
725 1
725 1
725 1
725 1
725 1
725 1
725 1
725 1
725 1
725 1
725 1
725 1
725 1
725 1
725 1
725 1
732 1
732 1
732 1
732 1
732 1
732 1
732 1
732 1
732 1
732 1
732 1
732 1
732 1
732 1
732 1
732 1
732 1
732 1
732 1
732 1
732 1
732 1
732 1
732 1
732 1
732 1
732 1
732 1
732 1
732 1
732 1
732 1
732 1
732 1
732 1
732 1
732 1
732 1
732 1
756 1
756 1
756 1
756 1
756 1
756 1
756 1
756 1
756 1
756 1
756 1
756 1
756 1
756 1
756 1
756 1
756 1
756 1
756 1
756 1
756 1
756 1
756 1
756 1
756 1
756 1
756 1
756 1
756 1
756 1
756 1
756 1
756 1
756 1
756 1
756 1
756 1
756 1
756 1
772 1
772 1
772 1
772 1
772 1
772 1
772 1
772 1
772 1
772 1
772 1
772 1
772 1
772 1
772 1
772 1
772 1
772 1
772 1
772 1
772 1
772 1
772 1
772 1
772 1
772 1
772 1
772 1
772 1
772 1
772 1
772 1
772 1
772 1
772 1
772 1
772 1
772 1
772 1
770 1
770 1
770 1
770 1
770 1
770 1
770 1
770 1
770 1
770 1
770 1
770 1
770 1
770 1
770 1
770 1
770 1
770 1
770 1
770 1
770 1
770 1
770 1
770 1
770 1
770 1
770 1
770 1
770 1
770 1
770 1
770 1
770 1
770 1
770 1
770 1
770 1
770 1
770 1
797 1
797 1
797 1
797 1
797 1
797 1
797 1
797 1
797 1
797 1
797 1
797 1
797 1
797 1
797 1
797 1
797 1
797 1
797 1
797 1
797 1
797 1
797 1
797 1
797 1
797 1
797 1
797 1
797 1
797 1
797 1
797 1
797 1
797 1
797 1
797 1
797 1
797 1
797 1
812 1
812 1
812 1
812 1
812 1
812 1
812 1
812 1
812 1
812 1
812 1
812 1
812 1
812 1
812 1
812 1
812 1
812 1
812 1
812 1
812 1
812 1
812 1
812 1
812 1
812 1
812 1
812 1
812 1
812 1
812 1
812 1
812 1
812 1
812 1
812 1
812 1
812 1
812 1
811 1
811 1
811 1
811 1
811 1
811 1
811 1
811 1
811 1
811 1
811 1
811 1
811 1
811 1
811 1
811 1
811 1
811 1
811 1
811 1
811 1
811 1
811 1
811 1
811 1
811 1
811 1
811 1
811 1
811 1
811 1
811 1
811 1
811 1
811 1
811 1
811 1
811 1
811 1
806 1
806 1
806 1
806 1
806 1
806 1
806 1
806 1
806 1
806 1
806 1
806 1
806 1
806 1
806 1
806 1
806 1
806 1
806 1
806 1
806 1
806 1
806 1
806 1
806 1
806 1
806 1
806 1
806 1
806 1
806 1
806 1
806 1
806 1
806 1
806 1
806 1
806 1
806 1
852 1
852 1
852 1
852 1
852 1
852 1
852 1
852 1
852 1
852 1
852 1
852 1
852 1
852 1
852 1
852 1
852 1
852 1
852 1
852 1
852 1
852 1
852 1
852 1
852 1
852 1
852 1
852 1
852 1
852 1
852 1
852 1
852 1
852 1
852 1
852 1
852 1
852 1
852 1
851 1
851 1
851 1
851 1
851 1
851 1
851 1
851 1
851 1
851 1
851 1
851 1
851 1
851 1
851 1
851 1
851 1
851 1
851 1
851 1
851 1
851 1
851 1
851 1
851 1
851 1
851 1
851 1
851 1
851 1
851 1
851 1
851 1
851 1
851 1
851 1
851 1
851 1
851 1
881 1
881 1
881 1
881 1
881 1
881 1
881 1
881 1
881 1
881 1
881 1
881 1
881 1
881 1
881 1
881 1
881 1
881 1
881 1
881 1
881 1
881 1
881 1
881 1
881 1
881 1
881 1
881 1
881 1
881 1
881 1
881 1
881 1
881 1
881 1
881 1
881 1
881 1
881 1
882 1
882 1
882 1
882 1
882 1
882 1
882 1
882 1
882 1
882 1
882 1
882 1
882 1
882 1
882 1
882 1
882 1
882 1
882 1
882 1
882 1
882 1
882 1
882 1
882 1
882 1
882 1
882 1
882 1
882 1
882 1
882 1
882 1
882 1
882 1
882 1
882 1
882 1
882 1
886 1
886 1
886 1
886 1
886 1
886 1
886 1
886 1
886 1
886 1
886 1
886 1
886 1
886 1
886 1
886 1
886 1
886 1
886 1
886 1
886 1
886 1
886 1
886 1
886 1
886 1
886 1
886 1
886 1
886 1
886 1
886 1
886 1
886 1
886 1
886 1
886 1
886 1
886 1
894 1
894 1
894 1
894 1
894 1
894 1
894 1
894 1
894 1
894 1
894 1
894 1
894 1
894 1
894 1
894 1
894 1
894 1
894 1
894 1
894 1
894 1
894 1
894 1
894 1
894 1
894 1
894 1
894 1
894 1
894 1
894 1
894 1
894 1
894 1
894 1
894 1
894 1
894 1
933 1
933 1
933 1
933 1
933 1
933 1
933 1
933 1
933 1
933 1
933 1
933 1
933 1
933 1
933 1
933 1
933 1
933 1
933 1
933 1
933 1
933 1
933 1
933 1
933 1
933 1
933 1
933 1
933 1
933 1
933 1
933 1
933 1
933 1
933 1
933 1
933 1
933 1
933 1
937 1
937 1
937 1
937 1
937 1
937 1
937 1
937 1
937 1
937 1
937 1
937 1
937 1
937 1
937 1
937 1
937 1
937 1
937 1
937 1
937 1
937 1
937 1
937 1
937 1
937 1
937 1
937 1
937 1
937 1
937 1
937 1
937 1
937 1
937 1
937 1
937 1
937 1
937 1
943 1
943 1
943 1
943 1
943 1
943 1
943 1
943 1
943 1
943 1
943 1
943 1
943 1
943 1
943 1
943 1
943 1
943 1
943 1
943 1
943 1
943 1
943 1
943 1
943 1
943 1
943 1
943 1
943 1
943 1
943 1
943 1
943 1
943 1
943 1
943 1
943 1
943 1
943 1
994 1
994 1
994 1
994 1
994 1
994 1
994 1
994 1
994 1
994 1
994 1
994 1
994 1
994 1
994 1
994 1
994 1
994 1
994 1
994 1
994 1
994 1
994 1
994 1
994 1
994 1
994 1
994 1
994 1
994 1
994 1
994 1
994 1
994 1
994 1
994 1
994 1
994 1
994 1
1040 1
1040 1
1040 1
1040 1
1040 1
1040 1
1040 1
1040 1
1040 1
1040 1
1040 1
1040 1
1040 1
1040 1
1040 1
1040 1
1040 1
1040 1
1040 1
1040 1
1040 1
1040 1
1040 1
1040 1
1040 1
1040 1
1040 1
1040 1
1040 1
1040 1
1040 1
1040 1
1040 1
1040 1
1040 1
1040 1
1040 1
1040 1
1040 1
1054 1
1054 1
1054 1
1054 1
1054 1
1054 1
1054 1
1054 1
1054 1
1054 1
1054 1
1054 1
1054 1
1054 1
1054 1
1054 1
1054 1
1054 1
1054 1
1054 1
1054 1
1054 1
1054 1
1054 1
1054 1
1054 1
1054 1
1054 1
1054 1
1054 1
1054 1
1054 1
1054 1
1054 1
1054 1
1054 1
1054 1
1054 1
1054 1
1221 1
1221 1
1221 1
1221 1
1221 1
1221 1
1221 1
1221 1
1221 1
1221 1
1221 1
1221 1
1221 1
1221 1
1221 1
1221 1
1221 1
1221 1
1221 1
1221 1
1221 1
1221 1
1221 1
1221 1
1221 1
1221 1
1221 1
1221 1
1221 1
1221 1
1221 1
1221 1
1221 1
1221 1
1221 1
1221 1
1221 1
1221 1
1221 1
1344 1
1344 1
1344 1
1344 1
1344 1
1344 1
1344 1
1344 1
1344 1
1344 1
1344 1
1344 1
1344 1
1344 1
1344 1
1344 1
1344 1
1344 1
1344 1
1344 1
1344 1
1344 1
1344 1
1344 1
1344 1
1344 1
1344 1
1344 1
1344 1
1344 1
1344 1
1344 1
1344 1
1344 1
1344 1
1344 1
1344 1
1344 1
1344 1
1419 1
1419 1
1419 1
1419 1
1419 1
1419 1
1419 1
1419 1
1419 1
1419 1
1419 1
1419 1
1419 1
1419 1
1419 1
1419 1
1419 1
1419 1
1419 1
1419 1
1419 1
1419 1
1419 1
1419 1
1419 1
1419 1
1419 1
1419 1
1419 1
1419 1
1419 1
1419 1
1419 1
1419 1
1419 1
1419 1
1419 1
1419 1
1419 1
1426 1
1426 1
1426 1
1426 1
1426 1
1426 1
1426 1
1426 1
1426 1
1426 1
1426 1
1426 1
1426 1
1426 1
1426 1
1426 1
1426 1
1426 1
1426 1
1426 1
1426 1
1426 1
1426 1
1426 1
1426 1
1426 1
1426 1
1426 1
1426 1
1426 1
1426 1
1426 1
1426 1
1426 1
1426 1
1426 1
1426 1
1426 1
1426 1
1476 1
1476 1
1476 1
1476 1
1476 1
1476 1
1476 1
1476 1
1476 1
1476 1
1476 1
1476 1
1476 1
1476 1
1476 1
1476 1
1476 1
1476 1
1476 1
1476 1
1476 1
1476 1
1476 1
1476 1
1476 1
1476 1
1476 1
1476 1
1476 1
1476 1
1476 1
1476 1
1476 1
1476 1
1476 1
1476 1
1476 1
1476 1
1476 1
1616 1
1616 1
1616 1
1616 1
1616 1
1616 1
1616 1
1616 1
1616 1
1616 1
1616 1
1616 1
1616 1
1616 1
1616 1
1616 1
1616 1
1616 1
1616 1
1616 1
1616 1
1616 1
1616 1
1616 1
1616 1
1616 1
1616 1
1616 1
1616 1
1616 1
1616 1
1616 1
1616 1
1616 1
1616 1
1616 1
1616 1
1616 1
1616 1
1618 1
1618 1
1618 1
1618 1
1618 1
1618 1
1618 1
1618 1
1618 1
1618 1
1618 1
1618 1
1618 1
1618 1
1618 1
1618 1
1618 1
1618 1
1618 1
1618 1
1618 1
1618 1
1618 1
1618 1
1618 1
1618 1
1618 1
1618 1
1618 1
1618 1
1618 1
1618 1
1618 1
1618 1
1618 1
1618 1
1618 1
1618 1
1618 1
1636 1
1636 1
1636 1
1636 1
1636 1
1636 1
1636 1
1636 1
1636 1
1636 1
1636 1
1636 1
1636 1
1636 1
1636 1
1636 1
1636 1
1636 1
1636 1
1636 1
1636 1
1636 1
1636 1
1636 1
1636 1
1636 1
1636 1
1636 1
1636 1
1636 1
1636 1
1636 1
1636 1
1636 1
1636 1
1636 1
1636 1
1636 1
1636 1
1701 1
1701 1
1701 1
1701 1
1701 1
1701 1
1701 1
1701 1
1701 1
1701 1
1701 1
1701 1
1701 1
1701 1
1701 1
1701 1
1701 1
1701 1
1701 1
1701 1
1701 1
1701 1
1701 1
1701 1
1701 1
1701 1
1701 1
1701 1
1701 1
1701 1
1701 1
1701 1
1701 1
1701 1
1701 1
1701 1
1701 1
1701 1
1701 1
1710 1
1710 1
1710 1
1710 1
1710 1
1710 1
1710 1
1710 1
1710 1
1710 1
1710 1
1710 1
1710 1
1710 1
1710 1
1710 1
1710 1
1710 1
1710 1
1710 1
1710 1
1710 1
1710 1
1710 1
1710 1
1710 1
1710 1
1710 1
1710 1
1710 1
1710 1
1710 1
1710 1
1710 1
1710 1
1710 1
1710 1
1710 1
1710 1
1768 1
1768 1
1768 1
1768 1
1768 1
1768 1
1768 1
1768 1
1768 1
1768 1
1768 1
1768 1
1768 1
1768 1
1768 1
1768 1
1768 1
1768 1
1768 1
1768 1
1768 1
1768 1
1768 1
1768 1
1768 1
1768 1
1768 1
1768 1
1768 1
1768 1
1768 1
1768 1
1768 1
1768 1
1768 1
1768 1
1768 1
1768 1
1768 1
1844 1
1844 1
1844 1
1844 1
1844 1
1844 1
1844 1
1844 1
1844 1
1844 1
1844 1
1844 1
1844 1
1844 1
1844 1
1844 1
1844 1
1844 1
1844 1
1844 1
1844 1
1844 1
1844 1
1844 1
1844 1
1844 1
1844 1
1844 1
1844 1
1844 1
1844 1
1844 1
1844 1
1844 1
1844 1
1844 1
1844 1
1844 1
1844 1
2264 1
2264 1
2264 1
2264 1
2264 1
2264 1
2264 1
2264 1
2264 1
2264 1
2264 1
2264 1
2264 1
2264 1
2264 1
2264 1
2264 1
2264 1
2264 1
2264 1
2264 1
2264 1
2264 1
2264 1
2264 1
2264 1
2264 1
2264 1
2264 1
2264 1
2264 1
2264 1
2264 1
2264 1
2264 1
2264 1
2264 1
2264 1
2264 1
2336 1
2336 1
2336 1
2336 1
2336 1
2336 1
2336 1
2336 1
2336 1
2336 1
2336 1
2336 1
2336 1
2336 1
2336 1
2336 1
2336 1
2336 1
2336 1
2336 1
2336 1
2336 1
2336 1
2336 1
2336 1
2336 1
2336 1
2336 1
2336 1
2336 1
2336 1
2336 1
2336 1
2336 1
2336 1
2336 1
2336 1
2336 1
2336 1
2338 1
2338 1
2338 1
2338 1
2338 1
2338 1
2338 1
2338 1
2338 1
2338 1
2338 1
2338 1
2338 1
2338 1
2338 1
2338 1
2338 1
2338 1
2338 1
2338 1
2338 1
2338 1
2338 1
2338 1
2338 1
2338 1
2338 1
2338 1
2338 1
2338 1
2338 1
2338 1
2338 1
2338 1
2338 1
2338 1
2338 1
2338 1
2338 1
2344 1
2344 1
2344 1
2344 1
2344 1
2344 1
2344 1
2344 1
2344 1
2344 1
2344 1
2344 1
2344 1
2344 1
2344 1
2344 1
2344 1
2344 1
2344 1
2344 1
2344 1
2344 1
2344 1
2344 1
2344 1
2344 1
2344 1
2344 1
2344 1
2344 1
2344 1
2344 1
2344 1
2344 1
2344 1
2344 1
2344 1
2344 1
2344 1
2499 1
2499 1
2499 1
2499 1
2499 1
2499 1
2499 1
2499 1
2499 1
2499 1
2499 1
2499 1
2499 1
2499 1
2499 1
2499 1
2499 1
2499 1
2499 1
2499 1
2499 1
2499 1
2499 1
2499 1
2499 1
2499 1
2499 1
2499 1
2499 1
2499 1
2499 1
2499 1
2499 1
2499 1
2499 1
2499 1
2499 1
2499 1
2499 1
2580 1
2580 1
2580 1
2580 1
2580 1
2580 1
2580 1
2580 1
2580 1
2580 1
2580 1
2580 1
2580 1
2580 1
2580 1
2580 1
2580 1
2580 1
2580 1
2580 1
2580 1
2580 1
2580 1
2580 1
2580 1
2580 1
2580 1
2580 1
2580 1
2580 1
2580 1
2580 1
2580 1
2580 1
2580 1
2580 1
2580 1
2580 1
2580 1
2750 1
2750 1
2750 1
2750 1
2750 1
2750 1
2750 1
2750 1
2750 1
2750 1
2750 1
2750 1
2750 1
2750 1
2750 1
2750 1
2750 1
2750 1
2750 1
2750 1
2750 1
2750 1
2750 1
2750 1
2750 1
2750 1
2750 1
2750 1
2750 1
2750 1
2750 1
2750 1
2750 1
2750 1
2750 1
2750 1
2750 1
2750 1
2750 1
2827 1
2827 1
2827 1
2827 1
2827 1
2827 1
2827 1
2827 1
2827 1
2827 1
2827 1
2827 1
2827 1
2827 1
2827 1
2827 1
2827 1
2827 1
2827 1
2827 1
2827 1
2827 1
2827 1
2827 1
2827 1
2827 1
2827 1
2827 1
2827 1
2827 1
2827 1
2827 1
2827 1
2827 1
2827 1
2827 1
2827 1
2827 1
2827 1
