pt_graph shape
2633 1
2633 1
2633 1
2633 1
2633 1
2633 1
2633 1
2633 1
2633 1
2633 1
2633 1
2633 1
2633 1
2633 1
2633 1
2633 1
2633 1
2633 1
2633 1
2633 1
2633 1
2633 1
2633 1
2633 1
2633 1
2633 1
2633 1
2633 1
2633 1
2633 1
2633 1
2633 1
2633 1
2633 1
2633 1
2633 1
2633 1
2633 1
2633 1
2633 1
2633 1
2633 1
2633 1
2633 1
2633 1
2716 1
2716 1
2716 1
2716 1
2716 1
2716 1
2716 1
2716 1
2716 1
2716 1
2716 1
2716 1
2716 1
2716 1
2716 1
2716 1
2716 1
2716 1
2716 1
2716 1
2716 1
2716 1
2716 1
2716 1
2716 1
2716 1
2716 1
2716 1
2716 1
2716 1
2716 1
2716 1
2716 1
2716 1
2716 1
2716 1
2716 1
2716 1
2716 1
2716 1
2716 1
2716 1
2716 1
2716 1
2716 1
2717 1
2717 1
2717 1
2717 1
2717 1
2717 1
2717 1
2717 1
2717 1
2717 1
2717 1
2717 1
2717 1
2717 1
2717 1
2717 1
2717 1
2717 1
2717 1
2717 1
2717 1
2717 1
2717 1
2717 1
2717 1
2717 1
2717 1
2717 1
2717 1
2717 1
2717 1
2717 1
2717 1
2717 1
2717 1
2717 1
2717 1
2717 1
2717 1
2717 1
2717 1
2717 1
2717 1
2717 1
2717 1
2719 1
2719 1
2719 1
2719 1
2719 1
2719 1
2719 1
2719 1
2719 1
2719 1
2719 1
2719 1
2719 1
2719 1
2719 1
2719 1
2719 1
2719 1
2719 1
2719 1
2719 1
2719 1
2719 1
2719 1
2719 1
2719 1
2719 1
2719 1
2719 1
2719 1
2719 1
2719 1
2719 1
2719 1
2719 1
2719 1
2719 1
2719 1
2719 1
2719 1
2719 1
2719 1
2719 1
2719 1
2719 1
2798 1
2798 1
2798 1
2798 1
2798 1
2798 1
2798 1
2798 1
2798 1
2798 1
2798 1
2798 1
2798 1
2798 1
2798 1
2798 1
2798 1
2798 1
2798 1
2798 1
2798 1
2798 1
2798 1
2798 1
2798 1
2798 1
2798 1
2798 1
2798 1
2798 1
2798 1
2798 1
2798 1
2798 1
2798 1
2798 1
2798 1
2798 1
2798 1
2798 1
2798 1
2798 1
2798 1
2798 1
2798 1
2875 1
2875 1
2875 1
2875 1
2875 1
2875 1
2875 1
2875 1
2875 1
2875 1
2875 1
2875 1
2875 1
2875 1
2875 1
2875 1
2875 1
2875 1
2875 1
2875 1
2875 1
2875 1
2875 1
2875 1
2875 1
2875 1
2875 1
2875 1
2875 1
2875 1
2875 1
2875 1
2875 1
2875 1
2875 1
2875 1
2875 1
2875 1
2875 1
2875 1
2875 1
2875 1
2875 1
2875 1
2875 1
2876 1
2876 1
2876 1
2876 1
2876 1
2876 1
2876 1
2876 1
2876 1
2876 1
2876 1
2876 1
2876 1
2876 1
2876 1
2876 1
2876 1
2876 1
2876 1
2876 1
2876 1
2876 1
2876 1
2876 1
2876 1
2876 1
2876 1
2876 1
2876 1
2876 1
2876 1
2876 1
2876 1
2876 1
2876 1
2876 1
2876 1
2876 1
2876 1
2876 1
2876 1
2876 1
2876 1
2876 1
2876 1
2950 1
2950 1
2950 1
2950 1
2950 1
2950 1
2950 1
2950 1
2950 1
2950 1
2950 1
2950 1
2950 1
2950 1
2950 1
2950 1
2950 1
2950 1
2950 1
2950 1
2950 1
2950 1
2950 1
2950 1
2950 1
2950 1
2950 1
2950 1
2950 1
2950 1
2950 1
2950 1
2950 1
2950 1
2950 1
2950 1
2950 1
2950 1
2950 1
2950 1
2950 1
2950 1
2950 1
2950 1
2950 1
3025 1
3025 1
3025 1
3025 1
3025 1
3025 1
3025 1
3025 1
3025 1
3025 1
3025 1
3025 1
3025 1
3025 1
3025 1
3025 1
3025 1
3025 1
3025 1
3025 1
3025 1
3025 1
3025 1
3025 1
3025 1
3025 1
3025 1
3025 1
3025 1
3025 1
3025 1
3025 1
3025 1
3025 1
3025 1
3025 1
3025 1
3025 1
3025 1
3025 1
3025 1
3025 1
3025 1
3025 1
3025 1
3101 1
3101 1
3101 1
3101 1
3101 1
3101 1
3101 1
3101 1
3101 1
3101 1
3101 1
3101 1
3101 1
3101 1
3101 1
3101 1
3101 1
3101 1
3101 1
3101 1
3101 1
3101 1
3101 1
3101 1
3101 1
3101 1
3101 1
3101 1
3101 1
3101 1
3101 1
3101 1
3101 1
3101 1
3101 1
3101 1
3101 1
3101 1
3101 1
3101 1
3101 1
3101 1
3101 1
3101 1
3101 1
3664 1
3664 1
3664 1
3664 1
3664 1
3664 1
3664 1
3664 1
3664 1
3664 1
3664 1
3664 1
3664 1
3664 1
3664 1
3664 1
3664 1
3664 1
3664 1
3664 1
3664 1
3664 1
3664 1
3664 1
3664 1
3664 1
3664 1
3664 1
3664 1
3664 1
3664 1
3664 1
3664 1
3664 1
3664 1
3664 1
3664 1
3664 1
3664 1
3664 1
3664 1
3664 1
3664 1
3664 1
3664 1
3750 1
3750 1
3750 1
3750 1
3750 1
3750 1
3750 1
3750 1
3750 1
3750 1
3750 1
3750 1
3750 1
3750 1
3750 1
3750 1
3750 1
3750 1
3750 1
3750 1
3750 1
3750 1
3750 1
3750 1
3750 1
3750 1
3750 1
3750 1
3750 1
3750 1
3750 1
3750 1
3750 1
3750 1
3750 1
3750 1
3750 1
3750 1
3750 1
3750 1
3750 1
3750 1
3750 1
3750 1
3750 1
3841 1
3841 1
3841 1
3841 1
3841 1
3841 1
3841 1
3841 1
3841 1
3841 1
3841 1
3841 1
3841 1
3841 1
3841 1
3841 1
3841 1
3841 1
3841 1
3841 1
3841 1
3841 1
3841 1
3841 1
3841 1
3841 1
3841 1
3841 1
3841 1
3841 1
3841 1
3841 1
3841 1
3841 1
3841 1
3841 1
3841 1
3841 1
3841 1
3841 1
3841 1
3841 1
3841 1
3841 1
3841 1
3842 1
3842 1
3842 1
3842 1
3842 1
3842 1
3842 1
3842 1
3842 1
3842 1
3842 1
3842 1
3842 1
3842 1
3842 1
3842 1
3842 1
3842 1
3842 1
3842 1
3842 1
3842 1
3842 1
3842 1
3842 1
3842 1
3842 1
3842 1
3842 1
3842 1
3842 1
3842 1
3842 1
3842 1
3842 1
3842 1
3842 1
3842 1
3842 1
3842 1
3842 1
3842 1
3842 1
3842 1
3842 1
3928 1
3928 1
3928 1
3928 1
3928 1
3928 1
3928 1
3928 1
3928 1
3928 1
3928 1
3928 1
3928 1
3928 1
3928 1
3928 1
3928 1
3928 1
3928 1
3928 1
3928 1
3928 1
3928 1
3928 1
3928 1
3928 1
3928 1
3928 1
3928 1
3928 1
3928 1
3928 1
3928 1
3928 1
3928 1
3928 1
3928 1
3928 1
3928 1
3928 1
3928 1
3928 1
3928 1
3928 1
3928 1
3931 1
3931 1
3931 1
3931 1
3931 1
3931 1
3931 1
3931 1
3931 1
3931 1
3931 1
3931 1
3931 1
3931 1
3931 1
3931 1
3931 1
3931 1
3931 1
3931 1
3931 1
3931 1
3931 1
3931 1
3931 1
3931 1
3931 1
3931 1
3931 1
3931 1
3931 1
3931 1
3931 1
3931 1
3931 1
3931 1
3931 1
3931 1
3931 1
3931 1
3931 1
3931 1
3931 1
3931 1
3931 1
3850 1
3850 1
3850 1
3850 1
3850 1
3850 1
3850 1
3850 1
3850 1
3850 1
3850 1
3850 1
3850 1
3850 1
3850 1
3850 1
3850 1
3850 1
3850 1
3850 1
3850 1
3850 1
3850 1
3850 1
3850 1
3850 1
3850 1
3850 1
3850 1
3850 1
3850 1
3850 1
3850 1
3850 1
3850 1
3850 1
3850 1
3850 1
3850 1
3850 1
3850 1
3850 1
3850 1
3850 1
3850 1
3932 1
3932 1
3932 1
3932 1
3932 1
3932 1
3932 1
3932 1
3932 1
3932 1
3932 1
3932 1
3932 1
3932 1
3932 1
3932 1
3932 1
3932 1
3932 1
3932 1
3932 1
3932 1
3932 1
3932 1
3932 1
3932 1
3932 1
3932 1
3932 1
3932 1
3932 1
3932 1
3932 1
3932 1
3932 1
3932 1
3932 1
3932 1
3932 1
3932 1
3932 1
3932 1
3932 1
3932 1
3932 1
4019 1
4019 1
4019 1
4019 1
4019 1
4019 1
4019 1
4019 1
4019 1
4019 1
4019 1
4019 1
4019 1
4019 1
4019 1
4019 1
4019 1
4019 1
4019 1
4019 1
4019 1
4019 1
4019 1
4019 1
4019 1
4019 1
4019 1
4019 1
4019 1
4019 1
4019 1
4019 1
4019 1
4019 1
4019 1
4019 1
4019 1
4019 1
4019 1
4019 1
4019 1
4019 1
4019 1
4019 1
4019 1
3869 1
3869 1
3869 1
3869 1
3869 1
3869 1
3869 1
3869 1
3869 1
3869 1
3869 1
3869 1
3869 1
3869 1
3869 1
3869 1
3869 1
3869 1
3869 1
3869 1
3869 1
3869 1
3869 1
3869 1
3869 1
3869 1
3869 1
3869 1
3869 1
3869 1
3869 1
3869 1
3869 1
3869 1
3869 1
3869 1
3869 1
3869 1
3869 1
3869 1
3869 1
3869 1
3869 1
3869 1
3869 1
4303 1
4303 1
4303 1
4303 1
4303 1
4303 1
4303 1
4303 1
4303 1
4303 1
4303 1
4303 1
4303 1
4303 1
4303 1
4303 1
4303 1
4303 1
4303 1
4303 1
4303 1
4303 1
4303 1
4303 1
4303 1
4303 1
4303 1
4303 1
4303 1
4303 1
4303 1
4303 1
4303 1
4303 1
4303 1
4303 1
4303 1
4303 1
4303 1
4303 1
4303 1
4303 1
4303 1
4303 1
4303 1
4461 1
4461 1
4461 1
4461 1
4461 1
4461 1
4461 1
4461 1
4461 1
4461 1
4461 1
4461 1
4461 1
4461 1
4461 1
4461 1
4461 1
4461 1
4461 1
4461 1
4461 1
4461 1
4461 1
4461 1
4461 1
4461 1
4461 1
4461 1
4461 1
4461 1
4461 1
4461 1
4461 1
4461 1
4461 1
4461 1
4461 1
4461 1
4461 1
4461 1
4461 1
4461 1
4461 1
4461 1
4461 1
4385 1
4385 1
4385 1
4385 1
4385 1
4385 1
4385 1
4385 1
4385 1
4385 1
4385 1
4385 1
4385 1
4385 1
4385 1
4385 1
4385 1
4385 1
4385 1
4385 1
4385 1
4385 1
4385 1
4385 1
4385 1
4385 1
4385 1
4385 1
4385 1
4385 1
4385 1
4385 1
4385 1
4385 1
4385 1
4385 1
4385 1
4385 1
4385 1
4385 1
4385 1
4385 1
4385 1
4385 1
4385 1
4387 1
4387 1
4387 1
4387 1
4387 1
4387 1
4387 1
4387 1
4387 1
4387 1
4387 1
4387 1
4387 1
4387 1
4387 1
4387 1
4387 1
4387 1
4387 1
4387 1
4387 1
4387 1
4387 1
4387 1
4387 1
4387 1
4387 1
4387 1
4387 1
4387 1
4387 1
4387 1
4387 1
4387 1
4387 1
4387 1
4387 1
4387 1
4387 1
4387 1
4387 1
4387 1
4387 1
4387 1
4387 1
4391 1
4391 1
4391 1
4391 1
4391 1
4391 1
4391 1
4391 1
4391 1
4391 1
4391 1
4391 1
4391 1
4391 1
4391 1
4391 1
4391 1
4391 1
4391 1
4391 1
4391 1
4391 1
4391 1
4391 1
4391 1
4391 1
4391 1
4391 1
4391 1
4391 1
4391 1
4391 1
4391 1
4391 1
4391 1
4391 1
4391 1
4391 1
4391 1
4391 1
4391 1
4391 1
4391 1
4391 1
4391 1
4485 1
4485 1
4485 1
4485 1
4485 1
4485 1
4485 1
4485 1
4485 1
4485 1
4485 1
4485 1
4485 1
4485 1
4485 1
4485 1
4485 1
4485 1
4485 1
4485 1
4485 1
4485 1
4485 1
4485 1
4485 1
4485 1
4485 1
4485 1
4485 1
4485 1
4485 1
4485 1
4485 1
4485 1
4485 1
4485 1
4485 1
4485 1
4485 1
4485 1
4485 1
4485 1
4485 1
4485 1
4485 1
4661 1
4661 1
4661 1
4661 1
4661 1
4661 1
4661 1
4661 1
4661 1
4661 1
4661 1
4661 1
4661 1
4661 1
4661 1
4661 1
4661 1
4661 1
4661 1
4661 1
4661 1
4661 1
4661 1
4661 1
4661 1
4661 1
4661 1
4661 1
4661 1
4661 1
4661 1
4661 1
4661 1
4661 1
4661 1
4661 1
4661 1
4661 1
4661 1
4661 1
4661 1
4661 1
4661 1
4661 1
4661 1
4932 1
4932 1
4932 1
4932 1
4932 1
4932 1
4932 1
4932 1
4932 1
4932 1
4932 1
4932 1
4932 1
4932 1
4932 1
4932 1
4932 1
4932 1
4932 1
4932 1
4932 1
4932 1
4932 1
4932 1
4932 1
4932 1
4932 1
4932 1
4932 1
4932 1
4932 1
4932 1
4932 1
4932 1
4932 1
4932 1
4932 1
4932 1
4932 1
4932 1
4932 1
4932 1
4932 1
4932 1
4932 1
5030 1
5030 1
5030 1
5030 1
5030 1
5030 1
5030 1
5030 1
5030 1
5030 1
5030 1
5030 1
5030 1
5030 1
5030 1
5030 1
5030 1
5030 1
5030 1
5030 1
5030 1
5030 1
5030 1
5030 1
5030 1
5030 1
5030 1
5030 1
5030 1
5030 1
5030 1
5030 1
5030 1
5030 1
5030 1
5030 1
5030 1
5030 1
5030 1
5030 1
5030 1
5030 1
5030 1
5030 1
5030 1
5108 1
5108 1
5108 1
5108 1
5108 1
5108 1
5108 1
5108 1
5108 1
5108 1
5108 1
5108 1
5108 1
5108 1
5108 1
5108 1
5108 1
5108 1
5108 1
5108 1
5108 1
5108 1
5108 1
5108 1
5108 1
5108 1
5108 1
5108 1
5108 1
5108 1
5108 1
5108 1
5108 1
5108 1
5108 1
5108 1
5108 1
5108 1
5108 1
5108 1
5108 1
5108 1
5108 1
5108 1
5108 1
5209 1
5209 1
5209 1
5209 1
5209 1
5209 1
5209 1
5209 1
5209 1
5209 1
5209 1
5209 1
5209 1
5209 1
5209 1
5209 1
5209 1
5209 1
5209 1
5209 1
5209 1
5209 1
5209 1
5209 1
5209 1
5209 1
5209 1
5209 1
5209 1
5209 1
5209 1
5209 1
5209 1
5209 1
5209 1
5209 1
5209 1
5209 1
5209 1
5209 1
5209 1
5209 1
5209 1
5209 1
5209 1
5283 1
5283 1
5283 1
5283 1
5283 1
5283 1
5283 1
5283 1
5283 1
5283 1
5283 1
5283 1
5283 1
5283 1
5283 1
5283 1
5283 1
5283 1
5283 1
5283 1
5283 1
5283 1
5283 1
5283 1
5283 1
5283 1
5283 1
5283 1
5283 1
5283 1
5283 1
5283 1
5283 1
5283 1
5283 1
5283 1
5283 1
5283 1
5283 1
5283 1
5283 1
5283 1
5283 1
5283 1
5283 1
5284 1
5284 1
5284 1
5284 1
5284 1
5284 1
5284 1
5284 1
5284 1
5284 1
5284 1
5284 1
5284 1
5284 1
5284 1
5284 1
5284 1
5284 1
5284 1
5284 1
5284 1
5284 1
5284 1
5284 1
5284 1
5284 1
5284 1
5284 1
5284 1
5284 1
5284 1
5284 1
5284 1
5284 1
5284 1
5284 1
5284 1
5284 1
5284 1
5284 1
5284 1
5284 1
5284 1
5284 1
5284 1
5546 1
5546 1
5546 1
5546 1
5546 1
5546 1
5546 1
5546 1
5546 1
5546 1
5546 1
5546 1
5546 1
5546 1
5546 1
5546 1
5546 1
5546 1
5546 1
5546 1
5546 1
5546 1
5546 1
5546 1
5546 1
5546 1
5546 1
5546 1
5546 1
5546 1
5546 1
5546 1
5546 1
5546 1
5546 1
5546 1
5546 1
5546 1
5546 1
5546 1
5546 1
5546 1
5546 1
5546 1
5546 1
5633 1
5633 1
5633 1
5633 1
5633 1
5633 1
5633 1
5633 1
5633 1
5633 1
5633 1
5633 1
5633 1
5633 1
5633 1
5633 1
5633 1
5633 1
5633 1
5633 1
5633 1
5633 1
5633 1
5633 1
5633 1
5633 1
5633 1
5633 1
5633 1
5633 1
5633 1
5633 1
5633 1
5633 1
5633 1
5633 1
5633 1
5633 1
5633 1
5633 1
5633 1
5633 1
5633 1
5633 1
5633 1
5636 1
5636 1
5636 1
5636 1
5636 1
5636 1
5636 1
5636 1
5636 1
5636 1
5636 1
5636 1
5636 1
5636 1
5636 1
5636 1
5636 1
5636 1
5636 1
5636 1
5636 1
5636 1
5636 1
5636 1
5636 1
5636 1
5636 1
5636 1
5636 1
5636 1
5636 1
5636 1
5636 1
5636 1
5636 1
5636 1
5636 1
5636 1
5636 1
5636 1
5636 1
5636 1
5636 1
5636 1
5636 1
5712 1
5712 1
5712 1
5712 1
5712 1
5712 1
5712 1
5712 1
5712 1
5712 1
5712 1
5712 1
5712 1
5712 1
5712 1
5712 1
5712 1
5712 1
5712 1
5712 1
5712 1
5712 1
5712 1
5712 1
5712 1
5712 1
5712 1
5712 1
5712 1
5712 1
5712 1
5712 1
5712 1
5712 1
5712 1
5712 1
5712 1
5712 1
5712 1
5712 1
5712 1
5712 1
5712 1
5712 1
5712 1
5716 1
5716 1
5716 1
5716 1
5716 1
5716 1
5716 1
5716 1
5716 1
5716 1
5716 1
5716 1
5716 1
5716 1
5716 1
5716 1
5716 1
5716 1
5716 1
5716 1
5716 1
5716 1
5716 1
5716 1
5716 1
5716 1
5716 1
5716 1
5716 1
5716 1
5716 1
5716 1
5716 1
5716 1
5716 1
5716 1
5716 1
5716 1
5716 1
5716 1
5716 1
5716 1
5716 1
5716 1
5716 1
5717 1
5717 1
5717 1
5717 1
5717 1
5717 1
5717 1
5717 1
5717 1
5717 1
5717 1
5717 1
5717 1
5717 1
5717 1
5717 1
5717 1
5717 1
5717 1
5717 1
5717 1
5717 1
5717 1
5717 1
5717 1
5717 1
5717 1
5717 1
5717 1
5717 1
5717 1
5717 1
5717 1
5717 1
5717 1
5717 1
5717 1
5717 1
5717 1
5717 1
5717 1
5717 1
5717 1
5717 1
5717 1
10108 1
10108 1
10108 1
10108 1
10108 1
10108 1
10108 1
10108 1
10108 1
10108 1
10108 1
10108 1
10108 1
10108 1
10108 1
10108 1
10108 1
10108 1
10108 1
10108 1
10108 1
10108 1
10108 1
10108 1
10108 1
10108 1
10108 1
10108 1
10108 1
10108 1
10108 1
10108 1
10108 1
10108 1
10108 1
10108 1
10108 1
10108 1
10108 1
10108 1
10108 1
10108 1
10108 1
10108 1
10108 1
10424 1
10424 1
10424 1
10424 1
10424 1
10424 1
10424 1
10424 1
10424 1
10424 1
10424 1
10424 1
10424 1
10424 1
10424 1
10424 1
10424 1
10424 1
10424 1
10424 1
10424 1
10424 1
10424 1
10424 1
10424 1
10424 1
10424 1
10424 1
10424 1
10424 1
10424 1
10424 1
10424 1
10424 1
10424 1
10424 1
10424 1
10424 1
10424 1
10424 1
10424 1
10424 1
10424 1
10424 1
10424 1
5726 1
5726 1
5726 1
5726 1
5726 1
5726 1
5726 1
5726 1
5726 1
5726 1
5726 1
5726 1
5726 1
5726 1
5726 1
5726 1
5726 1
5726 1
5726 1
5726 1
5726 1
5726 1
5726 1
5726 1
5726 1
5726 1
5726 1
5726 1
5726 1
5726 1
5726 1
5726 1
5726 1
5726 1
5726 1
5726 1
5726 1
5726 1
5726 1
5726 1
5726 1
5726 1
5726 1
5726 1
5726 1
10166 1
10166 1
10166 1
10166 1
10166 1
10166 1
10166 1
10166 1
10166 1
10166 1
10166 1
10166 1
10166 1
10166 1
10166 1
10166 1
10166 1
10166 1
10166 1
10166 1
10166 1
10166 1
10166 1
10166 1
10166 1
10166 1
10166 1
10166 1
10166 1
10166 1
10166 1
10166 1
10166 1
10166 1
10166 1
10166 1
10166 1
10166 1
10166 1
10166 1
10166 1
10166 1
10166 1
10166 1
10166 1
10452 1
10452 1
10452 1
10452 1
10452 1
10452 1
10452 1
10452 1
10452 1
10452 1
10452 1
10452 1
10452 1
10452 1
10452 1
10452 1
10452 1
10452 1
10452 1
10452 1
10452 1
10452 1
10452 1
10452 1
10452 1
10452 1
10452 1
10452 1
10452 1
10452 1
10452 1
10452 1
10452 1
10452 1
10452 1
10452 1
10452 1
10452 1
10452 1
10452 1
10452 1
10452 1
10452 1
10452 1
10452 1
5727 1
5727 1
5727 1
5727 1
5727 1
5727 1
5727 1
5727 1
5727 1
5727 1
5727 1
5727 1
5727 1
5727 1
5727 1
5727 1
5727 1
5727 1
5727 1
5727 1
5727 1
5727 1
5727 1
5727 1
5727 1
5727 1
5727 1
5727 1
5727 1
5727 1
5727 1
5727 1
5727 1
5727 1
5727 1
5727 1
5727 1
5727 1
5727 1
5727 1
5727 1
5727 1
5727 1
5727 1
5727 1
5728 1
5728 1
5728 1
5728 1
5728 1
5728 1
5728 1
5728 1
5728 1
5728 1
5728 1
5728 1
5728 1
5728 1
5728 1
5728 1
5728 1
5728 1
5728 1
5728 1
5728 1
5728 1
5728 1
5728 1
5728 1
5728 1
5728 1
5728 1
5728 1
5728 1
5728 1
5728 1
5728 1
5728 1
5728 1
5728 1
5728 1
5728 1
5728 1
5728 1
5728 1
5728 1
5728 1
5728 1
5728 1
5894 1
5894 1
5894 1
5894 1
5894 1
5894 1
5894 1
5894 1
5894 1
5894 1
5894 1
5894 1
5894 1
5894 1
5894 1
5894 1
5894 1
5894 1
5894 1
5894 1
5894 1
5894 1
5894 1
5894 1
5894 1
5894 1
5894 1
5894 1
5894 1
5894 1
5894 1
5894 1
5894 1
5894 1
5894 1
5894 1
5894 1
5894 1
5894 1
5894 1
5894 1
5894 1
5894 1
5894 1
5894 1
5808 1
5808 1
5808 1
5808 1
5808 1
5808 1
5808 1
5808 1
5808 1
5808 1
5808 1
5808 1
5808 1
5808 1
5808 1
5808 1
5808 1
5808 1
5808 1
5808 1
5808 1
5808 1
5808 1
5808 1
5808 1
5808 1
5808 1
5808 1
5808 1
5808 1
5808 1
5808 1
5808 1
5808 1
5808 1
5808 1
5808 1
5808 1
5808 1
5808 1
5808 1
5808 1
5808 1
5808 1
5808 1
5809 1
5809 1
5809 1
5809 1
5809 1
5809 1
5809 1
5809 1
5809 1
5809 1
5809 1
5809 1
5809 1
5809 1
5809 1
5809 1
5809 1
5809 1
5809 1
5809 1
5809 1
5809 1
5809 1
5809 1
5809 1
5809 1
5809 1
5809 1
5809 1
5809 1
5809 1
5809 1
5809 1
5809 1
5809 1
5809 1
5809 1
5809 1
5809 1
5809 1
5809 1
5809 1
5809 1
5809 1
5809 1
5810 1
5810 1
5810 1
5810 1
5810 1
5810 1
5810 1
5810 1
5810 1
5810 1
5810 1
5810 1
5810 1
5810 1
5810 1
5810 1
5810 1
5810 1
5810 1
5810 1
5810 1
5810 1
5810 1
5810 1
5810 1
5810 1
5810 1
5810 1
5810 1
5810 1
5810 1
5810 1
5810 1
5810 1
5810 1
5810 1
5810 1
5810 1
5810 1
5810 1
5810 1
5810 1
5810 1
5810 1
5810 1
5993 1
5993 1
5993 1
5993 1
5993 1
5993 1
5993 1
5993 1
5993 1
5993 1
5993 1
5993 1
5993 1
5993 1
5993 1
5993 1
5993 1
5993 1
5993 1
5993 1
5993 1
5993 1
5993 1
5993 1
5993 1
5993 1
5993 1
5993 1
5993 1
5993 1
5993 1
5993 1
5993 1
5993 1
5993 1
5993 1
5993 1
5993 1
5993 1
5993 1
5993 1
5993 1
5993 1
5993 1
5993 1
5815 1
5815 1
5815 1
5815 1
5815 1
5815 1
5815 1
5815 1
5815 1
5815 1
5815 1
5815 1
5815 1
5815 1
5815 1
5815 1
5815 1
5815 1
5815 1
5815 1
5815 1
5815 1
5815 1
5815 1
5815 1
5815 1
5815 1
5815 1
5815 1
5815 1
5815 1
5815 1
5815 1
5815 1
5815 1
5815 1
5815 1
5815 1
5815 1
5815 1
5815 1
5815 1
5815 1
5815 1
5815 1
5817 1
5817 1
5817 1
5817 1
5817 1
5817 1
5817 1
5817 1
5817 1
5817 1
5817 1
5817 1
5817 1
5817 1
5817 1
5817 1
5817 1
5817 1
5817 1
5817 1
5817 1
5817 1
5817 1
5817 1
5817 1
5817 1
5817 1
5817 1
5817 1
5817 1
5817 1
5817 1
5817 1
5817 1
5817 1
5817 1
5817 1
5817 1
5817 1
5817 1
5817 1
5817 1
5817 1
5817 1
5817 1
5818 1
5818 1
5818 1
5818 1
5818 1
5818 1
5818 1
5818 1
5818 1
5818 1
5818 1
5818 1
5818 1
5818 1
5818 1
5818 1
5818 1
5818 1
5818 1
5818 1
5818 1
5818 1
5818 1
5818 1
5818 1
5818 1
5818 1
5818 1
5818 1
5818 1
5818 1
5818 1
5818 1
5818 1
5818 1
5818 1
5818 1
5818 1
5818 1
5818 1
5818 1
5818 1
5818 1
5818 1
5818 1
5997 1
5997 1
5997 1
5997 1
5997 1
5997 1
5997 1
5997 1
5997 1
5997 1
5997 1
5997 1
5997 1
5997 1
5997 1
5997 1
5997 1
5997 1
5997 1
5997 1
5997 1
5997 1
5997 1
5997 1
5997 1
5997 1
5997 1
5997 1
5997 1
5997 1
5997 1
5997 1
5997 1
5997 1
5997 1
5997 1
5997 1
5997 1
5997 1
5997 1
5997 1
5997 1
5997 1
5997 1
5997 1
5904 1
5904 1
5904 1
5904 1
5904 1
5904 1
5904 1
5904 1
5904 1
5904 1
5904 1
5904 1
5904 1
5904 1
5904 1
5904 1
5904 1
5904 1
5904 1
5904 1
5904 1
5904 1
5904 1
5904 1
5904 1
5904 1
5904 1
5904 1
5904 1
5904 1
5904 1
5904 1
5904 1
5904 1
5904 1
5904 1
5904 1
5904 1
5904 1
5904 1
5904 1
5904 1
5904 1
5904 1
5904 1
5998 1
5998 1
5998 1
5998 1
5998 1
5998 1
5998 1
5998 1
5998 1
5998 1
5998 1
5998 1
5998 1
5998 1
5998 1
5998 1
5998 1
5998 1
5998 1
5998 1
5998 1
5998 1
5998 1
5998 1
5998 1
5998 1
5998 1
5998 1
5998 1
5998 1
5998 1
5998 1
5998 1
5998 1
5998 1
5998 1
5998 1
5998 1
5998 1
5998 1
5998 1
5998 1
5998 1
5998 1
5998 1
5905 1
5905 1
5905 1
5905 1
5905 1
5905 1
5905 1
5905 1
5905 1
5905 1
5905 1
5905 1
5905 1
5905 1
5905 1
5905 1
5905 1
5905 1
5905 1
5905 1
5905 1
5905 1
5905 1
5905 1
5905 1
5905 1
5905 1
5905 1
5905 1
5905 1
5905 1
5905 1
5905 1
5905 1
5905 1
5905 1
5905 1
5905 1
5905 1
5905 1
5905 1
5905 1
5905 1
5905 1
5905 1
5911 1
5911 1
5911 1
5911 1
5911 1
5911 1
5911 1
5911 1
5911 1
5911 1
5911 1
5911 1
5911 1
5911 1
5911 1
5911 1
5911 1
5911 1
5911 1
5911 1
5911 1
5911 1
5911 1
5911 1
5911 1
5911 1
5911 1
5911 1
5911 1
5911 1
5911 1
5911 1
5911 1
5911 1
5911 1
5911 1
5911 1
5911 1
5911 1
5911 1
5911 1
5911 1
5911 1
5911 1
5911 1
6097 1
6097 1
6097 1
6097 1
6097 1
6097 1
6097 1
6097 1
6097 1
6097 1
6097 1
6097 1
6097 1
6097 1
6097 1
6097 1
6097 1
6097 1
6097 1
6097 1
6097 1
6097 1
6097 1
6097 1
6097 1
6097 1
6097 1
6097 1
6097 1
6097 1
6097 1
6097 1
6097 1
6097 1
6097 1
6097 1
6097 1
6097 1
6097 1
6097 1
6097 1
6097 1
6097 1
6097 1
6097 1
5912 1
5912 1
5912 1
5912 1
5912 1
5912 1
5912 1
5912 1
5912 1
5912 1
5912 1
5912 1
5912 1
5912 1
5912 1
5912 1
5912 1
5912 1
5912 1
5912 1
5912 1
5912 1
5912 1
5912 1
5912 1
5912 1
5912 1
5912 1
5912 1
5912 1
5912 1
5912 1
5912 1
5912 1
5912 1
5912 1
5912 1
5912 1
5912 1
5912 1
5912 1
5912 1
5912 1
5912 1
5912 1
6098 1
6098 1
6098 1
6098 1
6098 1
6098 1
6098 1
6098 1
6098 1
6098 1
6098 1
6098 1
6098 1
6098 1
6098 1
6098 1
6098 1
6098 1
6098 1
6098 1
6098 1
6098 1
6098 1
6098 1
6098 1
6098 1
6098 1
6098 1
6098 1
6098 1
6098 1
6098 1
6098 1
6098 1
6098 1
6098 1
6098 1
6098 1
6098 1
6098 1
6098 1
6098 1
6098 1
6098 1
6098 1
5914 1
5914 1
5914 1
5914 1
5914 1
5914 1
5914 1
5914 1
5914 1
5914 1
5914 1
5914 1
5914 1
5914 1
5914 1
5914 1
5914 1
5914 1
5914 1
5914 1
5914 1
5914 1
5914 1
5914 1
5914 1
5914 1
5914 1
5914 1
5914 1
5914 1
5914 1
5914 1
5914 1
5914 1
5914 1
5914 1
5914 1
5914 1
5914 1
5914 1
5914 1
5914 1
5914 1
5914 1
5914 1
5915 1
5915 1
5915 1
5915 1
5915 1
5915 1
5915 1
5915 1
5915 1
5915 1
5915 1
5915 1
5915 1
5915 1
5915 1
5915 1
5915 1
5915 1
5915 1
5915 1
5915 1
5915 1
5915 1
5915 1
5915 1
5915 1
5915 1
5915 1
5915 1
5915 1
5915 1
5915 1
5915 1
5915 1
5915 1
5915 1
5915 1
5915 1
5915 1
5915 1
5915 1
5915 1
5915 1
5915 1
5915 1
6099 1
6099 1
6099 1
6099 1
6099 1
6099 1
6099 1
6099 1
6099 1
6099 1
6099 1
6099 1
6099 1
6099 1
6099 1
6099 1
6099 1
6099 1
6099 1
6099 1
6099 1
6099 1
6099 1
6099 1
6099 1
6099 1
6099 1
6099 1
6099 1
6099 1
6099 1
6099 1
6099 1
6099 1
6099 1
6099 1
6099 1
6099 1
6099 1
6099 1
6099 1
6099 1
6099 1
6099 1
6099 1
6007 1
6007 1
6007 1
6007 1
6007 1
6007 1
6007 1
6007 1
6007 1
6007 1
6007 1
6007 1
6007 1
6007 1
6007 1
6007 1
6007 1
6007 1
6007 1
6007 1
6007 1
6007 1
6007 1
6007 1
6007 1
6007 1
6007 1
6007 1
6007 1
6007 1
6007 1
6007 1
6007 1
6007 1
6007 1
6007 1
6007 1
6007 1
6007 1
6007 1
6007 1
6007 1
6007 1
6007 1
6007 1
6100 1
6100 1
6100 1
6100 1
6100 1
6100 1
6100 1
6100 1
6100 1
6100 1
6100 1
6100 1
6100 1
6100 1
6100 1
6100 1
6100 1
6100 1
6100 1
6100 1
6100 1
6100 1
6100 1
6100 1
6100 1
6100 1
6100 1
6100 1
6100 1
6100 1
6100 1
6100 1
6100 1
6100 1
6100 1
6100 1
6100 1
6100 1
6100 1
6100 1
6100 1
6100 1
6100 1
6100 1
6100 1
6192 1
6192 1
6192 1
6192 1
6192 1
6192 1
6192 1
6192 1
6192 1
6192 1
6192 1
6192 1
6192 1
6192 1
6192 1
6192 1
6192 1
6192 1
6192 1
6192 1
6192 1
6192 1
6192 1
6192 1
6192 1
6192 1
6192 1
6192 1
6192 1
6192 1
6192 1
6192 1
6192 1
6192 1
6192 1
6192 1
6192 1
6192 1
6192 1
6192 1
6192 1
6192 1
6192 1
6192 1
6192 1
6194 1
6194 1
6194 1
6194 1
6194 1
6194 1
6194 1
6194 1
6194 1
6194 1
6194 1
6194 1
6194 1
6194 1
6194 1
6194 1
6194 1
6194 1
6194 1
6194 1
6194 1
6194 1
6194 1
6194 1
6194 1
6194 1
6194 1
6194 1
6194 1
6194 1
6194 1
6194 1
6194 1
6194 1
6194 1
6194 1
6194 1
6194 1
6194 1
6194 1
6194 1
6194 1
6194 1
6194 1
6194 1
6195 1
6195 1
6195 1
6195 1
6195 1
6195 1
6195 1
6195 1
6195 1
6195 1
6195 1
6195 1
6195 1
6195 1
6195 1
6195 1
6195 1
6195 1
6195 1
6195 1
6195 1
6195 1
6195 1
6195 1
6195 1
6195 1
6195 1
6195 1
6195 1
6195 1
6195 1
6195 1
6195 1
6195 1
6195 1
6195 1
6195 1
6195 1
6195 1
6195 1
6195 1
6195 1
6195 1
6195 1
6195 1
6015 1
6015 1
6015 1
6015 1
6015 1
6015 1
6015 1
6015 1
6015 1
6015 1
6015 1
6015 1
6015 1
6015 1
6015 1
6015 1
6015 1
6015 1
6015 1
6015 1
6015 1
6015 1
6015 1
6015 1
6015 1
6015 1
6015 1
6015 1
6015 1
6015 1
6015 1
6015 1
6015 1
6015 1
6015 1
6015 1
6015 1
6015 1
6015 1
6015 1
6015 1
6015 1
6015 1
6015 1
6015 1
6197 1
6197 1
6197 1
6197 1
6197 1
6197 1
6197 1
6197 1
6197 1
6197 1
6197 1
6197 1
6197 1
6197 1
6197 1
6197 1
6197 1
6197 1
6197 1
6197 1
6197 1
6197 1
6197 1
6197 1
6197 1
6197 1
6197 1
6197 1
6197 1
6197 1
6197 1
6197 1
6197 1
6197 1
6197 1
6197 1
6197 1
6197 1
6197 1
6197 1
6197 1
6197 1
6197 1
6197 1
6197 1
6018 1
6018 1
6018 1
6018 1
6018 1
6018 1
6018 1
6018 1
6018 1
6018 1
6018 1
6018 1
6018 1
6018 1
6018 1
6018 1
6018 1
6018 1
6018 1
6018 1
6018 1
6018 1
6018 1
6018 1
6018 1
6018 1
6018 1
6018 1
6018 1
6018 1
6018 1
6018 1
6018 1
6018 1
6018 1
6018 1
6018 1
6018 1
6018 1
6018 1
6018 1
6018 1
6018 1
6018 1
6018 1
6021 1
6021 1
6021 1
6021 1
6021 1
6021 1
6021 1
6021 1
6021 1
6021 1
6021 1
6021 1
6021 1
6021 1
6021 1
6021 1
6021 1
6021 1
6021 1
6021 1
6021 1
6021 1
6021 1
6021 1
6021 1
6021 1
6021 1
6021 1
6021 1
6021 1
6021 1
6021 1
6021 1
6021 1
6021 1
6021 1
6021 1
6021 1
6021 1
6021 1
6021 1
6021 1
6021 1
6021 1
6021 1
6115 1
6115 1
6115 1
6115 1
6115 1
6115 1
6115 1
6115 1
6115 1
6115 1
6115 1
6115 1
6115 1
6115 1
6115 1
6115 1
6115 1
6115 1
6115 1
6115 1
6115 1
6115 1
6115 1
6115 1
6115 1
6115 1
6115 1
6115 1
6115 1
6115 1
6115 1
6115 1
6115 1
6115 1
6115 1
6115 1
6115 1
6115 1
6115 1
6115 1
6115 1
6115 1
6115 1
6115 1
6115 1
6288 1
6288 1
6288 1
6288 1
6288 1
6288 1
6288 1
6288 1
6288 1
6288 1
6288 1
6288 1
6288 1
6288 1
6288 1
6288 1
6288 1
6288 1
6288 1
6288 1
6288 1
6288 1
6288 1
6288 1
6288 1
6288 1
6288 1
6288 1
6288 1
6288 1
6288 1
6288 1
6288 1
6288 1
6288 1
6288 1
6288 1
6288 1
6288 1
6288 1
6288 1
6288 1
6288 1
6288 1
6288 1
6209 1
6209 1
6209 1
6209 1
6209 1
6209 1
6209 1
6209 1
6209 1
6209 1
6209 1
6209 1
6209 1
6209 1
6209 1
6209 1
6209 1
6209 1
6209 1
6209 1
6209 1
6209 1
6209 1
6209 1
6209 1
6209 1
6209 1
6209 1
6209 1
6209 1
6209 1
6209 1
6209 1
6209 1
6209 1
6209 1
6209 1
6209 1
6209 1
6209 1
6209 1
6209 1
6209 1
6209 1
6209 1
6212 1
6212 1
6212 1
6212 1
6212 1
6212 1
6212 1
6212 1
6212 1
6212 1
6212 1
6212 1
6212 1
6212 1
6212 1
6212 1
6212 1
6212 1
6212 1
6212 1
6212 1
6212 1
6212 1
6212 1
6212 1
6212 1
6212 1
6212 1
6212 1
6212 1
6212 1
6212 1
6212 1
6212 1
6212 1
6212 1
6212 1
6212 1
6212 1
6212 1
6212 1
6212 1
6212 1
6212 1
6212 1
6466 1
6466 1
6466 1
6466 1
6466 1
6466 1
6466 1
6466 1
6466 1
6466 1
6466 1
6466 1
6466 1
6466 1
6466 1
6466 1
6466 1
6466 1
6466 1
6466 1
6466 1
6466 1
6466 1
6466 1
6466 1
6466 1
6466 1
6466 1
6466 1
6466 1
6466 1
6466 1
6466 1
6466 1
6466 1
6466 1
6466 1
6466 1
6466 1
6466 1
6466 1
6466 1
6466 1
6466 1
6466 1
6313 1
6313 1
6313 1
6313 1
6313 1
6313 1
6313 1
6313 1
6313 1
6313 1
6313 1
6313 1
6313 1
6313 1
6313 1
6313 1
6313 1
6313 1
6313 1
6313 1
6313 1
6313 1
6313 1
6313 1
6313 1
6313 1
6313 1
6313 1
6313 1
6313 1
6313 1
6313 1
6313 1
6313 1
6313 1
6313 1
6313 1
6313 1
6313 1
6313 1
6313 1
6313 1
6313 1
6313 1
6313 1
6472 1
6472 1
6472 1
6472 1
6472 1
6472 1
6472 1
6472 1
6472 1
6472 1
6472 1
6472 1
6472 1
6472 1
6472 1
6472 1
6472 1
6472 1
6472 1
6472 1
6472 1
6472 1
6472 1
6472 1
6472 1
6472 1
6472 1
6472 1
6472 1
6472 1
6472 1
6472 1
6472 1
6472 1
6472 1
6472 1
6472 1
6472 1
6472 1
6472 1
6472 1
6472 1
6472 1
6472 1
6472 1
6396 1
6396 1
6396 1
6396 1
6396 1
6396 1
6396 1
6396 1
6396 1
6396 1
6396 1
6396 1
6396 1
6396 1
6396 1
6396 1
6396 1
6396 1
6396 1
6396 1
6396 1
6396 1
6396 1
6396 1
6396 1
6396 1
6396 1
6396 1
6396 1
6396 1
6396 1
6396 1
6396 1
6396 1
6396 1
6396 1
6396 1
6396 1
6396 1
6396 1
6396 1
6396 1
6396 1
6396 1
6396 1
6551 1
6551 1
6551 1
6551 1
6551 1
6551 1
6551 1
6551 1
6551 1
6551 1
6551 1
6551 1
6551 1
6551 1
6551 1
6551 1
6551 1
6551 1
6551 1
6551 1
6551 1
6551 1
6551 1
6551 1
6551 1
6551 1
6551 1
6551 1
6551 1
6551 1
6551 1
6551 1
6551 1
6551 1
6551 1
6551 1
6551 1
6551 1
6551 1
6551 1
6551 1
6551 1
6551 1
6551 1
6551 1
6557 1
6557 1
6557 1
6557 1
6557 1
6557 1
6557 1
6557 1
6557 1
6557 1
6557 1
6557 1
6557 1
6557 1
6557 1
6557 1
6557 1
6557 1
6557 1
6557 1
6557 1
6557 1
6557 1
6557 1
6557 1
6557 1
6557 1
6557 1
6557 1
6557 1
6557 1
6557 1
6557 1
6557 1
6557 1
6557 1
6557 1
6557 1
6557 1
6557 1
6557 1
6557 1
6557 1
6557 1
6557 1
6632 1
6632 1
6632 1
6632 1
6632 1
6632 1
6632 1
6632 1
6632 1
6632 1
6632 1
6632 1
6632 1
6632 1
6632 1
6632 1
6632 1
6632 1
6632 1
6632 1
6632 1
6632 1
6632 1
6632 1
6632 1
6632 1
6632 1
6632 1
6632 1
6632 1
6632 1
6632 1
6632 1
6632 1
6632 1
6632 1
6632 1
6632 1
6632 1
6632 1
6632 1
6632 1
6632 1
6632 1
6632 1
6640 1
6640 1
6640 1
6640 1
6640 1
6640 1
6640 1
6640 1
6640 1
6640 1
6640 1
6640 1
6640 1
6640 1
6640 1
6640 1
6640 1
6640 1
6640 1
6640 1
6640 1
6640 1
6640 1
6640 1
6640 1
6640 1
6640 1
6640 1
6640 1
6640 1
6640 1
6640 1
6640 1
6640 1
6640 1
6640 1
6640 1
6640 1
6640 1
6640 1
6640 1
6640 1
6640 1
6640 1
6640 1
6578 1
6578 1
6578 1
6578 1
6578 1
6578 1
6578 1
6578 1
6578 1
6578 1
6578 1
6578 1
6578 1
6578 1
6578 1
6578 1
6578 1
6578 1
6578 1
6578 1
6578 1
6578 1
6578 1
6578 1
6578 1
6578 1
6578 1
6578 1
6578 1
6578 1
6578 1
6578 1
6578 1
6578 1
6578 1
6578 1
6578 1
6578 1
6578 1
6578 1
6578 1
6578 1
6578 1
6578 1
6578 1
6579 1
6579 1
6579 1
6579 1
6579 1
6579 1
6579 1
6579 1
6579 1
6579 1
6579 1
6579 1
6579 1
6579 1
6579 1
6579 1
6579 1
6579 1
6579 1
6579 1
6579 1
6579 1
6579 1
6579 1
6579 1
6579 1
6579 1
6579 1
6579 1
6579 1
6579 1
6579 1
6579 1
6579 1
6579 1
6579 1
6579 1
6579 1
6579 1
6579 1
6579 1
6579 1
6579 1
6579 1
6579 1
6654 1
6654 1
6654 1
6654 1
6654 1
6654 1
6654 1
6654 1
6654 1
6654 1
6654 1
6654 1
6654 1
6654 1
6654 1
6654 1
6654 1
6654 1
6654 1
6654 1
6654 1
6654 1
6654 1
6654 1
6654 1
6654 1
6654 1
6654 1
6654 1
6654 1
6654 1
6654 1
6654 1
6654 1
6654 1
6654 1
6654 1
6654 1
6654 1
6654 1
6654 1
6654 1
6654 1
6654 1
6654 1
6786 1
6786 1
6786 1
6786 1
6786 1
6786 1
6786 1
6786 1
6786 1
6786 1
6786 1
6786 1
6786 1
6786 1
6786 1
6786 1
6786 1
6786 1
6786 1
6786 1
6786 1
6786 1
6786 1
6786 1
6786 1
6786 1
6786 1
6786 1
6786 1
6786 1
6786 1
6786 1
6786 1
6786 1
6786 1
6786 1
6786 1
6786 1
6786 1
6786 1
6786 1
6786 1
6786 1
6786 1
6786 1
6789 1
6789 1
6789 1
6789 1
6789 1
6789 1
6789 1
6789 1
6789 1
6789 1
6789 1
6789 1
6789 1
6789 1
6789 1
6789 1
6789 1
6789 1
6789 1
6789 1
6789 1
6789 1
6789 1
6789 1
6789 1
6789 1
6789 1
6789 1
6789 1
6789 1
6789 1
6789 1
6789 1
6789 1
6789 1
6789 1
6789 1
6789 1
6789 1
6789 1
6789 1
6789 1
6789 1
6789 1
6789 1
6730 1
6730 1
6730 1
6730 1
6730 1
6730 1
6730 1
6730 1
6730 1
6730 1
6730 1
6730 1
6730 1
6730 1
6730 1
6730 1
6730 1
6730 1
6730 1
6730 1
6730 1
6730 1
6730 1
6730 1
6730 1
6730 1
6730 1
6730 1
6730 1
6730 1
6730 1
6730 1
6730 1
6730 1
6730 1
6730 1
6730 1
6730 1
6730 1
6730 1
6730 1
6730 1
6730 1
6730 1
6730 1
6735 1
6735 1
6735 1
6735 1
6735 1
6735 1
6735 1
6735 1
6735 1
6735 1
6735 1
6735 1
6735 1
6735 1
6735 1
6735 1
6735 1
6735 1
6735 1
6735 1
6735 1
6735 1
6735 1
6735 1
6735 1
6735 1
6735 1
6735 1
6735 1
6735 1
6735 1
6735 1
6735 1
6735 1
6735 1
6735 1
6735 1
6735 1
6735 1
6735 1
6735 1
6735 1
6735 1
6735 1
6735 1
6736 1
6736 1
6736 1
6736 1
6736 1
6736 1
6736 1
6736 1
6736 1
6736 1
6736 1
6736 1
6736 1
6736 1
6736 1
6736 1
6736 1
6736 1
6736 1
6736 1
6736 1
6736 1
6736 1
6736 1
6736 1
6736 1
6736 1
6736 1
6736 1
6736 1
6736 1
6736 1
6736 1
6736 1
6736 1
6736 1
6736 1
6736 1
6736 1
6736 1
6736 1
6736 1
6736 1
6736 1
6736 1
6801 1
6801 1
6801 1
6801 1
6801 1
6801 1
6801 1
6801 1
6801 1
6801 1
6801 1
6801 1
6801 1
6801 1
6801 1
6801 1
6801 1
6801 1
6801 1
6801 1
6801 1
6801 1
6801 1
6801 1
6801 1
6801 1
6801 1
6801 1
6801 1
6801 1
6801 1
6801 1
6801 1
6801 1
6801 1
6801 1
6801 1
6801 1
6801 1
6801 1
6801 1
6801 1
6801 1
6801 1
6801 1
6802 1
6802 1
6802 1
6802 1
6802 1
6802 1
6802 1
6802 1
6802 1
6802 1
6802 1
6802 1
6802 1
6802 1
6802 1
6802 1
6802 1
6802 1
6802 1
6802 1
6802 1
6802 1
6802 1
6802 1
6802 1
6802 1
6802 1
6802 1
6802 1
6802 1
6802 1
6802 1
6802 1
6802 1
6802 1
6802 1
6802 1
6802 1
6802 1
6802 1
6802 1
6802 1
6802 1
6802 1
6802 1
6862 1
6862 1
6862 1
6862 1
6862 1
6862 1
6862 1
6862 1
6862 1
6862 1
6862 1
6862 1
6862 1
6862 1
6862 1
6862 1
6862 1
6862 1
6862 1
6862 1
6862 1
6862 1
6862 1
6862 1
6862 1
6862 1
6862 1
6862 1
6862 1
6862 1
6862 1
6862 1
6862 1
6862 1
6862 1
6862 1
6862 1
6862 1
6862 1
6862 1
6862 1
6862 1
6862 1
6862 1
6862 1
6803 1
6803 1
6803 1
6803 1
6803 1
6803 1
6803 1
6803 1
6803 1
6803 1
6803 1
6803 1
6803 1
6803 1
6803 1
6803 1
6803 1
6803 1
6803 1
6803 1
6803 1
6803 1
6803 1
6803 1
6803 1
6803 1
6803 1
6803 1
6803 1
6803 1
6803 1
6803 1
6803 1
6803 1
6803 1
6803 1
6803 1
6803 1
6803 1
6803 1
6803 1
6803 1
6803 1
6803 1
6803 1
6807 1
6807 1
6807 1
6807 1
6807 1
6807 1
6807 1
6807 1
6807 1
6807 1
6807 1
6807 1
6807 1
6807 1
6807 1
6807 1
6807 1
6807 1
6807 1
6807 1
6807 1
6807 1
6807 1
6807 1
6807 1
6807 1
6807 1
6807 1
6807 1
6807 1
6807 1
6807 1
6807 1
6807 1
6807 1
6807 1
6807 1
6807 1
6807 1
6807 1
6807 1
6807 1
6807 1
6807 1
6807 1
6931 1
6931 1
6931 1
6931 1
6931 1
6931 1
6931 1
6931 1
6931 1
6931 1
6931 1
6931 1
6931 1
6931 1
6931 1
6931 1
6931 1
6931 1
6931 1
6931 1
6931 1
6931 1
6931 1
6931 1
6931 1
6931 1
6931 1
6931 1
6931 1
6931 1
6931 1
6931 1
6931 1
6931 1
6931 1
6931 1
6931 1
6931 1
6931 1
6931 1
6931 1
6931 1
6931 1
6931 1
6931 1
6872 1
6872 1
6872 1
6872 1
6872 1
6872 1
6872 1
6872 1
6872 1
6872 1
6872 1
6872 1
6872 1
6872 1
6872 1
6872 1
6872 1
6872 1
6872 1
6872 1
6872 1
6872 1
6872 1
6872 1
6872 1
6872 1
6872 1
6872 1
6872 1
6872 1
6872 1
6872 1
6872 1
6872 1
6872 1
6872 1
6872 1
6872 1
6872 1
6872 1
6872 1
6872 1
6872 1
6872 1
6872 1
6932 1
6932 1
6932 1
6932 1
6932 1
6932 1
6932 1
6932 1
6932 1
6932 1
6932 1
6932 1
6932 1
6932 1
6932 1
6932 1
6932 1
6932 1
6932 1
6932 1
6932 1
6932 1
6932 1
6932 1
6932 1
6932 1
6932 1
6932 1
6932 1
6932 1
6932 1
6932 1
6932 1
6932 1
6932 1
6932 1
6932 1
6932 1
6932 1
6932 1
6932 1
6932 1
6932 1
6932 1
6932 1
6873 1
6873 1
6873 1
6873 1
6873 1
6873 1
6873 1
6873 1
6873 1
6873 1
6873 1
6873 1
6873 1
6873 1
6873 1
6873 1
6873 1
6873 1
6873 1
6873 1
6873 1
6873 1
6873 1
6873 1
6873 1
6873 1
6873 1
6873 1
6873 1
6873 1
6873 1
6873 1
6873 1
6873 1
6873 1
6873 1
6873 1
6873 1
6873 1
6873 1
6873 1
6873 1
6873 1
6873 1
6873 1
6874 1
6874 1
6874 1
6874 1
6874 1
6874 1
6874 1
6874 1
6874 1
6874 1
6874 1
6874 1
6874 1
6874 1
6874 1
6874 1
6874 1
6874 1
6874 1
6874 1
6874 1
6874 1
6874 1
6874 1
6874 1
6874 1
6874 1
6874 1
6874 1
6874 1
6874 1
6874 1
6874 1
6874 1
6874 1
6874 1
6874 1
6874 1
6874 1
6874 1
6874 1
6874 1
6874 1
6874 1
6874 1
6875 1
6875 1
6875 1
6875 1
6875 1
6875 1
6875 1
6875 1
6875 1
6875 1
6875 1
6875 1
6875 1
6875 1
6875 1
6875 1
6875 1
6875 1
6875 1
6875 1
6875 1
6875 1
6875 1
6875 1
6875 1
6875 1
6875 1
6875 1
6875 1
6875 1
6875 1
6875 1
6875 1
6875 1
6875 1
6875 1
6875 1
6875 1
6875 1
6875 1
6875 1
6875 1
6875 1
6875 1
6875 1
10964 1
10964 1
10964 1
10964 1
10964 1
10964 1
10964 1
10964 1
10964 1
10964 1
10964 1
10964 1
10964 1
10964 1
10964 1
10964 1
10964 1
10964 1
10964 1
10964 1
10964 1
10964 1
10964 1
10964 1
10964 1
10964 1
10964 1
10964 1
10964 1
10964 1
10964 1
10964 1
10964 1
10964 1
10964 1
10964 1
10964 1
10964 1
10964 1
10964 1
10964 1
10964 1
10964 1
10964 1
10964 1
6880 1
6880 1
6880 1
6880 1
6880 1
6880 1
6880 1
6880 1
6880 1
6880 1
6880 1
6880 1
6880 1
6880 1
6880 1
6880 1
6880 1
6880 1
6880 1
6880 1
6880 1
6880 1
6880 1
6880 1
6880 1
6880 1
6880 1
6880 1
6880 1
6880 1
6880 1
6880 1
6880 1
6880 1
6880 1
6880 1
6880 1
6880 1
6880 1
6880 1
6880 1
6880 1
6880 1
6880 1
6880 1
6882 1
6882 1
6882 1
6882 1
6882 1
6882 1
6882 1
6882 1
6882 1
6882 1
6882 1
6882 1
6882 1
6882 1
6882 1
6882 1
6882 1
6882 1
6882 1
6882 1
6882 1
6882 1
6882 1
6882 1
6882 1
6882 1
6882 1
6882 1
6882 1
6882 1
6882 1
6882 1
6882 1
6882 1
6882 1
6882 1
6882 1
6882 1
6882 1
6882 1
6882 1
6882 1
6882 1
6882 1
6882 1
6942 1
6942 1
6942 1
6942 1
6942 1
6942 1
6942 1
6942 1
6942 1
6942 1
6942 1
6942 1
6942 1
6942 1
6942 1
6942 1
6942 1
6942 1
6942 1
6942 1
6942 1
6942 1
6942 1
6942 1
6942 1
6942 1
6942 1
6942 1
6942 1
6942 1
6942 1
6942 1
6942 1
6942 1
6942 1
6942 1
6942 1
6942 1
6942 1
6942 1
6942 1
6942 1
6942 1
6942 1
6942 1
6943 1
6943 1
6943 1
6943 1
6943 1
6943 1
6943 1
6943 1
6943 1
6943 1
6943 1
6943 1
6943 1
6943 1
6943 1
6943 1
6943 1
6943 1
6943 1
6943 1
6943 1
6943 1
6943 1
6943 1
6943 1
6943 1
6943 1
6943 1
6943 1
6943 1
6943 1
6943 1
6943 1
6943 1
6943 1
6943 1
6943 1
6943 1
6943 1
6943 1
6943 1
6943 1
6943 1
6943 1
6943 1
7001 1
7001 1
7001 1
7001 1
7001 1
7001 1
7001 1
7001 1
7001 1
7001 1
7001 1
7001 1
7001 1
7001 1
7001 1
7001 1
7001 1
7001 1
7001 1
7001 1
7001 1
7001 1
7001 1
7001 1
7001 1
7001 1
7001 1
7001 1
7001 1
7001 1
7001 1
7001 1
7001 1
7001 1
7001 1
7001 1
7001 1
7001 1
7001 1
7001 1
7001 1
7001 1
7001 1
7001 1
7001 1
6946 1
6946 1
6946 1
6946 1
6946 1
6946 1
6946 1
6946 1
6946 1
6946 1
6946 1
6946 1
6946 1
6946 1
6946 1
6946 1
6946 1
6946 1
6946 1
6946 1
6946 1
6946 1
6946 1
6946 1
6946 1
6946 1
6946 1
6946 1
6946 1
6946 1
6946 1
6946 1
6946 1
6946 1
6946 1
6946 1
6946 1
6946 1
6946 1
6946 1
6946 1
6946 1
6946 1
6946 1
6946 1
7010 1
7010 1
7010 1
7010 1
7010 1
7010 1
7010 1
7010 1
7010 1
7010 1
7010 1
7010 1
7010 1
7010 1
7010 1
7010 1
7010 1
7010 1
7010 1
7010 1
7010 1
7010 1
7010 1
7010 1
7010 1
7010 1
7010 1
7010 1
7010 1
7010 1
7010 1
7010 1
7010 1
7010 1
7010 1
7010 1
7010 1
7010 1
7010 1
7010 1
7010 1
7010 1
7010 1
7010 1
7010 1
7072 1
7072 1
7072 1
7072 1
7072 1
7072 1
7072 1
7072 1
7072 1
7072 1
7072 1
7072 1
7072 1
7072 1
7072 1
7072 1
7072 1
7072 1
7072 1
7072 1
7072 1
7072 1
7072 1
7072 1
7072 1
7072 1
7072 1
7072 1
7072 1
7072 1
7072 1
7072 1
7072 1
7072 1
7072 1
7072 1
7072 1
7072 1
7072 1
7072 1
7072 1
7072 1
7072 1
7072 1
7072 1
7073 1
7073 1
7073 1
7073 1
7073 1
7073 1
7073 1
7073 1
7073 1
7073 1
7073 1
7073 1
7073 1
7073 1
7073 1
7073 1
7073 1
7073 1
7073 1
7073 1
7073 1
7073 1
7073 1
7073 1
7073 1
7073 1
7073 1
7073 1
7073 1
7073 1
7073 1
7073 1
7073 1
7073 1
7073 1
7073 1
7073 1
7073 1
7073 1
7073 1
7073 1
7073 1
7073 1
7073 1
7073 1
7074 1
7074 1
7074 1
7074 1
7074 1
7074 1
7074 1
7074 1
7074 1
7074 1
7074 1
7074 1
7074 1
7074 1
7074 1
7074 1
7074 1
7074 1
7074 1
7074 1
7074 1
7074 1
7074 1
7074 1
7074 1
7074 1
7074 1
7074 1
7074 1
7074 1
7074 1
7074 1
7074 1
7074 1
7074 1
7074 1
7074 1
7074 1
7074 1
7074 1
7074 1
7074 1
7074 1
7074 1
7074 1
7144 1
7144 1
7144 1
7144 1
7144 1
7144 1
7144 1
7144 1
7144 1
7144 1
7144 1
7144 1
7144 1
7144 1
7144 1
7144 1
7144 1
7144 1
7144 1
7144 1
7144 1
7144 1
7144 1
7144 1
7144 1
7144 1
7144 1
7144 1
7144 1
7144 1
7144 1
7144 1
7144 1
7144 1
7144 1
7144 1
7144 1
7144 1
7144 1
7144 1
7144 1
7144 1
7144 1
7144 1
7144 1
7145 1
7145 1
7145 1
7145 1
7145 1
7145 1
7145 1
7145 1
7145 1
7145 1
7145 1
7145 1
7145 1
7145 1
7145 1
7145 1
7145 1
7145 1
7145 1
7145 1
7145 1
7145 1
7145 1
7145 1
7145 1
7145 1
7145 1
7145 1
7145 1
7145 1
7145 1
7145 1
7145 1
7145 1
7145 1
7145 1
7145 1
7145 1
7145 1
7145 1
7145 1
7145 1
7145 1
7145 1
7145 1
7336 1
7336 1
7336 1
7336 1
7336 1
7336 1
7336 1
7336 1
7336 1
7336 1
7336 1
7336 1
7336 1
7336 1
7336 1
7336 1
7336 1
7336 1
7336 1
7336 1
7336 1
7336 1
7336 1
7336 1
7336 1
7336 1
7336 1
7336 1
7336 1
7336 1
7336 1
7336 1
7336 1
7336 1
7336 1
7336 1
7336 1
7336 1
7336 1
7336 1
7336 1
7336 1
7336 1
7336 1
7336 1
7217 1
7217 1
7217 1
7217 1
7217 1
7217 1
7217 1
7217 1
7217 1
7217 1
7217 1
7217 1
7217 1
7217 1
7217 1
7217 1
7217 1
7217 1
7217 1
7217 1
7217 1
7217 1
7217 1
7217 1
7217 1
7217 1
7217 1
7217 1
7217 1
7217 1
7217 1
7217 1
7217 1
7217 1
7217 1
7217 1
7217 1
7217 1
7217 1
7217 1
7217 1
7217 1
7217 1
7217 1
7217 1
7165 1
7165 1
7165 1
7165 1
7165 1
7165 1
7165 1
7165 1
7165 1
7165 1
7165 1
7165 1
7165 1
7165 1
7165 1
7165 1
7165 1
7165 1
7165 1
7165 1
7165 1
7165 1
7165 1
7165 1
7165 1
7165 1
7165 1
7165 1
7165 1
7165 1
7165 1
7165 1
7165 1
7165 1
7165 1
7165 1
7165 1
7165 1
7165 1
7165 1
7165 1
7165 1
7165 1
7165 1
7165 1
7281 1
7281 1
7281 1
7281 1
7281 1
7281 1
7281 1
7281 1
7281 1
7281 1
7281 1
7281 1
7281 1
7281 1
7281 1
7281 1
7281 1
7281 1
7281 1
7281 1
7281 1
7281 1
7281 1
7281 1
7281 1
7281 1
7281 1
7281 1
7281 1
7281 1
7281 1
7281 1
7281 1
7281 1
7281 1
7281 1
7281 1
7281 1
7281 1
7281 1
7281 1
7281 1
7281 1
7281 1
7281 1
7224 1
7224 1
7224 1
7224 1
7224 1
7224 1
7224 1
7224 1
7224 1
7224 1
7224 1
7224 1
7224 1
7224 1
7224 1
7224 1
7224 1
7224 1
7224 1
7224 1
7224 1
7224 1
7224 1
7224 1
7224 1
7224 1
7224 1
7224 1
7224 1
7224 1
7224 1
7224 1
7224 1
7224 1
7224 1
7224 1
7224 1
7224 1
7224 1
7224 1
7224 1
7224 1
7224 1
7224 1
7224 1
7282 1
7282 1
7282 1
7282 1
7282 1
7282 1
7282 1
7282 1
7282 1
7282 1
7282 1
7282 1
7282 1
7282 1
7282 1
7282 1
7282 1
7282 1
7282 1
7282 1
7282 1
7282 1
7282 1
7282 1
7282 1
7282 1
7282 1
7282 1
7282 1
7282 1
7282 1
7282 1
7282 1
7282 1
7282 1
7282 1
7282 1
7282 1
7282 1
7282 1
7282 1
7282 1
7282 1
7282 1
7282 1
7283 1
7283 1
7283 1
7283 1
7283 1
7283 1
7283 1
7283 1
7283 1
7283 1
7283 1
7283 1
7283 1
7283 1
7283 1
7283 1
7283 1
7283 1
7283 1
7283 1
7283 1
7283 1
7283 1
7283 1
7283 1
7283 1
7283 1
7283 1
7283 1
7283 1
7283 1
7283 1
7283 1
7283 1
7283 1
7283 1
7283 1
7283 1
7283 1
7283 1
7283 1
7283 1
7283 1
7283 1
7283 1
7226 1
7226 1
7226 1
7226 1
7226 1
7226 1
7226 1
7226 1
7226 1
7226 1
7226 1
7226 1
7226 1
7226 1
7226 1
7226 1
7226 1
7226 1
7226 1
7226 1
7226 1
7226 1
7226 1
7226 1
7226 1
7226 1
7226 1
7226 1
7226 1
7226 1
7226 1
7226 1
7226 1
7226 1
7226 1
7226 1
7226 1
7226 1
7226 1
7226 1
7226 1
7226 1
7226 1
7226 1
7226 1
7357 1
7357 1
7357 1
7357 1
7357 1
7357 1
7357 1
7357 1
7357 1
7357 1
7357 1
7357 1
7357 1
7357 1
7357 1
7357 1
7357 1
7357 1
7357 1
7357 1
7357 1
7357 1
7357 1
7357 1
7357 1
7357 1
7357 1
7357 1
7357 1
7357 1
7357 1
7357 1
7357 1
7357 1
7357 1
7357 1
7357 1
7357 1
7357 1
7357 1
7357 1
7357 1
7357 1
7357 1
7357 1
7361 1
7361 1
7361 1
7361 1
7361 1
7361 1
7361 1
7361 1
7361 1
7361 1
7361 1
7361 1
7361 1
7361 1
7361 1
7361 1
7361 1
7361 1
7361 1
7361 1
7361 1
7361 1
7361 1
7361 1
7361 1
7361 1
7361 1
7361 1
7361 1
7361 1
7361 1
7361 1
7361 1
7361 1
7361 1
7361 1
7361 1
7361 1
7361 1
7361 1
7361 1
7361 1
7361 1
7361 1
7361 1
7367 1
7367 1
7367 1
7367 1
7367 1
7367 1
7367 1
7367 1
7367 1
7367 1
7367 1
7367 1
7367 1
7367 1
7367 1
7367 1
7367 1
7367 1
7367 1
7367 1
7367 1
7367 1
7367 1
7367 1
7367 1
7367 1
7367 1
7367 1
7367 1
7367 1
7367 1
7367 1
7367 1
7367 1
7367 1
7367 1
7367 1
7367 1
7367 1
7367 1
7367 1
7367 1
7367 1
7367 1
7367 1
7431 1
7431 1
7431 1
7431 1
7431 1
7431 1
7431 1
7431 1
7431 1
7431 1
7431 1
7431 1
7431 1
7431 1
7431 1
7431 1
7431 1
7431 1
7431 1
7431 1
7431 1
7431 1
7431 1
7431 1
7431 1
7431 1
7431 1
7431 1
7431 1
7431 1
7431 1
7431 1
7431 1
7431 1
7431 1
7431 1
7431 1
7431 1
7431 1
7431 1
7431 1
7431 1
7431 1
7431 1
7431 1
7478 1
7478 1
7478 1
7478 1
7478 1
7478 1
7478 1
7478 1
7478 1
7478 1
7478 1
7478 1
7478 1
7478 1
7478 1
7478 1
7478 1
7478 1
7478 1
7478 1
7478 1
7478 1
7478 1
7478 1
7478 1
7478 1
7478 1
7478 1
7478 1
7478 1
7478 1
7478 1
7478 1
7478 1
7478 1
7478 1
7478 1
7478 1
7478 1
7478 1
7478 1
7478 1
7478 1
7478 1
7478 1
7527 1
7527 1
7527 1
7527 1
7527 1
7527 1
7527 1
7527 1
7527 1
7527 1
7527 1
7527 1
7527 1
7527 1
7527 1
7527 1
7527 1
7527 1
7527 1
7527 1
7527 1
7527 1
7527 1
7527 1
7527 1
7527 1
7527 1
7527 1
7527 1
7527 1
7527 1
7527 1
7527 1
7527 1
7527 1
7527 1
7527 1
7527 1
7527 1
7527 1
7527 1
7527 1
7527 1
7527 1
7527 1
7593 1
7593 1
7593 1
7593 1
7593 1
7593 1
7593 1
7593 1
7593 1
7593 1
7593 1
7593 1
7593 1
7593 1
7593 1
7593 1
7593 1
7593 1
7593 1
7593 1
7593 1
7593 1
7593 1
7593 1
7593 1
7593 1
7593 1
7593 1
7593 1
7593 1
7593 1
7593 1
7593 1
7593 1
7593 1
7593 1
7593 1
7593 1
7593 1
7593 1
7593 1
7593 1
7593 1
7593 1
7593 1
7640 1
7640 1
7640 1
7640 1
7640 1
7640 1
7640 1
7640 1
7640 1
7640 1
7640 1
7640 1
7640 1
7640 1
7640 1
7640 1
7640 1
7640 1
7640 1
7640 1
7640 1
7640 1
7640 1
7640 1
7640 1
7640 1
7640 1
7640 1
7640 1
7640 1
7640 1
7640 1
7640 1
7640 1
7640 1
7640 1
7640 1
7640 1
7640 1
7640 1
7640 1
7640 1
7640 1
7640 1
7640 1
7599 1
7599 1
7599 1
7599 1
7599 1
7599 1
7599 1
7599 1
7599 1
7599 1
7599 1
7599 1
7599 1
7599 1
7599 1
7599 1
7599 1
7599 1
7599 1
7599 1
7599 1
7599 1
7599 1
7599 1
7599 1
7599 1
7599 1
7599 1
7599 1
7599 1
7599 1
7599 1
7599 1
7599 1
7599 1
7599 1
7599 1
7599 1
7599 1
7599 1
7599 1
7599 1
7599 1
7599 1
7599 1
7797 1
7797 1
7797 1
7797 1
7797 1
7797 1
7797 1
7797 1
7797 1
7797 1
7797 1
7797 1
7797 1
7797 1
7797 1
7797 1
7797 1
7797 1
7797 1
7797 1
7797 1
7797 1
7797 1
7797 1
7797 1
7797 1
7797 1
7797 1
7797 1
7797 1
7797 1
7797 1
7797 1
7797 1
7797 1
7797 1
7797 1
7797 1
7797 1
7797 1
7797 1
7797 1
7797 1
7797 1
7797 1
7698 1
7698 1
7698 1
7698 1
7698 1
7698 1
7698 1
7698 1
7698 1
7698 1
7698 1
7698 1
7698 1
7698 1
7698 1
7698 1
7698 1
7698 1
7698 1
7698 1
7698 1
7698 1
7698 1
7698 1
7698 1
7698 1
7698 1
7698 1
7698 1
7698 1
7698 1
7698 1
7698 1
7698 1
7698 1
7698 1
7698 1
7698 1
7698 1
7698 1
7698 1
7698 1
7698 1
7698 1
7698 1
7656 1
7656 1
7656 1
7656 1
7656 1
7656 1
7656 1
7656 1
7656 1
7656 1
7656 1
7656 1
7656 1
7656 1
7656 1
7656 1
7656 1
7656 1
7656 1
7656 1
7656 1
7656 1
7656 1
7656 1
7656 1
7656 1
7656 1
7656 1
7656 1
7656 1
7656 1
7656 1
7656 1
7656 1
7656 1
7656 1
7656 1
7656 1
7656 1
7656 1
7656 1
7656 1
7656 1
7656 1
7656 1
7854 1
7854 1
7854 1
7854 1
7854 1
7854 1
7854 1
7854 1
7854 1
7854 1
7854 1
7854 1
7854 1
7854 1
7854 1
7854 1
7854 1
7854 1
7854 1
7854 1
7854 1
7854 1
7854 1
7854 1
7854 1
7854 1
7854 1
7854 1
7854 1
7854 1
7854 1
7854 1
7854 1
7854 1
7854 1
7854 1
7854 1
7854 1
7854 1
7854 1
7854 1
7854 1
7854 1
7854 1
7854 1
7710 1
7710 1
7710 1
7710 1
7710 1
7710 1
7710 1
7710 1
7710 1
7710 1
7710 1
7710 1
7710 1
7710 1
7710 1
7710 1
7710 1
7710 1
7710 1
7710 1
7710 1
7710 1
7710 1
7710 1
7710 1
7710 1
7710 1
7710 1
7710 1
7710 1
7710 1
7710 1
7710 1
7710 1
7710 1
7710 1
7710 1
7710 1
7710 1
7710 1
7710 1
7710 1
7710 1
7710 1
7710 1
7712 1
7712 1
7712 1
7712 1
7712 1
7712 1
7712 1
7712 1
7712 1
7712 1
7712 1
7712 1
7712 1
7712 1
7712 1
7712 1
7712 1
7712 1
7712 1
7712 1
7712 1
7712 1
7712 1
7712 1
7712 1
7712 1
7712 1
7712 1
7712 1
7712 1
7712 1
7712 1
7712 1
7712 1
7712 1
7712 1
7712 1
7712 1
7712 1
7712 1
7712 1
7712 1
7712 1
7712 1
7712 1
7910 1
7910 1
7910 1
7910 1
7910 1
7910 1
7910 1
7910 1
7910 1
7910 1
7910 1
7910 1
7910 1
7910 1
7910 1
7910 1
7910 1
7910 1
7910 1
7910 1
7910 1
7910 1
7910 1
7910 1
7910 1
7910 1
7910 1
7910 1
7910 1
7910 1
7910 1
7910 1
7910 1
7910 1
7910 1
7910 1
7910 1
7910 1
7910 1
7910 1
7910 1
7910 1
7910 1
7910 1
7910 1
7814 1
7814 1
7814 1
7814 1
7814 1
7814 1
7814 1
7814 1
7814 1
7814 1
7814 1
7814 1
7814 1
7814 1
7814 1
7814 1
7814 1
7814 1
7814 1
7814 1
7814 1
7814 1
7814 1
7814 1
7814 1
7814 1
7814 1
7814 1
7814 1
7814 1
7814 1
7814 1
7814 1
7814 1
7814 1
7814 1
7814 1
7814 1
7814 1
7814 1
7814 1
7814 1
7814 1
7814 1
7814 1
7911 1
7911 1
7911 1
7911 1
7911 1
7911 1
7911 1
7911 1
7911 1
7911 1
7911 1
7911 1
7911 1
7911 1
7911 1
7911 1
7911 1
7911 1
7911 1
7911 1
7911 1
7911 1
7911 1
7911 1
7911 1
7911 1
7911 1
7911 1
7911 1
7911 1
7911 1
7911 1
7911 1
7911 1
7911 1
7911 1
7911 1
7911 1
7911 1
7911 1
7911 1
7911 1
7911 1
7911 1
7911 1
7984 1
7984 1
7984 1
7984 1
7984 1
7984 1
7984 1
7984 1
7984 1
7984 1
7984 1
7984 1
7984 1
7984 1
7984 1
7984 1
7984 1
7984 1
7984 1
7984 1
7984 1
7984 1
7984 1
7984 1
7984 1
7984 1
7984 1
7984 1
7984 1
7984 1
7984 1
7984 1
7984 1
7984 1
7984 1
7984 1
7984 1
7984 1
7984 1
7984 1
7984 1
7984 1
7984 1
7984 1
7984 1
8088 1
8088 1
8088 1
8088 1
8088 1
8088 1
8088 1
8088 1
8088 1
8088 1
8088 1
8088 1
8088 1
8088 1
8088 1
8088 1
8088 1
8088 1
8088 1
8088 1
8088 1
8088 1
8088 1
8088 1
8088 1
8088 1
8088 1
8088 1
8088 1
8088 1
8088 1
8088 1
8088 1
8088 1
8088 1
8088 1
8088 1
8088 1
8088 1
8088 1
8088 1
8088 1
8088 1
8088 1
8088 1
8137 1
8137 1
8137 1
8137 1
8137 1
8137 1
8137 1
8137 1
8137 1
8137 1
8137 1
8137 1
8137 1
8137 1
8137 1
8137 1
8137 1
8137 1
8137 1
8137 1
8137 1
8137 1
8137 1
8137 1
8137 1
8137 1
8137 1
8137 1
8137 1
8137 1
8137 1
8137 1
8137 1
8137 1
8137 1
8137 1
8137 1
8137 1
8137 1
8137 1
8137 1
8137 1
8137 1
8137 1
8137 1
8092 1
8092 1
8092 1
8092 1
8092 1
8092 1
8092 1
8092 1
8092 1
8092 1
8092 1
8092 1
8092 1
8092 1
8092 1
8092 1
8092 1
8092 1
8092 1
8092 1
8092 1
8092 1
8092 1
8092 1
8092 1
8092 1
8092 1
8092 1
8092 1
8092 1
8092 1
8092 1
8092 1
8092 1
8092 1
8092 1
8092 1
8092 1
8092 1
8092 1
8092 1
8092 1
8092 1
8092 1
8092 1
8048 1
8048 1
8048 1
8048 1
8048 1
8048 1
8048 1
8048 1
8048 1
8048 1
8048 1
8048 1
8048 1
8048 1
8048 1
8048 1
8048 1
8048 1
8048 1
8048 1
8048 1
8048 1
8048 1
8048 1
8048 1
8048 1
8048 1
8048 1
8048 1
8048 1
8048 1
8048 1
8048 1
8048 1
8048 1
8048 1
8048 1
8048 1
8048 1
8048 1
8048 1
8048 1
8048 1
8048 1
8048 1
8189 1
8189 1
8189 1
8189 1
8189 1
8189 1
8189 1
8189 1
8189 1
8189 1
8189 1
8189 1
8189 1
8189 1
8189 1
8189 1
8189 1
8189 1
8189 1
8189 1
8189 1
8189 1
8189 1
8189 1
8189 1
8189 1
8189 1
8189 1
8189 1
8189 1
8189 1
8189 1
8189 1
8189 1
8189 1
8189 1
8189 1
8189 1
8189 1
8189 1
8189 1
8189 1
8189 1
8189 1
8189 1
8149 1
8149 1
8149 1
8149 1
8149 1
8149 1
8149 1
8149 1
8149 1
8149 1
8149 1
8149 1
8149 1
8149 1
8149 1
8149 1
8149 1
8149 1
8149 1
8149 1
8149 1
8149 1
8149 1
8149 1
8149 1
8149 1
8149 1
8149 1
8149 1
8149 1
8149 1
8149 1
8149 1
8149 1
8149 1
8149 1
8149 1
8149 1
8149 1
8149 1
8149 1
8149 1
8149 1
8149 1
8149 1
8243 1
8243 1
8243 1
8243 1
8243 1
8243 1
8243 1
8243 1
8243 1
8243 1
8243 1
8243 1
8243 1
8243 1
8243 1
8243 1
8243 1
8243 1
8243 1
8243 1
8243 1
8243 1
8243 1
8243 1
8243 1
8243 1
8243 1
8243 1
8243 1
8243 1
8243 1
8243 1
8243 1
8243 1
8243 1
8243 1
8243 1
8243 1
8243 1
8243 1
8243 1
8243 1
8243 1
8243 1
8243 1
8247 1
8247 1
8247 1
8247 1
8247 1
8247 1
8247 1
8247 1
8247 1
8247 1
8247 1
8247 1
8247 1
8247 1
8247 1
8247 1
8247 1
8247 1
8247 1
8247 1
8247 1
8247 1
8247 1
8247 1
8247 1
8247 1
8247 1
8247 1
8247 1
8247 1
8247 1
8247 1
8247 1
8247 1
8247 1
8247 1
8247 1
8247 1
8247 1
8247 1
8247 1
8247 1
8247 1
8247 1
8247 1
8301 1
8301 1
8301 1
8301 1
8301 1
8301 1
8301 1
8301 1
8301 1
8301 1
8301 1
8301 1
8301 1
8301 1
8301 1
8301 1
8301 1
8301 1
8301 1
8301 1
8301 1
8301 1
8301 1
8301 1
8301 1
8301 1
8301 1
8301 1
8301 1
8301 1
8301 1
8301 1
8301 1
8301 1
8301 1
8301 1
8301 1
8301 1
8301 1
8301 1
8301 1
8301 1
8301 1
8301 1
8301 1
10701 1
10701 1
10701 1
10701 1
10701 1
10701 1
10701 1
10701 1
10701 1
10701 1
10701 1
10701 1
10701 1
10701 1
10701 1
10701 1
10701 1
10701 1
10701 1
10701 1
10701 1
10701 1
10701 1
10701 1
10701 1
10701 1
10701 1
10701 1
10701 1
10701 1
10701 1
10701 1
10701 1
10701 1
10701 1
10701 1
10701 1
10701 1
10701 1
10701 1
10701 1
10701 1
10701 1
10701 1
10701 1
8353 1
8353 1
8353 1
8353 1
8353 1
8353 1
8353 1
8353 1
8353 1
8353 1
8353 1
8353 1
8353 1
8353 1
8353 1
8353 1
8353 1
8353 1
8353 1
8353 1
8353 1
8353 1
8353 1
8353 1
8353 1
8353 1
8353 1
8353 1
8353 1
8353 1
8353 1
8353 1
8353 1
8353 1
8353 1
8353 1
8353 1
8353 1
8353 1
8353 1
8353 1
8353 1
8353 1
8353 1
8353 1
8403 1
8403 1
8403 1
8403 1
8403 1
8403 1
8403 1
8403 1
8403 1
8403 1
8403 1
8403 1
8403 1
8403 1
8403 1
8403 1
8403 1
8403 1
8403 1
8403 1
8403 1
8403 1
8403 1
8403 1
8403 1
8403 1
8403 1
8403 1
8403 1
8403 1
8403 1
8403 1
8403 1
8403 1
8403 1
8403 1
8403 1
8403 1
8403 1
8403 1
8403 1
8403 1
8403 1
8403 1
8403 1
8404 1
8404 1
8404 1
8404 1
8404 1
8404 1
8404 1
8404 1
8404 1
8404 1
8404 1
8404 1
8404 1
8404 1
8404 1
8404 1
8404 1
8404 1
8404 1
8404 1
8404 1
8404 1
8404 1
8404 1
8404 1
8404 1
8404 1
8404 1
8404 1
8404 1
8404 1
8404 1
8404 1
8404 1
8404 1
8404 1
8404 1
8404 1
8404 1
8404 1
8404 1
8404 1
8404 1
8404 1
8404 1
8405 1
8405 1
8405 1
8405 1
8405 1
8405 1
8405 1
8405 1
8405 1
8405 1
8405 1
8405 1
8405 1
8405 1
8405 1
8405 1
8405 1
8405 1
8405 1
8405 1
8405 1
8405 1
8405 1
8405 1
8405 1
8405 1
8405 1
8405 1
8405 1
8405 1
8405 1
8405 1
8405 1
8405 1
8405 1
8405 1
8405 1
8405 1
8405 1
8405 1
8405 1
8405 1
8405 1
8405 1
8405 1
8406 1
8406 1
8406 1
8406 1
8406 1
8406 1
8406 1
8406 1
8406 1
8406 1
8406 1
8406 1
8406 1
8406 1
8406 1
8406 1
8406 1
8406 1
8406 1
8406 1
8406 1
8406 1
8406 1
8406 1
8406 1
8406 1
8406 1
8406 1
8406 1
8406 1
8406 1
8406 1
8406 1
8406 1
8406 1
8406 1
8406 1
8406 1
8406 1
8406 1
8406 1
8406 1
8406 1
8406 1
8406 1
8457 1
8457 1
8457 1
8457 1
8457 1
8457 1
8457 1
8457 1
8457 1
8457 1
8457 1
8457 1
8457 1
8457 1
8457 1
8457 1
8457 1
8457 1
8457 1
8457 1
8457 1
8457 1
8457 1
8457 1
8457 1
8457 1
8457 1
8457 1
8457 1
8457 1
8457 1
8457 1
8457 1
8457 1
8457 1
8457 1
8457 1
8457 1
8457 1
8457 1
8457 1
8457 1
8457 1
8457 1
8457 1
8458 1
8458 1
8458 1
8458 1
8458 1
8458 1
8458 1
8458 1
8458 1
8458 1
8458 1
8458 1
8458 1
8458 1
8458 1
8458 1
8458 1
8458 1
8458 1
8458 1
8458 1
8458 1
8458 1
8458 1
8458 1
8458 1
8458 1
8458 1
8458 1
8458 1
8458 1
8458 1
8458 1
8458 1
8458 1
8458 1
8458 1
8458 1
8458 1
8458 1
8458 1
8458 1
8458 1
8458 1
8458 1
