pt_graph shape
10095 1
10095 1
10095 1
10095 1
10095 1
10095 1
10095 1
10095 1
10095 1
10095 1
10095 1
10095 1
10095 1
10095 1
10095 1
10095 1
10095 1
10095 1
10095 1
10095 1
10095 1
10095 1
10095 1
10095 1
10095 1
10095 1
10095 1
10095 1
10095 1
10095 1
10095 1
10095 1
10095 1
10095 1
10095 1
10095 1
10095 1
10095 1
10095 1
3664 1
3664 1
3664 1
3664 1
3664 1
3664 1
3664 1
3664 1
3664 1
3664 1
3664 1
3664 1
3664 1
3664 1
3664 1
3664 1
3664 1
3664 1
3664 1
3664 1
3664 1
3664 1
3664 1
3664 1
3664 1
3664 1
3664 1
3664 1
3664 1
3664 1
3664 1
3664 1
3664 1
3664 1
3664 1
3664 1
3664 1
3664 1
3664 1
3750 1
3750 1
3750 1
3750 1
3750 1
3750 1
3750 1
3750 1
3750 1
3750 1
3750 1
3750 1
3750 1
3750 1
3750 1
3750 1
3750 1
3750 1
3750 1
3750 1
3750 1
3750 1
3750 1
3750 1
3750 1
3750 1
3750 1
3750 1
3750 1
3750 1
3750 1
3750 1
3750 1
3750 1
3750 1
3750 1
3750 1
3750 1
3750 1
3841 1
3841 1
3841 1
3841 1
3841 1
3841 1
3841 1
3841 1
3841 1
3841 1
3841 1
3841 1
3841 1
3841 1
3841 1
3841 1
3841 1
3841 1
3841 1
3841 1
3841 1
3841 1
3841 1
3841 1
3841 1
3841 1
3841 1
3841 1
3841 1
3841 1
3841 1
3841 1
3841 1
3841 1
3841 1
3841 1
3841 1
3841 1
3841 1
3842 1
3842 1
3842 1
3842 1
3842 1
3842 1
3842 1
3842 1
3842 1
3842 1
3842 1
3842 1
3842 1
3842 1
3842 1
3842 1
3842 1
3842 1
3842 1
3842 1
3842 1
3842 1
3842 1
3842 1
3842 1
3842 1
3842 1
3842 1
3842 1
3842 1
3842 1
3842 1
3842 1
3842 1
3842 1
3842 1
3842 1
3842 1
3842 1
3931 1
3931 1
3931 1
3931 1
3931 1
3931 1
3931 1
3931 1
3931 1
3931 1
3931 1
3931 1
3931 1
3931 1
3931 1
3931 1
3931 1
3931 1
3931 1
3931 1
3931 1
3931 1
3931 1
3931 1
3931 1
3931 1
3931 1
3931 1
3931 1
3931 1
3931 1
3931 1
3931 1
3931 1
3931 1
3931 1
3931 1
3931 1
3931 1
3932 1
3932 1
3932 1
3932 1
3932 1
3932 1
3932 1
3932 1
3932 1
3932 1
3932 1
3932 1
3932 1
3932 1
3932 1
3932 1
3932 1
3932 1
3932 1
3932 1
3932 1
3932 1
3932 1
3932 1
3932 1
3932 1
3932 1
3932 1
3932 1
3932 1
3932 1
3932 1
3932 1
3932 1
3932 1
3932 1
3932 1
3932 1
3932 1
4280 1
4280 1
4280 1
4280 1
4280 1
4280 1
4280 1
4280 1
4280 1
4280 1
4280 1
4280 1
4280 1
4280 1
4280 1
4280 1
4280 1
4280 1
4280 1
4280 1
4280 1
4280 1
4280 1
4280 1
4280 1
4280 1
4280 1
4280 1
4280 1
4280 1
4280 1
4280 1
4280 1
4280 1
4280 1
4280 1
4280 1
4280 1
4280 1
10674 1
10674 1
10674 1
10674 1
10674 1
10674 1
10674 1
10674 1
10674 1
10674 1
10674 1
10674 1
10674 1
10674 1
10674 1
10674 1
10674 1
10674 1
10674 1
10674 1
10674 1
10674 1
10674 1
10674 1
10674 1
10674 1
10674 1
10674 1
10674 1
10674 1
10674 1
10674 1
10674 1
10674 1
10674 1
10674 1
10674 1
10674 1
10674 1
4734 1
4734 1
4734 1
4734 1
4734 1
4734 1
4734 1
4734 1
4734 1
4734 1
4734 1
4734 1
4734 1
4734 1
4734 1
4734 1
4734 1
4734 1
4734 1
4734 1
4734 1
4734 1
4734 1
4734 1
4734 1
4734 1
4734 1
4734 1
4734 1
4734 1
4734 1
4734 1
4734 1
4734 1
4734 1
4734 1
4734 1
4734 1
4734 1
5283 1
5283 1
5283 1
5283 1
5283 1
5283 1
5283 1
5283 1
5283 1
5283 1
5283 1
5283 1
5283 1
5283 1
5283 1
5283 1
5283 1
5283 1
5283 1
5283 1
5283 1
5283 1
5283 1
5283 1
5283 1
5283 1
5283 1
5283 1
5283 1
5283 1
5283 1
5283 1
5283 1
5283 1
5283 1
5283 1
5283 1
5283 1
5283 1
5629 1
5629 1
5629 1
5629 1
5629 1
5629 1
5629 1
5629 1
5629 1
5629 1
5629 1
5629 1
5629 1
5629 1
5629 1
5629 1
5629 1
5629 1
5629 1
5629 1
5629 1
5629 1
5629 1
5629 1
5629 1
5629 1
5629 1
5629 1
5629 1
5629 1
5629 1
5629 1
5629 1
5629 1
5629 1
5629 1
5629 1
5629 1
5629 1
5717 1
5717 1
5717 1
5717 1
5717 1
5717 1
5717 1
5717 1
5717 1
5717 1
5717 1
5717 1
5717 1
5717 1
5717 1
5717 1
5717 1
5717 1
5717 1
5717 1
5717 1
5717 1
5717 1
5717 1
5717 1
5717 1
5717 1
5717 1
5717 1
5717 1
5717 1
5717 1
5717 1
5717 1
5717 1
5717 1
5717 1
5717 1
5717 1
10108 1
10108 1
10108 1
10108 1
10108 1
10108 1
10108 1
10108 1
10108 1
10108 1
10108 1
10108 1
10108 1
10108 1
10108 1
10108 1
10108 1
10108 1
10108 1
10108 1
10108 1
10108 1
10108 1
10108 1
10108 1
10108 1
10108 1
10108 1
10108 1
10108 1
10108 1
10108 1
10108 1
10108 1
10108 1
10108 1
10108 1
10108 1
10108 1
10424 1
10424 1
10424 1
10424 1
10424 1
10424 1
10424 1
10424 1
10424 1
10424 1
10424 1
10424 1
10424 1
10424 1
10424 1
10424 1
10424 1
10424 1
10424 1
10424 1
10424 1
10424 1
10424 1
10424 1
10424 1
10424 1
10424 1
10424 1
10424 1
10424 1
10424 1
10424 1
10424 1
10424 1
10424 1
10424 1
10424 1
10424 1
10424 1
5802 1
5802 1
5802 1
5802 1
5802 1
5802 1
5802 1
5802 1
5802 1
5802 1
5802 1
5802 1
5802 1
5802 1
5802 1
5802 1
5802 1
5802 1
5802 1
5802 1
5802 1
5802 1
5802 1
5802 1
5802 1
5802 1
5802 1
5802 1
5802 1
5802 1
5802 1
5802 1
5802 1
5802 1
5802 1
5802 1
5802 1
5802 1
5802 1
10107 1
10107 1
10107 1
10107 1
10107 1
10107 1
10107 1
10107 1
10107 1
10107 1
10107 1
10107 1
10107 1
10107 1
10107 1
10107 1
10107 1
10107 1
10107 1
10107 1
10107 1
10107 1
10107 1
10107 1
10107 1
10107 1
10107 1
10107 1
10107 1
10107 1
10107 1
10107 1
10107 1
10107 1
10107 1
10107 1
10107 1
10107 1
10107 1
10166 1
10166 1
10166 1
10166 1
10166 1
10166 1
10166 1
10166 1
10166 1
10166 1
10166 1
10166 1
10166 1
10166 1
10166 1
10166 1
10166 1
10166 1
10166 1
10166 1
10166 1
10166 1
10166 1
10166 1
10166 1
10166 1
10166 1
10166 1
10166 1
10166 1
10166 1
10166 1
10166 1
10166 1
10166 1
10166 1
10166 1
10166 1
10166 1
10452 1
10452 1
10452 1
10452 1
10452 1
10452 1
10452 1
10452 1
10452 1
10452 1
10452 1
10452 1
10452 1
10452 1
10452 1
10452 1
10452 1
10452 1
10452 1
10452 1
10452 1
10452 1
10452 1
10452 1
10452 1
10452 1
10452 1
10452 1
10452 1
10452 1
10452 1
10452 1
10452 1
10452 1
10452 1
10452 1
10452 1
10452 1
10452 1
5989 1
5989 1
5989 1
5989 1
5989 1
5989 1
5989 1
5989 1
5989 1
5989 1
5989 1
5989 1
5989 1
5989 1
5989 1
5989 1
5989 1
5989 1
5989 1
5989 1
5989 1
5989 1
5989 1
5989 1
5989 1
5989 1
5989 1
5989 1
5989 1
5989 1
5989 1
5989 1
5989 1
5989 1
5989 1
5989 1
5989 1
5989 1
5989 1
5807 1
5807 1
5807 1
5807 1
5807 1
5807 1
5807 1
5807 1
5807 1
5807 1
5807 1
5807 1
5807 1
5807 1
5807 1
5807 1
5807 1
5807 1
5807 1
5807 1
5807 1
5807 1
5807 1
5807 1
5807 1
5807 1
5807 1
5807 1
5807 1
5807 1
5807 1
5807 1
5807 1
5807 1
5807 1
5807 1
5807 1
5807 1
5807 1
5809 1
5809 1
5809 1
5809 1
5809 1
5809 1
5809 1
5809 1
5809 1
5809 1
5809 1
5809 1
5809 1
5809 1
5809 1
5809 1
5809 1
5809 1
5809 1
5809 1
5809 1
5809 1
5809 1
5809 1
5809 1
5809 1
5809 1
5809 1
5809 1
5809 1
5809 1
5809 1
5809 1
5809 1
5809 1
5809 1
5809 1
5809 1
5809 1
5896 1
5896 1
5896 1
5896 1
5896 1
5896 1
5896 1
5896 1
5896 1
5896 1
5896 1
5896 1
5896 1
5896 1
5896 1
5896 1
5896 1
5896 1
5896 1
5896 1
5896 1
5896 1
5896 1
5896 1
5896 1
5896 1
5896 1
5896 1
5896 1
5896 1
5896 1
5896 1
5896 1
5896 1
5896 1
5896 1
5896 1
5896 1
5896 1
5810 1
5810 1
5810 1
5810 1
5810 1
5810 1
5810 1
5810 1
5810 1
5810 1
5810 1
5810 1
5810 1
5810 1
5810 1
5810 1
5810 1
5810 1
5810 1
5810 1
5810 1
5810 1
5810 1
5810 1
5810 1
5810 1
5810 1
5810 1
5810 1
5810 1
5810 1
5810 1
5810 1
5810 1
5810 1
5810 1
5810 1
5810 1
5810 1
5993 1
5993 1
5993 1
5993 1
5993 1
5993 1
5993 1
5993 1
5993 1
5993 1
5993 1
5993 1
5993 1
5993 1
5993 1
5993 1
5993 1
5993 1
5993 1
5993 1
5993 1
5993 1
5993 1
5993 1
5993 1
5993 1
5993 1
5993 1
5993 1
5993 1
5993 1
5993 1
5993 1
5993 1
5993 1
5993 1
5993 1
5993 1
5993 1
5997 1
5997 1
5997 1
5997 1
5997 1
5997 1
5997 1
5997 1
5997 1
5997 1
5997 1
5997 1
5997 1
5997 1
5997 1
5997 1
5997 1
5997 1
5997 1
5997 1
5997 1
5997 1
5997 1
5997 1
5997 1
5997 1
5997 1
5997 1
5997 1
5997 1
5997 1
5997 1
5997 1
5997 1
5997 1
5997 1
5997 1
5997 1
5997 1
5904 1
5904 1
5904 1
5904 1
5904 1
5904 1
5904 1
5904 1
5904 1
5904 1
5904 1
5904 1
5904 1
5904 1
5904 1
5904 1
5904 1
5904 1
5904 1
5904 1
5904 1
5904 1
5904 1
5904 1
5904 1
5904 1
5904 1
5904 1
5904 1
5904 1
5904 1
5904 1
5904 1
5904 1
5904 1
5904 1
5904 1
5904 1
5904 1
5998 1
5998 1
5998 1
5998 1
5998 1
5998 1
5998 1
5998 1
5998 1
5998 1
5998 1
5998 1
5998 1
5998 1
5998 1
5998 1
5998 1
5998 1
5998 1
5998 1
5998 1
5998 1
5998 1
5998 1
5998 1
5998 1
5998 1
5998 1
5998 1
5998 1
5998 1
5998 1
5998 1
5998 1
5998 1
5998 1
5998 1
5998 1
5998 1
5999 1
5999 1
5999 1
5999 1
5999 1
5999 1
5999 1
5999 1
5999 1
5999 1
5999 1
5999 1
5999 1
5999 1
5999 1
5999 1
5999 1
5999 1
5999 1
5999 1
5999 1
5999 1
5999 1
5999 1
5999 1
5999 1
5999 1
5999 1
5999 1
5999 1
5999 1
5999 1
5999 1
5999 1
5999 1
5999 1
5999 1
5999 1
5999 1
5907 1
5907 1
5907 1
5907 1
5907 1
5907 1
5907 1
5907 1
5907 1
5907 1
5907 1
5907 1
5907 1
5907 1
5907 1
5907 1
5907 1
5907 1
5907 1
5907 1
5907 1
5907 1
5907 1
5907 1
5907 1
5907 1
5907 1
5907 1
5907 1
5907 1
5907 1
5907 1
5907 1
5907 1
5907 1
5907 1
5907 1
5907 1
5907 1
6099 1
6099 1
6099 1
6099 1
6099 1
6099 1
6099 1
6099 1
6099 1
6099 1
6099 1
6099 1
6099 1
6099 1
6099 1
6099 1
6099 1
6099 1
6099 1
6099 1
6099 1
6099 1
6099 1
6099 1
6099 1
6099 1
6099 1
6099 1
6099 1
6099 1
6099 1
6099 1
6099 1
6099 1
6099 1
6099 1
6099 1
6099 1
6099 1
6100 1
6100 1
6100 1
6100 1
6100 1
6100 1
6100 1
6100 1
6100 1
6100 1
6100 1
6100 1
6100 1
6100 1
6100 1
6100 1
6100 1
6100 1
6100 1
6100 1
6100 1
6100 1
6100 1
6100 1
6100 1
6100 1
6100 1
6100 1
6100 1
6100 1
6100 1
6100 1
6100 1
6100 1
6100 1
6100 1
6100 1
6100 1
6100 1
6200 1
6200 1
6200 1
6200 1
6200 1
6200 1
6200 1
6200 1
6200 1
6200 1
6200 1
6200 1
6200 1
6200 1
6200 1
6200 1
6200 1
6200 1
6200 1
6200 1
6200 1
6200 1
6200 1
6200 1
6200 1
6200 1
6200 1
6200 1
6200 1
6200 1
6200 1
6200 1
6200 1
6200 1
6200 1
6200 1
6200 1
6200 1
6200 1
6381 1
6381 1
6381 1
6381 1
6381 1
6381 1
6381 1
6381 1
6381 1
6381 1
6381 1
6381 1
6381 1
6381 1
6381 1
6381 1
6381 1
6381 1
6381 1
6381 1
6381 1
6381 1
6381 1
6381 1
6381 1
6381 1
6381 1
6381 1
6381 1
6381 1
6381 1
6381 1
6381 1
6381 1
6381 1
6381 1
6381 1
6381 1
6381 1
6390 1
6390 1
6390 1
6390 1
6390 1
6390 1
6390 1
6390 1
6390 1
6390 1
6390 1
6390 1
6390 1
6390 1
6390 1
6390 1
6390 1
6390 1
6390 1
6390 1
6390 1
6390 1
6390 1
6390 1
6390 1
6390 1
6390 1
6390 1
6390 1
6390 1
6390 1
6390 1
6390 1
6390 1
6390 1
6390 1
6390 1
6390 1
6390 1
6559 1
6559 1
6559 1
6559 1
6559 1
6559 1
6559 1
6559 1
6559 1
6559 1
6559 1
6559 1
6559 1
6559 1
6559 1
6559 1
6559 1
6559 1
6559 1
6559 1
6559 1
6559 1
6559 1
6559 1
6559 1
6559 1
6559 1
6559 1
6559 1
6559 1
6559 1
6559 1
6559 1
6559 1
6559 1
6559 1
6559 1
6559 1
6559 1
6639 1
6639 1
6639 1
6639 1
6639 1
6639 1
6639 1
6639 1
6639 1
6639 1
6639 1
6639 1
6639 1
6639 1
6639 1
6639 1
6639 1
6639 1
6639 1
6639 1
6639 1
6639 1
6639 1
6639 1
6639 1
6639 1
6639 1
6639 1
6639 1
6639 1
6639 1
6639 1
6639 1
6639 1
6639 1
6639 1
6639 1
6639 1
6639 1
6640 1
6640 1
6640 1
6640 1
6640 1
6640 1
6640 1
6640 1
6640 1
6640 1
6640 1
6640 1
6640 1
6640 1
6640 1
6640 1
6640 1
6640 1
6640 1
6640 1
6640 1
6640 1
6640 1
6640 1
6640 1
6640 1
6640 1
6640 1
6640 1
6640 1
6640 1
6640 1
6640 1
6640 1
6640 1
6640 1
6640 1
6640 1
6640 1
6789 1
6789 1
6789 1
6789 1
6789 1
6789 1
6789 1
6789 1
6789 1
6789 1
6789 1
6789 1
6789 1
6789 1
6789 1
6789 1
6789 1
6789 1
6789 1
6789 1
6789 1
6789 1
6789 1
6789 1
6789 1
6789 1
6789 1
6789 1
6789 1
6789 1
6789 1
6789 1
6789 1
6789 1
6789 1
6789 1
6789 1
6789 1
6789 1
6862 1
6862 1
6862 1
6862 1
6862 1
6862 1
6862 1
6862 1
6862 1
6862 1
6862 1
6862 1
6862 1
6862 1
6862 1
6862 1
6862 1
6862 1
6862 1
6862 1
6862 1
6862 1
6862 1
6862 1
6862 1
6862 1
6862 1
6862 1
6862 1
6862 1
6862 1
6862 1
6862 1
6862 1
6862 1
6862 1
6862 1
6862 1
6862 1
6930 1
6930 1
6930 1
6930 1
6930 1
6930 1
6930 1
6930 1
6930 1
6930 1
6930 1
6930 1
6930 1
6930 1
6930 1
6930 1
6930 1
6930 1
6930 1
6930 1
6930 1
6930 1
6930 1
6930 1
6930 1
6930 1
6930 1
6930 1
6930 1
6930 1
6930 1
6930 1
6930 1
6930 1
6930 1
6930 1
6930 1
6930 1
6930 1
6931 1
6931 1
6931 1
6931 1
6931 1
6931 1
6931 1
6931 1
6931 1
6931 1
6931 1
6931 1
6931 1
6931 1
6931 1
6931 1
6931 1
6931 1
6931 1
6931 1
6931 1
6931 1
6931 1
6931 1
6931 1
6931 1
6931 1
6931 1
6931 1
6931 1
6931 1
6931 1
6931 1
6931 1
6931 1
6931 1
6931 1
6931 1
6931 1
7059 1
7059 1
7059 1
7059 1
7059 1
7059 1
7059 1
7059 1
7059 1
7059 1
7059 1
7059 1
7059 1
7059 1
7059 1
7059 1
7059 1
7059 1
7059 1
7059 1
7059 1
7059 1
7059 1
7059 1
7059 1
7059 1
7059 1
7059 1
7059 1
7059 1
7059 1
7059 1
7059 1
7059 1
7059 1
7059 1
7059 1
7059 1
7059 1
6934 1
6934 1
6934 1
6934 1
6934 1
6934 1
6934 1
6934 1
6934 1
6934 1
6934 1
6934 1
6934 1
6934 1
6934 1
6934 1
6934 1
6934 1
6934 1
6934 1
6934 1
6934 1
6934 1
6934 1
6934 1
6934 1
6934 1
6934 1
6934 1
6934 1
6934 1
6934 1
6934 1
6934 1
6934 1
6934 1
6934 1
6934 1
6934 1
7000 1
7000 1
7000 1
7000 1
7000 1
7000 1
7000 1
7000 1
7000 1
7000 1
7000 1
7000 1
7000 1
7000 1
7000 1
7000 1
7000 1
7000 1
7000 1
7000 1
7000 1
7000 1
7000 1
7000 1
7000 1
7000 1
7000 1
7000 1
7000 1
7000 1
7000 1
7000 1
7000 1
7000 1
7000 1
7000 1
7000 1
7000 1
7000 1
7201 1
7201 1
7201 1
7201 1
7201 1
7201 1
7201 1
7201 1
7201 1
7201 1
7201 1
7201 1
7201 1
7201 1
7201 1
7201 1
7201 1
7201 1
7201 1
7201 1
7201 1
7201 1
7201 1
7201 1
7201 1
7201 1
7201 1
7201 1
7201 1
7201 1
7201 1
7201 1
7201 1
7201 1
7201 1
7201 1
7201 1
7201 1
7201 1
7073 1
7073 1
7073 1
7073 1
7073 1
7073 1
7073 1
7073 1
7073 1
7073 1
7073 1
7073 1
7073 1
7073 1
7073 1
7073 1
7073 1
7073 1
7073 1
7073 1
7073 1
7073 1
7073 1
7073 1
7073 1
7073 1
7073 1
7073 1
7073 1
7073 1
7073 1
7073 1
7073 1
7073 1
7073 1
7073 1
7073 1
7073 1
7073 1
7144 1
7144 1
7144 1
7144 1
7144 1
7144 1
7144 1
7144 1
7144 1
7144 1
7144 1
7144 1
7144 1
7144 1
7144 1
7144 1
7144 1
7144 1
7144 1
7144 1
7144 1
7144 1
7144 1
7144 1
7144 1
7144 1
7144 1
7144 1
7144 1
7144 1
7144 1
7144 1
7144 1
7144 1
7144 1
7144 1
7144 1
7144 1
7144 1
7220 1
7220 1
7220 1
7220 1
7220 1
7220 1
7220 1
7220 1
7220 1
7220 1
7220 1
7220 1
7220 1
7220 1
7220 1
7220 1
7220 1
7220 1
7220 1
7220 1
7220 1
7220 1
7220 1
7220 1
7220 1
7220 1
7220 1
7220 1
7220 1
7220 1
7220 1
7220 1
7220 1
7220 1
7220 1
7220 1
7220 1
7220 1
7220 1
7284 1
7284 1
7284 1
7284 1
7284 1
7284 1
7284 1
7284 1
7284 1
7284 1
7284 1
7284 1
7284 1
7284 1
7284 1
7284 1
7284 1
7284 1
7284 1
7284 1
7284 1
7284 1
7284 1
7284 1
7284 1
7284 1
7284 1
7284 1
7284 1
7284 1
7284 1
7284 1
7284 1
7284 1
7284 1
7284 1
7284 1
7284 1
7284 1
7413 1
7413 1
7413 1
7413 1
7413 1
7413 1
7413 1
7413 1
7413 1
7413 1
7413 1
7413 1
7413 1
7413 1
7413 1
7413 1
7413 1
7413 1
7413 1
7413 1
7413 1
7413 1
7413 1
7413 1
7413 1
7413 1
7413 1
7413 1
7413 1
7413 1
7413 1
7413 1
7413 1
7413 1
7413 1
7413 1
7413 1
7413 1
7413 1
7514 1
7514 1
7514 1
7514 1
7514 1
7514 1
7514 1
7514 1
7514 1
7514 1
7514 1
7514 1
7514 1
7514 1
7514 1
7514 1
7514 1
7514 1
7514 1
7514 1
7514 1
7514 1
7514 1
7514 1
7514 1
7514 1
7514 1
7514 1
7514 1
7514 1
7514 1
7514 1
7514 1
7514 1
7514 1
7514 1
7514 1
7514 1
7514 1
7418 1
7418 1
7418 1
7418 1
7418 1
7418 1
7418 1
7418 1
7418 1
7418 1
7418 1
7418 1
7418 1
7418 1
7418 1
7418 1
7418 1
7418 1
7418 1
7418 1
7418 1
7418 1
7418 1
7418 1
7418 1
7418 1
7418 1
7418 1
7418 1
7418 1
7418 1
7418 1
7418 1
7418 1
7418 1
7418 1
7418 1
7418 1
7418 1
7474 1
7474 1
7474 1
7474 1
7474 1
7474 1
7474 1
7474 1
7474 1
7474 1
7474 1
7474 1
7474 1
7474 1
7474 1
7474 1
7474 1
7474 1
7474 1
7474 1
7474 1
7474 1
7474 1
7474 1
7474 1
7474 1
7474 1
7474 1
7474 1
7474 1
7474 1
7474 1
7474 1
7474 1
7474 1
7474 1
7474 1
7474 1
7474 1
7585 1
7585 1
7585 1
7585 1
7585 1
7585 1
7585 1
7585 1
7585 1
7585 1
7585 1
7585 1
7585 1
7585 1
7585 1
7585 1
7585 1
7585 1
7585 1
7585 1
7585 1
7585 1
7585 1
7585 1
7585 1
7585 1
7585 1
7585 1
7585 1
7585 1
7585 1
7585 1
7585 1
7585 1
7585 1
7585 1
7585 1
7585 1
7585 1
7698 1
7698 1
7698 1
7698 1
7698 1
7698 1
7698 1
7698 1
7698 1
7698 1
7698 1
7698 1
7698 1
7698 1
7698 1
7698 1
7698 1
7698 1
7698 1
7698 1
7698 1
7698 1
7698 1
7698 1
7698 1
7698 1
7698 1
7698 1
7698 1
7698 1
7698 1
7698 1
7698 1
7698 1
7698 1
7698 1
7698 1
7698 1
7698 1
7700 1
7700 1
7700 1
7700 1
7700 1
7700 1
7700 1
7700 1
7700 1
7700 1
7700 1
7700 1
7700 1
7700 1
7700 1
7700 1
7700 1
7700 1
7700 1
7700 1
7700 1
7700 1
7700 1
7700 1
7700 1
7700 1
7700 1
7700 1
7700 1
7700 1
7700 1
7700 1
7700 1
7700 1
7700 1
7700 1
7700 1
7700 1
7700 1
7854 1
7854 1
7854 1
7854 1
7854 1
7854 1
7854 1
7854 1
7854 1
7854 1
7854 1
7854 1
7854 1
7854 1
7854 1
7854 1
7854 1
7854 1
7854 1
7854 1
7854 1
7854 1
7854 1
7854 1
7854 1
7854 1
7854 1
7854 1
7854 1
7854 1
7854 1
7854 1
7854 1
7854 1
7854 1
7854 1
7854 1
7854 1
7854 1
7910 1
7910 1
7910 1
7910 1
7910 1
7910 1
7910 1
7910 1
7910 1
7910 1
7910 1
7910 1
7910 1
7910 1
7910 1
7910 1
7910 1
7910 1
7910 1
7910 1
7910 1
7910 1
7910 1
7910 1
7910 1
7910 1
7910 1
7910 1
7910 1
7910 1
7910 1
7910 1
7910 1
7910 1
7910 1
7910 1
7910 1
7910 1
7910 1
7911 1
7911 1
7911 1
7911 1
7911 1
7911 1
7911 1
7911 1
7911 1
7911 1
7911 1
7911 1
7911 1
7911 1
7911 1
7911 1
7911 1
7911 1
7911 1
7911 1
7911 1
7911 1
7911 1
7911 1
7911 1
7911 1
7911 1
7911 1
7911 1
7911 1
7911 1
7911 1
7911 1
7911 1
7911 1
7911 1
7911 1
7911 1
7911 1
7924 1
7924 1
7924 1
7924 1
7924 1
7924 1
7924 1
7924 1
7924 1
7924 1
7924 1
7924 1
7924 1
7924 1
7924 1
7924 1
7924 1
7924 1
7924 1
7924 1
7924 1
7924 1
7924 1
7924 1
7924 1
7924 1
7924 1
7924 1
7924 1
7924 1
7924 1
7924 1
7924 1
7924 1
7924 1
7924 1
7924 1
7924 1
7924 1
8088 1
8088 1
8088 1
8088 1
8088 1
8088 1
8088 1
8088 1
8088 1
8088 1
8088 1
8088 1
8088 1
8088 1
8088 1
8088 1
8088 1
8088 1
8088 1
8088 1
8088 1
8088 1
8088 1
8088 1
8088 1
8088 1
8088 1
8088 1
8088 1
8088 1
8088 1
8088 1
8088 1
8088 1
8088 1
8088 1
8088 1
8088 1
8088 1
8137 1
8137 1
8137 1
8137 1
8137 1
8137 1
8137 1
8137 1
8137 1
8137 1
8137 1
8137 1
8137 1
8137 1
8137 1
8137 1
8137 1
8137 1
8137 1
8137 1
8137 1
8137 1
8137 1
8137 1
8137 1
8137 1
8137 1
8137 1
8137 1
8137 1
8137 1
8137 1
8137 1
8137 1
8137 1
8137 1
8137 1
8137 1
8137 1
8189 1
8189 1
8189 1
8189 1
8189 1
8189 1
8189 1
8189 1
8189 1
8189 1
8189 1
8189 1
8189 1
8189 1
8189 1
8189 1
8189 1
8189 1
8189 1
8189 1
8189 1
8189 1
8189 1
8189 1
8189 1
8189 1
8189 1
8189 1
8189 1
8189 1
8189 1
8189 1
8189 1
8189 1
8189 1
8189 1
8189 1
8189 1
8189 1
8243 1
8243 1
8243 1
8243 1
8243 1
8243 1
8243 1
8243 1
8243 1
8243 1
8243 1
8243 1
8243 1
8243 1
8243 1
8243 1
8243 1
8243 1
8243 1
8243 1
8243 1
8243 1
8243 1
8243 1
8243 1
8243 1
8243 1
8243 1
8243 1
8243 1
8243 1
8243 1
8243 1
8243 1
8243 1
8243 1
8243 1
8243 1
8243 1
8196 1
8196 1
8196 1
8196 1
8196 1
8196 1
8196 1
8196 1
8196 1
8196 1
8196 1
8196 1
8196 1
8196 1
8196 1
8196 1
8196 1
8196 1
8196 1
8196 1
8196 1
8196 1
8196 1
8196 1
8196 1
8196 1
8196 1
8196 1
8196 1
8196 1
8196 1
8196 1
8196 1
8196 1
8196 1
8196 1
8196 1
8196 1
8196 1
8247 1
8247 1
8247 1
8247 1
8247 1
8247 1
8247 1
8247 1
8247 1
8247 1
8247 1
8247 1
8247 1
8247 1
8247 1
8247 1
8247 1
8247 1
8247 1
8247 1
8247 1
8247 1
8247 1
8247 1
8247 1
8247 1
8247 1
8247 1
8247 1
8247 1
8247 1
8247 1
8247 1
8247 1
8247 1
8247 1
8247 1
8247 1
8247 1
8301 1
8301 1
8301 1
8301 1
8301 1
8301 1
8301 1
8301 1
8301 1
8301 1
8301 1
8301 1
8301 1
8301 1
8301 1
8301 1
8301 1
8301 1
8301 1
8301 1
8301 1
8301 1
8301 1
8301 1
8301 1
8301 1
8301 1
8301 1
8301 1
8301 1
8301 1
8301 1
8301 1
8301 1
8301 1
8301 1
8301 1
8301 1
8301 1
8348 1
8348 1
8348 1
8348 1
8348 1
8348 1
8348 1
8348 1
8348 1
8348 1
8348 1
8348 1
8348 1
8348 1
8348 1
8348 1
8348 1
8348 1
8348 1
8348 1
8348 1
8348 1
8348 1
8348 1
8348 1
8348 1
8348 1
8348 1
8348 1
8348 1
8348 1
8348 1
8348 1
8348 1
8348 1
8348 1
8348 1
8348 1
8348 1
8353 1
8353 1
8353 1
8353 1
8353 1
8353 1
8353 1
8353 1
8353 1
8353 1
8353 1
8353 1
8353 1
8353 1
8353 1
8353 1
8353 1
8353 1
8353 1
8353 1
8353 1
8353 1
8353 1
8353 1
8353 1
8353 1
8353 1
8353 1
8353 1
8353 1
8353 1
8353 1
8353 1
8353 1
8353 1
8353 1
8353 1
8353 1
8353 1
8354 1
8354 1
8354 1
8354 1
8354 1
8354 1
8354 1
8354 1
8354 1
8354 1
8354 1
8354 1
8354 1
8354 1
8354 1
8354 1
8354 1
8354 1
8354 1
8354 1
8354 1
8354 1
8354 1
8354 1
8354 1
8354 1
8354 1
8354 1
8354 1
8354 1
8354 1
8354 1
8354 1
8354 1
8354 1
8354 1
8354 1
8354 1
8354 1
8405 1
8405 1
8405 1
8405 1
8405 1
8405 1
8405 1
8405 1
8405 1
8405 1
8405 1
8405 1
8405 1
8405 1
8405 1
8405 1
8405 1
8405 1
8405 1
8405 1
8405 1
8405 1
8405 1
8405 1
8405 1
8405 1
8405 1
8405 1
8405 1
8405 1
8405 1
8405 1
8405 1
8405 1
8405 1
8405 1
8405 1
8405 1
8405 1
8451 1
8451 1
8451 1
8451 1
8451 1
8451 1
8451 1
8451 1
8451 1
8451 1
8451 1
8451 1
8451 1
8451 1
8451 1
8451 1
8451 1
8451 1
8451 1
8451 1
8451 1
8451 1
8451 1
8451 1
8451 1
8451 1
8451 1
8451 1
8451 1
8451 1
8451 1
8451 1
8451 1
8451 1
8451 1
8451 1
8451 1
8451 1
8451 1
8503 1
8503 1
8503 1
8503 1
8503 1
8503 1
8503 1
8503 1
8503 1
8503 1
8503 1
8503 1
8503 1
8503 1
8503 1
8503 1
8503 1
8503 1
8503 1
8503 1
8503 1
8503 1
8503 1
8503 1
8503 1
8503 1
8503 1
8503 1
8503 1
8503 1
8503 1
8503 1
8503 1
8503 1
8503 1
8503 1
8503 1
8503 1
8503 1
8504 1
8504 1
8504 1
8504 1
8504 1
8504 1
8504 1
8504 1
8504 1
8504 1
8504 1
8504 1
8504 1
8504 1
8504 1
8504 1
8504 1
8504 1
8504 1
8504 1
8504 1
8504 1
8504 1
8504 1
8504 1
8504 1
8504 1
8504 1
8504 1
8504 1
8504 1
8504 1
8504 1
8504 1
8504 1
8504 1
8504 1
8504 1
8504 1
8505 1
8505 1
8505 1
8505 1
8505 1
8505 1
8505 1
8505 1
8505 1
8505 1
8505 1
8505 1
8505 1
8505 1
8505 1
8505 1
8505 1
8505 1
8505 1
8505 1
8505 1
8505 1
8505 1
8505 1
8505 1
8505 1
8505 1
8505 1
8505 1
8505 1
8505 1
8505 1
8505 1
8505 1
8505 1
8505 1
8505 1
8505 1
8505 1
8506 1
8506 1
8506 1
8506 1
8506 1
8506 1
8506 1
8506 1
8506 1
8506 1
8506 1
8506 1
8506 1
8506 1
8506 1
8506 1
8506 1
8506 1
8506 1
8506 1
8506 1
8506 1
8506 1
8506 1
8506 1
8506 1
8506 1
8506 1
8506 1
8506 1
8506 1
8506 1
8506 1
8506 1
8506 1
8506 1
8506 1
8506 1
8506 1
8557 1
8557 1
8557 1
8557 1
8557 1
8557 1
8557 1
8557 1
8557 1
8557 1
8557 1
8557 1
8557 1
8557 1
8557 1
8557 1
8557 1
8557 1
8557 1
8557 1
8557 1
8557 1
8557 1
8557 1
8557 1
8557 1
8557 1
8557 1
8557 1
8557 1
8557 1
8557 1
8557 1
8557 1
8557 1
8557 1
8557 1
8557 1
8557 1
