pt_graph scale
4542 0
4542 4.63503039665627
4542 4.63503039665627
4542 4.63503039665627
4542 4.63503039665627
4542 0
4542 2.47486738431394
4542 2.47486738431394
4542 2.68260171371779
4542 2.68260171371779
4542 2.68260171371779
4542 0
4542 1.40606963672547
4542 6.4928544871644
4542 6.4928544871644
4542 6.4928544871644
4542 0.86353189637128
4542 0.305598340935215
4542 3.90744919889126
4542 1.03214814796064
4542 0
4542 3.32179712817487
4542 0
4542 0
4542 9.4328385754032
4542 9.4328385754032
4542 0
4542 16.8405823185984
4542 16.8405823185984
4542 16.8405823185984
4542 3.84759237250954
4542 0
4542 29.9362771840751
4542 1015.81798032133
4542 0.60551761167694
4542 0.60551761167694
4542 8.74225147396345
4542 8.74225147396345
4542 1.06216612699686
4542 1.06216612699686
4542 1.06216612699686
4542 0.394121497985637
4542 0.394121497985637
4542 0.394121497985637
4542 2.41932465428334
4712 0
4712 4.63503039665627
4712 4.63503039665627
4712 4.63503039665627
4712 4.63503039665627
4712 0
4712 2.47486738431394
4712 2.47486738431394
4712 2.68260171371779
4712 2.68260171371779
4712 2.68260171371779
4712 0
4712 1.40606963672547
4712 6.4928544871644
4712 6.4928544871644
4712 6.4928544871644
4712 0.86353189637128
4712 0.305598340935215
4712 3.90744919889126
4712 1.03214814796064
4712 0
4712 3.32179712817487
4712 0
4712 0
4712 9.4328385754032
4712 9.4328385754032
4712 0
4712 16.8405823185984
4712 16.8405823185984
4712 16.8405823185984
4712 3.84759237250954
4712 0
4712 29.9362771840751
4712 1015.81798032133
4712 0.60551761167694
4712 0.60551761167694
4712 8.74225147396345
4712 8.74225147396345
4712 1.06216612699686
4712 1.06216612699686
4712 1.06216612699686
4712 0.394121497985637
4712 0.394121497985637
4712 0.394121497985637
4712 2.41932465428334
4711 0
4711 4.63503039665627
4711 4.63503039665627
4711 4.63503039665627
4711 4.63503039665627
4711 0
4711 2.47486738431394
4711 2.47486738431394
4711 2.68260171371779
4711 2.68260171371779
4711 2.68260171371779
4711 0
4711 1.40606963672547
4711 6.4928544871644
4711 6.4928544871644
4711 6.4928544871644
4711 0.86353189637128
4711 0.305598340935215
4711 3.90744919889126
4711 1.03214814796064
4711 0
4711 3.32179712817487
4711 0
4711 0
4711 9.4328385754032
4711 9.4328385754032
4711 0
4711 16.8405823185984
4711 16.8405823185984
4711 16.8405823185984
4711 3.84759237250954
4711 0
4711 29.9362771840751
4711 1015.81798032133
4711 0.60551761167694
4711 0.60551761167694
4711 8.74225147396345
4711 8.74225147396345
4711 1.06216612699686
4711 1.06216612699686
4711 1.06216612699686
4711 0.394121497985637
4711 0.394121497985637
4711 0.394121497985637
4711 2.41932465428334
5089 0
5089 4.63503039665627
5089 4.63503039665627
5089 4.63503039665627
5089 4.63503039665627
5089 0
5089 2.47486738431394
5089 2.47486738431394
5089 2.68260171371779
5089 2.68260171371779
5089 2.68260171371779
5089 0
5089 1.40606963672547
5089 6.4928544871644
5089 6.4928544871644
5089 6.4928544871644
5089 0.86353189637128
5089 0.305598340935215
5089 3.90744919889126
5089 1.03214814796064
5089 0
5089 3.32179712817487
5089 0
5089 0
5089 9.4328385754032
5089 9.4328385754032
5089 0
5089 16.8405823185984
5089 16.8405823185984
5089 16.8405823185984
5089 3.84759237250954
5089 0
5089 29.9362771840751
5089 1015.81798032133
5089 0.60551761167694
5089 0.60551761167694
5089 8.74225147396345
5089 8.74225147396345
5089 1.06216612699686
5089 1.06216612699686
5089 1.06216612699686
5089 0.394121497985637
5089 0.394121497985637
5089 0.394121497985637
5089 2.41932465428334
5181 0
5181 4.63503039665627
5181 4.63503039665627
5181 4.63503039665627
5181 4.63503039665627
5181 0
5181 2.47486738431394
5181 2.47486738431394
5181 2.68260171371779
5181 2.68260171371779
5181 2.68260171371779
5181 0
5181 1.40606963672547
5181 6.4928544871644
5181 6.4928544871644
5181 6.4928544871644
5181 0.86353189637128
5181 0.305598340935215
5181 3.90744919889126
5181 1.03214814796064
5181 0
5181 3.32179712817487
5181 0
5181 0
5181 9.4328385754032
5181 9.4328385754032
5181 0
5181 16.8405823185984
5181 16.8405823185984
5181 16.8405823185984
5181 3.84759237250954
5181 0
5181 29.9362771840751
5181 1015.81798032133
5181 0.60551761167694
5181 0.60551761167694
5181 8.74225147396345
5181 8.74225147396345
5181 1.06216612699686
5181 1.06216612699686
5181 1.06216612699686
5181 0.394121497985637
5181 0.394121497985637
5181 0.394121497985637
5181 2.41932465428334
4981 0
4981 4.63503039665627
4981 4.63503039665627
4981 4.63503039665627
4981 4.63503039665627
4981 0
4981 2.47486738431394
4981 2.47486738431394
4981 2.68260171371779
4981 2.68260171371779
4981 2.68260171371779
4981 0
4981 1.40606963672547
4981 6.4928544871644
4981 6.4928544871644
4981 6.4928544871644
4981 0.86353189637128
4981 0.305598340935215
4981 3.90744919889126
4981 1.03214814796064
4981 0
4981 3.32179712817487
4981 0
4981 0
4981 9.4328385754032
4981 9.4328385754032
4981 0
4981 16.8405823185984
4981 16.8405823185984
4981 16.8405823185984
4981 3.84759237250954
4981 0
4981 29.9362771840751
4981 1015.81798032133
4981 0.60551761167694
4981 0.60551761167694
4981 8.74225147396345
4981 8.74225147396345
4981 1.06216612699686
4981 1.06216612699686
4981 1.06216612699686
4981 0.394121497985637
4981 0.394121497985637
4981 0.394121497985637
4981 2.41932465428334
10544 0
10544 4.63503039665627
10544 4.63503039665627
10544 4.63503039665627
10544 4.63503039665627
10544 0
10544 2.47486738431394
10544 2.47486738431394
10544 2.68260171371779
10544 2.68260171371779
10544 2.68260171371779
10544 0
10544 1.40606963672547
10544 6.4928544871644
10544 6.4928544871644
10544 6.4928544871644
10544 0.86353189637128
10544 0.305598340935215
10544 3.90744919889126
10544 1.03214814796064
10544 0
10544 3.32179712817487
10544 0
10544 0
10544 9.4328385754032
10544 9.4328385754032
10544 0
10544 16.8405823185984
10544 16.8405823185984
10544 16.8405823185984
10544 3.84759237250954
10544 0
10544 29.9362771840751
10544 1015.81798032133
10544 0.60551761167694
10544 0.60551761167694
10544 8.74225147396345
10544 8.74225147396345
10544 1.06216612699686
10544 1.06216612699686
10544 1.06216612699686
10544 0.394121497985637
10544 0.394121497985637
10544 0.394121497985637
10544 2.41932465428334
5355 0
5355 4.63503039665627
5355 4.63503039665627
5355 4.63503039665627
5355 4.63503039665627
5355 0
5355 2.47486738431394
5355 2.47486738431394
5355 2.68260171371779
5355 2.68260171371779
5355 2.68260171371779
5355 0
5355 1.40606963672547
5355 6.4928544871644
5355 6.4928544871644
5355 6.4928544871644
5355 0.86353189637128
5355 0.305598340935215
5355 3.90744919889126
5355 1.03214814796064
5355 0
5355 3.32179712817487
5355 0
5355 0
5355 9.4328385754032
5355 9.4328385754032
5355 0
5355 16.8405823185984
5355 16.8405823185984
5355 16.8405823185984
5355 3.84759237250954
5355 0
5355 29.9362771840751
5355 1015.81798032133
5355 0.60551761167694
5355 0.60551761167694
5355 8.74225147396345
5355 8.74225147396345
5355 1.06216612699686
5355 1.06216612699686
5355 1.06216612699686
5355 0.394121497985637
5355 0.394121497985637
5355 0.394121497985637
5355 2.41932465428334
5258 0
5258 4.63503039665627
5258 4.63503039665627
5258 4.63503039665627
5258 4.63503039665627
5258 0
5258 2.47486738431394
5258 2.47486738431394
5258 2.68260171371779
5258 2.68260171371779
5258 2.68260171371779
5258 0
5258 1.40606963672547
5258 6.4928544871644
5258 6.4928544871644
5258 6.4928544871644
5258 0.86353189637128
5258 0.305598340935215
5258 3.90744919889126
5258 1.03214814796064
5258 0
5258 3.32179712817487
5258 0
5258 0
5258 9.4328385754032
5258 9.4328385754032
5258 0
5258 16.8405823185984
5258 16.8405823185984
5258 16.8405823185984
5258 3.84759237250954
5258 0
5258 29.9362771840751
5258 1015.81798032133
5258 0.60551761167694
5258 0.60551761167694
5258 8.74225147396345
5258 8.74225147396345
5258 1.06216612699686
5258 1.06216612699686
5258 1.06216612699686
5258 0.394121497985637
5258 0.394121497985637
5258 0.394121497985637
5258 2.41932465428334
5534 0
5534 4.63503039665627
5534 4.63503039665627
5534 4.63503039665627
5534 4.63503039665627
5534 0
5534 2.47486738431394
5534 2.47486738431394
5534 2.68260171371779
5534 2.68260171371779
5534 2.68260171371779
5534 0
5534 1.40606963672547
5534 6.4928544871644
5534 6.4928544871644
5534 6.4928544871644
5534 0.86353189637128
5534 0.305598340935215
5534 3.90744919889126
5534 1.03214814796064
5534 0
5534 3.32179712817487
5534 0
5534 0
5534 9.4328385754032
5534 9.4328385754032
5534 0
5534 16.8405823185984
5534 16.8405823185984
5534 16.8405823185984
5534 3.84759237250954
5534 0
5534 29.9362771840751
5534 1015.81798032133
5534 0.60551761167694
5534 0.60551761167694
5534 8.74225147396345
5534 8.74225147396345
5534 1.06216612699686
5534 1.06216612699686
5534 1.06216612699686
5534 0.394121497985637
5534 0.394121497985637
5534 0.394121497985637
5534 2.41932465428334
5428 0
5428 4.63503039665627
5428 4.63503039665627
5428 4.63503039665627
5428 4.63503039665627
5428 0
5428 2.47486738431394
5428 2.47486738431394
5428 2.68260171371779
5428 2.68260171371779
5428 2.68260171371779
5428 0
5428 1.40606963672547
5428 6.4928544871644
5428 6.4928544871644
5428 6.4928544871644
5428 0.86353189637128
5428 0.305598340935215
5428 3.90744919889126
5428 1.03214814796064
5428 0
5428 3.32179712817487
5428 0
5428 0
5428 9.4328385754032
5428 9.4328385754032
5428 0
5428 16.8405823185984
5428 16.8405823185984
5428 16.8405823185984
5428 3.84759237250954
5428 0
5428 29.9362771840751
5428 1015.81798032133
5428 0.60551761167694
5428 0.60551761167694
5428 8.74225147396345
5428 8.74225147396345
5428 1.06216612699686
5428 1.06216612699686
5428 1.06216612699686
5428 0.394121497985637
5428 0.394121497985637
5428 0.394121497985637
5428 2.41932465428334
5618 0
5618 4.63503039665627
5618 4.63503039665627
5618 4.63503039665627
5618 4.63503039665627
5618 0
5618 2.47486738431394
5618 2.47486738431394
5618 2.68260171371779
5618 2.68260171371779
5618 2.68260171371779
5618 0
5618 1.40606963672547
5618 6.4928544871644
5618 6.4928544871644
5618 6.4928544871644
5618 0.86353189637128
5618 0.305598340935215
5618 3.90744919889126
5618 1.03214814796064
5618 0
5618 3.32179712817487
5618 0
5618 0
5618 9.4328385754032
5618 9.4328385754032
5618 0
5618 16.8405823185984
5618 16.8405823185984
5618 16.8405823185984
5618 3.84759237250954
5618 0
5618 29.9362771840751
5618 1015.81798032133
5618 0.60551761167694
5618 0.60551761167694
5618 8.74225147396345
5618 8.74225147396345
5618 1.06216612699686
5618 1.06216612699686
5618 1.06216612699686
5618 0.394121497985637
5618 0.394121497985637
5618 0.394121497985637
5618 2.41932465428334
5523 0
5523 4.63503039665627
5523 4.63503039665627
5523 4.63503039665627
5523 4.63503039665627
5523 0
5523 2.47486738431394
5523 2.47486738431394
5523 2.68260171371779
5523 2.68260171371779
5523 2.68260171371779
5523 0
5523 1.40606963672547
5523 6.4928544871644
5523 6.4928544871644
5523 6.4928544871644
5523 0.86353189637128
5523 0.305598340935215
5523 3.90744919889126
5523 1.03214814796064
5523 0
5523 3.32179712817487
5523 0
5523 0
5523 9.4328385754032
5523 9.4328385754032
5523 0
5523 16.8405823185984
5523 16.8405823185984
5523 16.8405823185984
5523 3.84759237250954
5523 0
5523 29.9362771840751
5523 1015.81798032133
5523 0.60551761167694
5523 0.60551761167694
5523 8.74225147396345
5523 8.74225147396345
5523 1.06216612699686
5523 1.06216612699686
5523 1.06216612699686
5523 0.394121497985637
5523 0.394121497985637
5523 0.394121497985637
5523 2.41932465428334
5615 0
5615 4.63503039665627
5615 4.63503039665627
5615 4.63503039665627
5615 4.63503039665627
5615 0
5615 2.47486738431394
5615 2.47486738431394
5615 2.68260171371779
5615 2.68260171371779
5615 2.68260171371779
5615 0
5615 1.40606963672547
5615 6.4928544871644
5615 6.4928544871644
5615 6.4928544871644
5615 0.86353189637128
5615 0.305598340935215
5615 3.90744919889126
5615 1.03214814796064
5615 0
5615 3.32179712817487
5615 0
5615 0
5615 9.4328385754032
5615 9.4328385754032
5615 0
5615 16.8405823185984
5615 16.8405823185984
5615 16.8405823185984
5615 3.84759237250954
5615 0
5615 29.9362771840751
5615 1015.81798032133
5615 0.60551761167694
5615 0.60551761167694
5615 8.74225147396345
5615 8.74225147396345
5615 1.06216612699686
5615 1.06216612699686
5615 1.06216612699686
5615 0.394121497985637
5615 0.394121497985637
5615 0.394121497985637
5615 2.41932465428334
5419 0
5419 4.63503039665627
5419 4.63503039665627
5419 4.63503039665627
5419 4.63503039665627
5419 0
5419 2.47486738431394
5419 2.47486738431394
5419 2.68260171371779
5419 2.68260171371779
5419 2.68260171371779
5419 0
5419 1.40606963672547
5419 6.4928544871644
5419 6.4928544871644
5419 6.4928544871644
5419 0.86353189637128
5419 0.305598340935215
5419 3.90744919889126
5419 1.03214814796064
5419 0
5419 3.32179712817487
5419 0
5419 0
5419 9.4328385754032
5419 9.4328385754032
5419 0
5419 16.8405823185984
5419 16.8405823185984
5419 16.8405823185984
5419 3.84759237250954
5419 0
5419 29.9362771840751
5419 1015.81798032133
5419 0.60551761167694
5419 0.60551761167694
5419 8.74225147396345
5419 8.74225147396345
5419 1.06216612699686
5419 1.06216612699686
5419 1.06216612699686
5419 0.394121497985637
5419 0.394121497985637
5419 0.394121497985637
5419 2.41932465428334
5614 0
5614 4.63503039665627
5614 4.63503039665627
5614 4.63503039665627
5614 4.63503039665627
5614 0
5614 2.47486738431394
5614 2.47486738431394
5614 2.68260171371779
5614 2.68260171371779
5614 2.68260171371779
5614 0
5614 1.40606963672547
5614 6.4928544871644
5614 6.4928544871644
5614 6.4928544871644
5614 0.86353189637128
5614 0.305598340935215
5614 3.90744919889126
5614 1.03214814796064
5614 0
5614 3.32179712817487
5614 0
5614 0
5614 9.4328385754032
5614 9.4328385754032
5614 0
5614 16.8405823185984
5614 16.8405823185984
5614 16.8405823185984
5614 3.84759237250954
5614 0
5614 29.9362771840751
5614 1015.81798032133
5614 0.60551761167694
5614 0.60551761167694
5614 8.74225147396345
5614 8.74225147396345
5614 1.06216612699686
5614 1.06216612699686
5614 1.06216612699686
5614 0.394121497985637
5614 0.394121497985637
5614 0.394121497985637
5614 2.41932465428334
5518 0
5518 4.63503039665627
5518 4.63503039665627
5518 4.63503039665627
5518 4.63503039665627
5518 0
5518 2.47486738431394
5518 2.47486738431394
5518 2.68260171371779
5518 2.68260171371779
5518 2.68260171371779
5518 0
5518 1.40606963672547
5518 6.4928544871644
5518 6.4928544871644
5518 6.4928544871644
5518 0.86353189637128
5518 0.305598340935215
5518 3.90744919889126
5518 1.03214814796064
5518 0
5518 3.32179712817487
5518 0
5518 0
5518 9.4328385754032
5518 9.4328385754032
5518 0
5518 16.8405823185984
5518 16.8405823185984
5518 16.8405823185984
5518 3.84759237250954
5518 0
5518 29.9362771840751
5518 1015.81798032133
5518 0.60551761167694
5518 0.60551761167694
5518 8.74225147396345
5518 8.74225147396345
5518 1.06216612699686
5518 1.06216612699686
5518 1.06216612699686
5518 0.394121497985637
5518 0.394121497985637
5518 0.394121497985637
5518 2.41932465428334
5517 0
5517 4.63503039665627
5517 4.63503039665627
5517 4.63503039665627
5517 4.63503039665627
5517 0
5517 2.47486738431394
5517 2.47486738431394
5517 2.68260171371779
5517 2.68260171371779
5517 2.68260171371779
5517 0
5517 1.40606963672547
5517 6.4928544871644
5517 6.4928544871644
5517 6.4928544871644
5517 0.86353189637128
5517 0.305598340935215
5517 3.90744919889126
5517 1.03214814796064
5517 0
5517 3.32179712817487
5517 0
5517 0
5517 9.4328385754032
5517 9.4328385754032
5517 0
5517 16.8405823185984
5517 16.8405823185984
5517 16.8405823185984
5517 3.84759237250954
5517 0
5517 29.9362771840751
5517 1015.81798032133
5517 0.60551761167694
5517 0.60551761167694
5517 8.74225147396345
5517 8.74225147396345
5517 1.06216612699686
5517 1.06216612699686
5517 1.06216612699686
5517 0.394121497985637
5517 0.394121497985637
5517 0.394121497985637
5517 2.41932465428334
5512 0
5512 4.63503039665627
5512 4.63503039665627
5512 4.63503039665627
5512 4.63503039665627
5512 0
5512 2.47486738431394
5512 2.47486738431394
5512 2.68260171371779
5512 2.68260171371779
5512 2.68260171371779
5512 0
5512 1.40606963672547
5512 6.4928544871644
5512 6.4928544871644
5512 6.4928544871644
5512 0.86353189637128
5512 0.305598340935215
5512 3.90744919889126
5512 1.03214814796064
5512 0
5512 3.32179712817487
5512 0
5512 0
5512 9.4328385754032
5512 9.4328385754032
5512 0
5512 16.8405823185984
5512 16.8405823185984
5512 16.8405823185984
5512 3.84759237250954
5512 0
5512 29.9362771840751
5512 1015.81798032133
5512 0.60551761167694
5512 0.60551761167694
5512 8.74225147396345
5512 8.74225147396345
5512 1.06216612699686
5512 1.06216612699686
5512 1.06216612699686
5512 0.394121497985637
5512 0.394121497985637
5512 0.394121497985637
5512 2.41932465428334
5508 0
5508 4.63503039665627
5508 4.63503039665627
5508 4.63503039665627
5508 4.63503039665627
5508 0
5508 2.47486738431394
5508 2.47486738431394
5508 2.68260171371779
5508 2.68260171371779
5508 2.68260171371779
5508 0
5508 1.40606963672547
5508 6.4928544871644
5508 6.4928544871644
5508 6.4928544871644
5508 0.86353189637128
5508 0.305598340935215
5508 3.90744919889126
5508 1.03214814796064
5508 0
5508 3.32179712817487
5508 0
5508 0
5508 9.4328385754032
5508 9.4328385754032
5508 0
5508 16.8405823185984
5508 16.8405823185984
5508 16.8405823185984
5508 3.84759237250954
5508 0
5508 29.9362771840751
5508 1015.81798032133
5508 0.60551761167694
5508 0.60551761167694
5508 8.74225147396345
5508 8.74225147396345
5508 1.06216612699686
5508 1.06216612699686
5508 1.06216612699686
5508 0.394121497985637
5508 0.394121497985637
5508 0.394121497985637
5508 2.41932465428334
5506 0
5506 4.63503039665627
5506 4.63503039665627
5506 4.63503039665627
5506 4.63503039665627
5506 0
5506 2.47486738431394
5506 2.47486738431394
5506 2.68260171371779
5506 2.68260171371779
5506 2.68260171371779
5506 0
5506 1.40606963672547
5506 6.4928544871644
5506 6.4928544871644
5506 6.4928544871644
5506 0.86353189637128
5506 0.305598340935215
5506 3.90744919889126
5506 1.03214814796064
5506 0
5506 3.32179712817487
5506 0
5506 0
5506 9.4328385754032
5506 9.4328385754032
5506 0
5506 16.8405823185984
5506 16.8405823185984
5506 16.8405823185984
5506 3.84759237250954
5506 0
5506 29.9362771840751
5506 1015.81798032133
5506 0.60551761167694
5506 0.60551761167694
5506 8.74225147396345
5506 8.74225147396345
5506 1.06216612699686
5506 1.06216612699686
5506 1.06216612699686
5506 0.394121497985637
5506 0.394121497985637
5506 0.394121497985637
5506 2.41932465428334
5609 0
5609 4.63503039665627
5609 4.63503039665627
5609 4.63503039665627
5609 4.63503039665627
5609 0
5609 2.47486738431394
5609 2.47486738431394
5609 2.68260171371779
5609 2.68260171371779
5609 2.68260171371779
5609 0
5609 1.40606963672547
5609 6.4928544871644
5609 6.4928544871644
5609 6.4928544871644
5609 0.86353189637128
5609 0.305598340935215
5609 3.90744919889126
5609 1.03214814796064
5609 0
5609 3.32179712817487
5609 0
5609 0
5609 9.4328385754032
5609 9.4328385754032
5609 0
5609 16.8405823185984
5609 16.8405823185984
5609 16.8405823185984
5609 3.84759237250954
5609 0
5609 29.9362771840751
5609 1015.81798032133
5609 0.60551761167694
5609 0.60551761167694
5609 8.74225147396345
5609 8.74225147396345
5609 1.06216612699686
5609 1.06216612699686
5609 1.06216612699686
5609 0.394121497985637
5609 0.394121497985637
5609 0.394121497985637
5609 2.41932465428334
5702 0
5702 4.63503039665627
5702 4.63503039665627
5702 4.63503039665627
5702 4.63503039665627
5702 0
5702 2.47486738431394
5702 2.47486738431394
5702 2.68260171371779
5702 2.68260171371779
5702 2.68260171371779
5702 0
5702 1.40606963672547
5702 6.4928544871644
5702 6.4928544871644
5702 6.4928544871644
5702 0.86353189637128
5702 0.305598340935215
5702 3.90744919889126
5702 1.03214814796064
5702 0
5702 3.32179712817487
5702 0
5702 0
5702 9.4328385754032
5702 9.4328385754032
5702 0
5702 16.8405823185984
5702 16.8405823185984
5702 16.8405823185984
5702 3.84759237250954
5702 0
5702 29.9362771840751
5702 1015.81798032133
5702 0.60551761167694
5702 0.60551761167694
5702 8.74225147396345
5702 8.74225147396345
5702 1.06216612699686
5702 1.06216612699686
5702 1.06216612699686
5702 0.394121497985637
5702 0.394121497985637
5702 0.394121497985637
5702 2.41932465428334
5606 0
5606 4.63503039665627
5606 4.63503039665627
5606 4.63503039665627
5606 4.63503039665627
5606 0
5606 2.47486738431394
5606 2.47486738431394
5606 2.68260171371779
5606 2.68260171371779
5606 2.68260171371779
5606 0
5606 1.40606963672547
5606 6.4928544871644
5606 6.4928544871644
5606 6.4928544871644
5606 0.86353189637128
5606 0.305598340935215
5606 3.90744919889126
5606 1.03214814796064
5606 0
5606 3.32179712817487
5606 0
5606 0
5606 9.4328385754032
5606 9.4328385754032
5606 0
5606 16.8405823185984
5606 16.8405823185984
5606 16.8405823185984
5606 3.84759237250954
5606 0
5606 29.9362771840751
5606 1015.81798032133
5606 0.60551761167694
5606 0.60551761167694
5606 8.74225147396345
5606 8.74225147396345
5606 1.06216612699686
5606 1.06216612699686
5606 1.06216612699686
5606 0.394121497985637
5606 0.394121497985637
5606 0.394121497985637
5606 2.41932465428334
5605 0
5605 4.63503039665627
5605 4.63503039665627
5605 4.63503039665627
5605 4.63503039665627
5605 0
5605 2.47486738431394
5605 2.47486738431394
5605 2.68260171371779
5605 2.68260171371779
5605 2.68260171371779
5605 0
5605 1.40606963672547
5605 6.4928544871644
5605 6.4928544871644
5605 6.4928544871644
5605 0.86353189637128
5605 0.305598340935215
5605 3.90744919889126
5605 1.03214814796064
5605 0
5605 3.32179712817487
5605 0
5605 0
5605 9.4328385754032
5605 9.4328385754032
5605 0
5605 16.8405823185984
5605 16.8405823185984
5605 16.8405823185984
5605 3.84759237250954
5605 0
5605 29.9362771840751
5605 1015.81798032133
5605 0.60551761167694
5605 0.60551761167694
5605 8.74225147396345
5605 8.74225147396345
5605 1.06216612699686
5605 1.06216612699686
5605 1.06216612699686
5605 0.394121497985637
5605 0.394121497985637
5605 0.394121497985637
5605 2.41932465428334
5796 0
5796 4.63503039665627
5796 4.63503039665627
5796 4.63503039665627
5796 4.63503039665627
5796 0
5796 2.47486738431394
5796 2.47486738431394
5796 2.68260171371779
5796 2.68260171371779
5796 2.68260171371779
5796 0
5796 1.40606963672547
5796 6.4928544871644
5796 6.4928544871644
5796 6.4928544871644
5796 0.86353189637128
5796 0.305598340935215
5796 3.90744919889126
5796 1.03214814796064
5796 0
5796 3.32179712817487
5796 0
5796 0
5796 9.4328385754032
5796 9.4328385754032
5796 0
5796 16.8405823185984
5796 16.8405823185984
5796 16.8405823185984
5796 3.84759237250954
5796 0
5796 29.9362771840751
5796 1015.81798032133
5796 0.60551761167694
5796 0.60551761167694
5796 8.74225147396345
5796 8.74225147396345
5796 1.06216612699686
5796 1.06216612699686
5796 1.06216612699686
5796 0.394121497985637
5796 0.394121497985637
5796 0.394121497985637
5796 2.41932465428334
5795 0
5795 4.63503039665627
5795 4.63503039665627
5795 4.63503039665627
5795 4.63503039665627
5795 0
5795 2.47486738431394
5795 2.47486738431394
5795 2.68260171371779
5795 2.68260171371779
5795 2.68260171371779
5795 0
5795 1.40606963672547
5795 6.4928544871644
5795 6.4928544871644
5795 6.4928544871644
5795 0.86353189637128
5795 0.305598340935215
5795 3.90744919889126
5795 1.03214814796064
5795 0
5795 3.32179712817487
5795 0
5795 0
5795 9.4328385754032
5795 9.4328385754032
5795 0
5795 16.8405823185984
5795 16.8405823185984
5795 16.8405823185984
5795 3.84759237250954
5795 0
5795 29.9362771840751
5795 1015.81798032133
5795 0.60551761167694
5795 0.60551761167694
5795 8.74225147396345
5795 8.74225147396345
5795 1.06216612699686
5795 1.06216612699686
5795 1.06216612699686
5795 0.394121497985637
5795 0.394121497985637
5795 0.394121497985637
5795 2.41932465428334
5694 0
5694 4.63503039665627
5694 4.63503039665627
5694 4.63503039665627
5694 4.63503039665627
5694 0
5694 2.47486738431394
5694 2.47486738431394
5694 2.68260171371779
5694 2.68260171371779
5694 2.68260171371779
5694 0
5694 1.40606963672547
5694 6.4928544871644
5694 6.4928544871644
5694 6.4928544871644
5694 0.86353189637128
5694 0.305598340935215
5694 3.90744919889126
5694 1.03214814796064
5694 0
5694 3.32179712817487
5694 0
5694 0
5694 9.4328385754032
5694 9.4328385754032
5694 0
5694 16.8405823185984
5694 16.8405823185984
5694 16.8405823185984
5694 3.84759237250954
5694 0
5694 29.9362771840751
5694 1015.81798032133
5694 0.60551761167694
5694 0.60551761167694
5694 8.74225147396345
5694 8.74225147396345
5694 1.06216612699686
5694 1.06216612699686
5694 1.06216612699686
5694 0.394121497985637
5694 0.394121497985637
5694 0.394121497985637
5694 2.41932465428334
5692 0
5692 4.63503039665627
5692 4.63503039665627
5692 4.63503039665627
5692 4.63503039665627
5692 0
5692 2.47486738431394
5692 2.47486738431394
5692 2.68260171371779
5692 2.68260171371779
5692 2.68260171371779
5692 0
5692 1.40606963672547
5692 6.4928544871644
5692 6.4928544871644
5692 6.4928544871644
5692 0.86353189637128
5692 0.305598340935215
5692 3.90744919889126
5692 1.03214814796064
5692 0
5692 3.32179712817487
5692 0
5692 0
5692 9.4328385754032
5692 9.4328385754032
5692 0
5692 16.8405823185984
5692 16.8405823185984
5692 16.8405823185984
5692 3.84759237250954
5692 0
5692 29.9362771840751
5692 1015.81798032133
5692 0.60551761167694
5692 0.60551761167694
5692 8.74225147396345
5692 8.74225147396345
5692 1.06216612699686
5692 1.06216612699686
5692 1.06216612699686
5692 0.394121497985637
5692 0.394121497985637
5692 0.394121497985637
5692 2.41932465428334
5688 0
5688 4.63503039665627
5688 4.63503039665627
5688 4.63503039665627
5688 4.63503039665627
5688 0
5688 2.47486738431394
5688 2.47486738431394
5688 2.68260171371779
5688 2.68260171371779
5688 2.68260171371779
5688 0
5688 1.40606963672547
5688 6.4928544871644
5688 6.4928544871644
5688 6.4928544871644
5688 0.86353189637128
5688 0.305598340935215
5688 3.90744919889126
5688 1.03214814796064
5688 0
5688 3.32179712817487
5688 0
5688 0
5688 9.4328385754032
5688 9.4328385754032
5688 0
5688 16.8405823185984
5688 16.8405823185984
5688 16.8405823185984
5688 3.84759237250954
5688 0
5688 29.9362771840751
5688 1015.81798032133
5688 0.60551761167694
5688 0.60551761167694
5688 8.74225147396345
5688 8.74225147396345
5688 1.06216612699686
5688 1.06216612699686
5688 1.06216612699686
5688 0.394121497985637
5688 0.394121497985637
5688 0.394121497985637
5688 2.41932465428334
5684 0
5684 4.63503039665627
5684 4.63503039665627
5684 4.63503039665627
5684 4.63503039665627
5684 0
5684 2.47486738431394
5684 2.47486738431394
5684 2.68260171371779
5684 2.68260171371779
5684 2.68260171371779
5684 0
5684 1.40606963672547
5684 6.4928544871644
5684 6.4928544871644
5684 6.4928544871644
5684 0.86353189637128
5684 0.305598340935215
5684 3.90744919889126
5684 1.03214814796064
5684 0
5684 3.32179712817487
5684 0
5684 0
5684 9.4328385754032
5684 9.4328385754032
5684 0
5684 16.8405823185984
5684 16.8405823185984
5684 16.8405823185984
5684 3.84759237250954
5684 0
5684 29.9362771840751
5684 1015.81798032133
5684 0.60551761167694
5684 0.60551761167694
5684 8.74225147396345
5684 8.74225147396345
5684 1.06216612699686
5684 1.06216612699686
5684 1.06216612699686
5684 0.394121497985637
5684 0.394121497985637
5684 0.394121497985637
5684 2.41932465428334
5784 0
5784 4.63503039665627
5784 4.63503039665627
5784 4.63503039665627
5784 4.63503039665627
5784 0
5784 2.47486738431394
5784 2.47486738431394
5784 2.68260171371779
5784 2.68260171371779
5784 2.68260171371779
5784 0
5784 1.40606963672547
5784 6.4928544871644
5784 6.4928544871644
5784 6.4928544871644
5784 0.86353189637128
5784 0.305598340935215
5784 3.90744919889126
5784 1.03214814796064
5784 0
5784 3.32179712817487
5784 0
5784 0
5784 9.4328385754032
5784 9.4328385754032
5784 0
5784 16.8405823185984
5784 16.8405823185984
5784 16.8405823185984
5784 3.84759237250954
5784 0
5784 29.9362771840751
5784 1015.81798032133
5784 0.60551761167694
5784 0.60551761167694
5784 8.74225147396345
5784 8.74225147396345
5784 1.06216612699686
5784 1.06216612699686
5784 1.06216612699686
5784 0.394121497985637
5784 0.394121497985637
5784 0.394121497985637
5784 2.41932465428334
5776 0
5776 4.63503039665627
5776 4.63503039665627
5776 4.63503039665627
5776 4.63503039665627
5776 0
5776 2.47486738431394
5776 2.47486738431394
5776 2.68260171371779
5776 2.68260171371779
5776 2.68260171371779
5776 0
5776 1.40606963672547
5776 6.4928544871644
5776 6.4928544871644
5776 6.4928544871644
5776 0.86353189637128
5776 0.305598340935215
5776 3.90744919889126
5776 1.03214814796064
5776 0
5776 3.32179712817487
5776 0
5776 0
5776 9.4328385754032
5776 9.4328385754032
5776 0
5776 16.8405823185984
5776 16.8405823185984
5776 16.8405823185984
5776 3.84759237250954
5776 0
5776 29.9362771840751
5776 1015.81798032133
5776 0.60551761167694
5776 0.60551761167694
5776 8.74225147396345
5776 8.74225147396345
5776 1.06216612699686
5776 1.06216612699686
5776 1.06216612699686
5776 0.394121497985637
5776 0.394121497985637
5776 0.394121497985637
5776 2.41932465428334
5879 0
5879 4.63503039665627
5879 4.63503039665627
5879 4.63503039665627
5879 4.63503039665627
5879 0
5879 2.47486738431394
5879 2.47486738431394
5879 2.68260171371779
5879 2.68260171371779
5879 2.68260171371779
5879 0
5879 1.40606963672547
5879 6.4928544871644
5879 6.4928544871644
5879 6.4928544871644
5879 0.86353189637128
5879 0.305598340935215
5879 3.90744919889126
5879 1.03214814796064
5879 0
5879 3.32179712817487
5879 0
5879 0
5879 9.4328385754032
5879 9.4328385754032
5879 0
5879 16.8405823185984
5879 16.8405823185984
5879 16.8405823185984
5879 3.84759237250954
5879 0
5879 29.9362771840751
5879 1015.81798032133
5879 0.60551761167694
5879 0.60551761167694
5879 8.74225147396345
5879 8.74225147396345
5879 1.06216612699686
5879 1.06216612699686
5879 1.06216612699686
5879 0.394121497985637
5879 0.394121497985637
5879 0.394121497985637
5879 2.41932465428334
5872 0
5872 4.63503039665627
5872 4.63503039665627
5872 4.63503039665627
5872 4.63503039665627
5872 0
5872 2.47486738431394
5872 2.47486738431394
5872 2.68260171371779
5872 2.68260171371779
5872 2.68260171371779
5872 0
5872 1.40606963672547
5872 6.4928544871644
5872 6.4928544871644
5872 6.4928544871644
5872 0.86353189637128
5872 0.305598340935215
5872 3.90744919889126
5872 1.03214814796064
5872 0
5872 3.32179712817487
5872 0
5872 0
5872 9.4328385754032
5872 9.4328385754032
5872 0
5872 16.8405823185984
5872 16.8405823185984
5872 16.8405823185984
5872 3.84759237250954
5872 0
5872 29.9362771840751
5872 1015.81798032133
5872 0.60551761167694
5872 0.60551761167694
5872 8.74225147396345
5872 8.74225147396345
5872 1.06216612699686
5872 1.06216612699686
5872 1.06216612699686
5872 0.394121497985637
5872 0.394121497985637
5872 0.394121497985637
5872 2.41932465428334
5976 0
5976 4.63503039665627
5976 4.63503039665627
5976 4.63503039665627
5976 4.63503039665627
5976 0
5976 2.47486738431394
5976 2.47486738431394
5976 2.68260171371779
5976 2.68260171371779
5976 2.68260171371779
5976 0
5976 1.40606963672547
5976 6.4928544871644
5976 6.4928544871644
5976 6.4928544871644
5976 0.86353189637128
5976 0.305598340935215
5976 3.90744919889126
5976 1.03214814796064
5976 0
5976 3.32179712817487
5976 0
5976 0
5976 9.4328385754032
5976 9.4328385754032
5976 0
5976 16.8405823185984
5976 16.8405823185984
5976 16.8405823185984
5976 3.84759237250954
5976 0
5976 29.9362771840751
5976 1015.81798032133
5976 0.60551761167694
5976 0.60551761167694
5976 8.74225147396345
5976 8.74225147396345
5976 1.06216612699686
5976 1.06216612699686
5976 1.06216612699686
5976 0.394121497985637
5976 0.394121497985637
5976 0.394121497985637
5976 2.41932465428334
5969 0
5969 4.63503039665627
5969 4.63503039665627
5969 4.63503039665627
5969 4.63503039665627
5969 0
5969 2.47486738431394
5969 2.47486738431394
5969 2.68260171371779
5969 2.68260171371779
5969 2.68260171371779
5969 0
5969 1.40606963672547
5969 6.4928544871644
5969 6.4928544871644
5969 6.4928544871644
5969 0.86353189637128
5969 0.305598340935215
5969 3.90744919889126
5969 1.03214814796064
5969 0
5969 3.32179712817487
5969 0
5969 0
5969 9.4328385754032
5969 9.4328385754032
5969 0
5969 16.8405823185984
5969 16.8405823185984
5969 16.8405823185984
5969 3.84759237250954
5969 0
5969 29.9362771840751
5969 1015.81798032133
5969 0.60551761167694
5969 0.60551761167694
5969 8.74225147396345
5969 8.74225147396345
5969 1.06216612699686
5969 1.06216612699686
5969 1.06216612699686
5969 0.394121497985637
5969 0.394121497985637
5969 0.394121497985637
5969 2.41932465428334
5968 0
5968 4.63503039665627
5968 4.63503039665627
5968 4.63503039665627
5968 4.63503039665627
5968 0
5968 2.47486738431394
5968 2.47486738431394
5968 2.68260171371779
5968 2.68260171371779
5968 2.68260171371779
5968 0
5968 1.40606963672547
5968 6.4928544871644
5968 6.4928544871644
5968 6.4928544871644
5968 0.86353189637128
5968 0.305598340935215
5968 3.90744919889126
5968 1.03214814796064
5968 0
5968 3.32179712817487
5968 0
5968 0
5968 9.4328385754032
5968 9.4328385754032
5968 0
5968 16.8405823185984
5968 16.8405823185984
5968 16.8405823185984
5968 3.84759237250954
5968 0
5968 29.9362771840751
5968 1015.81798032133
5968 0.60551761167694
5968 0.60551761167694
5968 8.74225147396345
5968 8.74225147396345
5968 1.06216612699686
5968 1.06216612699686
5968 1.06216612699686
5968 0.394121497985637
5968 0.394121497985637
5968 0.394121497985637
5968 2.41932465428334
6081 0
6081 4.63503039665627
6081 4.63503039665627
6081 4.63503039665627
6081 4.63503039665627
6081 0
6081 2.47486738431394
6081 2.47486738431394
6081 2.68260171371779
6081 2.68260171371779
6081 2.68260171371779
6081 0
6081 1.40606963672547
6081 6.4928544871644
6081 6.4928544871644
6081 6.4928544871644
6081 0.86353189637128
6081 0.305598340935215
6081 3.90744919889126
6081 1.03214814796064
6081 0
6081 3.32179712817487
6081 0
6081 0
6081 9.4328385754032
6081 9.4328385754032
6081 0
6081 16.8405823185984
6081 16.8405823185984
6081 16.8405823185984
6081 3.84759237250954
6081 0
6081 29.9362771840751
6081 1015.81798032133
6081 0.60551761167694
6081 0.60551761167694
6081 8.74225147396345
6081 8.74225147396345
6081 1.06216612699686
6081 1.06216612699686
6081 1.06216612699686
6081 0.394121497985637
6081 0.394121497985637
6081 0.394121497985637
6081 2.41932465428334
6080 0
6080 4.63503039665627
6080 4.63503039665627
6080 4.63503039665627
6080 4.63503039665627
6080 0
6080 2.47486738431394
6080 2.47486738431394
6080 2.68260171371779
6080 2.68260171371779
6080 2.68260171371779
6080 0
6080 1.40606963672547
6080 6.4928544871644
6080 6.4928544871644
6080 6.4928544871644
6080 0.86353189637128
6080 0.305598340935215
6080 3.90744919889126
6080 1.03214814796064
6080 0
6080 3.32179712817487
6080 0
6080 0
6080 9.4328385754032
6080 9.4328385754032
6080 0
6080 16.8405823185984
6080 16.8405823185984
6080 16.8405823185984
6080 3.84759237250954
6080 0
6080 29.9362771840751
6080 1015.81798032133
6080 0.60551761167694
6080 0.60551761167694
6080 8.74225147396345
6080 8.74225147396345
6080 1.06216612699686
6080 1.06216612699686
6080 1.06216612699686
6080 0.394121497985637
6080 0.394121497985637
6080 0.394121497985637
6080 2.41932465428334
6079 0
6079 4.63503039665627
6079 4.63503039665627
6079 4.63503039665627
6079 4.63503039665627
6079 0
6079 2.47486738431394
6079 2.47486738431394
6079 2.68260171371779
6079 2.68260171371779
6079 2.68260171371779
6079 0
6079 1.40606963672547
6079 6.4928544871644
6079 6.4928544871644
6079 6.4928544871644
6079 0.86353189637128
6079 0.305598340935215
6079 3.90744919889126
6079 1.03214814796064
6079 0
6079 3.32179712817487
6079 0
6079 0
6079 9.4328385754032
6079 9.4328385754032
6079 0
6079 16.8405823185984
6079 16.8405823185984
6079 16.8405823185984
6079 3.84759237250954
6079 0
6079 29.9362771840751
6079 1015.81798032133
6079 0.60551761167694
6079 0.60551761167694
6079 8.74225147396345
6079 8.74225147396345
6079 1.06216612699686
6079 1.06216612699686
6079 1.06216612699686
6079 0.394121497985637
6079 0.394121497985637
6079 0.394121497985637
6079 2.41932465428334
6076 0
6076 4.63503039665627
6076 4.63503039665627
6076 4.63503039665627
6076 4.63503039665627
6076 0
6076 2.47486738431394
6076 2.47486738431394
6076 2.68260171371779
6076 2.68260171371779
6076 2.68260171371779
6076 0
6076 1.40606963672547
6076 6.4928544871644
6076 6.4928544871644
6076 6.4928544871644
6076 0.86353189637128
6076 0.305598340935215
6076 3.90744919889126
6076 1.03214814796064
6076 0
6076 3.32179712817487
6076 0
6076 0
6076 9.4328385754032
6076 9.4328385754032
6076 0
6076 16.8405823185984
6076 16.8405823185984
6076 16.8405823185984
6076 3.84759237250954
6076 0
6076 29.9362771840751
6076 1015.81798032133
6076 0.60551761167694
6076 0.60551761167694
6076 8.74225147396345
6076 8.74225147396345
6076 1.06216612699686
6076 1.06216612699686
6076 1.06216612699686
6076 0.394121497985637
6076 0.394121497985637
6076 0.394121497985637
6076 2.41932465428334
6073 0
6073 4.63503039665627
6073 4.63503039665627
6073 4.63503039665627
6073 4.63503039665627
6073 0
6073 2.47486738431394
6073 2.47486738431394
6073 2.68260171371779
6073 2.68260171371779
6073 2.68260171371779
6073 0
6073 1.40606963672547
6073 6.4928544871644
6073 6.4928544871644
6073 6.4928544871644
6073 0.86353189637128
6073 0.305598340935215
6073 3.90744919889126
6073 1.03214814796064
6073 0
6073 3.32179712817487
6073 0
6073 0
6073 9.4328385754032
6073 9.4328385754032
6073 0
6073 16.8405823185984
6073 16.8405823185984
6073 16.8405823185984
6073 3.84759237250954
6073 0
6073 29.9362771840751
6073 1015.81798032133
6073 0.60551761167694
6073 0.60551761167694
6073 8.74225147396345
6073 8.74225147396345
6073 1.06216612699686
6073 1.06216612699686
6073 1.06216612699686
6073 0.394121497985637
6073 0.394121497985637
6073 0.394121497985637
6073 2.41932465428334
6071 0
6071 4.63503039665627
6071 4.63503039665627
6071 4.63503039665627
6071 4.63503039665627
6071 0
6071 2.47486738431394
6071 2.47486738431394
6071 2.68260171371779
6071 2.68260171371779
6071 2.68260171371779
6071 0
6071 1.40606963672547
6071 6.4928544871644
6071 6.4928544871644
6071 6.4928544871644
6071 0.86353189637128
6071 0.305598340935215
6071 3.90744919889126
6071 1.03214814796064
6071 0
6071 3.32179712817487
6071 0
6071 0
6071 9.4328385754032
6071 9.4328385754032
6071 0
6071 16.8405823185984
6071 16.8405823185984
6071 16.8405823185984
6071 3.84759237250954
6071 0
6071 29.9362771840751
6071 1015.81798032133
6071 0.60551761167694
6071 0.60551761167694
6071 8.74225147396345
6071 8.74225147396345
6071 1.06216612699686
6071 1.06216612699686
6071 1.06216612699686
6071 0.394121497985637
6071 0.394121497985637
6071 0.394121497985637
6071 2.41932465428334
6180 0
6180 4.63503039665627
6180 4.63503039665627
6180 4.63503039665627
6180 4.63503039665627
6180 0
6180 2.47486738431394
6180 2.47486738431394
6180 2.68260171371779
6180 2.68260171371779
6180 2.68260171371779
6180 0
6180 1.40606963672547
6180 6.4928544871644
6180 6.4928544871644
6180 6.4928544871644
6180 0.86353189637128
6180 0.305598340935215
6180 3.90744919889126
6180 1.03214814796064
6180 0
6180 3.32179712817487
6180 0
6180 0
6180 9.4328385754032
6180 9.4328385754032
6180 0
6180 16.8405823185984
6180 16.8405823185984
6180 16.8405823185984
6180 3.84759237250954
6180 0
6180 29.9362771840751
6180 1015.81798032133
6180 0.60551761167694
6180 0.60551761167694
6180 8.74225147396345
6180 8.74225147396345
6180 1.06216612699686
6180 1.06216612699686
6180 1.06216612699686
6180 0.394121497985637
6180 0.394121497985637
6180 0.394121497985637
6180 2.41932465428334
6179 0
6179 4.63503039665627
6179 4.63503039665627
6179 4.63503039665627
6179 4.63503039665627
6179 0
6179 2.47486738431394
6179 2.47486738431394
6179 2.68260171371779
6179 2.68260171371779
6179 2.68260171371779
6179 0
6179 1.40606963672547
6179 6.4928544871644
6179 6.4928544871644
6179 6.4928544871644
6179 0.86353189637128
6179 0.305598340935215
6179 3.90744919889126
6179 1.03214814796064
6179 0
6179 3.32179712817487
6179 0
6179 0
6179 9.4328385754032
6179 9.4328385754032
6179 0
6179 16.8405823185984
6179 16.8405823185984
6179 16.8405823185984
6179 3.84759237250954
6179 0
6179 29.9362771840751
6179 1015.81798032133
6179 0.60551761167694
6179 0.60551761167694
6179 8.74225147396345
6179 8.74225147396345
6179 1.06216612699686
6179 1.06216612699686
6179 1.06216612699686
6179 0.394121497985637
6179 0.394121497985637
6179 0.394121497985637
6179 2.41932465428334
6178 0
6178 4.63503039665627
6178 4.63503039665627
6178 4.63503039665627
6178 4.63503039665627
6178 0
6178 2.47486738431394
6178 2.47486738431394
6178 2.68260171371779
6178 2.68260171371779
6178 2.68260171371779
6178 0
6178 1.40606963672547
6178 6.4928544871644
6178 6.4928544871644
6178 6.4928544871644
6178 0.86353189637128
6178 0.305598340935215
6178 3.90744919889126
6178 1.03214814796064
6178 0
6178 3.32179712817487
6178 0
6178 0
6178 9.4328385754032
6178 9.4328385754032
6178 0
6178 16.8405823185984
6178 16.8405823185984
6178 16.8405823185984
6178 3.84759237250954
6178 0
6178 29.9362771840751
6178 1015.81798032133
6178 0.60551761167694
6178 0.60551761167694
6178 8.74225147396345
6178 8.74225147396345
6178 1.06216612699686
6178 1.06216612699686
6178 1.06216612699686
6178 0.394121497985637
6178 0.394121497985637
6178 0.394121497985637
6178 2.41932465428334
6279 0
6279 4.63503039665627
6279 4.63503039665627
6279 4.63503039665627
6279 4.63503039665627
6279 0
6279 2.47486738431394
6279 2.47486738431394
6279 2.68260171371779
6279 2.68260171371779
6279 2.68260171371779
6279 0
6279 1.40606963672547
6279 6.4928544871644
6279 6.4928544871644
6279 6.4928544871644
6279 0.86353189637128
6279 0.305598340935215
6279 3.90744919889126
6279 1.03214814796064
6279 0
6279 3.32179712817487
6279 0
6279 0
6279 9.4328385754032
6279 9.4328385754032
6279 0
6279 16.8405823185984
6279 16.8405823185984
6279 16.8405823185984
6279 3.84759237250954
6279 0
6279 29.9362771840751
6279 1015.81798032133
6279 0.60551761167694
6279 0.60551761167694
6279 8.74225147396345
6279 8.74225147396345
6279 1.06216612699686
6279 1.06216612699686
6279 1.06216612699686
6279 0.394121497985637
6279 0.394121497985637
6279 0.394121497985637
6279 2.41932465428334
6177 0
6177 4.63503039665627
6177 4.63503039665627
6177 4.63503039665627
6177 4.63503039665627
6177 0
6177 2.47486738431394
6177 2.47486738431394
6177 2.68260171371779
6177 2.68260171371779
6177 2.68260171371779
6177 0
6177 1.40606963672547
6177 6.4928544871644
6177 6.4928544871644
6177 6.4928544871644
6177 0.86353189637128
6177 0.305598340935215
6177 3.90744919889126
6177 1.03214814796064
6177 0
6177 3.32179712817487
6177 0
6177 0
6177 9.4328385754032
6177 9.4328385754032
6177 0
6177 16.8405823185984
6177 16.8405823185984
6177 16.8405823185984
6177 3.84759237250954
6177 0
6177 29.9362771840751
6177 1015.81798032133
6177 0.60551761167694
6177 0.60551761167694
6177 8.74225147396345
6177 8.74225147396345
6177 1.06216612699686
6177 1.06216612699686
6177 1.06216612699686
6177 0.394121497985637
6177 0.394121497985637
6177 0.394121497985637
6177 2.41932465428334
6175 0
6175 4.63503039665627
6175 4.63503039665627
6175 4.63503039665627
6175 4.63503039665627
6175 0
6175 2.47486738431394
6175 2.47486738431394
6175 2.68260171371779
6175 2.68260171371779
6175 2.68260171371779
6175 0
6175 1.40606963672547
6175 6.4928544871644
6175 6.4928544871644
6175 6.4928544871644
6175 0.86353189637128
6175 0.305598340935215
6175 3.90744919889126
6175 1.03214814796064
6175 0
6175 3.32179712817487
6175 0
6175 0
6175 9.4328385754032
6175 9.4328385754032
6175 0
6175 16.8405823185984
6175 16.8405823185984
6175 16.8405823185984
6175 3.84759237250954
6175 0
6175 29.9362771840751
6175 1015.81798032133
6175 0.60551761167694
6175 0.60551761167694
6175 8.74225147396345
6175 8.74225147396345
6175 1.06216612699686
6175 1.06216612699686
6175 1.06216612699686
6175 0.394121497985637
6175 0.394121497985637
6175 0.394121497985637
6175 2.41932465428334
6174 0
6174 4.63503039665627
6174 4.63503039665627
6174 4.63503039665627
6174 4.63503039665627
6174 0
6174 2.47486738431394
6174 2.47486738431394
6174 2.68260171371779
6174 2.68260171371779
6174 2.68260171371779
6174 0
6174 1.40606963672547
6174 6.4928544871644
6174 6.4928544871644
6174 6.4928544871644
6174 0.86353189637128
6174 0.305598340935215
6174 3.90744919889126
6174 1.03214814796064
6174 0
6174 3.32179712817487
6174 0
6174 0
6174 9.4328385754032
6174 9.4328385754032
6174 0
6174 16.8405823185984
6174 16.8405823185984
6174 16.8405823185984
6174 3.84759237250954
6174 0
6174 29.9362771840751
6174 1015.81798032133
6174 0.60551761167694
6174 0.60551761167694
6174 8.74225147396345
6174 8.74225147396345
6174 1.06216612699686
6174 1.06216612699686
6174 1.06216612699686
6174 0.394121497985637
6174 0.394121497985637
6174 0.394121497985637
6174 2.41932465428334
6055 0
6055 4.63503039665627
6055 4.63503039665627
6055 4.63503039665627
6055 4.63503039665627
6055 0
6055 2.47486738431394
6055 2.47486738431394
6055 2.68260171371779
6055 2.68260171371779
6055 2.68260171371779
6055 0
6055 1.40606963672547
6055 6.4928544871644
6055 6.4928544871644
6055 6.4928544871644
6055 0.86353189637128
6055 0.305598340935215
6055 3.90744919889126
6055 1.03214814796064
6055 0
6055 3.32179712817487
6055 0
6055 0
6055 9.4328385754032
6055 9.4328385754032
6055 0
6055 16.8405823185984
6055 16.8405823185984
6055 16.8405823185984
6055 3.84759237250954
6055 0
6055 29.9362771840751
6055 1015.81798032133
6055 0.60551761167694
6055 0.60551761167694
6055 8.74225147396345
6055 8.74225147396345
6055 1.06216612699686
6055 1.06216612699686
6055 1.06216612699686
6055 0.394121497985637
6055 0.394121497985637
6055 0.394121497985637
6055 2.41932465428334
6172 0
6172 4.63503039665627
6172 4.63503039665627
6172 4.63503039665627
6172 4.63503039665627
6172 0
6172 2.47486738431394
6172 2.47486738431394
6172 2.68260171371779
6172 2.68260171371779
6172 2.68260171371779
6172 0
6172 1.40606963672547
6172 6.4928544871644
6172 6.4928544871644
6172 6.4928544871644
6172 0.86353189637128
6172 0.305598340935215
6172 3.90744919889126
6172 1.03214814796064
6172 0
6172 3.32179712817487
6172 0
6172 0
6172 9.4328385754032
6172 9.4328385754032
6172 0
6172 16.8405823185984
6172 16.8405823185984
6172 16.8405823185984
6172 3.84759237250954
6172 0
6172 29.9362771840751
6172 1015.81798032133
6172 0.60551761167694
6172 0.60551761167694
6172 8.74225147396345
6172 8.74225147396345
6172 1.06216612699686
6172 1.06216612699686
6172 1.06216612699686
6172 0.394121497985637
6172 0.394121497985637
6172 0.394121497985637
6172 2.41932465428334
6274 0
6274 4.63503039665627
6274 4.63503039665627
6274 4.63503039665627
6274 4.63503039665627
6274 0
6274 2.47486738431394
6274 2.47486738431394
6274 2.68260171371779
6274 2.68260171371779
6274 2.68260171371779
6274 0
6274 1.40606963672547
6274 6.4928544871644
6274 6.4928544871644
6274 6.4928544871644
6274 0.86353189637128
6274 0.305598340935215
6274 3.90744919889126
6274 1.03214814796064
6274 0
6274 3.32179712817487
6274 0
6274 0
6274 9.4328385754032
6274 9.4328385754032
6274 0
6274 16.8405823185984
6274 16.8405823185984
6274 16.8405823185984
6274 3.84759237250954
6274 0
6274 29.9362771840751
6274 1015.81798032133
6274 0.60551761167694
6274 0.60551761167694
6274 8.74225147396345
6274 8.74225147396345
6274 1.06216612699686
6274 1.06216612699686
6274 1.06216612699686
6274 0.394121497985637
6274 0.394121497985637
6274 0.394121497985637
6274 2.41932465428334
6271 0
6271 4.63503039665627
6271 4.63503039665627
6271 4.63503039665627
6271 4.63503039665627
6271 0
6271 2.47486738431394
6271 2.47486738431394
6271 2.68260171371779
6271 2.68260171371779
6271 2.68260171371779
6271 0
6271 1.40606963672547
6271 6.4928544871644
6271 6.4928544871644
6271 6.4928544871644
6271 0.86353189637128
6271 0.305598340935215
6271 3.90744919889126
6271 1.03214814796064
6271 0
6271 3.32179712817487
6271 0
6271 0
6271 9.4328385754032
6271 9.4328385754032
6271 0
6271 16.8405823185984
6271 16.8405823185984
6271 16.8405823185984
6271 3.84759237250954
6271 0
6271 29.9362771840751
6271 1015.81798032133
6271 0.60551761167694
6271 0.60551761167694
6271 8.74225147396345
6271 8.74225147396345
6271 1.06216612699686
6271 1.06216612699686
6271 1.06216612699686
6271 0.394121497985637
6271 0.394121497985637
6271 0.394121497985637
6271 2.41932465428334
6269 0
6269 4.63503039665627
6269 4.63503039665627
6269 4.63503039665627
6269 4.63503039665627
6269 0
6269 2.47486738431394
6269 2.47486738431394
6269 2.68260171371779
6269 2.68260171371779
6269 2.68260171371779
6269 0
6269 1.40606963672547
6269 6.4928544871644
6269 6.4928544871644
6269 6.4928544871644
6269 0.86353189637128
6269 0.305598340935215
6269 3.90744919889126
6269 1.03214814796064
6269 0
6269 3.32179712817487
6269 0
6269 0
6269 9.4328385754032
6269 9.4328385754032
6269 0
6269 16.8405823185984
6269 16.8405823185984
6269 16.8405823185984
6269 3.84759237250954
6269 0
6269 29.9362771840751
6269 1015.81798032133
6269 0.60551761167694
6269 0.60551761167694
6269 8.74225147396345
6269 8.74225147396345
6269 1.06216612699686
6269 1.06216612699686
6269 1.06216612699686
6269 0.394121497985637
6269 0.394121497985637
6269 0.394121497985637
6269 2.41932465428334
6268 0
6268 4.63503039665627
6268 4.63503039665627
6268 4.63503039665627
6268 4.63503039665627
6268 0
6268 2.47486738431394
6268 2.47486738431394
6268 2.68260171371779
6268 2.68260171371779
6268 2.68260171371779
6268 0
6268 1.40606963672547
6268 6.4928544871644
6268 6.4928544871644
6268 6.4928544871644
6268 0.86353189637128
6268 0.305598340935215
6268 3.90744919889126
6268 1.03214814796064
6268 0
6268 3.32179712817487
6268 0
6268 0
6268 9.4328385754032
6268 9.4328385754032
6268 0
6268 16.8405823185984
6268 16.8405823185984
6268 16.8405823185984
6268 3.84759237250954
6268 0
6268 29.9362771840751
6268 1015.81798032133
6268 0.60551761167694
6268 0.60551761167694
6268 8.74225147396345
6268 8.74225147396345
6268 1.06216612699686
6268 1.06216612699686
6268 1.06216612699686
6268 0.394121497985637
6268 0.394121497985637
6268 0.394121497985637
6268 2.41932465428334
6364 0
6364 4.63503039665627
6364 4.63503039665627
6364 4.63503039665627
6364 4.63503039665627
6364 0
6364 2.47486738431394
6364 2.47486738431394
6364 2.68260171371779
6364 2.68260171371779
6364 2.68260171371779
6364 0
6364 1.40606963672547
6364 6.4928544871644
6364 6.4928544871644
6364 6.4928544871644
6364 0.86353189637128
6364 0.305598340935215
6364 3.90744919889126
6364 1.03214814796064
6364 0
6364 3.32179712817487
6364 0
6364 0
6364 9.4328385754032
6364 9.4328385754032
6364 0
6364 16.8405823185984
6364 16.8405823185984
6364 16.8405823185984
6364 3.84759237250954
6364 0
6364 29.9362771840751
6364 1015.81798032133
6364 0.60551761167694
6364 0.60551761167694
6364 8.74225147396345
6364 8.74225147396345
6364 1.06216612699686
6364 1.06216612699686
6364 1.06216612699686
6364 0.394121497985637
6364 0.394121497985637
6364 0.394121497985637
6364 2.41932465428334
6361 0
6361 4.63503039665627
6361 4.63503039665627
6361 4.63503039665627
6361 4.63503039665627
6361 0
6361 2.47486738431394
6361 2.47486738431394
6361 2.68260171371779
6361 2.68260171371779
6361 2.68260171371779
6361 0
6361 1.40606963672547
6361 6.4928544871644
6361 6.4928544871644
6361 6.4928544871644
6361 0.86353189637128
6361 0.305598340935215
6361 3.90744919889126
6361 1.03214814796064
6361 0
6361 3.32179712817487
6361 0
6361 0
6361 9.4328385754032
6361 9.4328385754032
6361 0
6361 16.8405823185984
6361 16.8405823185984
6361 16.8405823185984
6361 3.84759237250954
6361 0
6361 29.9362771840751
6361 1015.81798032133
6361 0.60551761167694
6361 0.60551761167694
6361 8.74225147396345
6361 8.74225147396345
6361 1.06216612699686
6361 1.06216612699686
6361 1.06216612699686
6361 0.394121497985637
6361 0.394121497985637
6361 0.394121497985637
6361 2.41932465428334
6360 0
6360 4.63503039665627
6360 4.63503039665627
6360 4.63503039665627
6360 4.63503039665627
6360 0
6360 2.47486738431394
6360 2.47486738431394
6360 2.68260171371779
6360 2.68260171371779
6360 2.68260171371779
6360 0
6360 1.40606963672547
6360 6.4928544871644
6360 6.4928544871644
6360 6.4928544871644
6360 0.86353189637128
6360 0.305598340935215
6360 3.90744919889126
6360 1.03214814796064
6360 0
6360 3.32179712817487
6360 0
6360 0
6360 9.4328385754032
6360 9.4328385754032
6360 0
6360 16.8405823185984
6360 16.8405823185984
6360 16.8405823185984
6360 3.84759237250954
6360 0
6360 29.9362771840751
6360 1015.81798032133
6360 0.60551761167694
6360 0.60551761167694
6360 8.74225147396345
6360 8.74225147396345
6360 1.06216612699686
6360 1.06216612699686
6360 1.06216612699686
6360 0.394121497985637
6360 0.394121497985637
6360 0.394121497985637
6360 2.41932465428334
6453 0
6453 4.63503039665627
6453 4.63503039665627
6453 4.63503039665627
6453 4.63503039665627
6453 0
6453 2.47486738431394
6453 2.47486738431394
6453 2.68260171371779
6453 2.68260171371779
6453 2.68260171371779
6453 0
6453 1.40606963672547
6453 6.4928544871644
6453 6.4928544871644
6453 6.4928544871644
6453 0.86353189637128
6453 0.305598340935215
6453 3.90744919889126
6453 1.03214814796064
6453 0
6453 3.32179712817487
6453 0
6453 0
6453 9.4328385754032
6453 9.4328385754032
6453 0
6453 16.8405823185984
6453 16.8405823185984
6453 16.8405823185984
6453 3.84759237250954
6453 0
6453 29.9362771840751
6453 1015.81798032133
6453 0.60551761167694
6453 0.60551761167694
6453 8.74225147396345
6453 8.74225147396345
6453 1.06216612699686
6453 1.06216612699686
6453 1.06216612699686
6453 0.394121497985637
6453 0.394121497985637
6453 0.394121497985637
6453 2.41932465428334
6452 0
6452 4.63503039665627
6452 4.63503039665627
6452 4.63503039665627
6452 4.63503039665627
6452 0
6452 2.47486738431394
6452 2.47486738431394
6452 2.68260171371779
6452 2.68260171371779
6452 2.68260171371779
6452 0
6452 1.40606963672547
6452 6.4928544871644
6452 6.4928544871644
6452 6.4928544871644
6452 0.86353189637128
6452 0.305598340935215
6452 3.90744919889126
6452 1.03214814796064
6452 0
6452 3.32179712817487
6452 0
6452 0
6452 9.4328385754032
6452 9.4328385754032
6452 0
6452 16.8405823185984
6452 16.8405823185984
6452 16.8405823185984
6452 3.84759237250954
6452 0
6452 29.9362771840751
6452 1015.81798032133
6452 0.60551761167694
6452 0.60551761167694
6452 8.74225147396345
6452 8.74225147396345
6452 1.06216612699686
6452 1.06216612699686
6452 1.06216612699686
6452 0.394121497985637
6452 0.394121497985637
6452 0.394121497985637
6452 2.41932465428334
6451 0
6451 4.63503039665627
6451 4.63503039665627
6451 4.63503039665627
6451 4.63503039665627
6451 0
6451 2.47486738431394
6451 2.47486738431394
6451 2.68260171371779
6451 2.68260171371779
6451 2.68260171371779
6451 0
6451 1.40606963672547
6451 6.4928544871644
6451 6.4928544871644
6451 6.4928544871644
6451 0.86353189637128
6451 0.305598340935215
6451 3.90744919889126
6451 1.03214814796064
6451 0
6451 3.32179712817487
6451 0
6451 0
6451 9.4328385754032
6451 9.4328385754032
6451 0
6451 16.8405823185984
6451 16.8405823185984
6451 16.8405823185984
6451 3.84759237250954
6451 0
6451 29.9362771840751
6451 1015.81798032133
6451 0.60551761167694
6451 0.60551761167694
6451 8.74225147396345
6451 8.74225147396345
6451 1.06216612699686
6451 1.06216612699686
6451 1.06216612699686
6451 0.394121497985637
6451 0.394121497985637
6451 0.394121497985637
6451 2.41932465428334
6348 0
6348 4.63503039665627
6348 4.63503039665627
6348 4.63503039665627
6348 4.63503039665627
6348 0
6348 2.47486738431394
6348 2.47486738431394
6348 2.68260171371779
6348 2.68260171371779
6348 2.68260171371779
6348 0
6348 1.40606963672547
6348 6.4928544871644
6348 6.4928544871644
6348 6.4928544871644
6348 0.86353189637128
6348 0.305598340935215
6348 3.90744919889126
6348 1.03214814796064
6348 0
6348 3.32179712817487
6348 0
6348 0
6348 9.4328385754032
6348 9.4328385754032
6348 0
6348 16.8405823185984
6348 16.8405823185984
6348 16.8405823185984
6348 3.84759237250954
6348 0
6348 29.9362771840751
6348 1015.81798032133
6348 0.60551761167694
6348 0.60551761167694
6348 8.74225147396345
6348 8.74225147396345
6348 1.06216612699686
6348 1.06216612699686
6348 1.06216612699686
6348 0.394121497985637
6348 0.394121497985637
6348 0.394121497985637
6348 2.41932465428334
6541 0
6541 4.63503039665627
6541 4.63503039665627
6541 4.63503039665627
6541 4.63503039665627
6541 0
6541 2.47486738431394
6541 2.47486738431394
6541 2.68260171371779
6541 2.68260171371779
6541 2.68260171371779
6541 0
6541 1.40606963672547
6541 6.4928544871644
6541 6.4928544871644
6541 6.4928544871644
6541 0.86353189637128
6541 0.305598340935215
6541 3.90744919889126
6541 1.03214814796064
6541 0
6541 3.32179712817487
6541 0
6541 0
6541 9.4328385754032
6541 9.4328385754032
6541 0
6541 16.8405823185984
6541 16.8405823185984
6541 16.8405823185984
6541 3.84759237250954
6541 0
6541 29.9362771840751
6541 1015.81798032133
6541 0.60551761167694
6541 0.60551761167694
6541 8.74225147396345
6541 8.74225147396345
6541 1.06216612699686
6541 1.06216612699686
6541 1.06216612699686
6541 0.394121497985637
6541 0.394121497985637
6541 0.394121497985637
6541 2.41932465428334
6623 0
6623 4.63503039665627
6623 4.63503039665627
6623 4.63503039665627
6623 4.63503039665627
6623 0
6623 2.47486738431394
6623 2.47486738431394
6623 2.68260171371779
6623 2.68260171371779
6623 2.68260171371779
6623 0
6623 1.40606963672547
6623 6.4928544871644
6623 6.4928544871644
6623 6.4928544871644
6623 0.86353189637128
6623 0.305598340935215
6623 3.90744919889126
6623 1.03214814796064
6623 0
6623 3.32179712817487
6623 0
6623 0
6623 9.4328385754032
6623 9.4328385754032
6623 0
6623 16.8405823185984
6623 16.8405823185984
6623 16.8405823185984
6623 3.84759237250954
6623 0
6623 29.9362771840751
6623 1015.81798032133
6623 0.60551761167694
6623 0.60551761167694
6623 8.74225147396345
6623 8.74225147396345
6623 1.06216612699686
6623 1.06216612699686
6623 1.06216612699686
6623 0.394121497985637
6623 0.394121497985637
6623 0.394121497985637
6623 2.41932465428334
6764 0
6764 4.63503039665627
6764 4.63503039665627
6764 4.63503039665627
6764 4.63503039665627
6764 0
6764 2.47486738431394
6764 2.47486738431394
6764 2.68260171371779
6764 2.68260171371779
6764 2.68260171371779
6764 0
6764 1.40606963672547
6764 6.4928544871644
6764 6.4928544871644
6764 6.4928544871644
6764 0.86353189637128
6764 0.305598340935215
6764 3.90744919889126
6764 1.03214814796064
6764 0
6764 3.32179712817487
6764 0
6764 0
6764 9.4328385754032
6764 9.4328385754032
6764 0
6764 16.8405823185984
6764 16.8405823185984
6764 16.8405823185984
6764 3.84759237250954
6764 0
6764 29.9362771840751
6764 1015.81798032133
6764 0.60551761167694
6764 0.60551761167694
6764 8.74225147396345
6764 8.74225147396345
6764 1.06216612699686
6764 1.06216612699686
6764 1.06216612699686
6764 0.394121497985637
6764 0.394121497985637
6764 0.394121497985637
6764 2.41932465428334
6917 0
6917 4.63503039665627
6917 4.63503039665627
6917 4.63503039665627
6917 4.63503039665627
6917 0
6917 2.47486738431394
6917 2.47486738431394
6917 2.68260171371779
6917 2.68260171371779
6917 2.68260171371779
6917 0
6917 1.40606963672547
6917 6.4928544871644
6917 6.4928544871644
6917 6.4928544871644
6917 0.86353189637128
6917 0.305598340935215
6917 3.90744919889126
6917 1.03214814796064
6917 0
6917 3.32179712817487
6917 0
6917 0
6917 9.4328385754032
6917 9.4328385754032
6917 0
6917 16.8405823185984
6917 16.8405823185984
6917 16.8405823185984
6917 3.84759237250954
6917 0
6917 29.9362771840751
6917 1015.81798032133
6917 0.60551761167694
6917 0.60551761167694
6917 8.74225147396345
6917 8.74225147396345
6917 1.06216612699686
6917 1.06216612699686
6917 1.06216612699686
6917 0.394121497985637
6917 0.394121497985637
6917 0.394121497985637
6917 2.41932465428334
7057 0
7057 4.63503039665627
7057 4.63503039665627
7057 4.63503039665627
7057 4.63503039665627
7057 0
7057 2.47486738431394
7057 2.47486738431394
7057 2.68260171371779
7057 2.68260171371779
7057 2.68260171371779
7057 0
7057 1.40606963672547
7057 6.4928544871644
7057 6.4928544871644
7057 6.4928544871644
7057 0.86353189637128
7057 0.305598340935215
7057 3.90744919889126
7057 1.03214814796064
7057 0
7057 3.32179712817487
7057 0
7057 0
7057 9.4328385754032
7057 9.4328385754032
7057 0
7057 16.8405823185984
7057 16.8405823185984
7057 16.8405823185984
7057 3.84759237250954
7057 0
7057 29.9362771840751
7057 1015.81798032133
7057 0.60551761167694
7057 0.60551761167694
7057 8.74225147396345
7057 8.74225147396345
7057 1.06216612699686
7057 1.06216612699686
7057 1.06216612699686
7057 0.394121497985637
7057 0.394121497985637
7057 0.394121497985637
7057 2.41932465428334
7122 0
7122 4.63503039665627
7122 4.63503039665627
7122 4.63503039665627
7122 4.63503039665627
7122 0
7122 2.47486738431394
7122 2.47486738431394
7122 2.68260171371779
7122 2.68260171371779
7122 2.68260171371779
7122 0
7122 1.40606963672547
7122 6.4928544871644
7122 6.4928544871644
7122 6.4928544871644
7122 0.86353189637128
7122 0.305598340935215
7122 3.90744919889126
7122 1.03214814796064
7122 0
7122 3.32179712817487
7122 0
7122 0
7122 9.4328385754032
7122 9.4328385754032
7122 0
7122 16.8405823185984
7122 16.8405823185984
7122 16.8405823185984
7122 3.84759237250954
7122 0
7122 29.9362771840751
7122 1015.81798032133
7122 0.60551761167694
7122 0.60551761167694
7122 8.74225147396345
7122 8.74225147396345
7122 1.06216612699686
7122 1.06216612699686
7122 1.06216612699686
7122 0.394121497985637
7122 0.394121497985637
7122 0.394121497985637
7122 2.41932465428334
7121 0
7121 4.63503039665627
7121 4.63503039665627
7121 4.63503039665627
7121 4.63503039665627
7121 0
7121 2.47486738431394
7121 2.47486738431394
7121 2.68260171371779
7121 2.68260171371779
7121 2.68260171371779
7121 0
7121 1.40606963672547
7121 6.4928544871644
7121 6.4928544871644
7121 6.4928544871644
7121 0.86353189637128
7121 0.305598340935215
7121 3.90744919889126
7121 1.03214814796064
7121 0
7121 3.32179712817487
7121 0
7121 0
7121 9.4328385754032
7121 9.4328385754032
7121 0
7121 16.8405823185984
7121 16.8405823185984
7121 16.8405823185984
7121 3.84759237250954
7121 0
7121 29.9362771840751
7121 1015.81798032133
7121 0.60551761167694
7121 0.60551761167694
7121 8.74225147396345
7121 8.74225147396345
7121 1.06216612699686
7121 1.06216612699686
7121 1.06216612699686
7121 0.394121497985637
7121 0.394121497985637
7121 0.394121497985637
7121 2.41932465428334
7200 0
7200 4.63503039665627
7200 4.63503039665627
7200 4.63503039665627
7200 4.63503039665627
7200 0
7200 2.47486738431394
7200 2.47486738431394
7200 2.68260171371779
7200 2.68260171371779
7200 2.68260171371779
7200 0
7200 1.40606963672547
7200 6.4928544871644
7200 6.4928544871644
7200 6.4928544871644
7200 0.86353189637128
7200 0.305598340935215
7200 3.90744919889126
7200 1.03214814796064
7200 0
7200 3.32179712817487
7200 0
7200 0
7200 9.4328385754032
7200 9.4328385754032
7200 0
7200 16.8405823185984
7200 16.8405823185984
7200 16.8405823185984
7200 3.84759237250954
7200 0
7200 29.9362771840751
7200 1015.81798032133
7200 0.60551761167694
7200 0.60551761167694
7200 8.74225147396345
7200 8.74225147396345
7200 1.06216612699686
7200 1.06216612699686
7200 1.06216612699686
7200 0.394121497985637
7200 0.394121497985637
7200 0.394121497985637
7200 2.41932465428334
7197 0
7197 4.63503039665627
7197 4.63503039665627
7197 4.63503039665627
7197 4.63503039665627
7197 0
7197 2.47486738431394
7197 2.47486738431394
7197 2.68260171371779
7197 2.68260171371779
7197 2.68260171371779
7197 0
7197 1.40606963672547
7197 6.4928544871644
7197 6.4928544871644
7197 6.4928544871644
7197 0.86353189637128
7197 0.305598340935215
7197 3.90744919889126
7197 1.03214814796064
7197 0
7197 3.32179712817487
7197 0
7197 0
7197 9.4328385754032
7197 9.4328385754032
7197 0
7197 16.8405823185984
7197 16.8405823185984
7197 16.8405823185984
7197 3.84759237250954
7197 0
7197 29.9362771840751
7197 1015.81798032133
7197 0.60551761167694
7197 0.60551761167694
7197 8.74225147396345
7197 8.74225147396345
7197 1.06216612699686
7197 1.06216612699686
7197 1.06216612699686
7197 0.394121497985637
7197 0.394121497985637
7197 0.394121497985637
7197 2.41932465428334
7398 0
7398 4.63503039665627
7398 4.63503039665627
7398 4.63503039665627
7398 4.63503039665627
7398 0
7398 2.47486738431394
7398 2.47486738431394
7398 2.68260171371779
7398 2.68260171371779
7398 2.68260171371779
7398 0
7398 1.40606963672547
7398 6.4928544871644
7398 6.4928544871644
7398 6.4928544871644
7398 0.86353189637128
7398 0.305598340935215
7398 3.90744919889126
7398 1.03214814796064
7398 0
7398 3.32179712817487
7398 0
7398 0
7398 9.4328385754032
7398 9.4328385754032
7398 0
7398 16.8405823185984
7398 16.8405823185984
7398 16.8405823185984
7398 3.84759237250954
7398 0
7398 29.9362771840751
7398 1015.81798032133
7398 0.60551761167694
7398 0.60551761167694
7398 8.74225147396345
7398 8.74225147396345
7398 1.06216612699686
7398 1.06216612699686
7398 1.06216612699686
7398 0.394121497985637
7398 0.394121497985637
7398 0.394121497985637
7398 2.41932465428334
