pt_graph scale
3 0
3 9.9141101606008
3 9.9141101606008
3 9.9141101606008
3 9.9141101606008
3 0
3 5.35336181774088
3 5.35336181774088
3 5.57738745108481
3 5.57738745108481
3 5.57738745108481
3 0
3 2.9539297207592
3 14.6413963090249
3 14.6413963090249
3 14.6413963090249
3 1.86187737258426
3 0.660945790846854
3 8.10415988376132
3 2.30090069223098
3 0
3 6.95352989527218
3 0
3 0
3 21.5222111016208
3 21.5222111016208
3 0
3 34.9649955970259
3 34.9649955970259
3 34.9649955970259
3 8.22802569002806
3 0
3 62.7174544182041
3 2302.04619271257
3 1.33357809720909
3 1.33357809720909
3 19.8615987468762
3 19.8615987468762
3 2.24030170723209
3 2.24030170723209
3 2.24030170723209
3 0.854212618429176
3 0.854212618429176
3 0.854212618429176
3 5.03643973495314
4 0
4 9.9141101606008
4 9.9141101606008
4 9.9141101606008
4 9.9141101606008
4 0
4 5.35336181774088
4 5.35336181774088
4 5.57738745108481
4 5.57738745108481
4 5.57738745108481
4 0
4 2.9539297207592
4 14.6413963090249
4 14.6413963090249
4 14.6413963090249
4 1.86187737258426
4 0.660945790846854
4 8.10415988376132
4 2.30090069223098
4 0
4 6.95352989527218
4 0
4 0
4 21.5222111016208
4 21.5222111016208
4 0
4 34.9649955970259
4 34.9649955970259
4 34.9649955970259
4 8.22802569002806
4 0
4 62.7174544182041
4 2302.04619271257
4 1.33357809720909
4 1.33357809720909
4 19.8615987468762
4 19.8615987468762
4 2.24030170723209
4 2.24030170723209
4 2.24030170723209
4 0.854212618429176
4 0.854212618429176
4 0.854212618429176
4 5.03643973495314
6 0
6 9.9141101606008
6 9.9141101606008
6 9.9141101606008
6 9.9141101606008
6 0
6 5.35336181774088
6 5.35336181774088
6 5.57738745108481
6 5.57738745108481
6 5.57738745108481
6 0
6 2.9539297207592
6 14.6413963090249
6 14.6413963090249
6 14.6413963090249
6 1.86187737258426
6 0.660945790846854
6 8.10415988376132
6 2.30090069223098
6 0
6 6.95352989527218
6 0
6 0
6 21.5222111016208
6 21.5222111016208
6 0
6 34.9649955970259
6 34.9649955970259
6 34.9649955970259
6 8.22802569002806
6 0
6 62.7174544182041
6 2302.04619271257
6 1.33357809720909
6 1.33357809720909
6 19.8615987468762
6 19.8615987468762
6 2.24030170723209
6 2.24030170723209
6 2.24030170723209
6 0.854212618429176
6 0.854212618429176
6 0.854212618429176
6 5.03643973495314
12 0
12 9.9141101606008
12 9.9141101606008
12 9.9141101606008
12 9.9141101606008
12 0
12 5.35336181774088
12 5.35336181774088
12 5.57738745108481
12 5.57738745108481
12 5.57738745108481
12 0
12 2.9539297207592
12 14.6413963090249
12 14.6413963090249
12 14.6413963090249
12 1.86187737258426
12 0.660945790846854
12 8.10415988376132
12 2.30090069223098
12 0
12 6.95352989527218
12 0
12 0
12 21.5222111016208
12 21.5222111016208
12 0
12 34.9649955970259
12 34.9649955970259
12 34.9649955970259
12 8.22802569002806
12 0
12 62.7174544182041
12 2302.04619271257
12 1.33357809720909
12 1.33357809720909
12 19.8615987468762
12 19.8615987468762
12 2.24030170723209
12 2.24030170723209
12 2.24030170723209
12 0.854212618429176
12 0.854212618429176
12 0.854212618429176
12 5.03643973495314
15 0
15 9.9141101606008
15 9.9141101606008
15 9.9141101606008
15 9.9141101606008
15 0
15 5.35336181774088
15 5.35336181774088
15 5.57738745108481
15 5.57738745108481
15 5.57738745108481
15 0
15 2.9539297207592
15 14.6413963090249
15 14.6413963090249
15 14.6413963090249
15 1.86187737258426
15 0.660945790846854
15 8.10415988376132
15 2.30090069223098
15 0
15 6.95352989527218
15 0
15 0
15 21.5222111016208
15 21.5222111016208
15 0
15 34.9649955970259
15 34.9649955970259
15 34.9649955970259
15 8.22802569002806
15 0
15 62.7174544182041
15 2302.04619271257
15 1.33357809720909
15 1.33357809720909
15 19.8615987468762
15 19.8615987468762
15 2.24030170723209
15 2.24030170723209
15 2.24030170723209
15 0.854212618429176
15 0.854212618429176
15 0.854212618429176
15 5.03643973495314
16 0
16 9.9141101606008
16 9.9141101606008
16 9.9141101606008
16 9.9141101606008
16 0
16 5.35336181774088
16 5.35336181774088
16 5.57738745108481
16 5.57738745108481
16 5.57738745108481
16 0
16 2.9539297207592
16 14.6413963090249
16 14.6413963090249
16 14.6413963090249
16 1.86187737258426
16 0.660945790846854
16 8.10415988376132
16 2.30090069223098
16 0
16 6.95352989527218
16 0
16 0
16 21.5222111016208
16 21.5222111016208
16 0
16 34.9649955970259
16 34.9649955970259
16 34.9649955970259
16 8.22802569002806
16 0
16 62.7174544182041
16 2302.04619271257
16 1.33357809720909
16 1.33357809720909
16 19.8615987468762
16 19.8615987468762
16 2.24030170723209
16 2.24030170723209
16 2.24030170723209
16 0.854212618429176
16 0.854212618429176
16 0.854212618429176
16 5.03643973495314
23 0
23 9.9141101606008
23 9.9141101606008
23 9.9141101606008
23 9.9141101606008
23 0
23 5.35336181774088
23 5.35336181774088
23 5.57738745108481
23 5.57738745108481
23 5.57738745108481
23 0
23 2.9539297207592
23 14.6413963090249
23 14.6413963090249
23 14.6413963090249
23 1.86187737258426
23 0.660945790846854
23 8.10415988376132
23 2.30090069223098
23 0
23 6.95352989527218
23 0
23 0
23 21.5222111016208
23 21.5222111016208
23 0
23 34.9649955970259
23 34.9649955970259
23 34.9649955970259
23 8.22802569002806
23 0
23 62.7174544182041
23 2302.04619271257
23 1.33357809720909
23 1.33357809720909
23 19.8615987468762
23 19.8615987468762
23 2.24030170723209
23 2.24030170723209
23 2.24030170723209
23 0.854212618429176
23 0.854212618429176
23 0.854212618429176
23 5.03643973495314
24 0
24 9.9141101606008
24 9.9141101606008
24 9.9141101606008
24 9.9141101606008
24 0
24 5.35336181774088
24 5.35336181774088
24 5.57738745108481
24 5.57738745108481
24 5.57738745108481
24 0
24 2.9539297207592
24 14.6413963090249
24 14.6413963090249
24 14.6413963090249
24 1.86187737258426
24 0.660945790846854
24 8.10415988376132
24 2.30090069223098
24 0
24 6.95352989527218
24 0
24 0
24 21.5222111016208
24 21.5222111016208
24 0
24 34.9649955970259
24 34.9649955970259
24 34.9649955970259
24 8.22802569002806
24 0
24 62.7174544182041
24 2302.04619271257
24 1.33357809720909
24 1.33357809720909
24 19.8615987468762
24 19.8615987468762
24 2.24030170723209
24 2.24030170723209
24 2.24030170723209
24 0.854212618429176
24 0.854212618429176
24 0.854212618429176
24 5.03643973495314
27 0
27 9.9141101606008
27 9.9141101606008
27 9.9141101606008
27 9.9141101606008
27 0
27 5.35336181774088
27 5.35336181774088
27 5.57738745108481
27 5.57738745108481
27 5.57738745108481
27 0
27 2.9539297207592
27 14.6413963090249
27 14.6413963090249
27 14.6413963090249
27 1.86187737258426
27 0.660945790846854
27 8.10415988376132
27 2.30090069223098
27 0
27 6.95352989527218
27 0
27 0
27 21.5222111016208
27 21.5222111016208
27 0
27 34.9649955970259
27 34.9649955970259
27 34.9649955970259
27 8.22802569002806
27 0
27 62.7174544182041
27 2302.04619271257
27 1.33357809720909
27 1.33357809720909
27 19.8615987468762
27 19.8615987468762
27 2.24030170723209
27 2.24030170723209
27 2.24030170723209
27 0.854212618429176
27 0.854212618429176
27 0.854212618429176
27 5.03643973495314
36 0
36 9.9141101606008
36 9.9141101606008
36 9.9141101606008
36 9.9141101606008
36 0
36 5.35336181774088
36 5.35336181774088
36 5.57738745108481
36 5.57738745108481
36 5.57738745108481
36 0
36 2.9539297207592
36 14.6413963090249
36 14.6413963090249
36 14.6413963090249
36 1.86187737258426
36 0.660945790846854
36 8.10415988376132
36 2.30090069223098
36 0
36 6.95352989527218
36 0
36 0
36 21.5222111016208
36 21.5222111016208
36 0
36 34.9649955970259
36 34.9649955970259
36 34.9649955970259
36 8.22802569002806
36 0
36 62.7174544182041
36 2302.04619271257
36 1.33357809720909
36 1.33357809720909
36 19.8615987468762
36 19.8615987468762
36 2.24030170723209
36 2.24030170723209
36 2.24030170723209
36 0.854212618429176
36 0.854212618429176
36 0.854212618429176
36 5.03643973495314
38 0
38 9.9141101606008
38 9.9141101606008
38 9.9141101606008
38 9.9141101606008
38 0
38 5.35336181774088
38 5.35336181774088
38 5.57738745108481
38 5.57738745108481
38 5.57738745108481
38 0
38 2.9539297207592
38 14.6413963090249
38 14.6413963090249
38 14.6413963090249
38 1.86187737258426
38 0.660945790846854
38 8.10415988376132
38 2.30090069223098
38 0
38 6.95352989527218
38 0
38 0
38 21.5222111016208
38 21.5222111016208
38 0
38 34.9649955970259
38 34.9649955970259
38 34.9649955970259
38 8.22802569002806
38 0
38 62.7174544182041
38 2302.04619271257
38 1.33357809720909
38 1.33357809720909
38 19.8615987468762
38 19.8615987468762
38 2.24030170723209
38 2.24030170723209
38 2.24030170723209
38 0.854212618429176
38 0.854212618429176
38 0.854212618429176
38 5.03643973495314
52 0
52 9.9141101606008
52 9.9141101606008
52 9.9141101606008
52 9.9141101606008
52 0
52 5.35336181774088
52 5.35336181774088
52 5.57738745108481
52 5.57738745108481
52 5.57738745108481
52 0
52 2.9539297207592
52 14.6413963090249
52 14.6413963090249
52 14.6413963090249
52 1.86187737258426
52 0.660945790846854
52 8.10415988376132
52 2.30090069223098
52 0
52 6.95352989527218
52 0
52 0
52 21.5222111016208
52 21.5222111016208
52 0
52 34.9649955970259
52 34.9649955970259
52 34.9649955970259
52 8.22802569002806
52 0
52 62.7174544182041
52 2302.04619271257
52 1.33357809720909
52 1.33357809720909
52 19.8615987468762
52 19.8615987468762
52 2.24030170723209
52 2.24030170723209
52 2.24030170723209
52 0.854212618429176
52 0.854212618429176
52 0.854212618429176
52 5.03643973495314
55 0
55 9.9141101606008
55 9.9141101606008
55 9.9141101606008
55 9.9141101606008
55 0
55 5.35336181774088
55 5.35336181774088
55 5.57738745108481
55 5.57738745108481
55 5.57738745108481
55 0
55 2.9539297207592
55 14.6413963090249
55 14.6413963090249
55 14.6413963090249
55 1.86187737258426
55 0.660945790846854
55 8.10415988376132
55 2.30090069223098
55 0
55 6.95352989527218
55 0
55 0
55 21.5222111016208
55 21.5222111016208
55 0
55 34.9649955970259
55 34.9649955970259
55 34.9649955970259
55 8.22802569002806
55 0
55 62.7174544182041
55 2302.04619271257
55 1.33357809720909
55 1.33357809720909
55 19.8615987468762
55 19.8615987468762
55 2.24030170723209
55 2.24030170723209
55 2.24030170723209
55 0.854212618429176
55 0.854212618429176
55 0.854212618429176
55 5.03643973495314
63 0
63 9.9141101606008
63 9.9141101606008
63 9.9141101606008
63 9.9141101606008
63 0
63 5.35336181774088
63 5.35336181774088
63 5.57738745108481
63 5.57738745108481
63 5.57738745108481
63 0
63 2.9539297207592
63 14.6413963090249
63 14.6413963090249
63 14.6413963090249
63 1.86187737258426
63 0.660945790846854
63 8.10415988376132
63 2.30090069223098
63 0
63 6.95352989527218
63 0
63 0
63 21.5222111016208
63 21.5222111016208
63 0
63 34.9649955970259
63 34.9649955970259
63 34.9649955970259
63 8.22802569002806
63 0
63 62.7174544182041
63 2302.04619271257
63 1.33357809720909
63 1.33357809720909
63 19.8615987468762
63 19.8615987468762
63 2.24030170723209
63 2.24030170723209
63 2.24030170723209
63 0.854212618429176
63 0.854212618429176
63 0.854212618429176
63 5.03643973495314
75 0
75 9.9141101606008
75 9.9141101606008
75 9.9141101606008
75 9.9141101606008
75 0
75 5.35336181774088
75 5.35336181774088
75 5.57738745108481
75 5.57738745108481
75 5.57738745108481
75 0
75 2.9539297207592
75 14.6413963090249
75 14.6413963090249
75 14.6413963090249
75 1.86187737258426
75 0.660945790846854
75 8.10415988376132
75 2.30090069223098
75 0
75 6.95352989527218
75 0
75 0
75 21.5222111016208
75 21.5222111016208
75 0
75 34.9649955970259
75 34.9649955970259
75 34.9649955970259
75 8.22802569002806
75 0
75 62.7174544182041
75 2302.04619271257
75 1.33357809720909
75 1.33357809720909
75 19.8615987468762
75 19.8615987468762
75 2.24030170723209
75 2.24030170723209
75 2.24030170723209
75 0.854212618429176
75 0.854212618429176
75 0.854212618429176
75 5.03643973495314
76 0
76 9.9141101606008
76 9.9141101606008
76 9.9141101606008
76 9.9141101606008
76 0
76 5.35336181774088
76 5.35336181774088
76 5.57738745108481
76 5.57738745108481
76 5.57738745108481
76 0
76 2.9539297207592
76 14.6413963090249
76 14.6413963090249
76 14.6413963090249
76 1.86187737258426
76 0.660945790846854
76 8.10415988376132
76 2.30090069223098
76 0
76 6.95352989527218
76 0
76 0
76 21.5222111016208
76 21.5222111016208
76 0
76 34.9649955970259
76 34.9649955970259
76 34.9649955970259
76 8.22802569002806
76 0
76 62.7174544182041
76 2302.04619271257
76 1.33357809720909
76 1.33357809720909
76 19.8615987468762
76 19.8615987468762
76 2.24030170723209
76 2.24030170723209
76 2.24030170723209
76 0.854212618429176
76 0.854212618429176
76 0.854212618429176
76 5.03643973495314
122 0
122 9.9141101606008
122 9.9141101606008
122 9.9141101606008
122 9.9141101606008
122 0
122 5.35336181774088
122 5.35336181774088
122 5.57738745108481
122 5.57738745108481
122 5.57738745108481
122 0
122 2.9539297207592
122 14.6413963090249
122 14.6413963090249
122 14.6413963090249
122 1.86187737258426
122 0.660945790846854
122 8.10415988376132
122 2.30090069223098
122 0
122 6.95352989527218
122 0
122 0
122 21.5222111016208
122 21.5222111016208
122 0
122 34.9649955970259
122 34.9649955970259
122 34.9649955970259
122 8.22802569002806
122 0
122 62.7174544182041
122 2302.04619271257
122 1.33357809720909
122 1.33357809720909
122 19.8615987468762
122 19.8615987468762
122 2.24030170723209
122 2.24030170723209
122 2.24030170723209
122 0.854212618429176
122 0.854212618429176
122 0.854212618429176
122 5.03643973495314
130 0
130 9.9141101606008
130 9.9141101606008
130 9.9141101606008
130 9.9141101606008
130 0
130 5.35336181774088
130 5.35336181774088
130 5.57738745108481
130 5.57738745108481
130 5.57738745108481
130 0
130 2.9539297207592
130 14.6413963090249
130 14.6413963090249
130 14.6413963090249
130 1.86187737258426
130 0.660945790846854
130 8.10415988376132
130 2.30090069223098
130 0
130 6.95352989527218
130 0
130 0
130 21.5222111016208
130 21.5222111016208
130 0
130 34.9649955970259
130 34.9649955970259
130 34.9649955970259
130 8.22802569002806
130 0
130 62.7174544182041
130 2302.04619271257
130 1.33357809720909
130 1.33357809720909
130 19.8615987468762
130 19.8615987468762
130 2.24030170723209
130 2.24030170723209
130 2.24030170723209
130 0.854212618429176
130 0.854212618429176
130 0.854212618429176
130 5.03643973495314
143 0
143 9.9141101606008
143 9.9141101606008
143 9.9141101606008
143 9.9141101606008
143 0
143 5.35336181774088
143 5.35336181774088
143 5.57738745108481
143 5.57738745108481
143 5.57738745108481
143 0
143 2.9539297207592
143 14.6413963090249
143 14.6413963090249
143 14.6413963090249
143 1.86187737258426
143 0.660945790846854
143 8.10415988376132
143 2.30090069223098
143 0
143 6.95352989527218
143 0
143 0
143 21.5222111016208
143 21.5222111016208
143 0
143 34.9649955970259
143 34.9649955970259
143 34.9649955970259
143 8.22802569002806
143 0
143 62.7174544182041
143 2302.04619271257
143 1.33357809720909
143 1.33357809720909
143 19.8615987468762
143 19.8615987468762
143 2.24030170723209
143 2.24030170723209
143 2.24030170723209
143 0.854212618429176
143 0.854212618429176
143 0.854212618429176
143 5.03643973495314
151 0
151 9.9141101606008
151 9.9141101606008
151 9.9141101606008
151 9.9141101606008
151 0
151 5.35336181774088
151 5.35336181774088
151 5.57738745108481
151 5.57738745108481
151 5.57738745108481
151 0
151 2.9539297207592
151 14.6413963090249
151 14.6413963090249
151 14.6413963090249
151 1.86187737258426
151 0.660945790846854
151 8.10415988376132
151 2.30090069223098
151 0
151 6.95352989527218
151 0
151 0
151 21.5222111016208
151 21.5222111016208
151 0
151 34.9649955970259
151 34.9649955970259
151 34.9649955970259
151 8.22802569002806
151 0
151 62.7174544182041
151 2302.04619271257
151 1.33357809720909
151 1.33357809720909
151 19.8615987468762
151 19.8615987468762
151 2.24030170723209
151 2.24030170723209
151 2.24030170723209
151 0.854212618429176
151 0.854212618429176
151 0.854212618429176
151 5.03643973495314
152 0
152 9.9141101606008
152 9.9141101606008
152 9.9141101606008
152 9.9141101606008
152 0
152 5.35336181774088
152 5.35336181774088
152 5.57738745108481
152 5.57738745108481
152 5.57738745108481
152 0
152 2.9539297207592
152 14.6413963090249
152 14.6413963090249
152 14.6413963090249
152 1.86187737258426
152 0.660945790846854
152 8.10415988376132
152 2.30090069223098
152 0
152 6.95352989527218
152 0
152 0
152 21.5222111016208
152 21.5222111016208
152 0
152 34.9649955970259
152 34.9649955970259
152 34.9649955970259
152 8.22802569002806
152 0
152 62.7174544182041
152 2302.04619271257
152 1.33357809720909
152 1.33357809720909
152 19.8615987468762
152 19.8615987468762
152 2.24030170723209
152 2.24030170723209
152 2.24030170723209
152 0.854212618429176
152 0.854212618429176
152 0.854212618429176
152 5.03643973495314
155 0
155 9.9141101606008
155 9.9141101606008
155 9.9141101606008
155 9.9141101606008
155 0
155 5.35336181774088
155 5.35336181774088
155 5.57738745108481
155 5.57738745108481
155 5.57738745108481
155 0
155 2.9539297207592
155 14.6413963090249
155 14.6413963090249
155 14.6413963090249
155 1.86187737258426
155 0.660945790846854
155 8.10415988376132
155 2.30090069223098
155 0
155 6.95352989527218
155 0
155 0
155 21.5222111016208
155 21.5222111016208
155 0
155 34.9649955970259
155 34.9649955970259
155 34.9649955970259
155 8.22802569002806
155 0
155 62.7174544182041
155 2302.04619271257
155 1.33357809720909
155 1.33357809720909
155 19.8615987468762
155 19.8615987468762
155 2.24030170723209
155 2.24030170723209
155 2.24030170723209
155 0.854212618429176
155 0.854212618429176
155 0.854212618429176
155 5.03643973495314
164 0
164 9.9141101606008
164 9.9141101606008
164 9.9141101606008
164 9.9141101606008
164 0
164 5.35336181774088
164 5.35336181774088
164 5.57738745108481
164 5.57738745108481
164 5.57738745108481
164 0
164 2.9539297207592
164 14.6413963090249
164 14.6413963090249
164 14.6413963090249
164 1.86187737258426
164 0.660945790846854
164 8.10415988376132
164 2.30090069223098
164 0
164 6.95352989527218
164 0
164 0
164 21.5222111016208
164 21.5222111016208
164 0
164 34.9649955970259
164 34.9649955970259
164 34.9649955970259
164 8.22802569002806
164 0
164 62.7174544182041
164 2302.04619271257
164 1.33357809720909
164 1.33357809720909
164 19.8615987468762
164 19.8615987468762
164 2.24030170723209
164 2.24030170723209
164 2.24030170723209
164 0.854212618429176
164 0.854212618429176
164 0.854212618429176
164 5.03643973495314
173 0
173 9.9141101606008
173 9.9141101606008
173 9.9141101606008
173 9.9141101606008
173 0
173 5.35336181774088
173 5.35336181774088
173 5.57738745108481
173 5.57738745108481
173 5.57738745108481
173 0
173 2.9539297207592
173 14.6413963090249
173 14.6413963090249
173 14.6413963090249
173 1.86187737258426
173 0.660945790846854
173 8.10415988376132
173 2.30090069223098
173 0
173 6.95352989527218
173 0
173 0
173 21.5222111016208
173 21.5222111016208
173 0
173 34.9649955970259
173 34.9649955970259
173 34.9649955970259
173 8.22802569002806
173 0
173 62.7174544182041
173 2302.04619271257
173 1.33357809720909
173 1.33357809720909
173 19.8615987468762
173 19.8615987468762
173 2.24030170723209
173 2.24030170723209
173 2.24030170723209
173 0.854212618429176
173 0.854212618429176
173 0.854212618429176
173 5.03643973495314
191 0
191 9.9141101606008
191 9.9141101606008
191 9.9141101606008
191 9.9141101606008
191 0
191 5.35336181774088
191 5.35336181774088
191 5.57738745108481
191 5.57738745108481
191 5.57738745108481
191 0
191 2.9539297207592
191 14.6413963090249
191 14.6413963090249
191 14.6413963090249
191 1.86187737258426
191 0.660945790846854
191 8.10415988376132
191 2.30090069223098
191 0
191 6.95352989527218
191 0
191 0
191 21.5222111016208
191 21.5222111016208
191 0
191 34.9649955970259
191 34.9649955970259
191 34.9649955970259
191 8.22802569002806
191 0
191 62.7174544182041
191 2302.04619271257
191 1.33357809720909
191 1.33357809720909
191 19.8615987468762
191 19.8615987468762
191 2.24030170723209
191 2.24030170723209
191 2.24030170723209
191 0.854212618429176
191 0.854212618429176
191 0.854212618429176
191 5.03643973495314
192 0
192 9.9141101606008
192 9.9141101606008
192 9.9141101606008
192 9.9141101606008
192 0
192 5.35336181774088
192 5.35336181774088
192 5.57738745108481
192 5.57738745108481
192 5.57738745108481
192 0
192 2.9539297207592
192 14.6413963090249
192 14.6413963090249
192 14.6413963090249
192 1.86187737258426
192 0.660945790846854
192 8.10415988376132
192 2.30090069223098
192 0
192 6.95352989527218
192 0
192 0
192 21.5222111016208
192 21.5222111016208
192 0
192 34.9649955970259
192 34.9649955970259
192 34.9649955970259
192 8.22802569002806
192 0
192 62.7174544182041
192 2302.04619271257
192 1.33357809720909
192 1.33357809720909
192 19.8615987468762
192 19.8615987468762
192 2.24030170723209
192 2.24030170723209
192 2.24030170723209
192 0.854212618429176
192 0.854212618429176
192 0.854212618429176
192 5.03643973495314
193 0
193 9.9141101606008
193 9.9141101606008
193 9.9141101606008
193 9.9141101606008
193 0
193 5.35336181774088
193 5.35336181774088
193 5.57738745108481
193 5.57738745108481
193 5.57738745108481
193 0
193 2.9539297207592
193 14.6413963090249
193 14.6413963090249
193 14.6413963090249
193 1.86187737258426
193 0.660945790846854
193 8.10415988376132
193 2.30090069223098
193 0
193 6.95352989527218
193 0
193 0
193 21.5222111016208
193 21.5222111016208
193 0
193 34.9649955970259
193 34.9649955970259
193 34.9649955970259
193 8.22802569002806
193 0
193 62.7174544182041
193 2302.04619271257
193 1.33357809720909
193 1.33357809720909
193 19.8615987468762
193 19.8615987468762
193 2.24030170723209
193 2.24030170723209
193 2.24030170723209
193 0.854212618429176
193 0.854212618429176
193 0.854212618429176
193 5.03643973495314
272 0
272 9.9141101606008
272 9.9141101606008
272 9.9141101606008
272 9.9141101606008
272 0
272 5.35336181774088
272 5.35336181774088
272 5.57738745108481
272 5.57738745108481
272 5.57738745108481
272 0
272 2.9539297207592
272 14.6413963090249
272 14.6413963090249
272 14.6413963090249
272 1.86187737258426
272 0.660945790846854
272 8.10415988376132
272 2.30090069223098
272 0
272 6.95352989527218
272 0
272 0
272 21.5222111016208
272 21.5222111016208
272 0
272 34.9649955970259
272 34.9649955970259
272 34.9649955970259
272 8.22802569002806
272 0
272 62.7174544182041
272 2302.04619271257
272 1.33357809720909
272 1.33357809720909
272 19.8615987468762
272 19.8615987468762
272 2.24030170723209
272 2.24030170723209
272 2.24030170723209
272 0.854212618429176
272 0.854212618429176
272 0.854212618429176
272 5.03643973495314
308 0
308 9.9141101606008
308 9.9141101606008
308 9.9141101606008
308 9.9141101606008
308 0
308 5.35336181774088
308 5.35336181774088
308 5.57738745108481
308 5.57738745108481
308 5.57738745108481
308 0
308 2.9539297207592
308 14.6413963090249
308 14.6413963090249
308 14.6413963090249
308 1.86187737258426
308 0.660945790846854
308 8.10415988376132
308 2.30090069223098
308 0
308 6.95352989527218
308 0
308 0
308 21.5222111016208
308 21.5222111016208
308 0
308 34.9649955970259
308 34.9649955970259
308 34.9649955970259
308 8.22802569002806
308 0
308 62.7174544182041
308 2302.04619271257
308 1.33357809720909
308 1.33357809720909
308 19.8615987468762
308 19.8615987468762
308 2.24030170723209
308 2.24030170723209
308 2.24030170723209
308 0.854212618429176
308 0.854212618429176
308 0.854212618429176
308 5.03643973495314
333 0
333 9.9141101606008
333 9.9141101606008
333 9.9141101606008
333 9.9141101606008
333 0
333 5.35336181774088
333 5.35336181774088
333 5.57738745108481
333 5.57738745108481
333 5.57738745108481
333 0
333 2.9539297207592
333 14.6413963090249
333 14.6413963090249
333 14.6413963090249
333 1.86187737258426
333 0.660945790846854
333 8.10415988376132
333 2.30090069223098
333 0
333 6.95352989527218
333 0
333 0
333 21.5222111016208
333 21.5222111016208
333 0
333 34.9649955970259
333 34.9649955970259
333 34.9649955970259
333 8.22802569002806
333 0
333 62.7174544182041
333 2302.04619271257
333 1.33357809720909
333 1.33357809720909
333 19.8615987468762
333 19.8615987468762
333 2.24030170723209
333 2.24030170723209
333 2.24030170723209
333 0.854212618429176
333 0.854212618429176
333 0.854212618429176
333 5.03643973495314
360 0
360 9.9141101606008
360 9.9141101606008
360 9.9141101606008
360 9.9141101606008
360 0
360 5.35336181774088
360 5.35336181774088
360 5.57738745108481
360 5.57738745108481
360 5.57738745108481
360 0
360 2.9539297207592
360 14.6413963090249
360 14.6413963090249
360 14.6413963090249
360 1.86187737258426
360 0.660945790846854
360 8.10415988376132
360 2.30090069223098
360 0
360 6.95352989527218
360 0
360 0
360 21.5222111016208
360 21.5222111016208
360 0
360 34.9649955970259
360 34.9649955970259
360 34.9649955970259
360 8.22802569002806
360 0
360 62.7174544182041
360 2302.04619271257
360 1.33357809720909
360 1.33357809720909
360 19.8615987468762
360 19.8615987468762
360 2.24030170723209
360 2.24030170723209
360 2.24030170723209
360 0.854212618429176
360 0.854212618429176
360 0.854212618429176
360 5.03643973495314
657 0
657 9.9141101606008
657 9.9141101606008
657 9.9141101606008
657 9.9141101606008
657 0
657 5.35336181774088
657 5.35336181774088
657 5.57738745108481
657 5.57738745108481
657 5.57738745108481
657 0
657 2.9539297207592
657 14.6413963090249
657 14.6413963090249
657 14.6413963090249
657 1.86187737258426
657 0.660945790846854
657 8.10415988376132
657 2.30090069223098
657 0
657 6.95352989527218
657 0
657 0
657 21.5222111016208
657 21.5222111016208
657 0
657 34.9649955970259
657 34.9649955970259
657 34.9649955970259
657 8.22802569002806
657 0
657 62.7174544182041
657 2302.04619271257
657 1.33357809720909
657 1.33357809720909
657 19.8615987468762
657 19.8615987468762
657 2.24030170723209
657 2.24030170723209
657 2.24030170723209
657 0.854212618429176
657 0.854212618429176
657 0.854212618429176
657 5.03643973495314
769 0
769 9.9141101606008
769 9.9141101606008
769 9.9141101606008
769 9.9141101606008
769 0
769 5.35336181774088
769 5.35336181774088
769 5.57738745108481
769 5.57738745108481
769 5.57738745108481
769 0
769 2.9539297207592
769 14.6413963090249
769 14.6413963090249
769 14.6413963090249
769 1.86187737258426
769 0.660945790846854
769 8.10415988376132
769 2.30090069223098
769 0
769 6.95352989527218
769 0
769 0
769 21.5222111016208
769 21.5222111016208
769 0
769 34.9649955970259
769 34.9649955970259
769 34.9649955970259
769 8.22802569002806
769 0
769 62.7174544182041
769 2302.04619271257
769 1.33357809720909
769 1.33357809720909
769 19.8615987468762
769 19.8615987468762
769 2.24030170723209
769 2.24030170723209
769 2.24030170723209
769 0.854212618429176
769 0.854212618429176
769 0.854212618429176
769 5.03643973495314
792 0
792 9.9141101606008
792 9.9141101606008
792 9.9141101606008
792 9.9141101606008
792 0
792 5.35336181774088
792 5.35336181774088
792 5.57738745108481
792 5.57738745108481
792 5.57738745108481
792 0
792 2.9539297207592
792 14.6413963090249
792 14.6413963090249
792 14.6413963090249
792 1.86187737258426
792 0.660945790846854
792 8.10415988376132
792 2.30090069223098
792 0
792 6.95352989527218
792 0
792 0
792 21.5222111016208
792 21.5222111016208
792 0
792 34.9649955970259
792 34.9649955970259
792 34.9649955970259
792 8.22802569002806
792 0
792 62.7174544182041
792 2302.04619271257
792 1.33357809720909
792 1.33357809720909
792 19.8615987468762
792 19.8615987468762
792 2.24030170723209
792 2.24030170723209
792 2.24030170723209
792 0.854212618429176
792 0.854212618429176
792 0.854212618429176
792 5.03643973495314
883 0
883 9.9141101606008
883 9.9141101606008
883 9.9141101606008
883 9.9141101606008
883 0
883 5.35336181774088
883 5.35336181774088
883 5.57738745108481
883 5.57738745108481
883 5.57738745108481
883 0
883 2.9539297207592
883 14.6413963090249
883 14.6413963090249
883 14.6413963090249
883 1.86187737258426
883 0.660945790846854
883 8.10415988376132
883 2.30090069223098
883 0
883 6.95352989527218
883 0
883 0
883 21.5222111016208
883 21.5222111016208
883 0
883 34.9649955970259
883 34.9649955970259
883 34.9649955970259
883 8.22802569002806
883 0
883 62.7174544182041
883 2302.04619271257
883 1.33357809720909
883 1.33357809720909
883 19.8615987468762
883 19.8615987468762
883 2.24030170723209
883 2.24030170723209
883 2.24030170723209
883 0.854212618429176
883 0.854212618429176
883 0.854212618429176
883 5.03643973495314
938 0
938 9.9141101606008
938 9.9141101606008
938 9.9141101606008
938 9.9141101606008
938 0
938 5.35336181774088
938 5.35336181774088
938 5.57738745108481
938 5.57738745108481
938 5.57738745108481
938 0
938 2.9539297207592
938 14.6413963090249
938 14.6413963090249
938 14.6413963090249
938 1.86187737258426
938 0.660945790846854
938 8.10415988376132
938 2.30090069223098
938 0
938 6.95352989527218
938 0
938 0
938 21.5222111016208
938 21.5222111016208
938 0
938 34.9649955970259
938 34.9649955970259
938 34.9649955970259
938 8.22802569002806
938 0
938 62.7174544182041
938 2302.04619271257
938 1.33357809720909
938 1.33357809720909
938 19.8615987468762
938 19.8615987468762
938 2.24030170723209
938 2.24030170723209
938 2.24030170723209
938 0.854212618429176
938 0.854212618429176
938 0.854212618429176
938 5.03643973495314
939 0
939 9.9141101606008
939 9.9141101606008
939 9.9141101606008
939 9.9141101606008
939 0
939 5.35336181774088
939 5.35336181774088
939 5.57738745108481
939 5.57738745108481
939 5.57738745108481
939 0
939 2.9539297207592
939 14.6413963090249
939 14.6413963090249
939 14.6413963090249
939 1.86187737258426
939 0.660945790846854
939 8.10415988376132
939 2.30090069223098
939 0
939 6.95352989527218
939 0
939 0
939 21.5222111016208
939 21.5222111016208
939 0
939 34.9649955970259
939 34.9649955970259
939 34.9649955970259
939 8.22802569002806
939 0
939 62.7174544182041
939 2302.04619271257
939 1.33357809720909
939 1.33357809720909
939 19.8615987468762
939 19.8615987468762
939 2.24030170723209
939 2.24030170723209
939 2.24030170723209
939 0.854212618429176
939 0.854212618429176
939 0.854212618429176
939 5.03643973495314
940 0
940 9.9141101606008
940 9.9141101606008
940 9.9141101606008
940 9.9141101606008
940 0
940 5.35336181774088
940 5.35336181774088
940 5.57738745108481
940 5.57738745108481
940 5.57738745108481
940 0
940 2.9539297207592
940 14.6413963090249
940 14.6413963090249
940 14.6413963090249
940 1.86187737258426
940 0.660945790846854
940 8.10415988376132
940 2.30090069223098
940 0
940 6.95352989527218
940 0
940 0
940 21.5222111016208
940 21.5222111016208
940 0
940 34.9649955970259
940 34.9649955970259
940 34.9649955970259
940 8.22802569002806
940 0
940 62.7174544182041
940 2302.04619271257
940 1.33357809720909
940 1.33357809720909
940 19.8615987468762
940 19.8615987468762
940 2.24030170723209
940 2.24030170723209
940 2.24030170723209
940 0.854212618429176
940 0.854212618429176
940 0.854212618429176
940 5.03643973495314
985 0
985 9.9141101606008
985 9.9141101606008
985 9.9141101606008
985 9.9141101606008
985 0
985 5.35336181774088
985 5.35336181774088
985 5.57738745108481
985 5.57738745108481
985 5.57738745108481
985 0
985 2.9539297207592
985 14.6413963090249
985 14.6413963090249
985 14.6413963090249
985 1.86187737258426
985 0.660945790846854
985 8.10415988376132
985 2.30090069223098
985 0
985 6.95352989527218
985 0
985 0
985 21.5222111016208
985 21.5222111016208
985 0
985 34.9649955970259
985 34.9649955970259
985 34.9649955970259
985 8.22802569002806
985 0
985 62.7174544182041
985 2302.04619271257
985 1.33357809720909
985 1.33357809720909
985 19.8615987468762
985 19.8615987468762
985 2.24030170723209
985 2.24030170723209
985 2.24030170723209
985 0.854212618429176
985 0.854212618429176
985 0.854212618429176
985 5.03643973495314
987 0
987 9.9141101606008
987 9.9141101606008
987 9.9141101606008
987 9.9141101606008
987 0
987 5.35336181774088
987 5.35336181774088
987 5.57738745108481
987 5.57738745108481
987 5.57738745108481
987 0
987 2.9539297207592
987 14.6413963090249
987 14.6413963090249
987 14.6413963090249
987 1.86187737258426
987 0.660945790846854
987 8.10415988376132
987 2.30090069223098
987 0
987 6.95352989527218
987 0
987 0
987 21.5222111016208
987 21.5222111016208
987 0
987 34.9649955970259
987 34.9649955970259
987 34.9649955970259
987 8.22802569002806
987 0
987 62.7174544182041
987 2302.04619271257
987 1.33357809720909
987 1.33357809720909
987 19.8615987468762
987 19.8615987468762
987 2.24030170723209
987 2.24030170723209
987 2.24030170723209
987 0.854212618429176
987 0.854212618429176
987 0.854212618429176
987 5.03643973495314
988 0
988 9.9141101606008
988 9.9141101606008
988 9.9141101606008
988 9.9141101606008
988 0
988 5.35336181774088
988 5.35336181774088
988 5.57738745108481
988 5.57738745108481
988 5.57738745108481
988 0
988 2.9539297207592
988 14.6413963090249
988 14.6413963090249
988 14.6413963090249
988 1.86187737258426
988 0.660945790846854
988 8.10415988376132
988 2.30090069223098
988 0
988 6.95352989527218
988 0
988 0
988 21.5222111016208
988 21.5222111016208
988 0
988 34.9649955970259
988 34.9649955970259
988 34.9649955970259
988 8.22802569002806
988 0
988 62.7174544182041
988 2302.04619271257
988 1.33357809720909
988 1.33357809720909
988 19.8615987468762
988 19.8615987468762
988 2.24030170723209
988 2.24030170723209
988 2.24030170723209
988 0.854212618429176
988 0.854212618429176
988 0.854212618429176
988 5.03643973495314
989 0
989 9.9141101606008
989 9.9141101606008
989 9.9141101606008
989 9.9141101606008
989 0
989 5.35336181774088
989 5.35336181774088
989 5.57738745108481
989 5.57738745108481
989 5.57738745108481
989 0
989 2.9539297207592
989 14.6413963090249
989 14.6413963090249
989 14.6413963090249
989 1.86187737258426
989 0.660945790846854
989 8.10415988376132
989 2.30090069223098
989 0
989 6.95352989527218
989 0
989 0
989 21.5222111016208
989 21.5222111016208
989 0
989 34.9649955970259
989 34.9649955970259
989 34.9649955970259
989 8.22802569002806
989 0
989 62.7174544182041
989 2302.04619271257
989 1.33357809720909
989 1.33357809720909
989 19.8615987468762
989 19.8615987468762
989 2.24030170723209
989 2.24030170723209
989 2.24030170723209
989 0.854212618429176
989 0.854212618429176
989 0.854212618429176
989 5.03643973495314
992 0
992 9.9141101606008
992 9.9141101606008
992 9.9141101606008
992 9.9141101606008
992 0
992 5.35336181774088
992 5.35336181774088
992 5.57738745108481
992 5.57738745108481
992 5.57738745108481
992 0
992 2.9539297207592
992 14.6413963090249
992 14.6413963090249
992 14.6413963090249
992 1.86187737258426
992 0.660945790846854
992 8.10415988376132
992 2.30090069223098
992 0
992 6.95352989527218
992 0
992 0
992 21.5222111016208
992 21.5222111016208
992 0
992 34.9649955970259
992 34.9649955970259
992 34.9649955970259
992 8.22802569002806
992 0
992 62.7174544182041
992 2302.04619271257
992 1.33357809720909
992 1.33357809720909
992 19.8615987468762
992 19.8615987468762
992 2.24030170723209
992 2.24030170723209
992 2.24030170723209
992 0.854212618429176
992 0.854212618429176
992 0.854212618429176
992 5.03643973495314
993 0
993 9.9141101606008
993 9.9141101606008
993 9.9141101606008
993 9.9141101606008
993 0
993 5.35336181774088
993 5.35336181774088
993 5.57738745108481
993 5.57738745108481
993 5.57738745108481
993 0
993 2.9539297207592
993 14.6413963090249
993 14.6413963090249
993 14.6413963090249
993 1.86187737258426
993 0.660945790846854
993 8.10415988376132
993 2.30090069223098
993 0
993 6.95352989527218
993 0
993 0
993 21.5222111016208
993 21.5222111016208
993 0
993 34.9649955970259
993 34.9649955970259
993 34.9649955970259
993 8.22802569002806
993 0
993 62.7174544182041
993 2302.04619271257
993 1.33357809720909
993 1.33357809720909
993 19.8615987468762
993 19.8615987468762
993 2.24030170723209
993 2.24030170723209
993 2.24030170723209
993 0.854212618429176
993 0.854212618429176
993 0.854212618429176
993 5.03643973495314
994 0
994 9.9141101606008
994 9.9141101606008
994 9.9141101606008
994 9.9141101606008
994 0
994 5.35336181774088
994 5.35336181774088
994 5.57738745108481
994 5.57738745108481
994 5.57738745108481
994 0
994 2.9539297207592
994 14.6413963090249
994 14.6413963090249
994 14.6413963090249
994 1.86187737258426
994 0.660945790846854
994 8.10415988376132
994 2.30090069223098
994 0
994 6.95352989527218
994 0
994 0
994 21.5222111016208
994 21.5222111016208
994 0
994 34.9649955970259
994 34.9649955970259
994 34.9649955970259
994 8.22802569002806
994 0
994 62.7174544182041
994 2302.04619271257
994 1.33357809720909
994 1.33357809720909
994 19.8615987468762
994 19.8615987468762
994 2.24030170723209
994 2.24030170723209
994 2.24030170723209
994 0.854212618429176
994 0.854212618429176
994 0.854212618429176
994 5.03643973495314
1041 0
1041 9.9141101606008
1041 9.9141101606008
1041 9.9141101606008
1041 9.9141101606008
1041 0
1041 5.35336181774088
1041 5.35336181774088
1041 5.57738745108481
1041 5.57738745108481
1041 5.57738745108481
1041 0
1041 2.9539297207592
1041 14.6413963090249
1041 14.6413963090249
1041 14.6413963090249
1041 1.86187737258426
1041 0.660945790846854
1041 8.10415988376132
1041 2.30090069223098
1041 0
1041 6.95352989527218
1041 0
1041 0
1041 21.5222111016208
1041 21.5222111016208
1041 0
1041 34.9649955970259
1041 34.9649955970259
1041 34.9649955970259
1041 8.22802569002806
1041 0
1041 62.7174544182041
1041 2302.04619271257
1041 1.33357809720909
1041 1.33357809720909
1041 19.8615987468762
1041 19.8615987468762
1041 2.24030170723209
1041 2.24030170723209
1041 2.24030170723209
1041 0.854212618429176
1041 0.854212618429176
1041 0.854212618429176
1041 5.03643973495314
1047 0
1047 9.9141101606008
1047 9.9141101606008
1047 9.9141101606008
1047 9.9141101606008
1047 0
1047 5.35336181774088
1047 5.35336181774088
1047 5.57738745108481
1047 5.57738745108481
1047 5.57738745108481
1047 0
1047 2.9539297207592
1047 14.6413963090249
1047 14.6413963090249
1047 14.6413963090249
1047 1.86187737258426
1047 0.660945790846854
1047 8.10415988376132
1047 2.30090069223098
1047 0
1047 6.95352989527218
1047 0
1047 0
1047 21.5222111016208
1047 21.5222111016208
1047 0
1047 34.9649955970259
1047 34.9649955970259
1047 34.9649955970259
1047 8.22802569002806
1047 0
1047 62.7174544182041
1047 2302.04619271257
1047 1.33357809720909
1047 1.33357809720909
1047 19.8615987468762
1047 19.8615987468762
1047 2.24030170723209
1047 2.24030170723209
1047 2.24030170723209
1047 0.854212618429176
1047 0.854212618429176
1047 0.854212618429176
1047 5.03643973495314
1048 0
1048 9.9141101606008
1048 9.9141101606008
1048 9.9141101606008
1048 9.9141101606008
1048 0
1048 5.35336181774088
1048 5.35336181774088
1048 5.57738745108481
1048 5.57738745108481
1048 5.57738745108481
1048 0
1048 2.9539297207592
1048 14.6413963090249
1048 14.6413963090249
1048 14.6413963090249
1048 1.86187737258426
1048 0.660945790846854
1048 8.10415988376132
1048 2.30090069223098
1048 0
1048 6.95352989527218
1048 0
1048 0
1048 21.5222111016208
1048 21.5222111016208
1048 0
1048 34.9649955970259
1048 34.9649955970259
1048 34.9649955970259
1048 8.22802569002806
1048 0
1048 62.7174544182041
1048 2302.04619271257
1048 1.33357809720909
1048 1.33357809720909
1048 19.8615987468762
1048 19.8615987468762
1048 2.24030170723209
1048 2.24030170723209
1048 2.24030170723209
1048 0.854212618429176
1048 0.854212618429176
1048 0.854212618429176
1048 5.03643973495314
1096 0
1096 9.9141101606008
1096 9.9141101606008
1096 9.9141101606008
1096 9.9141101606008
1096 0
1096 5.35336181774088
1096 5.35336181774088
1096 5.57738745108481
1096 5.57738745108481
1096 5.57738745108481
1096 0
1096 2.9539297207592
1096 14.6413963090249
1096 14.6413963090249
1096 14.6413963090249
1096 1.86187737258426
1096 0.660945790846854
1096 8.10415988376132
1096 2.30090069223098
1096 0
1096 6.95352989527218
1096 0
1096 0
1096 21.5222111016208
1096 21.5222111016208
1096 0
1096 34.9649955970259
1096 34.9649955970259
1096 34.9649955970259
1096 8.22802569002806
1096 0
1096 62.7174544182041
1096 2302.04619271257
1096 1.33357809720909
1096 1.33357809720909
1096 19.8615987468762
1096 19.8615987468762
1096 2.24030170723209
1096 2.24030170723209
1096 2.24030170723209
1096 0.854212618429176
1096 0.854212618429176
1096 0.854212618429176
1096 5.03643973495314
1158 0
1158 9.9141101606008
1158 9.9141101606008
1158 9.9141101606008
1158 9.9141101606008
1158 0
1158 5.35336181774088
1158 5.35336181774088
1158 5.57738745108481
1158 5.57738745108481
1158 5.57738745108481
1158 0
1158 2.9539297207592
1158 14.6413963090249
1158 14.6413963090249
1158 14.6413963090249
1158 1.86187737258426
1158 0.660945790846854
1158 8.10415988376132
1158 2.30090069223098
1158 0
1158 6.95352989527218
1158 0
1158 0
1158 21.5222111016208
1158 21.5222111016208
1158 0
1158 34.9649955970259
1158 34.9649955970259
1158 34.9649955970259
1158 8.22802569002806
1158 0
1158 62.7174544182041
1158 2302.04619271257
1158 1.33357809720909
1158 1.33357809720909
1158 19.8615987468762
1158 19.8615987468762
1158 2.24030170723209
1158 2.24030170723209
1158 2.24030170723209
1158 0.854212618429176
1158 0.854212618429176
1158 0.854212618429176
1158 5.03643973495314
