pt_graph cpue_kghour
5903 0
5903 44.3344733205023
5903 44.3344733205023
5903 44.3344733205023
5903 44.3344733205023
5903 0
5903 0.71944417634327
5903 0.71944417634327
5903 0
5903 0
5903 0
5903 0
5903 23.0797688911011
5903 0
5903 0
5903 0
5903 94.7685205602473
5903 1.42552439822874
5903 1.36836456976286
5903 0.779599117221135
5903 0
5903 2.5387698967785
5903 0
5903 0
5903 0
5903 0
5903 0
5903 3.27987893311476
5903 3.27987893311476
5903 3.27987893311476
5903 34.2414771789027
5903 0
5903 0
5903 0
5903 0
5903 0
5903 0
5903 0
5903 0.32782084085723
5903 0.32782084085723
5903 0.32782084085723
5903 2.21616975645239
5903 2.21616975645239
5903 2.21616975645239
5903 1.19346172256582
6100 0
6100 44.3344733205023
6100 44.3344733205023
6100 44.3344733205023
6100 44.3344733205023
6100 0
6100 0.71944417634327
6100 0.71944417634327
6100 0
6100 0
6100 0
6100 0
6100 23.0797688911011
6100 0
6100 0
6100 0
6100 94.7685205602473
6100 1.42552439822874
6100 1.36836456976286
6100 0.779599117221135
6100 0
6100 2.5387698967785
6100 0
6100 0
6100 0
6100 0
6100 0
6100 3.27987893311476
6100 3.27987893311476
6100 3.27987893311476
6100 34.2414771789027
6100 0
6100 0
6100 0
6100 0
6100 0
6100 0
6100 0
6100 0.32782084085723
6100 0.32782084085723
6100 0.32782084085723
6100 2.21616975645239
6100 2.21616975645239
6100 2.21616975645239
6100 1.19346172256582
6406 0
6406 44.3344733205023
6406 44.3344733205023
6406 44.3344733205023
6406 44.3344733205023
6406 0
6406 0.71944417634327
6406 0.71944417634327
6406 0
6406 0
6406 0
6406 0
6406 23.0797688911011
6406 0
6406 0
6406 0
6406 94.7685205602473
6406 1.42552439822874
6406 1.36836456976286
6406 0.779599117221135
6406 0
6406 2.5387698967785
6406 0
6406 0
6406 0
6406 0
6406 0
6406 3.27987893311476
6406 3.27987893311476
6406 3.27987893311476
6406 34.2414771789027
6406 0
6406 0
6406 0
6406 0
6406 0
6406 0
6406 0
6406 0.32782084085723
6406 0.32782084085723
6406 0.32782084085723
6406 2.21616975645239
6406 2.21616975645239
6406 2.21616975645239
6406 1.19346172256582
6580 0
6580 44.3344733205023
6580 44.3344733205023
6580 44.3344733205023
6580 44.3344733205023
6580 0
6580 0.71944417634327
6580 0.71944417634327
6580 0
6580 0
6580 0
6580 0
6580 23.0797688911011
6580 0
6580 0
6580 0
6580 94.7685205602473
6580 1.42552439822874
6580 1.36836456976286
6580 0.779599117221135
6580 0
6580 2.5387698967785
6580 0
6580 0
6580 0
6580 0
6580 0
6580 3.27987893311476
6580 3.27987893311476
6580 3.27987893311476
6580 34.2414771789027
6580 0
6580 0
6580 0
6580 0
6580 0
6580 0
6580 0
6580 0.32782084085723
6580 0.32782084085723
6580 0.32782084085723
6580 2.21616975645239
6580 2.21616975645239
6580 2.21616975645239
6580 1.19346172256582
6581 0
6581 44.3344733205023
6581 44.3344733205023
6581 44.3344733205023
6581 44.3344733205023
6581 0
6581 0.71944417634327
6581 0.71944417634327
6581 0
6581 0
6581 0
6581 0
6581 23.0797688911011
6581 0
6581 0
6581 0
6581 94.7685205602473
6581 1.42552439822874
6581 1.36836456976286
6581 0.779599117221135
6581 0
6581 2.5387698967785
6581 0
6581 0
6581 0
6581 0
6581 0
6581 3.27987893311476
6581 3.27987893311476
6581 3.27987893311476
6581 34.2414771789027
6581 0
6581 0
6581 0
6581 0
6581 0
6581 0
6581 0
6581 0.32782084085723
6581 0.32782084085723
6581 0.32782084085723
6581 2.21616975645239
6581 2.21616975645239
6581 2.21616975645239
6581 1.19346172256582
6782 0
6782 44.3344733205023
6782 44.3344733205023
6782 44.3344733205023
6782 44.3344733205023
6782 0
6782 0.71944417634327
6782 0.71944417634327
6782 0
6782 0
6782 0
6782 0
6782 23.0797688911011
6782 0
6782 0
6782 0
6782 94.7685205602473
6782 1.42552439822874
6782 1.36836456976286
6782 0.779599117221135
6782 0
6782 2.5387698967785
6782 0
6782 0
6782 0
6782 0
6782 0
6782 3.27987893311476
6782 3.27987893311476
6782 3.27987893311476
6782 34.2414771789027
6782 0
6782 0
6782 0
6782 0
6782 0
6782 0
6782 0
6782 0.32782084085723
6782 0.32782084085723
6782 0.32782084085723
6782 2.21616975645239
6782 2.21616975645239
6782 2.21616975645239
6782 1.19346172256582
6718 0
6718 44.3344733205023
6718 44.3344733205023
6718 44.3344733205023
6718 44.3344733205023
6718 0
6718 0.71944417634327
6718 0.71944417634327
6718 0
6718 0
6718 0
6718 0
6718 23.0797688911011
6718 0
6718 0
6718 0
6718 94.7685205602473
6718 1.42552439822874
6718 1.36836456976286
6718 0.779599117221135
6718 0
6718 2.5387698967785
6718 0
6718 0
6718 0
6718 0
6718 0
6718 3.27987893311476
6718 3.27987893311476
6718 3.27987893311476
6718 34.2414771789027
6718 0
6718 0
6718 0
6718 0
6718 0
6718 0
6718 0
6718 0.32782084085723
6718 0.32782084085723
6718 0.32782084085723
6718 2.21616975645239
6718 2.21616975645239
6718 2.21616975645239
6718 1.19346172256582
6662 0
6662 44.3344733205023
6662 44.3344733205023
6662 44.3344733205023
6662 44.3344733205023
6662 0
6662 0.71944417634327
6662 0.71944417634327
6662 0
6662 0
6662 0
6662 0
6662 23.0797688911011
6662 0
6662 0
6662 0
6662 94.7685205602473
6662 1.42552439822874
6662 1.36836456976286
6662 0.779599117221135
6662 0
6662 2.5387698967785
6662 0
6662 0
6662 0
6662 0
6662 0
6662 3.27987893311476
6662 3.27987893311476
6662 3.27987893311476
6662 34.2414771789027
6662 0
6662 0
6662 0
6662 0
6662 0
6662 0
6662 0
6662 0.32782084085723
6662 0.32782084085723
6662 0.32782084085723
6662 2.21616975645239
6662 2.21616975645239
6662 2.21616975645239
6662 1.19346172256582
6811 0
6811 44.3344733205023
6811 44.3344733205023
6811 44.3344733205023
6811 44.3344733205023
6811 0
6811 0.71944417634327
6811 0.71944417634327
6811 0
6811 0
6811 0
6811 0
6811 23.0797688911011
6811 0
6811 0
6811 0
6811 94.7685205602473
6811 1.42552439822874
6811 1.36836456976286
6811 0.779599117221135
6811 0
6811 2.5387698967785
6811 0
6811 0
6811 0
6811 0
6811 0
6811 3.27987893311476
6811 3.27987893311476
6811 3.27987893311476
6811 34.2414771789027
6811 0
6811 0
6811 0
6811 0
6811 0
6811 0
6811 0
6811 0.32782084085723
6811 0.32782084085723
6811 0.32782084085723
6811 2.21616975645239
6811 2.21616975645239
6811 2.21616975645239
6811 1.19346172256582
6883 0
6883 44.3344733205023
6883 44.3344733205023
6883 44.3344733205023
6883 44.3344733205023
6883 0
6883 0.71944417634327
6883 0.71944417634327
6883 0
6883 0
6883 0
6883 0
6883 23.0797688911011
6883 0
6883 0
6883 0
6883 94.7685205602473
6883 1.42552439822874
6883 1.36836456976286
6883 0.779599117221135
6883 0
6883 2.5387698967785
6883 0
6883 0
6883 0
6883 0
6883 0
6883 3.27987893311476
6883 3.27987893311476
6883 3.27987893311476
6883 34.2414771789027
6883 0
6883 0
6883 0
6883 0
6883 0
6883 0
6883 0
6883 0.32782084085723
6883 0.32782084085723
6883 0.32782084085723
6883 2.21616975645239
6883 2.21616975645239
6883 2.21616975645239
6883 1.19346172256582
6887 0
6887 44.3344733205023
6887 44.3344733205023
6887 44.3344733205023
6887 44.3344733205023
6887 0
6887 0.71944417634327
6887 0.71944417634327
6887 0
6887 0
6887 0
6887 0
6887 23.0797688911011
6887 0
6887 0
6887 0
6887 94.7685205602473
6887 1.42552439822874
6887 1.36836456976286
6887 0.779599117221135
6887 0
6887 2.5387698967785
6887 0
6887 0
6887 0
6887 0
6887 0
6887 3.27987893311476
6887 3.27987893311476
6887 3.27987893311476
6887 34.2414771789027
6887 0
6887 0
6887 0
6887 0
6887 0
6887 0
6887 0
6887 0.32782084085723
6887 0.32782084085723
6887 0.32782084085723
6887 2.21616975645239
6887 2.21616975645239
6887 2.21616975645239
6887 1.19346172256582
6961 0
6961 44.3344733205023
6961 44.3344733205023
6961 44.3344733205023
6961 44.3344733205023
6961 0
6961 0.71944417634327
6961 0.71944417634327
6961 0
6961 0
6961 0
6961 0
6961 23.0797688911011
6961 0
6961 0
6961 0
6961 94.7685205602473
6961 1.42552439822874
6961 1.36836456976286
6961 0.779599117221135
6961 0
6961 2.5387698967785
6961 0
6961 0
6961 0
6961 0
6961 0
6961 3.27987893311476
6961 3.27987893311476
6961 3.27987893311476
6961 34.2414771789027
6961 0
6961 0
6961 0
6961 0
6961 0
6961 0
6961 0
6961 0.32782084085723
6961 0.32782084085723
6961 0.32782084085723
6961 2.21616975645239
6961 2.21616975645239
6961 2.21616975645239
6961 1.19346172256582
6962 0
6962 44.3344733205023
6962 44.3344733205023
6962 44.3344733205023
6962 44.3344733205023
6962 0
6962 0.71944417634327
6962 0.71944417634327
6962 0
6962 0
6962 0
6962 0
6962 23.0797688911011
6962 0
6962 0
6962 0
6962 94.7685205602473
6962 1.42552439822874
6962 1.36836456976286
6962 0.779599117221135
6962 0
6962 2.5387698967785
6962 0
6962 0
6962 0
6962 0
6962 0
6962 3.27987893311476
6962 3.27987893311476
6962 3.27987893311476
6962 34.2414771789027
6962 0
6962 0
6962 0
6962 0
6962 0
6962 0
6962 0
6962 0.32782084085723
6962 0.32782084085723
6962 0.32782084085723
6962 2.21616975645239
6962 2.21616975645239
6962 2.21616975645239
6962 1.19346172256582
7072 0
7072 44.3344733205023
7072 44.3344733205023
7072 44.3344733205023
7072 44.3344733205023
7072 0
7072 0.71944417634327
7072 0.71944417634327
7072 0
7072 0
7072 0
7072 0
7072 23.0797688911011
7072 0
7072 0
7072 0
7072 94.7685205602473
7072 1.42552439822874
7072 1.36836456976286
7072 0.779599117221135
7072 0
7072 2.5387698967785
7072 0
7072 0
7072 0
7072 0
7072 0
7072 3.27987893311476
7072 3.27987893311476
7072 3.27987893311476
7072 34.2414771789027
7072 0
7072 0
7072 0
7072 0
7072 0
7072 0
7072 0
7072 0.32782084085723
7072 0.32782084085723
7072 0.32782084085723
7072 2.21616975645239
7072 2.21616975645239
7072 2.21616975645239
7072 1.19346172256582
7074 0
7074 44.3344733205023
7074 44.3344733205023
7074 44.3344733205023
7074 44.3344733205023
7074 0
7074 0.71944417634327
7074 0.71944417634327
7074 0
7074 0
7074 0
7074 0
7074 23.0797688911011
7074 0
7074 0
7074 0
7074 94.7685205602473
7074 1.42552439822874
7074 1.36836456976286
7074 0.779599117221135
7074 0
7074 2.5387698967785
7074 0
7074 0
7074 0
7074 0
7074 0
7074 3.27987893311476
7074 3.27987893311476
7074 3.27987893311476
7074 34.2414771789027
7074 0
7074 0
7074 0
7074 0
7074 0
7074 0
7074 0
7074 0.32782084085723
7074 0.32782084085723
7074 0.32782084085723
7074 2.21616975645239
7074 2.21616975645239
7074 2.21616975645239
7074 1.19346172256582
7080 0
7080 44.3344733205023
7080 44.3344733205023
7080 44.3344733205023
7080 44.3344733205023
7080 0
7080 0.71944417634327
7080 0.71944417634327
7080 0
7080 0
7080 0
7080 0
7080 23.0797688911011
7080 0
7080 0
7080 0
7080 94.7685205602473
7080 1.42552439822874
7080 1.36836456976286
7080 0.779599117221135
7080 0
7080 2.5387698967785
7080 0
7080 0
7080 0
7080 0
7080 0
7080 3.27987893311476
7080 3.27987893311476
7080 3.27987893311476
7080 34.2414771789027
7080 0
7080 0
7080 0
7080 0
7080 0
7080 0
7080 0
7080 0.32782084085723
7080 0.32782084085723
7080 0.32782084085723
7080 2.21616975645239
7080 2.21616975645239
7080 2.21616975645239
7080 1.19346172256582
7030 0
7030 44.3344733205023
7030 44.3344733205023
7030 44.3344733205023
7030 44.3344733205023
7030 0
7030 0.71944417634327
7030 0.71944417634327
7030 0
7030 0
7030 0
7030 0
7030 23.0797688911011
7030 0
7030 0
7030 0
7030 94.7685205602473
7030 1.42552439822874
7030 1.36836456976286
7030 0.779599117221135
7030 0
7030 2.5387698967785
7030 0
7030 0
7030 0
7030 0
7030 0
7030 3.27987893311476
7030 3.27987893311476
7030 3.27987893311476
7030 34.2414771789027
7030 0
7030 0
7030 0
7030 0
7030 0
7030 0
7030 0
7030 0.32782084085723
7030 0.32782084085723
7030 0.32782084085723
7030 2.21616975645239
7030 2.21616975645239
7030 2.21616975645239
7030 1.19346172256582
7031 0
7031 44.3344733205023
7031 44.3344733205023
7031 44.3344733205023
7031 44.3344733205023
7031 0
7031 0.71944417634327
7031 0.71944417634327
7031 0
7031 0
7031 0
7031 0
7031 23.0797688911011
7031 0
7031 0
7031 0
7031 94.7685205602473
7031 1.42552439822874
7031 1.36836456976286
7031 0.779599117221135
7031 0
7031 2.5387698967785
7031 0
7031 0
7031 0
7031 0
7031 0
7031 3.27987893311476
7031 3.27987893311476
7031 3.27987893311476
7031 34.2414771789027
7031 0
7031 0
7031 0
7031 0
7031 0
7031 0
7031 0
7031 0.32782084085723
7031 0.32782084085723
7031 0.32782084085723
7031 2.21616975645239
7031 2.21616975645239
7031 2.21616975645239
7031 1.19346172256582
7144 0
7144 44.3344733205023
7144 44.3344733205023
7144 44.3344733205023
7144 44.3344733205023
7144 0
7144 0.71944417634327
7144 0.71944417634327
7144 0
7144 0
7144 0
7144 0
7144 23.0797688911011
7144 0
7144 0
7144 0
7144 94.7685205602473
7144 1.42552439822874
7144 1.36836456976286
7144 0.779599117221135
7144 0
7144 2.5387698967785
7144 0
7144 0
7144 0
7144 0
7144 0
7144 3.27987893311476
7144 3.27987893311476
7144 3.27987893311476
7144 34.2414771789027
7144 0
7144 0
7144 0
7144 0
7144 0
7144 0
7144 0
7144 0.32782084085723
7144 0.32782084085723
7144 0.32782084085723
7144 2.21616975645239
7144 2.21616975645239
7144 2.21616975645239
7144 1.19346172256582
7281 0
7281 44.3344733205023
7281 44.3344733205023
7281 44.3344733205023
7281 44.3344733205023
7281 0
7281 0.71944417634327
7281 0.71944417634327
7281 0
7281 0
7281 0
7281 0
7281 23.0797688911011
7281 0
7281 0
7281 0
7281 94.7685205602473
7281 1.42552439822874
7281 1.36836456976286
7281 0.779599117221135
7281 0
7281 2.5387698967785
7281 0
7281 0
7281 0
7281 0
7281 0
7281 3.27987893311476
7281 3.27987893311476
7281 3.27987893311476
7281 34.2414771789027
7281 0
7281 0
7281 0
7281 0
7281 0
7281 0
7281 0
7281 0.32782084085723
7281 0.32782084085723
7281 0.32782084085723
7281 2.21616975645239
7281 2.21616975645239
7281 2.21616975645239
7281 1.19346172256582
7282 0
7282 44.3344733205023
7282 44.3344733205023
7282 44.3344733205023
7282 44.3344733205023
7282 0
7282 0.71944417634327
7282 0.71944417634327
7282 0
7282 0
7282 0
7282 0
7282 23.0797688911011
7282 0
7282 0
7282 0
7282 94.7685205602473
7282 1.42552439822874
7282 1.36836456976286
7282 0.779599117221135
7282 0
7282 2.5387698967785
7282 0
7282 0
7282 0
7282 0
7282 0
7282 3.27987893311476
7282 3.27987893311476
7282 3.27987893311476
7282 34.2414771789027
7282 0
7282 0
7282 0
7282 0
7282 0
7282 0
7282 0
7282 0.32782084085723
7282 0.32782084085723
7282 0.32782084085723
7282 2.21616975645239
7282 2.21616975645239
7282 2.21616975645239
7282 1.19346172256582
7172 0
7172 44.3344733205023
7172 44.3344733205023
7172 44.3344733205023
7172 44.3344733205023
7172 0
7172 0.71944417634327
7172 0.71944417634327
7172 0
7172 0
7172 0
7172 0
7172 23.0797688911011
7172 0
7172 0
7172 0
7172 94.7685205602473
7172 1.42552439822874
7172 1.36836456976286
7172 0.779599117221135
7172 0
7172 2.5387698967785
7172 0
7172 0
7172 0
7172 0
7172 0
7172 3.27987893311476
7172 3.27987893311476
7172 3.27987893311476
7172 34.2414771789027
7172 0
7172 0
7172 0
7172 0
7172 0
7172 0
7172 0
7172 0.32782084085723
7172 0.32782084085723
7172 0.32782084085723
7172 2.21616975645239
7172 2.21616975645239
7172 2.21616975645239
7172 1.19346172256582
7285 0
7285 44.3344733205023
7285 44.3344733205023
7285 44.3344733205023
7285 44.3344733205023
7285 0
7285 0.71944417634327
7285 0.71944417634327
7285 0
7285 0
7285 0
7285 0
7285 23.0797688911011
7285 0
7285 0
7285 0
7285 94.7685205602473
7285 1.42552439822874
7285 1.36836456976286
7285 0.779599117221135
7285 0
7285 2.5387698967785
7285 0
7285 0
7285 0
7285 0
7285 0
7285 3.27987893311476
7285 3.27987893311476
7285 3.27987893311476
7285 34.2414771789027
7285 0
7285 0
7285 0
7285 0
7285 0
7285 0
7285 0
7285 0.32782084085723
7285 0.32782084085723
7285 0.32782084085723
7285 2.21616975645239
7285 2.21616975645239
7285 2.21616975645239
7285 1.19346172256582
7400 0
7400 44.3344733205023
7400 44.3344733205023
7400 44.3344733205023
7400 44.3344733205023
7400 0
7400 0.71944417634327
7400 0.71944417634327
7400 0
7400 0
7400 0
7400 0
7400 23.0797688911011
7400 0
7400 0
7400 0
7400 94.7685205602473
7400 1.42552439822874
7400 1.36836456976286
7400 0.779599117221135
7400 0
7400 2.5387698967785
7400 0
7400 0
7400 0
7400 0
7400 0
7400 3.27987893311476
7400 3.27987893311476
7400 3.27987893311476
7400 34.2414771789027
7400 0
7400 0
7400 0
7400 0
7400 0
7400 0
7400 0
7400 0.32782084085723
7400 0.32782084085723
7400 0.32782084085723
7400 2.21616975645239
7400 2.21616975645239
7400 2.21616975645239
7400 1.19346172256582
7345 0
7345 44.3344733205023
7345 44.3344733205023
7345 44.3344733205023
7345 44.3344733205023
7345 0
7345 0.71944417634327
7345 0.71944417634327
7345 0
7345 0
7345 0
7345 0
7345 23.0797688911011
7345 0
7345 0
7345 0
7345 94.7685205602473
7345 1.42552439822874
7345 1.36836456976286
7345 0.779599117221135
7345 0
7345 2.5387698967785
7345 0
7345 0
7345 0
7345 0
7345 0
7345 3.27987893311476
7345 3.27987893311476
7345 3.27987893311476
7345 34.2414771789027
7345 0
7345 0
7345 0
7345 0
7345 0
7345 0
7345 0
7345 0.32782084085723
7345 0.32782084085723
7345 0.32782084085723
7345 2.21616975645239
7345 2.21616975645239
7345 2.21616975645239
7345 1.19346172256582
7307 0
7307 44.3344733205023
7307 44.3344733205023
7307 44.3344733205023
7307 44.3344733205023
7307 0
7307 0.71944417634327
7307 0.71944417634327
7307 0
7307 0
7307 0
7307 0
7307 23.0797688911011
7307 0
7307 0
7307 0
7307 94.7685205602473
7307 1.42552439822874
7307 1.36836456976286
7307 0.779599117221135
7307 0
7307 2.5387698967785
7307 0
7307 0
7307 0
7307 0
7307 0
7307 3.27987893311476
7307 3.27987893311476
7307 3.27987893311476
7307 34.2414771789027
7307 0
7307 0
7307 0
7307 0
7307 0
7307 0
7307 0
7307 0.32782084085723
7307 0.32782084085723
7307 0.32782084085723
7307 2.21616975645239
7307 2.21616975645239
7307 2.21616975645239
7307 1.19346172256582
7312 0
7312 44.3344733205023
7312 44.3344733205023
7312 44.3344733205023
7312 44.3344733205023
7312 0
7312 0.71944417634327
7312 0.71944417634327
7312 0
7312 0
7312 0
7312 0
7312 23.0797688911011
7312 0
7312 0
7312 0
7312 94.7685205602473
7312 1.42552439822874
7312 1.36836456976286
7312 0.779599117221135
7312 0
7312 2.5387698967785
7312 0
7312 0
7312 0
7312 0
7312 0
7312 3.27987893311476
7312 3.27987893311476
7312 3.27987893311476
7312 34.2414771789027
7312 0
7312 0
7312 0
7312 0
7312 0
7312 0
7312 0
7312 0.32782084085723
7312 0.32782084085723
7312 0.32782084085723
7312 2.21616975645239
7312 2.21616975645239
7312 2.21616975645239
7312 1.19346172256582
7378 0
7378 44.3344733205023
7378 44.3344733205023
7378 44.3344733205023
7378 44.3344733205023
7378 0
7378 0.71944417634327
7378 0.71944417634327
7378 0
7378 0
7378 0
7378 0
7378 23.0797688911011
7378 0
7378 0
7378 0
7378 94.7685205602473
7378 1.42552439822874
7378 1.36836456976286
7378 0.779599117221135
7378 0
7378 2.5387698967785
7378 0
7378 0
7378 0
7378 0
7378 0
7378 3.27987893311476
7378 3.27987893311476
7378 3.27987893311476
7378 34.2414771789027
7378 0
7378 0
7378 0
7378 0
7378 0
7378 0
7378 0
7378 0.32782084085723
7378 0.32782084085723
7378 0.32782084085723
7378 2.21616975645239
7378 2.21616975645239
7378 2.21616975645239
7378 1.19346172256582
7440 0
7440 44.3344733205023
7440 44.3344733205023
7440 44.3344733205023
7440 44.3344733205023
7440 0
7440 0.71944417634327
7440 0.71944417634327
7440 0
7440 0
7440 0
7440 0
7440 23.0797688911011
7440 0
7440 0
7440 0
7440 94.7685205602473
7440 1.42552439822874
7440 1.36836456976286
7440 0.779599117221135
7440 0
7440 2.5387698967785
7440 0
7440 0
7440 0
7440 0
7440 0
7440 3.27987893311476
7440 3.27987893311476
7440 3.27987893311476
7440 34.2414771789027
7440 0
7440 0
7440 0
7440 0
7440 0
7440 0
7440 0
7440 0.32782084085723
7440 0.32782084085723
7440 0.32782084085723
7440 2.21616975645239
7440 2.21616975645239
7440 2.21616975645239
7440 1.19346172256582
7489 0
7489 44.3344733205023
7489 44.3344733205023
7489 44.3344733205023
7489 44.3344733205023
7489 0
7489 0.71944417634327
7489 0.71944417634327
7489 0
7489 0
7489 0
7489 0
7489 23.0797688911011
7489 0
7489 0
7489 0
7489 94.7685205602473
7489 1.42552439822874
7489 1.36836456976286
7489 0.779599117221135
7489 0
7489 2.5387698967785
7489 0
7489 0
7489 0
7489 0
7489 0
7489 3.27987893311476
7489 3.27987893311476
7489 3.27987893311476
7489 34.2414771789027
7489 0
7489 0
7489 0
7489 0
7489 0
7489 0
7489 0
7489 0.32782084085723
7489 0.32782084085723
7489 0.32782084085723
7489 2.21616975645239
7489 2.21616975645239
7489 2.21616975645239
7489 1.19346172256582
7494 0
7494 44.3344733205023
7494 44.3344733205023
7494 44.3344733205023
7494 44.3344733205023
7494 0
7494 0.71944417634327
7494 0.71944417634327
7494 0
7494 0
7494 0
7494 0
7494 23.0797688911011
7494 0
7494 0
7494 0
7494 94.7685205602473
7494 1.42552439822874
7494 1.36836456976286
7494 0.779599117221135
7494 0
7494 2.5387698967785
7494 0
7494 0
7494 0
7494 0
7494 0
7494 3.27987893311476
7494 3.27987893311476
7494 3.27987893311476
7494 34.2414771789027
7494 0
7494 0
7494 0
7494 0
7494 0
7494 0
7494 0
7494 0.32782084085723
7494 0.32782084085723
7494 0.32782084085723
7494 2.21616975645239
7494 2.21616975645239
7494 2.21616975645239
7494 1.19346172256582
7642 0
7642 44.3344733205023
7642 44.3344733205023
7642 44.3344733205023
7642 44.3344733205023
7642 0
7642 0.71944417634327
7642 0.71944417634327
7642 0
7642 0
7642 0
7642 0
7642 23.0797688911011
7642 0
7642 0
7642 0
7642 94.7685205602473
7642 1.42552439822874
7642 1.36836456976286
7642 0.779599117221135
7642 0
7642 2.5387698967785
7642 0
7642 0
7642 0
7642 0
7642 0
7642 3.27987893311476
7642 3.27987893311476
7642 3.27987893311476
7642 34.2414771789027
7642 0
7642 0
7642 0
7642 0
7642 0
7642 0
7642 0
7642 0.32782084085723
7642 0.32782084085723
7642 0.32782084085723
7642 2.21616975645239
7642 2.21616975645239
7642 2.21616975645239
7642 1.19346172256582
7612 0
7612 44.3344733205023
7612 44.3344733205023
7612 44.3344733205023
7612 44.3344733205023
7612 0
7612 0.71944417634327
7612 0.71944417634327
7612 0
7612 0
7612 0
7612 0
7612 23.0797688911011
7612 0
7612 0
7612 0
7612 94.7685205602473
7612 1.42552439822874
7612 1.36836456976286
7612 0.779599117221135
7612 0
7612 2.5387698967785
7612 0
7612 0
7612 0
7612 0
7612 0
7612 3.27987893311476
7612 3.27987893311476
7612 3.27987893311476
7612 34.2414771789027
7612 0
7612 0
7612 0
7612 0
7612 0
7612 0
7612 0
7612 0.32782084085723
7612 0.32782084085723
7612 0.32782084085723
7612 2.21616975645239
7612 2.21616975645239
7612 2.21616975645239
7612 1.19346172256582
7615 0
7615 44.3344733205023
7615 44.3344733205023
7615 44.3344733205023
7615 44.3344733205023
7615 0
7615 0.71944417634327
7615 0.71944417634327
7615 0
7615 0
7615 0
7615 0
7615 23.0797688911011
7615 0
7615 0
7615 0
7615 94.7685205602473
7615 1.42552439822874
7615 1.36836456976286
7615 0.779599117221135
7615 0
7615 2.5387698967785
7615 0
7615 0
7615 0
7615 0
7615 0
7615 3.27987893311476
7615 3.27987893311476
7615 3.27987893311476
7615 34.2414771789027
7615 0
7615 0
7615 0
7615 0
7615 0
7615 0
7615 0
7615 0.32782084085723
7615 0.32782084085723
7615 0.32782084085723
7615 2.21616975645239
7615 2.21616975645239
7615 2.21616975645239
7615 1.19346172256582
7667 0
7667 44.3344733205023
7667 44.3344733205023
7667 44.3344733205023
7667 44.3344733205023
7667 0
7667 0.71944417634327
7667 0.71944417634327
7667 0
7667 0
7667 0
7667 0
7667 23.0797688911011
7667 0
7667 0
7667 0
7667 94.7685205602473
7667 1.42552439822874
7667 1.36836456976286
7667 0.779599117221135
7667 0
7667 2.5387698967785
7667 0
7667 0
7667 0
7667 0
7667 0
7667 3.27987893311476
7667 3.27987893311476
7667 3.27987893311476
7667 34.2414771789027
7667 0
7667 0
7667 0
7667 0
7667 0
7667 0
7667 0
7667 0.32782084085723
7667 0.32782084085723
7667 0.32782084085723
7667 2.21616975645239
7667 2.21616975645239
7667 2.21616975645239
7667 1.19346172256582
7670 0
7670 44.3344733205023
7670 44.3344733205023
7670 44.3344733205023
7670 44.3344733205023
7670 0
7670 0.71944417634327
7670 0.71944417634327
7670 0
7670 0
7670 0
7670 0
7670 23.0797688911011
7670 0
7670 0
7670 0
7670 94.7685205602473
7670 1.42552439822874
7670 1.36836456976286
7670 0.779599117221135
7670 0
7670 2.5387698967785
7670 0
7670 0
7670 0
7670 0
7670 0
7670 3.27987893311476
7670 3.27987893311476
7670 3.27987893311476
7670 34.2414771789027
7670 0
7670 0
7670 0
7670 0
7670 0
7670 0
7670 0
7670 0.32782084085723
7670 0.32782084085723
7670 0.32782084085723
7670 2.21616975645239
7670 2.21616975645239
7670 2.21616975645239
7670 1.19346172256582
7724 0
7724 44.3344733205023
7724 44.3344733205023
7724 44.3344733205023
7724 44.3344733205023
7724 0
7724 0.71944417634327
7724 0.71944417634327
7724 0
7724 0
7724 0
7724 0
7724 23.0797688911011
7724 0
7724 0
7724 0
7724 94.7685205602473
7724 1.42552439822874
7724 1.36836456976286
7724 0.779599117221135
7724 0
7724 2.5387698967785
7724 0
7724 0
7724 0
7724 0
7724 0
7724 3.27987893311476
7724 3.27987893311476
7724 3.27987893311476
7724 34.2414771789027
7724 0
7724 0
7724 0
7724 0
7724 0
7724 0
7724 0
7724 0.32782084085723
7724 0.32782084085723
7724 0.32782084085723
7724 2.21616975645239
7724 2.21616975645239
7724 2.21616975645239
7724 1.19346172256582
7815 0
7815 44.3344733205023
7815 44.3344733205023
7815 44.3344733205023
7815 44.3344733205023
7815 0
7815 0.71944417634327
7815 0.71944417634327
7815 0
7815 0
7815 0
7815 0
7815 23.0797688911011
7815 0
7815 0
7815 0
7815 94.7685205602473
7815 1.42552439822874
7815 1.36836456976286
7815 0.779599117221135
7815 0
7815 2.5387698967785
7815 0
7815 0
7815 0
7815 0
7815 0
7815 3.27987893311476
7815 3.27987893311476
7815 3.27987893311476
7815 34.2414771789027
7815 0
7815 0
7815 0
7815 0
7815 0
7815 0
7815 0
7815 0.32782084085723
7815 0.32782084085723
7815 0.32782084085723
7815 2.21616975645239
7815 2.21616975645239
7815 2.21616975645239
7815 1.19346172256582
7781 0
7781 44.3344733205023
7781 44.3344733205023
7781 44.3344733205023
7781 44.3344733205023
7781 0
7781 0.71944417634327
7781 0.71944417634327
7781 0
7781 0
7781 0
7781 0
7781 23.0797688911011
7781 0
7781 0
7781 0
7781 94.7685205602473
7781 1.42552439822874
7781 1.36836456976286
7781 0.779599117221135
7781 0
7781 2.5387698967785
7781 0
7781 0
7781 0
7781 0
7781 0
7781 3.27987893311476
7781 3.27987893311476
7781 3.27987893311476
7781 34.2414771789027
7781 0
7781 0
7781 0
7781 0
7781 0
7781 0
7781 0
7781 0.32782084085723
7781 0.32782084085723
7781 0.32782084085723
7781 2.21616975645239
7781 2.21616975645239
7781 2.21616975645239
7781 1.19346172256582
7783 0
7783 44.3344733205023
7783 44.3344733205023
7783 44.3344733205023
7783 44.3344733205023
7783 0
7783 0.71944417634327
7783 0.71944417634327
7783 0
7783 0
7783 0
7783 0
7783 23.0797688911011
7783 0
7783 0
7783 0
7783 94.7685205602473
7783 1.42552439822874
7783 1.36836456976286
7783 0.779599117221135
7783 0
7783 2.5387698967785
7783 0
7783 0
7783 0
7783 0
7783 0
7783 3.27987893311476
7783 3.27987893311476
7783 3.27987893311476
7783 34.2414771789027
7783 0
7783 0
7783 0
7783 0
7783 0
7783 0
7783 0
7783 0.32782084085723
7783 0.32782084085723
7783 0.32782084085723
7783 2.21616975645239
7783 2.21616975645239
7783 2.21616975645239
7783 1.19346172256582
7840 0
7840 44.3344733205023
7840 44.3344733205023
7840 44.3344733205023
7840 44.3344733205023
7840 0
7840 0.71944417634327
7840 0.71944417634327
7840 0
7840 0
7840 0
7840 0
7840 23.0797688911011
7840 0
7840 0
7840 0
7840 94.7685205602473
7840 1.42552439822874
7840 1.36836456976286
7840 0.779599117221135
7840 0
7840 2.5387698967785
7840 0
7840 0
7840 0
7840 0
7840 0
7840 3.27987893311476
7840 3.27987893311476
7840 3.27987893311476
7840 34.2414771789027
7840 0
7840 0
7840 0
7840 0
7840 0
7840 0
7840 0
7840 0.32782084085723
7840 0.32782084085723
7840 0.32782084085723
7840 2.21616975645239
7840 2.21616975645239
7840 2.21616975645239
7840 1.19346172256582
7933 0
7933 44.3344733205023
7933 44.3344733205023
7933 44.3344733205023
7933 44.3344733205023
7933 0
7933 0.71944417634327
7933 0.71944417634327
7933 0
7933 0
7933 0
7933 0
7933 23.0797688911011
7933 0
7933 0
7933 0
7933 94.7685205602473
7933 1.42552439822874
7933 1.36836456976286
7933 0.779599117221135
7933 0
7933 2.5387698967785
7933 0
7933 0
7933 0
7933 0
7933 0
7933 3.27987893311476
7933 3.27987893311476
7933 3.27987893311476
7933 34.2414771789027
7933 0
7933 0
7933 0
7933 0
7933 0
7933 0
7933 0
7933 0.32782084085723
7933 0.32782084085723
7933 0.32782084085723
7933 2.21616975645239
7933 2.21616975645239
7933 2.21616975645239
7933 1.19346172256582
7934 0
7934 44.3344733205023
7934 44.3344733205023
7934 44.3344733205023
7934 44.3344733205023
7934 0
7934 0.71944417634327
7934 0.71944417634327
7934 0
7934 0
7934 0
7934 0
7934 23.0797688911011
7934 0
7934 0
7934 0
7934 94.7685205602473
7934 1.42552439822874
7934 1.36836456976286
7934 0.779599117221135
7934 0
7934 2.5387698967785
7934 0
7934 0
7934 0
7934 0
7934 0
7934 3.27987893311476
7934 3.27987893311476
7934 3.27987893311476
7934 34.2414771789027
7934 0
7934 0
7934 0
7934 0
7934 0
7934 0
7934 0
7934 0.32782084085723
7934 0.32782084085723
7934 0.32782084085723
7934 2.21616975645239
7934 2.21616975645239
7934 2.21616975645239
7934 1.19346172256582
7988 0
7988 44.3344733205023
7988 44.3344733205023
7988 44.3344733205023
7988 44.3344733205023
7988 0
7988 0.71944417634327
7988 0.71944417634327
7988 0
7988 0
7988 0
7988 0
7988 23.0797688911011
7988 0
7988 0
7988 0
7988 94.7685205602473
7988 1.42552439822874
7988 1.36836456976286
7988 0.779599117221135
7988 0
7988 2.5387698967785
7988 0
7988 0
7988 0
7988 0
7988 0
7988 3.27987893311476
7988 3.27987893311476
7988 3.27987893311476
7988 34.2414771789027
7988 0
7988 0
7988 0
7988 0
7988 0
7988 0
7988 0
7988 0.32782084085723
7988 0.32782084085723
7988 0.32782084085723
7988 2.21616975645239
7988 2.21616975645239
7988 2.21616975645239
7988 1.19346172256582
7990 0
7990 44.3344733205023
7990 44.3344733205023
7990 44.3344733205023
7990 44.3344733205023
7990 0
7990 0.71944417634327
7990 0.71944417634327
7990 0
7990 0
7990 0
7990 0
7990 23.0797688911011
7990 0
7990 0
7990 0
7990 94.7685205602473
7990 1.42552439822874
7990 1.36836456976286
7990 0.779599117221135
7990 0
7990 2.5387698967785
7990 0
7990 0
7990 0
7990 0
7990 0
7990 3.27987893311476
7990 3.27987893311476
7990 3.27987893311476
7990 34.2414771789027
7990 0
7990 0
7990 0
7990 0
7990 0
7990 0
7990 0
7990 0.32782084085723
7990 0.32782084085723
7990 0.32782084085723
7990 2.21616975645239
7990 2.21616975645239
7990 2.21616975645239
7990 1.19346172256582
8149 0
8149 44.3344733205023
8149 44.3344733205023
8149 44.3344733205023
8149 44.3344733205023
8149 0
8149 0.71944417634327
8149 0.71944417634327
8149 0
8149 0
8149 0
8149 0
8149 23.0797688911011
8149 0
8149 0
8149 0
8149 94.7685205602473
8149 1.42552439822874
8149 1.36836456976286
8149 0.779599117221135
8149 0
8149 2.5387698967785
8149 0
8149 0
8149 0
8149 0
8149 0
8149 3.27987893311476
8149 3.27987893311476
8149 3.27987893311476
8149 34.2414771789027
8149 0
8149 0
8149 0
8149 0
8149 0
8149 0
8149 0
8149 0.32782084085723
8149 0.32782084085723
8149 0.32782084085723
8149 2.21616975645239
8149 2.21616975645239
8149 2.21616975645239
8149 1.19346172256582
8202 0
8202 44.3344733205023
8202 44.3344733205023
8202 44.3344733205023
8202 44.3344733205023
8202 0
8202 0.71944417634327
8202 0.71944417634327
8202 0
8202 0
8202 0
8202 0
8202 23.0797688911011
8202 0
8202 0
8202 0
8202 94.7685205602473
8202 1.42552439822874
8202 1.36836456976286
8202 0.779599117221135
8202 0
8202 2.5387698967785
8202 0
8202 0
8202 0
8202 0
8202 0
8202 3.27987893311476
8202 3.27987893311476
8202 3.27987893311476
8202 34.2414771789027
8202 0
8202 0
8202 0
8202 0
8202 0
8202 0
8202 0
8202 0.32782084085723
8202 0.32782084085723
8202 0.32782084085723
8202 2.21616975645239
8202 2.21616975645239
8202 2.21616975645239
8202 1.19346172256582
8203 0
8203 44.3344733205023
8203 44.3344733205023
8203 44.3344733205023
8203 44.3344733205023
8203 0
8203 0.71944417634327
8203 0.71944417634327
8203 0
8203 0
8203 0
8203 0
8203 23.0797688911011
8203 0
8203 0
8203 0
8203 94.7685205602473
8203 1.42552439822874
8203 1.36836456976286
8203 0.779599117221135
8203 0
8203 2.5387698967785
8203 0
8203 0
8203 0
8203 0
8203 0
8203 3.27987893311476
8203 3.27987893311476
8203 3.27987893311476
8203 34.2414771789027
8203 0
8203 0
8203 0
8203 0
8203 0
8203 0
8203 0
8203 0.32782084085723
8203 0.32782084085723
8203 0.32782084085723
8203 2.21616975645239
8203 2.21616975645239
8203 2.21616975645239
8203 1.19346172256582
10703 0
10703 44.3344733205023
10703 44.3344733205023
10703 44.3344733205023
10703 44.3344733205023
10703 0
10703 0.71944417634327
10703 0.71944417634327
10703 0
10703 0
10703 0
10703 0
10703 23.0797688911011
10703 0
10703 0
10703 0
10703 94.7685205602473
10703 1.42552439822874
10703 1.36836456976286
10703 0.779599117221135
10703 0
10703 2.5387698967785
10703 0
10703 0
10703 0
10703 0
10703 0
10703 3.27987893311476
10703 3.27987893311476
10703 3.27987893311476
10703 34.2414771789027
10703 0
10703 0
10703 0
10703 0
10703 0
10703 0
10703 0
10703 0.32782084085723
10703 0.32782084085723
10703 0.32782084085723
10703 2.21616975645239
10703 2.21616975645239
10703 2.21616975645239
10703 1.19346172256582
10704 0
10704 44.3344733205023
10704 44.3344733205023
10704 44.3344733205023
10704 44.3344733205023
10704 0
10704 0.71944417634327
10704 0.71944417634327
10704 0
10704 0
10704 0
10704 0
10704 23.0797688911011
10704 0
10704 0
10704 0
10704 94.7685205602473
10704 1.42552439822874
10704 1.36836456976286
10704 0.779599117221135
10704 0
10704 2.5387698967785
10704 0
10704 0
10704 0
10704 0
10704 0
10704 3.27987893311476
10704 3.27987893311476
10704 3.27987893311476
10704 34.2414771789027
10704 0
10704 0
10704 0
10704 0
10704 0
10704 0
10704 0
10704 0.32782084085723
10704 0.32782084085723
10704 0.32782084085723
10704 2.21616975645239
10704 2.21616975645239
10704 2.21616975645239
10704 1.19346172256582
8263 0
8263 44.3344733205023
8263 44.3344733205023
8263 44.3344733205023
8263 44.3344733205023
8263 0
8263 0.71944417634327
8263 0.71944417634327
8263 0
8263 0
8263 0
8263 0
8263 23.0797688911011
8263 0
8263 0
8263 0
8263 94.7685205602473
8263 1.42552439822874
8263 1.36836456976286
8263 0.779599117221135
8263 0
8263 2.5387698967785
8263 0
8263 0
8263 0
8263 0
8263 0
8263 3.27987893311476
8263 3.27987893311476
8263 3.27987893311476
8263 34.2414771789027
8263 0
8263 0
8263 0
8263 0
8263 0
8263 0
8263 0
8263 0.32782084085723
8263 0.32782084085723
8263 0.32782084085723
8263 2.21616975645239
8263 2.21616975645239
8263 2.21616975645239
8263 1.19346172256582
8273 0
8273 44.3344733205023
8273 44.3344733205023
8273 44.3344733205023
8273 44.3344733205023
8273 0
8273 0.71944417634327
8273 0.71944417634327
8273 0
8273 0
8273 0
8273 0
8273 23.0797688911011
8273 0
8273 0
8273 0
8273 94.7685205602473
8273 1.42552439822874
8273 1.36836456976286
8273 0.779599117221135
8273 0
8273 2.5387698967785
8273 0
8273 0
8273 0
8273 0
8273 0
8273 3.27987893311476
8273 3.27987893311476
8273 3.27987893311476
8273 34.2414771789027
8273 0
8273 0
8273 0
8273 0
8273 0
8273 0
8273 0
8273 0.32782084085723
8273 0.32782084085723
8273 0.32782084085723
8273 2.21616975645239
8273 2.21616975645239
8273 2.21616975645239
8273 1.19346172256582
8459 0
8459 44.3344733205023
8459 44.3344733205023
8459 44.3344733205023
8459 44.3344733205023
8459 0
8459 0.71944417634327
8459 0.71944417634327
8459 0
8459 0
8459 0
8459 0
8459 23.0797688911011
8459 0
8459 0
8459 0
8459 94.7685205602473
8459 1.42552439822874
8459 1.36836456976286
8459 0.779599117221135
8459 0
8459 2.5387698967785
8459 0
8459 0
8459 0
8459 0
8459 0
8459 3.27987893311476
8459 3.27987893311476
8459 3.27987893311476
8459 34.2414771789027
8459 0
8459 0
8459 0
8459 0
8459 0
8459 0
8459 0
8459 0.32782084085723
8459 0.32782084085723
8459 0.32782084085723
8459 2.21616975645239
8459 2.21616975645239
8459 2.21616975645239
8459 1.19346172256582
8463 0
8463 44.3344733205023
8463 44.3344733205023
8463 44.3344733205023
8463 44.3344733205023
8463 0
8463 0.71944417634327
8463 0.71944417634327
8463 0
8463 0
8463 0
8463 0
8463 23.0797688911011
8463 0
8463 0
8463 0
8463 94.7685205602473
8463 1.42552439822874
8463 1.36836456976286
8463 0.779599117221135
8463 0
8463 2.5387698967785
8463 0
8463 0
8463 0
8463 0
8463 0
8463 3.27987893311476
8463 3.27987893311476
8463 3.27987893311476
8463 34.2414771789027
8463 0
8463 0
8463 0
8463 0
8463 0
8463 0
8463 0
8463 0.32782084085723
8463 0.32782084085723
8463 0.32782084085723
8463 2.21616975645239
8463 2.21616975645239
8463 2.21616975645239
8463 1.19346172256582
8513 0
8513 44.3344733205023
8513 44.3344733205023
8513 44.3344733205023
8513 44.3344733205023
8513 0
8513 0.71944417634327
8513 0.71944417634327
8513 0
8513 0
8513 0
8513 0
8513 23.0797688911011
8513 0
8513 0
8513 0
8513 94.7685205602473
8513 1.42552439822874
8513 1.36836456976286
8513 0.779599117221135
8513 0
8513 2.5387698967785
8513 0
8513 0
8513 0
8513 0
8513 0
8513 3.27987893311476
8513 3.27987893311476
8513 3.27987893311476
8513 34.2414771789027
8513 0
8513 0
8513 0
8513 0
8513 0
8513 0
8513 0
8513 0.32782084085723
8513 0.32782084085723
8513 0.32782084085723
8513 2.21616975645239
8513 2.21616975645239
8513 2.21616975645239
8513 1.19346172256582
8515 0
8515 44.3344733205023
8515 44.3344733205023
8515 44.3344733205023
8515 44.3344733205023
8515 0
8515 0.71944417634327
8515 0.71944417634327
8515 0
8515 0
8515 0
8515 0
8515 23.0797688911011
8515 0
8515 0
8515 0
8515 94.7685205602473
8515 1.42552439822874
8515 1.36836456976286
8515 0.779599117221135
8515 0
8515 2.5387698967785
8515 0
8515 0
8515 0
8515 0
8515 0
8515 3.27987893311476
8515 3.27987893311476
8515 3.27987893311476
8515 34.2414771789027
8515 0
8515 0
8515 0
8515 0
8515 0
8515 0
8515 0
8515 0.32782084085723
8515 0.32782084085723
8515 0.32782084085723
8515 2.21616975645239
8515 2.21616975645239
8515 2.21616975645239
8515 1.19346172256582
8521 0
8521 44.3344733205023
8521 44.3344733205023
8521 44.3344733205023
8521 44.3344733205023
8521 0
8521 0.71944417634327
8521 0.71944417634327
8521 0
8521 0
8521 0
8521 0
8521 23.0797688911011
8521 0
8521 0
8521 0
8521 94.7685205602473
8521 1.42552439822874
8521 1.36836456976286
8521 0.779599117221135
8521 0
8521 2.5387698967785
8521 0
8521 0
8521 0
8521 0
8521 0
8521 3.27987893311476
8521 3.27987893311476
8521 3.27987893311476
8521 34.2414771789027
8521 0
8521 0
8521 0
8521 0
8521 0
8521 0
8521 0
8521 0.32782084085723
8521 0.32782084085723
8521 0.32782084085723
8521 2.21616975645239
8521 2.21616975645239
8521 2.21616975645239
8521 1.19346172256582
8614 0
8614 44.3344733205023
8614 44.3344733205023
8614 44.3344733205023
8614 44.3344733205023
8614 0
8614 0.71944417634327
8614 0.71944417634327
8614 0
8614 0
8614 0
8614 0
8614 23.0797688911011
8614 0
8614 0
8614 0
8614 94.7685205602473
8614 1.42552439822874
8614 1.36836456976286
8614 0.779599117221135
8614 0
8614 2.5387698967785
8614 0
8614 0
8614 0
8614 0
8614 0
8614 3.27987893311476
8614 3.27987893311476
8614 3.27987893311476
8614 34.2414771789027
8614 0
8614 0
8614 0
8614 0
8614 0
8614 0
8614 0
8614 0.32782084085723
8614 0.32782084085723
8614 0.32782084085723
8614 2.21616975645239
8614 2.21616975645239
8614 2.21616975645239
8614 1.19346172256582
8578 0
8578 44.3344733205023
8578 44.3344733205023
8578 44.3344733205023
8578 44.3344733205023
8578 0
8578 0.71944417634327
8578 0.71944417634327
8578 0
8578 0
8578 0
8578 0
8578 23.0797688911011
8578 0
8578 0
8578 0
8578 94.7685205602473
8578 1.42552439822874
8578 1.36836456976286
8578 0.779599117221135
8578 0
8578 2.5387698967785
8578 0
8578 0
8578 0
8578 0
8578 0
8578 3.27987893311476
8578 3.27987893311476
8578 3.27987893311476
8578 34.2414771789027
8578 0
8578 0
8578 0
8578 0
8578 0
8578 0
8578 0
8578 0.32782084085723
8578 0.32782084085723
8578 0.32782084085723
8578 2.21616975645239
8578 2.21616975645239
8578 2.21616975645239
8578 1.19346172256582
8619 0
8619 44.3344733205023
8619 44.3344733205023
8619 44.3344733205023
8619 44.3344733205023
8619 0
8619 0.71944417634327
8619 0.71944417634327
8619 0
8619 0
8619 0
8619 0
8619 23.0797688911011
8619 0
8619 0
8619 0
8619 94.7685205602473
8619 1.42552439822874
8619 1.36836456976286
8619 0.779599117221135
8619 0
8619 2.5387698967785
8619 0
8619 0
8619 0
8619 0
8619 0
8619 3.27987893311476
8619 3.27987893311476
8619 3.27987893311476
8619 34.2414771789027
8619 0
8619 0
8619 0
8619 0
8619 0
8619 0
8619 0
8619 0.32782084085723
8619 0.32782084085723
8619 0.32782084085723
8619 2.21616975645239
8619 2.21616975645239
8619 2.21616975645239
8619 1.19346172256582
8622 0
8622 44.3344733205023
8622 44.3344733205023
8622 44.3344733205023
8622 44.3344733205023
8622 0
8622 0.71944417634327
8622 0.71944417634327
8622 0
8622 0
8622 0
8622 0
8622 23.0797688911011
8622 0
8622 0
8622 0
8622 94.7685205602473
8622 1.42552439822874
8622 1.36836456976286
8622 0.779599117221135
8622 0
8622 2.5387698967785
8622 0
8622 0
8622 0
8622 0
8622 0
8622 3.27987893311476
8622 3.27987893311476
8622 3.27987893311476
8622 34.2414771789027
8622 0
8622 0
8622 0
8622 0
8622 0
8622 0
8622 0
8622 0.32782084085723
8622 0.32782084085723
8622 0.32782084085723
8622 2.21616975645239
8622 2.21616975645239
8622 2.21616975645239
8622 1.19346172256582
10229 0
10229 44.3344733205023
10229 44.3344733205023
10229 44.3344733205023
10229 44.3344733205023
10229 0
10229 0.71944417634327
10229 0.71944417634327
10229 0
10229 0
10229 0
10229 0
10229 23.0797688911011
10229 0
10229 0
10229 0
10229 94.7685205602473
10229 1.42552439822874
10229 1.36836456976286
10229 0.779599117221135
10229 0
10229 2.5387698967785
10229 0
10229 0
10229 0
10229 0
10229 0
10229 3.27987893311476
10229 3.27987893311476
10229 3.27987893311476
10229 34.2414771789027
10229 0
10229 0
10229 0
10229 0
10229 0
10229 0
10229 0
10229 0.32782084085723
10229 0.32782084085723
10229 0.32782084085723
10229 2.21616975645239
10229 2.21616975645239
10229 2.21616975645239
10229 1.19346172256582
8728 0
8728 44.3344733205023
8728 44.3344733205023
8728 44.3344733205023
8728 44.3344733205023
8728 0
8728 0.71944417634327
8728 0.71944417634327
8728 0
8728 0
8728 0
8728 0
8728 23.0797688911011
8728 0
8728 0
8728 0
8728 94.7685205602473
8728 1.42552439822874
8728 1.36836456976286
8728 0.779599117221135
8728 0
8728 2.5387698967785
8728 0
8728 0
8728 0
8728 0
8728 0
8728 3.27987893311476
8728 3.27987893311476
8728 3.27987893311476
8728 34.2414771789027
8728 0
8728 0
8728 0
8728 0
8728 0
8728 0
8728 0
8728 0.32782084085723
8728 0.32782084085723
8728 0.32782084085723
8728 2.21616975645239
8728 2.21616975645239
8728 2.21616975645239
8728 1.19346172256582
8833 0
8833 44.3344733205023
8833 44.3344733205023
8833 44.3344733205023
8833 44.3344733205023
8833 0
8833 0.71944417634327
8833 0.71944417634327
8833 0
8833 0
8833 0
8833 0
8833 23.0797688911011
8833 0
8833 0
8833 0
8833 94.7685205602473
8833 1.42552439822874
8833 1.36836456976286
8833 0.779599117221135
8833 0
8833 2.5387698967785
8833 0
8833 0
8833 0
8833 0
8833 0
8833 3.27987893311476
8833 3.27987893311476
8833 3.27987893311476
8833 34.2414771789027
8833 0
8833 0
8833 0
8833 0
8833 0
8833 0
8833 0
8833 0.32782084085723
8833 0.32782084085723
8833 0.32782084085723
8833 2.21616975645239
8833 2.21616975645239
8833 2.21616975645239
8833 1.19346172256582
