pt_graph shape
2548 1
2548 1
2548 1
2548 1
2548 1
2548 1
2548 1
2548 1
2548 1
2548 1
2548 1
2548 1
2548 1
2548 1
2548 1
2548 1
2548 1
2548 1
2548 1
2548 1
2548 1
2548 1
2548 1
2548 1
2548 1
2548 1
2548 1
2548 1
2548 1
2548 1
2548 1
2548 1
2548 1
2548 1
2548 1
2548 1
2548 1
2548 1
2548 1
2548 1
2548 1
2548 1
2548 1
2548 1
2548 1
2549 1
2549 1
2549 1
2549 1
2549 1
2549 1
2549 1
2549 1
2549 1
2549 1
2549 1
2549 1
2549 1
2549 1
2549 1
2549 1
2549 1
2549 1
2549 1
2549 1
2549 1
2549 1
2549 1
2549 1
2549 1
2549 1
2549 1
2549 1
2549 1
2549 1
2549 1
2549 1
2549 1
2549 1
2549 1
2549 1
2549 1
2549 1
2549 1
2549 1
2549 1
2549 1
2549 1
2549 1
2549 1
2633 1
2633 1
2633 1
2633 1
2633 1
2633 1
2633 1
2633 1
2633 1
2633 1
2633 1
2633 1
2633 1
2633 1
2633 1
2633 1
2633 1
2633 1
2633 1
2633 1
2633 1
2633 1
2633 1
2633 1
2633 1
2633 1
2633 1
2633 1
2633 1
2633 1
2633 1
2633 1
2633 1
2633 1
2633 1
2633 1
2633 1
2633 1
2633 1
2633 1
2633 1
2633 1
2633 1
2633 1
2633 1
2716 1
2716 1
2716 1
2716 1
2716 1
2716 1
2716 1
2716 1
2716 1
2716 1
2716 1
2716 1
2716 1
2716 1
2716 1
2716 1
2716 1
2716 1
2716 1
2716 1
2716 1
2716 1
2716 1
2716 1
2716 1
2716 1
2716 1
2716 1
2716 1
2716 1
2716 1
2716 1
2716 1
2716 1
2716 1
2716 1
2716 1
2716 1
2716 1
2716 1
2716 1
2716 1
2716 1
2716 1
2716 1
2717 1
2717 1
2717 1
2717 1
2717 1
2717 1
2717 1
2717 1
2717 1
2717 1
2717 1
2717 1
2717 1
2717 1
2717 1
2717 1
2717 1
2717 1
2717 1
2717 1
2717 1
2717 1
2717 1
2717 1
2717 1
2717 1
2717 1
2717 1
2717 1
2717 1
2717 1
2717 1
2717 1
2717 1
2717 1
2717 1
2717 1
2717 1
2717 1
2717 1
2717 1
2717 1
2717 1
2717 1
2717 1
2798 1
2798 1
2798 1
2798 1
2798 1
2798 1
2798 1
2798 1
2798 1
2798 1
2798 1
2798 1
2798 1
2798 1
2798 1
2798 1
2798 1
2798 1
2798 1
2798 1
2798 1
2798 1
2798 1
2798 1
2798 1
2798 1
2798 1
2798 1
2798 1
2798 1
2798 1
2798 1
2798 1
2798 1
2798 1
2798 1
2798 1
2798 1
2798 1
2798 1
2798 1
2798 1
2798 1
2798 1
2798 1
2875 1
2875 1
2875 1
2875 1
2875 1
2875 1
2875 1
2875 1
2875 1
2875 1
2875 1
2875 1
2875 1
2875 1
2875 1
2875 1
2875 1
2875 1
2875 1
2875 1
2875 1
2875 1
2875 1
2875 1
2875 1
2875 1
2875 1
2875 1
2875 1
2875 1
2875 1
2875 1
2875 1
2875 1
2875 1
2875 1
2875 1
2875 1
2875 1
2875 1
2875 1
2875 1
2875 1
2875 1
2875 1
3023 1
3023 1
3023 1
3023 1
3023 1
3023 1
3023 1
3023 1
3023 1
3023 1
3023 1
3023 1
3023 1
3023 1
3023 1
3023 1
3023 1
3023 1
3023 1
3023 1
3023 1
3023 1
3023 1
3023 1
3023 1
3023 1
3023 1
3023 1
3023 1
3023 1
3023 1
3023 1
3023 1
3023 1
3023 1
3023 1
3023 1
3023 1
3023 1
3023 1
3023 1
3023 1
3023 1
3023 1
3023 1
3039 1
3039 1
3039 1
3039 1
3039 1
3039 1
3039 1
3039 1
3039 1
3039 1
3039 1
3039 1
3039 1
3039 1
3039 1
3039 1
3039 1
3039 1
3039 1
3039 1
3039 1
3039 1
3039 1
3039 1
3039 1
3039 1
3039 1
3039 1
3039 1
3039 1
3039 1
3039 1
3039 1
3039 1
3039 1
3039 1
3039 1
3039 1
3039 1
3039 1
3039 1
3039 1
3039 1
3039 1
3039 1
10390 1
10390 1
10390 1
10390 1
10390 1
10390 1
10390 1
10390 1
10390 1
10390 1
10390 1
10390 1
10390 1
10390 1
10390 1
10390 1
10390 1
10390 1
10390 1
10390 1
10390 1
10390 1
10390 1
10390 1
10390 1
10390 1
10390 1
10390 1
10390 1
10390 1
10390 1
10390 1
10390 1
10390 1
10390 1
10390 1
10390 1
10390 1
10390 1
10390 1
10390 1
10390 1
10390 1
10390 1
10390 1
3664 1
3664 1
3664 1
3664 1
3664 1
3664 1
3664 1
3664 1
3664 1
3664 1
3664 1
3664 1
3664 1
3664 1
3664 1
3664 1
3664 1
3664 1
3664 1
3664 1
3664 1
3664 1
3664 1
3664 1
3664 1
3664 1
3664 1
3664 1
3664 1
3664 1
3664 1
3664 1
3664 1
3664 1
3664 1
3664 1
3664 1
3664 1
3664 1
3664 1
3664 1
3664 1
3664 1
3664 1
3664 1
3750 1
3750 1
3750 1
3750 1
3750 1
3750 1
3750 1
3750 1
3750 1
3750 1
3750 1
3750 1
3750 1
3750 1
3750 1
3750 1
3750 1
3750 1
3750 1
3750 1
3750 1
3750 1
3750 1
3750 1
3750 1
3750 1
3750 1
3750 1
3750 1
3750 1
3750 1
3750 1
3750 1
3750 1
3750 1
3750 1
3750 1
3750 1
3750 1
3750 1
3750 1
3750 1
3750 1
3750 1
3750 1
3756 1
3756 1
3756 1
3756 1
3756 1
3756 1
3756 1
3756 1
3756 1
3756 1
3756 1
3756 1
3756 1
3756 1
3756 1
3756 1
3756 1
3756 1
3756 1
3756 1
3756 1
3756 1
3756 1
3756 1
3756 1
3756 1
3756 1
3756 1
3756 1
3756 1
3756 1
3756 1
3756 1
3756 1
3756 1
3756 1
3756 1
3756 1
3756 1
3756 1
3756 1
3756 1
3756 1
3756 1
3756 1
3842 1
3842 1
3842 1
3842 1
3842 1
3842 1
3842 1
3842 1
3842 1
3842 1
3842 1
3842 1
3842 1
3842 1
3842 1
3842 1
3842 1
3842 1
3842 1
3842 1
3842 1
3842 1
3842 1
3842 1
3842 1
3842 1
3842 1
3842 1
3842 1
3842 1
3842 1
3842 1
3842 1
3842 1
3842 1
3842 1
3842 1
3842 1
3842 1
3842 1
3842 1
3842 1
3842 1
3842 1
3842 1
3843 1
3843 1
3843 1
3843 1
3843 1
3843 1
3843 1
3843 1
3843 1
3843 1
3843 1
3843 1
3843 1
3843 1
3843 1
3843 1
3843 1
3843 1
3843 1
3843 1
3843 1
3843 1
3843 1
3843 1
3843 1
3843 1
3843 1
3843 1
3843 1
3843 1
3843 1
3843 1
3843 1
3843 1
3843 1
3843 1
3843 1
3843 1
3843 1
3843 1
3843 1
3843 1
3843 1
3843 1
3843 1
3928 1
3928 1
3928 1
3928 1
3928 1
3928 1
3928 1
3928 1
3928 1
3928 1
3928 1
3928 1
3928 1
3928 1
3928 1
3928 1
3928 1
3928 1
3928 1
3928 1
3928 1
3928 1
3928 1
3928 1
3928 1
3928 1
3928 1
3928 1
3928 1
3928 1
3928 1
3928 1
3928 1
3928 1
3928 1
3928 1
3928 1
3928 1
3928 1
3928 1
3928 1
3928 1
3928 1
3928 1
3928 1
3931 1
3931 1
3931 1
3931 1
3931 1
3931 1
3931 1
3931 1
3931 1
3931 1
3931 1
3931 1
3931 1
3931 1
3931 1
3931 1
3931 1
3931 1
3931 1
3931 1
3931 1
3931 1
3931 1
3931 1
3931 1
3931 1
3931 1
3931 1
3931 1
3931 1
3931 1
3931 1
3931 1
3931 1
3931 1
3931 1
3931 1
3931 1
3931 1
3931 1
3931 1
3931 1
3931 1
3931 1
3931 1
3932 1
3932 1
3932 1
3932 1
3932 1
3932 1
3932 1
3932 1
3932 1
3932 1
3932 1
3932 1
3932 1
3932 1
3932 1
3932 1
3932 1
3932 1
3932 1
3932 1
3932 1
3932 1
3932 1
3932 1
3932 1
3932 1
3932 1
3932 1
3932 1
3932 1
3932 1
3932 1
3932 1
3932 1
3932 1
3932 1
3932 1
3932 1
3932 1
3932 1
3932 1
3932 1
3932 1
3932 1
3932 1
10458 1
10458 1
10458 1
10458 1
10458 1
10458 1
10458 1
10458 1
10458 1
10458 1
10458 1
10458 1
10458 1
10458 1
10458 1
10458 1
10458 1
10458 1
10458 1
10458 1
10458 1
10458 1
10458 1
10458 1
10458 1
10458 1
10458 1
10458 1
10458 1
10458 1
10458 1
10458 1
10458 1
10458 1
10458 1
10458 1
10458 1
10458 1
10458 1
10458 1
10458 1
10458 1
10458 1
10458 1
10458 1
4019 1
4019 1
4019 1
4019 1
4019 1
4019 1
4019 1
4019 1
4019 1
4019 1
4019 1
4019 1
4019 1
4019 1
4019 1
4019 1
4019 1
4019 1
4019 1
4019 1
4019 1
4019 1
4019 1
4019 1
4019 1
4019 1
4019 1
4019 1
4019 1
4019 1
4019 1
4019 1
4019 1
4019 1
4019 1
4019 1
4019 1
4019 1
4019 1
4019 1
4019 1
4019 1
4019 1
4019 1
4019 1
10078 1
10078 1
10078 1
10078 1
10078 1
10078 1
10078 1
10078 1
10078 1
10078 1
10078 1
10078 1
10078 1
10078 1
10078 1
10078 1
10078 1
10078 1
10078 1
10078 1
10078 1
10078 1
10078 1
10078 1
10078 1
10078 1
10078 1
10078 1
10078 1
10078 1
10078 1
10078 1
10078 1
10078 1
10078 1
10078 1
10078 1
10078 1
10078 1
10078 1
10078 1
10078 1
10078 1
10078 1
10078 1
3869 1
3869 1
3869 1
3869 1
3869 1
3869 1
3869 1
3869 1
3869 1
3869 1
3869 1
3869 1
3869 1
3869 1
3869 1
3869 1
3869 1
3869 1
3869 1
3869 1
3869 1
3869 1
3869 1
3869 1
3869 1
3869 1
3869 1
3869 1
3869 1
3869 1
3869 1
3869 1
3869 1
3869 1
3869 1
3869 1
3869 1
3869 1
3869 1
3869 1
3869 1
3869 1
3869 1
3869 1
3869 1
4206 1
4206 1
4206 1
4206 1
4206 1
4206 1
4206 1
4206 1
4206 1
4206 1
4206 1
4206 1
4206 1
4206 1
4206 1
4206 1
4206 1
4206 1
4206 1
4206 1
4206 1
4206 1
4206 1
4206 1
4206 1
4206 1
4206 1
4206 1
4206 1
4206 1
4206 1
4206 1
4206 1
4206 1
4206 1
4206 1
4206 1
4206 1
4206 1
4206 1
4206 1
4206 1
4206 1
4206 1
4206 1
4293 1
4293 1
4293 1
4293 1
4293 1
4293 1
4293 1
4293 1
4293 1
4293 1
4293 1
4293 1
4293 1
4293 1
4293 1
4293 1
4293 1
4293 1
4293 1
4293 1
4293 1
4293 1
4293 1
4293 1
4293 1
4293 1
4293 1
4293 1
4293 1
4293 1
4293 1
4293 1
4293 1
4293 1
4293 1
4293 1
4293 1
4293 1
4293 1
4293 1
4293 1
4293 1
4293 1
4293 1
4293 1
10674 1
10674 1
10674 1
10674 1
10674 1
10674 1
10674 1
10674 1
10674 1
10674 1
10674 1
10674 1
10674 1
10674 1
10674 1
10674 1
10674 1
10674 1
10674 1
10674 1
10674 1
10674 1
10674 1
10674 1
10674 1
10674 1
10674 1
10674 1
10674 1
10674 1
10674 1
10674 1
10674 1
10674 1
10674 1
10674 1
10674 1
10674 1
10674 1
10674 1
10674 1
10674 1
10674 1
10674 1
10674 1
4303 1
4303 1
4303 1
4303 1
4303 1
4303 1
4303 1
4303 1
4303 1
4303 1
4303 1
4303 1
4303 1
4303 1
4303 1
4303 1
4303 1
4303 1
4303 1
4303 1
4303 1
4303 1
4303 1
4303 1
4303 1
4303 1
4303 1
4303 1
4303 1
4303 1
4303 1
4303 1
4303 1
4303 1
4303 1
4303 1
4303 1
4303 1
4303 1
4303 1
4303 1
4303 1
4303 1
4303 1
4303 1
4387 1
4387 1
4387 1
4387 1
4387 1
4387 1
4387 1
4387 1
4387 1
4387 1
4387 1
4387 1
4387 1
4387 1
4387 1
4387 1
4387 1
4387 1
4387 1
4387 1
4387 1
4387 1
4387 1
4387 1
4387 1
4387 1
4387 1
4387 1
4387 1
4387 1
4387 1
4387 1
4387 1
4387 1
4387 1
4387 1
4387 1
4387 1
4387 1
4387 1
4387 1
4387 1
4387 1
4387 1
4387 1
4400 1
4400 1
4400 1
4400 1
4400 1
4400 1
4400 1
4400 1
4400 1
4400 1
4400 1
4400 1
4400 1
4400 1
4400 1
4400 1
4400 1
4400 1
4400 1
4400 1
4400 1
4400 1
4400 1
4400 1
4400 1
4400 1
4400 1
4400 1
4400 1
4400 1
4400 1
4400 1
4400 1
4400 1
4400 1
4400 1
4400 1
4400 1
4400 1
4400 1
4400 1
4400 1
4400 1
4400 1
4400 1
4487 1
4487 1
4487 1
4487 1
4487 1
4487 1
4487 1
4487 1
4487 1
4487 1
4487 1
4487 1
4487 1
4487 1
4487 1
4487 1
4487 1
4487 1
4487 1
4487 1
4487 1
4487 1
4487 1
4487 1
4487 1
4487 1
4487 1
4487 1
4487 1
4487 1
4487 1
4487 1
4487 1
4487 1
4487 1
4487 1
4487 1
4487 1
4487 1
4487 1
4487 1
4487 1
4487 1
4487 1
4487 1
4489 1
4489 1
4489 1
4489 1
4489 1
4489 1
4489 1
4489 1
4489 1
4489 1
4489 1
4489 1
4489 1
4489 1
4489 1
4489 1
4489 1
4489 1
4489 1
4489 1
4489 1
4489 1
4489 1
4489 1
4489 1
4489 1
4489 1
4489 1
4489 1
4489 1
4489 1
4489 1
4489 1
4489 1
4489 1
4489 1
4489 1
4489 1
4489 1
4489 1
4489 1
4489 1
4489 1
4489 1
4489 1
4573 1
4573 1
4573 1
4573 1
4573 1
4573 1
4573 1
4573 1
4573 1
4573 1
4573 1
4573 1
4573 1
4573 1
4573 1
4573 1
4573 1
4573 1
4573 1
4573 1
4573 1
4573 1
4573 1
4573 1
4573 1
4573 1
4573 1
4573 1
4573 1
4573 1
4573 1
4573 1
4573 1
4573 1
4573 1
4573 1
4573 1
4573 1
4573 1
4573 1
4573 1
4573 1
4573 1
4573 1
4573 1
4735 1
4735 1
4735 1
4735 1
4735 1
4735 1
4735 1
4735 1
4735 1
4735 1
4735 1
4735 1
4735 1
4735 1
4735 1
4735 1
4735 1
4735 1
4735 1
4735 1
4735 1
4735 1
4735 1
4735 1
4735 1
4735 1
4735 1
4735 1
4735 1
4735 1
4735 1
4735 1
4735 1
4735 1
4735 1
4735 1
4735 1
4735 1
4735 1
4735 1
4735 1
4735 1
4735 1
4735 1
4735 1
5018 1
5018 1
5018 1
5018 1
5018 1
5018 1
5018 1
5018 1
5018 1
5018 1
5018 1
5018 1
5018 1
5018 1
5018 1
5018 1
5018 1
5018 1
5018 1
5018 1
5018 1
5018 1
5018 1
5018 1
5018 1
5018 1
5018 1
5018 1
5018 1
5018 1
5018 1
5018 1
5018 1
5018 1
5018 1
5018 1
5018 1
5018 1
5018 1
5018 1
5018 1
5018 1
5018 1
5018 1
5018 1
5030 1
5030 1
5030 1
5030 1
5030 1
5030 1
5030 1
5030 1
5030 1
5030 1
5030 1
5030 1
5030 1
5030 1
5030 1
5030 1
5030 1
5030 1
5030 1
5030 1
5030 1
5030 1
5030 1
5030 1
5030 1
5030 1
5030 1
5030 1
5030 1
5030 1
5030 1
5030 1
5030 1
5030 1
5030 1
5030 1
5030 1
5030 1
5030 1
5030 1
5030 1
5030 1
5030 1
5030 1
5030 1
5289 1
5289 1
5289 1
5289 1
5289 1
5289 1
5289 1
5289 1
5289 1
5289 1
5289 1
5289 1
5289 1
5289 1
5289 1
5289 1
5289 1
5289 1
5289 1
5289 1
5289 1
5289 1
5289 1
5289 1
5289 1
5289 1
5289 1
5289 1
5289 1
5289 1
5289 1
5289 1
5289 1
5289 1
5289 1
5289 1
5289 1
5289 1
5289 1
5289 1
5289 1
5289 1
5289 1
5289 1
5289 1
5378 1
5378 1
5378 1
5378 1
5378 1
5378 1
5378 1
5378 1
5378 1
5378 1
5378 1
5378 1
5378 1
5378 1
5378 1
5378 1
5378 1
5378 1
5378 1
5378 1
5378 1
5378 1
5378 1
5378 1
5378 1
5378 1
5378 1
5378 1
5378 1
5378 1
5378 1
5378 1
5378 1
5378 1
5378 1
5378 1
5378 1
5378 1
5378 1
5378 1
5378 1
5378 1
5378 1
5378 1
5378 1
5555 1
5555 1
5555 1
5555 1
5555 1
5555 1
5555 1
5555 1
5555 1
5555 1
5555 1
5555 1
5555 1
5555 1
5555 1
5555 1
5555 1
5555 1
5555 1
5555 1
5555 1
5555 1
5555 1
5555 1
5555 1
5555 1
5555 1
5555 1
5555 1
5555 1
5555 1
5555 1
5555 1
5555 1
5555 1
5555 1
5555 1
5555 1
5555 1
5555 1
5555 1
5555 1
5555 1
5555 1
5555 1
5642 1
5642 1
5642 1
5642 1
5642 1
5642 1
5642 1
5642 1
5642 1
5642 1
5642 1
5642 1
5642 1
5642 1
5642 1
5642 1
5642 1
5642 1
5642 1
5642 1
5642 1
5642 1
5642 1
5642 1
5642 1
5642 1
5642 1
5642 1
5642 1
5642 1
5642 1
5642 1
5642 1
5642 1
5642 1
5642 1
5642 1
5642 1
5642 1
5642 1
5642 1
5642 1
5642 1
5642 1
5642 1
5716 1
5716 1
5716 1
5716 1
5716 1
5716 1
5716 1
5716 1
5716 1
5716 1
5716 1
5716 1
5716 1
5716 1
5716 1
5716 1
5716 1
5716 1
5716 1
5716 1
5716 1
5716 1
5716 1
5716 1
5716 1
5716 1
5716 1
5716 1
5716 1
5716 1
5716 1
5716 1
5716 1
5716 1
5716 1
5716 1
5716 1
5716 1
5716 1
5716 1
5716 1
5716 1
5716 1
5716 1
5716 1
5717 1
5717 1
5717 1
5717 1
5717 1
5717 1
5717 1
5717 1
5717 1
5717 1
5717 1
5717 1
5717 1
5717 1
5717 1
5717 1
5717 1
5717 1
5717 1
5717 1
5717 1
5717 1
5717 1
5717 1
5717 1
5717 1
5717 1
5717 1
5717 1
5717 1
5717 1
5717 1
5717 1
5717 1
5717 1
5717 1
5717 1
5717 1
5717 1
5717 1
5717 1
5717 1
5717 1
5717 1
5717 1
5718 1
5718 1
5718 1
5718 1
5718 1
5718 1
5718 1
5718 1
5718 1
5718 1
5718 1
5718 1
5718 1
5718 1
5718 1
5718 1
5718 1
5718 1
5718 1
5718 1
5718 1
5718 1
5718 1
5718 1
5718 1
5718 1
5718 1
5718 1
5718 1
5718 1
5718 1
5718 1
5718 1
5718 1
5718 1
5718 1
5718 1
5718 1
5718 1
5718 1
5718 1
5718 1
5718 1
5718 1
5718 1
10108 1
10108 1
10108 1
10108 1
10108 1
10108 1
10108 1
10108 1
10108 1
10108 1
10108 1
10108 1
10108 1
10108 1
10108 1
10108 1
10108 1
10108 1
10108 1
10108 1
10108 1
10108 1
10108 1
10108 1
10108 1
10108 1
10108 1
10108 1
10108 1
10108 1
10108 1
10108 1
10108 1
10108 1
10108 1
10108 1
10108 1
10108 1
10108 1
10108 1
10108 1
10108 1
10108 1
10108 1
10108 1
10424 1
10424 1
10424 1
10424 1
10424 1
10424 1
10424 1
10424 1
10424 1
10424 1
10424 1
10424 1
10424 1
10424 1
10424 1
10424 1
10424 1
10424 1
10424 1
10424 1
10424 1
10424 1
10424 1
10424 1
10424 1
10424 1
10424 1
10424 1
10424 1
10424 1
10424 1
10424 1
10424 1
10424 1
10424 1
10424 1
10424 1
10424 1
10424 1
10424 1
10424 1
10424 1
10424 1
10424 1
10424 1
10166 1
10166 1
10166 1
10166 1
10166 1
10166 1
10166 1
10166 1
10166 1
10166 1
10166 1
10166 1
10166 1
10166 1
10166 1
10166 1
10166 1
10166 1
10166 1
10166 1
10166 1
10166 1
10166 1
10166 1
10166 1
10166 1
10166 1
10166 1
10166 1
10166 1
10166 1
10166 1
10166 1
10166 1
10166 1
10166 1
10166 1
10166 1
10166 1
10166 1
10166 1
10166 1
10166 1
10166 1
10166 1
10452 1
10452 1
10452 1
10452 1
10452 1
10452 1
10452 1
10452 1
10452 1
10452 1
10452 1
10452 1
10452 1
10452 1
10452 1
10452 1
10452 1
10452 1
10452 1
10452 1
10452 1
10452 1
10452 1
10452 1
10452 1
10452 1
10452 1
10452 1
10452 1
10452 1
10452 1
10452 1
10452 1
10452 1
10452 1
10452 1
10452 1
10452 1
10452 1
10452 1
10452 1
10452 1
10452 1
10452 1
10452 1
5807 1
5807 1
5807 1
5807 1
5807 1
5807 1
5807 1
5807 1
5807 1
5807 1
5807 1
5807 1
5807 1
5807 1
5807 1
5807 1
5807 1
5807 1
5807 1
5807 1
5807 1
5807 1
5807 1
5807 1
5807 1
5807 1
5807 1
5807 1
5807 1
5807 1
5807 1
5807 1
5807 1
5807 1
5807 1
5807 1
5807 1
5807 1
5807 1
5807 1
5807 1
5807 1
5807 1
5807 1
5807 1
5808 1
5808 1
5808 1
5808 1
5808 1
5808 1
5808 1
5808 1
5808 1
5808 1
5808 1
5808 1
5808 1
5808 1
5808 1
5808 1
5808 1
5808 1
5808 1
5808 1
5808 1
5808 1
5808 1
5808 1
5808 1
5808 1
5808 1
5808 1
5808 1
5808 1
5808 1
5808 1
5808 1
5808 1
5808 1
5808 1
5808 1
5808 1
5808 1
5808 1
5808 1
5808 1
5808 1
5808 1
5808 1
5897 1
5897 1
5897 1
5897 1
5897 1
5897 1
5897 1
5897 1
5897 1
5897 1
5897 1
5897 1
5897 1
5897 1
5897 1
5897 1
5897 1
5897 1
5897 1
5897 1
5897 1
5897 1
5897 1
5897 1
5897 1
5897 1
5897 1
5897 1
5897 1
5897 1
5897 1
5897 1
5897 1
5897 1
5897 1
5897 1
5897 1
5897 1
5897 1
5897 1
5897 1
5897 1
5897 1
5897 1
5897 1
5993 1
5993 1
5993 1
5993 1
5993 1
5993 1
5993 1
5993 1
5993 1
5993 1
5993 1
5993 1
5993 1
5993 1
5993 1
5993 1
5993 1
5993 1
5993 1
5993 1
5993 1
5993 1
5993 1
5993 1
5993 1
5993 1
5993 1
5993 1
5993 1
5993 1
5993 1
5993 1
5993 1
5993 1
5993 1
5993 1
5993 1
5993 1
5993 1
5993 1
5993 1
5993 1
5993 1
5993 1
5993 1
5813 1
5813 1
5813 1
5813 1
5813 1
5813 1
5813 1
5813 1
5813 1
5813 1
5813 1
5813 1
5813 1
5813 1
5813 1
5813 1
5813 1
5813 1
5813 1
5813 1
5813 1
5813 1
5813 1
5813 1
5813 1
5813 1
5813 1
5813 1
5813 1
5813 1
5813 1
5813 1
5813 1
5813 1
5813 1
5813 1
5813 1
5813 1
5813 1
5813 1
5813 1
5813 1
5813 1
5813 1
5813 1
5814 1
5814 1
5814 1
5814 1
5814 1
5814 1
5814 1
5814 1
5814 1
5814 1
5814 1
5814 1
5814 1
5814 1
5814 1
5814 1
5814 1
5814 1
5814 1
5814 1
5814 1
5814 1
5814 1
5814 1
5814 1
5814 1
5814 1
5814 1
5814 1
5814 1
5814 1
5814 1
5814 1
5814 1
5814 1
5814 1
5814 1
5814 1
5814 1
5814 1
5814 1
5814 1
5814 1
5814 1
5814 1
5815 1
5815 1
5815 1
5815 1
5815 1
5815 1
5815 1
5815 1
5815 1
5815 1
5815 1
5815 1
5815 1
5815 1
5815 1
5815 1
5815 1
5815 1
5815 1
5815 1
5815 1
5815 1
5815 1
5815 1
5815 1
5815 1
5815 1
5815 1
5815 1
5815 1
5815 1
5815 1
5815 1
5815 1
5815 1
5815 1
5815 1
5815 1
5815 1
5815 1
5815 1
5815 1
5815 1
5815 1
5815 1
5816 1
5816 1
5816 1
5816 1
5816 1
5816 1
5816 1
5816 1
5816 1
5816 1
5816 1
5816 1
5816 1
5816 1
5816 1
5816 1
5816 1
5816 1
5816 1
5816 1
5816 1
5816 1
5816 1
5816 1
5816 1
5816 1
5816 1
5816 1
5816 1
5816 1
5816 1
5816 1
5816 1
5816 1
5816 1
5816 1
5816 1
5816 1
5816 1
5816 1
5816 1
5816 1
5816 1
5816 1
5816 1
5996 1
5996 1
5996 1
5996 1
5996 1
5996 1
5996 1
5996 1
5996 1
5996 1
5996 1
5996 1
5996 1
5996 1
5996 1
5996 1
5996 1
5996 1
5996 1
5996 1
5996 1
5996 1
5996 1
5996 1
5996 1
5996 1
5996 1
5996 1
5996 1
5996 1
5996 1
5996 1
5996 1
5996 1
5996 1
5996 1
5996 1
5996 1
5996 1
5996 1
5996 1
5996 1
5996 1
5996 1
5996 1
5818 1
5818 1
5818 1
5818 1
5818 1
5818 1
5818 1
5818 1
5818 1
5818 1
5818 1
5818 1
5818 1
5818 1
5818 1
5818 1
5818 1
5818 1
5818 1
5818 1
5818 1
5818 1
5818 1
5818 1
5818 1
5818 1
5818 1
5818 1
5818 1
5818 1
5818 1
5818 1
5818 1
5818 1
5818 1
5818 1
5818 1
5818 1
5818 1
5818 1
5818 1
5818 1
5818 1
5818 1
5818 1
5903 1
5903 1
5903 1
5903 1
5903 1
5903 1
5903 1
5903 1
5903 1
5903 1
5903 1
5903 1
5903 1
5903 1
5903 1
5903 1
5903 1
5903 1
5903 1
5903 1
5903 1
5903 1
5903 1
5903 1
5903 1
5903 1
5903 1
5903 1
5903 1
5903 1
5903 1
5903 1
5903 1
5903 1
5903 1
5903 1
5903 1
5903 1
5903 1
5903 1
5903 1
5903 1
5903 1
5903 1
5903 1
5997 1
5997 1
5997 1
5997 1
5997 1
5997 1
5997 1
5997 1
5997 1
5997 1
5997 1
5997 1
5997 1
5997 1
5997 1
5997 1
5997 1
5997 1
5997 1
5997 1
5997 1
5997 1
5997 1
5997 1
5997 1
5997 1
5997 1
5997 1
5997 1
5997 1
5997 1
5997 1
5997 1
5997 1
5997 1
5997 1
5997 1
5997 1
5997 1
5997 1
5997 1
5997 1
5997 1
5997 1
5997 1
5998 1
5998 1
5998 1
5998 1
5998 1
5998 1
5998 1
5998 1
5998 1
5998 1
5998 1
5998 1
5998 1
5998 1
5998 1
5998 1
5998 1
5998 1
5998 1
5998 1
5998 1
5998 1
5998 1
5998 1
5998 1
5998 1
5998 1
5998 1
5998 1
5998 1
5998 1
5998 1
5998 1
5998 1
5998 1
5998 1
5998 1
5998 1
5998 1
5998 1
5998 1
5998 1
5998 1
5998 1
5998 1
5905 1
5905 1
5905 1
5905 1
5905 1
5905 1
5905 1
5905 1
5905 1
5905 1
5905 1
5905 1
5905 1
5905 1
5905 1
5905 1
5905 1
5905 1
5905 1
5905 1
5905 1
5905 1
5905 1
5905 1
5905 1
5905 1
5905 1
5905 1
5905 1
5905 1
5905 1
5905 1
5905 1
5905 1
5905 1
5905 1
5905 1
5905 1
5905 1
5905 1
5905 1
5905 1
5905 1
5905 1
5905 1
5906 1
5906 1
5906 1
5906 1
5906 1
5906 1
5906 1
5906 1
5906 1
5906 1
5906 1
5906 1
5906 1
5906 1
5906 1
5906 1
5906 1
5906 1
5906 1
5906 1
5906 1
5906 1
5906 1
5906 1
5906 1
5906 1
5906 1
5906 1
5906 1
5906 1
5906 1
5906 1
5906 1
5906 1
5906 1
5906 1
5906 1
5906 1
5906 1
5906 1
5906 1
5906 1
5906 1
5906 1
5906 1
6095 1
6095 1
6095 1
6095 1
6095 1
6095 1
6095 1
6095 1
6095 1
6095 1
6095 1
6095 1
6095 1
6095 1
6095 1
6095 1
6095 1
6095 1
6095 1
6095 1
6095 1
6095 1
6095 1
6095 1
6095 1
6095 1
6095 1
6095 1
6095 1
6095 1
6095 1
6095 1
6095 1
6095 1
6095 1
6095 1
6095 1
6095 1
6095 1
6095 1
6095 1
6095 1
6095 1
6095 1
6095 1
6097 1
6097 1
6097 1
6097 1
6097 1
6097 1
6097 1
6097 1
6097 1
6097 1
6097 1
6097 1
6097 1
6097 1
6097 1
6097 1
6097 1
6097 1
6097 1
6097 1
6097 1
6097 1
6097 1
6097 1
6097 1
6097 1
6097 1
6097 1
6097 1
6097 1
6097 1
6097 1
6097 1
6097 1
6097 1
6097 1
6097 1
6097 1
6097 1
6097 1
6097 1
6097 1
6097 1
6097 1
6097 1
5912 1
5912 1
5912 1
5912 1
5912 1
5912 1
5912 1
5912 1
5912 1
5912 1
5912 1
5912 1
5912 1
5912 1
5912 1
5912 1
5912 1
5912 1
5912 1
5912 1
5912 1
5912 1
5912 1
5912 1
5912 1
5912 1
5912 1
5912 1
5912 1
5912 1
5912 1
5912 1
5912 1
5912 1
5912 1
5912 1
5912 1
5912 1
5912 1
5912 1
5912 1
5912 1
5912 1
5912 1
5912 1
5913 1
5913 1
5913 1
5913 1
5913 1
5913 1
5913 1
5913 1
5913 1
5913 1
5913 1
5913 1
5913 1
5913 1
5913 1
5913 1
5913 1
5913 1
5913 1
5913 1
5913 1
5913 1
5913 1
5913 1
5913 1
5913 1
5913 1
5913 1
5913 1
5913 1
5913 1
5913 1
5913 1
5913 1
5913 1
5913 1
5913 1
5913 1
5913 1
5913 1
5913 1
5913 1
5913 1
5913 1
5913 1
6098 1
6098 1
6098 1
6098 1
6098 1
6098 1
6098 1
6098 1
6098 1
6098 1
6098 1
6098 1
6098 1
6098 1
6098 1
6098 1
6098 1
6098 1
6098 1
6098 1
6098 1
6098 1
6098 1
6098 1
6098 1
6098 1
6098 1
6098 1
6098 1
6098 1
6098 1
6098 1
6098 1
6098 1
6098 1
6098 1
6098 1
6098 1
6098 1
6098 1
6098 1
6098 1
6098 1
6098 1
6098 1
5914 1
5914 1
5914 1
5914 1
5914 1
5914 1
5914 1
5914 1
5914 1
5914 1
5914 1
5914 1
5914 1
5914 1
5914 1
5914 1
5914 1
5914 1
5914 1
5914 1
5914 1
5914 1
5914 1
5914 1
5914 1
5914 1
5914 1
5914 1
5914 1
5914 1
5914 1
5914 1
5914 1
5914 1
5914 1
5914 1
5914 1
5914 1
5914 1
5914 1
5914 1
5914 1
5914 1
5914 1
5914 1
6099 1
6099 1
6099 1
6099 1
6099 1
6099 1
6099 1
6099 1
6099 1
6099 1
6099 1
6099 1
6099 1
6099 1
6099 1
6099 1
6099 1
6099 1
6099 1
6099 1
6099 1
6099 1
6099 1
6099 1
6099 1
6099 1
6099 1
6099 1
6099 1
6099 1
6099 1
6099 1
6099 1
6099 1
6099 1
6099 1
6099 1
6099 1
6099 1
6099 1
6099 1
6099 1
6099 1
6099 1
6099 1
6100 1
6100 1
6100 1
6100 1
6100 1
6100 1
6100 1
6100 1
6100 1
6100 1
6100 1
6100 1
6100 1
6100 1
6100 1
6100 1
6100 1
6100 1
6100 1
6100 1
6100 1
6100 1
6100 1
6100 1
6100 1
6100 1
6100 1
6100 1
6100 1
6100 1
6100 1
6100 1
6100 1
6100 1
6100 1
6100 1
6100 1
6100 1
6100 1
6100 1
6100 1
6100 1
6100 1
6100 1
6100 1
6192 1
6192 1
6192 1
6192 1
6192 1
6192 1
6192 1
6192 1
6192 1
6192 1
6192 1
6192 1
6192 1
6192 1
6192 1
6192 1
6192 1
6192 1
6192 1
6192 1
6192 1
6192 1
6192 1
6192 1
6192 1
6192 1
6192 1
6192 1
6192 1
6192 1
6192 1
6192 1
6192 1
6192 1
6192 1
6192 1
6192 1
6192 1
6192 1
6192 1
6192 1
6192 1
6192 1
6192 1
6192 1
6194 1
6194 1
6194 1
6194 1
6194 1
6194 1
6194 1
6194 1
6194 1
6194 1
6194 1
6194 1
6194 1
6194 1
6194 1
6194 1
6194 1
6194 1
6194 1
6194 1
6194 1
6194 1
6194 1
6194 1
6194 1
6194 1
6194 1
6194 1
6194 1
6194 1
6194 1
6194 1
6194 1
6194 1
6194 1
6194 1
6194 1
6194 1
6194 1
6194 1
6194 1
6194 1
6194 1
6194 1
6194 1
6195 1
6195 1
6195 1
6195 1
6195 1
6195 1
6195 1
6195 1
6195 1
6195 1
6195 1
6195 1
6195 1
6195 1
6195 1
6195 1
6195 1
6195 1
6195 1
6195 1
6195 1
6195 1
6195 1
6195 1
6195 1
6195 1
6195 1
6195 1
6195 1
6195 1
6195 1
6195 1
6195 1
6195 1
6195 1
6195 1
6195 1
6195 1
6195 1
6195 1
6195 1
6195 1
6195 1
6195 1
6195 1
6109 1
6109 1
6109 1
6109 1
6109 1
6109 1
6109 1
6109 1
6109 1
6109 1
6109 1
6109 1
6109 1
6109 1
6109 1
6109 1
6109 1
6109 1
6109 1
6109 1
6109 1
6109 1
6109 1
6109 1
6109 1
6109 1
6109 1
6109 1
6109 1
6109 1
6109 1
6109 1
6109 1
6109 1
6109 1
6109 1
6109 1
6109 1
6109 1
6109 1
6109 1
6109 1
6109 1
6109 1
6109 1
6112 1
6112 1
6112 1
6112 1
6112 1
6112 1
6112 1
6112 1
6112 1
6112 1
6112 1
6112 1
6112 1
6112 1
6112 1
6112 1
6112 1
6112 1
6112 1
6112 1
6112 1
6112 1
6112 1
6112 1
6112 1
6112 1
6112 1
6112 1
6112 1
6112 1
6112 1
6112 1
6112 1
6112 1
6112 1
6112 1
6112 1
6112 1
6112 1
6112 1
6112 1
6112 1
6112 1
6112 1
6112 1
6288 1
6288 1
6288 1
6288 1
6288 1
6288 1
6288 1
6288 1
6288 1
6288 1
6288 1
6288 1
6288 1
6288 1
6288 1
6288 1
6288 1
6288 1
6288 1
6288 1
6288 1
6288 1
6288 1
6288 1
6288 1
6288 1
6288 1
6288 1
6288 1
6288 1
6288 1
6288 1
6288 1
6288 1
6288 1
6288 1
6288 1
6288 1
6288 1
6288 1
6288 1
6288 1
6288 1
6288 1
6288 1
6132 1
6132 1
6132 1
6132 1
6132 1
6132 1
6132 1
6132 1
6132 1
6132 1
6132 1
6132 1
6132 1
6132 1
6132 1
6132 1
6132 1
6132 1
6132 1
6132 1
6132 1
6132 1
6132 1
6132 1
6132 1
6132 1
6132 1
6132 1
6132 1
6132 1
6132 1
6132 1
6132 1
6132 1
6132 1
6132 1
6132 1
6132 1
6132 1
6132 1
6132 1
6132 1
6132 1
6132 1
6132 1
6219 1
6219 1
6219 1
6219 1
6219 1
6219 1
6219 1
6219 1
6219 1
6219 1
6219 1
6219 1
6219 1
6219 1
6219 1
6219 1
6219 1
6219 1
6219 1
6219 1
6219 1
6219 1
6219 1
6219 1
6219 1
6219 1
6219 1
6219 1
6219 1
6219 1
6219 1
6219 1
6219 1
6219 1
6219 1
6219 1
6219 1
6219 1
6219 1
6219 1
6219 1
6219 1
6219 1
6219 1
6219 1
6300 1
6300 1
6300 1
6300 1
6300 1
6300 1
6300 1
6300 1
6300 1
6300 1
6300 1
6300 1
6300 1
6300 1
6300 1
6300 1
6300 1
6300 1
6300 1
6300 1
6300 1
6300 1
6300 1
6300 1
6300 1
6300 1
6300 1
6300 1
6300 1
6300 1
6300 1
6300 1
6300 1
6300 1
6300 1
6300 1
6300 1
6300 1
6300 1
6300 1
6300 1
6300 1
6300 1
6300 1
6300 1
6390 1
6390 1
6390 1
6390 1
6390 1
6390 1
6390 1
6390 1
6390 1
6390 1
6390 1
6390 1
6390 1
6390 1
6390 1
6390 1
6390 1
6390 1
6390 1
6390 1
6390 1
6390 1
6390 1
6390 1
6390 1
6390 1
6390 1
6390 1
6390 1
6390 1
6390 1
6390 1
6390 1
6390 1
6390 1
6390 1
6390 1
6390 1
6390 1
6390 1
6390 1
6390 1
6390 1
6390 1
6390 1
6315 1
6315 1
6315 1
6315 1
6315 1
6315 1
6315 1
6315 1
6315 1
6315 1
6315 1
6315 1
6315 1
6315 1
6315 1
6315 1
6315 1
6315 1
6315 1
6315 1
6315 1
6315 1
6315 1
6315 1
6315 1
6315 1
6315 1
6315 1
6315 1
6315 1
6315 1
6315 1
6315 1
6315 1
6315 1
6315 1
6315 1
6315 1
6315 1
6315 1
6315 1
6315 1
6315 1
6315 1
6315 1
10142 1
10142 1
10142 1
10142 1
10142 1
10142 1
10142 1
10142 1
10142 1
10142 1
10142 1
10142 1
10142 1
10142 1
10142 1
10142 1
10142 1
10142 1
10142 1
10142 1
10142 1
10142 1
10142 1
10142 1
10142 1
10142 1
10142 1
10142 1
10142 1
10142 1
10142 1
10142 1
10142 1
10142 1
10142 1
10142 1
10142 1
10142 1
10142 1
10142 1
10142 1
10142 1
10142 1
10142 1
10142 1
6411 1
6411 1
6411 1
6411 1
6411 1
6411 1
6411 1
6411 1
6411 1
6411 1
6411 1
6411 1
6411 1
6411 1
6411 1
6411 1
6411 1
6411 1
6411 1
6411 1
6411 1
6411 1
6411 1
6411 1
6411 1
6411 1
6411 1
6411 1
6411 1
6411 1
6411 1
6411 1
6411 1
6411 1
6411 1
6411 1
6411 1
6411 1
6411 1
6411 1
6411 1
6411 1
6411 1
6411 1
6411 1
6483 1
6483 1
6483 1
6483 1
6483 1
6483 1
6483 1
6483 1
6483 1
6483 1
6483 1
6483 1
6483 1
6483 1
6483 1
6483 1
6483 1
6483 1
6483 1
6483 1
6483 1
6483 1
6483 1
6483 1
6483 1
6483 1
6483 1
6483 1
6483 1
6483 1
6483 1
6483 1
6483 1
6483 1
6483 1
6483 1
6483 1
6483 1
6483 1
6483 1
6483 1
6483 1
6483 1
6483 1
6483 1
6559 1
6559 1
6559 1
6559 1
6559 1
6559 1
6559 1
6559 1
6559 1
6559 1
6559 1
6559 1
6559 1
6559 1
6559 1
6559 1
6559 1
6559 1
6559 1
6559 1
6559 1
6559 1
6559 1
6559 1
6559 1
6559 1
6559 1
6559 1
6559 1
6559 1
6559 1
6559 1
6559 1
6559 1
6559 1
6559 1
6559 1
6559 1
6559 1
6559 1
6559 1
6559 1
6559 1
6559 1
6559 1
6562 1
6562 1
6562 1
6562 1
6562 1
6562 1
6562 1
6562 1
6562 1
6562 1
6562 1
6562 1
6562 1
6562 1
6562 1
6562 1
6562 1
6562 1
6562 1
6562 1
6562 1
6562 1
6562 1
6562 1
6562 1
6562 1
6562 1
6562 1
6562 1
6562 1
6562 1
6562 1
6562 1
6562 1
6562 1
6562 1
6562 1
6562 1
6562 1
6562 1
6562 1
6562 1
6562 1
6562 1
6562 1
6494 1
6494 1
6494 1
6494 1
6494 1
6494 1
6494 1
6494 1
6494 1
6494 1
6494 1
6494 1
6494 1
6494 1
6494 1
6494 1
6494 1
6494 1
6494 1
6494 1
6494 1
6494 1
6494 1
6494 1
6494 1
6494 1
6494 1
6494 1
6494 1
6494 1
6494 1
6494 1
6494 1
6494 1
6494 1
6494 1
6494 1
6494 1
6494 1
6494 1
6494 1
6494 1
6494 1
6494 1
6494 1
6640 1
6640 1
6640 1
6640 1
6640 1
6640 1
6640 1
6640 1
6640 1
6640 1
6640 1
6640 1
6640 1
6640 1
6640 1
6640 1
6640 1
6640 1
6640 1
6640 1
6640 1
6640 1
6640 1
6640 1
6640 1
6640 1
6640 1
6640 1
6640 1
6640 1
6640 1
6640 1
6640 1
6640 1
6640 1
6640 1
6640 1
6640 1
6640 1
6640 1
6640 1
6640 1
6640 1
6640 1
6640 1
6712 1
6712 1
6712 1
6712 1
6712 1
6712 1
6712 1
6712 1
6712 1
6712 1
6712 1
6712 1
6712 1
6712 1
6712 1
6712 1
6712 1
6712 1
6712 1
6712 1
6712 1
6712 1
6712 1
6712 1
6712 1
6712 1
6712 1
6712 1
6712 1
6712 1
6712 1
6712 1
6712 1
6712 1
6712 1
6712 1
6712 1
6712 1
6712 1
6712 1
6712 1
6712 1
6712 1
6712 1
6712 1
6582 1
6582 1
6582 1
6582 1
6582 1
6582 1
6582 1
6582 1
6582 1
6582 1
6582 1
6582 1
6582 1
6582 1
6582 1
6582 1
6582 1
6582 1
6582 1
6582 1
6582 1
6582 1
6582 1
6582 1
6582 1
6582 1
6582 1
6582 1
6582 1
6582 1
6582 1
6582 1
6582 1
6582 1
6582 1
6582 1
6582 1
6582 1
6582 1
6582 1
6582 1
6582 1
6582 1
6582 1
6582 1
6715 1
6715 1
6715 1
6715 1
6715 1
6715 1
6715 1
6715 1
6715 1
6715 1
6715 1
6715 1
6715 1
6715 1
6715 1
6715 1
6715 1
6715 1
6715 1
6715 1
6715 1
6715 1
6715 1
6715 1
6715 1
6715 1
6715 1
6715 1
6715 1
6715 1
6715 1
6715 1
6715 1
6715 1
6715 1
6715 1
6715 1
6715 1
6715 1
6715 1
6715 1
6715 1
6715 1
6715 1
6715 1
6660 1
6660 1
6660 1
6660 1
6660 1
6660 1
6660 1
6660 1
6660 1
6660 1
6660 1
6660 1
6660 1
6660 1
6660 1
6660 1
6660 1
6660 1
6660 1
6660 1
6660 1
6660 1
6660 1
6660 1
6660 1
6660 1
6660 1
6660 1
6660 1
6660 1
6660 1
6660 1
6660 1
6660 1
6660 1
6660 1
6660 1
6660 1
6660 1
6660 1
6660 1
6660 1
6660 1
6660 1
6660 1
6788 1
6788 1
6788 1
6788 1
6788 1
6788 1
6788 1
6788 1
6788 1
6788 1
6788 1
6788 1
6788 1
6788 1
6788 1
6788 1
6788 1
6788 1
6788 1
6788 1
6788 1
6788 1
6788 1
6788 1
6788 1
6788 1
6788 1
6788 1
6788 1
6788 1
6788 1
6788 1
6788 1
6788 1
6788 1
6788 1
6788 1
6788 1
6788 1
6788 1
6788 1
6788 1
6788 1
6788 1
6788 1
6789 1
6789 1
6789 1
6789 1
6789 1
6789 1
6789 1
6789 1
6789 1
6789 1
6789 1
6789 1
6789 1
6789 1
6789 1
6789 1
6789 1
6789 1
6789 1
6789 1
6789 1
6789 1
6789 1
6789 1
6789 1
6789 1
6789 1
6789 1
6789 1
6789 1
6789 1
6789 1
6789 1
6789 1
6789 1
6789 1
6789 1
6789 1
6789 1
6789 1
6789 1
6789 1
6789 1
6789 1
6789 1
6790 1
6790 1
6790 1
6790 1
6790 1
6790 1
6790 1
6790 1
6790 1
6790 1
6790 1
6790 1
6790 1
6790 1
6790 1
6790 1
6790 1
6790 1
6790 1
6790 1
6790 1
6790 1
6790 1
6790 1
6790 1
6790 1
6790 1
6790 1
6790 1
6790 1
6790 1
6790 1
6790 1
6790 1
6790 1
6790 1
6790 1
6790 1
6790 1
6790 1
6790 1
6790 1
6790 1
6790 1
6790 1
6730 1
6730 1
6730 1
6730 1
6730 1
6730 1
6730 1
6730 1
6730 1
6730 1
6730 1
6730 1
6730 1
6730 1
6730 1
6730 1
6730 1
6730 1
6730 1
6730 1
6730 1
6730 1
6730 1
6730 1
6730 1
6730 1
6730 1
6730 1
6730 1
6730 1
6730 1
6730 1
6730 1
6730 1
6730 1
6730 1
6730 1
6730 1
6730 1
6730 1
6730 1
6730 1
6730 1
6730 1
6730 1
6736 1
6736 1
6736 1
6736 1
6736 1
6736 1
6736 1
6736 1
6736 1
6736 1
6736 1
6736 1
6736 1
6736 1
6736 1
6736 1
6736 1
6736 1
6736 1
6736 1
6736 1
6736 1
6736 1
6736 1
6736 1
6736 1
6736 1
6736 1
6736 1
6736 1
6736 1
6736 1
6736 1
6736 1
6736 1
6736 1
6736 1
6736 1
6736 1
6736 1
6736 1
6736 1
6736 1
6736 1
6736 1
6857 1
6857 1
6857 1
6857 1
6857 1
6857 1
6857 1
6857 1
6857 1
6857 1
6857 1
6857 1
6857 1
6857 1
6857 1
6857 1
6857 1
6857 1
6857 1
6857 1
6857 1
6857 1
6857 1
6857 1
6857 1
6857 1
6857 1
6857 1
6857 1
6857 1
6857 1
6857 1
6857 1
6857 1
6857 1
6857 1
6857 1
6857 1
6857 1
6857 1
6857 1
6857 1
6857 1
6857 1
6857 1
6744 1
6744 1
6744 1
6744 1
6744 1
6744 1
6744 1
6744 1
6744 1
6744 1
6744 1
6744 1
6744 1
6744 1
6744 1
6744 1
6744 1
6744 1
6744 1
6744 1
6744 1
6744 1
6744 1
6744 1
6744 1
6744 1
6744 1
6744 1
6744 1
6744 1
6744 1
6744 1
6744 1
6744 1
6744 1
6744 1
6744 1
6744 1
6744 1
6744 1
6744 1
6744 1
6744 1
6744 1
6744 1
6801 1
6801 1
6801 1
6801 1
6801 1
6801 1
6801 1
6801 1
6801 1
6801 1
6801 1
6801 1
6801 1
6801 1
6801 1
6801 1
6801 1
6801 1
6801 1
6801 1
6801 1
6801 1
6801 1
6801 1
6801 1
6801 1
6801 1
6801 1
6801 1
6801 1
6801 1
6801 1
6801 1
6801 1
6801 1
6801 1
6801 1
6801 1
6801 1
6801 1
6801 1
6801 1
6801 1
6801 1
6801 1
6862 1
6862 1
6862 1
6862 1
6862 1
6862 1
6862 1
6862 1
6862 1
6862 1
6862 1
6862 1
6862 1
6862 1
6862 1
6862 1
6862 1
6862 1
6862 1
6862 1
6862 1
6862 1
6862 1
6862 1
6862 1
6862 1
6862 1
6862 1
6862 1
6862 1
6862 1
6862 1
6862 1
6862 1
6862 1
6862 1
6862 1
6862 1
6862 1
6862 1
6862 1
6862 1
6862 1
6862 1
6862 1
6803 1
6803 1
6803 1
6803 1
6803 1
6803 1
6803 1
6803 1
6803 1
6803 1
6803 1
6803 1
6803 1
6803 1
6803 1
6803 1
6803 1
6803 1
6803 1
6803 1
6803 1
6803 1
6803 1
6803 1
6803 1
6803 1
6803 1
6803 1
6803 1
6803 1
6803 1
6803 1
6803 1
6803 1
6803 1
6803 1
6803 1
6803 1
6803 1
6803 1
6803 1
6803 1
6803 1
6803 1
6803 1
6865 1
6865 1
6865 1
6865 1
6865 1
6865 1
6865 1
6865 1
6865 1
6865 1
6865 1
6865 1
6865 1
6865 1
6865 1
6865 1
6865 1
6865 1
6865 1
6865 1
6865 1
6865 1
6865 1
6865 1
6865 1
6865 1
6865 1
6865 1
6865 1
6865 1
6865 1
6865 1
6865 1
6865 1
6865 1
6865 1
6865 1
6865 1
6865 1
6865 1
6865 1
6865 1
6865 1
6865 1
6865 1
6812 1
6812 1
6812 1
6812 1
6812 1
6812 1
6812 1
6812 1
6812 1
6812 1
6812 1
6812 1
6812 1
6812 1
6812 1
6812 1
6812 1
6812 1
6812 1
6812 1
6812 1
6812 1
6812 1
6812 1
6812 1
6812 1
6812 1
6812 1
6812 1
6812 1
6812 1
6812 1
6812 1
6812 1
6812 1
6812 1
6812 1
6812 1
6812 1
6812 1
6812 1
6812 1
6812 1
6812 1
6812 1
10168 1
10168 1
10168 1
10168 1
10168 1
10168 1
10168 1
10168 1
10168 1
10168 1
10168 1
10168 1
10168 1
10168 1
10168 1
10168 1
10168 1
10168 1
10168 1
10168 1
10168 1
10168 1
10168 1
10168 1
10168 1
10168 1
10168 1
10168 1
10168 1
10168 1
10168 1
10168 1
10168 1
10168 1
10168 1
10168 1
10168 1
10168 1
10168 1
10168 1
10168 1
10168 1
10168 1
10168 1
10168 1
6870 1
6870 1
6870 1
6870 1
6870 1
6870 1
6870 1
6870 1
6870 1
6870 1
6870 1
6870 1
6870 1
6870 1
6870 1
6870 1
6870 1
6870 1
6870 1
6870 1
6870 1
6870 1
6870 1
6870 1
6870 1
6870 1
6870 1
6870 1
6870 1
6870 1
6870 1
6870 1
6870 1
6870 1
6870 1
6870 1
6870 1
6870 1
6870 1
6870 1
6870 1
6870 1
6870 1
6870 1
6870 1
6871 1
6871 1
6871 1
6871 1
6871 1
6871 1
6871 1
6871 1
6871 1
6871 1
6871 1
6871 1
6871 1
6871 1
6871 1
6871 1
6871 1
6871 1
6871 1
6871 1
6871 1
6871 1
6871 1
6871 1
6871 1
6871 1
6871 1
6871 1
6871 1
6871 1
6871 1
6871 1
6871 1
6871 1
6871 1
6871 1
6871 1
6871 1
6871 1
6871 1
6871 1
6871 1
6871 1
6871 1
6871 1
6872 1
6872 1
6872 1
6872 1
6872 1
6872 1
6872 1
6872 1
6872 1
6872 1
6872 1
6872 1
6872 1
6872 1
6872 1
6872 1
6872 1
6872 1
6872 1
6872 1
6872 1
6872 1
6872 1
6872 1
6872 1
6872 1
6872 1
6872 1
6872 1
6872 1
6872 1
6872 1
6872 1
6872 1
6872 1
6872 1
6872 1
6872 1
6872 1
6872 1
6872 1
6872 1
6872 1
6872 1
6872 1
6932 1
6932 1
6932 1
6932 1
6932 1
6932 1
6932 1
6932 1
6932 1
6932 1
6932 1
6932 1
6932 1
6932 1
6932 1
6932 1
6932 1
6932 1
6932 1
6932 1
6932 1
6932 1
6932 1
6932 1
6932 1
6932 1
6932 1
6932 1
6932 1
6932 1
6932 1
6932 1
6932 1
6932 1
6932 1
6932 1
6932 1
6932 1
6932 1
6932 1
6932 1
6932 1
6932 1
6932 1
6932 1
6873 1
6873 1
6873 1
6873 1
6873 1
6873 1
6873 1
6873 1
6873 1
6873 1
6873 1
6873 1
6873 1
6873 1
6873 1
6873 1
6873 1
6873 1
6873 1
6873 1
6873 1
6873 1
6873 1
6873 1
6873 1
6873 1
6873 1
6873 1
6873 1
6873 1
6873 1
6873 1
6873 1
6873 1
6873 1
6873 1
6873 1
6873 1
6873 1
6873 1
6873 1
6873 1
6873 1
6873 1
6873 1
6874 1
6874 1
6874 1
6874 1
6874 1
6874 1
6874 1
6874 1
6874 1
6874 1
6874 1
6874 1
6874 1
6874 1
6874 1
6874 1
6874 1
6874 1
6874 1
6874 1
6874 1
6874 1
6874 1
6874 1
6874 1
6874 1
6874 1
6874 1
6874 1
6874 1
6874 1
6874 1
6874 1
6874 1
6874 1
6874 1
6874 1
6874 1
6874 1
6874 1
6874 1
6874 1
6874 1
6874 1
6874 1
6875 1
6875 1
6875 1
6875 1
6875 1
6875 1
6875 1
6875 1
6875 1
6875 1
6875 1
6875 1
6875 1
6875 1
6875 1
6875 1
6875 1
6875 1
6875 1
6875 1
6875 1
6875 1
6875 1
6875 1
6875 1
6875 1
6875 1
6875 1
6875 1
6875 1
6875 1
6875 1
6875 1
6875 1
6875 1
6875 1
6875 1
6875 1
6875 1
6875 1
6875 1
6875 1
6875 1
6875 1
6875 1
6934 1
6934 1
6934 1
6934 1
6934 1
6934 1
6934 1
6934 1
6934 1
6934 1
6934 1
6934 1
6934 1
6934 1
6934 1
6934 1
6934 1
6934 1
6934 1
6934 1
6934 1
6934 1
6934 1
6934 1
6934 1
6934 1
6934 1
6934 1
6934 1
6934 1
6934 1
6934 1
6934 1
6934 1
6934 1
6934 1
6934 1
6934 1
6934 1
6934 1
6934 1
6934 1
6934 1
6934 1
6934 1
6999 1
6999 1
6999 1
6999 1
6999 1
6999 1
6999 1
6999 1
6999 1
6999 1
6999 1
6999 1
6999 1
6999 1
6999 1
6999 1
6999 1
6999 1
6999 1
6999 1
6999 1
6999 1
6999 1
6999 1
6999 1
6999 1
6999 1
6999 1
6999 1
6999 1
6999 1
6999 1
6999 1
6999 1
6999 1
6999 1
6999 1
6999 1
6999 1
6999 1
6999 1
6999 1
6999 1
6999 1
6999 1
6942 1
6942 1
6942 1
6942 1
6942 1
6942 1
6942 1
6942 1
6942 1
6942 1
6942 1
6942 1
6942 1
6942 1
6942 1
6942 1
6942 1
6942 1
6942 1
6942 1
6942 1
6942 1
6942 1
6942 1
6942 1
6942 1
6942 1
6942 1
6942 1
6942 1
6942 1
6942 1
6942 1
6942 1
6942 1
6942 1
6942 1
6942 1
6942 1
6942 1
6942 1
6942 1
6942 1
6942 1
6942 1
7000 1
7000 1
7000 1
7000 1
7000 1
7000 1
7000 1
7000 1
7000 1
7000 1
7000 1
7000 1
7000 1
7000 1
7000 1
7000 1
7000 1
7000 1
7000 1
7000 1
7000 1
7000 1
7000 1
7000 1
7000 1
7000 1
7000 1
7000 1
7000 1
7000 1
7000 1
7000 1
7000 1
7000 1
7000 1
7000 1
7000 1
7000 1
7000 1
7000 1
7000 1
7000 1
7000 1
7000 1
7000 1
6943 1
6943 1
6943 1
6943 1
6943 1
6943 1
6943 1
6943 1
6943 1
6943 1
6943 1
6943 1
6943 1
6943 1
6943 1
6943 1
6943 1
6943 1
6943 1
6943 1
6943 1
6943 1
6943 1
6943 1
6943 1
6943 1
6943 1
6943 1
6943 1
6943 1
6943 1
6943 1
6943 1
6943 1
6943 1
6943 1
6943 1
6943 1
6943 1
6943 1
6943 1
6943 1
6943 1
6943 1
6943 1
6944 1
6944 1
6944 1
6944 1
6944 1
6944 1
6944 1
6944 1
6944 1
6944 1
6944 1
6944 1
6944 1
6944 1
6944 1
6944 1
6944 1
6944 1
6944 1
6944 1
6944 1
6944 1
6944 1
6944 1
6944 1
6944 1
6944 1
6944 1
6944 1
6944 1
6944 1
6944 1
6944 1
6944 1
6944 1
6944 1
6944 1
6944 1
6944 1
6944 1
6944 1
6944 1
6944 1
6944 1
6944 1
7001 1
7001 1
7001 1
7001 1
7001 1
7001 1
7001 1
7001 1
7001 1
7001 1
7001 1
7001 1
7001 1
7001 1
7001 1
7001 1
7001 1
7001 1
7001 1
7001 1
7001 1
7001 1
7001 1
7001 1
7001 1
7001 1
7001 1
7001 1
7001 1
7001 1
7001 1
7001 1
7001 1
7001 1
7001 1
7001 1
7001 1
7001 1
7001 1
7001 1
7001 1
7001 1
7001 1
7001 1
7001 1
7129 1
7129 1
7129 1
7129 1
7129 1
7129 1
7129 1
7129 1
7129 1
7129 1
7129 1
7129 1
7129 1
7129 1
7129 1
7129 1
7129 1
7129 1
7129 1
7129 1
7129 1
7129 1
7129 1
7129 1
7129 1
7129 1
7129 1
7129 1
7129 1
7129 1
7129 1
7129 1
7129 1
7129 1
7129 1
7129 1
7129 1
7129 1
7129 1
7129 1
7129 1
7129 1
7129 1
7129 1
7129 1
6946 1
6946 1
6946 1
6946 1
6946 1
6946 1
6946 1
6946 1
6946 1
6946 1
6946 1
6946 1
6946 1
6946 1
6946 1
6946 1
6946 1
6946 1
6946 1
6946 1
6946 1
6946 1
6946 1
6946 1
6946 1
6946 1
6946 1
6946 1
6946 1
6946 1
6946 1
6946 1
6946 1
6946 1
6946 1
6946 1
6946 1
6946 1
6946 1
6946 1
6946 1
6946 1
6946 1
6946 1
6946 1
7130 1
7130 1
7130 1
7130 1
7130 1
7130 1
7130 1
7130 1
7130 1
7130 1
7130 1
7130 1
7130 1
7130 1
7130 1
7130 1
7130 1
7130 1
7130 1
7130 1
7130 1
7130 1
7130 1
7130 1
7130 1
7130 1
7130 1
7130 1
7130 1
7130 1
7130 1
7130 1
7130 1
7130 1
7130 1
7130 1
7130 1
7130 1
7130 1
7130 1
7130 1
7130 1
7130 1
7130 1
7130 1
6957 1
6957 1
6957 1
6957 1
6957 1
6957 1
6957 1
6957 1
6957 1
6957 1
6957 1
6957 1
6957 1
6957 1
6957 1
6957 1
6957 1
6957 1
6957 1
6957 1
6957 1
6957 1
6957 1
6957 1
6957 1
6957 1
6957 1
6957 1
6957 1
6957 1
6957 1
6957 1
6957 1
6957 1
6957 1
6957 1
6957 1
6957 1
6957 1
6957 1
6957 1
6957 1
6957 1
6957 1
6957 1
6959 1
6959 1
6959 1
6959 1
6959 1
6959 1
6959 1
6959 1
6959 1
6959 1
6959 1
6959 1
6959 1
6959 1
6959 1
6959 1
6959 1
6959 1
6959 1
6959 1
6959 1
6959 1
6959 1
6959 1
6959 1
6959 1
6959 1
6959 1
6959 1
6959 1
6959 1
6959 1
6959 1
6959 1
6959 1
6959 1
6959 1
6959 1
6959 1
6959 1
6959 1
6959 1
6959 1
6959 1
6959 1
7010 1
7010 1
7010 1
7010 1
7010 1
7010 1
7010 1
7010 1
7010 1
7010 1
7010 1
7010 1
7010 1
7010 1
7010 1
7010 1
7010 1
7010 1
7010 1
7010 1
7010 1
7010 1
7010 1
7010 1
7010 1
7010 1
7010 1
7010 1
7010 1
7010 1
7010 1
7010 1
7010 1
7010 1
7010 1
7010 1
7010 1
7010 1
7010 1
7010 1
7010 1
7010 1
7010 1
7010 1
7010 1
7011 1
7011 1
7011 1
7011 1
7011 1
7011 1
7011 1
7011 1
7011 1
7011 1
7011 1
7011 1
7011 1
7011 1
7011 1
7011 1
7011 1
7011 1
7011 1
7011 1
7011 1
7011 1
7011 1
7011 1
7011 1
7011 1
7011 1
7011 1
7011 1
7011 1
7011 1
7011 1
7011 1
7011 1
7011 1
7011 1
7011 1
7011 1
7011 1
7011 1
7011 1
7011 1
7011 1
7011 1
7011 1
7073 1
7073 1
7073 1
7073 1
7073 1
7073 1
7073 1
7073 1
7073 1
7073 1
7073 1
7073 1
7073 1
7073 1
7073 1
7073 1
7073 1
7073 1
7073 1
7073 1
7073 1
7073 1
7073 1
7073 1
7073 1
7073 1
7073 1
7073 1
7073 1
7073 1
7073 1
7073 1
7073 1
7073 1
7073 1
7073 1
7073 1
7073 1
7073 1
7073 1
7073 1
7073 1
7073 1
7073 1
7073 1
7144 1
7144 1
7144 1
7144 1
7144 1
7144 1
7144 1
7144 1
7144 1
7144 1
7144 1
7144 1
7144 1
7144 1
7144 1
7144 1
7144 1
7144 1
7144 1
7144 1
7144 1
7144 1
7144 1
7144 1
7144 1
7144 1
7144 1
7144 1
7144 1
7144 1
7144 1
7144 1
7144 1
7144 1
7144 1
7144 1
7144 1
7144 1
7144 1
7144 1
7144 1
7144 1
7144 1
7144 1
7144 1
7145 1
7145 1
7145 1
7145 1
7145 1
7145 1
7145 1
7145 1
7145 1
7145 1
7145 1
7145 1
7145 1
7145 1
7145 1
7145 1
7145 1
7145 1
7145 1
7145 1
7145 1
7145 1
7145 1
7145 1
7145 1
7145 1
7145 1
7145 1
7145 1
7145 1
7145 1
7145 1
7145 1
7145 1
7145 1
7145 1
7145 1
7145 1
7145 1
7145 1
7145 1
7145 1
7145 1
7145 1
7145 1
7087 1
7087 1
7087 1
7087 1
7087 1
7087 1
7087 1
7087 1
7087 1
7087 1
7087 1
7087 1
7087 1
7087 1
7087 1
7087 1
7087 1
7087 1
7087 1
7087 1
7087 1
7087 1
7087 1
7087 1
7087 1
7087 1
7087 1
7087 1
7087 1
7087 1
7087 1
7087 1
7087 1
7087 1
7087 1
7087 1
7087 1
7087 1
7087 1
7087 1
7087 1
7087 1
7087 1
7087 1
7087 1
7098 1
7098 1
7098 1
7098 1
7098 1
7098 1
7098 1
7098 1
7098 1
7098 1
7098 1
7098 1
7098 1
7098 1
7098 1
7098 1
7098 1
7098 1
7098 1
7098 1
7098 1
7098 1
7098 1
7098 1
7098 1
7098 1
7098 1
7098 1
7098 1
7098 1
7098 1
7098 1
7098 1
7098 1
7098 1
7098 1
7098 1
7098 1
7098 1
7098 1
7098 1
7098 1
7098 1
7098 1
7098 1
7158 1
7158 1
7158 1
7158 1
7158 1
7158 1
7158 1
7158 1
7158 1
7158 1
7158 1
7158 1
7158 1
7158 1
7158 1
7158 1
7158 1
7158 1
7158 1
7158 1
7158 1
7158 1
7158 1
7158 1
7158 1
7158 1
7158 1
7158 1
7158 1
7158 1
7158 1
7158 1
7158 1
7158 1
7158 1
7158 1
7158 1
7158 1
7158 1
7158 1
7158 1
7158 1
7158 1
7158 1
7158 1
7165 1
7165 1
7165 1
7165 1
7165 1
7165 1
7165 1
7165 1
7165 1
7165 1
7165 1
7165 1
7165 1
7165 1
7165 1
7165 1
7165 1
7165 1
7165 1
7165 1
7165 1
7165 1
7165 1
7165 1
7165 1
7165 1
7165 1
7165 1
7165 1
7165 1
7165 1
7165 1
7165 1
7165 1
7165 1
7165 1
7165 1
7165 1
7165 1
7165 1
7165 1
7165 1
7165 1
7165 1
7165 1
7281 1
7281 1
7281 1
7281 1
7281 1
7281 1
7281 1
7281 1
7281 1
7281 1
7281 1
7281 1
7281 1
7281 1
7281 1
7281 1
7281 1
7281 1
7281 1
7281 1
7281 1
7281 1
7281 1
7281 1
7281 1
7281 1
7281 1
7281 1
7281 1
7281 1
7281 1
7281 1
7281 1
7281 1
7281 1
7281 1
7281 1
7281 1
7281 1
7281 1
7281 1
7281 1
7281 1
7281 1
7281 1
7283 1
7283 1
7283 1
7283 1
7283 1
7283 1
7283 1
7283 1
7283 1
7283 1
7283 1
7283 1
7283 1
7283 1
7283 1
7283 1
7283 1
7283 1
7283 1
7283 1
7283 1
7283 1
7283 1
7283 1
7283 1
7283 1
7283 1
7283 1
7283 1
7283 1
7283 1
7283 1
7283 1
7283 1
7283 1
7283 1
7283 1
7283 1
7283 1
7283 1
7283 1
7283 1
7283 1
7283 1
7283 1
7284 1
7284 1
7284 1
7284 1
7284 1
7284 1
7284 1
7284 1
7284 1
7284 1
7284 1
7284 1
7284 1
7284 1
7284 1
7284 1
7284 1
7284 1
7284 1
7284 1
7284 1
7284 1
7284 1
7284 1
7284 1
7284 1
7284 1
7284 1
7284 1
7284 1
7284 1
7284 1
7284 1
7284 1
7284 1
7284 1
7284 1
7284 1
7284 1
7284 1
7284 1
7284 1
7284 1
7284 1
7284 1
7285 1
7285 1
7285 1
7285 1
7285 1
7285 1
7285 1
7285 1
7285 1
7285 1
7285 1
7285 1
7285 1
7285 1
7285 1
7285 1
7285 1
7285 1
7285 1
7285 1
7285 1
7285 1
7285 1
7285 1
7285 1
7285 1
7285 1
7285 1
7285 1
7285 1
7285 1
7285 1
7285 1
7285 1
7285 1
7285 1
7285 1
7285 1
7285 1
7285 1
7285 1
7285 1
7285 1
7285 1
7285 1
7470 1
7470 1
7470 1
7470 1
7470 1
7470 1
7470 1
7470 1
7470 1
7470 1
7470 1
7470 1
7470 1
7470 1
7470 1
7470 1
7470 1
7470 1
7470 1
7470 1
7470 1
7470 1
7470 1
7470 1
7470 1
7470 1
7470 1
7470 1
7470 1
7470 1
7470 1
7470 1
7470 1
7470 1
7470 1
7470 1
7470 1
7470 1
7470 1
7470 1
7470 1
7470 1
7470 1
7470 1
7470 1
7487 1
7487 1
7487 1
7487 1
7487 1
7487 1
7487 1
7487 1
7487 1
7487 1
7487 1
7487 1
7487 1
7487 1
7487 1
7487 1
7487 1
7487 1
7487 1
7487 1
7487 1
7487 1
7487 1
7487 1
7487 1
7487 1
7487 1
7487 1
7487 1
7487 1
7487 1
7487 1
7487 1
7487 1
7487 1
7487 1
7487 1
7487 1
7487 1
7487 1
7487 1
7487 1
7487 1
7487 1
7487 1
7490 1
7490 1
7490 1
7490 1
7490 1
7490 1
7490 1
7490 1
7490 1
7490 1
7490 1
7490 1
7490 1
7490 1
7490 1
7490 1
7490 1
7490 1
7490 1
7490 1
7490 1
7490 1
7490 1
7490 1
7490 1
7490 1
7490 1
7490 1
7490 1
7490 1
7490 1
7490 1
7490 1
7490 1
7490 1
7490 1
7490 1
7490 1
7490 1
7490 1
7490 1
7490 1
7490 1
7490 1
7490 1
7545 1
7545 1
7545 1
7545 1
7545 1
7545 1
7545 1
7545 1
7545 1
7545 1
7545 1
7545 1
7545 1
7545 1
7545 1
7545 1
7545 1
7545 1
7545 1
7545 1
7545 1
7545 1
7545 1
7545 1
7545 1
7545 1
7545 1
7545 1
7545 1
7545 1
7545 1
7545 1
7545 1
7545 1
7545 1
7545 1
7545 1
7545 1
7545 1
7545 1
7545 1
7545 1
7545 1
7545 1
7545 1
7739 1
7739 1
7739 1
7739 1
7739 1
7739 1
7739 1
7739 1
7739 1
7739 1
7739 1
7739 1
7739 1
7739 1
7739 1
7739 1
7739 1
7739 1
7739 1
7739 1
7739 1
7739 1
7739 1
7739 1
7739 1
7739 1
7739 1
7739 1
7739 1
7739 1
7739 1
7739 1
7739 1
7739 1
7739 1
7739 1
7739 1
7739 1
7739 1
7739 1
7739 1
7739 1
7739 1
7739 1
7739 1
7646 1
7646 1
7646 1
7646 1
7646 1
7646 1
7646 1
7646 1
7646 1
7646 1
7646 1
7646 1
7646 1
7646 1
7646 1
7646 1
7646 1
7646 1
7646 1
7646 1
7646 1
7646 1
7646 1
7646 1
7646 1
7646 1
7646 1
7646 1
7646 1
7646 1
7646 1
7646 1
7646 1
7646 1
7646 1
7646 1
7646 1
7646 1
7646 1
7646 1
7646 1
7646 1
7646 1
7646 1
7646 1
7698 1
7698 1
7698 1
7698 1
7698 1
7698 1
7698 1
7698 1
7698 1
7698 1
7698 1
7698 1
7698 1
7698 1
7698 1
7698 1
7698 1
7698 1
7698 1
7698 1
7698 1
7698 1
7698 1
7698 1
7698 1
7698 1
7698 1
7698 1
7698 1
7698 1
7698 1
7698 1
7698 1
7698 1
7698 1
7698 1
7698 1
7698 1
7698 1
7698 1
7698 1
7698 1
7698 1
7698 1
7698 1
7701 1
7701 1
7701 1
7701 1
7701 1
7701 1
7701 1
7701 1
7701 1
7701 1
7701 1
7701 1
7701 1
7701 1
7701 1
7701 1
7701 1
7701 1
7701 1
7701 1
7701 1
7701 1
7701 1
7701 1
7701 1
7701 1
7701 1
7701 1
7701 1
7701 1
7701 1
7701 1
7701 1
7701 1
7701 1
7701 1
7701 1
7701 1
7701 1
7701 1
7701 1
7701 1
7701 1
7701 1
7701 1
7854 1
7854 1
7854 1
7854 1
7854 1
7854 1
7854 1
7854 1
7854 1
7854 1
7854 1
7854 1
7854 1
7854 1
7854 1
7854 1
7854 1
7854 1
7854 1
7854 1
7854 1
7854 1
7854 1
7854 1
7854 1
7854 1
7854 1
7854 1
7854 1
7854 1
7854 1
7854 1
7854 1
7854 1
7854 1
7854 1
7854 1
7854 1
7854 1
7854 1
7854 1
7854 1
7854 1
7854 1
7854 1
7755 1
7755 1
7755 1
7755 1
7755 1
7755 1
7755 1
7755 1
7755 1
7755 1
7755 1
7755 1
7755 1
7755 1
7755 1
7755 1
7755 1
7755 1
7755 1
7755 1
7755 1
7755 1
7755 1
7755 1
7755 1
7755 1
7755 1
7755 1
7755 1
7755 1
7755 1
7755 1
7755 1
7755 1
7755 1
7755 1
7755 1
7755 1
7755 1
7755 1
7755 1
7755 1
7755 1
7755 1
7755 1
7711 1
7711 1
7711 1
7711 1
7711 1
7711 1
7711 1
7711 1
7711 1
7711 1
7711 1
7711 1
7711 1
7711 1
7711 1
7711 1
7711 1
7711 1
7711 1
7711 1
7711 1
7711 1
7711 1
7711 1
7711 1
7711 1
7711 1
7711 1
7711 1
7711 1
7711 1
7711 1
7711 1
7711 1
7711 1
7711 1
7711 1
7711 1
7711 1
7711 1
7711 1
7711 1
7711 1
7711 1
7711 1
7763 1
7763 1
7763 1
7763 1
7763 1
7763 1
7763 1
7763 1
7763 1
7763 1
7763 1
7763 1
7763 1
7763 1
7763 1
7763 1
7763 1
7763 1
7763 1
7763 1
7763 1
7763 1
7763 1
7763 1
7763 1
7763 1
7763 1
7763 1
7763 1
7763 1
7763 1
7763 1
7763 1
7763 1
7763 1
7763 1
7763 1
7763 1
7763 1
7763 1
7763 1
7763 1
7763 1
7763 1
7763 1
7910 1
7910 1
7910 1
7910 1
7910 1
7910 1
7910 1
7910 1
7910 1
7910 1
7910 1
7910 1
7910 1
7910 1
7910 1
7910 1
7910 1
7910 1
7910 1
7910 1
7910 1
7910 1
7910 1
7910 1
7910 1
7910 1
7910 1
7910 1
7910 1
7910 1
7910 1
7910 1
7910 1
7910 1
7910 1
7910 1
7910 1
7910 1
7910 1
7910 1
7910 1
7910 1
7910 1
7910 1
7910 1
7766 1
7766 1
7766 1
7766 1
7766 1
7766 1
7766 1
7766 1
7766 1
7766 1
7766 1
7766 1
7766 1
7766 1
7766 1
7766 1
7766 1
7766 1
7766 1
7766 1
7766 1
7766 1
7766 1
7766 1
7766 1
7766 1
7766 1
7766 1
7766 1
7766 1
7766 1
7766 1
7766 1
7766 1
7766 1
7766 1
7766 1
7766 1
7766 1
7766 1
7766 1
7766 1
7766 1
7766 1
7766 1
7767 1
7767 1
7767 1
7767 1
7767 1
7767 1
7767 1
7767 1
7767 1
7767 1
7767 1
7767 1
7767 1
7767 1
7767 1
7767 1
7767 1
7767 1
7767 1
7767 1
7767 1
7767 1
7767 1
7767 1
7767 1
7767 1
7767 1
7767 1
7767 1
7767 1
7767 1
7767 1
7767 1
7767 1
7767 1
7767 1
7767 1
7767 1
7767 1
7767 1
7767 1
7767 1
7767 1
7767 1
7767 1
7911 1
7911 1
7911 1
7911 1
7911 1
7911 1
7911 1
7911 1
7911 1
7911 1
7911 1
7911 1
7911 1
7911 1
7911 1
7911 1
7911 1
7911 1
7911 1
7911 1
7911 1
7911 1
7911 1
7911 1
7911 1
7911 1
7911 1
7911 1
7911 1
7911 1
7911 1
7911 1
7911 1
7911 1
7911 1
7911 1
7911 1
7911 1
7911 1
7911 1
7911 1
7911 1
7911 1
7911 1
7911 1
7771 1
7771 1
7771 1
7771 1
7771 1
7771 1
7771 1
7771 1
7771 1
7771 1
7771 1
7771 1
7771 1
7771 1
7771 1
7771 1
7771 1
7771 1
7771 1
7771 1
7771 1
7771 1
7771 1
7771 1
7771 1
7771 1
7771 1
7771 1
7771 1
7771 1
7771 1
7771 1
7771 1
7771 1
7771 1
7771 1
7771 1
7771 1
7771 1
7771 1
7771 1
7771 1
7771 1
7771 1
7771 1
7823 1
7823 1
7823 1
7823 1
7823 1
7823 1
7823 1
7823 1
7823 1
7823 1
7823 1
7823 1
7823 1
7823 1
7823 1
7823 1
7823 1
7823 1
7823 1
7823 1
7823 1
7823 1
7823 1
7823 1
7823 1
7823 1
7823 1
7823 1
7823 1
7823 1
7823 1
7823 1
7823 1
7823 1
7823 1
7823 1
7823 1
7823 1
7823 1
7823 1
7823 1
7823 1
7823 1
7823 1
7823 1
7967 1
7967 1
7967 1
7967 1
7967 1
7967 1
7967 1
7967 1
7967 1
7967 1
7967 1
7967 1
7967 1
7967 1
7967 1
7967 1
7967 1
7967 1
7967 1
7967 1
7967 1
7967 1
7967 1
7967 1
7967 1
7967 1
7967 1
7967 1
7967 1
7967 1
7967 1
7967 1
7967 1
7967 1
7967 1
7967 1
7967 1
7967 1
7967 1
7967 1
7967 1
7967 1
7967 1
7967 1
7967 1
7882 1
7882 1
7882 1
7882 1
7882 1
7882 1
7882 1
7882 1
7882 1
7882 1
7882 1
7882 1
7882 1
7882 1
7882 1
7882 1
7882 1
7882 1
7882 1
7882 1
7882 1
7882 1
7882 1
7882 1
7882 1
7882 1
7882 1
7882 1
7882 1
7882 1
7882 1
7882 1
7882 1
7882 1
7882 1
7882 1
7882 1
7882 1
7882 1
7882 1
7882 1
7882 1
7882 1
7882 1
7882 1
7928 1
7928 1
7928 1
7928 1
7928 1
7928 1
7928 1
7928 1
7928 1
7928 1
7928 1
7928 1
7928 1
7928 1
7928 1
7928 1
7928 1
7928 1
7928 1
7928 1
7928 1
7928 1
7928 1
7928 1
7928 1
7928 1
7928 1
7928 1
7928 1
7928 1
7928 1
7928 1
7928 1
7928 1
7928 1
7928 1
7928 1
7928 1
7928 1
7928 1
7928 1
7928 1
7928 1
7928 1
7928 1
7886 1
7886 1
7886 1
7886 1
7886 1
7886 1
7886 1
7886 1
7886 1
7886 1
7886 1
7886 1
7886 1
7886 1
7886 1
7886 1
7886 1
7886 1
7886 1
7886 1
7886 1
7886 1
7886 1
7886 1
7886 1
7886 1
7886 1
7886 1
7886 1
7886 1
7886 1
7886 1
7886 1
7886 1
7886 1
7886 1
7886 1
7886 1
7886 1
7886 1
7886 1
7886 1
7886 1
7886 1
7886 1
8032 1
8032 1
8032 1
8032 1
8032 1
8032 1
8032 1
8032 1
8032 1
8032 1
8032 1
8032 1
8032 1
8032 1
8032 1
8032 1
8032 1
8032 1
8032 1
8032 1
8032 1
8032 1
8032 1
8032 1
8032 1
8032 1
8032 1
8032 1
8032 1
8032 1
8032 1
8032 1
8032 1
8032 1
8032 1
8032 1
8032 1
8032 1
8032 1
8032 1
8032 1
8032 1
8032 1
8032 1
8032 1
7989 1
7989 1
7989 1
7989 1
7989 1
7989 1
7989 1
7989 1
7989 1
7989 1
7989 1
7989 1
7989 1
7989 1
7989 1
7989 1
7989 1
7989 1
7989 1
7989 1
7989 1
7989 1
7989 1
7989 1
7989 1
7989 1
7989 1
7989 1
7989 1
7989 1
7989 1
7989 1
7989 1
7989 1
7989 1
7989 1
7989 1
7989 1
7989 1
7989 1
7989 1
7989 1
7989 1
7989 1
7989 1
7992 1
7992 1
7992 1
7992 1
7992 1
7992 1
7992 1
7992 1
7992 1
7992 1
7992 1
7992 1
7992 1
7992 1
7992 1
7992 1
7992 1
7992 1
7992 1
7992 1
7992 1
7992 1
7992 1
7992 1
7992 1
7992 1
7992 1
7992 1
7992 1
7992 1
7992 1
7992 1
7992 1
7992 1
7992 1
7992 1
7992 1
7992 1
7992 1
7992 1
7992 1
7992 1
7992 1
7992 1
7992 1
7995 1
7995 1
7995 1
7995 1
7995 1
7995 1
7995 1
7995 1
7995 1
7995 1
7995 1
7995 1
7995 1
7995 1
7995 1
7995 1
7995 1
7995 1
7995 1
7995 1
7995 1
7995 1
7995 1
7995 1
7995 1
7995 1
7995 1
7995 1
7995 1
7995 1
7995 1
7995 1
7995 1
7995 1
7995 1
7995 1
7995 1
7995 1
7995 1
7995 1
7995 1
7995 1
7995 1
7995 1
7995 1
8137 1
8137 1
8137 1
8137 1
8137 1
8137 1
8137 1
8137 1
8137 1
8137 1
8137 1
8137 1
8137 1
8137 1
8137 1
8137 1
8137 1
8137 1
8137 1
8137 1
8137 1
8137 1
8137 1
8137 1
8137 1
8137 1
8137 1
8137 1
8137 1
8137 1
8137 1
8137 1
8137 1
8137 1
8137 1
8137 1
8137 1
8137 1
8137 1
8137 1
8137 1
8137 1
8137 1
8137 1
8137 1
8091 1
8091 1
8091 1
8091 1
8091 1
8091 1
8091 1
8091 1
8091 1
8091 1
8091 1
8091 1
8091 1
8091 1
8091 1
8091 1
8091 1
8091 1
8091 1
8091 1
8091 1
8091 1
8091 1
8091 1
8091 1
8091 1
8091 1
8091 1
8091 1
8091 1
8091 1
8091 1
8091 1
8091 1
8091 1
8091 1
8091 1
8091 1
8091 1
8091 1
8091 1
8091 1
8091 1
8091 1
8091 1
8049 1
8049 1
8049 1
8049 1
8049 1
8049 1
8049 1
8049 1
8049 1
8049 1
8049 1
8049 1
8049 1
8049 1
8049 1
8049 1
8049 1
8049 1
8049 1
8049 1
8049 1
8049 1
8049 1
8049 1
8049 1
8049 1
8049 1
8049 1
8049 1
8049 1
8049 1
8049 1
8049 1
8049 1
8049 1
8049 1
8049 1
8049 1
8049 1
8049 1
8049 1
8049 1
8049 1
8049 1
8049 1
8189 1
8189 1
8189 1
8189 1
8189 1
8189 1
8189 1
8189 1
8189 1
8189 1
8189 1
8189 1
8189 1
8189 1
8189 1
8189 1
8189 1
8189 1
8189 1
8189 1
8189 1
8189 1
8189 1
8189 1
8189 1
8189 1
8189 1
8189 1
8189 1
8189 1
8189 1
8189 1
8189 1
8189 1
8189 1
8189 1
8189 1
8189 1
8189 1
8189 1
8189 1
8189 1
8189 1
8189 1
8189 1
8052 1
8052 1
8052 1
8052 1
8052 1
8052 1
8052 1
8052 1
8052 1
8052 1
8052 1
8052 1
8052 1
8052 1
8052 1
8052 1
8052 1
8052 1
8052 1
8052 1
8052 1
8052 1
8052 1
8052 1
8052 1
8052 1
8052 1
8052 1
8052 1
8052 1
8052 1
8052 1
8052 1
8052 1
8052 1
8052 1
8052 1
8052 1
8052 1
8052 1
8052 1
8052 1
8052 1
8052 1
8052 1
8191 1
8191 1
8191 1
8191 1
8191 1
8191 1
8191 1
8191 1
8191 1
8191 1
8191 1
8191 1
8191 1
8191 1
8191 1
8191 1
8191 1
8191 1
8191 1
8191 1
8191 1
8191 1
8191 1
8191 1
8191 1
8191 1
8191 1
8191 1
8191 1
8191 1
8191 1
8191 1
8191 1
8191 1
8191 1
8191 1
8191 1
8191 1
8191 1
8191 1
8191 1
8191 1
8191 1
8191 1
8191 1
8192 1
8192 1
8192 1
8192 1
8192 1
8192 1
8192 1
8192 1
8192 1
8192 1
8192 1
8192 1
8192 1
8192 1
8192 1
8192 1
8192 1
8192 1
8192 1
8192 1
8192 1
8192 1
8192 1
8192 1
8192 1
8192 1
8192 1
8192 1
8192 1
8192 1
8192 1
8192 1
8192 1
8192 1
8192 1
8192 1
8192 1
8192 1
8192 1
8192 1
8192 1
8192 1
8192 1
8192 1
8192 1
8099 1
8099 1
8099 1
8099 1
8099 1
8099 1
8099 1
8099 1
8099 1
8099 1
8099 1
8099 1
8099 1
8099 1
8099 1
8099 1
8099 1
8099 1
8099 1
8099 1
8099 1
8099 1
8099 1
8099 1
8099 1
8099 1
8099 1
8099 1
8099 1
8099 1
8099 1
8099 1
8099 1
8099 1
8099 1
8099 1
8099 1
8099 1
8099 1
8099 1
8099 1
8099 1
8099 1
8099 1
8099 1
8105 1
8105 1
8105 1
8105 1
8105 1
8105 1
8105 1
8105 1
8105 1
8105 1
8105 1
8105 1
8105 1
8105 1
8105 1
8105 1
8105 1
8105 1
8105 1
8105 1
8105 1
8105 1
8105 1
8105 1
8105 1
8105 1
8105 1
8105 1
8105 1
8105 1
8105 1
8105 1
8105 1
8105 1
8105 1
8105 1
8105 1
8105 1
8105 1
8105 1
8105 1
8105 1
8105 1
8105 1
8105 1
8243 1
8243 1
8243 1
8243 1
8243 1
8243 1
8243 1
8243 1
8243 1
8243 1
8243 1
8243 1
8243 1
8243 1
8243 1
8243 1
8243 1
8243 1
8243 1
8243 1
8243 1
8243 1
8243 1
8243 1
8243 1
8243 1
8243 1
8243 1
8243 1
8243 1
8243 1
8243 1
8243 1
8243 1
8243 1
8243 1
8243 1
8243 1
8243 1
8243 1
8243 1
8243 1
8243 1
8243 1
8243 1
8247 1
8247 1
8247 1
8247 1
8247 1
8247 1
8247 1
8247 1
8247 1
8247 1
8247 1
8247 1
8247 1
8247 1
8247 1
8247 1
8247 1
8247 1
8247 1
8247 1
8247 1
8247 1
8247 1
8247 1
8247 1
8247 1
8247 1
8247 1
8247 1
8247 1
8247 1
8247 1
8247 1
8247 1
8247 1
8247 1
8247 1
8247 1
8247 1
8247 1
8247 1
8247 1
8247 1
8247 1
8247 1
8206 1
8206 1
8206 1
8206 1
8206 1
8206 1
8206 1
8206 1
8206 1
8206 1
8206 1
8206 1
8206 1
8206 1
8206 1
8206 1
8206 1
8206 1
8206 1
8206 1
8206 1
8206 1
8206 1
8206 1
8206 1
8206 1
8206 1
8206 1
8206 1
8206 1
8206 1
8206 1
8206 1
8206 1
8206 1
8206 1
8206 1
8206 1
8206 1
8206 1
8206 1
8206 1
8206 1
8206 1
8206 1
8301 1
8301 1
8301 1
8301 1
8301 1
8301 1
8301 1
8301 1
8301 1
8301 1
8301 1
8301 1
8301 1
8301 1
8301 1
8301 1
8301 1
8301 1
8301 1
8301 1
8301 1
8301 1
8301 1
8301 1
8301 1
8301 1
8301 1
8301 1
8301 1
8301 1
8301 1
8301 1
8301 1
8301 1
8301 1
8301 1
8301 1
8301 1
8301 1
8301 1
8301 1
8301 1
8301 1
8301 1
8301 1
8213 1
8213 1
8213 1
8213 1
8213 1
8213 1
8213 1
8213 1
8213 1
8213 1
8213 1
8213 1
8213 1
8213 1
8213 1
8213 1
8213 1
8213 1
8213 1
8213 1
8213 1
8213 1
8213 1
8213 1
8213 1
8213 1
8213 1
8213 1
8213 1
8213 1
8213 1
8213 1
8213 1
8213 1
8213 1
8213 1
8213 1
8213 1
8213 1
8213 1
8213 1
8213 1
8213 1
8213 1
8213 1
8306 1
8306 1
8306 1
8306 1
8306 1
8306 1
8306 1
8306 1
8306 1
8306 1
8306 1
8306 1
8306 1
8306 1
8306 1
8306 1
8306 1
8306 1
8306 1
8306 1
8306 1
8306 1
8306 1
8306 1
8306 1
8306 1
8306 1
8306 1
8306 1
8306 1
8306 1
8306 1
8306 1
8306 1
8306 1
8306 1
8306 1
8306 1
8306 1
8306 1
8306 1
8306 1
8306 1
8306 1
8306 1
8265 1
8265 1
8265 1
8265 1
8265 1
8265 1
8265 1
8265 1
8265 1
8265 1
8265 1
8265 1
8265 1
8265 1
8265 1
8265 1
8265 1
8265 1
8265 1
8265 1
8265 1
8265 1
8265 1
8265 1
8265 1
8265 1
8265 1
8265 1
8265 1
8265 1
8265 1
8265 1
8265 1
8265 1
8265 1
8265 1
8265 1
8265 1
8265 1
8265 1
8265 1
8265 1
8265 1
8265 1
8265 1
8353 1
8353 1
8353 1
8353 1
8353 1
8353 1
8353 1
8353 1
8353 1
8353 1
8353 1
8353 1
8353 1
8353 1
8353 1
8353 1
8353 1
8353 1
8353 1
8353 1
8353 1
8353 1
8353 1
8353 1
8353 1
8353 1
8353 1
8353 1
8353 1
8353 1
8353 1
8353 1
8353 1
8353 1
8353 1
8353 1
8353 1
8353 1
8353 1
8353 1
8353 1
8353 1
8353 1
8353 1
8353 1
8404 1
8404 1
8404 1
8404 1
8404 1
8404 1
8404 1
8404 1
8404 1
8404 1
8404 1
8404 1
8404 1
8404 1
8404 1
8404 1
8404 1
8404 1
8404 1
8404 1
8404 1
8404 1
8404 1
8404 1
8404 1
8404 1
8404 1
8404 1
8404 1
8404 1
8404 1
8404 1
8404 1
8404 1
8404 1
8404 1
8404 1
8404 1
8404 1
8404 1
8404 1
8404 1
8404 1
8404 1
8404 1
8409 1
8409 1
8409 1
8409 1
8409 1
8409 1
8409 1
8409 1
8409 1
8409 1
8409 1
8409 1
8409 1
8409 1
8409 1
8409 1
8409 1
8409 1
8409 1
8409 1
8409 1
8409 1
8409 1
8409 1
8409 1
8409 1
8409 1
8409 1
8409 1
8409 1
8409 1
8409 1
8409 1
8409 1
8409 1
8409 1
8409 1
8409 1
8409 1
8409 1
8409 1
8409 1
8409 1
8409 1
8409 1
8458 1
8458 1
8458 1
8458 1
8458 1
8458 1
8458 1
8458 1
8458 1
8458 1
8458 1
8458 1
8458 1
8458 1
8458 1
8458 1
8458 1
8458 1
8458 1
8458 1
8458 1
8458 1
8458 1
8458 1
8458 1
8458 1
8458 1
8458 1
8458 1
8458 1
8458 1
8458 1
8458 1
8458 1
8458 1
8458 1
8458 1
8458 1
8458 1
8458 1
8458 1
8458 1
8458 1
8458 1
8458 1
8459 1
8459 1
8459 1
8459 1
8459 1
8459 1
8459 1
8459 1
8459 1
8459 1
8459 1
8459 1
8459 1
8459 1
8459 1
8459 1
8459 1
8459 1
8459 1
8459 1
8459 1
8459 1
8459 1
8459 1
8459 1
8459 1
8459 1
8459 1
8459 1
8459 1
8459 1
8459 1
8459 1
8459 1
8459 1
8459 1
8459 1
8459 1
8459 1
8459 1
8459 1
8459 1
8459 1
8459 1
8459 1
