pt_graph cpue_kghour
3 0
3 52.4575418965593
3 52.4575418965593
3 52.4575418965593
3 52.4575418965593
3 0
3 4.31806184596379
3 4.31806184596379
3 17.6262098114515
3 17.6262098114515
3 17.6262098114515
3 0
3 1.20997765409178
3 6.34181050716048
3 6.34181050716048
3 6.34181050716048
3 0.73452343271322
3 0.319952407068434
3 0.831783600927938
3 2.36653655913599
3 0
3 1.38872753580014
3 0
3 0
3 13.2285772528462
3 13.2285772528462
3 0
3 13.9912208257612
3 13.9912208257612
3 13.9912208257612
3 2.82057729300058
3 0
3 0
3 964.358135011162
3 1.00962340647607
3 1.00962340647607
3 8.46827030493397
3 8.46827030493397
3 0.65693225042096
3 0.65693225042096
3 0.65693225042096
3 1.13483962413451
3 1.13483962413451
3 1.13483962413451
3 0.621681871783126
4 0
4 52.4575418965593
4 52.4575418965593
4 52.4575418965593
4 52.4575418965593
4 0
4 4.31806184596379
4 4.31806184596379
4 17.6262098114515
4 17.6262098114515
4 17.6262098114515
4 0
4 1.20997765409178
4 6.34181050716048
4 6.34181050716048
4 6.34181050716048
4 0.73452343271322
4 0.319952407068434
4 0.831783600927938
4 2.36653655913599
4 0
4 1.38872753580014
4 0
4 0
4 13.2285772528462
4 13.2285772528462
4 0
4 13.9912208257612
4 13.9912208257612
4 13.9912208257612
4 2.82057729300058
4 0
4 0
4 964.358135011162
4 1.00962340647607
4 1.00962340647607
4 8.46827030493397
4 8.46827030493397
4 0.65693225042096
4 0.65693225042096
4 0.65693225042096
4 1.13483962413451
4 1.13483962413451
4 1.13483962413451
4 0.621681871783126
6 0
6 52.4575418965593
6 52.4575418965593
6 52.4575418965593
6 52.4575418965593
6 0
6 4.31806184596379
6 4.31806184596379
6 17.6262098114515
6 17.6262098114515
6 17.6262098114515
6 0
6 1.20997765409178
6 6.34181050716048
6 6.34181050716048
6 6.34181050716048
6 0.73452343271322
6 0.319952407068434
6 0.831783600927938
6 2.36653655913599
6 0
6 1.38872753580014
6 0
6 0
6 13.2285772528462
6 13.2285772528462
6 0
6 13.9912208257612
6 13.9912208257612
6 13.9912208257612
6 2.82057729300058
6 0
6 0
6 964.358135011162
6 1.00962340647607
6 1.00962340647607
6 8.46827030493397
6 8.46827030493397
6 0.65693225042096
6 0.65693225042096
6 0.65693225042096
6 1.13483962413451
6 1.13483962413451
6 1.13483962413451
6 0.621681871783126
12 0
12 52.4575418965593
12 52.4575418965593
12 52.4575418965593
12 52.4575418965593
12 0
12 4.31806184596379
12 4.31806184596379
12 17.6262098114515
12 17.6262098114515
12 17.6262098114515
12 0
12 1.20997765409178
12 6.34181050716048
12 6.34181050716048
12 6.34181050716048
12 0.73452343271322
12 0.319952407068434
12 0.831783600927938
12 2.36653655913599
12 0
12 1.38872753580014
12 0
12 0
12 13.2285772528462
12 13.2285772528462
12 0
12 13.9912208257612
12 13.9912208257612
12 13.9912208257612
12 2.82057729300058
12 0
12 0
12 964.358135011162
12 1.00962340647607
12 1.00962340647607
12 8.46827030493397
12 8.46827030493397
12 0.65693225042096
12 0.65693225042096
12 0.65693225042096
12 1.13483962413451
12 1.13483962413451
12 1.13483962413451
12 0.621681871783126
15 0
15 52.4575418965593
15 52.4575418965593
15 52.4575418965593
15 52.4575418965593
15 0
15 4.31806184596379
15 4.31806184596379
15 17.6262098114515
15 17.6262098114515
15 17.6262098114515
15 0
15 1.20997765409178
15 6.34181050716048
15 6.34181050716048
15 6.34181050716048
15 0.73452343271322
15 0.319952407068434
15 0.831783600927938
15 2.36653655913599
15 0
15 1.38872753580014
15 0
15 0
15 13.2285772528462
15 13.2285772528462
15 0
15 13.9912208257612
15 13.9912208257612
15 13.9912208257612
15 2.82057729300058
15 0
15 0
15 964.358135011162
15 1.00962340647607
15 1.00962340647607
15 8.46827030493397
15 8.46827030493397
15 0.65693225042096
15 0.65693225042096
15 0.65693225042096
15 1.13483962413451
15 1.13483962413451
15 1.13483962413451
15 0.621681871783126
23 0
23 52.4575418965593
23 52.4575418965593
23 52.4575418965593
23 52.4575418965593
23 0
23 4.31806184596379
23 4.31806184596379
23 17.6262098114515
23 17.6262098114515
23 17.6262098114515
23 0
23 1.20997765409178
23 6.34181050716048
23 6.34181050716048
23 6.34181050716048
23 0.73452343271322
23 0.319952407068434
23 0.831783600927938
23 2.36653655913599
23 0
23 1.38872753580014
23 0
23 0
23 13.2285772528462
23 13.2285772528462
23 0
23 13.9912208257612
23 13.9912208257612
23 13.9912208257612
23 2.82057729300058
23 0
23 0
23 964.358135011162
23 1.00962340647607
23 1.00962340647607
23 8.46827030493397
23 8.46827030493397
23 0.65693225042096
23 0.65693225042096
23 0.65693225042096
23 1.13483962413451
23 1.13483962413451
23 1.13483962413451
23 0.621681871783126
39 0
39 52.4575418965593
39 52.4575418965593
39 52.4575418965593
39 52.4575418965593
39 0
39 4.31806184596379
39 4.31806184596379
39 17.6262098114515
39 17.6262098114515
39 17.6262098114515
39 0
39 1.20997765409178
39 6.34181050716048
39 6.34181050716048
39 6.34181050716048
39 0.73452343271322
39 0.319952407068434
39 0.831783600927938
39 2.36653655913599
39 0
39 1.38872753580014
39 0
39 0
39 13.2285772528462
39 13.2285772528462
39 0
39 13.9912208257612
39 13.9912208257612
39 13.9912208257612
39 2.82057729300058
39 0
39 0
39 964.358135011162
39 1.00962340647607
39 1.00962340647607
39 8.46827030493397
39 8.46827030493397
39 0.65693225042096
39 0.65693225042096
39 0.65693225042096
39 1.13483962413451
39 1.13483962413451
39 1.13483962413451
39 0.621681871783126
46 0
46 52.4575418965593
46 52.4575418965593
46 52.4575418965593
46 52.4575418965593
46 0
46 4.31806184596379
46 4.31806184596379
46 17.6262098114515
46 17.6262098114515
46 17.6262098114515
46 0
46 1.20997765409178
46 6.34181050716048
46 6.34181050716048
46 6.34181050716048
46 0.73452343271322
46 0.319952407068434
46 0.831783600927938
46 2.36653655913599
46 0
46 1.38872753580014
46 0
46 0
46 13.2285772528462
46 13.2285772528462
46 0
46 13.9912208257612
46 13.9912208257612
46 13.9912208257612
46 2.82057729300058
46 0
46 0
46 964.358135011162
46 1.00962340647607
46 1.00962340647607
46 8.46827030493397
46 8.46827030493397
46 0.65693225042096
46 0.65693225042096
46 0.65693225042096
46 1.13483962413451
46 1.13483962413451
46 1.13483962413451
46 0.621681871783126
54 0
54 52.4575418965593
54 52.4575418965593
54 52.4575418965593
54 52.4575418965593
54 0
54 4.31806184596379
54 4.31806184596379
54 17.6262098114515
54 17.6262098114515
54 17.6262098114515
54 0
54 1.20997765409178
54 6.34181050716048
54 6.34181050716048
54 6.34181050716048
54 0.73452343271322
54 0.319952407068434
54 0.831783600927938
54 2.36653655913599
54 0
54 1.38872753580014
54 0
54 0
54 13.2285772528462
54 13.2285772528462
54 0
54 13.9912208257612
54 13.9912208257612
54 13.9912208257612
54 2.82057729300058
54 0
54 0
54 964.358135011162
54 1.00962340647607
54 1.00962340647607
54 8.46827030493397
54 8.46827030493397
54 0.65693225042096
54 0.65693225042096
54 0.65693225042096
54 1.13483962413451
54 1.13483962413451
54 1.13483962413451
54 0.621681871783126
55 0
55 52.4575418965593
55 52.4575418965593
55 52.4575418965593
55 52.4575418965593
55 0
55 4.31806184596379
55 4.31806184596379
55 17.6262098114515
55 17.6262098114515
55 17.6262098114515
55 0
55 1.20997765409178
55 6.34181050716048
55 6.34181050716048
55 6.34181050716048
55 0.73452343271322
55 0.319952407068434
55 0.831783600927938
55 2.36653655913599
55 0
55 1.38872753580014
55 0
55 0
55 13.2285772528462
55 13.2285772528462
55 0
55 13.9912208257612
55 13.9912208257612
55 13.9912208257612
55 2.82057729300058
55 0
55 0
55 964.358135011162
55 1.00962340647607
55 1.00962340647607
55 8.46827030493397
55 8.46827030493397
55 0.65693225042096
55 0.65693225042096
55 0.65693225042096
55 1.13483962413451
55 1.13483962413451
55 1.13483962413451
55 0.621681871783126
56 0
56 52.4575418965593
56 52.4575418965593
56 52.4575418965593
56 52.4575418965593
56 0
56 4.31806184596379
56 4.31806184596379
56 17.6262098114515
56 17.6262098114515
56 17.6262098114515
56 0
56 1.20997765409178
56 6.34181050716048
56 6.34181050716048
56 6.34181050716048
56 0.73452343271322
56 0.319952407068434
56 0.831783600927938
56 2.36653655913599
56 0
56 1.38872753580014
56 0
56 0
56 13.2285772528462
56 13.2285772528462
56 0
56 13.9912208257612
56 13.9912208257612
56 13.9912208257612
56 2.82057729300058
56 0
56 0
56 964.358135011162
56 1.00962340647607
56 1.00962340647607
56 8.46827030493397
56 8.46827030493397
56 0.65693225042096
56 0.65693225042096
56 0.65693225042096
56 1.13483962413451
56 1.13483962413451
56 1.13483962413451
56 0.621681871783126
63 0
63 52.4575418965593
63 52.4575418965593
63 52.4575418965593
63 52.4575418965593
63 0
63 4.31806184596379
63 4.31806184596379
63 17.6262098114515
63 17.6262098114515
63 17.6262098114515
63 0
63 1.20997765409178
63 6.34181050716048
63 6.34181050716048
63 6.34181050716048
63 0.73452343271322
63 0.319952407068434
63 0.831783600927938
63 2.36653655913599
63 0
63 1.38872753580014
63 0
63 0
63 13.2285772528462
63 13.2285772528462
63 0
63 13.9912208257612
63 13.9912208257612
63 13.9912208257612
63 2.82057729300058
63 0
63 0
63 964.358135011162
63 1.00962340647607
63 1.00962340647607
63 8.46827030493397
63 8.46827030493397
63 0.65693225042096
63 0.65693225042096
63 0.65693225042096
63 1.13483962413451
63 1.13483962413451
63 1.13483962413451
63 0.621681871783126
70 0
70 52.4575418965593
70 52.4575418965593
70 52.4575418965593
70 52.4575418965593
70 0
70 4.31806184596379
70 4.31806184596379
70 17.6262098114515
70 17.6262098114515
70 17.6262098114515
70 0
70 1.20997765409178
70 6.34181050716048
70 6.34181050716048
70 6.34181050716048
70 0.73452343271322
70 0.319952407068434
70 0.831783600927938
70 2.36653655913599
70 0
70 1.38872753580014
70 0
70 0
70 13.2285772528462
70 13.2285772528462
70 0
70 13.9912208257612
70 13.9912208257612
70 13.9912208257612
70 2.82057729300058
70 0
70 0
70 964.358135011162
70 1.00962340647607
70 1.00962340647607
70 8.46827030493397
70 8.46827030493397
70 0.65693225042096
70 0.65693225042096
70 0.65693225042096
70 1.13483962413451
70 1.13483962413451
70 1.13483962413451
70 0.621681871783126
76 0
76 52.4575418965593
76 52.4575418965593
76 52.4575418965593
76 52.4575418965593
76 0
76 4.31806184596379
76 4.31806184596379
76 17.6262098114515
76 17.6262098114515
76 17.6262098114515
76 0
76 1.20997765409178
76 6.34181050716048
76 6.34181050716048
76 6.34181050716048
76 0.73452343271322
76 0.319952407068434
76 0.831783600927938
76 2.36653655913599
76 0
76 1.38872753580014
76 0
76 0
76 13.2285772528462
76 13.2285772528462
76 0
76 13.9912208257612
76 13.9912208257612
76 13.9912208257612
76 2.82057729300058
76 0
76 0
76 964.358135011162
76 1.00962340647607
76 1.00962340647607
76 8.46827030493397
76 8.46827030493397
76 0.65693225042096
76 0.65693225042096
76 0.65693225042096
76 1.13483962413451
76 1.13483962413451
76 1.13483962413451
76 0.621681871783126
99 0
99 52.4575418965593
99 52.4575418965593
99 52.4575418965593
99 52.4575418965593
99 0
99 4.31806184596379
99 4.31806184596379
99 17.6262098114515
99 17.6262098114515
99 17.6262098114515
99 0
99 1.20997765409178
99 6.34181050716048
99 6.34181050716048
99 6.34181050716048
99 0.73452343271322
99 0.319952407068434
99 0.831783600927938
99 2.36653655913599
99 0
99 1.38872753580014
99 0
99 0
99 13.2285772528462
99 13.2285772528462
99 0
99 13.9912208257612
99 13.9912208257612
99 13.9912208257612
99 2.82057729300058
99 0
99 0
99 964.358135011162
99 1.00962340647607
99 1.00962340647607
99 8.46827030493397
99 8.46827030493397
99 0.65693225042096
99 0.65693225042096
99 0.65693225042096
99 1.13483962413451
99 1.13483962413451
99 1.13483962413451
99 0.621681871783126
100 0
100 52.4575418965593
100 52.4575418965593
100 52.4575418965593
100 52.4575418965593
100 0
100 4.31806184596379
100 4.31806184596379
100 17.6262098114515
100 17.6262098114515
100 17.6262098114515
100 0
100 1.20997765409178
100 6.34181050716048
100 6.34181050716048
100 6.34181050716048
100 0.73452343271322
100 0.319952407068434
100 0.831783600927938
100 2.36653655913599
100 0
100 1.38872753580014
100 0
100 0
100 13.2285772528462
100 13.2285772528462
100 0
100 13.9912208257612
100 13.9912208257612
100 13.9912208257612
100 2.82057729300058
100 0
100 0
100 964.358135011162
100 1.00962340647607
100 1.00962340647607
100 8.46827030493397
100 8.46827030493397
100 0.65693225042096
100 0.65693225042096
100 0.65693225042096
100 1.13483962413451
100 1.13483962413451
100 1.13483962413451
100 0.621681871783126
130 0
130 52.4575418965593
130 52.4575418965593
130 52.4575418965593
130 52.4575418965593
130 0
130 4.31806184596379
130 4.31806184596379
130 17.6262098114515
130 17.6262098114515
130 17.6262098114515
130 0
130 1.20997765409178
130 6.34181050716048
130 6.34181050716048
130 6.34181050716048
130 0.73452343271322
130 0.319952407068434
130 0.831783600927938
130 2.36653655913599
130 0
130 1.38872753580014
130 0
130 0
130 13.2285772528462
130 13.2285772528462
130 0
130 13.9912208257612
130 13.9912208257612
130 13.9912208257612
130 2.82057729300058
130 0
130 0
130 964.358135011162
130 1.00962340647607
130 1.00962340647607
130 8.46827030493397
130 8.46827030493397
130 0.65693225042096
130 0.65693225042096
130 0.65693225042096
130 1.13483962413451
130 1.13483962413451
130 1.13483962413451
130 0.621681871783126
143 0
143 52.4575418965593
143 52.4575418965593
143 52.4575418965593
143 52.4575418965593
143 0
143 4.31806184596379
143 4.31806184596379
143 17.6262098114515
143 17.6262098114515
143 17.6262098114515
143 0
143 1.20997765409178
143 6.34181050716048
143 6.34181050716048
143 6.34181050716048
143 0.73452343271322
143 0.319952407068434
143 0.831783600927938
143 2.36653655913599
143 0
143 1.38872753580014
143 0
143 0
143 13.2285772528462
143 13.2285772528462
143 0
143 13.9912208257612
143 13.9912208257612
143 13.9912208257612
143 2.82057729300058
143 0
143 0
143 964.358135011162
143 1.00962340647607
143 1.00962340647607
143 8.46827030493397
143 8.46827030493397
143 0.65693225042096
143 0.65693225042096
143 0.65693225042096
143 1.13483962413451
143 1.13483962413451
143 1.13483962413451
143 0.621681871783126
151 0
151 52.4575418965593
151 52.4575418965593
151 52.4575418965593
151 52.4575418965593
151 0
151 4.31806184596379
151 4.31806184596379
151 17.6262098114515
151 17.6262098114515
151 17.6262098114515
151 0
151 1.20997765409178
151 6.34181050716048
151 6.34181050716048
151 6.34181050716048
151 0.73452343271322
151 0.319952407068434
151 0.831783600927938
151 2.36653655913599
151 0
151 1.38872753580014
151 0
151 0
151 13.2285772528462
151 13.2285772528462
151 0
151 13.9912208257612
151 13.9912208257612
151 13.9912208257612
151 2.82057729300058
151 0
151 0
151 964.358135011162
151 1.00962340647607
151 1.00962340647607
151 8.46827030493397
151 8.46827030493397
151 0.65693225042096
151 0.65693225042096
151 0.65693225042096
151 1.13483962413451
151 1.13483962413451
151 1.13483962413451
151 0.621681871783126
192 0
192 52.4575418965593
192 52.4575418965593
192 52.4575418965593
192 52.4575418965593
192 0
192 4.31806184596379
192 4.31806184596379
192 17.6262098114515
192 17.6262098114515
192 17.6262098114515
192 0
192 1.20997765409178
192 6.34181050716048
192 6.34181050716048
192 6.34181050716048
192 0.73452343271322
192 0.319952407068434
192 0.831783600927938
192 2.36653655913599
192 0
192 1.38872753580014
192 0
192 0
192 13.2285772528462
192 13.2285772528462
192 0
192 13.9912208257612
192 13.9912208257612
192 13.9912208257612
192 2.82057729300058
192 0
192 0
192 964.358135011162
192 1.00962340647607
192 1.00962340647607
192 8.46827030493397
192 8.46827030493397
192 0.65693225042096
192 0.65693225042096
192 0.65693225042096
192 1.13483962413451
192 1.13483962413451
192 1.13483962413451
192 0.621681871783126
299 0
299 52.4575418965593
299 52.4575418965593
299 52.4575418965593
299 52.4575418965593
299 0
299 4.31806184596379
299 4.31806184596379
299 17.6262098114515
299 17.6262098114515
299 17.6262098114515
299 0
299 1.20997765409178
299 6.34181050716048
299 6.34181050716048
299 6.34181050716048
299 0.73452343271322
299 0.319952407068434
299 0.831783600927938
299 2.36653655913599
299 0
299 1.38872753580014
299 0
299 0
299 13.2285772528462
299 13.2285772528462
299 0
299 13.9912208257612
299 13.9912208257612
299 13.9912208257612
299 2.82057729300058
299 0
299 0
299 964.358135011162
299 1.00962340647607
299 1.00962340647607
299 8.46827030493397
299 8.46827030493397
299 0.65693225042096
299 0.65693225042096
299 0.65693225042096
299 1.13483962413451
299 1.13483962413451
299 1.13483962413451
299 0.621681871783126
