pt_graph scale
10060 0
10060 52.4575418965593
10060 52.4575418965593
10060 52.4575418965593
10060 52.4575418965593
10060 0
10060 4.31806184596379
10060 4.31806184596379
10060 17.6262098114515
10060 17.6262098114515
10060 17.6262098114515
10060 0
10060 1.20997765409178
10060 6.34181050716048
10060 6.34181050716048
10060 6.34181050716048
10060 0.73452343271322
10060 0.319952407068434
10060 0.831783600927938
10060 2.36653655913599
10060 0
10060 1.38872753580014
10060 0
10060 0
10060 13.2285772528462
10060 13.2285772528462
10060 0
10060 13.9912208257612
10060 13.9912208257612
10060 13.9912208257612
10060 2.82057729300058
10060 0
10060 0
10060 964.358135011162
10060 1.00962340647607
10060 1.00962340647607
10060 8.46827030493397
10060 8.46827030493397
10060 0.65693225042096
10060 0.65693225042096
10060 0.65693225042096
10060 1.13483962413451
10060 1.13483962413451
10060 1.13483962413451
10060 0.621681871783126
10108 0
10108 52.4575418965593
10108 52.4575418965593
10108 52.4575418965593
10108 52.4575418965593
10108 0
10108 4.31806184596379
10108 4.31806184596379
10108 17.6262098114515
10108 17.6262098114515
10108 17.6262098114515
10108 0
10108 1.20997765409178
10108 6.34181050716048
10108 6.34181050716048
10108 6.34181050716048
10108 0.73452343271322
10108 0.319952407068434
10108 0.831783600927938
10108 2.36653655913599
10108 0
10108 1.38872753580014
10108 0
10108 0
10108 13.2285772528462
10108 13.2285772528462
10108 0
10108 13.9912208257612
10108 13.9912208257612
10108 13.9912208257612
10108 2.82057729300058
10108 0
10108 0
10108 964.358135011162
10108 1.00962340647607
10108 1.00962340647607
10108 8.46827030493397
10108 8.46827030493397
10108 0.65693225042096
10108 0.65693225042096
10108 0.65693225042096
10108 1.13483962413451
10108 1.13483962413451
10108 1.13483962413451
10108 0.621681871783126
10424 0
10424 52.4575418965593
10424 52.4575418965593
10424 52.4575418965593
10424 52.4575418965593
10424 0
10424 4.31806184596379
10424 4.31806184596379
10424 17.6262098114515
10424 17.6262098114515
10424 17.6262098114515
10424 0
10424 1.20997765409178
10424 6.34181050716048
10424 6.34181050716048
10424 6.34181050716048
10424 0.73452343271322
10424 0.319952407068434
10424 0.831783600927938
10424 2.36653655913599
10424 0
10424 1.38872753580014
10424 0
10424 0
10424 13.2285772528462
10424 13.2285772528462
10424 0
10424 13.9912208257612
10424 13.9912208257612
10424 13.9912208257612
10424 2.82057729300058
10424 0
10424 0
10424 964.358135011162
10424 1.00962340647607
10424 1.00962340647607
10424 8.46827030493397
10424 8.46827030493397
10424 0.65693225042096
10424 0.65693225042096
10424 0.65693225042096
10424 1.13483962413451
10424 1.13483962413451
10424 1.13483962413451
10424 0.621681871783126
10962 0
10962 52.4575418965593
10962 52.4575418965593
10962 52.4575418965593
10962 52.4575418965593
10962 0
10962 4.31806184596379
10962 4.31806184596379
10962 17.6262098114515
10962 17.6262098114515
10962 17.6262098114515
10962 0
10962 1.20997765409178
10962 6.34181050716048
10962 6.34181050716048
10962 6.34181050716048
10962 0.73452343271322
10962 0.319952407068434
10962 0.831783600927938
10962 2.36653655913599
10962 0
10962 1.38872753580014
10962 0
10962 0
10962 13.2285772528462
10962 13.2285772528462
10962 0
10962 13.9912208257612
10962 13.9912208257612
10962 13.9912208257612
10962 2.82057729300058
10962 0
10962 0
10962 964.358135011162
10962 1.00962340647607
10962 1.00962340647607
10962 8.46827030493397
10962 8.46827030493397
10962 0.65693225042096
10962 0.65693225042096
10962 0.65693225042096
10962 1.13483962413451
10962 1.13483962413451
10962 1.13483962413451
10962 0.621681871783126
10166 0
10166 52.4575418965593
10166 52.4575418965593
10166 52.4575418965593
10166 52.4575418965593
10166 0
10166 4.31806184596379
10166 4.31806184596379
10166 17.6262098114515
10166 17.6262098114515
10166 17.6262098114515
10166 0
10166 1.20997765409178
10166 6.34181050716048
10166 6.34181050716048
10166 6.34181050716048
10166 0.73452343271322
10166 0.319952407068434
10166 0.831783600927938
10166 2.36653655913599
10166 0
10166 1.38872753580014
10166 0
10166 0
10166 13.2285772528462
10166 13.2285772528462
10166 0
10166 13.9912208257612
10166 13.9912208257612
10166 13.9912208257612
10166 2.82057729300058
10166 0
10166 0
10166 964.358135011162
10166 1.00962340647607
10166 1.00962340647607
10166 8.46827030493397
10166 8.46827030493397
10166 0.65693225042096
10166 0.65693225042096
10166 0.65693225042096
10166 1.13483962413451
10166 1.13483962413451
10166 1.13483962413451
10166 0.621681871783126
10452 0
10452 52.4575418965593
10452 52.4575418965593
10452 52.4575418965593
10452 52.4575418965593
10452 0
10452 4.31806184596379
10452 4.31806184596379
10452 17.6262098114515
10452 17.6262098114515
10452 17.6262098114515
10452 0
10452 1.20997765409178
10452 6.34181050716048
10452 6.34181050716048
10452 6.34181050716048
10452 0.73452343271322
10452 0.319952407068434
10452 0.831783600927938
10452 2.36653655913599
10452 0
10452 1.38872753580014
10452 0
10452 0
10452 13.2285772528462
10452 13.2285772528462
10452 0
10452 13.9912208257612
10452 13.9912208257612
10452 13.9912208257612
10452 2.82057729300058
10452 0
10452 0
10452 964.358135011162
10452 1.00962340647607
10452 1.00962340647607
10452 8.46827030493397
10452 8.46827030493397
10452 0.65693225042096
10452 0.65693225042096
10452 0.65693225042096
10452 1.13483962413451
10452 1.13483962413451
10452 1.13483962413451
10452 0.621681871783126
5894 0
5894 52.4575418965593
5894 52.4575418965593
5894 52.4575418965593
5894 52.4575418965593
5894 0
5894 4.31806184596379
5894 4.31806184596379
5894 17.6262098114515
5894 17.6262098114515
5894 17.6262098114515
5894 0
5894 1.20997765409178
5894 6.34181050716048
5894 6.34181050716048
5894 6.34181050716048
5894 0.73452343271322
5894 0.319952407068434
5894 0.831783600927938
5894 2.36653655913599
5894 0
5894 1.38872753580014
5894 0
5894 0
5894 13.2285772528462
5894 13.2285772528462
5894 0
5894 13.9912208257612
5894 13.9912208257612
5894 13.9912208257612
5894 2.82057729300058
5894 0
5894 0
5894 964.358135011162
5894 1.00962340647607
5894 1.00962340647607
5894 8.46827030493397
5894 8.46827030493397
5894 0.65693225042096
5894 0.65693225042096
5894 0.65693225042096
5894 1.13483962413451
5894 1.13483962413451
5894 1.13483962413451
5894 0.621681871783126
5808 0
5808 52.4575418965593
5808 52.4575418965593
5808 52.4575418965593
5808 52.4575418965593
5808 0
5808 4.31806184596379
5808 4.31806184596379
5808 17.6262098114515
5808 17.6262098114515
5808 17.6262098114515
5808 0
5808 1.20997765409178
5808 6.34181050716048
5808 6.34181050716048
5808 6.34181050716048
5808 0.73452343271322
5808 0.319952407068434
5808 0.831783600927938
5808 2.36653655913599
5808 0
5808 1.38872753580014
5808 0
5808 0
5808 13.2285772528462
5808 13.2285772528462
5808 0
5808 13.9912208257612
5808 13.9912208257612
5808 13.9912208257612
5808 2.82057729300058
5808 0
5808 0
5808 964.358135011162
5808 1.00962340647607
5808 1.00962340647607
5808 8.46827030493397
5808 8.46827030493397
5808 0.65693225042096
5808 0.65693225042096
5808 0.65693225042096
5808 1.13483962413451
5808 1.13483962413451
5808 1.13483962413451
5808 0.621681871783126
5895 0
5895 52.4575418965593
5895 52.4575418965593
5895 52.4575418965593
5895 52.4575418965593
5895 0
5895 4.31806184596379
5895 4.31806184596379
5895 17.6262098114515
5895 17.6262098114515
5895 17.6262098114515
5895 0
5895 1.20997765409178
5895 6.34181050716048
5895 6.34181050716048
5895 6.34181050716048
5895 0.73452343271322
5895 0.319952407068434
5895 0.831783600927938
5895 2.36653655913599
5895 0
5895 1.38872753580014
5895 0
5895 0
5895 13.2285772528462
5895 13.2285772528462
5895 0
5895 13.9912208257612
5895 13.9912208257612
5895 13.9912208257612
5895 2.82057729300058
5895 0
5895 0
5895 964.358135011162
5895 1.00962340647607
5895 1.00962340647607
5895 8.46827030493397
5895 8.46827030493397
5895 0.65693225042096
5895 0.65693225042096
5895 0.65693225042096
5895 1.13483962413451
5895 1.13483962413451
5895 1.13483962413451
5895 0.621681871783126
5993 0
5993 52.4575418965593
5993 52.4575418965593
5993 52.4575418965593
5993 52.4575418965593
5993 0
5993 4.31806184596379
5993 4.31806184596379
5993 17.6262098114515
5993 17.6262098114515
5993 17.6262098114515
5993 0
5993 1.20997765409178
5993 6.34181050716048
5993 6.34181050716048
5993 6.34181050716048
5993 0.73452343271322
5993 0.319952407068434
5993 0.831783600927938
5993 2.36653655913599
5993 0
5993 1.38872753580014
5993 0
5993 0
5993 13.2285772528462
5993 13.2285772528462
5993 0
5993 13.9912208257612
5993 13.9912208257612
5993 13.9912208257612
5993 2.82057729300058
5993 0
5993 0
5993 964.358135011162
5993 1.00962340647607
5993 1.00962340647607
5993 8.46827030493397
5993 8.46827030493397
5993 0.65693225042096
5993 0.65693225042096
5993 0.65693225042096
5993 1.13483962413451
5993 1.13483962413451
5993 1.13483962413451
5993 0.621681871783126
6090 0
6090 52.4575418965593
6090 52.4575418965593
6090 52.4575418965593
6090 52.4575418965593
6090 0
6090 4.31806184596379
6090 4.31806184596379
6090 17.6262098114515
6090 17.6262098114515
6090 17.6262098114515
6090 0
6090 1.20997765409178
6090 6.34181050716048
6090 6.34181050716048
6090 6.34181050716048
6090 0.73452343271322
6090 0.319952407068434
6090 0.831783600927938
6090 2.36653655913599
6090 0
6090 1.38872753580014
6090 0
6090 0
6090 13.2285772528462
6090 13.2285772528462
6090 0
6090 13.9912208257612
6090 13.9912208257612
6090 13.9912208257612
6090 2.82057729300058
6090 0
6090 0
6090 964.358135011162
6090 1.00962340647607
6090 1.00962340647607
6090 8.46827030493397
6090 8.46827030493397
6090 0.65693225042096
6090 0.65693225042096
6090 0.65693225042096
6090 1.13483962413451
6090 1.13483962413451
6090 1.13483962413451
6090 0.621681871783126
5996 0
5996 52.4575418965593
5996 52.4575418965593
5996 52.4575418965593
5996 52.4575418965593
5996 0
5996 4.31806184596379
5996 4.31806184596379
5996 17.6262098114515
5996 17.6262098114515
5996 17.6262098114515
5996 0
5996 1.20997765409178
5996 6.34181050716048
5996 6.34181050716048
5996 6.34181050716048
5996 0.73452343271322
5996 0.319952407068434
5996 0.831783600927938
5996 2.36653655913599
5996 0
5996 1.38872753580014
5996 0
5996 0
5996 13.2285772528462
5996 13.2285772528462
5996 0
5996 13.9912208257612
5996 13.9912208257612
5996 13.9912208257612
5996 2.82057729300058
5996 0
5996 0
5996 964.358135011162
5996 1.00962340647607
5996 1.00962340647607
5996 8.46827030493397
5996 8.46827030493397
5996 0.65693225042096
5996 0.65693225042096
5996 0.65693225042096
5996 1.13483962413451
5996 1.13483962413451
5996 1.13483962413451
5996 0.621681871783126
5997 0
5997 52.4575418965593
5997 52.4575418965593
5997 52.4575418965593
5997 52.4575418965593
5997 0
5997 4.31806184596379
5997 4.31806184596379
5997 17.6262098114515
5997 17.6262098114515
5997 17.6262098114515
5997 0
5997 1.20997765409178
5997 6.34181050716048
5997 6.34181050716048
5997 6.34181050716048
5997 0.73452343271322
5997 0.319952407068434
5997 0.831783600927938
5997 2.36653655913599
5997 0
5997 1.38872753580014
5997 0
5997 0
5997 13.2285772528462
5997 13.2285772528462
5997 0
5997 13.9912208257612
5997 13.9912208257612
5997 13.9912208257612
5997 2.82057729300058
5997 0
5997 0
5997 964.358135011162
5997 1.00962340647607
5997 1.00962340647607
5997 8.46827030493397
5997 8.46827030493397
5997 0.65693225042096
5997 0.65693225042096
5997 0.65693225042096
5997 1.13483962413451
5997 1.13483962413451
5997 1.13483962413451
5997 0.621681871783126
5998 0
5998 52.4575418965593
5998 52.4575418965593
5998 52.4575418965593
5998 52.4575418965593
5998 0
5998 4.31806184596379
5998 4.31806184596379
5998 17.6262098114515
5998 17.6262098114515
5998 17.6262098114515
5998 0
5998 1.20997765409178
5998 6.34181050716048
5998 6.34181050716048
5998 6.34181050716048
5998 0.73452343271322
5998 0.319952407068434
5998 0.831783600927938
5998 2.36653655913599
5998 0
5998 1.38872753580014
5998 0
5998 0
5998 13.2285772528462
5998 13.2285772528462
5998 0
5998 13.9912208257612
5998 13.9912208257612
5998 13.9912208257612
5998 2.82057729300058
5998 0
5998 0
5998 964.358135011162
5998 1.00962340647607
5998 1.00962340647607
5998 8.46827030493397
5998 8.46827030493397
5998 0.65693225042096
5998 0.65693225042096
5998 0.65693225042096
5998 1.13483962413451
5998 1.13483962413451
5998 1.13483962413451
5998 0.621681871783126
5906 0
5906 52.4575418965593
5906 52.4575418965593
5906 52.4575418965593
5906 52.4575418965593
5906 0
5906 4.31806184596379
5906 4.31806184596379
5906 17.6262098114515
5906 17.6262098114515
5906 17.6262098114515
5906 0
5906 1.20997765409178
5906 6.34181050716048
5906 6.34181050716048
5906 6.34181050716048
5906 0.73452343271322
5906 0.319952407068434
5906 0.831783600927938
5906 2.36653655913599
5906 0
5906 1.38872753580014
5906 0
5906 0
5906 13.2285772528462
5906 13.2285772528462
5906 0
5906 13.9912208257612
5906 13.9912208257612
5906 13.9912208257612
5906 2.82057729300058
5906 0
5906 0
5906 964.358135011162
5906 1.00962340647607
5906 1.00962340647607
5906 8.46827030493397
5906 8.46827030493397
5906 0.65693225042096
5906 0.65693225042096
5906 0.65693225042096
5906 1.13483962413451
5906 1.13483962413451
5906 1.13483962413451
5906 0.621681871783126
6097 0
6097 52.4575418965593
6097 52.4575418965593
6097 52.4575418965593
6097 52.4575418965593
6097 0
6097 4.31806184596379
6097 4.31806184596379
6097 17.6262098114515
6097 17.6262098114515
6097 17.6262098114515
6097 0
6097 1.20997765409178
6097 6.34181050716048
6097 6.34181050716048
6097 6.34181050716048
6097 0.73452343271322
6097 0.319952407068434
6097 0.831783600927938
6097 2.36653655913599
6097 0
6097 1.38872753580014
6097 0
6097 0
6097 13.2285772528462
6097 13.2285772528462
6097 0
6097 13.9912208257612
6097 13.9912208257612
6097 13.9912208257612
6097 2.82057729300058
6097 0
6097 0
6097 964.358135011162
6097 1.00962340647607
6097 1.00962340647607
6097 8.46827030493397
6097 8.46827030493397
6097 0.65693225042096
6097 0.65693225042096
6097 0.65693225042096
6097 1.13483962413451
6097 1.13483962413451
6097 1.13483962413451
6097 0.621681871783126
6098 0
6098 52.4575418965593
6098 52.4575418965593
6098 52.4575418965593
6098 52.4575418965593
6098 0
6098 4.31806184596379
6098 4.31806184596379
6098 17.6262098114515
6098 17.6262098114515
6098 17.6262098114515
6098 0
6098 1.20997765409178
6098 6.34181050716048
6098 6.34181050716048
6098 6.34181050716048
6098 0.73452343271322
6098 0.319952407068434
6098 0.831783600927938
6098 2.36653655913599
6098 0
6098 1.38872753580014
6098 0
6098 0
6098 13.2285772528462
6098 13.2285772528462
6098 0
6098 13.9912208257612
6098 13.9912208257612
6098 13.9912208257612
6098 2.82057729300058
6098 0
6098 0
6098 964.358135011162
6098 1.00962340647607
6098 1.00962340647607
6098 8.46827030493397
6098 8.46827030493397
6098 0.65693225042096
6098 0.65693225042096
6098 0.65693225042096
6098 1.13483962413451
6098 1.13483962413451
6098 1.13483962413451
6098 0.621681871783126
6099 0
6099 52.4575418965593
6099 52.4575418965593
6099 52.4575418965593
6099 52.4575418965593
6099 0
6099 4.31806184596379
6099 4.31806184596379
6099 17.6262098114515
6099 17.6262098114515
6099 17.6262098114515
6099 0
6099 1.20997765409178
6099 6.34181050716048
6099 6.34181050716048
6099 6.34181050716048
6099 0.73452343271322
6099 0.319952407068434
6099 0.831783600927938
6099 2.36653655913599
6099 0
6099 1.38872753580014
6099 0
6099 0
6099 13.2285772528462
6099 13.2285772528462
6099 0
6099 13.9912208257612
6099 13.9912208257612
6099 13.9912208257612
6099 2.82057729300058
6099 0
6099 0
6099 964.358135011162
6099 1.00962340647607
6099 1.00962340647607
6099 8.46827030493397
6099 8.46827030493397
6099 0.65693225042096
6099 0.65693225042096
6099 0.65693225042096
6099 1.13483962413451
6099 1.13483962413451
6099 1.13483962413451
6099 0.621681871783126
6100 0
6100 52.4575418965593
6100 52.4575418965593
6100 52.4575418965593
6100 52.4575418965593
6100 0
6100 4.31806184596379
6100 4.31806184596379
6100 17.6262098114515
6100 17.6262098114515
6100 17.6262098114515
6100 0
6100 1.20997765409178
6100 6.34181050716048
6100 6.34181050716048
6100 6.34181050716048
6100 0.73452343271322
6100 0.319952407068434
6100 0.831783600927938
6100 2.36653655913599
6100 0
6100 1.38872753580014
6100 0
6100 0
6100 13.2285772528462
6100 13.2285772528462
6100 0
6100 13.9912208257612
6100 13.9912208257612
6100 13.9912208257612
6100 2.82057729300058
6100 0
6100 0
6100 964.358135011162
6100 1.00962340647607
6100 1.00962340647607
6100 8.46827030493397
6100 8.46827030493397
6100 0.65693225042096
6100 0.65693225042096
6100 0.65693225042096
6100 1.13483962413451
6100 1.13483962413451
6100 1.13483962413451
6100 0.621681871783126
6195 0
6195 52.4575418965593
6195 52.4575418965593
6195 52.4575418965593
6195 52.4575418965593
6195 0
6195 4.31806184596379
6195 4.31806184596379
6195 17.6262098114515
6195 17.6262098114515
6195 17.6262098114515
6195 0
6195 1.20997765409178
6195 6.34181050716048
6195 6.34181050716048
6195 6.34181050716048
6195 0.73452343271322
6195 0.319952407068434
6195 0.831783600927938
6195 2.36653655913599
6195 0
6195 1.38872753580014
6195 0
6195 0
6195 13.2285772528462
6195 13.2285772528462
6195 0
6195 13.9912208257612
6195 13.9912208257612
6195 13.9912208257612
6195 2.82057729300058
6195 0
6195 0
6195 964.358135011162
6195 1.00962340647607
6195 1.00962340647607
6195 8.46827030493397
6195 8.46827030493397
6195 0.65693225042096
6195 0.65693225042096
6195 0.65693225042096
6195 1.13483962413451
6195 1.13483962413451
6195 1.13483962413451
6195 0.621681871783126
6286 0
6286 52.4575418965593
6286 52.4575418965593
6286 52.4575418965593
6286 52.4575418965593
6286 0
6286 4.31806184596379
6286 4.31806184596379
6286 17.6262098114515
6286 17.6262098114515
6286 17.6262098114515
6286 0
6286 1.20997765409178
6286 6.34181050716048
6286 6.34181050716048
6286 6.34181050716048
6286 0.73452343271322
6286 0.319952407068434
6286 0.831783600927938
6286 2.36653655913599
6286 0
6286 1.38872753580014
6286 0
6286 0
6286 13.2285772528462
6286 13.2285772528462
6286 0
6286 13.9912208257612
6286 13.9912208257612
6286 13.9912208257612
6286 2.82057729300058
6286 0
6286 0
6286 964.358135011162
6286 1.00962340647607
6286 1.00962340647607
6286 8.46827030493397
6286 8.46827030493397
6286 0.65693225042096
6286 0.65693225042096
6286 0.65693225042096
6286 1.13483962413451
6286 1.13483962413451
6286 1.13483962413451
6286 0.621681871783126
6202 0
6202 52.4575418965593
6202 52.4575418965593
6202 52.4575418965593
6202 52.4575418965593
6202 0
6202 4.31806184596379
6202 4.31806184596379
6202 17.6262098114515
6202 17.6262098114515
6202 17.6262098114515
6202 0
6202 1.20997765409178
6202 6.34181050716048
6202 6.34181050716048
6202 6.34181050716048
6202 0.73452343271322
6202 0.319952407068434
6202 0.831783600927938
6202 2.36653655913599
6202 0
6202 1.38872753580014
6202 0
6202 0
6202 13.2285772528462
6202 13.2285772528462
6202 0
6202 13.9912208257612
6202 13.9912208257612
6202 13.9912208257612
6202 2.82057729300058
6202 0
6202 0
6202 964.358135011162
6202 1.00962340647607
6202 1.00962340647607
6202 8.46827030493397
6202 8.46827030493397
6202 0.65693225042096
6202 0.65693225042096
6202 0.65693225042096
6202 1.13483962413451
6202 1.13483962413451
6202 1.13483962413451
6202 0.621681871783126
6207 0
6207 52.4575418965593
6207 52.4575418965593
6207 52.4575418965593
6207 52.4575418965593
6207 0
6207 4.31806184596379
6207 4.31806184596379
6207 17.6262098114515
6207 17.6262098114515
6207 17.6262098114515
6207 0
6207 1.20997765409178
6207 6.34181050716048
6207 6.34181050716048
6207 6.34181050716048
6207 0.73452343271322
6207 0.319952407068434
6207 0.831783600927938
6207 2.36653655913599
6207 0
6207 1.38872753580014
6207 0
6207 0
6207 13.2285772528462
6207 13.2285772528462
6207 0
6207 13.9912208257612
6207 13.9912208257612
6207 13.9912208257612
6207 2.82057729300058
6207 0
6207 0
6207 964.358135011162
6207 1.00962340647607
6207 1.00962340647607
6207 8.46827030493397
6207 8.46827030493397
6207 0.65693225042096
6207 0.65693225042096
6207 0.65693225042096
6207 1.13483962413451
6207 1.13483962413451
6207 1.13483962413451
6207 0.621681871783126
6299 0
6299 52.4575418965593
6299 52.4575418965593
6299 52.4575418965593
6299 52.4575418965593
6299 0
6299 4.31806184596379
6299 4.31806184596379
6299 17.6262098114515
6299 17.6262098114515
6299 17.6262098114515
6299 0
6299 1.20997765409178
6299 6.34181050716048
6299 6.34181050716048
6299 6.34181050716048
6299 0.73452343271322
6299 0.319952407068434
6299 0.831783600927938
6299 2.36653655913599
6299 0
6299 1.38872753580014
6299 0
6299 0
6299 13.2285772528462
6299 13.2285772528462
6299 0
6299 13.9912208257612
6299 13.9912208257612
6299 13.9912208257612
6299 2.82057729300058
6299 0
6299 0
6299 964.358135011162
6299 1.00962340647607
6299 1.00962340647607
6299 8.46827030493397
6299 8.46827030493397
6299 0.65693225042096
6299 0.65693225042096
6299 0.65693225042096
6299 1.13483962413451
6299 1.13483962413451
6299 1.13483962413451
6299 0.621681871783126
6300 0
6300 52.4575418965593
6300 52.4575418965593
6300 52.4575418965593
6300 52.4575418965593
6300 0
6300 4.31806184596379
6300 4.31806184596379
6300 17.6262098114515
6300 17.6262098114515
6300 17.6262098114515
6300 0
6300 1.20997765409178
6300 6.34181050716048
6300 6.34181050716048
6300 6.34181050716048
6300 0.73452343271322
6300 0.319952407068434
6300 0.831783600927938
6300 2.36653655913599
6300 0
6300 1.38872753580014
6300 0
6300 0
6300 13.2285772528462
6300 13.2285772528462
6300 0
6300 13.9912208257612
6300 13.9912208257612
6300 13.9912208257612
6300 2.82057729300058
6300 0
6300 0
6300 964.358135011162
6300 1.00962340647607
6300 1.00962340647607
6300 8.46827030493397
6300 8.46827030493397
6300 0.65693225042096
6300 0.65693225042096
6300 0.65693225042096
6300 1.13483962413451
6300 1.13483962413451
6300 1.13483962413451
6300 0.621681871783126
6381 0
6381 52.4575418965593
6381 52.4575418965593
6381 52.4575418965593
6381 52.4575418965593
6381 0
6381 4.31806184596379
6381 4.31806184596379
6381 17.6262098114515
6381 17.6262098114515
6381 17.6262098114515
6381 0
6381 1.20997765409178
6381 6.34181050716048
6381 6.34181050716048
6381 6.34181050716048
6381 0.73452343271322
6381 0.319952407068434
6381 0.831783600927938
6381 2.36653655913599
6381 0
6381 1.38872753580014
6381 0
6381 0
6381 13.2285772528462
6381 13.2285772528462
6381 0
6381 13.9912208257612
6381 13.9912208257612
6381 13.9912208257612
6381 2.82057729300058
6381 0
6381 0
6381 964.358135011162
6381 1.00962340647607
6381 1.00962340647607
6381 8.46827030493397
6381 8.46827030493397
6381 0.65693225042096
6381 0.65693225042096
6381 0.65693225042096
6381 1.13483962413451
6381 1.13483962413451
6381 1.13483962413451
6381 0.621681871783126
6557 0
6557 52.4575418965593
6557 52.4575418965593
6557 52.4575418965593
6557 52.4575418965593
6557 0
6557 4.31806184596379
6557 4.31806184596379
6557 17.6262098114515
6557 17.6262098114515
6557 17.6262098114515
6557 0
6557 1.20997765409178
6557 6.34181050716048
6557 6.34181050716048
6557 6.34181050716048
6557 0.73452343271322
6557 0.319952407068434
6557 0.831783600927938
6557 2.36653655913599
6557 0
6557 1.38872753580014
6557 0
6557 0
6557 13.2285772528462
6557 13.2285772528462
6557 0
6557 13.9912208257612
6557 13.9912208257612
6557 13.9912208257612
6557 2.82057729300058
6557 0
6557 0
6557 964.358135011162
6557 1.00962340647607
6557 1.00962340647607
6557 8.46827030493397
6557 8.46827030493397
6557 0.65693225042096
6557 0.65693225042096
6557 0.65693225042096
6557 1.13483962413451
6557 1.13483962413451
6557 1.13483962413451
6557 0.621681871783126
6640 0
6640 52.4575418965593
6640 52.4575418965593
6640 52.4575418965593
6640 52.4575418965593
6640 0
6640 4.31806184596379
6640 4.31806184596379
6640 17.6262098114515
6640 17.6262098114515
6640 17.6262098114515
6640 0
6640 1.20997765409178
6640 6.34181050716048
6640 6.34181050716048
6640 6.34181050716048
6640 0.73452343271322
6640 0.319952407068434
6640 0.831783600927938
6640 2.36653655913599
6640 0
6640 1.38872753580014
6640 0
6640 0
6640 13.2285772528462
6640 13.2285772528462
6640 0
6640 13.9912208257612
6640 13.9912208257612
6640 13.9912208257612
6640 2.82057729300058
6640 0
6640 0
6640 964.358135011162
6640 1.00962340647607
6640 1.00962340647607
6640 8.46827030493397
6640 8.46827030493397
6640 0.65693225042096
6640 0.65693225042096
6640 0.65693225042096
6640 1.13483962413451
6640 1.13483962413451
6640 1.13483962413451
6640 0.621681871783126
6712 0
6712 52.4575418965593
6712 52.4575418965593
6712 52.4575418965593
6712 52.4575418965593
6712 0
6712 4.31806184596379
6712 4.31806184596379
6712 17.6262098114515
6712 17.6262098114515
6712 17.6262098114515
6712 0
6712 1.20997765409178
6712 6.34181050716048
6712 6.34181050716048
6712 6.34181050716048
6712 0.73452343271322
6712 0.319952407068434
6712 0.831783600927938
6712 2.36653655913599
6712 0
6712 1.38872753580014
6712 0
6712 0
6712 13.2285772528462
6712 13.2285772528462
6712 0
6712 13.9912208257612
6712 13.9912208257612
6712 13.9912208257612
6712 2.82057729300058
6712 0
6712 0
6712 964.358135011162
6712 1.00962340647607
6712 1.00962340647607
6712 8.46827030493397
6712 8.46827030493397
6712 0.65693225042096
6712 0.65693225042096
6712 0.65693225042096
6712 1.13483962413451
6712 1.13483962413451
6712 1.13483962413451
6712 0.621681871783126
6787 0
6787 52.4575418965593
6787 52.4575418965593
6787 52.4575418965593
6787 52.4575418965593
6787 0
6787 4.31806184596379
6787 4.31806184596379
6787 17.6262098114515
6787 17.6262098114515
6787 17.6262098114515
6787 0
6787 1.20997765409178
6787 6.34181050716048
6787 6.34181050716048
6787 6.34181050716048
6787 0.73452343271322
6787 0.319952407068434
6787 0.831783600927938
6787 2.36653655913599
6787 0
6787 1.38872753580014
6787 0
6787 0
6787 13.2285772528462
6787 13.2285772528462
6787 0
6787 13.9912208257612
6787 13.9912208257612
6787 13.9912208257612
6787 2.82057729300058
6787 0
6787 0
6787 964.358135011162
6787 1.00962340647607
6787 1.00962340647607
6787 8.46827030493397
6787 8.46827030493397
6787 0.65693225042096
6787 0.65693225042096
6787 0.65693225042096
6787 1.13483962413451
6787 1.13483962413451
6787 1.13483962413451
6787 0.621681871783126
6789 0
6789 52.4575418965593
6789 52.4575418965593
6789 52.4575418965593
6789 52.4575418965593
6789 0
6789 4.31806184596379
6789 4.31806184596379
6789 17.6262098114515
6789 17.6262098114515
6789 17.6262098114515
6789 0
6789 1.20997765409178
6789 6.34181050716048
6789 6.34181050716048
6789 6.34181050716048
6789 0.73452343271322
6789 0.319952407068434
6789 0.831783600927938
6789 2.36653655913599
6789 0
6789 1.38872753580014
6789 0
6789 0
6789 13.2285772528462
6789 13.2285772528462
6789 0
6789 13.9912208257612
6789 13.9912208257612
6789 13.9912208257612
6789 2.82057729300058
6789 0
6789 0
6789 964.358135011162
6789 1.00962340647607
6789 1.00962340647607
6789 8.46827030493397
6789 8.46827030493397
6789 0.65693225042096
6789 0.65693225042096
6789 0.65693225042096
6789 1.13483962413451
6789 1.13483962413451
6789 1.13483962413451
6789 0.621681871783126
6862 0
6862 52.4575418965593
6862 52.4575418965593
6862 52.4575418965593
6862 52.4575418965593
6862 0
6862 4.31806184596379
6862 4.31806184596379
6862 17.6262098114515
6862 17.6262098114515
6862 17.6262098114515
6862 0
6862 1.20997765409178
6862 6.34181050716048
6862 6.34181050716048
6862 6.34181050716048
6862 0.73452343271322
6862 0.319952407068434
6862 0.831783600927938
6862 2.36653655913599
6862 0
6862 1.38872753580014
6862 0
6862 0
6862 13.2285772528462
6862 13.2285772528462
6862 0
6862 13.9912208257612
6862 13.9912208257612
6862 13.9912208257612
6862 2.82057729300058
6862 0
6862 0
6862 964.358135011162
6862 1.00962340647607
6862 1.00962340647607
6862 8.46827030493397
6862 8.46827030493397
6862 0.65693225042096
6862 0.65693225042096
6862 0.65693225042096
6862 1.13483962413451
6862 1.13483962413451
6862 1.13483962413451
6862 0.621681871783126
6931 0
6931 52.4575418965593
6931 52.4575418965593
6931 52.4575418965593
6931 52.4575418965593
6931 0
6931 4.31806184596379
6931 4.31806184596379
6931 17.6262098114515
6931 17.6262098114515
6931 17.6262098114515
6931 0
6931 1.20997765409178
6931 6.34181050716048
6931 6.34181050716048
6931 6.34181050716048
6931 0.73452343271322
6931 0.319952407068434
6931 0.831783600927938
6931 2.36653655913599
6931 0
6931 1.38872753580014
6931 0
6931 0
6931 13.2285772528462
6931 13.2285772528462
6931 0
6931 13.9912208257612
6931 13.9912208257612
6931 13.9912208257612
6931 2.82057729300058
6931 0
6931 0
6931 964.358135011162
6931 1.00962340647607
6931 1.00962340647607
6931 8.46827030493397
6931 8.46827030493397
6931 0.65693225042096
6931 0.65693225042096
6931 0.65693225042096
6931 1.13483962413451
6931 1.13483962413451
6931 1.13483962413451
6931 0.621681871783126
6932 0
6932 52.4575418965593
6932 52.4575418965593
6932 52.4575418965593
6932 52.4575418965593
6932 0
6932 4.31806184596379
6932 4.31806184596379
6932 17.6262098114515
6932 17.6262098114515
6932 17.6262098114515
6932 0
6932 1.20997765409178
6932 6.34181050716048
6932 6.34181050716048
6932 6.34181050716048
6932 0.73452343271322
6932 0.319952407068434
6932 0.831783600927938
6932 2.36653655913599
6932 0
6932 1.38872753580014
6932 0
6932 0
6932 13.2285772528462
6932 13.2285772528462
6932 0
6932 13.9912208257612
6932 13.9912208257612
6932 13.9912208257612
6932 2.82057729300058
6932 0
6932 0
6932 964.358135011162
6932 1.00962340647607
6932 1.00962340647607
6932 8.46827030493397
6932 8.46827030493397
6932 0.65693225042096
6932 0.65693225042096
6932 0.65693225042096
6932 1.13483962413451
6932 1.13483962413451
6932 1.13483962413451
6932 0.621681871783126
7072 0
7072 52.4575418965593
7072 52.4575418965593
7072 52.4575418965593
7072 52.4575418965593
7072 0
7072 4.31806184596379
7072 4.31806184596379
7072 17.6262098114515
7072 17.6262098114515
7072 17.6262098114515
7072 0
7072 1.20997765409178
7072 6.34181050716048
7072 6.34181050716048
7072 6.34181050716048
7072 0.73452343271322
7072 0.319952407068434
7072 0.831783600927938
7072 2.36653655913599
7072 0
7072 1.38872753580014
7072 0
7072 0
7072 13.2285772528462
7072 13.2285772528462
7072 0
7072 13.9912208257612
7072 13.9912208257612
7072 13.9912208257612
7072 2.82057729300058
7072 0
7072 0
7072 964.358135011162
7072 1.00962340647607
7072 1.00962340647607
7072 8.46827030493397
7072 8.46827030493397
7072 0.65693225042096
7072 0.65693225042096
7072 0.65693225042096
7072 1.13483962413451
7072 1.13483962413451
7072 1.13483962413451
7072 0.621681871783126
7279 0
7279 52.4575418965593
7279 52.4575418965593
7279 52.4575418965593
7279 52.4575418965593
7279 0
7279 4.31806184596379
7279 4.31806184596379
7279 17.6262098114515
7279 17.6262098114515
7279 17.6262098114515
7279 0
7279 1.20997765409178
7279 6.34181050716048
7279 6.34181050716048
7279 6.34181050716048
7279 0.73452343271322
7279 0.319952407068434
7279 0.831783600927938
7279 2.36653655913599
7279 0
7279 1.38872753580014
7279 0
7279 0
7279 13.2285772528462
7279 13.2285772528462
7279 0
7279 13.9912208257612
7279 13.9912208257612
7279 13.9912208257612
7279 2.82057729300058
7279 0
7279 0
7279 964.358135011162
7279 1.00962340647607
7279 1.00962340647607
7279 8.46827030493397
7279 8.46827030493397
7279 0.65693225042096
7279 0.65693225042096
7279 0.65693225042096
7279 1.13483962413451
7279 1.13483962413451
7279 1.13483962413451
7279 0.621681871783126
