pt_graph shape
2154 1
2154 1
2154 1
2154 1
2154 1
2154 1
2154 1
2154 1
2154 1
2154 1
2154 1
2154 1
2154 1
2154 1
2154 1
2154 1
2154 1
2154 1
2154 1
2154 1
2154 1
2154 1
2154 1
2154 1
2154 1
2154 1
2154 1
2154 1
2154 1
2154 1
2154 1
2154 1
2154 1
2154 1
2154 1
2154 1
2154 1
2154 1
2154 1
2235 1
2235 1
2235 1
2235 1
2235 1
2235 1
2235 1
2235 1
2235 1
2235 1
2235 1
2235 1
2235 1
2235 1
2235 1
2235 1
2235 1
2235 1
2235 1
2235 1
2235 1
2235 1
2235 1
2235 1
2235 1
2235 1
2235 1
2235 1
2235 1
2235 1
2235 1
2235 1
2235 1
2235 1
2235 1
2235 1
2235 1
2235 1
2235 1
2316 1
2316 1
2316 1
2316 1
2316 1
2316 1
2316 1
2316 1
2316 1
2316 1
2316 1
2316 1
2316 1
2316 1
2316 1
2316 1
2316 1
2316 1
2316 1
2316 1
2316 1
2316 1
2316 1
2316 1
2316 1
2316 1
2316 1
2316 1
2316 1
2316 1
2316 1
2316 1
2316 1
2316 1
2316 1
2316 1
2316 1
2316 1
2316 1
2412 1
2412 1
2412 1
2412 1
2412 1
2412 1
2412 1
2412 1
2412 1
2412 1
2412 1
2412 1
2412 1
2412 1
2412 1
2412 1
2412 1
2412 1
2412 1
2412 1
2412 1
2412 1
2412 1
2412 1
2412 1
2412 1
2412 1
2412 1
2412 1
2412 1
2412 1
2412 1
2412 1
2412 1
2412 1
2412 1
2412 1
2412 1
2412 1
2901 1
2901 1
2901 1
2901 1
2901 1
2901 1
2901 1
2901 1
2901 1
2901 1
2901 1
2901 1
2901 1
2901 1
2901 1
2901 1
2901 1
2901 1
2901 1
2901 1
2901 1
2901 1
2901 1
2901 1
2901 1
2901 1
2901 1
2901 1
2901 1
2901 1
2901 1
2901 1
2901 1
2901 1
2901 1
2901 1
2901 1
2901 1
2901 1
2902 1
2902 1
2902 1
2902 1
2902 1
2902 1
2902 1
2902 1
2902 1
2902 1
2902 1
2902 1
2902 1
2902 1
2902 1
2902 1
2902 1
2902 1
2902 1
2902 1
2902 1
2902 1
2902 1
2902 1
2902 1
2902 1
2902 1
2902 1
2902 1
2902 1
2902 1
2902 1
2902 1
2902 1
2902 1
2902 1
2902 1
2902 1
2902 1
