pt_graph shape
1677 1
1677 1
1677 1
1677 1
1677 1
1677 1
1677 1
1677 1
1677 1
1677 1
1677 1
1677 1
1677 1
1677 1
1677 1
1677 1
1677 1
1677 1
1677 1
1677 1
1677 1
1677 1
1677 1
1677 1
1677 1
1677 1
1677 1
1677 1
1677 1
1677 1
1677 1
1677 1
1677 1
1677 1
1677 1
1677 1
1677 1
1677 1
1677 1
1677 1
1677 1
1677 1
1677 1
1677 1
1677 1
1679 1
1679 1
1679 1
1679 1
1679 1
1679 1
1679 1
1679 1
1679 1
1679 1
1679 1
1679 1
1679 1
1679 1
1679 1
1679 1
1679 1
1679 1
1679 1
1679 1
1679 1
1679 1
1679 1
1679 1
1679 1
1679 1
1679 1
1679 1
1679 1
1679 1
1679 1
1679 1
1679 1
1679 1
1679 1
1679 1
1679 1
1679 1
1679 1
1679 1
1679 1
1679 1
1679 1
1679 1
1679 1
2315 1
2315 1
2315 1
2315 1
2315 1
2315 1
2315 1
2315 1
2315 1
2315 1
2315 1
2315 1
2315 1
2315 1
2315 1
2315 1
2315 1
2315 1
2315 1
2315 1
2315 1
2315 1
2315 1
2315 1
2315 1
2315 1
2315 1
2315 1
2315 1
2315 1
2315 1
2315 1
2315 1
2315 1
2315 1
2315 1
2315 1
2315 1
2315 1
2315 1
2315 1
2315 1
2315 1
2315 1
2315 1
2470 1
2470 1
2470 1
2470 1
2470 1
2470 1
2470 1
2470 1
2470 1
2470 1
2470 1
2470 1
2470 1
2470 1
2470 1
2470 1
2470 1
2470 1
2470 1
2470 1
2470 1
2470 1
2470 1
2470 1
2470 1
2470 1
2470 1
2470 1
2470 1
2470 1
2470 1
2470 1
2470 1
2470 1
2470 1
2470 1
2470 1
2470 1
2470 1
2470 1
2470 1
2470 1
2470 1
2470 1
2470 1
10662 1
10662 1
10662 1
10662 1
10662 1
10662 1
10662 1
10662 1
10662 1
10662 1
10662 1
10662 1
10662 1
10662 1
10662 1
10662 1
10662 1
10662 1
10662 1
10662 1
10662 1
10662 1
10662 1
10662 1
10662 1
10662 1
10662 1
10662 1
10662 1
10662 1
10662 1
10662 1
10662 1
10662 1
10662 1
10662 1
10662 1
10662 1
10662 1
10662 1
10662 1
10662 1
10662 1
10662 1
10662 1
2547 1
2547 1
2547 1
2547 1
2547 1
2547 1
2547 1
2547 1
2547 1
2547 1
2547 1
2547 1
2547 1
2547 1
2547 1
2547 1
2547 1
2547 1
2547 1
2547 1
2547 1
2547 1
2547 1
2547 1
2547 1
2547 1
2547 1
2547 1
2547 1
2547 1
2547 1
2547 1
2547 1
2547 1
2547 1
2547 1
2547 1
2547 1
2547 1
2547 1
2547 1
2547 1
2547 1
2547 1
2547 1
2548 1
2548 1
2548 1
2548 1
2548 1
2548 1
2548 1
2548 1
2548 1
2548 1
2548 1
2548 1
2548 1
2548 1
2548 1
2548 1
2548 1
2548 1
2548 1
2548 1
2548 1
2548 1
2548 1
2548 1
2548 1
2548 1
2548 1
2548 1
2548 1
2548 1
2548 1
2548 1
2548 1
2548 1
2548 1
2548 1
2548 1
2548 1
2548 1
2548 1
2548 1
2548 1
2548 1
2548 1
2548 1
2549 1
2549 1
2549 1
2549 1
2549 1
2549 1
2549 1
2549 1
2549 1
2549 1
2549 1
2549 1
2549 1
2549 1
2549 1
2549 1
2549 1
2549 1
2549 1
2549 1
2549 1
2549 1
2549 1
2549 1
2549 1
2549 1
2549 1
2549 1
2549 1
2549 1
2549 1
2549 1
2549 1
2549 1
2549 1
2549 1
2549 1
2549 1
2549 1
2549 1
2549 1
2549 1
2549 1
2549 1
2549 1
2633 1
2633 1
2633 1
2633 1
2633 1
2633 1
2633 1
2633 1
2633 1
2633 1
2633 1
2633 1
2633 1
2633 1
2633 1
2633 1
2633 1
2633 1
2633 1
2633 1
2633 1
2633 1
2633 1
2633 1
2633 1
2633 1
2633 1
2633 1
2633 1
2633 1
2633 1
2633 1
2633 1
2633 1
2633 1
2633 1
2633 1
2633 1
2633 1
2633 1
2633 1
2633 1
2633 1
2633 1
2633 1
2716 1
2716 1
2716 1
2716 1
2716 1
2716 1
2716 1
2716 1
2716 1
2716 1
2716 1
2716 1
2716 1
2716 1
2716 1
2716 1
2716 1
2716 1
2716 1
2716 1
2716 1
2716 1
2716 1
2716 1
2716 1
2716 1
2716 1
2716 1
2716 1
2716 1
2716 1
2716 1
2716 1
2716 1
2716 1
2716 1
2716 1
2716 1
2716 1
2716 1
2716 1
2716 1
2716 1
2716 1
2716 1
2650 1
2650 1
2650 1
2650 1
2650 1
2650 1
2650 1
2650 1
2650 1
2650 1
2650 1
2650 1
2650 1
2650 1
2650 1
2650 1
2650 1
2650 1
2650 1
2650 1
2650 1
2650 1
2650 1
2650 1
2650 1
2650 1
2650 1
2650 1
2650 1
2650 1
2650 1
2650 1
2650 1
2650 1
2650 1
2650 1
2650 1
2650 1
2650 1
2650 1
2650 1
2650 1
2650 1
2650 1
2650 1
2651 1
2651 1
2651 1
2651 1
2651 1
2651 1
2651 1
2651 1
2651 1
2651 1
2651 1
2651 1
2651 1
2651 1
2651 1
2651 1
2651 1
2651 1
2651 1
2651 1
2651 1
2651 1
2651 1
2651 1
2651 1
2651 1
2651 1
2651 1
2651 1
2651 1
2651 1
2651 1
2651 1
2651 1
2651 1
2651 1
2651 1
2651 1
2651 1
2651 1
2651 1
2651 1
2651 1
2651 1
2651 1
2798 1
2798 1
2798 1
2798 1
2798 1
2798 1
2798 1
2798 1
2798 1
2798 1
2798 1
2798 1
2798 1
2798 1
2798 1
2798 1
2798 1
2798 1
2798 1
2798 1
2798 1
2798 1
2798 1
2798 1
2798 1
2798 1
2798 1
2798 1
2798 1
2798 1
2798 1
2798 1
2798 1
2798 1
2798 1
2798 1
2798 1
2798 1
2798 1
2798 1
2798 1
2798 1
2798 1
2798 1
2798 1
2731 1
2731 1
2731 1
2731 1
2731 1
2731 1
2731 1
2731 1
2731 1
2731 1
2731 1
2731 1
2731 1
2731 1
2731 1
2731 1
2731 1
2731 1
2731 1
2731 1
2731 1
2731 1
2731 1
2731 1
2731 1
2731 1
2731 1
2731 1
2731 1
2731 1
2731 1
2731 1
2731 1
2731 1
2731 1
2731 1
2731 1
2731 1
2731 1
2731 1
2731 1
2731 1
2731 1
2731 1
2731 1
2732 1
2732 1
2732 1
2732 1
2732 1
2732 1
2732 1
2732 1
2732 1
2732 1
2732 1
2732 1
2732 1
2732 1
2732 1
2732 1
2732 1
2732 1
2732 1
2732 1
2732 1
2732 1
2732 1
2732 1
2732 1
2732 1
2732 1
2732 1
2732 1
2732 1
2732 1
2732 1
2732 1
2732 1
2732 1
2732 1
2732 1
2732 1
2732 1
2732 1
2732 1
2732 1
2732 1
2732 1
2732 1
2734 1
2734 1
2734 1
2734 1
2734 1
2734 1
2734 1
2734 1
2734 1
2734 1
2734 1
2734 1
2734 1
2734 1
2734 1
2734 1
2734 1
2734 1
2734 1
2734 1
2734 1
2734 1
2734 1
2734 1
2734 1
2734 1
2734 1
2734 1
2734 1
2734 1
2734 1
2734 1
2734 1
2734 1
2734 1
2734 1
2734 1
2734 1
2734 1
2734 1
2734 1
2734 1
2734 1
2734 1
2734 1
2875 1
2875 1
2875 1
2875 1
2875 1
2875 1
2875 1
2875 1
2875 1
2875 1
2875 1
2875 1
2875 1
2875 1
2875 1
2875 1
2875 1
2875 1
2875 1
2875 1
2875 1
2875 1
2875 1
2875 1
2875 1
2875 1
2875 1
2875 1
2875 1
2875 1
2875 1
2875 1
2875 1
2875 1
2875 1
2875 1
2875 1
2875 1
2875 1
2875 1
2875 1
2875 1
2875 1
2875 1
2875 1
2814 1
2814 1
2814 1
2814 1
2814 1
2814 1
2814 1
2814 1
2814 1
2814 1
2814 1
2814 1
2814 1
2814 1
2814 1
2814 1
2814 1
2814 1
2814 1
2814 1
2814 1
2814 1
2814 1
2814 1
2814 1
2814 1
2814 1
2814 1
2814 1
2814 1
2814 1
2814 1
2814 1
2814 1
2814 1
2814 1
2814 1
2814 1
2814 1
2814 1
2814 1
2814 1
2814 1
2814 1
2814 1
2816 1
2816 1
2816 1
2816 1
2816 1
2816 1
2816 1
2816 1
2816 1
2816 1
2816 1
2816 1
2816 1
2816 1
2816 1
2816 1
2816 1
2816 1
2816 1
2816 1
2816 1
2816 1
2816 1
2816 1
2816 1
2816 1
2816 1
2816 1
2816 1
2816 1
2816 1
2816 1
2816 1
2816 1
2816 1
2816 1
2816 1
2816 1
2816 1
2816 1
2816 1
2816 1
2816 1
2816 1
2816 1
2893 1
2893 1
2893 1
2893 1
2893 1
2893 1
2893 1
2893 1
2893 1
2893 1
2893 1
2893 1
2893 1
2893 1
2893 1
2893 1
2893 1
2893 1
2893 1
2893 1
2893 1
2893 1
2893 1
2893 1
2893 1
2893 1
2893 1
2893 1
2893 1
2893 1
2893 1
2893 1
2893 1
2893 1
2893 1
2893 1
2893 1
2893 1
2893 1
2893 1
2893 1
2893 1
2893 1
2893 1
2893 1
3024 1
3024 1
3024 1
3024 1
3024 1
3024 1
3024 1
3024 1
3024 1
3024 1
3024 1
3024 1
3024 1
3024 1
3024 1
3024 1
3024 1
3024 1
3024 1
3024 1
3024 1
3024 1
3024 1
3024 1
3024 1
3024 1
3024 1
3024 1
3024 1
3024 1
3024 1
3024 1
3024 1
3024 1
3024 1
3024 1
3024 1
3024 1
3024 1
3024 1
3024 1
3024 1
3024 1
3024 1
3024 1
2966 1
2966 1
2966 1
2966 1
2966 1
2966 1
2966 1
2966 1
2966 1
2966 1
2966 1
2966 1
2966 1
2966 1
2966 1
2966 1
2966 1
2966 1
2966 1
2966 1
2966 1
2966 1
2966 1
2966 1
2966 1
2966 1
2966 1
2966 1
2966 1
2966 1
2966 1
2966 1
2966 1
2966 1
2966 1
2966 1
2966 1
2966 1
2966 1
2966 1
2966 1
2966 1
2966 1
2966 1
2966 1
3097 1
3097 1
3097 1
3097 1
3097 1
3097 1
3097 1
3097 1
3097 1
3097 1
3097 1
3097 1
3097 1
3097 1
3097 1
3097 1
3097 1
3097 1
3097 1
3097 1
3097 1
3097 1
3097 1
3097 1
3097 1
3097 1
3097 1
3097 1
3097 1
3097 1
3097 1
3097 1
3097 1
3097 1
3097 1
3097 1
3097 1
3097 1
3097 1
3097 1
3097 1
3097 1
3097 1
3097 1
3097 1
3747 1
3747 1
3747 1
3747 1
3747 1
3747 1
3747 1
3747 1
3747 1
3747 1
3747 1
3747 1
3747 1
3747 1
3747 1
3747 1
3747 1
3747 1
3747 1
3747 1
3747 1
3747 1
3747 1
3747 1
3747 1
3747 1
3747 1
3747 1
3747 1
3747 1
3747 1
3747 1
3747 1
3747 1
3747 1
3747 1
3747 1
3747 1
3747 1
3747 1
3747 1
3747 1
3747 1
3747 1
3747 1
3748 1
3748 1
3748 1
3748 1
3748 1
3748 1
3748 1
3748 1
3748 1
3748 1
3748 1
3748 1
3748 1
3748 1
3748 1
3748 1
3748 1
3748 1
3748 1
3748 1
3748 1
3748 1
3748 1
3748 1
3748 1
3748 1
3748 1
3748 1
3748 1
3748 1
3748 1
3748 1
3748 1
3748 1
3748 1
3748 1
3748 1
3748 1
3748 1
3748 1
3748 1
3748 1
3748 1
3748 1
3748 1
3750 1
3750 1
3750 1
3750 1
3750 1
3750 1
3750 1
3750 1
3750 1
3750 1
3750 1
3750 1
3750 1
3750 1
3750 1
3750 1
3750 1
3750 1
3750 1
3750 1
3750 1
3750 1
3750 1
3750 1
3750 1
3750 1
3750 1
3750 1
3750 1
3750 1
3750 1
3750 1
3750 1
3750 1
3750 1
3750 1
3750 1
3750 1
3750 1
3750 1
3750 1
3750 1
3750 1
3750 1
3750 1
3756 1
3756 1
3756 1
3756 1
3756 1
3756 1
3756 1
3756 1
3756 1
3756 1
3756 1
3756 1
3756 1
3756 1
3756 1
3756 1
3756 1
3756 1
3756 1
3756 1
3756 1
3756 1
3756 1
3756 1
3756 1
3756 1
3756 1
3756 1
3756 1
3756 1
3756 1
3756 1
3756 1
3756 1
3756 1
3756 1
3756 1
3756 1
3756 1
3756 1
3756 1
3756 1
3756 1
3756 1
3756 1
3841 1
3841 1
3841 1
3841 1
3841 1
3841 1
3841 1
3841 1
3841 1
3841 1
3841 1
3841 1
3841 1
3841 1
3841 1
3841 1
3841 1
3841 1
3841 1
3841 1
3841 1
3841 1
3841 1
3841 1
3841 1
3841 1
3841 1
3841 1
3841 1
3841 1
3841 1
3841 1
3841 1
3841 1
3841 1
3841 1
3841 1
3841 1
3841 1
3841 1
3841 1
3841 1
3841 1
3841 1
3841 1
3842 1
3842 1
3842 1
3842 1
3842 1
3842 1
3842 1
3842 1
3842 1
3842 1
3842 1
3842 1
3842 1
3842 1
3842 1
3842 1
3842 1
3842 1
3842 1
3842 1
3842 1
3842 1
3842 1
3842 1
3842 1
3842 1
3842 1
3842 1
3842 1
3842 1
3842 1
3842 1
3842 1
3842 1
3842 1
3842 1
3842 1
3842 1
3842 1
3842 1
3842 1
3842 1
3842 1
3842 1
3842 1
3928 1
3928 1
3928 1
3928 1
3928 1
3928 1
3928 1
3928 1
3928 1
3928 1
3928 1
3928 1
3928 1
3928 1
3928 1
3928 1
3928 1
3928 1
3928 1
3928 1
3928 1
3928 1
3928 1
3928 1
3928 1
3928 1
3928 1
3928 1
3928 1
3928 1
3928 1
3928 1
3928 1
3928 1
3928 1
3928 1
3928 1
3928 1
3928 1
3928 1
3928 1
3928 1
3928 1
3928 1
3928 1
3931 1
3931 1
3931 1
3931 1
3931 1
3931 1
3931 1
3931 1
3931 1
3931 1
3931 1
3931 1
3931 1
3931 1
3931 1
3931 1
3931 1
3931 1
3931 1
3931 1
3931 1
3931 1
3931 1
3931 1
3931 1
3931 1
3931 1
3931 1
3931 1
3931 1
3931 1
3931 1
3931 1
3931 1
3931 1
3931 1
3931 1
3931 1
3931 1
3931 1
3931 1
3931 1
3931 1
3931 1
3931 1
3932 1
3932 1
3932 1
3932 1
3932 1
3932 1
3932 1
3932 1
3932 1
3932 1
3932 1
3932 1
3932 1
3932 1
3932 1
3932 1
3932 1
3932 1
3932 1
3932 1
3932 1
3932 1
3932 1
3932 1
3932 1
3932 1
3932 1
3932 1
3932 1
3932 1
3932 1
3932 1
3932 1
3932 1
3932 1
3932 1
3932 1
3932 1
3932 1
3932 1
3932 1
3932 1
3932 1
3932 1
3932 1
10458 1
10458 1
10458 1
10458 1
10458 1
10458 1
10458 1
10458 1
10458 1
10458 1
10458 1
10458 1
10458 1
10458 1
10458 1
10458 1
10458 1
10458 1
10458 1
10458 1
10458 1
10458 1
10458 1
10458 1
10458 1
10458 1
10458 1
10458 1
10458 1
10458 1
10458 1
10458 1
10458 1
10458 1
10458 1
10458 1
10458 1
10458 1
10458 1
10458 1
10458 1
10458 1
10458 1
10458 1
10458 1
3948 1
3948 1
3948 1
3948 1
3948 1
3948 1
3948 1
3948 1
3948 1
3948 1
3948 1
3948 1
3948 1
3948 1
3948 1
3948 1
3948 1
3948 1
3948 1
3948 1
3948 1
3948 1
3948 1
3948 1
3948 1
3948 1
3948 1
3948 1
3948 1
3948 1
3948 1
3948 1
3948 1
3948 1
3948 1
3948 1
3948 1
3948 1
3948 1
3948 1
3948 1
3948 1
3948 1
3948 1
3948 1
4211 1
4211 1
4211 1
4211 1
4211 1
4211 1
4211 1
4211 1
4211 1
4211 1
4211 1
4211 1
4211 1
4211 1
4211 1
4211 1
4211 1
4211 1
4211 1
4211 1
4211 1
4211 1
4211 1
4211 1
4211 1
4211 1
4211 1
4211 1
4211 1
4211 1
4211 1
4211 1
4211 1
4211 1
4211 1
4211 1
4211 1
4211 1
4211 1
4211 1
4211 1
4211 1
4211 1
4211 1
4211 1
4212 1
4212 1
4212 1
4212 1
4212 1
4212 1
4212 1
4212 1
4212 1
4212 1
4212 1
4212 1
4212 1
4212 1
4212 1
4212 1
4212 1
4212 1
4212 1
4212 1
4212 1
4212 1
4212 1
4212 1
4212 1
4212 1
4212 1
4212 1
4212 1
4212 1
4212 1
4212 1
4212 1
4212 1
4212 1
4212 1
4212 1
4212 1
4212 1
4212 1
4212 1
4212 1
4212 1
4212 1
4212 1
4303 1
4303 1
4303 1
4303 1
4303 1
4303 1
4303 1
4303 1
4303 1
4303 1
4303 1
4303 1
4303 1
4303 1
4303 1
4303 1
4303 1
4303 1
4303 1
4303 1
4303 1
4303 1
4303 1
4303 1
4303 1
4303 1
4303 1
4303 1
4303 1
4303 1
4303 1
4303 1
4303 1
4303 1
4303 1
4303 1
4303 1
4303 1
4303 1
4303 1
4303 1
4303 1
4303 1
4303 1
4303 1
4461 1
4461 1
4461 1
4461 1
4461 1
4461 1
4461 1
4461 1
4461 1
4461 1
4461 1
4461 1
4461 1
4461 1
4461 1
4461 1
4461 1
4461 1
4461 1
4461 1
4461 1
4461 1
4461 1
4461 1
4461 1
4461 1
4461 1
4461 1
4461 1
4461 1
4461 1
4461 1
4461 1
4461 1
4461 1
4461 1
4461 1
4461 1
4461 1
4461 1
4461 1
4461 1
4461 1
4461 1
4461 1
4387 1
4387 1
4387 1
4387 1
4387 1
4387 1
4387 1
4387 1
4387 1
4387 1
4387 1
4387 1
4387 1
4387 1
4387 1
4387 1
4387 1
4387 1
4387 1
4387 1
4387 1
4387 1
4387 1
4387 1
4387 1
4387 1
4387 1
4387 1
4387 1
4387 1
4387 1
4387 1
4387 1
4387 1
4387 1
4387 1
4387 1
4387 1
4387 1
4387 1
4387 1
4387 1
4387 1
4387 1
4387 1
4391 1
4391 1
4391 1
4391 1
4391 1
4391 1
4391 1
4391 1
4391 1
4391 1
4391 1
4391 1
4391 1
4391 1
4391 1
4391 1
4391 1
4391 1
4391 1
4391 1
4391 1
4391 1
4391 1
4391 1
4391 1
4391 1
4391 1
4391 1
4391 1
4391 1
4391 1
4391 1
4391 1
4391 1
4391 1
4391 1
4391 1
4391 1
4391 1
4391 1
4391 1
4391 1
4391 1
4391 1
4391 1
4669 1
4669 1
4669 1
4669 1
4669 1
4669 1
4669 1
4669 1
4669 1
4669 1
4669 1
4669 1
4669 1
4669 1
4669 1
4669 1
4669 1
4669 1
4669 1
4669 1
4669 1
4669 1
4669 1
4669 1
4669 1
4669 1
4669 1
4669 1
4669 1
4669 1
4669 1
4669 1
4669 1
4669 1
4669 1
4669 1
4669 1
4669 1
4669 1
4669 1
4669 1
4669 1
4669 1
4669 1
4669 1
4843 1
4843 1
4843 1
4843 1
4843 1
4843 1
4843 1
4843 1
4843 1
4843 1
4843 1
4843 1
4843 1
4843 1
4843 1
4843 1
4843 1
4843 1
4843 1
4843 1
4843 1
4843 1
4843 1
4843 1
4843 1
4843 1
4843 1
4843 1
4843 1
4843 1
4843 1
4843 1
4843 1
4843 1
4843 1
4843 1
4843 1
4843 1
4843 1
4843 1
4843 1
4843 1
4843 1
4843 1
4843 1
4844 1
4844 1
4844 1
4844 1
4844 1
4844 1
4844 1
4844 1
4844 1
4844 1
4844 1
4844 1
4844 1
4844 1
4844 1
4844 1
4844 1
4844 1
4844 1
4844 1
4844 1
4844 1
4844 1
4844 1
4844 1
4844 1
4844 1
4844 1
4844 1
4844 1
4844 1
4844 1
4844 1
4844 1
4844 1
4844 1
4844 1
4844 1
4844 1
4844 1
4844 1
4844 1
4844 1
4844 1
4844 1
5020 1
5020 1
5020 1
5020 1
5020 1
5020 1
5020 1
5020 1
5020 1
5020 1
5020 1
5020 1
5020 1
5020 1
5020 1
5020 1
5020 1
5020 1
5020 1
5020 1
5020 1
5020 1
5020 1
5020 1
5020 1
5020 1
5020 1
5020 1
5020 1
5020 1
5020 1
5020 1
5020 1
5020 1
5020 1
5020 1
5020 1
5020 1
5020 1
5020 1
5020 1
5020 1
5020 1
5020 1
5020 1
5022 1
5022 1
5022 1
5022 1
5022 1
5022 1
5022 1
5022 1
5022 1
5022 1
5022 1
5022 1
5022 1
5022 1
5022 1
5022 1
5022 1
5022 1
5022 1
5022 1
5022 1
5022 1
5022 1
5022 1
5022 1
5022 1
5022 1
5022 1
5022 1
5022 1
5022 1
5022 1
5022 1
5022 1
5022 1
5022 1
5022 1
5022 1
5022 1
5022 1
5022 1
5022 1
5022 1
5022 1
5022 1
5283 1
5283 1
5283 1
5283 1
5283 1
5283 1
5283 1
5283 1
5283 1
5283 1
5283 1
5283 1
5283 1
5283 1
5283 1
5283 1
5283 1
5283 1
5283 1
5283 1
5283 1
5283 1
5283 1
5283 1
5283 1
5283 1
5283 1
5283 1
5283 1
5283 1
5283 1
5283 1
5283 1
5283 1
5283 1
5283 1
5283 1
5283 1
5283 1
5283 1
5283 1
5283 1
5283 1
5283 1
5283 1
5288 1
5288 1
5288 1
5288 1
5288 1
5288 1
5288 1
5288 1
5288 1
5288 1
5288 1
5288 1
5288 1
5288 1
5288 1
5288 1
5288 1
5288 1
5288 1
5288 1
5288 1
5288 1
5288 1
5288 1
5288 1
5288 1
5288 1
5288 1
5288 1
5288 1
5288 1
5288 1
5288 1
5288 1
5288 1
5288 1
5288 1
5288 1
5288 1
5288 1
5288 1
5288 1
5288 1
5288 1
5288 1
5372 1
5372 1
5372 1
5372 1
5372 1
5372 1
5372 1
5372 1
5372 1
5372 1
5372 1
5372 1
5372 1
5372 1
5372 1
5372 1
5372 1
5372 1
5372 1
5372 1
5372 1
5372 1
5372 1
5372 1
5372 1
5372 1
5372 1
5372 1
5372 1
5372 1
5372 1
5372 1
5372 1
5372 1
5372 1
5372 1
5372 1
5372 1
5372 1
5372 1
5372 1
5372 1
5372 1
5372 1
5372 1
5624 1
5624 1
5624 1
5624 1
5624 1
5624 1
5624 1
5624 1
5624 1
5624 1
5624 1
5624 1
5624 1
5624 1
5624 1
5624 1
5624 1
5624 1
5624 1
5624 1
5624 1
5624 1
5624 1
5624 1
5624 1
5624 1
5624 1
5624 1
5624 1
5624 1
5624 1
5624 1
5624 1
5624 1
5624 1
5624 1
5624 1
5624 1
5624 1
5624 1
5624 1
5624 1
5624 1
5624 1
5624 1
5716 1
5716 1
5716 1
5716 1
5716 1
5716 1
5716 1
5716 1
5716 1
5716 1
5716 1
5716 1
5716 1
5716 1
5716 1
5716 1
5716 1
5716 1
5716 1
5716 1
5716 1
5716 1
5716 1
5716 1
5716 1
5716 1
5716 1
5716 1
5716 1
5716 1
5716 1
5716 1
5716 1
5716 1
5716 1
5716 1
5716 1
5716 1
5716 1
5716 1
5716 1
5716 1
5716 1
5716 1
5716 1
10108 1
10108 1
10108 1
10108 1
10108 1
10108 1
10108 1
10108 1
10108 1
10108 1
10108 1
10108 1
10108 1
10108 1
10108 1
10108 1
10108 1
10108 1
10108 1
10108 1
10108 1
10108 1
10108 1
10108 1
10108 1
10108 1
10108 1
10108 1
10108 1
10108 1
10108 1
10108 1
10108 1
10108 1
10108 1
10108 1
10108 1
10108 1
10108 1
10108 1
10108 1
10108 1
10108 1
10108 1
10108 1
10424 1
10424 1
10424 1
10424 1
10424 1
10424 1
10424 1
10424 1
10424 1
10424 1
10424 1
10424 1
10424 1
10424 1
10424 1
10424 1
10424 1
10424 1
10424 1
10424 1
10424 1
10424 1
10424 1
10424 1
10424 1
10424 1
10424 1
10424 1
10424 1
10424 1
10424 1
10424 1
10424 1
10424 1
10424 1
10424 1
10424 1
10424 1
10424 1
10424 1
10424 1
10424 1
10424 1
10424 1
10424 1
5723 1
5723 1
5723 1
5723 1
5723 1
5723 1
5723 1
5723 1
5723 1
5723 1
5723 1
5723 1
5723 1
5723 1
5723 1
5723 1
5723 1
5723 1
5723 1
5723 1
5723 1
5723 1
5723 1
5723 1
5723 1
5723 1
5723 1
5723 1
5723 1
5723 1
5723 1
5723 1
5723 1
5723 1
5723 1
5723 1
5723 1
5723 1
5723 1
5723 1
5723 1
5723 1
5723 1
5723 1
5723 1
10182 1
10182 1
10182 1
10182 1
10182 1
10182 1
10182 1
10182 1
10182 1
10182 1
10182 1
10182 1
10182 1
10182 1
10182 1
10182 1
10182 1
10182 1
10182 1
10182 1
10182 1
10182 1
10182 1
10182 1
10182 1
10182 1
10182 1
10182 1
10182 1
10182 1
10182 1
10182 1
10182 1
10182 1
10182 1
10182 1
10182 1
10182 1
10182 1
10182 1
10182 1
10182 1
10182 1
10182 1
10182 1
10166 1
10166 1
10166 1
10166 1
10166 1
10166 1
10166 1
10166 1
10166 1
10166 1
10166 1
10166 1
10166 1
10166 1
10166 1
10166 1
10166 1
10166 1
10166 1
10166 1
10166 1
10166 1
10166 1
10166 1
10166 1
10166 1
10166 1
10166 1
10166 1
10166 1
10166 1
10166 1
10166 1
10166 1
10166 1
10166 1
10166 1
10166 1
10166 1
10166 1
10166 1
10166 1
10166 1
10166 1
10166 1
10452 1
10452 1
10452 1
10452 1
10452 1
10452 1
10452 1
10452 1
10452 1
10452 1
10452 1
10452 1
10452 1
10452 1
10452 1
10452 1
10452 1
10452 1
10452 1
10452 1
10452 1
10452 1
10452 1
10452 1
10452 1
10452 1
10452 1
10452 1
10452 1
10452 1
10452 1
10452 1
10452 1
10452 1
10452 1
10452 1
10452 1
10452 1
10452 1
10452 1
10452 1
10452 1
10452 1
10452 1
10452 1
5807 1
5807 1
5807 1
5807 1
5807 1
5807 1
5807 1
5807 1
5807 1
5807 1
5807 1
5807 1
5807 1
5807 1
5807 1
5807 1
5807 1
5807 1
5807 1
5807 1
5807 1
5807 1
5807 1
5807 1
5807 1
5807 1
5807 1
5807 1
5807 1
5807 1
5807 1
5807 1
5807 1
5807 1
5807 1
5807 1
5807 1
5807 1
5807 1
5807 1
5807 1
5807 1
5807 1
5807 1
5807 1
5894 1
5894 1
5894 1
5894 1
5894 1
5894 1
5894 1
5894 1
5894 1
5894 1
5894 1
5894 1
5894 1
5894 1
5894 1
5894 1
5894 1
5894 1
5894 1
5894 1
5894 1
5894 1
5894 1
5894 1
5894 1
5894 1
5894 1
5894 1
5894 1
5894 1
5894 1
5894 1
5894 1
5894 1
5894 1
5894 1
5894 1
5894 1
5894 1
5894 1
5894 1
5894 1
5894 1
5894 1
5894 1
5808 1
5808 1
5808 1
5808 1
5808 1
5808 1
5808 1
5808 1
5808 1
5808 1
5808 1
5808 1
5808 1
5808 1
5808 1
5808 1
5808 1
5808 1
5808 1
5808 1
5808 1
5808 1
5808 1
5808 1
5808 1
5808 1
5808 1
5808 1
5808 1
5808 1
5808 1
5808 1
5808 1
5808 1
5808 1
5808 1
5808 1
5808 1
5808 1
5808 1
5808 1
5808 1
5808 1
5808 1
5808 1
5992 1
5992 1
5992 1
5992 1
5992 1
5992 1
5992 1
5992 1
5992 1
5992 1
5992 1
5992 1
5992 1
5992 1
5992 1
5992 1
5992 1
5992 1
5992 1
5992 1
5992 1
5992 1
5992 1
5992 1
5992 1
5992 1
5992 1
5992 1
5992 1
5992 1
5992 1
5992 1
5992 1
5992 1
5992 1
5992 1
5992 1
5992 1
5992 1
5992 1
5992 1
5992 1
5992 1
5992 1
5992 1
5993 1
5993 1
5993 1
5993 1
5993 1
5993 1
5993 1
5993 1
5993 1
5993 1
5993 1
5993 1
5993 1
5993 1
5993 1
5993 1
5993 1
5993 1
5993 1
5993 1
5993 1
5993 1
5993 1
5993 1
5993 1
5993 1
5993 1
5993 1
5993 1
5993 1
5993 1
5993 1
5993 1
5993 1
5993 1
5993 1
5993 1
5993 1
5993 1
5993 1
5993 1
5993 1
5993 1
5993 1
5993 1
5814 1
5814 1
5814 1
5814 1
5814 1
5814 1
5814 1
5814 1
5814 1
5814 1
5814 1
5814 1
5814 1
5814 1
5814 1
5814 1
5814 1
5814 1
5814 1
5814 1
5814 1
5814 1
5814 1
5814 1
5814 1
5814 1
5814 1
5814 1
5814 1
5814 1
5814 1
5814 1
5814 1
5814 1
5814 1
5814 1
5814 1
5814 1
5814 1
5814 1
5814 1
5814 1
5814 1
5814 1
5814 1
5815 1
5815 1
5815 1
5815 1
5815 1
5815 1
5815 1
5815 1
5815 1
5815 1
5815 1
5815 1
5815 1
5815 1
5815 1
5815 1
5815 1
5815 1
5815 1
5815 1
5815 1
5815 1
5815 1
5815 1
5815 1
5815 1
5815 1
5815 1
5815 1
5815 1
5815 1
5815 1
5815 1
5815 1
5815 1
5815 1
5815 1
5815 1
5815 1
5815 1
5815 1
5815 1
5815 1
5815 1
5815 1
5995 1
5995 1
5995 1
5995 1
5995 1
5995 1
5995 1
5995 1
5995 1
5995 1
5995 1
5995 1
5995 1
5995 1
5995 1
5995 1
5995 1
5995 1
5995 1
5995 1
5995 1
5995 1
5995 1
5995 1
5995 1
5995 1
5995 1
5995 1
5995 1
5995 1
5995 1
5995 1
5995 1
5995 1
5995 1
5995 1
5995 1
5995 1
5995 1
5995 1
5995 1
5995 1
5995 1
5995 1
5995 1
5903 1
5903 1
5903 1
5903 1
5903 1
5903 1
5903 1
5903 1
5903 1
5903 1
5903 1
5903 1
5903 1
5903 1
5903 1
5903 1
5903 1
5903 1
5903 1
5903 1
5903 1
5903 1
5903 1
5903 1
5903 1
5903 1
5903 1
5903 1
5903 1
5903 1
5903 1
5903 1
5903 1
5903 1
5903 1
5903 1
5903 1
5903 1
5903 1
5903 1
5903 1
5903 1
5903 1
5903 1
5903 1
5997 1
5997 1
5997 1
5997 1
5997 1
5997 1
5997 1
5997 1
5997 1
5997 1
5997 1
5997 1
5997 1
5997 1
5997 1
5997 1
5997 1
5997 1
5997 1
5997 1
5997 1
5997 1
5997 1
5997 1
5997 1
5997 1
5997 1
5997 1
5997 1
5997 1
5997 1
5997 1
5997 1
5997 1
5997 1
5997 1
5997 1
5997 1
5997 1
5997 1
5997 1
5997 1
5997 1
5997 1
5997 1
6092 1
6092 1
6092 1
6092 1
6092 1
6092 1
6092 1
6092 1
6092 1
6092 1
6092 1
6092 1
6092 1
6092 1
6092 1
6092 1
6092 1
6092 1
6092 1
6092 1
6092 1
6092 1
6092 1
6092 1
6092 1
6092 1
6092 1
6092 1
6092 1
6092 1
6092 1
6092 1
6092 1
6092 1
6092 1
6092 1
6092 1
6092 1
6092 1
6092 1
6092 1
6092 1
6092 1
6092 1
6092 1
5998 1
5998 1
5998 1
5998 1
5998 1
5998 1
5998 1
5998 1
5998 1
5998 1
5998 1
5998 1
5998 1
5998 1
5998 1
5998 1
5998 1
5998 1
5998 1
5998 1
5998 1
5998 1
5998 1
5998 1
5998 1
5998 1
5998 1
5998 1
5998 1
5998 1
5998 1
5998 1
5998 1
5998 1
5998 1
5998 1
5998 1
5998 1
5998 1
5998 1
5998 1
5998 1
5998 1
5998 1
5998 1
5905 1
5905 1
5905 1
5905 1
5905 1
5905 1
5905 1
5905 1
5905 1
5905 1
5905 1
5905 1
5905 1
5905 1
5905 1
5905 1
5905 1
5905 1
5905 1
5905 1
5905 1
5905 1
5905 1
5905 1
5905 1
5905 1
5905 1
5905 1
5905 1
5905 1
5905 1
5905 1
5905 1
5905 1
5905 1
5905 1
5905 1
5905 1
5905 1
5905 1
5905 1
5905 1
5905 1
5905 1
5905 1
6097 1
6097 1
6097 1
6097 1
6097 1
6097 1
6097 1
6097 1
6097 1
6097 1
6097 1
6097 1
6097 1
6097 1
6097 1
6097 1
6097 1
6097 1
6097 1
6097 1
6097 1
6097 1
6097 1
6097 1
6097 1
6097 1
6097 1
6097 1
6097 1
6097 1
6097 1
6097 1
6097 1
6097 1
6097 1
6097 1
6097 1
6097 1
6097 1
6097 1
6097 1
6097 1
6097 1
6097 1
6097 1
6098 1
6098 1
6098 1
6098 1
6098 1
6098 1
6098 1
6098 1
6098 1
6098 1
6098 1
6098 1
6098 1
6098 1
6098 1
6098 1
6098 1
6098 1
6098 1
6098 1
6098 1
6098 1
6098 1
6098 1
6098 1
6098 1
6098 1
6098 1
6098 1
6098 1
6098 1
6098 1
6098 1
6098 1
6098 1
6098 1
6098 1
6098 1
6098 1
6098 1
6098 1
6098 1
6098 1
6098 1
6098 1
6099 1
6099 1
6099 1
6099 1
6099 1
6099 1
6099 1
6099 1
6099 1
6099 1
6099 1
6099 1
6099 1
6099 1
6099 1
6099 1
6099 1
6099 1
6099 1
6099 1
6099 1
6099 1
6099 1
6099 1
6099 1
6099 1
6099 1
6099 1
6099 1
6099 1
6099 1
6099 1
6099 1
6099 1
6099 1
6099 1
6099 1
6099 1
6099 1
6099 1
6099 1
6099 1
6099 1
6099 1
6099 1
6100 1
6100 1
6100 1
6100 1
6100 1
6100 1
6100 1
6100 1
6100 1
6100 1
6100 1
6100 1
6100 1
6100 1
6100 1
6100 1
6100 1
6100 1
6100 1
6100 1
6100 1
6100 1
6100 1
6100 1
6100 1
6100 1
6100 1
6100 1
6100 1
6100 1
6100 1
6100 1
6100 1
6100 1
6100 1
6100 1
6100 1
6100 1
6100 1
6100 1
6100 1
6100 1
6100 1
6100 1
6100 1
6195 1
6195 1
6195 1
6195 1
6195 1
6195 1
6195 1
6195 1
6195 1
6195 1
6195 1
6195 1
6195 1
6195 1
6195 1
6195 1
6195 1
6195 1
6195 1
6195 1
6195 1
6195 1
6195 1
6195 1
6195 1
6195 1
6195 1
6195 1
6195 1
6195 1
6195 1
6195 1
6195 1
6195 1
6195 1
6195 1
6195 1
6195 1
6195 1
6195 1
6195 1
6195 1
6195 1
6195 1
6195 1
6200 1
6200 1
6200 1
6200 1
6200 1
6200 1
6200 1
6200 1
6200 1
6200 1
6200 1
6200 1
6200 1
6200 1
6200 1
6200 1
6200 1
6200 1
6200 1
6200 1
6200 1
6200 1
6200 1
6200 1
6200 1
6200 1
6200 1
6200 1
6200 1
6200 1
6200 1
6200 1
6200 1
6200 1
6200 1
6200 1
6200 1
6200 1
6200 1
6200 1
6200 1
6200 1
6200 1
6200 1
6200 1
6288 1
6288 1
6288 1
6288 1
6288 1
6288 1
6288 1
6288 1
6288 1
6288 1
6288 1
6288 1
6288 1
6288 1
6288 1
6288 1
6288 1
6288 1
6288 1
6288 1
6288 1
6288 1
6288 1
6288 1
6288 1
6288 1
6288 1
6288 1
6288 1
6288 1
6288 1
6288 1
6288 1
6288 1
6288 1
6288 1
6288 1
6288 1
6288 1
6288 1
6288 1
6288 1
6288 1
6288 1
6288 1
6208 1
6208 1
6208 1
6208 1
6208 1
6208 1
6208 1
6208 1
6208 1
6208 1
6208 1
6208 1
6208 1
6208 1
6208 1
6208 1
6208 1
6208 1
6208 1
6208 1
6208 1
6208 1
6208 1
6208 1
6208 1
6208 1
6208 1
6208 1
6208 1
6208 1
6208 1
6208 1
6208 1
6208 1
6208 1
6208 1
6208 1
6208 1
6208 1
6208 1
6208 1
6208 1
6208 1
6208 1
6208 1
6293 1
6293 1
6293 1
6293 1
6293 1
6293 1
6293 1
6293 1
6293 1
6293 1
6293 1
6293 1
6293 1
6293 1
6293 1
6293 1
6293 1
6293 1
6293 1
6293 1
6293 1
6293 1
6293 1
6293 1
6293 1
6293 1
6293 1
6293 1
6293 1
6293 1
6293 1
6293 1
6293 1
6293 1
6293 1
6293 1
6293 1
6293 1
6293 1
6293 1
6293 1
6293 1
6293 1
6293 1
6293 1
6378 1
6378 1
6378 1
6378 1
6378 1
6378 1
6378 1
6378 1
6378 1
6378 1
6378 1
6378 1
6378 1
6378 1
6378 1
6378 1
6378 1
6378 1
6378 1
6378 1
6378 1
6378 1
6378 1
6378 1
6378 1
6378 1
6378 1
6378 1
6378 1
6378 1
6378 1
6378 1
6378 1
6378 1
6378 1
6378 1
6378 1
6378 1
6378 1
6378 1
6378 1
6378 1
6378 1
6378 1
6378 1
6298 1
6298 1
6298 1
6298 1
6298 1
6298 1
6298 1
6298 1
6298 1
6298 1
6298 1
6298 1
6298 1
6298 1
6298 1
6298 1
6298 1
6298 1
6298 1
6298 1
6298 1
6298 1
6298 1
6298 1
6298 1
6298 1
6298 1
6298 1
6298 1
6298 1
6298 1
6298 1
6298 1
6298 1
6298 1
6298 1
6298 1
6298 1
6298 1
6298 1
6298 1
6298 1
6298 1
6298 1
6298 1
6390 1
6390 1
6390 1
6390 1
6390 1
6390 1
6390 1
6390 1
6390 1
6390 1
6390 1
6390 1
6390 1
6390 1
6390 1
6390 1
6390 1
6390 1
6390 1
6390 1
6390 1
6390 1
6390 1
6390 1
6390 1
6390 1
6390 1
6390 1
6390 1
6390 1
6390 1
6390 1
6390 1
6390 1
6390 1
6390 1
6390 1
6390 1
6390 1
6390 1
6390 1
6390 1
6390 1
6390 1
6390 1
6391 1
6391 1
6391 1
6391 1
6391 1
6391 1
6391 1
6391 1
6391 1
6391 1
6391 1
6391 1
6391 1
6391 1
6391 1
6391 1
6391 1
6391 1
6391 1
6391 1
6391 1
6391 1
6391 1
6391 1
6391 1
6391 1
6391 1
6391 1
6391 1
6391 1
6391 1
6391 1
6391 1
6391 1
6391 1
6391 1
6391 1
6391 1
6391 1
6391 1
6391 1
6391 1
6391 1
6391 1
6391 1
6393 1
6393 1
6393 1
6393 1
6393 1
6393 1
6393 1
6393 1
6393 1
6393 1
6393 1
6393 1
6393 1
6393 1
6393 1
6393 1
6393 1
6393 1
6393 1
6393 1
6393 1
6393 1
6393 1
6393 1
6393 1
6393 1
6393 1
6393 1
6393 1
6393 1
6393 1
6393 1
6393 1
6393 1
6393 1
6393 1
6393 1
6393 1
6393 1
6393 1
6393 1
6393 1
6393 1
6393 1
6393 1
6640 1
6640 1
6640 1
6640 1
6640 1
6640 1
6640 1
6640 1
6640 1
6640 1
6640 1
6640 1
6640 1
6640 1
6640 1
6640 1
6640 1
6640 1
6640 1
6640 1
6640 1
6640 1
6640 1
6640 1
6640 1
6640 1
6640 1
6640 1
6640 1
6640 1
6640 1
6640 1
6640 1
6640 1
6640 1
6640 1
6640 1
6640 1
6640 1
6640 1
6640 1
6640 1
6640 1
6640 1
6640 1
6644 1
6644 1
6644 1
6644 1
6644 1
6644 1
6644 1
6644 1
6644 1
6644 1
6644 1
6644 1
6644 1
6644 1
6644 1
6644 1
6644 1
6644 1
6644 1
6644 1
6644 1
6644 1
6644 1
6644 1
6644 1
6644 1
6644 1
6644 1
6644 1
6644 1
6644 1
6644 1
6644 1
6644 1
6644 1
6644 1
6644 1
6644 1
6644 1
6644 1
6644 1
6644 1
6644 1
6644 1
6644 1
6789 1
6789 1
6789 1
6789 1
6789 1
6789 1
6789 1
6789 1
6789 1
6789 1
6789 1
6789 1
6789 1
6789 1
6789 1
6789 1
6789 1
6789 1
6789 1
6789 1
6789 1
6789 1
6789 1
6789 1
6789 1
6789 1
6789 1
6789 1
6789 1
6789 1
6789 1
6789 1
6789 1
6789 1
6789 1
6789 1
6789 1
6789 1
6789 1
6789 1
6789 1
6789 1
6789 1
6789 1
6789 1
6859 1
6859 1
6859 1
6859 1
6859 1
6859 1
6859 1
6859 1
6859 1
6859 1
6859 1
6859 1
6859 1
6859 1
6859 1
6859 1
6859 1
6859 1
6859 1
6859 1
6859 1
6859 1
6859 1
6859 1
6859 1
6859 1
6859 1
6859 1
6859 1
6859 1
6859 1
6859 1
6859 1
6859 1
6859 1
6859 1
6859 1
6859 1
6859 1
6859 1
6859 1
6859 1
6859 1
6859 1
6859 1
