pt_graph scale
1217 418.104831492066
1217 418.104831492066
1217 418.104831492066
1217 418.104831492066
1217 0
1217 16.2976506140842
1217 16.2976506140842
1217 46.407466436374
1217 46.407466436374
1217 0.35674348165933
1217 0.208960843373494
1217 0.208960843373494
1217 0.208960843373494
1217 0.0174595094736627
1217 0.164514798479691
1217 0.120625281164897
1217 0.152874349264149
1217 0
1217 0
1217 0
1217 0.160325333507038
1217 0.160325333507038
1217 0
1217 28.3919163700434
1217 28.3919163700434
1217 28.3919163700434
1217 7.92034892865881
1217 0
1217 0
1217 0
1217 0.77906543442073
1217 0.77906543442073
1217 0
1217 0
1217 0
1217 1.0345236079077
1217 18.8755115600355
1217 18.8755115600355
1217 18.8755115600355
1333 418.104831492066
1333 418.104831492066
1333 418.104831492066
1333 418.104831492066
1333 0
1333 16.2976506140842
1333 16.2976506140842
1333 46.407466436374
1333 46.407466436374
1333 0.35674348165933
1333 0.208960843373494
1333 0.208960843373494
1333 0.208960843373494
1333 0.0174595094736627
1333 0.164514798479691
1333 0.120625281164897
1333 0.152874349264149
1333 0
1333 0
1333 0
1333 0.160325333507038
1333 0.160325333507038
1333 0
1333 28.3919163700434
1333 28.3919163700434
1333 28.3919163700434
1333 7.92034892865881
1333 0
1333 0
1333 0
1333 0.77906543442073
1333 0.77906543442073
1333 0
1333 0
1333 0
1333 1.0345236079077
1333 18.8755115600355
1333 18.8755115600355
1333 18.8755115600355
1347 418.104831492066
1347 418.104831492066
1347 418.104831492066
1347 418.104831492066
1347 0
1347 16.2976506140842
1347 16.2976506140842
1347 46.407466436374
1347 46.407466436374
1347 0.35674348165933
1347 0.208960843373494
1347 0.208960843373494
1347 0.208960843373494
1347 0.0174595094736627
1347 0.164514798479691
1347 0.120625281164897
1347 0.152874349264149
1347 0
1347 0
1347 0
1347 0.160325333507038
1347 0.160325333507038
1347 0
1347 28.3919163700434
1347 28.3919163700434
1347 28.3919163700434
1347 7.92034892865881
1347 0
1347 0
1347 0
1347 0.77906543442073
1347 0.77906543442073
1347 0
1347 0
1347 0
1347 1.0345236079077
1347 18.8755115600355
1347 18.8755115600355
1347 18.8755115600355
1348 418.104831492066
1348 418.104831492066
1348 418.104831492066
1348 418.104831492066
1348 0
1348 16.2976506140842
1348 16.2976506140842
1348 46.407466436374
1348 46.407466436374
1348 0.35674348165933
1348 0.208960843373494
1348 0.208960843373494
1348 0.208960843373494
1348 0.0174595094736627
1348 0.164514798479691
1348 0.120625281164897
1348 0.152874349264149
1348 0
1348 0
1348 0
1348 0.160325333507038
1348 0.160325333507038
1348 0
1348 28.3919163700434
1348 28.3919163700434
1348 28.3919163700434
1348 7.92034892865881
1348 0
1348 0
1348 0
1348 0.77906543442073
1348 0.77906543442073
1348 0
1348 0
1348 0
1348 1.0345236079077
1348 18.8755115600355
1348 18.8755115600355
1348 18.8755115600355
1349 418.104831492066
1349 418.104831492066
1349 418.104831492066
1349 418.104831492066
1349 0
1349 16.2976506140842
1349 16.2976506140842
1349 46.407466436374
1349 46.407466436374
1349 0.35674348165933
1349 0.208960843373494
1349 0.208960843373494
1349 0.208960843373494
1349 0.0174595094736627
1349 0.164514798479691
1349 0.120625281164897
1349 0.152874349264149
1349 0
1349 0
1349 0
1349 0.160325333507038
1349 0.160325333507038
1349 0
1349 28.3919163700434
1349 28.3919163700434
1349 28.3919163700434
1349 7.92034892865881
1349 0
1349 0
1349 0
1349 0.77906543442073
1349 0.77906543442073
1349 0
1349 0
1349 0
1349 1.0345236079077
1349 18.8755115600355
1349 18.8755115600355
1349 18.8755115600355
1350 418.104831492066
1350 418.104831492066
1350 418.104831492066
1350 418.104831492066
1350 0
1350 16.2976506140842
1350 16.2976506140842
1350 46.407466436374
1350 46.407466436374
1350 0.35674348165933
1350 0.208960843373494
1350 0.208960843373494
1350 0.208960843373494
1350 0.0174595094736627
1350 0.164514798479691
1350 0.120625281164897
1350 0.152874349264149
1350 0
1350 0
1350 0
1350 0.160325333507038
1350 0.160325333507038
1350 0
1350 28.3919163700434
1350 28.3919163700434
1350 28.3919163700434
1350 7.92034892865881
1350 0
1350 0
1350 0
1350 0.77906543442073
1350 0.77906543442073
1350 0
1350 0
1350 0
1350 1.0345236079077
1350 18.8755115600355
1350 18.8755115600355
1350 18.8755115600355
1351 418.104831492066
1351 418.104831492066
1351 418.104831492066
1351 418.104831492066
1351 0
1351 16.2976506140842
1351 16.2976506140842
1351 46.407466436374
1351 46.407466436374
1351 0.35674348165933
1351 0.208960843373494
1351 0.208960843373494
1351 0.208960843373494
1351 0.0174595094736627
1351 0.164514798479691
1351 0.120625281164897
1351 0.152874349264149
1351 0
1351 0
1351 0
1351 0.160325333507038
1351 0.160325333507038
1351 0
1351 28.3919163700434
1351 28.3919163700434
1351 28.3919163700434
1351 7.92034892865881
1351 0
1351 0
1351 0
1351 0.77906543442073
1351 0.77906543442073
1351 0
1351 0
1351 0
1351 1.0345236079077
1351 18.8755115600355
1351 18.8755115600355
1351 18.8755115600355
1400 418.104831492066
1400 418.104831492066
1400 418.104831492066
1400 418.104831492066
1400 0
1400 16.2976506140842
1400 16.2976506140842
1400 46.407466436374
1400 46.407466436374
1400 0.35674348165933
1400 0.208960843373494
1400 0.208960843373494
1400 0.208960843373494
1400 0.0174595094736627
1400 0.164514798479691
1400 0.120625281164897
1400 0.152874349264149
1400 0
1400 0
1400 0
1400 0.160325333507038
1400 0.160325333507038
1400 0
1400 28.3919163700434
1400 28.3919163700434
1400 28.3919163700434
1400 7.92034892865881
1400 0
1400 0
1400 0
1400 0.77906543442073
1400 0.77906543442073
1400 0
1400 0
1400 0
1400 1.0345236079077
1400 18.8755115600355
1400 18.8755115600355
1400 18.8755115600355
1412 418.104831492066
1412 418.104831492066
1412 418.104831492066
1412 418.104831492066
1412 0
1412 16.2976506140842
1412 16.2976506140842
1412 46.407466436374
1412 46.407466436374
1412 0.35674348165933
1412 0.208960843373494
1412 0.208960843373494
1412 0.208960843373494
1412 0.0174595094736627
1412 0.164514798479691
1412 0.120625281164897
1412 0.152874349264149
1412 0
1412 0
1412 0
1412 0.160325333507038
1412 0.160325333507038
1412 0
1412 28.3919163700434
1412 28.3919163700434
1412 28.3919163700434
1412 7.92034892865881
1412 0
1412 0
1412 0
1412 0.77906543442073
1412 0.77906543442073
1412 0
1412 0
1412 0
1412 1.0345236079077
1412 18.8755115600355
1412 18.8755115600355
1412 18.8755115600355
1413 418.104831492066
1413 418.104831492066
1413 418.104831492066
1413 418.104831492066
1413 0
1413 16.2976506140842
1413 16.2976506140842
1413 46.407466436374
1413 46.407466436374
1413 0.35674348165933
1413 0.208960843373494
1413 0.208960843373494
1413 0.208960843373494
1413 0.0174595094736627
1413 0.164514798479691
1413 0.120625281164897
1413 0.152874349264149
1413 0
1413 0
1413 0
1413 0.160325333507038
1413 0.160325333507038
1413 0
1413 28.3919163700434
1413 28.3919163700434
1413 28.3919163700434
1413 7.92034892865881
1413 0
1413 0
1413 0
1413 0.77906543442073
1413 0.77906543442073
1413 0
1413 0
1413 0
1413 1.0345236079077
1413 18.8755115600355
1413 18.8755115600355
1413 18.8755115600355
1414 418.104831492066
1414 418.104831492066
1414 418.104831492066
1414 418.104831492066
1414 0
1414 16.2976506140842
1414 16.2976506140842
1414 46.407466436374
1414 46.407466436374
1414 0.35674348165933
1414 0.208960843373494
1414 0.208960843373494
1414 0.208960843373494
1414 0.0174595094736627
1414 0.164514798479691
1414 0.120625281164897
1414 0.152874349264149
1414 0
1414 0
1414 0
1414 0.160325333507038
1414 0.160325333507038
1414 0
1414 28.3919163700434
1414 28.3919163700434
1414 28.3919163700434
1414 7.92034892865881
1414 0
1414 0
1414 0
1414 0.77906543442073
1414 0.77906543442073
1414 0
1414 0
1414 0
1414 1.0345236079077
1414 18.8755115600355
1414 18.8755115600355
1414 18.8755115600355
1415 418.104831492066
1415 418.104831492066
1415 418.104831492066
1415 418.104831492066
1415 0
1415 16.2976506140842
1415 16.2976506140842
1415 46.407466436374
1415 46.407466436374
1415 0.35674348165933
1415 0.208960843373494
1415 0.208960843373494
1415 0.208960843373494
1415 0.0174595094736627
1415 0.164514798479691
1415 0.120625281164897
1415 0.152874349264149
1415 0
1415 0
1415 0
1415 0.160325333507038
1415 0.160325333507038
1415 0
1415 28.3919163700434
1415 28.3919163700434
1415 28.3919163700434
1415 7.92034892865881
1415 0
1415 0
1415 0
1415 0.77906543442073
1415 0.77906543442073
1415 0
1415 0
1415 0
1415 1.0345236079077
1415 18.8755115600355
1415 18.8755115600355
1415 18.8755115600355
1464 418.104831492066
1464 418.104831492066
1464 418.104831492066
1464 418.104831492066
1464 0
1464 16.2976506140842
1464 16.2976506140842
1464 46.407466436374
1464 46.407466436374
1464 0.35674348165933
1464 0.208960843373494
1464 0.208960843373494
1464 0.208960843373494
1464 0.0174595094736627
1464 0.164514798479691
1464 0.120625281164897
1464 0.152874349264149
1464 0
1464 0
1464 0
1464 0.160325333507038
1464 0.160325333507038
1464 0
1464 28.3919163700434
1464 28.3919163700434
1464 28.3919163700434
1464 7.92034892865881
1464 0
1464 0
1464 0
1464 0.77906543442073
1464 0.77906543442073
1464 0
1464 0
1464 0
1464 1.0345236079077
1464 18.8755115600355
1464 18.8755115600355
1464 18.8755115600355
1416 418.104831492066
1416 418.104831492066
1416 418.104831492066
1416 418.104831492066
1416 0
1416 16.2976506140842
1416 16.2976506140842
1416 46.407466436374
1416 46.407466436374
1416 0.35674348165933
1416 0.208960843373494
1416 0.208960843373494
1416 0.208960843373494
1416 0.0174595094736627
1416 0.164514798479691
1416 0.120625281164897
1416 0.152874349264149
1416 0
1416 0
1416 0
1416 0.160325333507038
1416 0.160325333507038
1416 0
1416 28.3919163700434
1416 28.3919163700434
1416 28.3919163700434
1416 7.92034892865881
1416 0
1416 0
1416 0
1416 0.77906543442073
1416 0.77906543442073
1416 0
1416 0
1416 0
1416 1.0345236079077
1416 18.8755115600355
1416 18.8755115600355
1416 18.8755115600355
1470 418.104831492066
1470 418.104831492066
1470 418.104831492066
1470 418.104831492066
1470 0
1470 16.2976506140842
1470 16.2976506140842
1470 46.407466436374
1470 46.407466436374
1470 0.35674348165933
1470 0.208960843373494
1470 0.208960843373494
1470 0.208960843373494
1470 0.0174595094736627
1470 0.164514798479691
1470 0.120625281164897
1470 0.152874349264149
1470 0
1470 0
1470 0
1470 0.160325333507038
1470 0.160325333507038
1470 0
1470 28.3919163700434
1470 28.3919163700434
1470 28.3919163700434
1470 7.92034892865881
1470 0
1470 0
1470 0
1470 0.77906543442073
1470 0.77906543442073
1470 0
1470 0
1470 0
1470 1.0345236079077
1470 18.8755115600355
1470 18.8755115600355
1470 18.8755115600355
1482 418.104831492066
1482 418.104831492066
1482 418.104831492066
1482 418.104831492066
1482 0
1482 16.2976506140842
1482 16.2976506140842
1482 46.407466436374
1482 46.407466436374
1482 0.35674348165933
1482 0.208960843373494
1482 0.208960843373494
1482 0.208960843373494
1482 0.0174595094736627
1482 0.164514798479691
1482 0.120625281164897
1482 0.152874349264149
1482 0
1482 0
1482 0
1482 0.160325333507038
1482 0.160325333507038
1482 0
1482 28.3919163700434
1482 28.3919163700434
1482 28.3919163700434
1482 7.92034892865881
1482 0
1482 0
1482 0
1482 0.77906543442073
1482 0.77906543442073
1482 0
1482 0
1482 0
1482 1.0345236079077
1482 18.8755115600355
1482 18.8755115600355
1482 18.8755115600355
1484 418.104831492066
1484 418.104831492066
1484 418.104831492066
1484 418.104831492066
1484 0
1484 16.2976506140842
1484 16.2976506140842
1484 46.407466436374
1484 46.407466436374
1484 0.35674348165933
1484 0.208960843373494
1484 0.208960843373494
1484 0.208960843373494
1484 0.0174595094736627
1484 0.164514798479691
1484 0.120625281164897
1484 0.152874349264149
1484 0
1484 0
1484 0
1484 0.160325333507038
1484 0.160325333507038
1484 0
1484 28.3919163700434
1484 28.3919163700434
1484 28.3919163700434
1484 7.92034892865881
1484 0
1484 0
1484 0
1484 0.77906543442073
1484 0.77906543442073
1484 0
1484 0
1484 0
1484 1.0345236079077
1484 18.8755115600355
1484 18.8755115600355
1484 18.8755115600355
1485 418.104831492066
1485 418.104831492066
1485 418.104831492066
1485 418.104831492066
1485 0
1485 16.2976506140842
1485 16.2976506140842
1485 46.407466436374
1485 46.407466436374
1485 0.35674348165933
1485 0.208960843373494
1485 0.208960843373494
1485 0.208960843373494
1485 0.0174595094736627
1485 0.164514798479691
1485 0.120625281164897
1485 0.152874349264149
1485 0
1485 0
1485 0
1485 0.160325333507038
1485 0.160325333507038
1485 0
1485 28.3919163700434
1485 28.3919163700434
1485 28.3919163700434
1485 7.92034892865881
1485 0
1485 0
1485 0
1485 0.77906543442073
1485 0.77906543442073
1485 0
1485 0
1485 0
1485 1.0345236079077
1485 18.8755115600355
1485 18.8755115600355
1485 18.8755115600355
1546 418.104831492066
1546 418.104831492066
1546 418.104831492066
1546 418.104831492066
1546 0
1546 16.2976506140842
1546 16.2976506140842
1546 46.407466436374
1546 46.407466436374
1546 0.35674348165933
1546 0.208960843373494
1546 0.208960843373494
1546 0.208960843373494
1546 0.0174595094736627
1546 0.164514798479691
1546 0.120625281164897
1546 0.152874349264149
1546 0
1546 0
1546 0
1546 0.160325333507038
1546 0.160325333507038
1546 0
1546 28.3919163700434
1546 28.3919163700434
1546 28.3919163700434
1546 7.92034892865881
1546 0
1546 0
1546 0
1546 0.77906543442073
1546 0.77906543442073
1546 0
1546 0
1546 0
1546 1.0345236079077
1546 18.8755115600355
1546 18.8755115600355
1546 18.8755115600355
1611 418.104831492066
1611 418.104831492066
1611 418.104831492066
1611 418.104831492066
1611 0
1611 16.2976506140842
1611 16.2976506140842
1611 46.407466436374
1611 46.407466436374
1611 0.35674348165933
1611 0.208960843373494
1611 0.208960843373494
1611 0.208960843373494
1611 0.0174595094736627
1611 0.164514798479691
1611 0.120625281164897
1611 0.152874349264149
1611 0
1611 0
1611 0
1611 0.160325333507038
1611 0.160325333507038
1611 0
1611 28.3919163700434
1611 28.3919163700434
1611 28.3919163700434
1611 7.92034892865881
1611 0
1611 0
1611 0
1611 0.77906543442073
1611 0.77906543442073
1611 0
1611 0
1611 0
1611 1.0345236079077
1611 18.8755115600355
1611 18.8755115600355
1611 18.8755115600355
1612 418.104831492066
1612 418.104831492066
1612 418.104831492066
1612 418.104831492066
1612 0
1612 16.2976506140842
1612 16.2976506140842
1612 46.407466436374
1612 46.407466436374
1612 0.35674348165933
1612 0.208960843373494
1612 0.208960843373494
1612 0.208960843373494
1612 0.0174595094736627
1612 0.164514798479691
1612 0.120625281164897
1612 0.152874349264149
1612 0
1612 0
1612 0
1612 0.160325333507038
1612 0.160325333507038
1612 0
1612 28.3919163700434
1612 28.3919163700434
1612 28.3919163700434
1612 7.92034892865881
1612 0
1612 0
1612 0
1612 0.77906543442073
1612 0.77906543442073
1612 0
1612 0
1612 0
1612 1.0345236079077
1612 18.8755115600355
1612 18.8755115600355
1612 18.8755115600355
1617 418.104831492066
1617 418.104831492066
1617 418.104831492066
1617 418.104831492066
1617 0
1617 16.2976506140842
1617 16.2976506140842
1617 46.407466436374
1617 46.407466436374
1617 0.35674348165933
1617 0.208960843373494
1617 0.208960843373494
1617 0.208960843373494
1617 0.0174595094736627
1617 0.164514798479691
1617 0.120625281164897
1617 0.152874349264149
1617 0
1617 0
1617 0
1617 0.160325333507038
1617 0.160325333507038
1617 0
1617 28.3919163700434
1617 28.3919163700434
1617 28.3919163700434
1617 7.92034892865881
1617 0
1617 0
1617 0
1617 0.77906543442073
1617 0.77906543442073
1617 0
1617 0
1617 0
1617 1.0345236079077
1617 18.8755115600355
1617 18.8755115600355
1617 18.8755115600355
1624 418.104831492066
1624 418.104831492066
1624 418.104831492066
1624 418.104831492066
1624 0
1624 16.2976506140842
1624 16.2976506140842
1624 46.407466436374
1624 46.407466436374
1624 0.35674348165933
1624 0.208960843373494
1624 0.208960843373494
1624 0.208960843373494
1624 0.0174595094736627
1624 0.164514798479691
1624 0.120625281164897
1624 0.152874349264149
1624 0
1624 0
1624 0
1624 0.160325333507038
1624 0.160325333507038
1624 0
1624 28.3919163700434
1624 28.3919163700434
1624 28.3919163700434
1624 7.92034892865881
1624 0
1624 0
1624 0
1624 0.77906543442073
1624 0.77906543442073
1624 0
1624 0
1624 0
1624 1.0345236079077
1624 18.8755115600355
1624 18.8755115600355
1624 18.8755115600355
1698 418.104831492066
1698 418.104831492066
1698 418.104831492066
1698 418.104831492066
1698 0
1698 16.2976506140842
1698 16.2976506140842
1698 46.407466436374
1698 46.407466436374
1698 0.35674348165933
1698 0.208960843373494
1698 0.208960843373494
1698 0.208960843373494
1698 0.0174595094736627
1698 0.164514798479691
1698 0.120625281164897
1698 0.152874349264149
1698 0
1698 0
1698 0
1698 0.160325333507038
1698 0.160325333507038
1698 0
1698 28.3919163700434
1698 28.3919163700434
1698 28.3919163700434
1698 7.92034892865881
1698 0
1698 0
1698 0
1698 0.77906543442073
1698 0.77906543442073
1698 0
1698 0
1698 0
1698 1.0345236079077
1698 18.8755115600355
1698 18.8755115600355
1698 18.8755115600355
1761 418.104831492066
1761 418.104831492066
1761 418.104831492066
1761 418.104831492066
1761 0
1761 16.2976506140842
1761 16.2976506140842
1761 46.407466436374
1761 46.407466436374
1761 0.35674348165933
1761 0.208960843373494
1761 0.208960843373494
1761 0.208960843373494
1761 0.0174595094736627
1761 0.164514798479691
1761 0.120625281164897
1761 0.152874349264149
1761 0
1761 0
1761 0
1761 0.160325333507038
1761 0.160325333507038
1761 0
1761 28.3919163700434
1761 28.3919163700434
1761 28.3919163700434
1761 7.92034892865881
1761 0
1761 0
1761 0
1761 0.77906543442073
1761 0.77906543442073
1761 0
1761 0
1761 0
1761 1.0345236079077
1761 18.8755115600355
1761 18.8755115600355
1761 18.8755115600355
1833 418.104831492066
1833 418.104831492066
1833 418.104831492066
1833 418.104831492066
1833 0
1833 16.2976506140842
1833 16.2976506140842
1833 46.407466436374
1833 46.407466436374
1833 0.35674348165933
1833 0.208960843373494
1833 0.208960843373494
1833 0.208960843373494
1833 0.0174595094736627
1833 0.164514798479691
1833 0.120625281164897
1833 0.152874349264149
1833 0
1833 0
1833 0
1833 0.160325333507038
1833 0.160325333507038
1833 0
1833 28.3919163700434
1833 28.3919163700434
1833 28.3919163700434
1833 7.92034892865881
1833 0
1833 0
1833 0
1833 0.77906543442073
1833 0.77906543442073
1833 0
1833 0
1833 0
1833 1.0345236079077
1833 18.8755115600355
1833 18.8755115600355
1833 18.8755115600355
1834 418.104831492066
1834 418.104831492066
1834 418.104831492066
1834 418.104831492066
1834 0
1834 16.2976506140842
1834 16.2976506140842
1834 46.407466436374
1834 46.407466436374
1834 0.35674348165933
1834 0.208960843373494
1834 0.208960843373494
1834 0.208960843373494
1834 0.0174595094736627
1834 0.164514798479691
1834 0.120625281164897
1834 0.152874349264149
1834 0
1834 0
1834 0
1834 0.160325333507038
1834 0.160325333507038
1834 0
1834 28.3919163700434
1834 28.3919163700434
1834 28.3919163700434
1834 7.92034892865881
1834 0
1834 0
1834 0
1834 0.77906543442073
1834 0.77906543442073
1834 0
1834 0
1834 0
1834 1.0345236079077
1834 18.8755115600355
1834 18.8755115600355
1834 18.8755115600355
1835 418.104831492066
1835 418.104831492066
1835 418.104831492066
1835 418.104831492066
1835 0
1835 16.2976506140842
1835 16.2976506140842
1835 46.407466436374
1835 46.407466436374
1835 0.35674348165933
1835 0.208960843373494
1835 0.208960843373494
1835 0.208960843373494
1835 0.0174595094736627
1835 0.164514798479691
1835 0.120625281164897
1835 0.152874349264149
1835 0
1835 0
1835 0
1835 0.160325333507038
1835 0.160325333507038
1835 0
1835 28.3919163700434
1835 28.3919163700434
1835 28.3919163700434
1835 7.92034892865881
1835 0
1835 0
1835 0
1835 0.77906543442073
1835 0.77906543442073
1835 0
1835 0
1835 0
1835 1.0345236079077
1835 18.8755115600355
1835 18.8755115600355
1835 18.8755115600355
1837 418.104831492066
1837 418.104831492066
1837 418.104831492066
1837 418.104831492066
1837 0
1837 16.2976506140842
1837 16.2976506140842
1837 46.407466436374
1837 46.407466436374
1837 0.35674348165933
1837 0.208960843373494
1837 0.208960843373494
1837 0.208960843373494
1837 0.0174595094736627
1837 0.164514798479691
1837 0.120625281164897
1837 0.152874349264149
1837 0
1837 0
1837 0
1837 0.160325333507038
1837 0.160325333507038
1837 0
1837 28.3919163700434
1837 28.3919163700434
1837 28.3919163700434
1837 7.92034892865881
1837 0
1837 0
1837 0
1837 0.77906543442073
1837 0.77906543442073
1837 0
1837 0
1837 0
1837 1.0345236079077
1837 18.8755115600355
1837 18.8755115600355
1837 18.8755115600355
1915 418.104831492066
1915 418.104831492066
1915 418.104831492066
1915 418.104831492066
1915 0
1915 16.2976506140842
1915 16.2976506140842
1915 46.407466436374
1915 46.407466436374
1915 0.35674348165933
1915 0.208960843373494
1915 0.208960843373494
1915 0.208960843373494
1915 0.0174595094736627
1915 0.164514798479691
1915 0.120625281164897
1915 0.152874349264149
1915 0
1915 0
1915 0
1915 0.160325333507038
1915 0.160325333507038
1915 0
1915 28.3919163700434
1915 28.3919163700434
1915 28.3919163700434
1915 7.92034892865881
1915 0
1915 0
1915 0
1915 0.77906543442073
1915 0.77906543442073
1915 0
1915 0
1915 0
1915 1.0345236079077
1915 18.8755115600355
1915 18.8755115600355
1915 18.8755115600355
1987 418.104831492066
1987 418.104831492066
1987 418.104831492066
1987 418.104831492066
1987 0
1987 16.2976506140842
1987 16.2976506140842
1987 46.407466436374
1987 46.407466436374
1987 0.35674348165933
1987 0.208960843373494
1987 0.208960843373494
1987 0.208960843373494
1987 0.0174595094736627
1987 0.164514798479691
1987 0.120625281164897
1987 0.152874349264149
1987 0
1987 0
1987 0
1987 0.160325333507038
1987 0.160325333507038
1987 0
1987 28.3919163700434
1987 28.3919163700434
1987 28.3919163700434
1987 7.92034892865881
1987 0
1987 0
1987 0
1987 0.77906543442073
1987 0.77906543442073
1987 0
1987 0
1987 0
1987 1.0345236079077
1987 18.8755115600355
1987 18.8755115600355
1987 18.8755115600355
1997 418.104831492066
1997 418.104831492066
1997 418.104831492066
1997 418.104831492066
1997 0
1997 16.2976506140842
1997 16.2976506140842
1997 46.407466436374
1997 46.407466436374
1997 0.35674348165933
1997 0.208960843373494
1997 0.208960843373494
1997 0.208960843373494
1997 0.0174595094736627
1997 0.164514798479691
1997 0.120625281164897
1997 0.152874349264149
1997 0
1997 0
1997 0
1997 0.160325333507038
1997 0.160325333507038
1997 0
1997 28.3919163700434
1997 28.3919163700434
1997 28.3919163700434
1997 7.92034892865881
1997 0
1997 0
1997 0
1997 0.77906543442073
1997 0.77906543442073
1997 0
1997 0
1997 0
1997 1.0345236079077
1997 18.8755115600355
1997 18.8755115600355
1997 18.8755115600355
2152 418.104831492066
2152 418.104831492066
2152 418.104831492066
2152 418.104831492066
2152 0
2152 16.2976506140842
2152 16.2976506140842
2152 46.407466436374
2152 46.407466436374
2152 0.35674348165933
2152 0.208960843373494
2152 0.208960843373494
2152 0.208960843373494
2152 0.0174595094736627
2152 0.164514798479691
2152 0.120625281164897
2152 0.152874349264149
2152 0
2152 0
2152 0
2152 0.160325333507038
2152 0.160325333507038
2152 0
2152 28.3919163700434
2152 28.3919163700434
2152 28.3919163700434
2152 7.92034892865881
2152 0
2152 0
2152 0
2152 0.77906543442073
2152 0.77906543442073
2152 0
2152 0
2152 0
2152 1.0345236079077
2152 18.8755115600355
2152 18.8755115600355
2152 18.8755115600355
2091 418.104831492066
2091 418.104831492066
2091 418.104831492066
2091 418.104831492066
2091 0
2091 16.2976506140842
2091 16.2976506140842
2091 46.407466436374
2091 46.407466436374
2091 0.35674348165933
2091 0.208960843373494
2091 0.208960843373494
2091 0.208960843373494
2091 0.0174595094736627
2091 0.164514798479691
2091 0.120625281164897
2091 0.152874349264149
2091 0
2091 0
2091 0
2091 0.160325333507038
2091 0.160325333507038
2091 0
2091 28.3919163700434
2091 28.3919163700434
2091 28.3919163700434
2091 7.92034892865881
2091 0
2091 0
2091 0
2091 0.77906543442073
2091 0.77906543442073
2091 0
2091 0
2091 0
2091 1.0345236079077
2091 18.8755115600355
2091 18.8755115600355
2091 18.8755115600355
2094 418.104831492066
2094 418.104831492066
2094 418.104831492066
2094 418.104831492066
2094 0
2094 16.2976506140842
2094 16.2976506140842
2094 46.407466436374
2094 46.407466436374
2094 0.35674348165933
2094 0.208960843373494
2094 0.208960843373494
2094 0.208960843373494
2094 0.0174595094736627
2094 0.164514798479691
2094 0.120625281164897
2094 0.152874349264149
2094 0
2094 0
2094 0
2094 0.160325333507038
2094 0.160325333507038
2094 0
2094 28.3919163700434
2094 28.3919163700434
2094 28.3919163700434
2094 7.92034892865881
2094 0
2094 0
2094 0
2094 0.77906543442073
2094 0.77906543442073
2094 0
2094 0
2094 0
2094 1.0345236079077
2094 18.8755115600355
2094 18.8755115600355
2094 18.8755115600355
2234 418.104831492066
2234 418.104831492066
2234 418.104831492066
2234 418.104831492066
2234 0
2234 16.2976506140842
2234 16.2976506140842
2234 46.407466436374
2234 46.407466436374
2234 0.35674348165933
2234 0.208960843373494
2234 0.208960843373494
2234 0.208960843373494
2234 0.0174595094736627
2234 0.164514798479691
2234 0.120625281164897
2234 0.152874349264149
2234 0
2234 0
2234 0
2234 0.160325333507038
2234 0.160325333507038
2234 0
2234 28.3919163700434
2234 28.3919163700434
2234 28.3919163700434
2234 7.92034892865881
2234 0
2234 0
2234 0
2234 0.77906543442073
2234 0.77906543442073
2234 0
2234 0
2234 0
2234 1.0345236079077
2234 18.8755115600355
2234 18.8755115600355
2234 18.8755115600355
2316 418.104831492066
2316 418.104831492066
2316 418.104831492066
2316 418.104831492066
2316 0
2316 16.2976506140842
2316 16.2976506140842
2316 46.407466436374
2316 46.407466436374
2316 0.35674348165933
2316 0.208960843373494
2316 0.208960843373494
2316 0.208960843373494
2316 0.0174595094736627
2316 0.164514798479691
2316 0.120625281164897
2316 0.152874349264149
2316 0
2316 0
2316 0
2316 0.160325333507038
2316 0.160325333507038
2316 0
2316 28.3919163700434
2316 28.3919163700434
2316 28.3919163700434
2316 7.92034892865881
2316 0
2316 0
2316 0
2316 0.77906543442073
2316 0.77906543442073
2316 0
2316 0
2316 0
2316 1.0345236079077
2316 18.8755115600355
2316 18.8755115600355
2316 18.8755115600355
2250 418.104831492066
2250 418.104831492066
2250 418.104831492066
2250 418.104831492066
2250 0
2250 16.2976506140842
2250 16.2976506140842
2250 46.407466436374
2250 46.407466436374
2250 0.35674348165933
2250 0.208960843373494
2250 0.208960843373494
2250 0.208960843373494
2250 0.0174595094736627
2250 0.164514798479691
2250 0.120625281164897
2250 0.152874349264149
2250 0
2250 0
2250 0
2250 0.160325333507038
2250 0.160325333507038
2250 0
2250 28.3919163700434
2250 28.3919163700434
2250 28.3919163700434
2250 7.92034892865881
2250 0
2250 0
2250 0
2250 0.77906543442073
2250 0.77906543442073
2250 0
2250 0
2250 0
2250 1.0345236079077
2250 18.8755115600355
2250 18.8755115600355
2250 18.8755115600355
2260 418.104831492066
2260 418.104831492066
2260 418.104831492066
2260 418.104831492066
2260 0
2260 16.2976506140842
2260 16.2976506140842
2260 46.407466436374
2260 46.407466436374
2260 0.35674348165933
2260 0.208960843373494
2260 0.208960843373494
2260 0.208960843373494
2260 0.0174595094736627
2260 0.164514798479691
2260 0.120625281164897
2260 0.152874349264149
2260 0
2260 0
2260 0
2260 0.160325333507038
2260 0.160325333507038
2260 0
2260 28.3919163700434
2260 28.3919163700434
2260 28.3919163700434
2260 7.92034892865881
2260 0
2260 0
2260 0
2260 0.77906543442073
2260 0.77906543442073
2260 0
2260 0
2260 0
2260 1.0345236079077
2260 18.8755115600355
2260 18.8755115600355
2260 18.8755115600355
2262 418.104831492066
2262 418.104831492066
2262 418.104831492066
2262 418.104831492066
2262 0
2262 16.2976506140842
2262 16.2976506140842
2262 46.407466436374
2262 46.407466436374
2262 0.35674348165933
2262 0.208960843373494
2262 0.208960843373494
2262 0.208960843373494
2262 0.0174595094736627
2262 0.164514798479691
2262 0.120625281164897
2262 0.152874349264149
2262 0
2262 0
2262 0
2262 0.160325333507038
2262 0.160325333507038
2262 0
2262 28.3919163700434
2262 28.3919163700434
2262 28.3919163700434
2262 7.92034892865881
2262 0
2262 0
2262 0
2262 0.77906543442073
2262 0.77906543442073
2262 0
2262 0
2262 0
2262 1.0345236079077
2262 18.8755115600355
2262 18.8755115600355
2262 18.8755115600355
2264 418.104831492066
2264 418.104831492066
2264 418.104831492066
2264 418.104831492066
2264 0
2264 16.2976506140842
2264 16.2976506140842
2264 46.407466436374
2264 46.407466436374
2264 0.35674348165933
2264 0.208960843373494
2264 0.208960843373494
2264 0.208960843373494
2264 0.0174595094736627
2264 0.164514798479691
2264 0.120625281164897
2264 0.152874349264149
2264 0
2264 0
2264 0
2264 0.160325333507038
2264 0.160325333507038
2264 0
2264 28.3919163700434
2264 28.3919163700434
2264 28.3919163700434
2264 7.92034892865881
2264 0
2264 0
2264 0
2264 0.77906543442073
2264 0.77906543442073
2264 0
2264 0
2264 0
2264 1.0345236079077
2264 18.8755115600355
2264 18.8755115600355
2264 18.8755115600355
2332 418.104831492066
2332 418.104831492066
2332 418.104831492066
2332 418.104831492066
2332 0
2332 16.2976506140842
2332 16.2976506140842
2332 46.407466436374
2332 46.407466436374
2332 0.35674348165933
2332 0.208960843373494
2332 0.208960843373494
2332 0.208960843373494
2332 0.0174595094736627
2332 0.164514798479691
2332 0.120625281164897
2332 0.152874349264149
2332 0
2332 0
2332 0
2332 0.160325333507038
2332 0.160325333507038
2332 0
2332 28.3919163700434
2332 28.3919163700434
2332 28.3919163700434
2332 7.92034892865881
2332 0
2332 0
2332 0
2332 0.77906543442073
2332 0.77906543442073
2332 0
2332 0
2332 0
2332 1.0345236079077
2332 18.8755115600355
2332 18.8755115600355
2332 18.8755115600355
2469 418.104831492066
2469 418.104831492066
2469 418.104831492066
2469 418.104831492066
2469 0
2469 16.2976506140842
2469 16.2976506140842
2469 46.407466436374
2469 46.407466436374
2469 0.35674348165933
2469 0.208960843373494
2469 0.208960843373494
2469 0.208960843373494
2469 0.0174595094736627
2469 0.164514798479691
2469 0.120625281164897
2469 0.152874349264149
2469 0
2469 0
2469 0
2469 0.160325333507038
2469 0.160325333507038
2469 0
2469 28.3919163700434
2469 28.3919163700434
2469 28.3919163700434
2469 7.92034892865881
2469 0
2469 0
2469 0
2469 0.77906543442073
2469 0.77906543442073
2469 0
2469 0
2469 0
2469 1.0345236079077
2469 18.8755115600355
2469 18.8755115600355
2469 18.8755115600355
2408 418.104831492066
2408 418.104831492066
2408 418.104831492066
2408 418.104831492066
2408 0
2408 16.2976506140842
2408 16.2976506140842
2408 46.407466436374
2408 46.407466436374
2408 0.35674348165933
2408 0.208960843373494
2408 0.208960843373494
2408 0.208960843373494
2408 0.0174595094736627
2408 0.164514798479691
2408 0.120625281164897
2408 0.152874349264149
2408 0
2408 0
2408 0
2408 0.160325333507038
2408 0.160325333507038
2408 0
2408 28.3919163700434
2408 28.3919163700434
2408 28.3919163700434
2408 7.92034892865881
2408 0
2408 0
2408 0
2408 0.77906543442073
2408 0.77906543442073
2408 0
2408 0
2408 0
2408 1.0345236079077
2408 18.8755115600355
2408 18.8755115600355
2408 18.8755115600355
10662 418.104831492066
10662 418.104831492066
10662 418.104831492066
10662 418.104831492066
10662 0
10662 16.2976506140842
10662 16.2976506140842
10662 46.407466436374
10662 46.407466436374
10662 0.35674348165933
10662 0.208960843373494
10662 0.208960843373494
10662 0.208960843373494
10662 0.0174595094736627
10662 0.164514798479691
10662 0.120625281164897
10662 0.152874349264149
10662 0
10662 0
10662 0
10662 0.160325333507038
10662 0.160325333507038
10662 0
10662 28.3919163700434
10662 28.3919163700434
10662 28.3919163700434
10662 7.92034892865881
10662 0
10662 0
10662 0
10662 0.77906543442073
10662 0.77906543442073
10662 0
10662 0
10662 0
10662 1.0345236079077
10662 18.8755115600355
10662 18.8755115600355
10662 18.8755115600355
2486 418.104831492066
2486 418.104831492066
2486 418.104831492066
2486 418.104831492066
2486 0
2486 16.2976506140842
2486 16.2976506140842
2486 46.407466436374
2486 46.407466436374
2486 0.35674348165933
2486 0.208960843373494
2486 0.208960843373494
2486 0.208960843373494
2486 0.0174595094736627
2486 0.164514798479691
2486 0.120625281164897
2486 0.152874349264149
2486 0
2486 0
2486 0
2486 0.160325333507038
2486 0.160325333507038
2486 0
2486 28.3919163700434
2486 28.3919163700434
2486 28.3919163700434
2486 7.92034892865881
2486 0
2486 0
2486 0
2486 0.77906543442073
2486 0.77906543442073
2486 0
2486 0
2486 0
2486 1.0345236079077
2486 18.8755115600355
2486 18.8755115600355
2486 18.8755115600355
2487 418.104831492066
2487 418.104831492066
2487 418.104831492066
2487 418.104831492066
2487 0
2487 16.2976506140842
2487 16.2976506140842
2487 46.407466436374
2487 46.407466436374
2487 0.35674348165933
2487 0.208960843373494
2487 0.208960843373494
2487 0.208960843373494
2487 0.0174595094736627
2487 0.164514798479691
2487 0.120625281164897
2487 0.152874349264149
2487 0
2487 0
2487 0
2487 0.160325333507038
2487 0.160325333507038
2487 0
2487 28.3919163700434
2487 28.3919163700434
2487 28.3919163700434
2487 7.92034892865881
2487 0
2487 0
2487 0
2487 0.77906543442073
2487 0.77906543442073
2487 0
2487 0
2487 0
2487 1.0345236079077
2487 18.8755115600355
2487 18.8755115600355
2487 18.8755115600355
2634 418.104831492066
2634 418.104831492066
2634 418.104831492066
2634 418.104831492066
2634 0
2634 16.2976506140842
2634 16.2976506140842
2634 46.407466436374
2634 46.407466436374
2634 0.35674348165933
2634 0.208960843373494
2634 0.208960843373494
2634 0.208960843373494
2634 0.0174595094736627
2634 0.164514798479691
2634 0.120625281164897
2634 0.152874349264149
2634 0
2634 0
2634 0
2634 0.160325333507038
2634 0.160325333507038
2634 0
2634 28.3919163700434
2634 28.3919163700434
2634 28.3919163700434
2634 7.92034892865881
2634 0
2634 0
2634 0
2634 0.77906543442073
2634 0.77906543442073
2634 0
2634 0
2634 0
2634 1.0345236079077
2634 18.8755115600355
2634 18.8755115600355
2634 18.8755115600355
2716 418.104831492066
2716 418.104831492066
2716 418.104831492066
2716 418.104831492066
2716 0
2716 16.2976506140842
2716 16.2976506140842
2716 46.407466436374
2716 46.407466436374
2716 0.35674348165933
2716 0.208960843373494
2716 0.208960843373494
2716 0.208960843373494
2716 0.0174595094736627
2716 0.164514798479691
2716 0.120625281164897
2716 0.152874349264149
2716 0
2716 0
2716 0
2716 0.160325333507038
2716 0.160325333507038
2716 0
2716 28.3919163700434
2716 28.3919163700434
2716 28.3919163700434
2716 7.92034892865881
2716 0
2716 0
2716 0
2716 0.77906543442073
2716 0.77906543442073
2716 0
2716 0
2716 0
2716 1.0345236079077
2716 18.8755115600355
2716 18.8755115600355
2716 18.8755115600355
2717 418.104831492066
2717 418.104831492066
2717 418.104831492066
2717 418.104831492066
2717 0
2717 16.2976506140842
2717 16.2976506140842
2717 46.407466436374
2717 46.407466436374
2717 0.35674348165933
2717 0.208960843373494
2717 0.208960843373494
2717 0.208960843373494
2717 0.0174595094736627
2717 0.164514798479691
2717 0.120625281164897
2717 0.152874349264149
2717 0
2717 0
2717 0
2717 0.160325333507038
2717 0.160325333507038
2717 0
2717 28.3919163700434
2717 28.3919163700434
2717 28.3919163700434
2717 7.92034892865881
2717 0
2717 0
2717 0
2717 0.77906543442073
2717 0.77906543442073
2717 0
2717 0
2717 0
2717 1.0345236079077
2717 18.8755115600355
2717 18.8755115600355
2717 18.8755115600355
2652 418.104831492066
2652 418.104831492066
2652 418.104831492066
2652 418.104831492066
2652 0
2652 16.2976506140842
2652 16.2976506140842
2652 46.407466436374
2652 46.407466436374
2652 0.35674348165933
2652 0.208960843373494
2652 0.208960843373494
2652 0.208960843373494
2652 0.0174595094736627
2652 0.164514798479691
2652 0.120625281164897
2652 0.152874349264149
2652 0
2652 0
2652 0
2652 0.160325333507038
2652 0.160325333507038
2652 0
2652 28.3919163700434
2652 28.3919163700434
2652 28.3919163700434
2652 7.92034892865881
2652 0
2652 0
2652 0
2652 0.77906543442073
2652 0.77906543442073
2652 0
2652 0
2652 0
2652 1.0345236079077
2652 18.8755115600355
2652 18.8755115600355
2652 18.8755115600355
2798 418.104831492066
2798 418.104831492066
2798 418.104831492066
2798 418.104831492066
2798 0
2798 16.2976506140842
2798 16.2976506140842
2798 46.407466436374
2798 46.407466436374
2798 0.35674348165933
2798 0.208960843373494
2798 0.208960843373494
2798 0.208960843373494
2798 0.0174595094736627
2798 0.164514798479691
2798 0.120625281164897
2798 0.152874349264149
2798 0
2798 0
2798 0
2798 0.160325333507038
2798 0.160325333507038
2798 0
2798 28.3919163700434
2798 28.3919163700434
2798 28.3919163700434
2798 7.92034892865881
2798 0
2798 0
2798 0
2798 0.77906543442073
2798 0.77906543442073
2798 0
2798 0
2798 0
2798 1.0345236079077
2798 18.8755115600355
2798 18.8755115600355
2798 18.8755115600355
2799 418.104831492066
2799 418.104831492066
2799 418.104831492066
2799 418.104831492066
2799 0
2799 16.2976506140842
2799 16.2976506140842
2799 46.407466436374
2799 46.407466436374
2799 0.35674348165933
2799 0.208960843373494
2799 0.208960843373494
2799 0.208960843373494
2799 0.0174595094736627
2799 0.164514798479691
2799 0.120625281164897
2799 0.152874349264149
2799 0
2799 0
2799 0
2799 0.160325333507038
2799 0.160325333507038
2799 0
2799 28.3919163700434
2799 28.3919163700434
2799 28.3919163700434
2799 7.92034892865881
2799 0
2799 0
2799 0
2799 0.77906543442073
2799 0.77906543442073
2799 0
2799 0
2799 0
2799 1.0345236079077
2799 18.8755115600355
2799 18.8755115600355
2799 18.8755115600355
2731 418.104831492066
2731 418.104831492066
2731 418.104831492066
2731 418.104831492066
2731 0
2731 16.2976506140842
2731 16.2976506140842
2731 46.407466436374
2731 46.407466436374
2731 0.35674348165933
2731 0.208960843373494
2731 0.208960843373494
2731 0.208960843373494
2731 0.0174595094736627
2731 0.164514798479691
2731 0.120625281164897
2731 0.152874349264149
2731 0
2731 0
2731 0
2731 0.160325333507038
2731 0.160325333507038
2731 0
2731 28.3919163700434
2731 28.3919163700434
2731 28.3919163700434
2731 7.92034892865881
2731 0
2731 0
2731 0
2731 0.77906543442073
2731 0.77906543442073
2731 0
2731 0
2731 0
2731 1.0345236079077
2731 18.8755115600355
2731 18.8755115600355
2731 18.8755115600355
2732 418.104831492066
2732 418.104831492066
2732 418.104831492066
2732 418.104831492066
2732 0
2732 16.2976506140842
2732 16.2976506140842
2732 46.407466436374
2732 46.407466436374
2732 0.35674348165933
2732 0.208960843373494
2732 0.208960843373494
2732 0.208960843373494
2732 0.0174595094736627
2732 0.164514798479691
2732 0.120625281164897
2732 0.152874349264149
2732 0
2732 0
2732 0
2732 0.160325333507038
2732 0.160325333507038
2732 0
2732 28.3919163700434
2732 28.3919163700434
2732 28.3919163700434
2732 7.92034892865881
2732 0
2732 0
2732 0
2732 0.77906543442073
2732 0.77906543442073
2732 0
2732 0
2732 0
2732 1.0345236079077
2732 18.8755115600355
2732 18.8755115600355
2732 18.8755115600355
2734 418.104831492066
2734 418.104831492066
2734 418.104831492066
2734 418.104831492066
2734 0
2734 16.2976506140842
2734 16.2976506140842
2734 46.407466436374
2734 46.407466436374
2734 0.35674348165933
2734 0.208960843373494
2734 0.208960843373494
2734 0.208960843373494
2734 0.0174595094736627
2734 0.164514798479691
2734 0.120625281164897
2734 0.152874349264149
2734 0
2734 0
2734 0
2734 0.160325333507038
2734 0.160325333507038
2734 0
2734 28.3919163700434
2734 28.3919163700434
2734 28.3919163700434
2734 7.92034892865881
2734 0
2734 0
2734 0
2734 0.77906543442073
2734 0.77906543442073
2734 0
2734 0
2734 0
2734 1.0345236079077
2734 18.8755115600355
2734 18.8755115600355
2734 18.8755115600355
2735 418.104831492066
2735 418.104831492066
2735 418.104831492066
2735 418.104831492066
2735 0
2735 16.2976506140842
2735 16.2976506140842
2735 46.407466436374
2735 46.407466436374
2735 0.35674348165933
2735 0.208960843373494
2735 0.208960843373494
2735 0.208960843373494
2735 0.0174595094736627
2735 0.164514798479691
2735 0.120625281164897
2735 0.152874349264149
2735 0
2735 0
2735 0
2735 0.160325333507038
2735 0.160325333507038
2735 0
2735 28.3919163700434
2735 28.3919163700434
2735 28.3919163700434
2735 7.92034892865881
2735 0
2735 0
2735 0
2735 0.77906543442073
2735 0.77906543442073
2735 0
2735 0
2735 0
2735 1.0345236079077
2735 18.8755115600355
2735 18.8755115600355
2735 18.8755115600355
2875 418.104831492066
2875 418.104831492066
2875 418.104831492066
2875 418.104831492066
2875 0
2875 16.2976506140842
2875 16.2976506140842
2875 46.407466436374
2875 46.407466436374
2875 0.35674348165933
2875 0.208960843373494
2875 0.208960843373494
2875 0.208960843373494
2875 0.0174595094736627
2875 0.164514798479691
2875 0.120625281164897
2875 0.152874349264149
2875 0
2875 0
2875 0
2875 0.160325333507038
2875 0.160325333507038
2875 0
2875 28.3919163700434
2875 28.3919163700434
2875 28.3919163700434
2875 7.92034892865881
2875 0
2875 0
2875 0
2875 0.77906543442073
2875 0.77906543442073
2875 0
2875 0
2875 0
2875 1.0345236079077
2875 18.8755115600355
2875 18.8755115600355
2875 18.8755115600355
2812 418.104831492066
2812 418.104831492066
2812 418.104831492066
2812 418.104831492066
2812 0
2812 16.2976506140842
2812 16.2976506140842
2812 46.407466436374
2812 46.407466436374
2812 0.35674348165933
2812 0.208960843373494
2812 0.208960843373494
2812 0.208960843373494
2812 0.0174595094736627
2812 0.164514798479691
2812 0.120625281164897
2812 0.152874349264149
2812 0
2812 0
2812 0
2812 0.160325333507038
2812 0.160325333507038
2812 0
2812 28.3919163700434
2812 28.3919163700434
2812 28.3919163700434
2812 7.92034892865881
2812 0
2812 0
2812 0
2812 0.77906543442073
2812 0.77906543442073
2812 0
2812 0
2812 0
2812 1.0345236079077
2812 18.8755115600355
2812 18.8755115600355
2812 18.8755115600355
2814 418.104831492066
2814 418.104831492066
2814 418.104831492066
2814 418.104831492066
2814 0
2814 16.2976506140842
2814 16.2976506140842
2814 46.407466436374
2814 46.407466436374
2814 0.35674348165933
2814 0.208960843373494
2814 0.208960843373494
2814 0.208960843373494
2814 0.0174595094736627
2814 0.164514798479691
2814 0.120625281164897
2814 0.152874349264149
2814 0
2814 0
2814 0
2814 0.160325333507038
2814 0.160325333507038
2814 0
2814 28.3919163700434
2814 28.3919163700434
2814 28.3919163700434
2814 7.92034892865881
2814 0
2814 0
2814 0
2814 0.77906543442073
2814 0.77906543442073
2814 0
2814 0
2814 0
2814 1.0345236079077
2814 18.8755115600355
2814 18.8755115600355
2814 18.8755115600355
2816 418.104831492066
2816 418.104831492066
2816 418.104831492066
2816 418.104831492066
2816 0
2816 16.2976506140842
2816 16.2976506140842
2816 46.407466436374
2816 46.407466436374
2816 0.35674348165933
2816 0.208960843373494
2816 0.208960843373494
2816 0.208960843373494
2816 0.0174595094736627
2816 0.164514798479691
2816 0.120625281164897
2816 0.152874349264149
2816 0
2816 0
2816 0
2816 0.160325333507038
2816 0.160325333507038
2816 0
2816 28.3919163700434
2816 28.3919163700434
2816 28.3919163700434
2816 7.92034892865881
2816 0
2816 0
2816 0
2816 0.77906543442073
2816 0.77906543442073
2816 0
2816 0
2816 0
2816 1.0345236079077
2816 18.8755115600355
2816 18.8755115600355
2816 18.8755115600355
2817 418.104831492066
2817 418.104831492066
2817 418.104831492066
2817 418.104831492066
2817 0
2817 16.2976506140842
2817 16.2976506140842
2817 46.407466436374
2817 46.407466436374
2817 0.35674348165933
2817 0.208960843373494
2817 0.208960843373494
2817 0.208960843373494
2817 0.0174595094736627
2817 0.164514798479691
2817 0.120625281164897
2817 0.152874349264149
2817 0
2817 0
2817 0
2817 0.160325333507038
2817 0.160325333507038
2817 0
2817 28.3919163700434
2817 28.3919163700434
2817 28.3919163700434
2817 7.92034892865881
2817 0
2817 0
2817 0
2817 0.77906543442073
2817 0.77906543442073
2817 0
2817 0
2817 0
2817 1.0345236079077
2817 18.8755115600355
2817 18.8755115600355
2817 18.8755115600355
2818 418.104831492066
2818 418.104831492066
2818 418.104831492066
2818 418.104831492066
2818 0
2818 16.2976506140842
2818 16.2976506140842
2818 46.407466436374
2818 46.407466436374
2818 0.35674348165933
2818 0.208960843373494
2818 0.208960843373494
2818 0.208960843373494
2818 0.0174595094736627
2818 0.164514798479691
2818 0.120625281164897
2818 0.152874349264149
2818 0
2818 0
2818 0
2818 0.160325333507038
2818 0.160325333507038
2818 0
2818 28.3919163700434
2818 28.3919163700434
2818 28.3919163700434
2818 7.92034892865881
2818 0
2818 0
2818 0
2818 0.77906543442073
2818 0.77906543442073
2818 0
2818 0
2818 0
2818 1.0345236079077
2818 18.8755115600355
2818 18.8755115600355
2818 18.8755115600355
2890 418.104831492066
2890 418.104831492066
2890 418.104831492066
2890 418.104831492066
2890 0
2890 16.2976506140842
2890 16.2976506140842
2890 46.407466436374
2890 46.407466436374
2890 0.35674348165933
2890 0.208960843373494
2890 0.208960843373494
2890 0.208960843373494
2890 0.0174595094736627
2890 0.164514798479691
2890 0.120625281164897
2890 0.152874349264149
2890 0
2890 0
2890 0
2890 0.160325333507038
2890 0.160325333507038
2890 0
2890 28.3919163700434
2890 28.3919163700434
2890 28.3919163700434
2890 7.92034892865881
2890 0
2890 0
2890 0
2890 0.77906543442073
2890 0.77906543442073
2890 0
2890 0
2890 0
2890 1.0345236079077
2890 18.8755115600355
2890 18.8755115600355
2890 18.8755115600355
2893 418.104831492066
2893 418.104831492066
2893 418.104831492066
2893 418.104831492066
2893 0
2893 16.2976506140842
2893 16.2976506140842
2893 46.407466436374
2893 46.407466436374
2893 0.35674348165933
2893 0.208960843373494
2893 0.208960843373494
2893 0.208960843373494
2893 0.0174595094736627
2893 0.164514798479691
2893 0.120625281164897
2893 0.152874349264149
2893 0
2893 0
2893 0
2893 0.160325333507038
2893 0.160325333507038
2893 0
2893 28.3919163700434
2893 28.3919163700434
2893 28.3919163700434
2893 7.92034892865881
2893 0
2893 0
2893 0
2893 0.77906543442073
2893 0.77906543442073
2893 0
2893 0
2893 0
2893 1.0345236079077
2893 18.8755115600355
2893 18.8755115600355
2893 18.8755115600355
2894 418.104831492066
2894 418.104831492066
2894 418.104831492066
2894 418.104831492066
2894 0
2894 16.2976506140842
2894 16.2976506140842
2894 46.407466436374
2894 46.407466436374
2894 0.35674348165933
2894 0.208960843373494
2894 0.208960843373494
2894 0.208960843373494
2894 0.0174595094736627
2894 0.164514798479691
2894 0.120625281164897
2894 0.152874349264149
2894 0
2894 0
2894 0
2894 0.160325333507038
2894 0.160325333507038
2894 0
2894 28.3919163700434
2894 28.3919163700434
2894 28.3919163700434
2894 7.92034892865881
2894 0
2894 0
2894 0
2894 0.77906543442073
2894 0.77906543442073
2894 0
2894 0
2894 0
2894 1.0345236079077
2894 18.8755115600355
2894 18.8755115600355
2894 18.8755115600355
2899 418.104831492066
2899 418.104831492066
2899 418.104831492066
2899 418.104831492066
2899 0
2899 16.2976506140842
2899 16.2976506140842
2899 46.407466436374
2899 46.407466436374
2899 0.35674348165933
2899 0.208960843373494
2899 0.208960843373494
2899 0.208960843373494
2899 0.0174595094736627
2899 0.164514798479691
2899 0.120625281164897
2899 0.152874349264149
2899 0
2899 0
2899 0
2899 0.160325333507038
2899 0.160325333507038
2899 0
2899 28.3919163700434
2899 28.3919163700434
2899 28.3919163700434
2899 7.92034892865881
2899 0
2899 0
2899 0
2899 0.77906543442073
2899 0.77906543442073
2899 0
2899 0
2899 0
2899 1.0345236079077
2899 18.8755115600355
2899 18.8755115600355
2899 18.8755115600355
2900 418.104831492066
2900 418.104831492066
2900 418.104831492066
2900 418.104831492066
2900 0
2900 16.2976506140842
2900 16.2976506140842
2900 46.407466436374
2900 46.407466436374
2900 0.35674348165933
2900 0.208960843373494
2900 0.208960843373494
2900 0.208960843373494
2900 0.0174595094736627
2900 0.164514798479691
2900 0.120625281164897
2900 0.152874349264149
2900 0
2900 0
2900 0
2900 0.160325333507038
2900 0.160325333507038
2900 0
2900 28.3919163700434
2900 28.3919163700434
2900 28.3919163700434
2900 7.92034892865881
2900 0
2900 0
2900 0
2900 0.77906543442073
2900 0.77906543442073
2900 0
2900 0
2900 0
2900 1.0345236079077
2900 18.8755115600355
2900 18.8755115600355
2900 18.8755115600355
2964 418.104831492066
2964 418.104831492066
2964 418.104831492066
2964 418.104831492066
2964 0
2964 16.2976506140842
2964 16.2976506140842
2964 46.407466436374
2964 46.407466436374
2964 0.35674348165933
2964 0.208960843373494
2964 0.208960843373494
2964 0.208960843373494
2964 0.0174595094736627
2964 0.164514798479691
2964 0.120625281164897
2964 0.152874349264149
2964 0
2964 0
2964 0
2964 0.160325333507038
2964 0.160325333507038
2964 0
2964 28.3919163700434
2964 28.3919163700434
2964 28.3919163700434
2964 7.92034892865881
2964 0
2964 0
2964 0
2964 0.77906543442073
2964 0.77906543442073
2964 0
2964 0
2964 0
2964 1.0345236079077
2964 18.8755115600355
2964 18.8755115600355
2964 18.8755115600355
2966 418.104831492066
2966 418.104831492066
2966 418.104831492066
2966 418.104831492066
2966 0
2966 16.2976506140842
2966 16.2976506140842
2966 46.407466436374
2966 46.407466436374
2966 0.35674348165933
2966 0.208960843373494
2966 0.208960843373494
2966 0.208960843373494
2966 0.0174595094736627
2966 0.164514798479691
2966 0.120625281164897
2966 0.152874349264149
2966 0
2966 0
2966 0
2966 0.160325333507038
2966 0.160325333507038
2966 0
2966 28.3919163700434
2966 28.3919163700434
2966 28.3919163700434
2966 7.92034892865881
2966 0
2966 0
2966 0
2966 0.77906543442073
2966 0.77906543442073
2966 0
2966 0
2966 0
2966 1.0345236079077
2966 18.8755115600355
2966 18.8755115600355
2966 18.8755115600355
2968 418.104831492066
2968 418.104831492066
2968 418.104831492066
2968 418.104831492066
2968 0
2968 16.2976506140842
2968 16.2976506140842
2968 46.407466436374
2968 46.407466436374
2968 0.35674348165933
2968 0.208960843373494
2968 0.208960843373494
2968 0.208960843373494
2968 0.0174595094736627
2968 0.164514798479691
2968 0.120625281164897
2968 0.152874349264149
2968 0
2968 0
2968 0
2968 0.160325333507038
2968 0.160325333507038
2968 0
2968 28.3919163700434
2968 28.3919163700434
2968 28.3919163700434
2968 7.92034892865881
2968 0
2968 0
2968 0
2968 0.77906543442073
2968 0.77906543442073
2968 0
2968 0
2968 0
2968 1.0345236079077
2968 18.8755115600355
2968 18.8755115600355
2968 18.8755115600355
3028 418.104831492066
3028 418.104831492066
3028 418.104831492066
3028 418.104831492066
3028 0
3028 16.2976506140842
3028 16.2976506140842
3028 46.407466436374
3028 46.407466436374
3028 0.35674348165933
3028 0.208960843373494
3028 0.208960843373494
3028 0.208960843373494
3028 0.0174595094736627
3028 0.164514798479691
3028 0.120625281164897
3028 0.152874349264149
3028 0
3028 0
3028 0
3028 0.160325333507038
3028 0.160325333507038
3028 0
3028 28.3919163700434
3028 28.3919163700434
3028 28.3919163700434
3028 7.92034892865881
3028 0
3028 0
3028 0
3028 0.77906543442073
3028 0.77906543442073
3028 0
3028 0
3028 0
3028 1.0345236079077
3028 18.8755115600355
3028 18.8755115600355
3028 18.8755115600355
3041 418.104831492066
3041 418.104831492066
3041 418.104831492066
3041 418.104831492066
3041 0
3041 16.2976506140842
3041 16.2976506140842
3041 46.407466436374
3041 46.407466436374
3041 0.35674348165933
3041 0.208960843373494
3041 0.208960843373494
3041 0.208960843373494
3041 0.0174595094736627
3041 0.164514798479691
3041 0.120625281164897
3041 0.152874349264149
3041 0
3041 0
3041 0
3041 0.160325333507038
3041 0.160325333507038
3041 0
3041 28.3919163700434
3041 28.3919163700434
3041 28.3919163700434
3041 7.92034892865881
3041 0
3041 0
3041 0
3041 0.77906543442073
3041 0.77906543442073
3041 0
3041 0
3041 0
3041 1.0345236079077
3041 18.8755115600355
3041 18.8755115600355
3041 18.8755115600355
3174 418.104831492066
3174 418.104831492066
3174 418.104831492066
3174 418.104831492066
3174 0
3174 16.2976506140842
3174 16.2976506140842
3174 46.407466436374
3174 46.407466436374
3174 0.35674348165933
3174 0.208960843373494
3174 0.208960843373494
3174 0.208960843373494
3174 0.0174595094736627
3174 0.164514798479691
3174 0.120625281164897
3174 0.152874349264149
3174 0
3174 0
3174 0
3174 0.160325333507038
3174 0.160325333507038
3174 0
3174 28.3919163700434
3174 28.3919163700434
3174 28.3919163700434
3174 7.92034892865881
3174 0
3174 0
3174 0
3174 0.77906543442073
3174 0.77906543442073
3174 0
3174 0
3174 0
3174 1.0345236079077
3174 18.8755115600355
3174 18.8755115600355
3174 18.8755115600355
3113 418.104831492066
3113 418.104831492066
3113 418.104831492066
3113 418.104831492066
3113 0
3113 16.2976506140842
3113 16.2976506140842
3113 46.407466436374
3113 46.407466436374
3113 0.35674348165933
3113 0.208960843373494
3113 0.208960843373494
3113 0.208960843373494
3113 0.0174595094736627
3113 0.164514798479691
3113 0.120625281164897
3113 0.152874349264149
3113 0
3113 0
3113 0
3113 0.160325333507038
3113 0.160325333507038
3113 0
3113 28.3919163700434
3113 28.3919163700434
3113 28.3919163700434
3113 7.92034892865881
3113 0
3113 0
3113 0
3113 0.77906543442073
3113 0.77906543442073
3113 0
3113 0
3113 0
3113 1.0345236079077
3113 18.8755115600355
3113 18.8755115600355
3113 18.8755115600355
3750 418.104831492066
3750 418.104831492066
3750 418.104831492066
3750 418.104831492066
3750 0
3750 16.2976506140842
3750 16.2976506140842
3750 46.407466436374
3750 46.407466436374
3750 0.35674348165933
3750 0.208960843373494
3750 0.208960843373494
3750 0.208960843373494
3750 0.0174595094736627
3750 0.164514798479691
3750 0.120625281164897
3750 0.152874349264149
3750 0
3750 0
3750 0
3750 0.160325333507038
3750 0.160325333507038
3750 0
3750 28.3919163700434
3750 28.3919163700434
3750 28.3919163700434
3750 7.92034892865881
3750 0
3750 0
3750 0
3750 0.77906543442073
3750 0.77906543442073
3750 0
3750 0
3750 0
3750 1.0345236079077
3750 18.8755115600355
3750 18.8755115600355
3750 18.8755115600355
3751 418.104831492066
3751 418.104831492066
3751 418.104831492066
3751 418.104831492066
3751 0
3751 16.2976506140842
3751 16.2976506140842
3751 46.407466436374
3751 46.407466436374
3751 0.35674348165933
3751 0.208960843373494
3751 0.208960843373494
3751 0.208960843373494
3751 0.0174595094736627
3751 0.164514798479691
3751 0.120625281164897
3751 0.152874349264149
3751 0
3751 0
3751 0
3751 0.160325333507038
3751 0.160325333507038
3751 0
3751 28.3919163700434
3751 28.3919163700434
3751 28.3919163700434
3751 7.92034892865881
3751 0
3751 0
3751 0
3751 0.77906543442073
3751 0.77906543442073
3751 0
3751 0
3751 0
3751 1.0345236079077
3751 18.8755115600355
3751 18.8755115600355
3751 18.8755115600355
3842 418.104831492066
3842 418.104831492066
3842 418.104831492066
3842 418.104831492066
3842 0
3842 16.2976506140842
3842 16.2976506140842
3842 46.407466436374
3842 46.407466436374
3842 0.35674348165933
3842 0.208960843373494
3842 0.208960843373494
3842 0.208960843373494
3842 0.0174595094736627
3842 0.164514798479691
3842 0.120625281164897
3842 0.152874349264149
3842 0
3842 0
3842 0
3842 0.160325333507038
3842 0.160325333507038
3842 0
3842 28.3919163700434
3842 28.3919163700434
3842 28.3919163700434
3842 7.92034892865881
3842 0
3842 0
3842 0
3842 0.77906543442073
3842 0.77906543442073
3842 0
3842 0
3842 0
3842 1.0345236079077
3842 18.8755115600355
3842 18.8755115600355
3842 18.8755115600355
3928 418.104831492066
3928 418.104831492066
3928 418.104831492066
3928 418.104831492066
3928 0
3928 16.2976506140842
3928 16.2976506140842
3928 46.407466436374
3928 46.407466436374
3928 0.35674348165933
3928 0.208960843373494
3928 0.208960843373494
3928 0.208960843373494
3928 0.0174595094736627
3928 0.164514798479691
3928 0.120625281164897
3928 0.152874349264149
3928 0
3928 0
3928 0
3928 0.160325333507038
3928 0.160325333507038
3928 0
3928 28.3919163700434
3928 28.3919163700434
3928 28.3919163700434
3928 7.92034892865881
3928 0
3928 0
3928 0
3928 0.77906543442073
3928 0.77906543442073
3928 0
3928 0
3928 0
3928 1.0345236079077
3928 18.8755115600355
3928 18.8755115600355
3928 18.8755115600355
3932 418.104831492066
3932 418.104831492066
3932 418.104831492066
3932 418.104831492066
3932 0
3932 16.2976506140842
3932 16.2976506140842
3932 46.407466436374
3932 46.407466436374
3932 0.35674348165933
3932 0.208960843373494
3932 0.208960843373494
3932 0.208960843373494
3932 0.0174595094736627
3932 0.164514798479691
3932 0.120625281164897
3932 0.152874349264149
3932 0
3932 0
3932 0
3932 0.160325333507038
3932 0.160325333507038
3932 0
3932 28.3919163700434
3932 28.3919163700434
3932 28.3919163700434
3932 7.92034892865881
3932 0
3932 0
3932 0
3932 0.77906543442073
3932 0.77906543442073
3932 0
3932 0
3932 0
3932 1.0345236079077
3932 18.8755115600355
3932 18.8755115600355
3932 18.8755115600355
4019 418.104831492066
4019 418.104831492066
4019 418.104831492066
4019 418.104831492066
4019 0
4019 16.2976506140842
4019 16.2976506140842
4019 46.407466436374
4019 46.407466436374
4019 0.35674348165933
4019 0.208960843373494
4019 0.208960843373494
4019 0.208960843373494
4019 0.0174595094736627
4019 0.164514798479691
4019 0.120625281164897
4019 0.152874349264149
4019 0
4019 0
4019 0
4019 0.160325333507038
4019 0.160325333507038
4019 0
4019 28.3919163700434
4019 28.3919163700434
4019 28.3919163700434
4019 7.92034892865881
4019 0
4019 0
4019 0
4019 0.77906543442073
4019 0.77906543442073
4019 0
4019 0
4019 0
4019 1.0345236079077
4019 18.8755115600355
4019 18.8755115600355
4019 18.8755115600355
10078 418.104831492066
10078 418.104831492066
10078 418.104831492066
10078 418.104831492066
10078 0
10078 16.2976506140842
10078 16.2976506140842
10078 46.407466436374
10078 46.407466436374
10078 0.35674348165933
10078 0.208960843373494
10078 0.208960843373494
10078 0.208960843373494
10078 0.0174595094736627
10078 0.164514798479691
10078 0.120625281164897
10078 0.152874349264149
10078 0
10078 0
10078 0
10078 0.160325333507038
10078 0.160325333507038
10078 0
10078 28.3919163700434
10078 28.3919163700434
10078 28.3919163700434
10078 7.92034892865881
10078 0
10078 0
10078 0
10078 0.77906543442073
10078 0.77906543442073
10078 0
10078 0
10078 0
10078 1.0345236079077
10078 18.8755115600355
10078 18.8755115600355
10078 18.8755115600355
4105 418.104831492066
4105 418.104831492066
4105 418.104831492066
4105 418.104831492066
4105 0
4105 16.2976506140842
4105 16.2976506140842
4105 46.407466436374
4105 46.407466436374
4105 0.35674348165933
4105 0.208960843373494
4105 0.208960843373494
4105 0.208960843373494
4105 0.0174595094736627
4105 0.164514798479691
4105 0.120625281164897
4105 0.152874349264149
4105 0
4105 0
4105 0
4105 0.160325333507038
4105 0.160325333507038
4105 0
4105 28.3919163700434
4105 28.3919163700434
4105 28.3919163700434
4105 7.92034892865881
4105 0
4105 0
4105 0
4105 0.77906543442073
4105 0.77906543442073
4105 0
4105 0
4105 0
4105 1.0345236079077
4105 18.8755115600355
4105 18.8755115600355
4105 18.8755115600355
4046 418.104831492066
4046 418.104831492066
4046 418.104831492066
4046 418.104831492066
4046 0
4046 16.2976506140842
4046 16.2976506140842
4046 46.407466436374
4046 46.407466436374
4046 0.35674348165933
4046 0.208960843373494
4046 0.208960843373494
4046 0.208960843373494
4046 0.0174595094736627
4046 0.164514798479691
4046 0.120625281164897
4046 0.152874349264149
4046 0
4046 0
4046 0
4046 0.160325333507038
4046 0.160325333507038
4046 0
4046 28.3919163700434
4046 28.3919163700434
4046 28.3919163700434
4046 7.92034892865881
4046 0
4046 0
4046 0
4046 0.77906543442073
4046 0.77906543442073
4046 0
4046 0
4046 0
4046 1.0345236079077
4046 18.8755115600355
4046 18.8755115600355
4046 18.8755115600355
4211 418.104831492066
4211 418.104831492066
4211 418.104831492066
4211 418.104831492066
4211 0
4211 16.2976506140842
4211 16.2976506140842
4211 46.407466436374
4211 46.407466436374
4211 0.35674348165933
4211 0.208960843373494
4211 0.208960843373494
4211 0.208960843373494
4211 0.0174595094736627
4211 0.164514798479691
4211 0.120625281164897
4211 0.152874349264149
4211 0
4211 0
4211 0
4211 0.160325333507038
4211 0.160325333507038
4211 0
4211 28.3919163700434
4211 28.3919163700434
4211 28.3919163700434
4211 7.92034892865881
4211 0
4211 0
4211 0
4211 0.77906543442073
4211 0.77906543442073
4211 0
4211 0
4211 0
4211 1.0345236079077
4211 18.8755115600355
4211 18.8755115600355
4211 18.8755115600355
10674 418.104831492066
10674 418.104831492066
10674 418.104831492066
10674 418.104831492066
10674 0
10674 16.2976506140842
10674 16.2976506140842
10674 46.407466436374
10674 46.407466436374
10674 0.35674348165933
10674 0.208960843373494
10674 0.208960843373494
10674 0.208960843373494
10674 0.0174595094736627
10674 0.164514798479691
10674 0.120625281164897
10674 0.152874349264149
10674 0
10674 0
10674 0
10674 0.160325333507038
10674 0.160325333507038
10674 0
10674 28.3919163700434
10674 28.3919163700434
10674 28.3919163700434
10674 7.92034892865881
10674 0
10674 0
10674 0
10674 0.77906543442073
10674 0.77906543442073
10674 0
10674 0
10674 0
10674 1.0345236079077
10674 18.8755115600355
10674 18.8755115600355
10674 18.8755115600355
4298 418.104831492066
4298 418.104831492066
4298 418.104831492066
4298 418.104831492066
4298 0
4298 16.2976506140842
4298 16.2976506140842
4298 46.407466436374
4298 46.407466436374
4298 0.35674348165933
4298 0.208960843373494
4298 0.208960843373494
4298 0.208960843373494
4298 0.0174595094736627
4298 0.164514798479691
4298 0.120625281164897
4298 0.152874349264149
4298 0
4298 0
4298 0
4298 0.160325333507038
4298 0.160325333507038
4298 0
4298 28.3919163700434
4298 28.3919163700434
4298 28.3919163700434
4298 7.92034892865881
4298 0
4298 0
4298 0
4298 0.77906543442073
4298 0.77906543442073
4298 0
4298 0
4298 0
4298 1.0345236079077
4298 18.8755115600355
4298 18.8755115600355
4298 18.8755115600355
4303 418.104831492066
4303 418.104831492066
4303 418.104831492066
4303 418.104831492066
4303 0
4303 16.2976506140842
4303 16.2976506140842
4303 46.407466436374
4303 46.407466436374
4303 0.35674348165933
4303 0.208960843373494
4303 0.208960843373494
4303 0.208960843373494
4303 0.0174595094736627
4303 0.164514798479691
4303 0.120625281164897
4303 0.152874349264149
4303 0
4303 0
4303 0
4303 0.160325333507038
4303 0.160325333507038
4303 0
4303 28.3919163700434
4303 28.3919163700434
4303 28.3919163700434
4303 7.92034892865881
4303 0
4303 0
4303 0
4303 0.77906543442073
4303 0.77906543442073
4303 0
4303 0
4303 0
4303 1.0345236079077
4303 18.8755115600355
4303 18.8755115600355
4303 18.8755115600355
4391 418.104831492066
4391 418.104831492066
4391 418.104831492066
4391 418.104831492066
4391 0
4391 16.2976506140842
4391 16.2976506140842
4391 46.407466436374
4391 46.407466436374
4391 0.35674348165933
4391 0.208960843373494
4391 0.208960843373494
4391 0.208960843373494
4391 0.0174595094736627
4391 0.164514798479691
4391 0.120625281164897
4391 0.152874349264149
4391 0
4391 0
4391 0
4391 0.160325333507038
4391 0.160325333507038
4391 0
4391 28.3919163700434
4391 28.3919163700434
4391 28.3919163700434
4391 7.92034892865881
4391 0
4391 0
4391 0
4391 0.77906543442073
4391 0.77906543442073
4391 0
4391 0
4391 0
4391 1.0345236079077
4391 18.8755115600355
4391 18.8755115600355
4391 18.8755115600355
4480 418.104831492066
4480 418.104831492066
4480 418.104831492066
4480 418.104831492066
4480 0
4480 16.2976506140842
4480 16.2976506140842
4480 46.407466436374
4480 46.407466436374
4480 0.35674348165933
4480 0.208960843373494
4480 0.208960843373494
4480 0.208960843373494
4480 0.0174595094736627
4480 0.164514798479691
4480 0.120625281164897
4480 0.152874349264149
4480 0
4480 0
4480 0
4480 0.160325333507038
4480 0.160325333507038
4480 0
4480 28.3919163700434
4480 28.3919163700434
4480 28.3919163700434
4480 7.92034892865881
4480 0
4480 0
4480 0
4480 0.77906543442073
4480 0.77906543442073
4480 0
4480 0
4480 0
4480 1.0345236079077
4480 18.8755115600355
4480 18.8755115600355
4480 18.8755115600355
4574 418.104831492066
4574 418.104831492066
4574 418.104831492066
4574 418.104831492066
4574 0
4574 16.2976506140842
4574 16.2976506140842
4574 46.407466436374
4574 46.407466436374
4574 0.35674348165933
4574 0.208960843373494
4574 0.208960843373494
4574 0.208960843373494
4574 0.0174595094736627
4574 0.164514798479691
4574 0.120625281164897
4574 0.152874349264149
4574 0
4574 0
4574 0
4574 0.160325333507038
4574 0.160325333507038
4574 0
4574 28.3919163700434
4574 28.3919163700434
4574 28.3919163700434
4574 7.92034892865881
4574 0
4574 0
4574 0
4574 0.77906543442073
4574 0.77906543442073
4574 0
4574 0
4574 0
4574 1.0345236079077
4574 18.8755115600355
4574 18.8755115600355
4574 18.8755115600355
4665 418.104831492066
4665 418.104831492066
4665 418.104831492066
4665 418.104831492066
4665 0
4665 16.2976506140842
4665 16.2976506140842
4665 46.407466436374
4665 46.407466436374
4665 0.35674348165933
4665 0.208960843373494
4665 0.208960843373494
4665 0.208960843373494
4665 0.0174595094736627
4665 0.164514798479691
4665 0.120625281164897
4665 0.152874349264149
4665 0
4665 0
4665 0
4665 0.160325333507038
4665 0.160325333507038
4665 0
4665 28.3919163700434
4665 28.3919163700434
4665 28.3919163700434
4665 7.92034892865881
4665 0
4665 0
4665 0
4665 0.77906543442073
4665 0.77906543442073
4665 0
4665 0
4665 0
4665 1.0345236079077
4665 18.8755115600355
4665 18.8755115600355
4665 18.8755115600355
4760 418.104831492066
4760 418.104831492066
4760 418.104831492066
4760 418.104831492066
4760 0
4760 16.2976506140842
4760 16.2976506140842
4760 46.407466436374
4760 46.407466436374
4760 0.35674348165933
4760 0.208960843373494
4760 0.208960843373494
4760 0.208960843373494
4760 0.0174595094736627
4760 0.164514798479691
4760 0.120625281164897
4760 0.152874349264149
4760 0
4760 0
4760 0
4760 0.160325333507038
4760 0.160325333507038
4760 0
4760 28.3919163700434
4760 28.3919163700434
4760 28.3919163700434
4760 7.92034892865881
4760 0
4760 0
4760 0
4760 0.77906543442073
4760 0.77906543442073
4760 0
4760 0
4760 0
4760 1.0345236079077
4760 18.8755115600355
4760 18.8755115600355
4760 18.8755115600355
4933 418.104831492066
4933 418.104831492066
4933 418.104831492066
4933 418.104831492066
4933 0
4933 16.2976506140842
4933 16.2976506140842
4933 46.407466436374
4933 46.407466436374
4933 0.35674348165933
4933 0.208960843373494
4933 0.208960843373494
4933 0.208960843373494
4933 0.0174595094736627
4933 0.164514798479691
4933 0.120625281164897
4933 0.152874349264149
4933 0
4933 0
4933 0
4933 0.160325333507038
4933 0.160325333507038
4933 0
4933 28.3919163700434
4933 28.3919163700434
4933 28.3919163700434
4933 7.92034892865881
4933 0
4933 0
4933 0
4933 0.77906543442073
4933 0.77906543442073
4933 0
4933 0
4933 0
4933 1.0345236079077
4933 18.8755115600355
4933 18.8755115600355
4933 18.8755115600355
5019 418.104831492066
5019 418.104831492066
5019 418.104831492066
5019 418.104831492066
5019 0
5019 16.2976506140842
5019 16.2976506140842
5019 46.407466436374
5019 46.407466436374
5019 0.35674348165933
5019 0.208960843373494
5019 0.208960843373494
5019 0.208960843373494
5019 0.0174595094736627
5019 0.164514798479691
5019 0.120625281164897
5019 0.152874349264149
5019 0
5019 0
5019 0
5019 0.160325333507038
5019 0.160325333507038
5019 0
5019 28.3919163700434
5019 28.3919163700434
5019 28.3919163700434
5019 7.92034892865881
5019 0
5019 0
5019 0
5019 0.77906543442073
5019 0.77906543442073
5019 0
5019 0
5019 0
5019 1.0345236079077
5019 18.8755115600355
5019 18.8755115600355
5019 18.8755115600355
5192 418.104831492066
5192 418.104831492066
5192 418.104831492066
5192 418.104831492066
5192 0
5192 16.2976506140842
5192 16.2976506140842
5192 46.407466436374
5192 46.407466436374
5192 0.35674348165933
5192 0.208960843373494
5192 0.208960843373494
5192 0.208960843373494
5192 0.0174595094736627
5192 0.164514798479691
5192 0.120625281164897
5192 0.152874349264149
5192 0
5192 0
5192 0
5192 0.160325333507038
5192 0.160325333507038
5192 0
5192 28.3919163700434
5192 28.3919163700434
5192 28.3919163700434
5192 7.92034892865881
5192 0
5192 0
5192 0
5192 0.77906543442073
5192 0.77906543442073
5192 0
5192 0
5192 0
5192 1.0345236079077
5192 18.8755115600355
5192 18.8755115600355
5192 18.8755115600355
5283 418.104831492066
5283 418.104831492066
5283 418.104831492066
5283 418.104831492066
5283 0
5283 16.2976506140842
5283 16.2976506140842
5283 46.407466436374
5283 46.407466436374
5283 0.35674348165933
5283 0.208960843373494
5283 0.208960843373494
5283 0.208960843373494
5283 0.0174595094736627
5283 0.164514798479691
5283 0.120625281164897
5283 0.152874349264149
5283 0
5283 0
5283 0
5283 0.160325333507038
5283 0.160325333507038
5283 0
5283 28.3919163700434
5283 28.3919163700434
5283 28.3919163700434
5283 7.92034892865881
5283 0
5283 0
5283 0
5283 0.77906543442073
5283 0.77906543442073
5283 0
5283 0
5283 0
5283 1.0345236079077
5283 18.8755115600355
5283 18.8755115600355
5283 18.8755115600355
5285 418.104831492066
5285 418.104831492066
5285 418.104831492066
5285 418.104831492066
5285 0
5285 16.2976506140842
5285 16.2976506140842
5285 46.407466436374
5285 46.407466436374
5285 0.35674348165933
5285 0.208960843373494
5285 0.208960843373494
5285 0.208960843373494
5285 0.0174595094736627
5285 0.164514798479691
5285 0.120625281164897
5285 0.152874349264149
5285 0
5285 0
5285 0
5285 0.160325333507038
5285 0.160325333507038
5285 0
5285 28.3919163700434
5285 28.3919163700434
5285 28.3919163700434
5285 7.92034892865881
5285 0
5285 0
5285 0
5285 0.77906543442073
5285 0.77906543442073
5285 0
5285 0
5285 0
5285 1.0345236079077
5285 18.8755115600355
5285 18.8755115600355
5285 18.8755115600355
5716 418.104831492066
5716 418.104831492066
5716 418.104831492066
5716 418.104831492066
5716 0
5716 16.2976506140842
5716 16.2976506140842
5716 46.407466436374
5716 46.407466436374
5716 0.35674348165933
5716 0.208960843373494
5716 0.208960843373494
5716 0.208960843373494
5716 0.0174595094736627
5716 0.164514798479691
5716 0.120625281164897
5716 0.152874349264149
5716 0
5716 0
5716 0
5716 0.160325333507038
5716 0.160325333507038
5716 0
5716 28.3919163700434
5716 28.3919163700434
5716 28.3919163700434
5716 7.92034892865881
5716 0
5716 0
5716 0
5716 0.77906543442073
5716 0.77906543442073
5716 0
5716 0
5716 0
5716 1.0345236079077
5716 18.8755115600355
5716 18.8755115600355
5716 18.8755115600355
5717 418.104831492066
5717 418.104831492066
5717 418.104831492066
5717 418.104831492066
5717 0
5717 16.2976506140842
5717 16.2976506140842
5717 46.407466436374
5717 46.407466436374
5717 0.35674348165933
5717 0.208960843373494
5717 0.208960843373494
5717 0.208960843373494
5717 0.0174595094736627
5717 0.164514798479691
5717 0.120625281164897
5717 0.152874349264149
5717 0
5717 0
5717 0
5717 0.160325333507038
5717 0.160325333507038
5717 0
5717 28.3919163700434
5717 28.3919163700434
5717 28.3919163700434
5717 7.92034892865881
5717 0
5717 0
5717 0
5717 0.77906543442073
5717 0.77906543442073
5717 0
5717 0
5717 0
5717 1.0345236079077
5717 18.8755115600355
5717 18.8755115600355
5717 18.8755115600355
10108 418.104831492066
10108 418.104831492066
10108 418.104831492066
10108 418.104831492066
10108 0
10108 16.2976506140842
10108 16.2976506140842
10108 46.407466436374
10108 46.407466436374
10108 0.35674348165933
10108 0.208960843373494
10108 0.208960843373494
10108 0.208960843373494
10108 0.0174595094736627
10108 0.164514798479691
10108 0.120625281164897
10108 0.152874349264149
10108 0
10108 0
10108 0
10108 0.160325333507038
10108 0.160325333507038
10108 0
10108 28.3919163700434
10108 28.3919163700434
10108 28.3919163700434
10108 7.92034892865881
10108 0
10108 0
10108 0
10108 0.77906543442073
10108 0.77906543442073
10108 0
10108 0
10108 0
10108 1.0345236079077
10108 18.8755115600355
10108 18.8755115600355
10108 18.8755115600355
10424 418.104831492066
10424 418.104831492066
10424 418.104831492066
10424 418.104831492066
10424 0
10424 16.2976506140842
10424 16.2976506140842
10424 46.407466436374
10424 46.407466436374
10424 0.35674348165933
10424 0.208960843373494
10424 0.208960843373494
10424 0.208960843373494
10424 0.0174595094736627
10424 0.164514798479691
10424 0.120625281164897
10424 0.152874349264149
10424 0
10424 0
10424 0
10424 0.160325333507038
10424 0.160325333507038
10424 0
10424 28.3919163700434
10424 28.3919163700434
10424 28.3919163700434
10424 7.92034892865881
10424 0
10424 0
10424 0
10424 0.77906543442073
10424 0.77906543442073
10424 0
10424 0
10424 0
10424 1.0345236079077
10424 18.8755115600355
10424 18.8755115600355
10424 18.8755115600355
10182 418.104831492066
10182 418.104831492066
10182 418.104831492066
10182 418.104831492066
10182 0
10182 16.2976506140842
10182 16.2976506140842
10182 46.407466436374
10182 46.407466436374
10182 0.35674348165933
10182 0.208960843373494
10182 0.208960843373494
10182 0.208960843373494
10182 0.0174595094736627
10182 0.164514798479691
10182 0.120625281164897
10182 0.152874349264149
10182 0
10182 0
10182 0
10182 0.160325333507038
10182 0.160325333507038
10182 0
10182 28.3919163700434
10182 28.3919163700434
10182 28.3919163700434
10182 7.92034892865881
10182 0
10182 0
10182 0
10182 0.77906543442073
10182 0.77906543442073
10182 0
10182 0
10182 0
10182 1.0345236079077
10182 18.8755115600355
10182 18.8755115600355
10182 18.8755115600355
