pt_graph cpue_kghour
883 0
883 2.4540692504216
883 2.4540692504216
883 2.4540692504216
883 2.4540692504216
883 0
883 39.2513579392301
883 39.2513579392301
883 0
883 0
883 0
883 0
883 3.28859935179241
883 11657.2566432305
883 11657.2566432305
883 11657.2566432305
883 2.06957983337202
883 3957.7726678515
883 0
883 5682.95290015024
883 0
883 0.1549824903799
883 0
883 0
883 0
883 0
883 98.046815457339
883 8.78970279054195
883 8.78970279054195
883 8.78970279054195
883 30.498135291802
883 0
883 0
883 0.370638638802016
883 0
883 0
883 11714.8857685522
883 11714.8857685522
883 0
883 0
883 0
883 77.7354237742118
883 77.7354237742118
883 77.7354237742118
883 0.190349513685179
1621 0
1621 2.4540692504216
1621 2.4540692504216
1621 2.4540692504216
1621 2.4540692504216
1621 0
1621 39.2513579392301
1621 39.2513579392301
1621 0
1621 0
1621 0
1621 0
1621 3.28859935179241
1621 11657.2566432305
1621 11657.2566432305
1621 11657.2566432305
1621 2.06957983337202
1621 3957.7726678515
1621 0
1621 5682.95290015024
1621 0
1621 0.1549824903799
1621 0
1621 0
1621 0
1621 0
1621 98.046815457339
1621 8.78970279054195
1621 8.78970279054195
1621 8.78970279054195
1621 30.498135291802
1621 0
1621 0
1621 0.370638638802016
1621 0
1621 0
1621 11714.8857685522
1621 11714.8857685522
1621 0
1621 0
1621 0
1621 77.7354237742118
1621 77.7354237742118
1621 77.7354237742118
1621 0.190349513685179
1834 0
1834 2.4540692504216
1834 2.4540692504216
1834 2.4540692504216
1834 2.4540692504216
1834 0
1834 39.2513579392301
1834 39.2513579392301
1834 0
1834 0
1834 0
1834 0
1834 3.28859935179241
1834 11657.2566432305
1834 11657.2566432305
1834 11657.2566432305
1834 2.06957983337202
1834 3957.7726678515
1834 0
1834 5682.95290015024
1834 0
1834 0.1549824903799
1834 0
1834 0
1834 0
1834 0
1834 98.046815457339
1834 8.78970279054195
1834 8.78970279054195
1834 8.78970279054195
1834 30.498135291802
1834 0
1834 0
1834 0.370638638802016
1834 0
1834 0
1834 11714.8857685522
1834 11714.8857685522
1834 0
1834 0
1834 0
1834 77.7354237742118
1834 77.7354237742118
1834 77.7354237742118
1834 0.190349513685179
1835 0
1835 2.4540692504216
1835 2.4540692504216
1835 2.4540692504216
1835 2.4540692504216
1835 0
1835 39.2513579392301
1835 39.2513579392301
1835 0
1835 0
1835 0
1835 0
1835 3.28859935179241
1835 11657.2566432305
1835 11657.2566432305
1835 11657.2566432305
1835 2.06957983337202
1835 3957.7726678515
1835 0
1835 5682.95290015024
1835 0
1835 0.1549824903799
1835 0
1835 0
1835 0
1835 0
1835 98.046815457339
1835 8.78970279054195
1835 8.78970279054195
1835 8.78970279054195
1835 30.498135291802
1835 0
1835 0
1835 0.370638638802016
1835 0
1835 0
1835 11714.8857685522
1835 11714.8857685522
1835 0
1835 0
1835 0
1835 77.7354237742118
1835 77.7354237742118
1835 77.7354237742118
1835 0.190349513685179
1914 0
1914 2.4540692504216
1914 2.4540692504216
1914 2.4540692504216
1914 2.4540692504216
1914 0
1914 39.2513579392301
1914 39.2513579392301
1914 0
1914 0
1914 0
1914 0
1914 3.28859935179241
1914 11657.2566432305
1914 11657.2566432305
1914 11657.2566432305
1914 2.06957983337202
1914 3957.7726678515
1914 0
1914 5682.95290015024
1914 0
1914 0.1549824903799
1914 0
1914 0
1914 0
1914 0
1914 98.046815457339
1914 8.78970279054195
1914 8.78970279054195
1914 8.78970279054195
1914 30.498135291802
1914 0
1914 0
1914 0.370638638802016
1914 0
1914 0
1914 11714.8857685522
1914 11714.8857685522
1914 0
1914 0
1914 0
1914 77.7354237742118
1914 77.7354237742118
1914 77.7354237742118
1914 0.190349513685179
1915 0
1915 2.4540692504216
1915 2.4540692504216
1915 2.4540692504216
1915 2.4540692504216
1915 0
1915 39.2513579392301
1915 39.2513579392301
1915 0
1915 0
1915 0
1915 0
1915 3.28859935179241
1915 11657.2566432305
1915 11657.2566432305
1915 11657.2566432305
1915 2.06957983337202
1915 3957.7726678515
1915 0
1915 5682.95290015024
1915 0
1915 0.1549824903799
1915 0
1915 0
1915 0
1915 0
1915 98.046815457339
1915 8.78970279054195
1915 8.78970279054195
1915 8.78970279054195
1915 30.498135291802
1915 0
1915 0
1915 0.370638638802016
1915 0
1915 0
1915 11714.8857685522
1915 11714.8857685522
1915 0
1915 0
1915 0
1915 77.7354237742118
1915 77.7354237742118
1915 77.7354237742118
1915 0.190349513685179
1997 0
1997 2.4540692504216
1997 2.4540692504216
1997 2.4540692504216
1997 2.4540692504216
1997 0
1997 39.2513579392301
1997 39.2513579392301
1997 0
1997 0
1997 0
1997 0
1997 3.28859935179241
1997 11657.2566432305
1997 11657.2566432305
1997 11657.2566432305
1997 2.06957983337202
1997 3957.7726678515
1997 0
1997 5682.95290015024
1997 0
1997 0.1549824903799
1997 0
1997 0
1997 0
1997 0
1997 98.046815457339
1997 8.78970279054195
1997 8.78970279054195
1997 8.78970279054195
1997 30.498135291802
1997 0
1997 0
1997 0.370638638802016
1997 0
1997 0
1997 11714.8857685522
1997 11714.8857685522
1997 0
1997 0
1997 0
1997 77.7354237742118
1997 77.7354237742118
1997 77.7354237742118
1997 0.190349513685179
2126 0
2126 2.4540692504216
2126 2.4540692504216
2126 2.4540692504216
2126 2.4540692504216
2126 0
2126 39.2513579392301
2126 39.2513579392301
2126 0
2126 0
2126 0
2126 0
2126 3.28859935179241
2126 11657.2566432305
2126 11657.2566432305
2126 11657.2566432305
2126 2.06957983337202
2126 3957.7726678515
2126 0
2126 5682.95290015024
2126 0
2126 0.1549824903799
2126 0
2126 0
2126 0
2126 0
2126 98.046815457339
2126 8.78970279054195
2126 8.78970279054195
2126 8.78970279054195
2126 30.498135291802
2126 0
2126 0
2126 0.370638638802016
2126 0
2126 0
2126 11714.8857685522
2126 11714.8857685522
2126 0
2126 0
2126 0
2126 77.7354237742118
2126 77.7354237742118
2126 77.7354237742118
2126 0.190349513685179
2422 0
2422 2.4540692504216
2422 2.4540692504216
2422 2.4540692504216
2422 2.4540692504216
2422 0
2422 39.2513579392301
2422 39.2513579392301
2422 0
2422 0
2422 0
2422 0
2422 3.28859935179241
2422 11657.2566432305
2422 11657.2566432305
2422 11657.2566432305
2422 2.06957983337202
2422 3957.7726678515
2422 0
2422 5682.95290015024
2422 0
2422 0.1549824903799
2422 0
2422 0
2422 0
2422 0
2422 98.046815457339
2422 8.78970279054195
2422 8.78970279054195
2422 8.78970279054195
2422 30.498135291802
2422 0
2422 0
2422 0.370638638802016
2422 0
2422 0
2422 11714.8857685522
2422 11714.8857685522
2422 0
2422 0
2422 0
2422 77.7354237742118
2422 77.7354237742118
2422 77.7354237742118
2422 0.190349513685179
2486 0
2486 2.4540692504216
2486 2.4540692504216
2486 2.4540692504216
2486 2.4540692504216
2486 0
2486 39.2513579392301
2486 39.2513579392301
2486 0
2486 0
2486 0
2486 0
2486 3.28859935179241
2486 11657.2566432305
2486 11657.2566432305
2486 11657.2566432305
2486 2.06957983337202
2486 3957.7726678515
2486 0
2486 5682.95290015024
2486 0
2486 0.1549824903799
2486 0
2486 0
2486 0
2486 0
2486 98.046815457339
2486 8.78970279054195
2486 8.78970279054195
2486 8.78970279054195
2486 30.498135291802
2486 0
2486 0
2486 0.370638638802016
2486 0
2486 0
2486 11714.8857685522
2486 11714.8857685522
2486 0
2486 0
2486 0
2486 77.7354237742118
2486 77.7354237742118
2486 77.7354237742118
2486 0.190349513685179
2566 0
2566 2.4540692504216
2566 2.4540692504216
2566 2.4540692504216
2566 2.4540692504216
2566 0
2566 39.2513579392301
2566 39.2513579392301
2566 0
2566 0
2566 0
2566 0
2566 3.28859935179241
2566 11657.2566432305
2566 11657.2566432305
2566 11657.2566432305
2566 2.06957983337202
2566 3957.7726678515
2566 0
2566 5682.95290015024
2566 0
2566 0.1549824903799
2566 0
2566 0
2566 0
2566 0
2566 98.046815457339
2566 8.78970279054195
2566 8.78970279054195
2566 8.78970279054195
2566 30.498135291802
2566 0
2566 0
2566 0.370638638802016
2566 0
2566 0
2566 11714.8857685522
2566 11714.8857685522
2566 0
2566 0
2566 0
2566 77.7354237742118
2566 77.7354237742118
2566 77.7354237742118
2566 0.190349513685179
2650 0
2650 2.4540692504216
2650 2.4540692504216
2650 2.4540692504216
2650 2.4540692504216
2650 0
2650 39.2513579392301
2650 39.2513579392301
2650 0
2650 0
2650 0
2650 0
2650 3.28859935179241
2650 11657.2566432305
2650 11657.2566432305
2650 11657.2566432305
2650 2.06957983337202
2650 3957.7726678515
2650 0
2650 5682.95290015024
2650 0
2650 0.1549824903799
2650 0
2650 0
2650 0
2650 0
2650 98.046815457339
2650 8.78970279054195
2650 8.78970279054195
2650 8.78970279054195
2650 30.498135291802
2650 0
2650 0
2650 0.370638638802016
2650 0
2650 0
2650 11714.8857685522
2650 11714.8857685522
2650 0
2650 0
2650 0
2650 77.7354237742118
2650 77.7354237742118
2650 77.7354237742118
2650 0.190349513685179
2652 0
2652 2.4540692504216
2652 2.4540692504216
2652 2.4540692504216
2652 2.4540692504216
2652 0
2652 39.2513579392301
2652 39.2513579392301
2652 0
2652 0
2652 0
2652 0
2652 3.28859935179241
2652 11657.2566432305
2652 11657.2566432305
2652 11657.2566432305
2652 2.06957983337202
2652 3957.7726678515
2652 0
2652 5682.95290015024
2652 0
2652 0.1549824903799
2652 0
2652 0
2652 0
2652 0
2652 98.046815457339
2652 8.78970279054195
2652 8.78970279054195
2652 8.78970279054195
2652 30.498135291802
2652 0
2652 0
2652 0.370638638802016
2652 0
2652 0
2652 11714.8857685522
2652 11714.8857685522
2652 0
2652 0
2652 0
2652 77.7354237742118
2652 77.7354237742118
2652 77.7354237742118
2652 0.190349513685179
2653 0
2653 2.4540692504216
2653 2.4540692504216
2653 2.4540692504216
2653 2.4540692504216
2653 0
2653 39.2513579392301
2653 39.2513579392301
2653 0
2653 0
2653 0
2653 0
2653 3.28859935179241
2653 11657.2566432305
2653 11657.2566432305
2653 11657.2566432305
2653 2.06957983337202
2653 3957.7726678515
2653 0
2653 5682.95290015024
2653 0
2653 0.1549824903799
2653 0
2653 0
2653 0
2653 0
2653 98.046815457339
2653 8.78970279054195
2653 8.78970279054195
2653 8.78970279054195
2653 30.498135291802
2653 0
2653 0
2653 0.370638638802016
2653 0
2653 0
2653 11714.8857685522
2653 11714.8857685522
2653 0
2653 0
2653 0
2653 77.7354237742118
2653 77.7354237742118
2653 77.7354237742118
2653 0.190349513685179
2693 0
2693 2.4540692504216
2693 2.4540692504216
2693 2.4540692504216
2693 2.4540692504216
2693 0
2693 39.2513579392301
2693 39.2513579392301
2693 0
2693 0
2693 0
2693 0
2693 3.28859935179241
2693 11657.2566432305
2693 11657.2566432305
2693 11657.2566432305
2693 2.06957983337202
2693 3957.7726678515
2693 0
2693 5682.95290015024
2693 0
2693 0.1549824903799
2693 0
2693 0
2693 0
2693 0
2693 98.046815457339
2693 8.78970279054195
2693 8.78970279054195
2693 8.78970279054195
2693 30.498135291802
2693 0
2693 0
2693 0.370638638802016
2693 0
2693 0
2693 11714.8857685522
2693 11714.8857685522
2693 0
2693 0
2693 0
2693 77.7354237742118
2693 77.7354237742118
2693 77.7354237742118
2693 0.190349513685179
2668 0
2668 2.4540692504216
2668 2.4540692504216
2668 2.4540692504216
2668 2.4540692504216
2668 0
2668 39.2513579392301
2668 39.2513579392301
2668 0
2668 0
2668 0
2668 0
2668 3.28859935179241
2668 11657.2566432305
2668 11657.2566432305
2668 11657.2566432305
2668 2.06957983337202
2668 3957.7726678515
2668 0
2668 5682.95290015024
2668 0
2668 0.1549824903799
2668 0
2668 0
2668 0
2668 0
2668 98.046815457339
2668 8.78970279054195
2668 8.78970279054195
2668 8.78970279054195
2668 30.498135291802
2668 0
2668 0
2668 0.370638638802016
2668 0
2668 0
2668 11714.8857685522
2668 11714.8857685522
2668 0
2668 0
2668 0
2668 77.7354237742118
2668 77.7354237742118
2668 77.7354237742118
2668 0.190349513685179
2732 0
2732 2.4540692504216
2732 2.4540692504216
2732 2.4540692504216
2732 2.4540692504216
2732 0
2732 39.2513579392301
2732 39.2513579392301
2732 0
2732 0
2732 0
2732 0
2732 3.28859935179241
2732 11657.2566432305
2732 11657.2566432305
2732 11657.2566432305
2732 2.06957983337202
2732 3957.7726678515
2732 0
2732 5682.95290015024
2732 0
2732 0.1549824903799
2732 0
2732 0
2732 0
2732 0
2732 98.046815457339
2732 8.78970279054195
2732 8.78970279054195
2732 8.78970279054195
2732 30.498135291802
2732 0
2732 0
2732 0.370638638802016
2732 0
2732 0
2732 11714.8857685522
2732 11714.8857685522
2732 0
2732 0
2732 0
2732 77.7354237742118
2732 77.7354237742118
2732 77.7354237742118
2732 0.190349513685179
2734 0
2734 2.4540692504216
2734 2.4540692504216
2734 2.4540692504216
2734 2.4540692504216
2734 0
2734 39.2513579392301
2734 39.2513579392301
2734 0
2734 0
2734 0
2734 0
2734 3.28859935179241
2734 11657.2566432305
2734 11657.2566432305
2734 11657.2566432305
2734 2.06957983337202
2734 3957.7726678515
2734 0
2734 5682.95290015024
2734 0
2734 0.1549824903799
2734 0
2734 0
2734 0
2734 0
2734 98.046815457339
2734 8.78970279054195
2734 8.78970279054195
2734 8.78970279054195
2734 30.498135291802
2734 0
2734 0
2734 0.370638638802016
2734 0
2734 0
2734 11714.8857685522
2734 11714.8857685522
2734 0
2734 0
2734 0
2734 77.7354237742118
2734 77.7354237742118
2734 77.7354237742118
2734 0.190349513685179
2735 0
2735 2.4540692504216
2735 2.4540692504216
2735 2.4540692504216
2735 2.4540692504216
2735 0
2735 39.2513579392301
2735 39.2513579392301
2735 0
2735 0
2735 0
2735 0
2735 3.28859935179241
2735 11657.2566432305
2735 11657.2566432305
2735 11657.2566432305
2735 2.06957983337202
2735 3957.7726678515
2735 0
2735 5682.95290015024
2735 0
2735 0.1549824903799
2735 0
2735 0
2735 0
2735 0
2735 98.046815457339
2735 8.78970279054195
2735 8.78970279054195
2735 8.78970279054195
2735 30.498135291802
2735 0
2735 0
2735 0.370638638802016
2735 0
2735 0
2735 11714.8857685522
2735 11714.8857685522
2735 0
2735 0
2735 0
2735 77.7354237742118
2735 77.7354237742118
2735 77.7354237742118
2735 0.190349513685179
2775 0
2775 2.4540692504216
2775 2.4540692504216
2775 2.4540692504216
2775 2.4540692504216
2775 0
2775 39.2513579392301
2775 39.2513579392301
2775 0
2775 0
2775 0
2775 0
2775 3.28859935179241
2775 11657.2566432305
2775 11657.2566432305
2775 11657.2566432305
2775 2.06957983337202
2775 3957.7726678515
2775 0
2775 5682.95290015024
2775 0
2775 0.1549824903799
2775 0
2775 0
2775 0
2775 0
2775 98.046815457339
2775 8.78970279054195
2775 8.78970279054195
2775 8.78970279054195
2775 30.498135291802
2775 0
2775 0
2775 0.370638638802016
2775 0
2775 0
2775 11714.8857685522
2775 11714.8857685522
2775 0
2775 0
2775 0
2775 77.7354237742118
2775 77.7354237742118
2775 77.7354237742118
2775 0.190349513685179
2820 0
2820 2.4540692504216
2820 2.4540692504216
2820 2.4540692504216
2820 2.4540692504216
2820 0
2820 39.2513579392301
2820 39.2513579392301
2820 0
2820 0
2820 0
2820 0
2820 3.28859935179241
2820 11657.2566432305
2820 11657.2566432305
2820 11657.2566432305
2820 2.06957983337202
2820 3957.7726678515
2820 0
2820 5682.95290015024
2820 0
2820 0.1549824903799
2820 0
2820 0
2820 0
2820 0
2820 98.046815457339
2820 8.78970279054195
2820 8.78970279054195
2820 8.78970279054195
2820 30.498135291802
2820 0
2820 0
2820 0.370638638802016
2820 0
2820 0
2820 11714.8857685522
2820 11714.8857685522
2820 0
2820 0
2820 0
2820 77.7354237742118
2820 77.7354237742118
2820 77.7354237742118
2820 0.190349513685179
2890 0
2890 2.4540692504216
2890 2.4540692504216
2890 2.4540692504216
2890 2.4540692504216
2890 0
2890 39.2513579392301
2890 39.2513579392301
2890 0
2890 0
2890 0
2890 0
2890 3.28859935179241
2890 11657.2566432305
2890 11657.2566432305
2890 11657.2566432305
2890 2.06957983337202
2890 3957.7726678515
2890 0
2890 5682.95290015024
2890 0
2890 0.1549824903799
2890 0
2890 0
2890 0
2890 0
2890 98.046815457339
2890 8.78970279054195
2890 8.78970279054195
2890 8.78970279054195
2890 30.498135291802
2890 0
2890 0
2890 0.370638638802016
2890 0
2890 0
2890 11714.8857685522
2890 11714.8857685522
2890 0
2890 0
2890 0
2890 77.7354237742118
2890 77.7354237742118
2890 77.7354237742118
2890 0.190349513685179
2965 0
2965 2.4540692504216
2965 2.4540692504216
2965 2.4540692504216
2965 2.4540692504216
2965 0
2965 39.2513579392301
2965 39.2513579392301
2965 0
2965 0
2965 0
2965 0
2965 3.28859935179241
2965 11657.2566432305
2965 11657.2566432305
2965 11657.2566432305
2965 2.06957983337202
2965 3957.7726678515
2965 0
2965 5682.95290015024
2965 0
2965 0.1549824903799
2965 0
2965 0
2965 0
2965 0
2965 98.046815457339
2965 8.78970279054195
2965 8.78970279054195
2965 8.78970279054195
2965 30.498135291802
2965 0
2965 0
2965 0.370638638802016
2965 0
2965 0
2965 11714.8857685522
2965 11714.8857685522
2965 0
2965 0
2965 0
2965 77.7354237742118
2965 77.7354237742118
2965 77.7354237742118
2965 0.190349513685179
2974 0
2974 2.4540692504216
2974 2.4540692504216
2974 2.4540692504216
2974 2.4540692504216
2974 0
2974 39.2513579392301
2974 39.2513579392301
2974 0
2974 0
2974 0
2974 0
2974 3.28859935179241
2974 11657.2566432305
2974 11657.2566432305
2974 11657.2566432305
2974 2.06957983337202
2974 3957.7726678515
2974 0
2974 5682.95290015024
2974 0
2974 0.1549824903799
2974 0
2974 0
2974 0
2974 0
2974 98.046815457339
2974 8.78970279054195
2974 8.78970279054195
2974 8.78970279054195
2974 30.498135291802
2974 0
2974 0
2974 0.370638638802016
2974 0
2974 0
2974 11714.8857685522
2974 11714.8857685522
2974 0
2974 0
2974 0
2974 77.7354237742118
2974 77.7354237742118
2974 77.7354237742118
2974 0.190349513685179
3086 0
3086 2.4540692504216
3086 2.4540692504216
3086 2.4540692504216
3086 2.4540692504216
3086 0
3086 39.2513579392301
3086 39.2513579392301
3086 0
3086 0
3086 0
3086 0
3086 3.28859935179241
3086 11657.2566432305
3086 11657.2566432305
3086 11657.2566432305
3086 2.06957983337202
3086 3957.7726678515
3086 0
3086 5682.95290015024
3086 0
3086 0.1549824903799
3086 0
3086 0
3086 0
3086 0
3086 98.046815457339
3086 8.78970279054195
3086 8.78970279054195
3086 8.78970279054195
3086 30.498135291802
3086 0
3086 0
3086 0.370638638802016
3086 0
3086 0
3086 11714.8857685522
3086 11714.8857685522
3086 0
3086 0
3086 0
3086 77.7354237742118
3086 77.7354237742118
3086 77.7354237742118
3086 0.190349513685179
3085 0
3085 2.4540692504216
3085 2.4540692504216
3085 2.4540692504216
3085 2.4540692504216
3085 0
3085 39.2513579392301
3085 39.2513579392301
3085 0
3085 0
3085 0
3085 0
3085 3.28859935179241
3085 11657.2566432305
3085 11657.2566432305
3085 11657.2566432305
3085 2.06957983337202
3085 3957.7726678515
3085 0
3085 5682.95290015024
3085 0
3085 0.1549824903799
3085 0
3085 0
3085 0
3085 0
3085 98.046815457339
3085 8.78970279054195
3085 8.78970279054195
3085 8.78970279054195
3085 30.498135291802
3085 0
3085 0
3085 0.370638638802016
3085 0
3085 0
3085 11714.8857685522
3085 11714.8857685522
3085 0
3085 0
3085 0
3085 77.7354237742118
3085 77.7354237742118
3085 77.7354237742118
3085 0.190349513685179
3158 0
3158 2.4540692504216
3158 2.4540692504216
3158 2.4540692504216
3158 2.4540692504216
3158 0
3158 39.2513579392301
3158 39.2513579392301
3158 0
3158 0
3158 0
3158 0
3158 3.28859935179241
3158 11657.2566432305
3158 11657.2566432305
3158 11657.2566432305
3158 2.06957983337202
3158 3957.7726678515
3158 0
3158 5682.95290015024
3158 0
3158 0.1549824903799
3158 0
3158 0
3158 0
3158 0
3158 98.046815457339
3158 8.78970279054195
3158 8.78970279054195
3158 8.78970279054195
3158 30.498135291802
3158 0
3158 0
3158 0.370638638802016
3158 0
3158 0
3158 11714.8857685522
3158 11714.8857685522
3158 0
3158 0
3158 0
3158 77.7354237742118
3158 77.7354237742118
3158 77.7354237742118
3158 0.190349513685179
3157 0
3157 2.4540692504216
3157 2.4540692504216
3157 2.4540692504216
3157 2.4540692504216
3157 0
3157 39.2513579392301
3157 39.2513579392301
3157 0
3157 0
3157 0
3157 0
3157 3.28859935179241
3157 11657.2566432305
3157 11657.2566432305
3157 11657.2566432305
3157 2.06957983337202
3157 3957.7726678515
3157 0
3157 5682.95290015024
3157 0
3157 0.1549824903799
3157 0
3157 0
3157 0
3157 0
3157 98.046815457339
3157 8.78970279054195
3157 8.78970279054195
3157 8.78970279054195
3157 30.498135291802
3157 0
3157 0
3157 0.370638638802016
3157 0
3157 0
3157 11714.8857685522
3157 11714.8857685522
3157 0
3157 0
3157 0
3157 77.7354237742118
3157 77.7354237742118
3157 77.7354237742118
3157 0.190349513685179
3319 0
3319 2.4540692504216
3319 2.4540692504216
3319 2.4540692504216
3319 2.4540692504216
3319 0
3319 39.2513579392301
3319 39.2513579392301
3319 0
3319 0
3319 0
3319 0
3319 3.28859935179241
3319 11657.2566432305
3319 11657.2566432305
3319 11657.2566432305
3319 2.06957983337202
3319 3957.7726678515
3319 0
3319 5682.95290015024
3319 0
3319 0.1549824903799
3319 0
3319 0
3319 0
3319 0
3319 98.046815457339
3319 8.78970279054195
3319 8.78970279054195
3319 8.78970279054195
3319 30.498135291802
3319 0
3319 0
3319 0.370638638802016
3319 0
3319 0
3319 11714.8857685522
3319 11714.8857685522
3319 0
3319 0
3319 0
3319 77.7354237742118
3319 77.7354237742118
3319 77.7354237742118
3319 0.190349513685179
3383 0
3383 2.4540692504216
3383 2.4540692504216
3383 2.4540692504216
3383 2.4540692504216
3383 0
3383 39.2513579392301
3383 39.2513579392301
3383 0
3383 0
3383 0
3383 0
3383 3.28859935179241
3383 11657.2566432305
3383 11657.2566432305
3383 11657.2566432305
3383 2.06957983337202
3383 3957.7726678515
3383 0
3383 5682.95290015024
3383 0
3383 0.1549824903799
3383 0
3383 0
3383 0
3383 0
3383 98.046815457339
3383 8.78970279054195
3383 8.78970279054195
3383 8.78970279054195
3383 30.498135291802
3383 0
3383 0
3383 0.370638638802016
3383 0
3383 0
3383 11714.8857685522
3383 11714.8857685522
3383 0
3383 0
3383 0
3383 77.7354237742118
3383 77.7354237742118
3383 77.7354237742118
3383 0.190349513685179
10934 0
10934 2.4540692504216
10934 2.4540692504216
10934 2.4540692504216
10934 2.4540692504216
10934 0
10934 39.2513579392301
10934 39.2513579392301
10934 0
10934 0
10934 0
10934 0
10934 3.28859935179241
10934 11657.2566432305
10934 11657.2566432305
10934 11657.2566432305
10934 2.06957983337202
10934 3957.7726678515
10934 0
10934 5682.95290015024
10934 0
10934 0.1549824903799
10934 0
10934 0
10934 0
10934 0
10934 98.046815457339
10934 8.78970279054195
10934 8.78970279054195
10934 8.78970279054195
10934 30.498135291802
10934 0
10934 0
10934 0.370638638802016
10934 0
10934 0
10934 11714.8857685522
10934 11714.8857685522
10934 0
10934 0
10934 0
10934 77.7354237742118
10934 77.7354237742118
10934 77.7354237742118
10934 0.190349513685179
4702 0
4702 2.4540692504216
4702 2.4540692504216
4702 2.4540692504216
4702 2.4540692504216
4702 0
4702 39.2513579392301
4702 39.2513579392301
4702 0
4702 0
4702 0
4702 0
4702 3.28859935179241
4702 11657.2566432305
4702 11657.2566432305
4702 11657.2566432305
4702 2.06957983337202
4702 3957.7726678515
4702 0
4702 5682.95290015024
4702 0
4702 0.1549824903799
4702 0
4702 0
4702 0
4702 0
4702 98.046815457339
4702 8.78970279054195
4702 8.78970279054195
4702 8.78970279054195
4702 30.498135291802
4702 0
4702 0
4702 0.370638638802016
4702 0
4702 0
4702 11714.8857685522
4702 11714.8857685522
4702 0
4702 0
4702 0
4702 77.7354237742118
4702 77.7354237742118
4702 77.7354237742118
4702 0.190349513685179
4897 0
4897 2.4540692504216
4897 2.4540692504216
4897 2.4540692504216
4897 2.4540692504216
4897 0
4897 39.2513579392301
4897 39.2513579392301
4897 0
4897 0
4897 0
4897 0
4897 3.28859935179241
4897 11657.2566432305
4897 11657.2566432305
4897 11657.2566432305
4897 2.06957983337202
4897 3957.7726678515
4897 0
4897 5682.95290015024
4897 0
4897 0.1549824903799
4897 0
4897 0
4897 0
4897 0
4897 98.046815457339
4897 8.78970279054195
4897 8.78970279054195
4897 8.78970279054195
4897 30.498135291802
4897 0
4897 0
4897 0.370638638802016
4897 0
4897 0
4897 11714.8857685522
4897 11714.8857685522
4897 0
4897 0
4897 0
4897 77.7354237742118
4897 77.7354237742118
4897 77.7354237742118
4897 0.190349513685179
4891 0
4891 2.4540692504216
4891 2.4540692504216
4891 2.4540692504216
4891 2.4540692504216
4891 0
4891 39.2513579392301
4891 39.2513579392301
4891 0
4891 0
4891 0
4891 0
4891 3.28859935179241
4891 11657.2566432305
4891 11657.2566432305
4891 11657.2566432305
4891 2.06957983337202
4891 3957.7726678515
4891 0
4891 5682.95290015024
4891 0
4891 0.1549824903799
4891 0
4891 0
4891 0
4891 0
4891 98.046815457339
4891 8.78970279054195
4891 8.78970279054195
4891 8.78970279054195
4891 30.498135291802
4891 0
4891 0
4891 0.370638638802016
4891 0
4891 0
4891 11714.8857685522
4891 11714.8857685522
4891 0
4891 0
4891 0
4891 77.7354237742118
4891 77.7354237742118
4891 77.7354237742118
4891 0.190349513685179
4890 0
4890 2.4540692504216
4890 2.4540692504216
4890 2.4540692504216
4890 2.4540692504216
4890 0
4890 39.2513579392301
4890 39.2513579392301
4890 0
4890 0
4890 0
4890 0
4890 3.28859935179241
4890 11657.2566432305
4890 11657.2566432305
4890 11657.2566432305
4890 2.06957983337202
4890 3957.7726678515
4890 0
4890 5682.95290015024
4890 0
4890 0.1549824903799
4890 0
4890 0
4890 0
4890 0
4890 98.046815457339
4890 8.78970279054195
4890 8.78970279054195
4890 8.78970279054195
4890 30.498135291802
4890 0
4890 0
4890 0.370638638802016
4890 0
4890 0
4890 11714.8857685522
4890 11714.8857685522
4890 0
4890 0
4890 0
4890 77.7354237742118
4890 77.7354237742118
4890 77.7354237742118
4890 0.190349513685179
4981 0
4981 2.4540692504216
4981 2.4540692504216
4981 2.4540692504216
4981 2.4540692504216
4981 0
4981 39.2513579392301
4981 39.2513579392301
4981 0
4981 0
4981 0
4981 0
4981 3.28859935179241
4981 11657.2566432305
4981 11657.2566432305
4981 11657.2566432305
4981 2.06957983337202
4981 3957.7726678515
4981 0
4981 5682.95290015024
4981 0
4981 0.1549824903799
4981 0
4981 0
4981 0
4981 0
4981 98.046815457339
4981 8.78970279054195
4981 8.78970279054195
4981 8.78970279054195
4981 30.498135291802
4981 0
4981 0
4981 0.370638638802016
4981 0
4981 0
4981 11714.8857685522
4981 11714.8857685522
4981 0
4981 0
4981 0
4981 77.7354237742118
4981 77.7354237742118
4981 77.7354237742118
4981 0.190349513685179
4976 0
4976 2.4540692504216
4976 2.4540692504216
4976 2.4540692504216
4976 2.4540692504216
4976 0
4976 39.2513579392301
4976 39.2513579392301
4976 0
4976 0
4976 0
4976 0
4976 3.28859935179241
4976 11657.2566432305
4976 11657.2566432305
4976 11657.2566432305
4976 2.06957983337202
4976 3957.7726678515
4976 0
4976 5682.95290015024
4976 0
4976 0.1549824903799
4976 0
4976 0
4976 0
4976 0
4976 98.046815457339
4976 8.78970279054195
4976 8.78970279054195
4976 8.78970279054195
4976 30.498135291802
4976 0
4976 0
4976 0.370638638802016
4976 0
4976 0
4976 11714.8857685522
4976 11714.8857685522
4976 0
4976 0
4976 0
4976 77.7354237742118
4976 77.7354237742118
4976 77.7354237742118
4976 0.190349513685179
10342 0
10342 2.4540692504216
10342 2.4540692504216
10342 2.4540692504216
10342 2.4540692504216
10342 0
10342 39.2513579392301
10342 39.2513579392301
10342 0
10342 0
10342 0
10342 0
10342 3.28859935179241
10342 11657.2566432305
10342 11657.2566432305
10342 11657.2566432305
10342 2.06957983337202
10342 3957.7726678515
10342 0
10342 5682.95290015024
10342 0
10342 0.1549824903799
10342 0
10342 0
10342 0
10342 0
10342 98.046815457339
10342 8.78970279054195
10342 8.78970279054195
10342 8.78970279054195
10342 30.498135291802
10342 0
10342 0
10342 0.370638638802016
10342 0
10342 0
10342 11714.8857685522
10342 11714.8857685522
10342 0
10342 0
10342 0
10342 77.7354237742118
10342 77.7354237742118
10342 77.7354237742118
10342 0.190349513685179
5076 0
5076 2.4540692504216
5076 2.4540692504216
5076 2.4540692504216
5076 2.4540692504216
5076 0
5076 39.2513579392301
5076 39.2513579392301
5076 0
5076 0
5076 0
5076 0
5076 3.28859935179241
5076 11657.2566432305
5076 11657.2566432305
5076 11657.2566432305
5076 2.06957983337202
5076 3957.7726678515
5076 0
5076 5682.95290015024
5076 0
5076 0.1549824903799
5076 0
5076 0
5076 0
5076 0
5076 98.046815457339
5076 8.78970279054195
5076 8.78970279054195
5076 8.78970279054195
5076 30.498135291802
5076 0
5076 0
5076 0.370638638802016
5076 0
5076 0
5076 11714.8857685522
5076 11714.8857685522
5076 0
5076 0
5076 0
5076 77.7354237742118
5076 77.7354237742118
5076 77.7354237742118
5076 0.190349513685179
5430 0
5430 2.4540692504216
5430 2.4540692504216
5430 2.4540692504216
5430 2.4540692504216
5430 0
5430 39.2513579392301
5430 39.2513579392301
5430 0
5430 0
5430 0
5430 0
5430 3.28859935179241
5430 11657.2566432305
5430 11657.2566432305
5430 11657.2566432305
5430 2.06957983337202
5430 3957.7726678515
5430 0
5430 5682.95290015024
5430 0
5430 0.1549824903799
5430 0
5430 0
5430 0
5430 0
5430 98.046815457339
5430 8.78970279054195
5430 8.78970279054195
5430 8.78970279054195
5430 30.498135291802
5430 0
5430 0
5430 0.370638638802016
5430 0
5430 0
5430 11714.8857685522
5430 11714.8857685522
5430 0
5430 0
5430 0
5430 77.7354237742118
5430 77.7354237742118
5430 77.7354237742118
5430 0.190349513685179
5880 0
5880 2.4540692504216
5880 2.4540692504216
5880 2.4540692504216
5880 2.4540692504216
5880 0
5880 39.2513579392301
5880 39.2513579392301
5880 0
5880 0
5880 0
5880 0
5880 3.28859935179241
5880 11657.2566432305
5880 11657.2566432305
5880 11657.2566432305
5880 2.06957983337202
5880 3957.7726678515
5880 0
5880 5682.95290015024
5880 0
5880 0.1549824903799
5880 0
5880 0
5880 0
5880 0
5880 98.046815457339
5880 8.78970279054195
5880 8.78970279054195
5880 8.78970279054195
5880 30.498135291802
5880 0
5880 0
5880 0.370638638802016
5880 0
5880 0
5880 11714.8857685522
5880 11714.8857685522
5880 0
5880 0
5880 0
5880 77.7354237742118
5880 77.7354237742118
5880 77.7354237742118
5880 0.190349513685179
5979 0
5979 2.4540692504216
5979 2.4540692504216
5979 2.4540692504216
5979 2.4540692504216
5979 0
5979 39.2513579392301
5979 39.2513579392301
5979 0
5979 0
5979 0
5979 0
5979 3.28859935179241
5979 11657.2566432305
5979 11657.2566432305
5979 11657.2566432305
5979 2.06957983337202
5979 3957.7726678515
5979 0
5979 5682.95290015024
5979 0
5979 0.1549824903799
5979 0
5979 0
5979 0
5979 0
5979 98.046815457339
5979 8.78970279054195
5979 8.78970279054195
5979 8.78970279054195
5979 30.498135291802
5979 0
5979 0
5979 0.370638638802016
5979 0
5979 0
5979 11714.8857685522
5979 11714.8857685522
5979 0
5979 0
5979 0
5979 77.7354237742118
5979 77.7354237742118
5979 77.7354237742118
5979 0.190349513685179
