pt_graph shape
3 1
3 1
3 1
3 1
3 1
3 1
3 1
3 1
3 1
3 1
3 1
3 1
3 1
3 1
3 1
3 1
3 1
3 1
3 1
3 1
3 1
3 1
3 1
3 1
3 1
3 1
3 1
3 1
3 1
3 1
3 1
3 1
3 1
3 1
3 1
3 1
3 1
3 1
3 1
3 1
3 1
3 1
3 1
3 1
3 1
4 1
4 1
4 1
4 1
4 1
4 1
4 1
4 1
4 1
4 1
4 1
4 1
4 1
4 1
4 1
4 1
4 1
4 1
4 1
4 1
4 1
4 1
4 1
4 1
4 1
4 1
4 1
4 1
4 1
4 1
4 1
4 1
4 1
4 1
4 1
4 1
4 1
4 1
4 1
4 1
4 1
4 1
4 1
4 1
4 1
7 1
7 1
7 1
7 1
7 1
7 1
7 1
7 1
7 1
7 1
7 1
7 1
7 1
7 1
7 1
7 1
7 1
7 1
7 1
7 1
7 1
7 1
7 1
7 1
7 1
7 1
7 1
7 1
7 1
7 1
7 1
7 1
7 1
7 1
7 1
7 1
7 1
7 1
7 1
7 1
7 1
7 1
7 1
7 1
7 1
12 1
12 1
12 1
12 1
12 1
12 1
12 1
12 1
12 1
12 1
12 1
12 1
12 1
12 1
12 1
12 1
12 1
12 1
12 1
12 1
12 1
12 1
12 1
12 1
12 1
12 1
12 1
12 1
12 1
12 1
12 1
12 1
12 1
12 1
12 1
12 1
12 1
12 1
12 1
12 1
12 1
12 1
12 1
12 1
12 1
14 1
14 1
14 1
14 1
14 1
14 1
14 1
14 1
14 1
14 1
14 1
14 1
14 1
14 1
14 1
14 1
14 1
14 1
14 1
14 1
14 1
14 1
14 1
14 1
14 1
14 1
14 1
14 1
14 1
14 1
14 1
14 1
14 1
14 1
14 1
14 1
14 1
14 1
14 1
14 1
14 1
14 1
14 1
14 1
14 1
19 1
19 1
19 1
19 1
19 1
19 1
19 1
19 1
19 1
19 1
19 1
19 1
19 1
19 1
19 1
19 1
19 1
19 1
19 1
19 1
19 1
19 1
19 1
19 1
19 1
19 1
19 1
19 1
19 1
19 1
19 1
19 1
19 1
19 1
19 1
19 1
19 1
19 1
19 1
19 1
19 1
19 1
19 1
19 1
19 1
23 1
23 1
23 1
23 1
23 1
23 1
23 1
23 1
23 1
23 1
23 1
23 1
23 1
23 1
23 1
23 1
23 1
23 1
23 1
23 1
23 1
23 1
23 1
23 1
23 1
23 1
23 1
23 1
23 1
23 1
23 1
23 1
23 1
23 1
23 1
23 1
23 1
23 1
23 1
23 1
23 1
23 1
23 1
23 1
23 1
25 1
25 1
25 1
25 1
25 1
25 1
25 1
25 1
25 1
25 1
25 1
25 1
25 1
25 1
25 1
25 1
25 1
25 1
25 1
25 1
25 1
25 1
25 1
25 1
25 1
25 1
25 1
25 1
25 1
25 1
25 1
25 1
25 1
25 1
25 1
25 1
25 1
25 1
25 1
25 1
25 1
25 1
25 1
25 1
25 1
37 1
37 1
37 1
37 1
37 1
37 1
37 1
37 1
37 1
37 1
37 1
37 1
37 1
37 1
37 1
37 1
37 1
37 1
37 1
37 1
37 1
37 1
37 1
37 1
37 1
37 1
37 1
37 1
37 1
37 1
37 1
37 1
37 1
37 1
37 1
37 1
37 1
37 1
37 1
37 1
37 1
37 1
37 1
37 1
37 1
38 1
38 1
38 1
38 1
38 1
38 1
38 1
38 1
38 1
38 1
38 1
38 1
38 1
38 1
38 1
38 1
38 1
38 1
38 1
38 1
38 1
38 1
38 1
38 1
38 1
38 1
38 1
38 1
38 1
38 1
38 1
38 1
38 1
38 1
38 1
38 1
38 1
38 1
38 1
38 1
38 1
38 1
38 1
38 1
38 1
42 1
42 1
42 1
42 1
42 1
42 1
42 1
42 1
42 1
42 1
42 1
42 1
42 1
42 1
42 1
42 1
42 1
42 1
42 1
42 1
42 1
42 1
42 1
42 1
42 1
42 1
42 1
42 1
42 1
42 1
42 1
42 1
42 1
42 1
42 1
42 1
42 1
42 1
42 1
42 1
42 1
42 1
42 1
42 1
42 1
45 1
45 1
45 1
45 1
45 1
45 1
45 1
45 1
45 1
45 1
45 1
45 1
45 1
45 1
45 1
45 1
45 1
45 1
45 1
45 1
45 1
45 1
45 1
45 1
45 1
45 1
45 1
45 1
45 1
45 1
45 1
45 1
45 1
45 1
45 1
45 1
45 1
45 1
45 1
45 1
45 1
45 1
45 1
45 1
45 1
48 1
48 1
48 1
48 1
48 1
48 1
48 1
48 1
48 1
48 1
48 1
48 1
48 1
48 1
48 1
48 1
48 1
48 1
48 1
48 1
48 1
48 1
48 1
48 1
48 1
48 1
48 1
48 1
48 1
48 1
48 1
48 1
48 1
48 1
48 1
48 1
48 1
48 1
48 1
48 1
48 1
48 1
48 1
48 1
48 1
54 1
54 1
54 1
54 1
54 1
54 1
54 1
54 1
54 1
54 1
54 1
54 1
54 1
54 1
54 1
54 1
54 1
54 1
54 1
54 1
54 1
54 1
54 1
54 1
54 1
54 1
54 1
54 1
54 1
54 1
54 1
54 1
54 1
54 1
54 1
54 1
54 1
54 1
54 1
54 1
54 1
54 1
54 1
54 1
54 1
55 1
55 1
55 1
55 1
55 1
55 1
55 1
55 1
55 1
55 1
55 1
55 1
55 1
55 1
55 1
55 1
55 1
55 1
55 1
55 1
55 1
55 1
55 1
55 1
55 1
55 1
55 1
55 1
55 1
55 1
55 1
55 1
55 1
55 1
55 1
55 1
55 1
55 1
55 1
55 1
55 1
55 1
55 1
55 1
55 1
56 1
56 1
56 1
56 1
56 1
56 1
56 1
56 1
56 1
56 1
56 1
56 1
56 1
56 1
56 1
56 1
56 1
56 1
56 1
56 1
56 1
56 1
56 1
56 1
56 1
56 1
56 1
56 1
56 1
56 1
56 1
56 1
56 1
56 1
56 1
56 1
56 1
56 1
56 1
56 1
56 1
56 1
56 1
56 1
56 1
63 1
63 1
63 1
63 1
63 1
63 1
63 1
63 1
63 1
63 1
63 1
63 1
63 1
63 1
63 1
63 1
63 1
63 1
63 1
63 1
63 1
63 1
63 1
63 1
63 1
63 1
63 1
63 1
63 1
63 1
63 1
63 1
63 1
63 1
63 1
63 1
63 1
63 1
63 1
63 1
63 1
63 1
63 1
63 1
63 1
67 1
67 1
67 1
67 1
67 1
67 1
67 1
67 1
67 1
67 1
67 1
67 1
67 1
67 1
67 1
67 1
67 1
67 1
67 1
67 1
67 1
67 1
67 1
67 1
67 1
67 1
67 1
67 1
67 1
67 1
67 1
67 1
67 1
67 1
67 1
67 1
67 1
67 1
67 1
67 1
67 1
67 1
67 1
67 1
67 1
74 1
74 1
74 1
74 1
74 1
74 1
74 1
74 1
74 1
74 1
74 1
74 1
74 1
74 1
74 1
74 1
74 1
74 1
74 1
74 1
74 1
74 1
74 1
74 1
74 1
74 1
74 1
74 1
74 1
74 1
74 1
74 1
74 1
74 1
74 1
74 1
74 1
74 1
74 1
74 1
74 1
74 1
74 1
74 1
74 1
75 1
75 1
75 1
75 1
75 1
75 1
75 1
75 1
75 1
75 1
75 1
75 1
75 1
75 1
75 1
75 1
75 1
75 1
75 1
75 1
75 1
75 1
75 1
75 1
75 1
75 1
75 1
75 1
75 1
75 1
75 1
75 1
75 1
75 1
75 1
75 1
75 1
75 1
75 1
75 1
75 1
75 1
75 1
75 1
75 1
76 1
76 1
76 1
76 1
76 1
76 1
76 1
76 1
76 1
76 1
76 1
76 1
76 1
76 1
76 1
76 1
76 1
76 1
76 1
76 1
76 1
76 1
76 1
76 1
76 1
76 1
76 1
76 1
76 1
76 1
76 1
76 1
76 1
76 1
76 1
76 1
76 1
76 1
76 1
76 1
76 1
76 1
76 1
76 1
76 1
77 1
77 1
77 1
77 1
77 1
77 1
77 1
77 1
77 1
77 1
77 1
77 1
77 1
77 1
77 1
77 1
77 1
77 1
77 1
77 1
77 1
77 1
77 1
77 1
77 1
77 1
77 1
77 1
77 1
77 1
77 1
77 1
77 1
77 1
77 1
77 1
77 1
77 1
77 1
77 1
77 1
77 1
77 1
77 1
77 1
10494 1
10494 1
10494 1
10494 1
10494 1
10494 1
10494 1
10494 1
10494 1
10494 1
10494 1
10494 1
10494 1
10494 1
10494 1
10494 1
10494 1
10494 1
10494 1
10494 1
10494 1
10494 1
10494 1
10494 1
10494 1
10494 1
10494 1
10494 1
10494 1
10494 1
10494 1
10494 1
10494 1
10494 1
10494 1
10494 1
10494 1
10494 1
10494 1
10494 1
10494 1
10494 1
10494 1
10494 1
10494 1
86 1
86 1
86 1
86 1
86 1
86 1
86 1
86 1
86 1
86 1
86 1
86 1
86 1
86 1
86 1
86 1
86 1
86 1
86 1
86 1
86 1
86 1
86 1
86 1
86 1
86 1
86 1
86 1
86 1
86 1
86 1
86 1
86 1
86 1
86 1
86 1
86 1
86 1
86 1
86 1
86 1
86 1
86 1
86 1
86 1
87 1
87 1
87 1
87 1
87 1
87 1
87 1
87 1
87 1
87 1
87 1
87 1
87 1
87 1
87 1
87 1
87 1
87 1
87 1
87 1
87 1
87 1
87 1
87 1
87 1
87 1
87 1
87 1
87 1
87 1
87 1
87 1
87 1
87 1
87 1
87 1
87 1
87 1
87 1
87 1
87 1
87 1
87 1
87 1
87 1
91 1
91 1
91 1
91 1
91 1
91 1
91 1
91 1
91 1
91 1
91 1
91 1
91 1
91 1
91 1
91 1
91 1
91 1
91 1
91 1
91 1
91 1
91 1
91 1
91 1
91 1
91 1
91 1
91 1
91 1
91 1
91 1
91 1
91 1
91 1
91 1
91 1
91 1
91 1
91 1
91 1
91 1
91 1
91 1
91 1
94 1
94 1
94 1
94 1
94 1
94 1
94 1
94 1
94 1
94 1
94 1
94 1
94 1
94 1
94 1
94 1
94 1
94 1
94 1
94 1
94 1
94 1
94 1
94 1
94 1
94 1
94 1
94 1
94 1
94 1
94 1
94 1
94 1
94 1
94 1
94 1
94 1
94 1
94 1
94 1
94 1
94 1
94 1
94 1
94 1
95 1
95 1
95 1
95 1
95 1
95 1
95 1
95 1
95 1
95 1
95 1
95 1
95 1
95 1
95 1
95 1
95 1
95 1
95 1
95 1
95 1
95 1
95 1
95 1
95 1
95 1
95 1
95 1
95 1
95 1
95 1
95 1
95 1
95 1
95 1
95 1
95 1
95 1
95 1
95 1
95 1
95 1
95 1
95 1
95 1
97 1
97 1
97 1
97 1
97 1
97 1
97 1
97 1
97 1
97 1
97 1
97 1
97 1
97 1
97 1
97 1
97 1
97 1
97 1
97 1
97 1
97 1
97 1
97 1
97 1
97 1
97 1
97 1
97 1
97 1
97 1
97 1
97 1
97 1
97 1
97 1
97 1
97 1
97 1
97 1
97 1
97 1
97 1
97 1
97 1
98 1
98 1
98 1
98 1
98 1
98 1
98 1
98 1
98 1
98 1
98 1
98 1
98 1
98 1
98 1
98 1
98 1
98 1
98 1
98 1
98 1
98 1
98 1
98 1
98 1
98 1
98 1
98 1
98 1
98 1
98 1
98 1
98 1
98 1
98 1
98 1
98 1
98 1
98 1
98 1
98 1
98 1
98 1
98 1
98 1
99 1
99 1
99 1
99 1
99 1
99 1
99 1
99 1
99 1
99 1
99 1
99 1
99 1
99 1
99 1
99 1
99 1
99 1
99 1
99 1
99 1
99 1
99 1
99 1
99 1
99 1
99 1
99 1
99 1
99 1
99 1
99 1
99 1
99 1
99 1
99 1
99 1
99 1
99 1
99 1
99 1
99 1
99 1
99 1
99 1
100 1
100 1
100 1
100 1
100 1
100 1
100 1
100 1
100 1
100 1
100 1
100 1
100 1
100 1
100 1
100 1
100 1
100 1
100 1
100 1
100 1
100 1
100 1
100 1
100 1
100 1
100 1
100 1
100 1
100 1
100 1
100 1
100 1
100 1
100 1
100 1
100 1
100 1
100 1
100 1
100 1
100 1
100 1
100 1
100 1
110 1
110 1
110 1
110 1
110 1
110 1
110 1
110 1
110 1
110 1
110 1
110 1
110 1
110 1
110 1
110 1
110 1
110 1
110 1
110 1
110 1
110 1
110 1
110 1
110 1
110 1
110 1
110 1
110 1
110 1
110 1
110 1
110 1
110 1
110 1
110 1
110 1
110 1
110 1
110 1
110 1
110 1
110 1
110 1
110 1
111 1
111 1
111 1
111 1
111 1
111 1
111 1
111 1
111 1
111 1
111 1
111 1
111 1
111 1
111 1
111 1
111 1
111 1
111 1
111 1
111 1
111 1
111 1
111 1
111 1
111 1
111 1
111 1
111 1
111 1
111 1
111 1
111 1
111 1
111 1
111 1
111 1
111 1
111 1
111 1
111 1
111 1
111 1
111 1
111 1
122 1
122 1
122 1
122 1
122 1
122 1
122 1
122 1
122 1
122 1
122 1
122 1
122 1
122 1
122 1
122 1
122 1
122 1
122 1
122 1
122 1
122 1
122 1
122 1
122 1
122 1
122 1
122 1
122 1
122 1
122 1
122 1
122 1
122 1
122 1
122 1
122 1
122 1
122 1
122 1
122 1
122 1
122 1
122 1
122 1
130 1
130 1
130 1
130 1
130 1
130 1
130 1
130 1
130 1
130 1
130 1
130 1
130 1
130 1
130 1
130 1
130 1
130 1
130 1
130 1
130 1
130 1
130 1
130 1
130 1
130 1
130 1
130 1
130 1
130 1
130 1
130 1
130 1
130 1
130 1
130 1
130 1
130 1
130 1
130 1
130 1
130 1
130 1
130 1
130 1
133 1
133 1
133 1
133 1
133 1
133 1
133 1
133 1
133 1
133 1
133 1
133 1
133 1
133 1
133 1
133 1
133 1
133 1
133 1
133 1
133 1
133 1
133 1
133 1
133 1
133 1
133 1
133 1
133 1
133 1
133 1
133 1
133 1
133 1
133 1
133 1
133 1
133 1
133 1
133 1
133 1
133 1
133 1
133 1
133 1
139 1
139 1
139 1
139 1
139 1
139 1
139 1
139 1
139 1
139 1
139 1
139 1
139 1
139 1
139 1
139 1
139 1
139 1
139 1
139 1
139 1
139 1
139 1
139 1
139 1
139 1
139 1
139 1
139 1
139 1
139 1
139 1
139 1
139 1
139 1
139 1
139 1
139 1
139 1
139 1
139 1
139 1
139 1
139 1
139 1
145 1
145 1
145 1
145 1
145 1
145 1
145 1
145 1
145 1
145 1
145 1
145 1
145 1
145 1
145 1
145 1
145 1
145 1
145 1
145 1
145 1
145 1
145 1
145 1
145 1
145 1
145 1
145 1
145 1
145 1
145 1
145 1
145 1
145 1
145 1
145 1
145 1
145 1
145 1
145 1
145 1
145 1
145 1
145 1
145 1
152 1
152 1
152 1
152 1
152 1
152 1
152 1
152 1
152 1
152 1
152 1
152 1
152 1
152 1
152 1
152 1
152 1
152 1
152 1
152 1
152 1
152 1
152 1
152 1
152 1
152 1
152 1
152 1
152 1
152 1
152 1
152 1
152 1
152 1
152 1
152 1
152 1
152 1
152 1
152 1
152 1
152 1
152 1
152 1
152 1
154 1
154 1
154 1
154 1
154 1
154 1
154 1
154 1
154 1
154 1
154 1
154 1
154 1
154 1
154 1
154 1
154 1
154 1
154 1
154 1
154 1
154 1
154 1
154 1
154 1
154 1
154 1
154 1
154 1
154 1
154 1
154 1
154 1
154 1
154 1
154 1
154 1
154 1
154 1
154 1
154 1
154 1
154 1
154 1
154 1
173 1
173 1
173 1
173 1
173 1
173 1
173 1
173 1
173 1
173 1
173 1
173 1
173 1
173 1
173 1
173 1
173 1
173 1
173 1
173 1
173 1
173 1
173 1
173 1
173 1
173 1
173 1
173 1
173 1
173 1
173 1
173 1
173 1
173 1
173 1
173 1
173 1
173 1
173 1
173 1
173 1
173 1
173 1
173 1
173 1
192 1
192 1
192 1
192 1
192 1
192 1
192 1
192 1
192 1
192 1
192 1
192 1
192 1
192 1
192 1
192 1
192 1
192 1
192 1
192 1
192 1
192 1
192 1
192 1
192 1
192 1
192 1
192 1
192 1
192 1
192 1
192 1
192 1
192 1
192 1
192 1
192 1
192 1
192 1
192 1
192 1
192 1
192 1
192 1
192 1
195 1
195 1
195 1
195 1
195 1
195 1
195 1
195 1
195 1
195 1
195 1
195 1
195 1
195 1
195 1
195 1
195 1
195 1
195 1
195 1
195 1
195 1
195 1
195 1
195 1
195 1
195 1
195 1
195 1
195 1
195 1
195 1
195 1
195 1
195 1
195 1
195 1
195 1
195 1
195 1
195 1
195 1
195 1
195 1
195 1
202 1
202 1
202 1
202 1
202 1
202 1
202 1
202 1
202 1
202 1
202 1
202 1
202 1
202 1
202 1
202 1
202 1
202 1
202 1
202 1
202 1
202 1
202 1
202 1
202 1
202 1
202 1
202 1
202 1
202 1
202 1
202 1
202 1
202 1
202 1
202 1
202 1
202 1
202 1
202 1
202 1
202 1
202 1
202 1
202 1
207 1
207 1
207 1
207 1
207 1
207 1
207 1
207 1
207 1
207 1
207 1
207 1
207 1
207 1
207 1
207 1
207 1
207 1
207 1
207 1
207 1
207 1
207 1
207 1
207 1
207 1
207 1
207 1
207 1
207 1
207 1
207 1
207 1
207 1
207 1
207 1
207 1
207 1
207 1
207 1
207 1
207 1
207 1
207 1
207 1
208 1
208 1
208 1
208 1
208 1
208 1
208 1
208 1
208 1
208 1
208 1
208 1
208 1
208 1
208 1
208 1
208 1
208 1
208 1
208 1
208 1
208 1
208 1
208 1
208 1
208 1
208 1
208 1
208 1
208 1
208 1
208 1
208 1
208 1
208 1
208 1
208 1
208 1
208 1
208 1
208 1
208 1
208 1
208 1
208 1
214 1
214 1
214 1
214 1
214 1
214 1
214 1
214 1
214 1
214 1
214 1
214 1
214 1
214 1
214 1
214 1
214 1
214 1
214 1
214 1
214 1
214 1
214 1
214 1
214 1
214 1
214 1
214 1
214 1
214 1
214 1
214 1
214 1
214 1
214 1
214 1
214 1
214 1
214 1
214 1
214 1
214 1
214 1
214 1
214 1
216 1
216 1
216 1
216 1
216 1
216 1
216 1
216 1
216 1
216 1
216 1
216 1
216 1
216 1
216 1
216 1
216 1
216 1
216 1
216 1
216 1
216 1
216 1
216 1
216 1
216 1
216 1
216 1
216 1
216 1
216 1
216 1
216 1
216 1
216 1
216 1
216 1
216 1
216 1
216 1
216 1
216 1
216 1
216 1
216 1
219 1
219 1
219 1
219 1
219 1
219 1
219 1
219 1
219 1
219 1
219 1
219 1
219 1
219 1
219 1
219 1
219 1
219 1
219 1
219 1
219 1
219 1
219 1
219 1
219 1
219 1
219 1
219 1
219 1
219 1
219 1
219 1
219 1
219 1
219 1
219 1
219 1
219 1
219 1
219 1
219 1
219 1
219 1
219 1
219 1
226 1
226 1
226 1
226 1
226 1
226 1
226 1
226 1
226 1
226 1
226 1
226 1
226 1
226 1
226 1
226 1
226 1
226 1
226 1
226 1
226 1
226 1
226 1
226 1
226 1
226 1
226 1
226 1
226 1
226 1
226 1
226 1
226 1
226 1
226 1
226 1
226 1
226 1
226 1
226 1
226 1
226 1
226 1
226 1
226 1
239 1
239 1
239 1
239 1
239 1
239 1
239 1
239 1
239 1
239 1
239 1
239 1
239 1
239 1
239 1
239 1
239 1
239 1
239 1
239 1
239 1
239 1
239 1
239 1
239 1
239 1
239 1
239 1
239 1
239 1
239 1
239 1
239 1
239 1
239 1
239 1
239 1
239 1
239 1
239 1
239 1
239 1
239 1
239 1
239 1
242 1
242 1
242 1
242 1
242 1
242 1
242 1
242 1
242 1
242 1
242 1
242 1
242 1
242 1
242 1
242 1
242 1
242 1
242 1
242 1
242 1
242 1
242 1
242 1
242 1
242 1
242 1
242 1
242 1
242 1
242 1
242 1
242 1
242 1
242 1
242 1
242 1
242 1
242 1
242 1
242 1
242 1
242 1
242 1
242 1
255 1
255 1
255 1
255 1
255 1
255 1
255 1
255 1
255 1
255 1
255 1
255 1
255 1
255 1
255 1
255 1
255 1
255 1
255 1
255 1
255 1
255 1
255 1
255 1
255 1
255 1
255 1
255 1
255 1
255 1
255 1
255 1
255 1
255 1
255 1
255 1
255 1
255 1
255 1
255 1
255 1
255 1
255 1
255 1
255 1
272 1
272 1
272 1
272 1
272 1
272 1
272 1
272 1
272 1
272 1
272 1
272 1
272 1
272 1
272 1
272 1
272 1
272 1
272 1
272 1
272 1
272 1
272 1
272 1
272 1
272 1
272 1
272 1
272 1
272 1
272 1
272 1
272 1
272 1
272 1
272 1
272 1
272 1
272 1
272 1
272 1
272 1
272 1
272 1
272 1
275 1
275 1
275 1
275 1
275 1
275 1
275 1
275 1
275 1
275 1
275 1
275 1
275 1
275 1
275 1
275 1
275 1
275 1
275 1
275 1
275 1
275 1
275 1
275 1
275 1
275 1
275 1
275 1
275 1
275 1
275 1
275 1
275 1
275 1
275 1
275 1
275 1
275 1
275 1
275 1
275 1
275 1
275 1
275 1
275 1
283 1
283 1
283 1
283 1
283 1
283 1
283 1
283 1
283 1
283 1
283 1
283 1
283 1
283 1
283 1
283 1
283 1
283 1
283 1
283 1
283 1
283 1
283 1
283 1
283 1
283 1
283 1
283 1
283 1
283 1
283 1
283 1
283 1
283 1
283 1
283 1
283 1
283 1
283 1
283 1
283 1
283 1
283 1
283 1
283 1
314 1
314 1
314 1
314 1
314 1
314 1
314 1
314 1
314 1
314 1
314 1
314 1
314 1
314 1
314 1
314 1
314 1
314 1
314 1
314 1
314 1
314 1
314 1
314 1
314 1
314 1
314 1
314 1
314 1
314 1
314 1
314 1
314 1
314 1
314 1
314 1
314 1
314 1
314 1
314 1
314 1
314 1
314 1
314 1
314 1
316 1
316 1
316 1
316 1
316 1
316 1
316 1
316 1
316 1
316 1
316 1
316 1
316 1
316 1
316 1
316 1
316 1
316 1
316 1
316 1
316 1
316 1
316 1
316 1
316 1
316 1
316 1
316 1
316 1
316 1
316 1
316 1
316 1
316 1
316 1
316 1
316 1
316 1
316 1
316 1
316 1
316 1
316 1
316 1
316 1
357 1
357 1
357 1
357 1
357 1
357 1
357 1
357 1
357 1
357 1
357 1
357 1
357 1
357 1
357 1
357 1
357 1
357 1
357 1
357 1
357 1
357 1
357 1
357 1
357 1
357 1
357 1
357 1
357 1
357 1
357 1
357 1
357 1
357 1
357 1
357 1
357 1
357 1
357 1
357 1
357 1
357 1
357 1
357 1
357 1
373 1
373 1
373 1
373 1
373 1
373 1
373 1
373 1
373 1
373 1
373 1
373 1
373 1
373 1
373 1
373 1
373 1
373 1
373 1
373 1
373 1
373 1
373 1
373 1
373 1
373 1
373 1
373 1
373 1
373 1
373 1
373 1
373 1
373 1
373 1
373 1
373 1
373 1
373 1
373 1
373 1
373 1
373 1
373 1
373 1
380 1
380 1
380 1
380 1
380 1
380 1
380 1
380 1
380 1
380 1
380 1
380 1
380 1
380 1
380 1
380 1
380 1
380 1
380 1
380 1
380 1
380 1
380 1
380 1
380 1
380 1
380 1
380 1
380 1
380 1
380 1
380 1
380 1
380 1
380 1
380 1
380 1
380 1
380 1
380 1
380 1
380 1
380 1
380 1
380 1
395 1
395 1
395 1
395 1
395 1
395 1
395 1
395 1
395 1
395 1
395 1
395 1
395 1
395 1
395 1
395 1
395 1
395 1
395 1
395 1
395 1
395 1
395 1
395 1
395 1
395 1
395 1
395 1
395 1
395 1
395 1
395 1
395 1
395 1
395 1
395 1
395 1
395 1
395 1
395 1
395 1
395 1
395 1
395 1
395 1
415 1
415 1
415 1
415 1
415 1
415 1
415 1
415 1
415 1
415 1
415 1
415 1
415 1
415 1
415 1
415 1
415 1
415 1
415 1
415 1
415 1
415 1
415 1
415 1
415 1
415 1
415 1
415 1
415 1
415 1
415 1
415 1
415 1
415 1
415 1
415 1
415 1
415 1
415 1
415 1
415 1
415 1
415 1
415 1
415 1
422 1
422 1
422 1
422 1
422 1
422 1
422 1
422 1
422 1
422 1
422 1
422 1
422 1
422 1
422 1
422 1
422 1
422 1
422 1
422 1
422 1
422 1
422 1
422 1
422 1
422 1
422 1
422 1
422 1
422 1
422 1
422 1
422 1
422 1
422 1
422 1
422 1
422 1
422 1
422 1
422 1
422 1
422 1
422 1
422 1
474 1
474 1
474 1
474 1
474 1
474 1
474 1
474 1
474 1
474 1
474 1
474 1
474 1
474 1
474 1
474 1
474 1
474 1
474 1
474 1
474 1
474 1
474 1
474 1
474 1
474 1
474 1
474 1
474 1
474 1
474 1
474 1
474 1
474 1
474 1
474 1
474 1
474 1
474 1
474 1
474 1
474 1
474 1
474 1
474 1
485 1
485 1
485 1
485 1
485 1
485 1
485 1
485 1
485 1
485 1
485 1
485 1
485 1
485 1
485 1
485 1
485 1
485 1
485 1
485 1
485 1
485 1
485 1
485 1
485 1
485 1
485 1
485 1
485 1
485 1
485 1
485 1
485 1
485 1
485 1
485 1
485 1
485 1
485 1
485 1
485 1
485 1
485 1
485 1
485 1
517 1
517 1
517 1
517 1
517 1
517 1
517 1
517 1
517 1
517 1
517 1
517 1
517 1
517 1
517 1
517 1
517 1
517 1
517 1
517 1
517 1
517 1
517 1
517 1
517 1
517 1
517 1
517 1
517 1
517 1
517 1
517 1
517 1
517 1
517 1
517 1
517 1
517 1
517 1
517 1
517 1
517 1
517 1
517 1
517 1
518 1
518 1
518 1
518 1
518 1
518 1
518 1
518 1
518 1
518 1
518 1
518 1
518 1
518 1
518 1
518 1
518 1
518 1
518 1
518 1
518 1
518 1
518 1
518 1
518 1
518 1
518 1
518 1
518 1
518 1
518 1
518 1
518 1
518 1
518 1
518 1
518 1
518 1
518 1
518 1
518 1
518 1
518 1
518 1
518 1
521 1
521 1
521 1
521 1
521 1
521 1
521 1
521 1
521 1
521 1
521 1
521 1
521 1
521 1
521 1
521 1
521 1
521 1
521 1
521 1
521 1
521 1
521 1
521 1
521 1
521 1
521 1
521 1
521 1
521 1
521 1
521 1
521 1
521 1
521 1
521 1
521 1
521 1
521 1
521 1
521 1
521 1
521 1
521 1
521 1
538 1
538 1
538 1
538 1
538 1
538 1
538 1
538 1
538 1
538 1
538 1
538 1
538 1
538 1
538 1
538 1
538 1
538 1
538 1
538 1
538 1
538 1
538 1
538 1
538 1
538 1
538 1
538 1
538 1
538 1
538 1
538 1
538 1
538 1
538 1
538 1
538 1
538 1
538 1
538 1
538 1
538 1
538 1
538 1
538 1
555 1
555 1
555 1
555 1
555 1
555 1
555 1
555 1
555 1
555 1
555 1
555 1
555 1
555 1
555 1
555 1
555 1
555 1
555 1
555 1
555 1
555 1
555 1
555 1
555 1
555 1
555 1
555 1
555 1
555 1
555 1
555 1
555 1
555 1
555 1
555 1
555 1
555 1
555 1
555 1
555 1
555 1
555 1
555 1
555 1
567 1
567 1
567 1
567 1
567 1
567 1
567 1
567 1
567 1
567 1
567 1
567 1
567 1
567 1
567 1
567 1
567 1
567 1
567 1
567 1
567 1
567 1
567 1
567 1
567 1
567 1
567 1
567 1
567 1
567 1
567 1
567 1
567 1
567 1
567 1
567 1
567 1
567 1
567 1
567 1
567 1
567 1
567 1
567 1
567 1
571 1
571 1
571 1
571 1
571 1
571 1
571 1
571 1
571 1
571 1
571 1
571 1
571 1
571 1
571 1
571 1
571 1
571 1
571 1
571 1
571 1
571 1
571 1
571 1
571 1
571 1
571 1
571 1
571 1
571 1
571 1
571 1
571 1
571 1
571 1
571 1
571 1
571 1
571 1
571 1
571 1
571 1
571 1
571 1
571 1
577 1
577 1
577 1
577 1
577 1
577 1
577 1
577 1
577 1
577 1
577 1
577 1
577 1
577 1
577 1
577 1
577 1
577 1
577 1
577 1
577 1
577 1
577 1
577 1
577 1
577 1
577 1
577 1
577 1
577 1
577 1
577 1
577 1
577 1
577 1
577 1
577 1
577 1
577 1
577 1
577 1
577 1
577 1
577 1
577 1
585 1
585 1
585 1
585 1
585 1
585 1
585 1
585 1
585 1
585 1
585 1
585 1
585 1
585 1
585 1
585 1
585 1
585 1
585 1
585 1
585 1
585 1
585 1
585 1
585 1
585 1
585 1
585 1
585 1
585 1
585 1
585 1
585 1
585 1
585 1
585 1
585 1
585 1
585 1
585 1
585 1
585 1
585 1
585 1
585 1
583 1
583 1
583 1
583 1
583 1
583 1
583 1
583 1
583 1
583 1
583 1
583 1
583 1
583 1
583 1
583 1
583 1
583 1
583 1
583 1
583 1
583 1
583 1
583 1
583 1
583 1
583 1
583 1
583 1
583 1
583 1
583 1
583 1
583 1
583 1
583 1
583 1
583 1
583 1
583 1
583 1
583 1
583 1
583 1
583 1
10480 1
10480 1
10480 1
10480 1
10480 1
10480 1
10480 1
10480 1
10480 1
10480 1
10480 1
10480 1
10480 1
10480 1
10480 1
10480 1
10480 1
10480 1
10480 1
10480 1
10480 1
10480 1
10480 1
10480 1
10480 1
10480 1
10480 1
10480 1
10480 1
10480 1
10480 1
10480 1
10480 1
10480 1
10480 1
10480 1
10480 1
10480 1
10480 1
10480 1
10480 1
10480 1
10480 1
10480 1
10480 1
603 1
603 1
603 1
603 1
603 1
603 1
603 1
603 1
603 1
603 1
603 1
603 1
603 1
603 1
603 1
603 1
603 1
603 1
603 1
603 1
603 1
603 1
603 1
603 1
603 1
603 1
603 1
603 1
603 1
603 1
603 1
603 1
603 1
603 1
603 1
603 1
603 1
603 1
603 1
603 1
603 1
603 1
603 1
603 1
603 1
612 1
612 1
612 1
612 1
612 1
612 1
612 1
612 1
612 1
612 1
612 1
612 1
612 1
612 1
612 1
612 1
612 1
612 1
612 1
612 1
612 1
612 1
612 1
612 1
612 1
612 1
612 1
612 1
612 1
612 1
612 1
612 1
612 1
612 1
612 1
612 1
612 1
612 1
612 1
612 1
612 1
612 1
612 1
612 1
612 1
622 1
622 1
622 1
622 1
622 1
622 1
622 1
622 1
622 1
622 1
622 1
622 1
622 1
622 1
622 1
622 1
622 1
622 1
622 1
622 1
622 1
622 1
622 1
622 1
622 1
622 1
622 1
622 1
622 1
622 1
622 1
622 1
622 1
622 1
622 1
622 1
622 1
622 1
622 1
622 1
622 1
622 1
622 1
622 1
622 1
621 1
621 1
621 1
621 1
621 1
621 1
621 1
621 1
621 1
621 1
621 1
621 1
621 1
621 1
621 1
621 1
621 1
621 1
621 1
621 1
621 1
621 1
621 1
621 1
621 1
621 1
621 1
621 1
621 1
621 1
621 1
621 1
621 1
621 1
621 1
621 1
621 1
621 1
621 1
621 1
621 1
621 1
621 1
621 1
621 1
620 1
620 1
620 1
620 1
620 1
620 1
620 1
620 1
620 1
620 1
620 1
620 1
620 1
620 1
620 1
620 1
620 1
620 1
620 1
620 1
620 1
620 1
620 1
620 1
620 1
620 1
620 1
620 1
620 1
620 1
620 1
620 1
620 1
620 1
620 1
620 1
620 1
620 1
620 1
620 1
620 1
620 1
620 1
620 1
620 1
619 1
619 1
619 1
619 1
619 1
619 1
619 1
619 1
619 1
619 1
619 1
619 1
619 1
619 1
619 1
619 1
619 1
619 1
619 1
619 1
619 1
619 1
619 1
619 1
619 1
619 1
619 1
619 1
619 1
619 1
619 1
619 1
619 1
619 1
619 1
619 1
619 1
619 1
619 1
619 1
619 1
619 1
619 1
619 1
619 1
10488 1
10488 1
10488 1
10488 1
10488 1
10488 1
10488 1
10488 1
10488 1
10488 1
10488 1
10488 1
10488 1
10488 1
10488 1
10488 1
10488 1
10488 1
10488 1
10488 1
10488 1
10488 1
10488 1
10488 1
10488 1
10488 1
10488 1
10488 1
10488 1
10488 1
10488 1
10488 1
10488 1
10488 1
10488 1
10488 1
10488 1
10488 1
10488 1
10488 1
10488 1
10488 1
10488 1
10488 1
10488 1
10237 1
10237 1
10237 1
10237 1
10237 1
10237 1
10237 1
10237 1
10237 1
10237 1
10237 1
10237 1
10237 1
10237 1
10237 1
10237 1
10237 1
10237 1
10237 1
10237 1
10237 1
10237 1
10237 1
10237 1
10237 1
10237 1
10237 1
10237 1
10237 1
10237 1
10237 1
10237 1
10237 1
10237 1
10237 1
10237 1
10237 1
10237 1
10237 1
10237 1
10237 1
10237 1
10237 1
10237 1
10237 1
10486 1
10486 1
10486 1
10486 1
10486 1
10486 1
10486 1
10486 1
10486 1
10486 1
10486 1
10486 1
10486 1
10486 1
10486 1
10486 1
10486 1
10486 1
10486 1
10486 1
10486 1
10486 1
10486 1
10486 1
10486 1
10486 1
10486 1
10486 1
10486 1
10486 1
10486 1
10486 1
10486 1
10486 1
10486 1
10486 1
10486 1
10486 1
10486 1
10486 1
10486 1
10486 1
10486 1
10486 1
10486 1
643 1
643 1
643 1
643 1
643 1
643 1
643 1
643 1
643 1
643 1
643 1
643 1
643 1
643 1
643 1
643 1
643 1
643 1
643 1
643 1
643 1
643 1
643 1
643 1
643 1
643 1
643 1
643 1
643 1
643 1
643 1
643 1
643 1
643 1
643 1
643 1
643 1
643 1
643 1
643 1
643 1
643 1
643 1
643 1
643 1
661 1
661 1
661 1
661 1
661 1
661 1
661 1
661 1
661 1
661 1
661 1
661 1
661 1
661 1
661 1
661 1
661 1
661 1
661 1
661 1
661 1
661 1
661 1
661 1
661 1
661 1
661 1
661 1
661 1
661 1
661 1
661 1
661 1
661 1
661 1
661 1
661 1
661 1
661 1
661 1
661 1
661 1
661 1
661 1
661 1
660 1
660 1
660 1
660 1
660 1
660 1
660 1
660 1
660 1
660 1
660 1
660 1
660 1
660 1
660 1
660 1
660 1
660 1
660 1
660 1
660 1
660 1
660 1
660 1
660 1
660 1
660 1
660 1
660 1
660 1
660 1
660 1
660 1
660 1
660 1
660 1
660 1
660 1
660 1
660 1
660 1
660 1
660 1
660 1
660 1
658 1
658 1
658 1
658 1
658 1
658 1
658 1
658 1
658 1
658 1
658 1
658 1
658 1
658 1
658 1
658 1
658 1
658 1
658 1
658 1
658 1
658 1
658 1
658 1
658 1
658 1
658 1
658 1
658 1
658 1
658 1
658 1
658 1
658 1
658 1
658 1
658 1
658 1
658 1
658 1
658 1
658 1
658 1
658 1
658 1
654 1
654 1
654 1
654 1
654 1
654 1
654 1
654 1
654 1
654 1
654 1
654 1
654 1
654 1
654 1
654 1
654 1
654 1
654 1
654 1
654 1
654 1
654 1
654 1
654 1
654 1
654 1
654 1
654 1
654 1
654 1
654 1
654 1
654 1
654 1
654 1
654 1
654 1
654 1
654 1
654 1
654 1
654 1
654 1
654 1
657 1
657 1
657 1
657 1
657 1
657 1
657 1
657 1
657 1
657 1
657 1
657 1
657 1
657 1
657 1
657 1
657 1
657 1
657 1
657 1
657 1
657 1
657 1
657 1
657 1
657 1
657 1
657 1
657 1
657 1
657 1
657 1
657 1
657 1
657 1
657 1
657 1
657 1
657 1
657 1
657 1
657 1
657 1
657 1
657 1
680 1
680 1
680 1
680 1
680 1
680 1
680 1
680 1
680 1
680 1
680 1
680 1
680 1
680 1
680 1
680 1
680 1
680 1
680 1
680 1
680 1
680 1
680 1
680 1
680 1
680 1
680 1
680 1
680 1
680 1
680 1
680 1
680 1
680 1
680 1
680 1
680 1
680 1
680 1
680 1
680 1
680 1
680 1
680 1
680 1
682 1
682 1
682 1
682 1
682 1
682 1
682 1
682 1
682 1
682 1
682 1
682 1
682 1
682 1
682 1
682 1
682 1
682 1
682 1
682 1
682 1
682 1
682 1
682 1
682 1
682 1
682 1
682 1
682 1
682 1
682 1
682 1
682 1
682 1
682 1
682 1
682 1
682 1
682 1
682 1
682 1
682 1
682 1
682 1
682 1
698 1
698 1
698 1
698 1
698 1
698 1
698 1
698 1
698 1
698 1
698 1
698 1
698 1
698 1
698 1
698 1
698 1
698 1
698 1
698 1
698 1
698 1
698 1
698 1
698 1
698 1
698 1
698 1
698 1
698 1
698 1
698 1
698 1
698 1
698 1
698 1
698 1
698 1
698 1
698 1
698 1
698 1
698 1
698 1
698 1
695 1
695 1
695 1
695 1
695 1
695 1
695 1
695 1
695 1
695 1
695 1
695 1
695 1
695 1
695 1
695 1
695 1
695 1
695 1
695 1
695 1
695 1
695 1
695 1
695 1
695 1
695 1
695 1
695 1
695 1
695 1
695 1
695 1
695 1
695 1
695 1
695 1
695 1
695 1
695 1
695 1
695 1
695 1
695 1
695 1
690 1
690 1
690 1
690 1
690 1
690 1
690 1
690 1
690 1
690 1
690 1
690 1
690 1
690 1
690 1
690 1
690 1
690 1
690 1
690 1
690 1
690 1
690 1
690 1
690 1
690 1
690 1
690 1
690 1
690 1
690 1
690 1
690 1
690 1
690 1
690 1
690 1
690 1
690 1
690 1
690 1
690 1
690 1
690 1
690 1
694 1
694 1
694 1
694 1
694 1
694 1
694 1
694 1
694 1
694 1
694 1
694 1
694 1
694 1
694 1
694 1
694 1
694 1
694 1
694 1
694 1
694 1
694 1
694 1
694 1
694 1
694 1
694 1
694 1
694 1
694 1
694 1
694 1
694 1
694 1
694 1
694 1
694 1
694 1
694 1
694 1
694 1
694 1
694 1
694 1
719 1
719 1
719 1
719 1
719 1
719 1
719 1
719 1
719 1
719 1
719 1
719 1
719 1
719 1
719 1
719 1
719 1
719 1
719 1
719 1
719 1
719 1
719 1
719 1
719 1
719 1
719 1
719 1
719 1
719 1
719 1
719 1
719 1
719 1
719 1
719 1
719 1
719 1
719 1
719 1
719 1
719 1
719 1
719 1
719 1
722 1
722 1
722 1
722 1
722 1
722 1
722 1
722 1
722 1
722 1
722 1
722 1
722 1
722 1
722 1
722 1
722 1
722 1
722 1
722 1
722 1
722 1
722 1
722 1
722 1
722 1
722 1
722 1
722 1
722 1
722 1
722 1
722 1
722 1
722 1
722 1
722 1
722 1
722 1
722 1
722 1
722 1
722 1
722 1
722 1
732 1
732 1
732 1
732 1
732 1
732 1
732 1
732 1
732 1
732 1
732 1
732 1
732 1
732 1
732 1
732 1
732 1
732 1
732 1
732 1
732 1
732 1
732 1
732 1
732 1
732 1
732 1
732 1
732 1
732 1
732 1
732 1
732 1
732 1
732 1
732 1
732 1
732 1
732 1
732 1
732 1
732 1
732 1
732 1
732 1
747 1
747 1
747 1
747 1
747 1
747 1
747 1
747 1
747 1
747 1
747 1
747 1
747 1
747 1
747 1
747 1
747 1
747 1
747 1
747 1
747 1
747 1
747 1
747 1
747 1
747 1
747 1
747 1
747 1
747 1
747 1
747 1
747 1
747 1
747 1
747 1
747 1
747 1
747 1
747 1
747 1
747 1
747 1
747 1
747 1
752 1
752 1
752 1
752 1
752 1
752 1
752 1
752 1
752 1
752 1
752 1
752 1
752 1
752 1
752 1
752 1
752 1
752 1
752 1
752 1
752 1
752 1
752 1
752 1
752 1
752 1
752 1
752 1
752 1
752 1
752 1
752 1
752 1
752 1
752 1
752 1
752 1
752 1
752 1
752 1
752 1
752 1
752 1
752 1
752 1
759 1
759 1
759 1
759 1
759 1
759 1
759 1
759 1
759 1
759 1
759 1
759 1
759 1
759 1
759 1
759 1
759 1
759 1
759 1
759 1
759 1
759 1
759 1
759 1
759 1
759 1
759 1
759 1
759 1
759 1
759 1
759 1
759 1
759 1
759 1
759 1
759 1
759 1
759 1
759 1
759 1
759 1
759 1
759 1
759 1
761 1
761 1
761 1
761 1
761 1
761 1
761 1
761 1
761 1
761 1
761 1
761 1
761 1
761 1
761 1
761 1
761 1
761 1
761 1
761 1
761 1
761 1
761 1
761 1
761 1
761 1
761 1
761 1
761 1
761 1
761 1
761 1
761 1
761 1
761 1
761 1
761 1
761 1
761 1
761 1
761 1
761 1
761 1
761 1
761 1
773 1
773 1
773 1
773 1
773 1
773 1
773 1
773 1
773 1
773 1
773 1
773 1
773 1
773 1
773 1
773 1
773 1
773 1
773 1
773 1
773 1
773 1
773 1
773 1
773 1
773 1
773 1
773 1
773 1
773 1
773 1
773 1
773 1
773 1
773 1
773 1
773 1
773 1
773 1
773 1
773 1
773 1
773 1
773 1
773 1
790 1
790 1
790 1
790 1
790 1
790 1
790 1
790 1
790 1
790 1
790 1
790 1
790 1
790 1
790 1
790 1
790 1
790 1
790 1
790 1
790 1
790 1
790 1
790 1
790 1
790 1
790 1
790 1
790 1
790 1
790 1
790 1
790 1
790 1
790 1
790 1
790 1
790 1
790 1
790 1
790 1
790 1
790 1
790 1
790 1
815 1
815 1
815 1
815 1
815 1
815 1
815 1
815 1
815 1
815 1
815 1
815 1
815 1
815 1
815 1
815 1
815 1
815 1
815 1
815 1
815 1
815 1
815 1
815 1
815 1
815 1
815 1
815 1
815 1
815 1
815 1
815 1
815 1
815 1
815 1
815 1
815 1
815 1
815 1
815 1
815 1
815 1
815 1
815 1
815 1
812 1
812 1
812 1
812 1
812 1
812 1
812 1
812 1
812 1
812 1
812 1
812 1
812 1
812 1
812 1
812 1
812 1
812 1
812 1
812 1
812 1
812 1
812 1
812 1
812 1
812 1
812 1
812 1
812 1
812 1
812 1
812 1
812 1
812 1
812 1
812 1
812 1
812 1
812 1
812 1
812 1
812 1
812 1
812 1
812 1
811 1
811 1
811 1
811 1
811 1
811 1
811 1
811 1
811 1
811 1
811 1
811 1
811 1
811 1
811 1
811 1
811 1
811 1
811 1
811 1
811 1
811 1
811 1
811 1
811 1
811 1
811 1
811 1
811 1
811 1
811 1
811 1
811 1
811 1
811 1
811 1
811 1
811 1
811 1
811 1
811 1
811 1
811 1
811 1
811 1
854 1
854 1
854 1
854 1
854 1
854 1
854 1
854 1
854 1
854 1
854 1
854 1
854 1
854 1
854 1
854 1
854 1
854 1
854 1
854 1
854 1
854 1
854 1
854 1
854 1
854 1
854 1
854 1
854 1
854 1
854 1
854 1
854 1
854 1
854 1
854 1
854 1
854 1
854 1
854 1
854 1
854 1
854 1
854 1
854 1
10769 1
10769 1
10769 1
10769 1
10769 1
10769 1
10769 1
10769 1
10769 1
10769 1
10769 1
10769 1
10769 1
10769 1
10769 1
10769 1
10769 1
10769 1
10769 1
10769 1
10769 1
10769 1
10769 1
10769 1
10769 1
10769 1
10769 1
10769 1
10769 1
10769 1
10769 1
10769 1
10769 1
10769 1
10769 1
10769 1
10769 1
10769 1
10769 1
10769 1
10769 1
10769 1
10769 1
10769 1
10769 1
853 1
853 1
853 1
853 1
853 1
853 1
853 1
853 1
853 1
853 1
853 1
853 1
853 1
853 1
853 1
853 1
853 1
853 1
853 1
853 1
853 1
853 1
853 1
853 1
853 1
853 1
853 1
853 1
853 1
853 1
853 1
853 1
853 1
853 1
853 1
853 1
853 1
853 1
853 1
853 1
853 1
853 1
853 1
853 1
853 1
852 1
852 1
852 1
852 1
852 1
852 1
852 1
852 1
852 1
852 1
852 1
852 1
852 1
852 1
852 1
852 1
852 1
852 1
852 1
852 1
852 1
852 1
852 1
852 1
852 1
852 1
852 1
852 1
852 1
852 1
852 1
852 1
852 1
852 1
852 1
852 1
852 1
852 1
852 1
852 1
852 1
852 1
852 1
852 1
852 1
10235 1
10235 1
10235 1
10235 1
10235 1
10235 1
10235 1
10235 1
10235 1
10235 1
10235 1
10235 1
10235 1
10235 1
10235 1
10235 1
10235 1
10235 1
10235 1
10235 1
10235 1
10235 1
10235 1
10235 1
10235 1
10235 1
10235 1
10235 1
10235 1
10235 1
10235 1
10235 1
10235 1
10235 1
10235 1
10235 1
10235 1
10235 1
10235 1
10235 1
10235 1
10235 1
10235 1
10235 1
10235 1
904 1
904 1
904 1
904 1
904 1
904 1
904 1
904 1
904 1
904 1
904 1
904 1
904 1
904 1
904 1
904 1
904 1
904 1
904 1
904 1
904 1
904 1
904 1
904 1
904 1
904 1
904 1
904 1
904 1
904 1
904 1
904 1
904 1
904 1
904 1
904 1
904 1
904 1
904 1
904 1
904 1
904 1
904 1
904 1
904 1
881 1
881 1
881 1
881 1
881 1
881 1
881 1
881 1
881 1
881 1
881 1
881 1
881 1
881 1
881 1
881 1
881 1
881 1
881 1
881 1
881 1
881 1
881 1
881 1
881 1
881 1
881 1
881 1
881 1
881 1
881 1
881 1
881 1
881 1
881 1
881 1
881 1
881 1
881 1
881 1
881 1
881 1
881 1
881 1
881 1
903 1
903 1
903 1
903 1
903 1
903 1
903 1
903 1
903 1
903 1
903 1
903 1
903 1
903 1
903 1
903 1
903 1
903 1
903 1
903 1
903 1
903 1
903 1
903 1
903 1
903 1
903 1
903 1
903 1
903 1
903 1
903 1
903 1
903 1
903 1
903 1
903 1
903 1
903 1
903 1
903 1
903 1
903 1
903 1
903 1
902 1
902 1
902 1
902 1
902 1
902 1
902 1
902 1
902 1
902 1
902 1
902 1
902 1
902 1
902 1
902 1
902 1
902 1
902 1
902 1
902 1
902 1
902 1
902 1
902 1
902 1
902 1
902 1
902 1
902 1
902 1
902 1
902 1
902 1
902 1
902 1
902 1
902 1
902 1
902 1
902 1
902 1
902 1
902 1
902 1
901 1
901 1
901 1
901 1
901 1
901 1
901 1
901 1
901 1
901 1
901 1
901 1
901 1
901 1
901 1
901 1
901 1
901 1
901 1
901 1
901 1
901 1
901 1
901 1
901 1
901 1
901 1
901 1
901 1
901 1
901 1
901 1
901 1
901 1
901 1
901 1
901 1
901 1
901 1
901 1
901 1
901 1
901 1
901 1
901 1
900 1
900 1
900 1
900 1
900 1
900 1
900 1
900 1
900 1
900 1
900 1
900 1
900 1
900 1
900 1
900 1
900 1
900 1
900 1
900 1
900 1
900 1
900 1
900 1
900 1
900 1
900 1
900 1
900 1
900 1
900 1
900 1
900 1
900 1
900 1
900 1
900 1
900 1
900 1
900 1
900 1
900 1
900 1
900 1
900 1
959 1
959 1
959 1
959 1
959 1
959 1
959 1
959 1
959 1
959 1
959 1
959 1
959 1
959 1
959 1
959 1
959 1
959 1
959 1
959 1
959 1
959 1
959 1
959 1
959 1
959 1
959 1
959 1
959 1
959 1
959 1
959 1
959 1
959 1
959 1
959 1
959 1
959 1
959 1
959 1
959 1
959 1
959 1
959 1
959 1
958 1
958 1
958 1
958 1
958 1
958 1
958 1
958 1
958 1
958 1
958 1
958 1
958 1
958 1
958 1
958 1
958 1
958 1
958 1
958 1
958 1
958 1
958 1
958 1
958 1
958 1
958 1
958 1
958 1
958 1
958 1
958 1
958 1
958 1
958 1
958 1
958 1
958 1
958 1
958 1
958 1
958 1
958 1
958 1
958 1
957 1
957 1
957 1
957 1
957 1
957 1
957 1
957 1
957 1
957 1
957 1
957 1
957 1
957 1
957 1
957 1
957 1
957 1
957 1
957 1
957 1
957 1
957 1
957 1
957 1
957 1
957 1
957 1
957 1
957 1
957 1
957 1
957 1
957 1
957 1
957 1
957 1
957 1
957 1
957 1
957 1
957 1
957 1
957 1
957 1
956 1
956 1
956 1
956 1
956 1
956 1
956 1
956 1
956 1
956 1
956 1
956 1
956 1
956 1
956 1
956 1
956 1
956 1
956 1
956 1
956 1
956 1
956 1
956 1
956 1
956 1
956 1
956 1
956 1
956 1
956 1
956 1
956 1
956 1
956 1
956 1
956 1
956 1
956 1
956 1
956 1
956 1
956 1
956 1
956 1
1014 1
1014 1
1014 1
1014 1
1014 1
1014 1
1014 1
1014 1
1014 1
1014 1
1014 1
1014 1
1014 1
1014 1
1014 1
1014 1
1014 1
1014 1
1014 1
1014 1
1014 1
1014 1
1014 1
1014 1
1014 1
1014 1
1014 1
1014 1
1014 1
1014 1
1014 1
1014 1
1014 1
1014 1
1014 1
1014 1
1014 1
1014 1
1014 1
1014 1
1014 1
1014 1
1014 1
1014 1
1014 1
1013 1
1013 1
1013 1
1013 1
1013 1
1013 1
1013 1
1013 1
1013 1
1013 1
1013 1
1013 1
1013 1
1013 1
1013 1
1013 1
1013 1
1013 1
1013 1
1013 1
1013 1
1013 1
1013 1
1013 1
1013 1
1013 1
1013 1
1013 1
1013 1
1013 1
1013 1
1013 1
1013 1
1013 1
1013 1
1013 1
1013 1
1013 1
1013 1
1013 1
1013 1
1013 1
1013 1
1013 1
1013 1
1012 1
1012 1
1012 1
1012 1
1012 1
1012 1
1012 1
1012 1
1012 1
1012 1
1012 1
1012 1
1012 1
1012 1
1012 1
1012 1
1012 1
1012 1
1012 1
1012 1
1012 1
1012 1
1012 1
1012 1
1012 1
1012 1
1012 1
1012 1
1012 1
1012 1
1012 1
1012 1
1012 1
1012 1
1012 1
1012 1
1012 1
1012 1
1012 1
1012 1
1012 1
1012 1
1012 1
1012 1
1012 1
989 1
989 1
989 1
989 1
989 1
989 1
989 1
989 1
989 1
989 1
989 1
989 1
989 1
989 1
989 1
989 1
989 1
989 1
989 1
989 1
989 1
989 1
989 1
989 1
989 1
989 1
989 1
989 1
989 1
989 1
989 1
989 1
989 1
989 1
989 1
989 1
989 1
989 1
989 1
989 1
989 1
989 1
989 1
989 1
989 1
990 1
990 1
990 1
990 1
990 1
990 1
990 1
990 1
990 1
990 1
990 1
990 1
990 1
990 1
990 1
990 1
990 1
990 1
990 1
990 1
990 1
990 1
990 1
990 1
990 1
990 1
990 1
990 1
990 1
990 1
990 1
990 1
990 1
990 1
990 1
990 1
990 1
990 1
990 1
990 1
990 1
990 1
990 1
990 1
990 1
993 1
993 1
993 1
993 1
993 1
993 1
993 1
993 1
993 1
993 1
993 1
993 1
993 1
993 1
993 1
993 1
993 1
993 1
993 1
993 1
993 1
993 1
993 1
993 1
993 1
993 1
993 1
993 1
993 1
993 1
993 1
993 1
993 1
993 1
993 1
993 1
993 1
993 1
993 1
993 1
993 1
993 1
993 1
993 1
993 1
1065 1
1065 1
1065 1
1065 1
1065 1
1065 1
1065 1
1065 1
1065 1
1065 1
1065 1
1065 1
1065 1
1065 1
1065 1
1065 1
1065 1
1065 1
1065 1
1065 1
1065 1
1065 1
1065 1
1065 1
1065 1
1065 1
1065 1
1065 1
1065 1
1065 1
1065 1
1065 1
1065 1
1065 1
1065 1
1065 1
1065 1
1065 1
1065 1
1065 1
1065 1
1065 1
1065 1
1065 1
1065 1
1034 1
1034 1
1034 1
1034 1
1034 1
1034 1
1034 1
1034 1
1034 1
1034 1
1034 1
1034 1
1034 1
1034 1
1034 1
1034 1
1034 1
1034 1
1034 1
1034 1
1034 1
1034 1
1034 1
1034 1
1034 1
1034 1
1034 1
1034 1
1034 1
1034 1
1034 1
1034 1
1034 1
1034 1
1034 1
1034 1
1034 1
1034 1
1034 1
1034 1
1034 1
1034 1
1034 1
1034 1
1034 1
1037 1
1037 1
1037 1
1037 1
1037 1
1037 1
1037 1
1037 1
1037 1
1037 1
1037 1
1037 1
1037 1
1037 1
1037 1
1037 1
1037 1
1037 1
1037 1
1037 1
1037 1
1037 1
1037 1
1037 1
1037 1
1037 1
1037 1
1037 1
1037 1
1037 1
1037 1
1037 1
1037 1
1037 1
1037 1
1037 1
1037 1
1037 1
1037 1
1037 1
1037 1
1037 1
1037 1
1037 1
1037 1
1040 1
1040 1
1040 1
1040 1
1040 1
1040 1
1040 1
1040 1
1040 1
1040 1
1040 1
1040 1
1040 1
1040 1
1040 1
1040 1
1040 1
1040 1
1040 1
1040 1
1040 1
1040 1
1040 1
1040 1
1040 1
1040 1
1040 1
1040 1
1040 1
1040 1
1040 1
1040 1
1040 1
1040 1
1040 1
1040 1
1040 1
1040 1
1040 1
1040 1
1040 1
1040 1
1040 1
1040 1
1040 1
1047 1
1047 1
1047 1
1047 1
1047 1
1047 1
1047 1
1047 1
1047 1
1047 1
1047 1
1047 1
1047 1
1047 1
1047 1
1047 1
1047 1
1047 1
1047 1
1047 1
1047 1
1047 1
1047 1
1047 1
1047 1
1047 1
1047 1
1047 1
1047 1
1047 1
1047 1
1047 1
1047 1
1047 1
1047 1
1047 1
1047 1
1047 1
1047 1
1047 1
1047 1
1047 1
1047 1
1047 1
1047 1
1050 1
1050 1
1050 1
1050 1
1050 1
1050 1
1050 1
1050 1
1050 1
1050 1
1050 1
1050 1
1050 1
1050 1
1050 1
1050 1
1050 1
1050 1
1050 1
1050 1
1050 1
1050 1
1050 1
1050 1
1050 1
1050 1
1050 1
1050 1
1050 1
1050 1
1050 1
1050 1
1050 1
1050 1
1050 1
1050 1
1050 1
1050 1
1050 1
1050 1
1050 1
1050 1
1050 1
1050 1
1050 1
1091 1
1091 1
1091 1
1091 1
1091 1
1091 1
1091 1
1091 1
1091 1
1091 1
1091 1
1091 1
1091 1
1091 1
1091 1
1091 1
1091 1
1091 1
1091 1
1091 1
1091 1
1091 1
1091 1
1091 1
1091 1
1091 1
1091 1
1091 1
1091 1
1091 1
1091 1
1091 1
1091 1
1091 1
1091 1
1091 1
1091 1
1091 1
1091 1
1091 1
1091 1
1091 1
1091 1
1091 1
1091 1
1095 1
1095 1
1095 1
1095 1
1095 1
1095 1
1095 1
1095 1
1095 1
1095 1
1095 1
1095 1
1095 1
1095 1
1095 1
1095 1
1095 1
1095 1
1095 1
1095 1
1095 1
1095 1
1095 1
1095 1
1095 1
1095 1
1095 1
1095 1
1095 1
1095 1
1095 1
1095 1
1095 1
1095 1
1095 1
1095 1
1095 1
1095 1
1095 1
1095 1
1095 1
1095 1
1095 1
1095 1
1095 1
1096 1
1096 1
1096 1
1096 1
1096 1
1096 1
1096 1
1096 1
1096 1
1096 1
1096 1
1096 1
1096 1
1096 1
1096 1
1096 1
1096 1
1096 1
1096 1
1096 1
1096 1
1096 1
1096 1
1096 1
1096 1
1096 1
1096 1
1096 1
1096 1
1096 1
1096 1
1096 1
1096 1
1096 1
1096 1
1096 1
1096 1
1096 1
1096 1
1096 1
1096 1
1096 1
1096 1
1096 1
1096 1
1104 1
1104 1
1104 1
1104 1
1104 1
1104 1
1104 1
1104 1
1104 1
1104 1
1104 1
1104 1
1104 1
1104 1
1104 1
1104 1
1104 1
1104 1
1104 1
1104 1
1104 1
1104 1
1104 1
1104 1
1104 1
1104 1
1104 1
1104 1
1104 1
1104 1
1104 1
1104 1
1104 1
1104 1
1104 1
1104 1
1104 1
1104 1
1104 1
1104 1
1104 1
1104 1
1104 1
1104 1
1104 1
1105 1
1105 1
1105 1
1105 1
1105 1
1105 1
1105 1
1105 1
1105 1
1105 1
1105 1
1105 1
1105 1
1105 1
1105 1
1105 1
1105 1
1105 1
1105 1
1105 1
1105 1
1105 1
1105 1
1105 1
1105 1
1105 1
1105 1
1105 1
1105 1
1105 1
1105 1
1105 1
1105 1
1105 1
1105 1
1105 1
1105 1
1105 1
1105 1
1105 1
1105 1
1105 1
1105 1
1105 1
1105 1
1106 1
1106 1
1106 1
1106 1
1106 1
1106 1
1106 1
1106 1
1106 1
1106 1
1106 1
1106 1
1106 1
1106 1
1106 1
1106 1
1106 1
1106 1
1106 1
1106 1
1106 1
1106 1
1106 1
1106 1
1106 1
1106 1
1106 1
1106 1
1106 1
1106 1
1106 1
1106 1
1106 1
1106 1
1106 1
1106 1
1106 1
1106 1
1106 1
1106 1
1106 1
1106 1
1106 1
1106 1
1106 1
1158 1
1158 1
1158 1
1158 1
1158 1
1158 1
1158 1
1158 1
1158 1
1158 1
1158 1
1158 1
1158 1
1158 1
1158 1
1158 1
1158 1
1158 1
1158 1
1158 1
1158 1
1158 1
1158 1
1158 1
1158 1
1158 1
1158 1
1158 1
1158 1
1158 1
1158 1
1158 1
1158 1
1158 1
1158 1
1158 1
1158 1
1158 1
1158 1
1158 1
1158 1
1158 1
1158 1
1158 1
1158 1
1162 1
1162 1
1162 1
1162 1
1162 1
1162 1
1162 1
1162 1
1162 1
1162 1
1162 1
1162 1
1162 1
1162 1
1162 1
1162 1
1162 1
1162 1
1162 1
1162 1
1162 1
1162 1
1162 1
1162 1
1162 1
1162 1
1162 1
1162 1
1162 1
1162 1
1162 1
1162 1
1162 1
1162 1
1162 1
1162 1
1162 1
1162 1
1162 1
1162 1
1162 1
1162 1
1162 1
1162 1
1162 1
1172 1
1172 1
1172 1
1172 1
1172 1
1172 1
1172 1
1172 1
1172 1
1172 1
1172 1
1172 1
1172 1
1172 1
1172 1
1172 1
1172 1
1172 1
1172 1
1172 1
1172 1
1172 1
1172 1
1172 1
1172 1
1172 1
1172 1
1172 1
1172 1
1172 1
1172 1
1172 1
1172 1
1172 1
1172 1
1172 1
1172 1
1172 1
1172 1
1172 1
1172 1
1172 1
1172 1
1172 1
1172 1
1171 1
1171 1
1171 1
1171 1
1171 1
1171 1
1171 1
1171 1
1171 1
1171 1
1171 1
1171 1
1171 1
1171 1
1171 1
1171 1
1171 1
1171 1
1171 1
1171 1
1171 1
1171 1
1171 1
1171 1
1171 1
1171 1
1171 1
1171 1
1171 1
1171 1
1171 1
1171 1
1171 1
1171 1
1171 1
1171 1
1171 1
1171 1
1171 1
1171 1
1171 1
1171 1
1171 1
1171 1
1171 1
1170 1
1170 1
1170 1
1170 1
1170 1
1170 1
1170 1
1170 1
1170 1
1170 1
1170 1
1170 1
1170 1
1170 1
1170 1
1170 1
1170 1
1170 1
1170 1
1170 1
1170 1
1170 1
1170 1
1170 1
1170 1
1170 1
1170 1
1170 1
1170 1
1170 1
1170 1
1170 1
1170 1
1170 1
1170 1
1170 1
1170 1
1170 1
1170 1
1170 1
1170 1
1170 1
1170 1
1170 1
1170 1
1221 1
1221 1
1221 1
1221 1
1221 1
1221 1
1221 1
1221 1
1221 1
1221 1
1221 1
1221 1
1221 1
1221 1
1221 1
1221 1
1221 1
1221 1
1221 1
1221 1
1221 1
1221 1
1221 1
1221 1
1221 1
1221 1
1221 1
1221 1
1221 1
1221 1
1221 1
1221 1
1221 1
1221 1
1221 1
1221 1
1221 1
1221 1
1221 1
1221 1
1221 1
1221 1
1221 1
1221 1
1221 1
1239 1
1239 1
1239 1
1239 1
1239 1
1239 1
1239 1
1239 1
1239 1
1239 1
1239 1
1239 1
1239 1
1239 1
1239 1
1239 1
1239 1
1239 1
1239 1
1239 1
1239 1
1239 1
1239 1
1239 1
1239 1
1239 1
1239 1
1239 1
1239 1
1239 1
1239 1
1239 1
1239 1
1239 1
1239 1
1239 1
1239 1
1239 1
1239 1
1239 1
1239 1
1239 1
1239 1
1239 1
1239 1
1235 1
1235 1
1235 1
1235 1
1235 1
1235 1
1235 1
1235 1
1235 1
1235 1
1235 1
1235 1
1235 1
1235 1
1235 1
1235 1
1235 1
1235 1
1235 1
1235 1
1235 1
1235 1
1235 1
1235 1
1235 1
1235 1
1235 1
1235 1
1235 1
1235 1
1235 1
1235 1
1235 1
1235 1
1235 1
1235 1
1235 1
1235 1
1235 1
1235 1
1235 1
1235 1
1235 1
1235 1
1235 1
1234 1
1234 1
1234 1
1234 1
1234 1
1234 1
1234 1
1234 1
1234 1
1234 1
1234 1
1234 1
1234 1
1234 1
1234 1
1234 1
1234 1
1234 1
1234 1
1234 1
1234 1
1234 1
1234 1
1234 1
1234 1
1234 1
1234 1
1234 1
1234 1
1234 1
1234 1
1234 1
1234 1
1234 1
1234 1
1234 1
1234 1
1234 1
1234 1
1234 1
1234 1
1234 1
1234 1
1234 1
1234 1
1233 1
1233 1
1233 1
1233 1
1233 1
1233 1
1233 1
1233 1
1233 1
1233 1
1233 1
1233 1
1233 1
1233 1
1233 1
1233 1
1233 1
1233 1
1233 1
1233 1
1233 1
1233 1
1233 1
1233 1
1233 1
1233 1
1233 1
1233 1
1233 1
1233 1
1233 1
1233 1
1233 1
1233 1
1233 1
1233 1
1233 1
1233 1
1233 1
1233 1
1233 1
1233 1
1233 1
1233 1
1233 1
1285 1
1285 1
1285 1
1285 1
1285 1
1285 1
1285 1
1285 1
1285 1
1285 1
1285 1
1285 1
1285 1
1285 1
1285 1
1285 1
1285 1
1285 1
1285 1
1285 1
1285 1
1285 1
1285 1
1285 1
1285 1
1285 1
1285 1
1285 1
1285 1
1285 1
1285 1
1285 1
1285 1
1285 1
1285 1
1285 1
1285 1
1285 1
1285 1
1285 1
1285 1
1285 1
1285 1
1285 1
1285 1
1286 1
1286 1
1286 1
1286 1
1286 1
1286 1
1286 1
1286 1
1286 1
1286 1
1286 1
1286 1
1286 1
1286 1
1286 1
1286 1
1286 1
1286 1
1286 1
1286 1
1286 1
1286 1
1286 1
1286 1
1286 1
1286 1
1286 1
1286 1
1286 1
1286 1
1286 1
1286 1
1286 1
1286 1
1286 1
1286 1
1286 1
1286 1
1286 1
1286 1
1286 1
1286 1
1286 1
1286 1
1286 1
1304 1
1304 1
1304 1
1304 1
1304 1
1304 1
1304 1
1304 1
1304 1
1304 1
1304 1
1304 1
1304 1
1304 1
1304 1
1304 1
1304 1
1304 1
1304 1
1304 1
1304 1
1304 1
1304 1
1304 1
1304 1
1304 1
1304 1
1304 1
1304 1
1304 1
1304 1
1304 1
1304 1
1304 1
1304 1
1304 1
1304 1
1304 1
1304 1
1304 1
1304 1
1304 1
1304 1
1304 1
1304 1
1302 1
1302 1
1302 1
1302 1
1302 1
1302 1
1302 1
1302 1
1302 1
1302 1
1302 1
1302 1
1302 1
1302 1
1302 1
1302 1
1302 1
1302 1
1302 1
1302 1
1302 1
1302 1
1302 1
1302 1
1302 1
1302 1
1302 1
1302 1
1302 1
1302 1
1302 1
1302 1
1302 1
1302 1
1302 1
1302 1
1302 1
1302 1
1302 1
1302 1
1302 1
1302 1
1302 1
1302 1
1302 1
1301 1
1301 1
1301 1
1301 1
1301 1
1301 1
1301 1
1301 1
1301 1
1301 1
1301 1
1301 1
1301 1
1301 1
1301 1
1301 1
1301 1
1301 1
1301 1
1301 1
1301 1
1301 1
1301 1
1301 1
1301 1
1301 1
1301 1
1301 1
1301 1
1301 1
1301 1
1301 1
1301 1
1301 1
1301 1
1301 1
1301 1
1301 1
1301 1
1301 1
1301 1
1301 1
1301 1
1301 1
1301 1
1300 1
1300 1
1300 1
1300 1
1300 1
1300 1
1300 1
1300 1
1300 1
1300 1
1300 1
1300 1
1300 1
1300 1
1300 1
1300 1
1300 1
1300 1
1300 1
1300 1
1300 1
1300 1
1300 1
1300 1
1300 1
1300 1
1300 1
1300 1
1300 1
1300 1
1300 1
1300 1
1300 1
1300 1
1300 1
1300 1
1300 1
1300 1
1300 1
1300 1
1300 1
1300 1
1300 1
1300 1
1300 1
1294 1
1294 1
1294 1
1294 1
1294 1
1294 1
1294 1
1294 1
1294 1
1294 1
1294 1
1294 1
1294 1
1294 1
1294 1
1294 1
1294 1
1294 1
1294 1
1294 1
1294 1
1294 1
1294 1
1294 1
1294 1
1294 1
1294 1
1294 1
1294 1
1294 1
1294 1
1294 1
1294 1
1294 1
1294 1
1294 1
1294 1
1294 1
1294 1
1294 1
1294 1
1294 1
1294 1
1294 1
1294 1
1369 1
1369 1
1369 1
1369 1
1369 1
1369 1
1369 1
1369 1
1369 1
1369 1
1369 1
1369 1
1369 1
1369 1
1369 1
1369 1
1369 1
1369 1
1369 1
1369 1
1369 1
1369 1
1369 1
1369 1
1369 1
1369 1
1369 1
1369 1
1369 1
1369 1
1369 1
1369 1
1369 1
1369 1
1369 1
1369 1
1369 1
1369 1
1369 1
1369 1
1369 1
1369 1
1369 1
1369 1
1369 1
1368 1
1368 1
1368 1
1368 1
1368 1
1368 1
1368 1
1368 1
1368 1
1368 1
1368 1
1368 1
1368 1
1368 1
1368 1
1368 1
1368 1
1368 1
1368 1
1368 1
1368 1
1368 1
1368 1
1368 1
1368 1
1368 1
1368 1
1368 1
1368 1
1368 1
1368 1
1368 1
1368 1
1368 1
1368 1
1368 1
1368 1
1368 1
1368 1
1368 1
1368 1
1368 1
1368 1
1368 1
1368 1
1367 1
1367 1
1367 1
1367 1
1367 1
1367 1
1367 1
1367 1
1367 1
1367 1
1367 1
1367 1
1367 1
1367 1
1367 1
1367 1
1367 1
1367 1
1367 1
1367 1
1367 1
1367 1
1367 1
1367 1
1367 1
1367 1
1367 1
1367 1
1367 1
1367 1
1367 1
1367 1
1367 1
1367 1
1367 1
1367 1
1367 1
1367 1
1367 1
1367 1
1367 1
1367 1
1367 1
1367 1
1367 1
1362 1
1362 1
1362 1
1362 1
1362 1
1362 1
1362 1
1362 1
1362 1
1362 1
1362 1
1362 1
1362 1
1362 1
1362 1
1362 1
1362 1
1362 1
1362 1
1362 1
1362 1
1362 1
1362 1
1362 1
1362 1
1362 1
1362 1
1362 1
1362 1
1362 1
1362 1
1362 1
1362 1
1362 1
1362 1
1362 1
1362 1
1362 1
1362 1
1362 1
1362 1
1362 1
1362 1
1362 1
1362 1
1434 1
1434 1
1434 1
1434 1
1434 1
1434 1
1434 1
1434 1
1434 1
1434 1
1434 1
1434 1
1434 1
1434 1
1434 1
1434 1
1434 1
1434 1
1434 1
1434 1
1434 1
1434 1
1434 1
1434 1
1434 1
1434 1
1434 1
1434 1
1434 1
1434 1
1434 1
1434 1
1434 1
1434 1
1434 1
1434 1
1434 1
1434 1
1434 1
1434 1
1434 1
1434 1
1434 1
1434 1
1434 1
