pt_graph scale
762 0
762 3.55454197853306
762 3.55454197853306
762 3.55454197853306
762 3.55454197853306
762 0
762 55.2143452637224
762 55.2143452637224
762 32.7841674990826
762 32.7841674990826
762 32.7841674990826
762 0
762 4.57138713888897
762 14395.9730992737
762 14395.9730992737
762 14395.9730992737
762 2.84875831473659
762 5526.35078684475
762 0
762 8064.96863034976
762 0
762 0.219703890455968
762 0
762 0
762 0
762 0
762 142.532265535544
762 12.2849227377111
762 12.2849227377111
762 12.2849227377111
762 42.9172869071312
762 0
762 0
762 0.527058196006544
762 0
762 0
762 14753.4123880652
762 14753.4123880652
762 0
762 0
762 0
762 108.555827384865
762 108.555827384865
762 108.555827384865
762 0.25575484320619
883 0
883 3.55454197853306
883 3.55454197853306
883 3.55454197853306
883 3.55454197853306
883 0
883 55.2143452637224
883 55.2143452637224
883 32.7841674990826
883 32.7841674990826
883 32.7841674990826
883 0
883 4.57138713888897
883 14395.9730992737
883 14395.9730992737
883 14395.9730992737
883 2.84875831473659
883 5526.35078684475
883 0
883 8064.96863034976
883 0
883 0.219703890455968
883 0
883 0
883 0
883 0
883 142.532265535544
883 12.2849227377111
883 12.2849227377111
883 12.2849227377111
883 42.9172869071312
883 0
883 0
883 0.527058196006544
883 0
883 0
883 14753.4123880652
883 14753.4123880652
883 0
883 0
883 0
883 108.555827384865
883 108.555827384865
883 108.555827384865
883 0.25575484320619
1546 0
1546 3.55454197853306
1546 3.55454197853306
1546 3.55454197853306
1546 3.55454197853306
1546 0
1546 55.2143452637224
1546 55.2143452637224
1546 32.7841674990826
1546 32.7841674990826
1546 32.7841674990826
1546 0
1546 4.57138713888897
1546 14395.9730992737
1546 14395.9730992737
1546 14395.9730992737
1546 2.84875831473659
1546 5526.35078684475
1546 0
1546 8064.96863034976
1546 0
1546 0.219703890455968
1546 0
1546 0
1546 0
1546 0
1546 142.532265535544
1546 12.2849227377111
1546 12.2849227377111
1546 12.2849227377111
1546 42.9172869071312
1546 0
1546 0
1546 0.527058196006544
1546 0
1546 0
1546 14753.4123880652
1546 14753.4123880652
1546 0
1546 0
1546 0
1546 108.555827384865
1546 108.555827384865
1546 108.555827384865
1546 0.25575484320619
1611 0
1611 3.55454197853306
1611 3.55454197853306
1611 3.55454197853306
1611 3.55454197853306
1611 0
1611 55.2143452637224
1611 55.2143452637224
1611 32.7841674990826
1611 32.7841674990826
1611 32.7841674990826
1611 0
1611 4.57138713888897
1611 14395.9730992737
1611 14395.9730992737
1611 14395.9730992737
1611 2.84875831473659
1611 5526.35078684475
1611 0
1611 8064.96863034976
1611 0
1611 0.219703890455968
1611 0
1611 0
1611 0
1611 0
1611 142.532265535544
1611 12.2849227377111
1611 12.2849227377111
1611 12.2849227377111
1611 42.9172869071312
1611 0
1611 0
1611 0.527058196006544
1611 0
1611 0
1611 14753.4123880652
1611 14753.4123880652
1611 0
1611 0
1611 0
1611 108.555827384865
1611 108.555827384865
1611 108.555827384865
1611 0.25575484320619
1683 0
1683 3.55454197853306
1683 3.55454197853306
1683 3.55454197853306
1683 3.55454197853306
1683 0
1683 55.2143452637224
1683 55.2143452637224
1683 32.7841674990826
1683 32.7841674990826
1683 32.7841674990826
1683 0
1683 4.57138713888897
1683 14395.9730992737
1683 14395.9730992737
1683 14395.9730992737
1683 2.84875831473659
1683 5526.35078684475
1683 0
1683 8064.96863034976
1683 0
1683 0.219703890455968
1683 0
1683 0
1683 0
1683 0
1683 142.532265535544
1683 12.2849227377111
1683 12.2849227377111
1683 12.2849227377111
1683 42.9172869071312
1683 0
1683 0
1683 0.527058196006544
1683 0
1683 0
1683 14753.4123880652
1683 14753.4123880652
1683 0
1683 0
1683 0
1683 108.555827384865
1683 108.555827384865
1683 108.555827384865
1683 0.25575484320619
1834 0
1834 3.55454197853306
1834 3.55454197853306
1834 3.55454197853306
1834 3.55454197853306
1834 0
1834 55.2143452637224
1834 55.2143452637224
1834 32.7841674990826
1834 32.7841674990826
1834 32.7841674990826
1834 0
1834 4.57138713888897
1834 14395.9730992737
1834 14395.9730992737
1834 14395.9730992737
1834 2.84875831473659
1834 5526.35078684475
1834 0
1834 8064.96863034976
1834 0
1834 0.219703890455968
1834 0
1834 0
1834 0
1834 0
1834 142.532265535544
1834 12.2849227377111
1834 12.2849227377111
1834 12.2849227377111
1834 42.9172869071312
1834 0
1834 0
1834 0.527058196006544
1834 0
1834 0
1834 14753.4123880652
1834 14753.4123880652
1834 0
1834 0
1834 0
1834 108.555827384865
1834 108.555827384865
1834 108.555827384865
1834 0.25575484320619
1836 0
1836 3.55454197853306
1836 3.55454197853306
1836 3.55454197853306
1836 3.55454197853306
1836 0
1836 55.2143452637224
1836 55.2143452637224
1836 32.7841674990826
1836 32.7841674990826
1836 32.7841674990826
1836 0
1836 4.57138713888897
1836 14395.9730992737
1836 14395.9730992737
1836 14395.9730992737
1836 2.84875831473659
1836 5526.35078684475
1836 0
1836 8064.96863034976
1836 0
1836 0.219703890455968
1836 0
1836 0
1836 0
1836 0
1836 142.532265535544
1836 12.2849227377111
1836 12.2849227377111
1836 12.2849227377111
1836 42.9172869071312
1836 0
1836 0
1836 0.527058196006544
1836 0
1836 0
1836 14753.4123880652
1836 14753.4123880652
1836 0
1836 0
1836 0
1836 108.555827384865
1836 108.555827384865
1836 108.555827384865
1836 0.25575484320619
1914 0
1914 3.55454197853306
1914 3.55454197853306
1914 3.55454197853306
1914 3.55454197853306
1914 0
1914 55.2143452637224
1914 55.2143452637224
1914 32.7841674990826
1914 32.7841674990826
1914 32.7841674990826
1914 0
1914 4.57138713888897
1914 14395.9730992737
1914 14395.9730992737
1914 14395.9730992737
1914 2.84875831473659
1914 5526.35078684475
1914 0
1914 8064.96863034976
1914 0
1914 0.219703890455968
1914 0
1914 0
1914 0
1914 0
1914 142.532265535544
1914 12.2849227377111
1914 12.2849227377111
1914 12.2849227377111
1914 42.9172869071312
1914 0
1914 0
1914 0.527058196006544
1914 0
1914 0
1914 14753.4123880652
1914 14753.4123880652
1914 0
1914 0
1914 0
1914 108.555827384865
1914 108.555827384865
1914 108.555827384865
1914 0.25575484320619
1915 0
1915 3.55454197853306
1915 3.55454197853306
1915 3.55454197853306
1915 3.55454197853306
1915 0
1915 55.2143452637224
1915 55.2143452637224
1915 32.7841674990826
1915 32.7841674990826
1915 32.7841674990826
1915 0
1915 4.57138713888897
1915 14395.9730992737
1915 14395.9730992737
1915 14395.9730992737
1915 2.84875831473659
1915 5526.35078684475
1915 0
1915 8064.96863034976
1915 0
1915 0.219703890455968
1915 0
1915 0
1915 0
1915 0
1915 142.532265535544
1915 12.2849227377111
1915 12.2849227377111
1915 12.2849227377111
1915 42.9172869071312
1915 0
1915 0
1915 0.527058196006544
1915 0
1915 0
1915 14753.4123880652
1915 14753.4123880652
1915 0
1915 0
1915 0
1915 108.555827384865
1915 108.555827384865
1915 108.555827384865
1915 0.25575484320619
1917 0
1917 3.55454197853306
1917 3.55454197853306
1917 3.55454197853306
1917 3.55454197853306
1917 0
1917 55.2143452637224
1917 55.2143452637224
1917 32.7841674990826
1917 32.7841674990826
1917 32.7841674990826
1917 0
1917 4.57138713888897
1917 14395.9730992737
1917 14395.9730992737
1917 14395.9730992737
1917 2.84875831473659
1917 5526.35078684475
1917 0
1917 8064.96863034976
1917 0
1917 0.219703890455968
1917 0
1917 0
1917 0
1917 0
1917 142.532265535544
1917 12.2849227377111
1917 12.2849227377111
1917 12.2849227377111
1917 42.9172869071312
1917 0
1917 0
1917 0.527058196006544
1917 0
1917 0
1917 14753.4123880652
1917 14753.4123880652
1917 0
1917 0
1917 0
1917 108.555827384865
1917 108.555827384865
1917 108.555827384865
1917 0.25575484320619
1960 0
1960 3.55454197853306
1960 3.55454197853306
1960 3.55454197853306
1960 3.55454197853306
1960 0
1960 55.2143452637224
1960 55.2143452637224
1960 32.7841674990826
1960 32.7841674990826
1960 32.7841674990826
1960 0
1960 4.57138713888897
1960 14395.9730992737
1960 14395.9730992737
1960 14395.9730992737
1960 2.84875831473659
1960 5526.35078684475
1960 0
1960 8064.96863034976
1960 0
1960 0.219703890455968
1960 0
1960 0
1960 0
1960 0
1960 142.532265535544
1960 12.2849227377111
1960 12.2849227377111
1960 12.2849227377111
1960 42.9172869071312
1960 0
1960 0
1960 0.527058196006544
1960 0
1960 0
1960 14753.4123880652
1960 14753.4123880652
1960 0
1960 0
1960 0
1960 108.555827384865
1960 108.555827384865
1960 108.555827384865
1960 0.25575484320619
1997 0
1997 3.55454197853306
1997 3.55454197853306
1997 3.55454197853306
1997 3.55454197853306
1997 0
1997 55.2143452637224
1997 55.2143452637224
1997 32.7841674990826
1997 32.7841674990826
1997 32.7841674990826
1997 0
1997 4.57138713888897
1997 14395.9730992737
1997 14395.9730992737
1997 14395.9730992737
1997 2.84875831473659
1997 5526.35078684475
1997 0
1997 8064.96863034976
1997 0
1997 0.219703890455968
1997 0
1997 0
1997 0
1997 0
1997 142.532265535544
1997 12.2849227377111
1997 12.2849227377111
1997 12.2849227377111
1997 42.9172869071312
1997 0
1997 0
1997 0.527058196006544
1997 0
1997 0
1997 14753.4123880652
1997 14753.4123880652
1997 0
1997 0
1997 0
1997 108.555827384865
1997 108.555827384865
1997 108.555827384865
1997 0.25575484320619
2126 0
2126 3.55454197853306
2126 3.55454197853306
2126 3.55454197853306
2126 3.55454197853306
2126 0
2126 55.2143452637224
2126 55.2143452637224
2126 32.7841674990826
2126 32.7841674990826
2126 32.7841674990826
2126 0
2126 4.57138713888897
2126 14395.9730992737
2126 14395.9730992737
2126 14395.9730992737
2126 2.84875831473659
2126 5526.35078684475
2126 0
2126 8064.96863034976
2126 0
2126 0.219703890455968
2126 0
2126 0
2126 0
2126 0
2126 142.532265535544
2126 12.2849227377111
2126 12.2849227377111
2126 12.2849227377111
2126 42.9172869071312
2126 0
2126 0
2126 0.527058196006544
2126 0
2126 0
2126 14753.4123880652
2126 14753.4123880652
2126 0
2126 0
2126 0
2126 108.555827384865
2126 108.555827384865
2126 108.555827384865
2126 0.25575484320619
2212 0
2212 3.55454197853306
2212 3.55454197853306
2212 3.55454197853306
2212 3.55454197853306
2212 0
2212 55.2143452637224
2212 55.2143452637224
2212 32.7841674990826
2212 32.7841674990826
2212 32.7841674990826
2212 0
2212 4.57138713888897
2212 14395.9730992737
2212 14395.9730992737
2212 14395.9730992737
2212 2.84875831473659
2212 5526.35078684475
2212 0
2212 8064.96863034976
2212 0
2212 0.219703890455968
2212 0
2212 0
2212 0
2212 0
2212 142.532265535544
2212 12.2849227377111
2212 12.2849227377111
2212 12.2849227377111
2212 42.9172869071312
2212 0
2212 0
2212 0.527058196006544
2212 0
2212 0
2212 14753.4123880652
2212 14753.4123880652
2212 0
2212 0
2212 0
2212 108.555827384865
2212 108.555827384865
2212 108.555827384865
2212 0.25575484320619
2413 0
2413 3.55454197853306
2413 3.55454197853306
2413 3.55454197853306
2413 3.55454197853306
2413 0
2413 55.2143452637224
2413 55.2143452637224
2413 32.7841674990826
2413 32.7841674990826
2413 32.7841674990826
2413 0
2413 4.57138713888897
2413 14395.9730992737
2413 14395.9730992737
2413 14395.9730992737
2413 2.84875831473659
2413 5526.35078684475
2413 0
2413 8064.96863034976
2413 0
2413 0.219703890455968
2413 0
2413 0
2413 0
2413 0
2413 142.532265535544
2413 12.2849227377111
2413 12.2849227377111
2413 12.2849227377111
2413 42.9172869071312
2413 0
2413 0
2413 0.527058196006544
2413 0
2413 0
2413 14753.4123880652
2413 14753.4123880652
2413 0
2413 0
2413 0
2413 108.555827384865
2413 108.555827384865
2413 108.555827384865
2413 0.25575484320619
2487 0
2487 3.55454197853306
2487 3.55454197853306
2487 3.55454197853306
2487 3.55454197853306
2487 0
2487 55.2143452637224
2487 55.2143452637224
2487 32.7841674990826
2487 32.7841674990826
2487 32.7841674990826
2487 0
2487 4.57138713888897
2487 14395.9730992737
2487 14395.9730992737
2487 14395.9730992737
2487 2.84875831473659
2487 5526.35078684475
2487 0
2487 8064.96863034976
2487 0
2487 0.219703890455968
2487 0
2487 0
2487 0
2487 0
2487 142.532265535544
2487 12.2849227377111
2487 12.2849227377111
2487 12.2849227377111
2487 42.9172869071312
2487 0
2487 0
2487 0.527058196006544
2487 0
2487 0
2487 14753.4123880652
2487 14753.4123880652
2487 0
2487 0
2487 0
2487 108.555827384865
2487 108.555827384865
2487 108.555827384865
2487 0.25575484320619
2566 0
2566 3.55454197853306
2566 3.55454197853306
2566 3.55454197853306
2566 3.55454197853306
2566 0
2566 55.2143452637224
2566 55.2143452637224
2566 32.7841674990826
2566 32.7841674990826
2566 32.7841674990826
2566 0
2566 4.57138713888897
2566 14395.9730992737
2566 14395.9730992737
2566 14395.9730992737
2566 2.84875831473659
2566 5526.35078684475
2566 0
2566 8064.96863034976
2566 0
2566 0.219703890455968
2566 0
2566 0
2566 0
2566 0
2566 142.532265535544
2566 12.2849227377111
2566 12.2849227377111
2566 12.2849227377111
2566 42.9172869071312
2566 0
2566 0
2566 0.527058196006544
2566 0
2566 0
2566 14753.4123880652
2566 14753.4123880652
2566 0
2566 0
2566 0
2566 108.555827384865
2566 108.555827384865
2566 108.555827384865
2566 0.25575484320619
2650 0
2650 3.55454197853306
2650 3.55454197853306
2650 3.55454197853306
2650 3.55454197853306
2650 0
2650 55.2143452637224
2650 55.2143452637224
2650 32.7841674990826
2650 32.7841674990826
2650 32.7841674990826
2650 0
2650 4.57138713888897
2650 14395.9730992737
2650 14395.9730992737
2650 14395.9730992737
2650 2.84875831473659
2650 5526.35078684475
2650 0
2650 8064.96863034976
2650 0
2650 0.219703890455968
2650 0
2650 0
2650 0
2650 0
2650 142.532265535544
2650 12.2849227377111
2650 12.2849227377111
2650 12.2849227377111
2650 42.9172869071312
2650 0
2650 0
2650 0.527058196006544
2650 0
2650 0
2650 14753.4123880652
2650 14753.4123880652
2650 0
2650 0
2650 0
2650 108.555827384865
2650 108.555827384865
2650 108.555827384865
2650 0.25575484320619
2652 0
2652 3.55454197853306
2652 3.55454197853306
2652 3.55454197853306
2652 3.55454197853306
2652 0
2652 55.2143452637224
2652 55.2143452637224
2652 32.7841674990826
2652 32.7841674990826
2652 32.7841674990826
2652 0
2652 4.57138713888897
2652 14395.9730992737
2652 14395.9730992737
2652 14395.9730992737
2652 2.84875831473659
2652 5526.35078684475
2652 0
2652 8064.96863034976
2652 0
2652 0.219703890455968
2652 0
2652 0
2652 0
2652 0
2652 142.532265535544
2652 12.2849227377111
2652 12.2849227377111
2652 12.2849227377111
2652 42.9172869071312
2652 0
2652 0
2652 0.527058196006544
2652 0
2652 0
2652 14753.4123880652
2652 14753.4123880652
2652 0
2652 0
2652 0
2652 108.555827384865
2652 108.555827384865
2652 108.555827384865
2652 0.25575484320619
2668 0
2668 3.55454197853306
2668 3.55454197853306
2668 3.55454197853306
2668 3.55454197853306
2668 0
2668 55.2143452637224
2668 55.2143452637224
2668 32.7841674990826
2668 32.7841674990826
2668 32.7841674990826
2668 0
2668 4.57138713888897
2668 14395.9730992737
2668 14395.9730992737
2668 14395.9730992737
2668 2.84875831473659
2668 5526.35078684475
2668 0
2668 8064.96863034976
2668 0
2668 0.219703890455968
2668 0
2668 0
2668 0
2668 0
2668 142.532265535544
2668 12.2849227377111
2668 12.2849227377111
2668 12.2849227377111
2668 42.9172869071312
2668 0
2668 0
2668 0.527058196006544
2668 0
2668 0
2668 14753.4123880652
2668 14753.4123880652
2668 0
2668 0
2668 0
2668 108.555827384865
2668 108.555827384865
2668 108.555827384865
2668 0.25575484320619
2732 0
2732 3.55454197853306
2732 3.55454197853306
2732 3.55454197853306
2732 3.55454197853306
2732 0
2732 55.2143452637224
2732 55.2143452637224
2732 32.7841674990826
2732 32.7841674990826
2732 32.7841674990826
2732 0
2732 4.57138713888897
2732 14395.9730992737
2732 14395.9730992737
2732 14395.9730992737
2732 2.84875831473659
2732 5526.35078684475
2732 0
2732 8064.96863034976
2732 0
2732 0.219703890455968
2732 0
2732 0
2732 0
2732 0
2732 142.532265535544
2732 12.2849227377111
2732 12.2849227377111
2732 12.2849227377111
2732 42.9172869071312
2732 0
2732 0
2732 0.527058196006544
2732 0
2732 0
2732 14753.4123880652
2732 14753.4123880652
2732 0
2732 0
2732 0
2732 108.555827384865
2732 108.555827384865
2732 108.555827384865
2732 0.25575484320619
2734 0
2734 3.55454197853306
2734 3.55454197853306
2734 3.55454197853306
2734 3.55454197853306
2734 0
2734 55.2143452637224
2734 55.2143452637224
2734 32.7841674990826
2734 32.7841674990826
2734 32.7841674990826
2734 0
2734 4.57138713888897
2734 14395.9730992737
2734 14395.9730992737
2734 14395.9730992737
2734 2.84875831473659
2734 5526.35078684475
2734 0
2734 8064.96863034976
2734 0
2734 0.219703890455968
2734 0
2734 0
2734 0
2734 0
2734 142.532265535544
2734 12.2849227377111
2734 12.2849227377111
2734 12.2849227377111
2734 42.9172869071312
2734 0
2734 0
2734 0.527058196006544
2734 0
2734 0
2734 14753.4123880652
2734 14753.4123880652
2734 0
2734 0
2734 0
2734 108.555827384865
2734 108.555827384865
2734 108.555827384865
2734 0.25575484320619
2735 0
2735 3.55454197853306
2735 3.55454197853306
2735 3.55454197853306
2735 3.55454197853306
2735 0
2735 55.2143452637224
2735 55.2143452637224
2735 32.7841674990826
2735 32.7841674990826
2735 32.7841674990826
2735 0
2735 4.57138713888897
2735 14395.9730992737
2735 14395.9730992737
2735 14395.9730992737
2735 2.84875831473659
2735 5526.35078684475
2735 0
2735 8064.96863034976
2735 0
2735 0.219703890455968
2735 0
2735 0
2735 0
2735 0
2735 142.532265535544
2735 12.2849227377111
2735 12.2849227377111
2735 12.2849227377111
2735 42.9172869071312
2735 0
2735 0
2735 0.527058196006544
2735 0
2735 0
2735 14753.4123880652
2735 14753.4123880652
2735 0
2735 0
2735 0
2735 108.555827384865
2735 108.555827384865
2735 108.555827384865
2735 0.25575484320619
2775 0
2775 3.55454197853306
2775 3.55454197853306
2775 3.55454197853306
2775 3.55454197853306
2775 0
2775 55.2143452637224
2775 55.2143452637224
2775 32.7841674990826
2775 32.7841674990826
2775 32.7841674990826
2775 0
2775 4.57138713888897
2775 14395.9730992737
2775 14395.9730992737
2775 14395.9730992737
2775 2.84875831473659
2775 5526.35078684475
2775 0
2775 8064.96863034976
2775 0
2775 0.219703890455968
2775 0
2775 0
2775 0
2775 0
2775 142.532265535544
2775 12.2849227377111
2775 12.2849227377111
2775 12.2849227377111
2775 42.9172869071312
2775 0
2775 0
2775 0.527058196006544
2775 0
2775 0
2775 14753.4123880652
2775 14753.4123880652
2775 0
2775 0
2775 0
2775 108.555827384865
2775 108.555827384865
2775 108.555827384865
2775 0.25575484320619
2890 0
2890 3.55454197853306
2890 3.55454197853306
2890 3.55454197853306
2890 3.55454197853306
2890 0
2890 55.2143452637224
2890 55.2143452637224
2890 32.7841674990826
2890 32.7841674990826
2890 32.7841674990826
2890 0
2890 4.57138713888897
2890 14395.9730992737
2890 14395.9730992737
2890 14395.9730992737
2890 2.84875831473659
2890 5526.35078684475
2890 0
2890 8064.96863034976
2890 0
2890 0.219703890455968
2890 0
2890 0
2890 0
2890 0
2890 142.532265535544
2890 12.2849227377111
2890 12.2849227377111
2890 12.2849227377111
2890 42.9172869071312
2890 0
2890 0
2890 0.527058196006544
2890 0
2890 0
2890 14753.4123880652
2890 14753.4123880652
2890 0
2890 0
2890 0
2890 108.555827384865
2890 108.555827384865
2890 108.555827384865
2890 0.25575484320619
2899 0
2899 3.55454197853306
2899 3.55454197853306
2899 3.55454197853306
2899 3.55454197853306
2899 0
2899 55.2143452637224
2899 55.2143452637224
2899 32.7841674990826
2899 32.7841674990826
2899 32.7841674990826
2899 0
2899 4.57138713888897
2899 14395.9730992737
2899 14395.9730992737
2899 14395.9730992737
2899 2.84875831473659
2899 5526.35078684475
2899 0
2899 8064.96863034976
2899 0
2899 0.219703890455968
2899 0
2899 0
2899 0
2899 0
2899 142.532265535544
2899 12.2849227377111
2899 12.2849227377111
2899 12.2849227377111
2899 42.9172869071312
2899 0
2899 0
2899 0.527058196006544
2899 0
2899 0
2899 14753.4123880652
2899 14753.4123880652
2899 0
2899 0
2899 0
2899 108.555827384865
2899 108.555827384865
2899 108.555827384865
2899 0.25575484320619
2965 0
2965 3.55454197853306
2965 3.55454197853306
2965 3.55454197853306
2965 3.55454197853306
2965 0
2965 55.2143452637224
2965 55.2143452637224
2965 32.7841674990826
2965 32.7841674990826
2965 32.7841674990826
2965 0
2965 4.57138713888897
2965 14395.9730992737
2965 14395.9730992737
2965 14395.9730992737
2965 2.84875831473659
2965 5526.35078684475
2965 0
2965 8064.96863034976
2965 0
2965 0.219703890455968
2965 0
2965 0
2965 0
2965 0
2965 142.532265535544
2965 12.2849227377111
2965 12.2849227377111
2965 12.2849227377111
2965 42.9172869071312
2965 0
2965 0
2965 0.527058196006544
2965 0
2965 0
2965 14753.4123880652
2965 14753.4123880652
2965 0
2965 0
2965 0
2965 108.555827384865
2965 108.555827384865
2965 108.555827384865
2965 0.25575484320619
3086 0
3086 3.55454197853306
3086 3.55454197853306
3086 3.55454197853306
3086 3.55454197853306
3086 0
3086 55.2143452637224
3086 55.2143452637224
3086 32.7841674990826
3086 32.7841674990826
3086 32.7841674990826
3086 0
3086 4.57138713888897
3086 14395.9730992737
3086 14395.9730992737
3086 14395.9730992737
3086 2.84875831473659
3086 5526.35078684475
3086 0
3086 8064.96863034976
3086 0
3086 0.219703890455968
3086 0
3086 0
3086 0
3086 0
3086 142.532265535544
3086 12.2849227377111
3086 12.2849227377111
3086 12.2849227377111
3086 42.9172869071312
3086 0
3086 0
3086 0.527058196006544
3086 0
3086 0
3086 14753.4123880652
3086 14753.4123880652
3086 0
3086 0
3086 0
3086 108.555827384865
3086 108.555827384865
3086 108.555827384865
3086 0.25575484320619
3085 0
3085 3.55454197853306
3085 3.55454197853306
3085 3.55454197853306
3085 3.55454197853306
3085 0
3085 55.2143452637224
3085 55.2143452637224
3085 32.7841674990826
3085 32.7841674990826
3085 32.7841674990826
3085 0
3085 4.57138713888897
3085 14395.9730992737
3085 14395.9730992737
3085 14395.9730992737
3085 2.84875831473659
3085 5526.35078684475
3085 0
3085 8064.96863034976
3085 0
3085 0.219703890455968
3085 0
3085 0
3085 0
3085 0
3085 142.532265535544
3085 12.2849227377111
3085 12.2849227377111
3085 12.2849227377111
3085 42.9172869071312
3085 0
3085 0
3085 0.527058196006544
3085 0
3085 0
3085 14753.4123880652
3085 14753.4123880652
3085 0
3085 0
3085 0
3085 108.555827384865
3085 108.555827384865
3085 108.555827384865
3085 0.25575484320619
3157 0
3157 3.55454197853306
3157 3.55454197853306
3157 3.55454197853306
3157 3.55454197853306
3157 0
3157 55.2143452637224
3157 55.2143452637224
3157 32.7841674990826
3157 32.7841674990826
3157 32.7841674990826
3157 0
3157 4.57138713888897
3157 14395.9730992737
3157 14395.9730992737
3157 14395.9730992737
3157 2.84875831473659
3157 5526.35078684475
3157 0
3157 8064.96863034976
3157 0
3157 0.219703890455968
3157 0
3157 0
3157 0
3157 0
3157 142.532265535544
3157 12.2849227377111
3157 12.2849227377111
3157 12.2849227377111
3157 42.9172869071312
3157 0
3157 0
3157 0.527058196006544
3157 0
3157 0
3157 14753.4123880652
3157 14753.4123880652
3157 0
3157 0
3157 0
3157 108.555827384865
3157 108.555827384865
3157 108.555827384865
3157 0.25575484320619
3756 0
3756 3.55454197853306
3756 3.55454197853306
3756 3.55454197853306
3756 3.55454197853306
3756 0
3756 55.2143452637224
3756 55.2143452637224
3756 32.7841674990826
3756 32.7841674990826
3756 32.7841674990826
3756 0
3756 4.57138713888897
3756 14395.9730992737
3756 14395.9730992737
3756 14395.9730992737
3756 2.84875831473659
3756 5526.35078684475
3756 0
3756 8064.96863034976
3756 0
3756 0.219703890455968
3756 0
3756 0
3756 0
3756 0
3756 142.532265535544
3756 12.2849227377111
3756 12.2849227377111
3756 12.2849227377111
3756 42.9172869071312
3756 0
3756 0
3756 0.527058196006544
3756 0
3756 0
3756 14753.4123880652
3756 14753.4123880652
3756 0
3756 0
3756 0
3756 108.555827384865
3756 108.555827384865
3756 108.555827384865
3756 0.25575484320619
4166 0
4166 3.55454197853306
4166 3.55454197853306
4166 3.55454197853306
4166 3.55454197853306
4166 0
4166 55.2143452637224
4166 55.2143452637224
4166 32.7841674990826
4166 32.7841674990826
4166 32.7841674990826
4166 0
4166 4.57138713888897
4166 14395.9730992737
4166 14395.9730992737
4166 14395.9730992737
4166 2.84875831473659
4166 5526.35078684475
4166 0
4166 8064.96863034976
4166 0
4166 0.219703890455968
4166 0
4166 0
4166 0
4166 0
4166 142.532265535544
4166 12.2849227377111
4166 12.2849227377111
4166 12.2849227377111
4166 42.9172869071312
4166 0
4166 0
4166 0.527058196006544
4166 0
4166 0
4166 14753.4123880652
4166 14753.4123880652
4166 0
4166 0
4166 0
4166 108.555827384865
4166 108.555827384865
4166 108.555827384865
4166 0.25575484320619
4892 0
4892 3.55454197853306
4892 3.55454197853306
4892 3.55454197853306
4892 3.55454197853306
4892 0
4892 55.2143452637224
4892 55.2143452637224
4892 32.7841674990826
4892 32.7841674990826
4892 32.7841674990826
4892 0
4892 4.57138713888897
4892 14395.9730992737
4892 14395.9730992737
4892 14395.9730992737
4892 2.84875831473659
4892 5526.35078684475
4892 0
4892 8064.96863034976
4892 0
4892 0.219703890455968
4892 0
4892 0
4892 0
4892 0
4892 142.532265535544
4892 12.2849227377111
4892 12.2849227377111
4892 12.2849227377111
4892 42.9172869071312
4892 0
4892 0
4892 0.527058196006544
4892 0
4892 0
4892 14753.4123880652
4892 14753.4123880652
4892 0
4892 0
4892 0
4892 108.555827384865
4892 108.555827384865
4892 108.555827384865
4892 0.25575484320619
4890 0
4890 3.55454197853306
4890 3.55454197853306
4890 3.55454197853306
4890 3.55454197853306
4890 0
4890 55.2143452637224
4890 55.2143452637224
4890 32.7841674990826
4890 32.7841674990826
4890 32.7841674990826
4890 0
4890 4.57138713888897
4890 14395.9730992737
4890 14395.9730992737
4890 14395.9730992737
4890 2.84875831473659
4890 5526.35078684475
4890 0
4890 8064.96863034976
4890 0
4890 0.219703890455968
4890 0
4890 0
4890 0
4890 0
4890 142.532265535544
4890 12.2849227377111
4890 12.2849227377111
4890 12.2849227377111
4890 42.9172869071312
4890 0
4890 0
4890 0.527058196006544
4890 0
4890 0
4890 14753.4123880652
4890 14753.4123880652
4890 0
4890 0
4890 0
4890 108.555827384865
4890 108.555827384865
4890 108.555827384865
4890 0.25575484320619
4887 0
4887 3.55454197853306
4887 3.55454197853306
4887 3.55454197853306
4887 3.55454197853306
4887 0
4887 55.2143452637224
4887 55.2143452637224
4887 32.7841674990826
4887 32.7841674990826
4887 32.7841674990826
4887 0
4887 4.57138713888897
4887 14395.9730992737
4887 14395.9730992737
4887 14395.9730992737
4887 2.84875831473659
4887 5526.35078684475
4887 0
4887 8064.96863034976
4887 0
4887 0.219703890455968
4887 0
4887 0
4887 0
4887 0
4887 142.532265535544
4887 12.2849227377111
4887 12.2849227377111
4887 12.2849227377111
4887 42.9172869071312
4887 0
4887 0
4887 0.527058196006544
4887 0
4887 0
4887 14753.4123880652
4887 14753.4123880652
4887 0
4887 0
4887 0
4887 108.555827384865
4887 108.555827384865
4887 108.555827384865
4887 0.25575484320619
4988 0
4988 3.55454197853306
4988 3.55454197853306
4988 3.55454197853306
4988 3.55454197853306
4988 0
4988 55.2143452637224
4988 55.2143452637224
4988 32.7841674990826
4988 32.7841674990826
4988 32.7841674990826
4988 0
4988 4.57138713888897
4988 14395.9730992737
4988 14395.9730992737
4988 14395.9730992737
4988 2.84875831473659
4988 5526.35078684475
4988 0
4988 8064.96863034976
4988 0
4988 0.219703890455968
4988 0
4988 0
4988 0
4988 0
4988 142.532265535544
4988 12.2849227377111
4988 12.2849227377111
4988 12.2849227377111
4988 42.9172869071312
4988 0
4988 0
4988 0.527058196006544
4988 0
4988 0
4988 14753.4123880652
4988 14753.4123880652
4988 0
4988 0
4988 0
4988 108.555827384865
4988 108.555827384865
4988 108.555827384865
4988 0.25575484320619
4981 0
4981 3.55454197853306
4981 3.55454197853306
4981 3.55454197853306
4981 3.55454197853306
4981 0
4981 55.2143452637224
4981 55.2143452637224
4981 32.7841674990826
4981 32.7841674990826
4981 32.7841674990826
4981 0
4981 4.57138713888897
4981 14395.9730992737
4981 14395.9730992737
4981 14395.9730992737
4981 2.84875831473659
4981 5526.35078684475
4981 0
4981 8064.96863034976
4981 0
4981 0.219703890455968
4981 0
4981 0
4981 0
4981 0
4981 142.532265535544
4981 12.2849227377111
4981 12.2849227377111
4981 12.2849227377111
4981 42.9172869071312
4981 0
4981 0
4981 0.527058196006544
4981 0
4981 0
4981 14753.4123880652
4981 14753.4123880652
4981 0
4981 0
4981 0
4981 108.555827384865
4981 108.555827384865
4981 108.555827384865
4981 0.25575484320619
4980 0
4980 3.55454197853306
4980 3.55454197853306
4980 3.55454197853306
4980 3.55454197853306
4980 0
4980 55.2143452637224
4980 55.2143452637224
4980 32.7841674990826
4980 32.7841674990826
4980 32.7841674990826
4980 0
4980 4.57138713888897
4980 14395.9730992737
4980 14395.9730992737
4980 14395.9730992737
4980 2.84875831473659
4980 5526.35078684475
4980 0
4980 8064.96863034976
4980 0
4980 0.219703890455968
4980 0
4980 0
4980 0
4980 0
4980 142.532265535544
4980 12.2849227377111
4980 12.2849227377111
4980 12.2849227377111
4980 42.9172869071312
4980 0
4980 0
4980 0.527058196006544
4980 0
4980 0
4980 14753.4123880652
4980 14753.4123880652
4980 0
4980 0
4980 0
4980 108.555827384865
4980 108.555827384865
4980 108.555827384865
4980 0.25575484320619
10944 0
10944 3.55454197853306
10944 3.55454197853306
10944 3.55454197853306
10944 3.55454197853306
10944 0
10944 55.2143452637224
10944 55.2143452637224
10944 32.7841674990826
10944 32.7841674990826
10944 32.7841674990826
10944 0
10944 4.57138713888897
10944 14395.9730992737
10944 14395.9730992737
10944 14395.9730992737
10944 2.84875831473659
10944 5526.35078684475
10944 0
10944 8064.96863034976
10944 0
10944 0.219703890455968
10944 0
10944 0
10944 0
10944 0
10944 142.532265535544
10944 12.2849227377111
10944 12.2849227377111
10944 12.2849227377111
10944 42.9172869071312
10944 0
10944 0
10944 0.527058196006544
10944 0
10944 0
10944 14753.4123880652
10944 14753.4123880652
10944 0
10944 0
10944 0
10944 108.555827384865
10944 108.555827384865
10944 108.555827384865
10944 0.25575484320619
5162 0
5162 3.55454197853306
5162 3.55454197853306
5162 3.55454197853306
5162 3.55454197853306
5162 0
5162 55.2143452637224
5162 55.2143452637224
5162 32.7841674990826
5162 32.7841674990826
5162 32.7841674990826
5162 0
5162 4.57138713888897
5162 14395.9730992737
5162 14395.9730992737
5162 14395.9730992737
5162 2.84875831473659
5162 5526.35078684475
5162 0
5162 8064.96863034976
5162 0
5162 0.219703890455968
5162 0
5162 0
5162 0
5162 0
5162 142.532265535544
5162 12.2849227377111
5162 12.2849227377111
5162 12.2849227377111
5162 42.9172869071312
5162 0
5162 0
5162 0.527058196006544
5162 0
5162 0
5162 14753.4123880652
5162 14753.4123880652
5162 0
5162 0
5162 0
5162 108.555827384865
5162 108.555827384865
5162 108.555827384865
5162 0.25575484320619
5430 0
5430 3.55454197853306
5430 3.55454197853306
5430 3.55454197853306
5430 3.55454197853306
5430 0
5430 55.2143452637224
5430 55.2143452637224
5430 32.7841674990826
5430 32.7841674990826
5430 32.7841674990826
5430 0
5430 4.57138713888897
5430 14395.9730992737
5430 14395.9730992737
5430 14395.9730992737
5430 2.84875831473659
5430 5526.35078684475
5430 0
5430 8064.96863034976
5430 0
5430 0.219703890455968
5430 0
5430 0
5430 0
5430 0
5430 142.532265535544
5430 12.2849227377111
5430 12.2849227377111
5430 12.2849227377111
5430 42.9172869071312
5430 0
5430 0
5430 0.527058196006544
5430 0
5430 0
5430 14753.4123880652
5430 14753.4123880652
5430 0
5430 0
5430 0
5430 108.555827384865
5430 108.555827384865
5430 108.555827384865
5430 0.25575484320619
5879 0
5879 3.55454197853306
5879 3.55454197853306
5879 3.55454197853306
5879 3.55454197853306
5879 0
5879 55.2143452637224
5879 55.2143452637224
5879 32.7841674990826
5879 32.7841674990826
5879 32.7841674990826
5879 0
5879 4.57138713888897
5879 14395.9730992737
5879 14395.9730992737
5879 14395.9730992737
5879 2.84875831473659
5879 5526.35078684475
5879 0
5879 8064.96863034976
5879 0
5879 0.219703890455968
5879 0
5879 0
5879 0
5879 0
5879 142.532265535544
5879 12.2849227377111
5879 12.2849227377111
5879 12.2849227377111
5879 42.9172869071312
5879 0
5879 0
5879 0.527058196006544
5879 0
5879 0
5879 14753.4123880652
5879 14753.4123880652
5879 0
5879 0
5879 0
5879 108.555827384865
5879 108.555827384865
5879 108.555827384865
5879 0.25575484320619
