pt_graph scale
42 0.859701492537313
42 0.859701492537313
42 0.859701492537313
42 0.859701492537313
42 75.9944770169189
42 0.30585533869116
42 0.30585533869116
42 0.413318025258324
42 0.413318025258324
42 0
42 0
42 0
42 0
42 0
42 0
42 0.00597014925373134
42 0
42 0
42 0
42 0
42 0
42 0
42 0
42 0.0180252583237658
42 0.0180252583237658
42 0.0180252583237658
42 0
42 0
42 0
42 0
42 0.00597014925373134
42 0.00597014925373134
42 0
42 0
42 0
42 0.0500574052812859
42 0
42 0
42 0
48 0.859701492537313
48 0.859701492537313
48 0.859701492537313
48 0.859701492537313
48 75.9944770169189
48 0.30585533869116
48 0.30585533869116
48 0.413318025258324
48 0.413318025258324
48 0
48 0
48 0
48 0
48 0
48 0
48 0.00597014925373134
48 0
48 0
48 0
48 0
48 0
48 0
48 0
48 0.0180252583237658
48 0.0180252583237658
48 0.0180252583237658
48 0
48 0
48 0
48 0
48 0.00597014925373134
48 0.00597014925373134
48 0
48 0
48 0
48 0.0500574052812859
48 0
48 0
48 0
54 0.859701492537313
54 0.859701492537313
54 0.859701492537313
54 0.859701492537313
54 75.9944770169189
54 0.30585533869116
54 0.30585533869116
54 0.413318025258324
54 0.413318025258324
54 0
54 0
54 0
54 0
54 0
54 0
54 0.00597014925373134
54 0
54 0
54 0
54 0
54 0
54 0
54 0
54 0.0180252583237658
54 0.0180252583237658
54 0.0180252583237658
54 0
54 0
54 0
54 0
54 0.00597014925373134
54 0.00597014925373134
54 0
54 0
54 0
54 0.0500574052812859
54 0
54 0
54 0
55 0.859701492537313
55 0.859701492537313
55 0.859701492537313
55 0.859701492537313
55 75.9944770169189
55 0.30585533869116
55 0.30585533869116
55 0.413318025258324
55 0.413318025258324
55 0
55 0
55 0
55 0
55 0
55 0
55 0.00597014925373134
55 0
55 0
55 0
55 0
55 0
55 0
55 0
55 0.0180252583237658
55 0.0180252583237658
55 0.0180252583237658
55 0
55 0
55 0
55 0
55 0.00597014925373134
55 0.00597014925373134
55 0
55 0
55 0
55 0.0500574052812859
55 0
55 0
55 0
56 0.859701492537313
56 0.859701492537313
56 0.859701492537313
56 0.859701492537313
56 75.9944770169189
56 0.30585533869116
56 0.30585533869116
56 0.413318025258324
56 0.413318025258324
56 0
56 0
56 0
56 0
56 0
56 0
56 0.00597014925373134
56 0
56 0
56 0
56 0
56 0
56 0
56 0
56 0.0180252583237658
56 0.0180252583237658
56 0.0180252583237658
56 0
56 0
56 0
56 0
56 0.00597014925373134
56 0.00597014925373134
56 0
56 0
56 0
56 0.0500574052812859
56 0
56 0
56 0
57 0.859701492537313
57 0.859701492537313
57 0.859701492537313
57 0.859701492537313
57 75.9944770169189
57 0.30585533869116
57 0.30585533869116
57 0.413318025258324
57 0.413318025258324
57 0
57 0
57 0
57 0
57 0
57 0
57 0.00597014925373134
57 0
57 0
57 0
57 0
57 0
57 0
57 0
57 0.0180252583237658
57 0.0180252583237658
57 0.0180252583237658
57 0
57 0
57 0
57 0
57 0.00597014925373134
57 0.00597014925373134
57 0
57 0
57 0
57 0.0500574052812859
57 0
57 0
57 0
67 0.859701492537313
67 0.859701492537313
67 0.859701492537313
67 0.859701492537313
67 75.9944770169189
67 0.30585533869116
67 0.30585533869116
67 0.413318025258324
67 0.413318025258324
67 0
67 0
67 0
67 0
67 0
67 0
67 0.00597014925373134
67 0
67 0
67 0
67 0
67 0
67 0
67 0
67 0.0180252583237658
67 0.0180252583237658
67 0.0180252583237658
67 0
67 0
67 0
67 0
67 0.00597014925373134
67 0.00597014925373134
67 0
67 0
67 0
67 0.0500574052812859
67 0
67 0
67 0
74 0.859701492537313
74 0.859701492537313
74 0.859701492537313
74 0.859701492537313
74 75.9944770169189
74 0.30585533869116
74 0.30585533869116
74 0.413318025258324
74 0.413318025258324
74 0
74 0
74 0
74 0
74 0
74 0
74 0.00597014925373134
74 0
74 0
74 0
74 0
74 0
74 0
74 0
74 0.0180252583237658
74 0.0180252583237658
74 0.0180252583237658
74 0
74 0
74 0
74 0
74 0.00597014925373134
74 0.00597014925373134
74 0
74 0
74 0
74 0.0500574052812859
74 0
74 0
74 0
75 0.859701492537313
75 0.859701492537313
75 0.859701492537313
75 0.859701492537313
75 75.9944770169189
75 0.30585533869116
75 0.30585533869116
75 0.413318025258324
75 0.413318025258324
75 0
75 0
75 0
75 0
75 0
75 0
75 0.00597014925373134
75 0
75 0
75 0
75 0
75 0
75 0
75 0
75 0.0180252583237658
75 0.0180252583237658
75 0.0180252583237658
75 0
75 0
75 0
75 0
75 0.00597014925373134
75 0.00597014925373134
75 0
75 0
75 0
75 0.0500574052812859
75 0
75 0
75 0
76 0.859701492537313
76 0.859701492537313
76 0.859701492537313
76 0.859701492537313
76 75.9944770169189
76 0.30585533869116
76 0.30585533869116
76 0.413318025258324
76 0.413318025258324
76 0
76 0
76 0
76 0
76 0
76 0
76 0.00597014925373134
76 0
76 0
76 0
76 0
76 0
76 0
76 0
76 0.0180252583237658
76 0.0180252583237658
76 0.0180252583237658
76 0
76 0
76 0
76 0
76 0.00597014925373134
76 0.00597014925373134
76 0
76 0
76 0
76 0.0500574052812859
76 0
76 0
76 0
77 0.859701492537313
77 0.859701492537313
77 0.859701492537313
77 0.859701492537313
77 75.9944770169189
77 0.30585533869116
77 0.30585533869116
77 0.413318025258324
77 0.413318025258324
77 0
77 0
77 0
77 0
77 0
77 0
77 0.00597014925373134
77 0
77 0
77 0
77 0
77 0
77 0
77 0
77 0.0180252583237658
77 0.0180252583237658
77 0.0180252583237658
77 0
77 0
77 0
77 0
77 0.00597014925373134
77 0.00597014925373134
77 0
77 0
77 0
77 0.0500574052812859
77 0
77 0
77 0
89 0.859701492537313
89 0.859701492537313
89 0.859701492537313
89 0.859701492537313
89 75.9944770169189
89 0.30585533869116
89 0.30585533869116
89 0.413318025258324
89 0.413318025258324
89 0
89 0
89 0
89 0
89 0
89 0
89 0.00597014925373134
89 0
89 0
89 0
89 0
89 0
89 0
89 0
89 0.0180252583237658
89 0.0180252583237658
89 0.0180252583237658
89 0
89 0
89 0
89 0
89 0.00597014925373134
89 0.00597014925373134
89 0
89 0
89 0
89 0.0500574052812859
89 0
89 0
89 0
90 0.859701492537313
90 0.859701492537313
90 0.859701492537313
90 0.859701492537313
90 75.9944770169189
90 0.30585533869116
90 0.30585533869116
90 0.413318025258324
90 0.413318025258324
90 0
90 0
90 0
90 0
90 0
90 0
90 0.00597014925373134
90 0
90 0
90 0
90 0
90 0
90 0
90 0
90 0.0180252583237658
90 0.0180252583237658
90 0.0180252583237658
90 0
90 0
90 0
90 0
90 0.00597014925373134
90 0.00597014925373134
90 0
90 0
90 0
90 0.0500574052812859
90 0
90 0
90 0
98 0.859701492537313
98 0.859701492537313
98 0.859701492537313
98 0.859701492537313
98 75.9944770169189
98 0.30585533869116
98 0.30585533869116
98 0.413318025258324
98 0.413318025258324
98 0
98 0
98 0
98 0
98 0
98 0
98 0.00597014925373134
98 0
98 0
98 0
98 0
98 0
98 0
98 0
98 0.0180252583237658
98 0.0180252583237658
98 0.0180252583237658
98 0
98 0
98 0
98 0
98 0.00597014925373134
98 0.00597014925373134
98 0
98 0
98 0
98 0.0500574052812859
98 0
98 0
98 0
99 0.859701492537313
99 0.859701492537313
99 0.859701492537313
99 0.859701492537313
99 75.9944770169189
99 0.30585533869116
99 0.30585533869116
99 0.413318025258324
99 0.413318025258324
99 0
99 0
99 0
99 0
99 0
99 0
99 0.00597014925373134
99 0
99 0
99 0
99 0
99 0
99 0
99 0
99 0.0180252583237658
99 0.0180252583237658
99 0.0180252583237658
99 0
99 0
99 0
99 0
99 0.00597014925373134
99 0.00597014925373134
99 0
99 0
99 0
99 0.0500574052812859
99 0
99 0
99 0
100 0.859701492537313
100 0.859701492537313
100 0.859701492537313
100 0.859701492537313
100 75.9944770169189
100 0.30585533869116
100 0.30585533869116
100 0.413318025258324
100 0.413318025258324
100 0
100 0
100 0
100 0
100 0
100 0
100 0.00597014925373134
100 0
100 0
100 0
100 0
100 0
100 0
100 0
100 0.0180252583237658
100 0.0180252583237658
100 0.0180252583237658
100 0
100 0
100 0
100 0
100 0.00597014925373134
100 0.00597014925373134
100 0
100 0
100 0
100 0.0500574052812859
100 0
100 0
100 0
110 0.859701492537313
110 0.859701492537313
110 0.859701492537313
110 0.859701492537313
110 75.9944770169189
110 0.30585533869116
110 0.30585533869116
110 0.413318025258324
110 0.413318025258324
110 0
110 0
110 0
110 0
110 0
110 0
110 0.00597014925373134
110 0
110 0
110 0
110 0
110 0
110 0
110 0
110 0.0180252583237658
110 0.0180252583237658
110 0.0180252583237658
110 0
110 0
110 0
110 0
110 0.00597014925373134
110 0.00597014925373134
110 0
110 0
110 0
110 0.0500574052812859
110 0
110 0
110 0
112 0.859701492537313
112 0.859701492537313
112 0.859701492537313
112 0.859701492537313
112 75.9944770169189
112 0.30585533869116
112 0.30585533869116
112 0.413318025258324
112 0.413318025258324
112 0
112 0
112 0
112 0
112 0
112 0
112 0.00597014925373134
112 0
112 0
112 0
112 0
112 0
112 0
112 0
112 0.0180252583237658
112 0.0180252583237658
112 0.0180252583237658
112 0
112 0
112 0
112 0
112 0.00597014925373134
112 0.00597014925373134
112 0
112 0
112 0
112 0.0500574052812859
112 0
112 0
112 0
113 0.859701492537313
113 0.859701492537313
113 0.859701492537313
113 0.859701492537313
113 75.9944770169189
113 0.30585533869116
113 0.30585533869116
113 0.413318025258324
113 0.413318025258324
113 0
113 0
113 0
113 0
113 0
113 0
113 0.00597014925373134
113 0
113 0
113 0
113 0
113 0
113 0
113 0
113 0.0180252583237658
113 0.0180252583237658
113 0.0180252583237658
113 0
113 0
113 0
113 0
113 0.00597014925373134
113 0.00597014925373134
113 0
113 0
113 0
113 0.0500574052812859
113 0
113 0
113 0
115 0.859701492537313
115 0.859701492537313
115 0.859701492537313
115 0.859701492537313
115 75.9944770169189
115 0.30585533869116
115 0.30585533869116
115 0.413318025258324
115 0.413318025258324
115 0
115 0
115 0
115 0
115 0
115 0
115 0.00597014925373134
115 0
115 0
115 0
115 0
115 0
115 0
115 0
115 0.0180252583237658
115 0.0180252583237658
115 0.0180252583237658
115 0
115 0
115 0
115 0
115 0.00597014925373134
115 0.00597014925373134
115 0
115 0
115 0
115 0.0500574052812859
115 0
115 0
115 0
119 0.859701492537313
119 0.859701492537313
119 0.859701492537313
119 0.859701492537313
119 75.9944770169189
119 0.30585533869116
119 0.30585533869116
119 0.413318025258324
119 0.413318025258324
119 0
119 0
119 0
119 0
119 0
119 0
119 0.00597014925373134
119 0
119 0
119 0
119 0
119 0
119 0
119 0
119 0.0180252583237658
119 0.0180252583237658
119 0.0180252583237658
119 0
119 0
119 0
119 0
119 0.00597014925373134
119 0.00597014925373134
119 0
119 0
119 0
119 0.0500574052812859
119 0
119 0
119 0
120 0.859701492537313
120 0.859701492537313
120 0.859701492537313
120 0.859701492537313
120 75.9944770169189
120 0.30585533869116
120 0.30585533869116
120 0.413318025258324
120 0.413318025258324
120 0
120 0
120 0
120 0
120 0
120 0
120 0.00597014925373134
120 0
120 0
120 0
120 0
120 0
120 0
120 0
120 0.0180252583237658
120 0.0180252583237658
120 0.0180252583237658
120 0
120 0
120 0
120 0
120 0.00597014925373134
120 0.00597014925373134
120 0
120 0
120 0
120 0.0500574052812859
120 0
120 0
120 0
122 0.859701492537313
122 0.859701492537313
122 0.859701492537313
122 0.859701492537313
122 75.9944770169189
122 0.30585533869116
122 0.30585533869116
122 0.413318025258324
122 0.413318025258324
122 0
122 0
122 0
122 0
122 0
122 0
122 0.00597014925373134
122 0
122 0
122 0
122 0
122 0
122 0
122 0
122 0.0180252583237658
122 0.0180252583237658
122 0.0180252583237658
122 0
122 0
122 0
122 0
122 0.00597014925373134
122 0.00597014925373134
122 0
122 0
122 0
122 0.0500574052812859
122 0
122 0
122 0
123 0.859701492537313
123 0.859701492537313
123 0.859701492537313
123 0.859701492537313
123 75.9944770169189
123 0.30585533869116
123 0.30585533869116
123 0.413318025258324
123 0.413318025258324
123 0
123 0
123 0
123 0
123 0
123 0
123 0.00597014925373134
123 0
123 0
123 0
123 0
123 0
123 0
123 0
123 0.0180252583237658
123 0.0180252583237658
123 0.0180252583237658
123 0
123 0
123 0
123 0
123 0.00597014925373134
123 0.00597014925373134
123 0
123 0
123 0
123 0.0500574052812859
123 0
123 0
123 0
132 0.859701492537313
132 0.859701492537313
132 0.859701492537313
132 0.859701492537313
132 75.9944770169189
132 0.30585533869116
132 0.30585533869116
132 0.413318025258324
132 0.413318025258324
132 0
132 0
132 0
132 0
132 0
132 0
132 0.00597014925373134
132 0
132 0
132 0
132 0
132 0
132 0
132 0
132 0.0180252583237658
132 0.0180252583237658
132 0.0180252583237658
132 0
132 0
132 0
132 0
132 0.00597014925373134
132 0.00597014925373134
132 0
132 0
132 0
132 0.0500574052812859
132 0
132 0
132 0
136 0.859701492537313
136 0.859701492537313
136 0.859701492537313
136 0.859701492537313
136 75.9944770169189
136 0.30585533869116
136 0.30585533869116
136 0.413318025258324
136 0.413318025258324
136 0
136 0
136 0
136 0
136 0
136 0
136 0.00597014925373134
136 0
136 0
136 0
136 0
136 0
136 0
136 0
136 0.0180252583237658
136 0.0180252583237658
136 0.0180252583237658
136 0
136 0
136 0
136 0
136 0.00597014925373134
136 0.00597014925373134
136 0
136 0
136 0
136 0.0500574052812859
136 0
136 0
136 0
144 0.859701492537313
144 0.859701492537313
144 0.859701492537313
144 0.859701492537313
144 75.9944770169189
144 0.30585533869116
144 0.30585533869116
144 0.413318025258324
144 0.413318025258324
144 0
144 0
144 0
144 0
144 0
144 0
144 0.00597014925373134
144 0
144 0
144 0
144 0
144 0
144 0
144 0
144 0.0180252583237658
144 0.0180252583237658
144 0.0180252583237658
144 0
144 0
144 0
144 0
144 0.00597014925373134
144 0.00597014925373134
144 0
144 0
144 0
144 0.0500574052812859
144 0
144 0
144 0
154 0.859701492537313
154 0.859701492537313
154 0.859701492537313
154 0.859701492537313
154 75.9944770169189
154 0.30585533869116
154 0.30585533869116
154 0.413318025258324
154 0.413318025258324
154 0
154 0
154 0
154 0
154 0
154 0
154 0.00597014925373134
154 0
154 0
154 0
154 0
154 0
154 0
154 0
154 0.0180252583237658
154 0.0180252583237658
154 0.0180252583237658
154 0
154 0
154 0
154 0
154 0.00597014925373134
154 0.00597014925373134
154 0
154 0
154 0
154 0.0500574052812859
154 0
154 0
154 0
180 0.859701492537313
180 0.859701492537313
180 0.859701492537313
180 0.859701492537313
180 75.9944770169189
180 0.30585533869116
180 0.30585533869116
180 0.413318025258324
180 0.413318025258324
180 0
180 0
180 0
180 0
180 0
180 0
180 0.00597014925373134
180 0
180 0
180 0
180 0
180 0
180 0
180 0
180 0.0180252583237658
180 0.0180252583237658
180 0.0180252583237658
180 0
180 0
180 0
180 0
180 0.00597014925373134
180 0.00597014925373134
180 0
180 0
180 0
180 0.0500574052812859
180 0
180 0
180 0
182 0.859701492537313
182 0.859701492537313
182 0.859701492537313
182 0.859701492537313
182 75.9944770169189
182 0.30585533869116
182 0.30585533869116
182 0.413318025258324
182 0.413318025258324
182 0
182 0
182 0
182 0
182 0
182 0
182 0.00597014925373134
182 0
182 0
182 0
182 0
182 0
182 0
182 0
182 0.0180252583237658
182 0.0180252583237658
182 0.0180252583237658
182 0
182 0
182 0
182 0
182 0.00597014925373134
182 0.00597014925373134
182 0
182 0
182 0
182 0.0500574052812859
182 0
182 0
182 0
10830 0.859701492537313
10830 0.859701492537313
10830 0.859701492537313
10830 0.859701492537313
10830 75.9944770169189
10830 0.30585533869116
10830 0.30585533869116
10830 0.413318025258324
10830 0.413318025258324
10830 0
10830 0
10830 0
10830 0
10830 0
10830 0
10830 0.00597014925373134
10830 0
10830 0
10830 0
10830 0
10830 0
10830 0
10830 0
10830 0.0180252583237658
10830 0.0180252583237658
10830 0.0180252583237658
10830 0
10830 0
10830 0
10830 0
10830 0.00597014925373134
10830 0.00597014925373134
10830 0
10830 0
10830 0
10830 0.0500574052812859
10830 0
10830 0
10830 0
200 0.859701492537313
200 0.859701492537313
200 0.859701492537313
200 0.859701492537313
200 75.9944770169189
200 0.30585533869116
200 0.30585533869116
200 0.413318025258324
200 0.413318025258324
200 0
200 0
200 0
200 0
200 0
200 0
200 0.00597014925373134
200 0
200 0
200 0
200 0
200 0
200 0
200 0
200 0.0180252583237658
200 0.0180252583237658
200 0.0180252583237658
200 0
200 0
200 0
200 0
200 0.00597014925373134
200 0.00597014925373134
200 0
200 0
200 0
200 0.0500574052812859
200 0
200 0
200 0
202 0.859701492537313
202 0.859701492537313
202 0.859701492537313
202 0.859701492537313
202 75.9944770169189
202 0.30585533869116
202 0.30585533869116
202 0.413318025258324
202 0.413318025258324
202 0
202 0
202 0
202 0
202 0
202 0
202 0.00597014925373134
202 0
202 0
202 0
202 0
202 0
202 0
202 0
202 0.0180252583237658
202 0.0180252583237658
202 0.0180252583237658
202 0
202 0
202 0
202 0
202 0.00597014925373134
202 0.00597014925373134
202 0
202 0
202 0
202 0.0500574052812859
202 0
202 0
202 0
203 0.859701492537313
203 0.859701492537313
203 0.859701492537313
203 0.859701492537313
203 75.9944770169189
203 0.30585533869116
203 0.30585533869116
203 0.413318025258324
203 0.413318025258324
203 0
203 0
203 0
203 0
203 0
203 0
203 0.00597014925373134
203 0
203 0
203 0
203 0
203 0
203 0
203 0
203 0.0180252583237658
203 0.0180252583237658
203 0.0180252583237658
203 0
203 0
203 0
203 0
203 0.00597014925373134
203 0.00597014925373134
203 0
203 0
203 0
203 0.0500574052812859
203 0
203 0
203 0
208 0.859701492537313
208 0.859701492537313
208 0.859701492537313
208 0.859701492537313
208 75.9944770169189
208 0.30585533869116
208 0.30585533869116
208 0.413318025258324
208 0.413318025258324
208 0
208 0
208 0
208 0
208 0
208 0
208 0.00597014925373134
208 0
208 0
208 0
208 0
208 0
208 0
208 0
208 0.0180252583237658
208 0.0180252583237658
208 0.0180252583237658
208 0
208 0
208 0
208 0
208 0.00597014925373134
208 0.00597014925373134
208 0
208 0
208 0
208 0.0500574052812859
208 0
208 0
208 0
209 0.859701492537313
209 0.859701492537313
209 0.859701492537313
209 0.859701492537313
209 75.9944770169189
209 0.30585533869116
209 0.30585533869116
209 0.413318025258324
209 0.413318025258324
209 0
209 0
209 0
209 0
209 0
209 0
209 0.00597014925373134
209 0
209 0
209 0
209 0
209 0
209 0
209 0
209 0.0180252583237658
209 0.0180252583237658
209 0.0180252583237658
209 0
209 0
209 0
209 0
209 0.00597014925373134
209 0.00597014925373134
209 0
209 0
209 0
209 0.0500574052812859
209 0
209 0
209 0
218 0.859701492537313
218 0.859701492537313
218 0.859701492537313
218 0.859701492537313
218 75.9944770169189
218 0.30585533869116
218 0.30585533869116
218 0.413318025258324
218 0.413318025258324
218 0
218 0
218 0
218 0
218 0
218 0
218 0.00597014925373134
218 0
218 0
218 0
218 0
218 0
218 0
218 0
218 0.0180252583237658
218 0.0180252583237658
218 0.0180252583237658
218 0
218 0
218 0
218 0
218 0.00597014925373134
218 0.00597014925373134
218 0
218 0
218 0
218 0.0500574052812859
218 0
218 0
218 0
238 0.859701492537313
238 0.859701492537313
238 0.859701492537313
238 0.859701492537313
238 75.9944770169189
238 0.30585533869116
238 0.30585533869116
238 0.413318025258324
238 0.413318025258324
238 0
238 0
238 0
238 0
238 0
238 0
238 0.00597014925373134
238 0
238 0
238 0
238 0
238 0
238 0
238 0
238 0.0180252583237658
238 0.0180252583237658
238 0.0180252583237658
238 0
238 0
238 0
238 0
238 0.00597014925373134
238 0.00597014925373134
238 0
238 0
238 0
238 0.0500574052812859
238 0
238 0
238 0
242 0.859701492537313
242 0.859701492537313
242 0.859701492537313
242 0.859701492537313
242 75.9944770169189
242 0.30585533869116
242 0.30585533869116
242 0.413318025258324
242 0.413318025258324
242 0
242 0
242 0
242 0
242 0
242 0
242 0.00597014925373134
242 0
242 0
242 0
242 0
242 0
242 0
242 0
242 0.0180252583237658
242 0.0180252583237658
242 0.0180252583237658
242 0
242 0
242 0
242 0
242 0.00597014925373134
242 0.00597014925373134
242 0
242 0
242 0
242 0.0500574052812859
242 0
242 0
242 0
261 0.859701492537313
261 0.859701492537313
261 0.859701492537313
261 0.859701492537313
261 75.9944770169189
261 0.30585533869116
261 0.30585533869116
261 0.413318025258324
261 0.413318025258324
261 0
261 0
261 0
261 0
261 0
261 0
261 0.00597014925373134
261 0
261 0
261 0
261 0
261 0
261 0
261 0
261 0.0180252583237658
261 0.0180252583237658
261 0.0180252583237658
261 0
261 0
261 0
261 0
261 0.00597014925373134
261 0.00597014925373134
261 0
261 0
261 0
261 0.0500574052812859
261 0
261 0
261 0
10490 0.859701492537313
10490 0.859701492537313
10490 0.859701492537313
10490 0.859701492537313
10490 75.9944770169189
10490 0.30585533869116
10490 0.30585533869116
10490 0.413318025258324
10490 0.413318025258324
10490 0
10490 0
10490 0
10490 0
10490 0
10490 0
10490 0.00597014925373134
10490 0
10490 0
10490 0
10490 0
10490 0
10490 0
10490 0
10490 0.0180252583237658
10490 0.0180252583237658
10490 0.0180252583237658
10490 0
10490 0
10490 0
10490 0
10490 0.00597014925373134
10490 0.00597014925373134
10490 0
10490 0
10490 0
10490 0.0500574052812859
10490 0
10490 0
10490 0
288 0.859701492537313
288 0.859701492537313
288 0.859701492537313
288 0.859701492537313
288 75.9944770169189
288 0.30585533869116
288 0.30585533869116
288 0.413318025258324
288 0.413318025258324
288 0
288 0
288 0
288 0
288 0
288 0
288 0.00597014925373134
288 0
288 0
288 0
288 0
288 0
288 0
288 0
288 0.0180252583237658
288 0.0180252583237658
288 0.0180252583237658
288 0
288 0
288 0
288 0
288 0.00597014925373134
288 0.00597014925373134
288 0
288 0
288 0
288 0.0500574052812859
288 0
288 0
288 0
306 0.859701492537313
306 0.859701492537313
306 0.859701492537313
306 0.859701492537313
306 75.9944770169189
306 0.30585533869116
306 0.30585533869116
306 0.413318025258324
306 0.413318025258324
306 0
306 0
306 0
306 0
306 0
306 0
306 0.00597014925373134
306 0
306 0
306 0
306 0
306 0
306 0
306 0
306 0.0180252583237658
306 0.0180252583237658
306 0.0180252583237658
306 0
306 0
306 0
306 0
306 0.00597014925373134
306 0.00597014925373134
306 0
306 0
306 0
306 0.0500574052812859
306 0
306 0
306 0
314 0.859701492537313
314 0.859701492537313
314 0.859701492537313
314 0.859701492537313
314 75.9944770169189
314 0.30585533869116
314 0.30585533869116
314 0.413318025258324
314 0.413318025258324
314 0
314 0
314 0
314 0
314 0
314 0
314 0.00597014925373134
314 0
314 0
314 0
314 0
314 0
314 0
314 0
314 0.0180252583237658
314 0.0180252583237658
314 0.0180252583237658
314 0
314 0
314 0
314 0
314 0.00597014925373134
314 0.00597014925373134
314 0
314 0
314 0
314 0.0500574052812859
314 0
314 0
314 0
323 0.859701492537313
323 0.859701492537313
323 0.859701492537313
323 0.859701492537313
323 75.9944770169189
323 0.30585533869116
323 0.30585533869116
323 0.413318025258324
323 0.413318025258324
323 0
323 0
323 0
323 0
323 0
323 0
323 0.00597014925373134
323 0
323 0
323 0
323 0
323 0
323 0
323 0
323 0.0180252583237658
323 0.0180252583237658
323 0.0180252583237658
323 0
323 0
323 0
323 0
323 0.00597014925373134
323 0.00597014925373134
323 0
323 0
323 0
323 0.0500574052812859
323 0
323 0
323 0
324 0.859701492537313
324 0.859701492537313
324 0.859701492537313
324 0.859701492537313
324 75.9944770169189
324 0.30585533869116
324 0.30585533869116
324 0.413318025258324
324 0.413318025258324
324 0
324 0
324 0
324 0
324 0
324 0
324 0.00597014925373134
324 0
324 0
324 0
324 0
324 0
324 0
324 0
324 0.0180252583237658
324 0.0180252583237658
324 0.0180252583237658
324 0
324 0
324 0
324 0
324 0.00597014925373134
324 0.00597014925373134
324 0
324 0
324 0
324 0.0500574052812859
324 0
324 0
324 0
331 0.859701492537313
331 0.859701492537313
331 0.859701492537313
331 0.859701492537313
331 75.9944770169189
331 0.30585533869116
331 0.30585533869116
331 0.413318025258324
331 0.413318025258324
331 0
331 0
331 0
331 0
331 0
331 0
331 0.00597014925373134
331 0
331 0
331 0
331 0
331 0
331 0
331 0
331 0.0180252583237658
331 0.0180252583237658
331 0.0180252583237658
331 0
331 0
331 0
331 0
331 0.00597014925373134
331 0.00597014925373134
331 0
331 0
331 0
331 0.0500574052812859
331 0
331 0
331 0
349 0.859701492537313
349 0.859701492537313
349 0.859701492537313
349 0.859701492537313
349 75.9944770169189
349 0.30585533869116
349 0.30585533869116
349 0.413318025258324
349 0.413318025258324
349 0
349 0
349 0
349 0
349 0
349 0
349 0.00597014925373134
349 0
349 0
349 0
349 0
349 0
349 0
349 0
349 0.0180252583237658
349 0.0180252583237658
349 0.0180252583237658
349 0
349 0
349 0
349 0
349 0.00597014925373134
349 0.00597014925373134
349 0
349 0
349 0
349 0.0500574052812859
349 0
349 0
349 0
351 0.859701492537313
351 0.859701492537313
351 0.859701492537313
351 0.859701492537313
351 75.9944770169189
351 0.30585533869116
351 0.30585533869116
351 0.413318025258324
351 0.413318025258324
351 0
351 0
351 0
351 0
351 0
351 0
351 0.00597014925373134
351 0
351 0
351 0
351 0
351 0
351 0
351 0
351 0.0180252583237658
351 0.0180252583237658
351 0.0180252583237658
351 0
351 0
351 0
351 0
351 0.00597014925373134
351 0.00597014925373134
351 0
351 0
351 0
351 0.0500574052812859
351 0
351 0
351 0
357 0.859701492537313
357 0.859701492537313
357 0.859701492537313
357 0.859701492537313
357 75.9944770169189
357 0.30585533869116
357 0.30585533869116
357 0.413318025258324
357 0.413318025258324
357 0
357 0
357 0
357 0
357 0
357 0
357 0.00597014925373134
357 0
357 0
357 0
357 0
357 0
357 0
357 0
357 0.0180252583237658
357 0.0180252583237658
357 0.0180252583237658
357 0
357 0
357 0
357 0
357 0.00597014925373134
357 0.00597014925373134
357 0
357 0
357 0
357 0.0500574052812859
357 0
357 0
357 0
380 0.859701492537313
380 0.859701492537313
380 0.859701492537313
380 0.859701492537313
380 75.9944770169189
380 0.30585533869116
380 0.30585533869116
380 0.413318025258324
380 0.413318025258324
380 0
380 0
380 0
380 0
380 0
380 0
380 0.00597014925373134
380 0
380 0
380 0
380 0
380 0
380 0
380 0
380 0.0180252583237658
380 0.0180252583237658
380 0.0180252583237658
380 0
380 0
380 0
380 0
380 0.00597014925373134
380 0.00597014925373134
380 0
380 0
380 0
380 0.0500574052812859
380 0
380 0
380 0
387 0.859701492537313
387 0.859701492537313
387 0.859701492537313
387 0.859701492537313
387 75.9944770169189
387 0.30585533869116
387 0.30585533869116
387 0.413318025258324
387 0.413318025258324
387 0
387 0
387 0
387 0
387 0
387 0
387 0.00597014925373134
387 0
387 0
387 0
387 0
387 0
387 0
387 0
387 0.0180252583237658
387 0.0180252583237658
387 0.0180252583237658
387 0
387 0
387 0
387 0
387 0.00597014925373134
387 0.00597014925373134
387 0
387 0
387 0
387 0.0500574052812859
387 0
387 0
387 0
392 0.859701492537313
392 0.859701492537313
392 0.859701492537313
392 0.859701492537313
392 75.9944770169189
392 0.30585533869116
392 0.30585533869116
392 0.413318025258324
392 0.413318025258324
392 0
392 0
392 0
392 0
392 0
392 0
392 0.00597014925373134
392 0
392 0
392 0
392 0
392 0
392 0
392 0
392 0.0180252583237658
392 0.0180252583237658
392 0.0180252583237658
392 0
392 0
392 0
392 0
392 0.00597014925373134
392 0.00597014925373134
392 0
392 0
392 0
392 0.0500574052812859
392 0
392 0
392 0
415 0.859701492537313
415 0.859701492537313
415 0.859701492537313
415 0.859701492537313
415 75.9944770169189
415 0.30585533869116
415 0.30585533869116
415 0.413318025258324
415 0.413318025258324
415 0
415 0
415 0
415 0
415 0
415 0
415 0.00597014925373134
415 0
415 0
415 0
415 0
415 0
415 0
415 0
415 0.0180252583237658
415 0.0180252583237658
415 0.0180252583237658
415 0
415 0
415 0
415 0
415 0.00597014925373134
415 0.00597014925373134
415 0
415 0
415 0
415 0.0500574052812859
415 0
415 0
415 0
436 0.859701492537313
436 0.859701492537313
436 0.859701492537313
436 0.859701492537313
436 75.9944770169189
436 0.30585533869116
436 0.30585533869116
436 0.413318025258324
436 0.413318025258324
436 0
436 0
436 0
436 0
436 0
436 0
436 0.00597014925373134
436 0
436 0
436 0
436 0
436 0
436 0
436 0
436 0.0180252583237658
436 0.0180252583237658
436 0.0180252583237658
436 0
436 0
436 0
436 0
436 0.00597014925373134
436 0.00597014925373134
436 0
436 0
436 0
436 0.0500574052812859
436 0
436 0
436 0
447 0.859701492537313
447 0.859701492537313
447 0.859701492537313
447 0.859701492537313
447 75.9944770169189
447 0.30585533869116
447 0.30585533869116
447 0.413318025258324
447 0.413318025258324
447 0
447 0
447 0
447 0
447 0
447 0
447 0.00597014925373134
447 0
447 0
447 0
447 0
447 0
447 0
447 0
447 0.0180252583237658
447 0.0180252583237658
447 0.0180252583237658
447 0
447 0
447 0
447 0
447 0.00597014925373134
447 0.00597014925373134
447 0
447 0
447 0
447 0.0500574052812859
447 0
447 0
447 0
448 0.859701492537313
448 0.859701492537313
448 0.859701492537313
448 0.859701492537313
448 75.9944770169189
448 0.30585533869116
448 0.30585533869116
448 0.413318025258324
448 0.413318025258324
448 0
448 0
448 0
448 0
448 0
448 0
448 0.00597014925373134
448 0
448 0
448 0
448 0
448 0
448 0
448 0
448 0.0180252583237658
448 0.0180252583237658
448 0.0180252583237658
448 0
448 0
448 0
448 0
448 0.00597014925373134
448 0.00597014925373134
448 0
448 0
448 0
448 0.0500574052812859
448 0
448 0
448 0
459 0.859701492537313
459 0.859701492537313
459 0.859701492537313
459 0.859701492537313
459 75.9944770169189
459 0.30585533869116
459 0.30585533869116
459 0.413318025258324
459 0.413318025258324
459 0
459 0
459 0
459 0
459 0
459 0
459 0.00597014925373134
459 0
459 0
459 0
459 0
459 0
459 0
459 0
459 0.0180252583237658
459 0.0180252583237658
459 0.0180252583237658
459 0
459 0
459 0
459 0
459 0.00597014925373134
459 0.00597014925373134
459 0
459 0
459 0
459 0.0500574052812859
459 0
459 0
459 0
484 0.859701492537313
484 0.859701492537313
484 0.859701492537313
484 0.859701492537313
484 75.9944770169189
484 0.30585533869116
484 0.30585533869116
484 0.413318025258324
484 0.413318025258324
484 0
484 0
484 0
484 0
484 0
484 0
484 0.00597014925373134
484 0
484 0
484 0
484 0
484 0
484 0
484 0
484 0.0180252583237658
484 0.0180252583237658
484 0.0180252583237658
484 0
484 0
484 0
484 0
484 0.00597014925373134
484 0.00597014925373134
484 0
484 0
484 0
484 0.0500574052812859
484 0
484 0
484 0
488 0.859701492537313
488 0.859701492537313
488 0.859701492537313
488 0.859701492537313
488 75.9944770169189
488 0.30585533869116
488 0.30585533869116
488 0.413318025258324
488 0.413318025258324
488 0
488 0
488 0
488 0
488 0
488 0
488 0.00597014925373134
488 0
488 0
488 0
488 0
488 0
488 0
488 0
488 0.0180252583237658
488 0.0180252583237658
488 0.0180252583237658
488 0
488 0
488 0
488 0
488 0.00597014925373134
488 0.00597014925373134
488 0
488 0
488 0
488 0.0500574052812859
488 0
488 0
488 0
493 0.859701492537313
493 0.859701492537313
493 0.859701492537313
493 0.859701492537313
493 75.9944770169189
493 0.30585533869116
493 0.30585533869116
493 0.413318025258324
493 0.413318025258324
493 0
493 0
493 0
493 0
493 0
493 0
493 0.00597014925373134
493 0
493 0
493 0
493 0
493 0
493 0
493 0
493 0.0180252583237658
493 0.0180252583237658
493 0.0180252583237658
493 0
493 0
493 0
493 0
493 0.00597014925373134
493 0.00597014925373134
493 0
493 0
493 0
493 0.0500574052812859
493 0
493 0
493 0
497 0.859701492537313
497 0.859701492537313
497 0.859701492537313
497 0.859701492537313
497 75.9944770169189
497 0.30585533869116
497 0.30585533869116
497 0.413318025258324
497 0.413318025258324
497 0
497 0
497 0
497 0
497 0
497 0
497 0.00597014925373134
497 0
497 0
497 0
497 0
497 0
497 0
497 0
497 0.0180252583237658
497 0.0180252583237658
497 0.0180252583237658
497 0
497 0
497 0
497 0
497 0.00597014925373134
497 0.00597014925373134
497 0
497 0
497 0
497 0.0500574052812859
497 0
497 0
497 0
508 0.859701492537313
508 0.859701492537313
508 0.859701492537313
508 0.859701492537313
508 75.9944770169189
508 0.30585533869116
508 0.30585533869116
508 0.413318025258324
508 0.413318025258324
508 0
508 0
508 0
508 0
508 0
508 0
508 0.00597014925373134
508 0
508 0
508 0
508 0
508 0
508 0
508 0
508 0.0180252583237658
508 0.0180252583237658
508 0.0180252583237658
508 0
508 0
508 0
508 0
508 0.00597014925373134
508 0.00597014925373134
508 0
508 0
508 0
508 0.0500574052812859
508 0
508 0
508 0
510 0.859701492537313
510 0.859701492537313
510 0.859701492537313
510 0.859701492537313
510 75.9944770169189
510 0.30585533869116
510 0.30585533869116
510 0.413318025258324
510 0.413318025258324
510 0
510 0
510 0
510 0
510 0
510 0
510 0.00597014925373134
510 0
510 0
510 0
510 0
510 0
510 0
510 0
510 0.0180252583237658
510 0.0180252583237658
510 0.0180252583237658
510 0
510 0
510 0
510 0
510 0.00597014925373134
510 0.00597014925373134
510 0
510 0
510 0
510 0.0500574052812859
510 0
510 0
510 0
515 0.859701492537313
515 0.859701492537313
515 0.859701492537313
515 0.859701492537313
515 75.9944770169189
515 0.30585533869116
515 0.30585533869116
515 0.413318025258324
515 0.413318025258324
515 0
515 0
515 0
515 0
515 0
515 0
515 0.00597014925373134
515 0
515 0
515 0
515 0
515 0
515 0
515 0
515 0.0180252583237658
515 0.0180252583237658
515 0.0180252583237658
515 0
515 0
515 0
515 0
515 0.00597014925373134
515 0.00597014925373134
515 0
515 0
515 0
515 0.0500574052812859
515 0
515 0
515 0
518 0.859701492537313
518 0.859701492537313
518 0.859701492537313
518 0.859701492537313
518 75.9944770169189
518 0.30585533869116
518 0.30585533869116
518 0.413318025258324
518 0.413318025258324
518 0
518 0
518 0
518 0
518 0
518 0
518 0.00597014925373134
518 0
518 0
518 0
518 0
518 0
518 0
518 0
518 0.0180252583237658
518 0.0180252583237658
518 0.0180252583237658
518 0
518 0
518 0
518 0
518 0.00597014925373134
518 0.00597014925373134
518 0
518 0
518 0
518 0.0500574052812859
518 0
518 0
518 0
526 0.859701492537313
526 0.859701492537313
526 0.859701492537313
526 0.859701492537313
526 75.9944770169189
526 0.30585533869116
526 0.30585533869116
526 0.413318025258324
526 0.413318025258324
526 0
526 0
526 0
526 0
526 0
526 0
526 0.00597014925373134
526 0
526 0
526 0
526 0
526 0
526 0
526 0
526 0.0180252583237658
526 0.0180252583237658
526 0.0180252583237658
526 0
526 0
526 0
526 0
526 0.00597014925373134
526 0.00597014925373134
526 0
526 0
526 0
526 0.0500574052812859
526 0
526 0
526 0
538 0.859701492537313
538 0.859701492537313
538 0.859701492537313
538 0.859701492537313
538 75.9944770169189
538 0.30585533869116
538 0.30585533869116
538 0.413318025258324
538 0.413318025258324
538 0
538 0
538 0
538 0
538 0
538 0
538 0.00597014925373134
538 0
538 0
538 0
538 0
538 0
538 0
538 0
538 0.0180252583237658
538 0.0180252583237658
538 0.0180252583237658
538 0
538 0
538 0
538 0
538 0.00597014925373134
538 0.00597014925373134
538 0
538 0
538 0
538 0.0500574052812859
538 0
538 0
538 0
567 0.859701492537313
567 0.859701492537313
567 0.859701492537313
567 0.859701492537313
567 75.9944770169189
567 0.30585533869116
567 0.30585533869116
567 0.413318025258324
567 0.413318025258324
567 0
567 0
567 0
567 0
567 0
567 0
567 0.00597014925373134
567 0
567 0
567 0
567 0
567 0
567 0
567 0
567 0.0180252583237658
567 0.0180252583237658
567 0.0180252583237658
567 0
567 0
567 0
567 0
567 0.00597014925373134
567 0.00597014925373134
567 0
567 0
567 0
567 0.0500574052812859
567 0
567 0
567 0
585 0.859701492537313
585 0.859701492537313
585 0.859701492537313
585 0.859701492537313
585 75.9944770169189
585 0.30585533869116
585 0.30585533869116
585 0.413318025258324
585 0.413318025258324
585 0
585 0
585 0
585 0
585 0
585 0
585 0.00597014925373134
585 0
585 0
585 0
585 0
585 0
585 0
585 0
585 0.0180252583237658
585 0.0180252583237658
585 0.0180252583237658
585 0
585 0
585 0
585 0
585 0.00597014925373134
585 0.00597014925373134
585 0
585 0
585 0
585 0.0500574052812859
585 0
585 0
585 0
582 0.859701492537313
582 0.859701492537313
582 0.859701492537313
582 0.859701492537313
582 75.9944770169189
582 0.30585533869116
582 0.30585533869116
582 0.413318025258324
582 0.413318025258324
582 0
582 0
582 0
582 0
582 0
582 0
582 0.00597014925373134
582 0
582 0
582 0
582 0
582 0
582 0
582 0
582 0.0180252583237658
582 0.0180252583237658
582 0.0180252583237658
582 0
582 0
582 0
582 0
582 0.00597014925373134
582 0.00597014925373134
582 0
582 0
582 0
582 0.0500574052812859
582 0
582 0
582 0
622 0.859701492537313
622 0.859701492537313
622 0.859701492537313
622 0.859701492537313
622 75.9944770169189
622 0.30585533869116
622 0.30585533869116
622 0.413318025258324
622 0.413318025258324
622 0
622 0
622 0
622 0
622 0
622 0
622 0.00597014925373134
622 0
622 0
622 0
622 0
622 0
622 0
622 0
622 0.0180252583237658
622 0.0180252583237658
622 0.0180252583237658
622 0
622 0
622 0
622 0
622 0.00597014925373134
622 0.00597014925373134
622 0
622 0
622 0
622 0.0500574052812859
622 0
622 0
622 0
620 0.859701492537313
620 0.859701492537313
620 0.859701492537313
620 0.859701492537313
620 75.9944770169189
620 0.30585533869116
620 0.30585533869116
620 0.413318025258324
620 0.413318025258324
620 0
620 0
620 0
620 0
620 0
620 0
620 0.00597014925373134
620 0
620 0
620 0
620 0
620 0
620 0
620 0
620 0.0180252583237658
620 0.0180252583237658
620 0.0180252583237658
620 0
620 0
620 0
620 0
620 0.00597014925373134
620 0.00597014925373134
620 0
620 0
620 0
620 0.0500574052812859
620 0
620 0
620 0
617 0.859701492537313
617 0.859701492537313
617 0.859701492537313
617 0.859701492537313
617 75.9944770169189
617 0.30585533869116
617 0.30585533869116
617 0.413318025258324
617 0.413318025258324
617 0
617 0
617 0
617 0
617 0
617 0
617 0.00597014925373134
617 0
617 0
617 0
617 0
617 0
617 0
617 0
617 0.0180252583237658
617 0.0180252583237658
617 0.0180252583237658
617 0
617 0
617 0
617 0
617 0.00597014925373134
617 0.00597014925373134
617 0
617 0
617 0
617 0.0500574052812859
617 0
617 0
617 0
619 0.859701492537313
619 0.859701492537313
619 0.859701492537313
619 0.859701492537313
619 75.9944770169189
619 0.30585533869116
619 0.30585533869116
619 0.413318025258324
619 0.413318025258324
619 0
619 0
619 0
619 0
619 0
619 0
619 0.00597014925373134
619 0
619 0
619 0
619 0
619 0
619 0
619 0
619 0.0180252583237658
619 0.0180252583237658
619 0.0180252583237658
619 0
619 0
619 0
619 0
619 0.00597014925373134
619 0.00597014925373134
619 0
619 0
619 0
619 0.0500574052812859
619 0
619 0
619 0
10488 0.859701492537313
10488 0.859701492537313
10488 0.859701492537313
10488 0.859701492537313
10488 75.9944770169189
10488 0.30585533869116
10488 0.30585533869116
10488 0.413318025258324
10488 0.413318025258324
10488 0
10488 0
10488 0
10488 0
10488 0
10488 0
10488 0.00597014925373134
10488 0
10488 0
10488 0
10488 0
10488 0
10488 0
10488 0
10488 0.0180252583237658
10488 0.0180252583237658
10488 0.0180252583237658
10488 0
10488 0
10488 0
10488 0
10488 0.00597014925373134
10488 0.00597014925373134
10488 0
10488 0
10488 0
10488 0.0500574052812859
10488 0
10488 0
10488 0
10237 0.859701492537313
10237 0.859701492537313
10237 0.859701492537313
10237 0.859701492537313
10237 75.9944770169189
10237 0.30585533869116
10237 0.30585533869116
10237 0.413318025258324
10237 0.413318025258324
10237 0
10237 0
10237 0
10237 0
10237 0
10237 0
10237 0.00597014925373134
10237 0
10237 0
10237 0
10237 0
10237 0
10237 0
10237 0
10237 0.0180252583237658
10237 0.0180252583237658
10237 0.0180252583237658
10237 0
10237 0
10237 0
10237 0
10237 0.00597014925373134
10237 0.00597014925373134
10237 0
10237 0
10237 0
10237 0.0500574052812859
10237 0
10237 0
10237 0
10486 0.859701492537313
10486 0.859701492537313
10486 0.859701492537313
10486 0.859701492537313
10486 75.9944770169189
10486 0.30585533869116
10486 0.30585533869116
10486 0.413318025258324
10486 0.413318025258324
10486 0
10486 0
10486 0
10486 0
10486 0
10486 0
10486 0.00597014925373134
10486 0
10486 0
10486 0
10486 0
10486 0
10486 0
10486 0
10486 0.0180252583237658
10486 0.0180252583237658
10486 0.0180252583237658
10486 0
10486 0
10486 0
10486 0
10486 0.00597014925373134
10486 0.00597014925373134
10486 0
10486 0
10486 0
10486 0.0500574052812859
10486 0
10486 0
10486 0
643 0.859701492537313
643 0.859701492537313
643 0.859701492537313
643 0.859701492537313
643 75.9944770169189
643 0.30585533869116
643 0.30585533869116
643 0.413318025258324
643 0.413318025258324
643 0
643 0
643 0
643 0
643 0
643 0
643 0.00597014925373134
643 0
643 0
643 0
643 0
643 0
643 0
643 0
643 0.0180252583237658
643 0.0180252583237658
643 0.0180252583237658
643 0
643 0
643 0
643 0
643 0.00597014925373134
643 0.00597014925373134
643 0
643 0
643 0
643 0.0500574052812859
643 0
643 0
643 0
661 0.859701492537313
661 0.859701492537313
661 0.859701492537313
661 0.859701492537313
661 75.9944770169189
661 0.30585533869116
661 0.30585533869116
661 0.413318025258324
661 0.413318025258324
661 0
661 0
661 0
661 0
661 0
661 0
661 0.00597014925373134
661 0
661 0
661 0
661 0
661 0
661 0
661 0
661 0.0180252583237658
661 0.0180252583237658
661 0.0180252583237658
661 0
661 0
661 0
661 0
661 0.00597014925373134
661 0.00597014925373134
661 0
661 0
661 0
661 0.0500574052812859
661 0
661 0
661 0
660 0.859701492537313
660 0.859701492537313
660 0.859701492537313
660 0.859701492537313
660 75.9944770169189
660 0.30585533869116
660 0.30585533869116
660 0.413318025258324
660 0.413318025258324
660 0
660 0
660 0
660 0
660 0
660 0
660 0.00597014925373134
660 0
660 0
660 0
660 0
660 0
660 0
660 0
660 0.0180252583237658
660 0.0180252583237658
660 0.0180252583237658
660 0
660 0
660 0
660 0
660 0.00597014925373134
660 0.00597014925373134
660 0
660 0
660 0
660 0.0500574052812859
660 0
660 0
660 0
658 0.859701492537313
658 0.859701492537313
658 0.859701492537313
658 0.859701492537313
658 75.9944770169189
658 0.30585533869116
658 0.30585533869116
658 0.413318025258324
658 0.413318025258324
658 0
658 0
658 0
658 0
658 0
658 0
658 0.00597014925373134
658 0
658 0
658 0
658 0
658 0
658 0
658 0
658 0.0180252583237658
658 0.0180252583237658
658 0.0180252583237658
658 0
658 0
658 0
658 0
658 0.00597014925373134
658 0.00597014925373134
658 0
658 0
658 0
658 0.0500574052812859
658 0
658 0
658 0
681 0.859701492537313
681 0.859701492537313
681 0.859701492537313
681 0.859701492537313
681 75.9944770169189
681 0.30585533869116
681 0.30585533869116
681 0.413318025258324
681 0.413318025258324
681 0
681 0
681 0
681 0
681 0
681 0
681 0.00597014925373134
681 0
681 0
681 0
681 0
681 0
681 0
681 0
681 0.0180252583237658
681 0.0180252583237658
681 0.0180252583237658
681 0
681 0
681 0
681 0
681 0.00597014925373134
681 0.00597014925373134
681 0
681 0
681 0
681 0.0500574052812859
681 0
681 0
681 0
684 0.859701492537313
684 0.859701492537313
684 0.859701492537313
684 0.859701492537313
684 75.9944770169189
684 0.30585533869116
684 0.30585533869116
684 0.413318025258324
684 0.413318025258324
684 0
684 0
684 0
684 0
684 0
684 0
684 0.00597014925373134
684 0
684 0
684 0
684 0
684 0
684 0
684 0
684 0.0180252583237658
684 0.0180252583237658
684 0.0180252583237658
684 0
684 0
684 0
684 0
684 0.00597014925373134
684 0.00597014925373134
684 0
684 0
684 0
684 0.0500574052812859
684 0
684 0
684 0
694 0.859701492537313
694 0.859701492537313
694 0.859701492537313
694 0.859701492537313
694 75.9944770169189
694 0.30585533869116
694 0.30585533869116
694 0.413318025258324
694 0.413318025258324
694 0
694 0
694 0
694 0
694 0
694 0
694 0.00597014925373134
694 0
694 0
694 0
694 0
694 0
694 0
694 0
694 0.0180252583237658
694 0.0180252583237658
694 0.0180252583237658
694 0
694 0
694 0
694 0
694 0.00597014925373134
694 0.00597014925373134
694 0
694 0
694 0
694 0.0500574052812859
694 0
694 0
694 0
716 0.859701492537313
716 0.859701492537313
716 0.859701492537313
716 0.859701492537313
716 75.9944770169189
716 0.30585533869116
716 0.30585533869116
716 0.413318025258324
716 0.413318025258324
716 0
716 0
716 0
716 0
716 0
716 0
716 0.00597014925373134
716 0
716 0
716 0
716 0
716 0
716 0
716 0
716 0.0180252583237658
716 0.0180252583237658
716 0.0180252583237658
716 0
716 0
716 0
716 0
716 0.00597014925373134
716 0.00597014925373134
716 0
716 0
716 0
716 0.0500574052812859
716 0
716 0
716 0
723 0.859701492537313
723 0.859701492537313
723 0.859701492537313
723 0.859701492537313
723 75.9944770169189
723 0.30585533869116
723 0.30585533869116
723 0.413318025258324
723 0.413318025258324
723 0
723 0
723 0
723 0
723 0
723 0
723 0.00597014925373134
723 0
723 0
723 0
723 0
723 0
723 0
723 0
723 0.0180252583237658
723 0.0180252583237658
723 0.0180252583237658
723 0
723 0
723 0
723 0
723 0.00597014925373134
723 0.00597014925373134
723 0
723 0
723 0
723 0.0500574052812859
723 0
723 0
723 0
735 0.859701492537313
735 0.859701492537313
735 0.859701492537313
735 0.859701492537313
735 75.9944770169189
735 0.30585533869116
735 0.30585533869116
735 0.413318025258324
735 0.413318025258324
735 0
735 0
735 0
735 0
735 0
735 0
735 0.00597014925373134
735 0
735 0
735 0
735 0
735 0
735 0
735 0
735 0.0180252583237658
735 0.0180252583237658
735 0.0180252583237658
735 0
735 0
735 0
735 0
735 0.00597014925373134
735 0.00597014925373134
735 0
735 0
735 0
735 0.0500574052812859
735 0
735 0
735 0
732 0.859701492537313
732 0.859701492537313
732 0.859701492537313
732 0.859701492537313
732 75.9944770169189
732 0.30585533869116
732 0.30585533869116
732 0.413318025258324
732 0.413318025258324
732 0
732 0
732 0
732 0
732 0
732 0
732 0.00597014925373134
732 0
732 0
732 0
732 0
732 0
732 0
732 0
732 0.0180252583237658
732 0.0180252583237658
732 0.0180252583237658
732 0
732 0
732 0
732 0
732 0.00597014925373134
732 0.00597014925373134
732 0
732 0
732 0
732 0.0500574052812859
732 0
732 0
732 0
756 0.859701492537313
756 0.859701492537313
756 0.859701492537313
756 0.859701492537313
756 75.9944770169189
756 0.30585533869116
756 0.30585533869116
756 0.413318025258324
756 0.413318025258324
756 0
756 0
756 0
756 0
756 0
756 0
756 0.00597014925373134
756 0
756 0
756 0
756 0
756 0
756 0
756 0
756 0.0180252583237658
756 0.0180252583237658
756 0.0180252583237658
756 0
756 0
756 0
756 0
756 0.00597014925373134
756 0.00597014925373134
756 0
756 0
756 0
756 0.0500574052812859
756 0
756 0
756 0
10636 0.859701492537313
10636 0.859701492537313
10636 0.859701492537313
10636 0.859701492537313
10636 75.9944770169189
10636 0.30585533869116
10636 0.30585533869116
10636 0.413318025258324
10636 0.413318025258324
10636 0
10636 0
10636 0
10636 0
10636 0
10636 0
10636 0.00597014925373134
10636 0
10636 0
10636 0
10636 0
10636 0
10636 0
10636 0
10636 0.0180252583237658
10636 0.0180252583237658
10636 0.0180252583237658
10636 0
10636 0
10636 0
10636 0
10636 0.00597014925373134
10636 0.00597014925373134
10636 0
10636 0
10636 0
10636 0.0500574052812859
10636 0
10636 0
10636 0
774 0.859701492537313
774 0.859701492537313
774 0.859701492537313
774 0.859701492537313
774 75.9944770169189
774 0.30585533869116
774 0.30585533869116
774 0.413318025258324
774 0.413318025258324
774 0
774 0
774 0
774 0
774 0
774 0
774 0.00597014925373134
774 0
774 0
774 0
774 0
774 0
774 0
774 0
774 0.0180252583237658
774 0.0180252583237658
774 0.0180252583237658
774 0
774 0
774 0
774 0
774 0.00597014925373134
774 0.00597014925373134
774 0
774 0
774 0
774 0.0500574052812859
774 0
774 0
774 0
773 0.859701492537313
773 0.859701492537313
773 0.859701492537313
773 0.859701492537313
773 75.9944770169189
773 0.30585533869116
773 0.30585533869116
773 0.413318025258324
773 0.413318025258324
773 0
773 0
773 0
773 0
773 0
773 0
773 0.00597014925373134
773 0
773 0
773 0
773 0
773 0
773 0
773 0
773 0.0180252583237658
773 0.0180252583237658
773 0.0180252583237658
773 0
773 0
773 0
773 0
773 0.00597014925373134
773 0.00597014925373134
773 0
773 0
773 0
773 0.0500574052812859
773 0
773 0
773 0
797 0.859701492537313
797 0.859701492537313
797 0.859701492537313
797 0.859701492537313
797 75.9944770169189
797 0.30585533869116
797 0.30585533869116
797 0.413318025258324
797 0.413318025258324
797 0
797 0
797 0
797 0
797 0
797 0
797 0.00597014925373134
797 0
797 0
797 0
797 0
797 0
797 0
797 0
797 0.0180252583237658
797 0.0180252583237658
797 0.0180252583237658
797 0
797 0
797 0
797 0
797 0.00597014925373134
797 0.00597014925373134
797 0
797 0
797 0
797 0.0500574052812859
797 0
797 0
797 0
815 0.859701492537313
815 0.859701492537313
815 0.859701492537313
815 0.859701492537313
815 75.9944770169189
815 0.30585533869116
815 0.30585533869116
815 0.413318025258324
815 0.413318025258324
815 0
815 0
815 0
815 0
815 0
815 0
815 0.00597014925373134
815 0
815 0
815 0
815 0
815 0
815 0
815 0
815 0.0180252583237658
815 0.0180252583237658
815 0.0180252583237658
815 0
815 0
815 0
815 0
815 0.00597014925373134
815 0.00597014925373134
815 0
815 0
815 0
815 0.0500574052812859
815 0
815 0
815 0
802 0.859701492537313
802 0.859701492537313
802 0.859701492537313
802 0.859701492537313
802 75.9944770169189
802 0.30585533869116
802 0.30585533869116
802 0.413318025258324
802 0.413318025258324
802 0
802 0
802 0
802 0
802 0
802 0
802 0.00597014925373134
802 0
802 0
802 0
802 0
802 0
802 0
802 0
802 0.0180252583237658
802 0.0180252583237658
802 0.0180252583237658
802 0
802 0
802 0
802 0
802 0.00597014925373134
802 0.00597014925373134
802 0
802 0
802 0
802 0.0500574052812859
802 0
802 0
802 0
812 0.859701492537313
812 0.859701492537313
812 0.859701492537313
812 0.859701492537313
812 75.9944770169189
812 0.30585533869116
812 0.30585533869116
812 0.413318025258324
812 0.413318025258324
812 0
812 0
812 0
812 0
812 0
812 0
812 0.00597014925373134
812 0
812 0
812 0
812 0
812 0
812 0
812 0
812 0.0180252583237658
812 0.0180252583237658
812 0.0180252583237658
812 0
812 0
812 0
812 0
812 0.00597014925373134
812 0.00597014925373134
812 0
812 0
812 0
812 0.0500574052812859
812 0
812 0
812 0
826 0.859701492537313
826 0.859701492537313
826 0.859701492537313
826 0.859701492537313
826 75.9944770169189
826 0.30585533869116
826 0.30585533869116
826 0.413318025258324
826 0.413318025258324
826 0
826 0
826 0
826 0
826 0
826 0
826 0.00597014925373134
826 0
826 0
826 0
826 0
826 0
826 0
826 0
826 0.0180252583237658
826 0.0180252583237658
826 0.0180252583237658
826 0
826 0
826 0
826 0
826 0.00597014925373134
826 0.00597014925373134
826 0
826 0
826 0
826 0.0500574052812859
826 0
826 0
826 0
854 0.859701492537313
854 0.859701492537313
854 0.859701492537313
854 0.859701492537313
854 75.9944770169189
854 0.30585533869116
854 0.30585533869116
854 0.413318025258324
854 0.413318025258324
854 0
854 0
854 0
854 0
854 0
854 0
854 0.00597014925373134
854 0
854 0
854 0
854 0
854 0
854 0
854 0
854 0.0180252583237658
854 0.0180252583237658
854 0.0180252583237658
854 0
854 0
854 0
854 0
854 0.00597014925373134
854 0.00597014925373134
854 0
854 0
854 0
854 0.0500574052812859
854 0
854 0
854 0
839 0.859701492537313
839 0.859701492537313
839 0.859701492537313
839 0.859701492537313
839 75.9944770169189
839 0.30585533869116
839 0.30585533869116
839 0.413318025258324
839 0.413318025258324
839 0
839 0
839 0
839 0
839 0
839 0
839 0.00597014925373134
839 0
839 0
839 0
839 0
839 0
839 0
839 0
839 0.0180252583237658
839 0.0180252583237658
839 0.0180252583237658
839 0
839 0
839 0
839 0
839 0.00597014925373134
839 0.00597014925373134
839 0
839 0
839 0
839 0.0500574052812859
839 0
839 0
839 0
10769 0.859701492537313
10769 0.859701492537313
10769 0.859701492537313
10769 0.859701492537313
10769 75.9944770169189
10769 0.30585533869116
10769 0.30585533869116
10769 0.413318025258324
10769 0.413318025258324
10769 0
10769 0
10769 0
10769 0
10769 0
10769 0
10769 0.00597014925373134
10769 0
10769 0
10769 0
10769 0
10769 0
10769 0
10769 0
10769 0.0180252583237658
10769 0.0180252583237658
10769 0.0180252583237658
10769 0
10769 0
10769 0
10769 0
10769 0.00597014925373134
10769 0.00597014925373134
10769 0
10769 0
10769 0
10769 0.0500574052812859
10769 0
10769 0
10769 0
853 0.859701492537313
853 0.859701492537313
853 0.859701492537313
853 0.859701492537313
853 75.9944770169189
853 0.30585533869116
853 0.30585533869116
853 0.413318025258324
853 0.413318025258324
853 0
853 0
853 0
853 0
853 0
853 0
853 0.00597014925373134
853 0
853 0
853 0
853 0
853 0
853 0
853 0
853 0.0180252583237658
853 0.0180252583237658
853 0.0180252583237658
853 0
853 0
853 0
853 0
853 0.00597014925373134
853 0.00597014925373134
853 0
853 0
853 0
853 0.0500574052812859
853 0
853 0
853 0
852 0.859701492537313
852 0.859701492537313
852 0.859701492537313
852 0.859701492537313
852 75.9944770169189
852 0.30585533869116
852 0.30585533869116
852 0.413318025258324
852 0.413318025258324
852 0
852 0
852 0
852 0
852 0
852 0
852 0.00597014925373134
852 0
852 0
852 0
852 0
852 0
852 0
852 0
852 0.0180252583237658
852 0.0180252583237658
852 0.0180252583237658
852 0
852 0
852 0
852 0
852 0.00597014925373134
852 0.00597014925373134
852 0
852 0
852 0
852 0.0500574052812859
852 0
852 0
852 0
842 0.859701492537313
842 0.859701492537313
842 0.859701492537313
842 0.859701492537313
842 75.9944770169189
842 0.30585533869116
842 0.30585533869116
842 0.413318025258324
842 0.413318025258324
842 0
842 0
842 0
842 0
842 0
842 0
842 0.00597014925373134
842 0
842 0
842 0
842 0
842 0
842 0
842 0
842 0.0180252583237658
842 0.0180252583237658
842 0.0180252583237658
842 0
842 0
842 0
842 0
842 0.00597014925373134
842 0.00597014925373134
842 0
842 0
842 0
842 0.0500574052812859
842 0
842 0
842 0
849 0.859701492537313
849 0.859701492537313
849 0.859701492537313
849 0.859701492537313
849 75.9944770169189
849 0.30585533869116
849 0.30585533869116
849 0.413318025258324
849 0.413318025258324
849 0
849 0
849 0
849 0
849 0
849 0
849 0.00597014925373134
849 0
849 0
849 0
849 0
849 0
849 0
849 0
849 0.0180252583237658
849 0.0180252583237658
849 0.0180252583237658
849 0
849 0
849 0
849 0
849 0.00597014925373134
849 0.00597014925373134
849 0
849 0
849 0
849 0.0500574052812859
849 0
849 0
849 0
10548 0.859701492537313
10548 0.859701492537313
10548 0.859701492537313
10548 0.859701492537313
10548 75.9944770169189
10548 0.30585533869116
10548 0.30585533869116
10548 0.413318025258324
10548 0.413318025258324
10548 0
10548 0
10548 0
10548 0
10548 0
10548 0
10548 0.00597014925373134
10548 0
10548 0
10548 0
10548 0
10548 0
10548 0
10548 0
10548 0.0180252583237658
10548 0.0180252583237658
10548 0.0180252583237658
10548 0
10548 0
10548 0
10548 0
10548 0.00597014925373134
10548 0.00597014925373134
10548 0
10548 0
10548 0
10548 0.0500574052812859
10548 0
10548 0
10548 0
907 0.859701492537313
907 0.859701492537313
907 0.859701492537313
907 0.859701492537313
907 75.9944770169189
907 0.30585533869116
907 0.30585533869116
907 0.413318025258324
907 0.413318025258324
907 0
907 0
907 0
907 0
907 0
907 0
907 0.00597014925373134
907 0
907 0
907 0
907 0
907 0
907 0
907 0
907 0.0180252583237658
907 0.0180252583237658
907 0.0180252583237658
907 0
907 0
907 0
907 0
907 0.00597014925373134
907 0.00597014925373134
907 0
907 0
907 0
907 0.0500574052812859
907 0
907 0
907 0
904 0.859701492537313
904 0.859701492537313
904 0.859701492537313
904 0.859701492537313
904 75.9944770169189
904 0.30585533869116
904 0.30585533869116
904 0.413318025258324
904 0.413318025258324
904 0
904 0
904 0
904 0
904 0
904 0
904 0.00597014925373134
904 0
904 0
904 0
904 0
904 0
904 0
904 0
904 0.0180252583237658
904 0.0180252583237658
904 0.0180252583237658
904 0
904 0
904 0
904 0
904 0.00597014925373134
904 0.00597014925373134
904 0
904 0
904 0
904 0.0500574052812859
904 0
904 0
904 0
903 0.859701492537313
903 0.859701492537313
903 0.859701492537313
903 0.859701492537313
903 75.9944770169189
903 0.30585533869116
903 0.30585533869116
903 0.413318025258324
903 0.413318025258324
903 0
903 0
903 0
903 0
903 0
903 0
903 0.00597014925373134
903 0
903 0
903 0
903 0
903 0
903 0
903 0
903 0.0180252583237658
903 0.0180252583237658
903 0.0180252583237658
903 0
903 0
903 0
903 0
903 0.00597014925373134
903 0.00597014925373134
903 0
903 0
903 0
903 0.0500574052812859
903 0
903 0
903 0
882 0.859701492537313
882 0.859701492537313
882 0.859701492537313
882 0.859701492537313
882 75.9944770169189
882 0.30585533869116
882 0.30585533869116
882 0.413318025258324
882 0.413318025258324
882 0
882 0
882 0
882 0
882 0
882 0
882 0.00597014925373134
882 0
882 0
882 0
882 0
882 0
882 0
882 0
882 0.0180252583237658
882 0.0180252583237658
882 0.0180252583237658
882 0
882 0
882 0
882 0
882 0.00597014925373134
882 0.00597014925373134
882 0
882 0
882 0
882 0.0500574052812859
882 0
882 0
882 0
902 0.859701492537313
902 0.859701492537313
902 0.859701492537313
902 0.859701492537313
902 75.9944770169189
902 0.30585533869116
902 0.30585533869116
902 0.413318025258324
902 0.413318025258324
902 0
902 0
902 0
902 0
902 0
902 0
902 0.00597014925373134
902 0
902 0
902 0
902 0
902 0
902 0
902 0
902 0.0180252583237658
902 0.0180252583237658
902 0.0180252583237658
902 0
902 0
902 0
902 0
902 0.00597014925373134
902 0.00597014925373134
902 0
902 0
902 0
902 0.0500574052812859
902 0
902 0
902 0
901 0.859701492537313
901 0.859701492537313
901 0.859701492537313
901 0.859701492537313
901 75.9944770169189
901 0.30585533869116
901 0.30585533869116
901 0.413318025258324
901 0.413318025258324
901 0
901 0
901 0
901 0
901 0
901 0
901 0.00597014925373134
901 0
901 0
901 0
901 0
901 0
901 0
901 0
901 0.0180252583237658
901 0.0180252583237658
901 0.0180252583237658
901 0
901 0
901 0
901 0
901 0.00597014925373134
901 0.00597014925373134
901 0
901 0
901 0
901 0.0500574052812859
901 0
901 0
901 0
900 0.859701492537313
900 0.859701492537313
900 0.859701492537313
900 0.859701492537313
900 75.9944770169189
900 0.30585533869116
900 0.30585533869116
900 0.413318025258324
900 0.413318025258324
900 0
900 0
900 0
900 0
900 0
900 0
900 0.00597014925373134
900 0
900 0
900 0
900 0
900 0
900 0
900 0
900 0.0180252583237658
900 0.0180252583237658
900 0.0180252583237658
900 0
900 0
900 0
900 0
900 0.00597014925373134
900 0.00597014925373134
900 0
900 0
900 0
900 0.0500574052812859
900 0
900 0
900 0
899 0.859701492537313
899 0.859701492537313
899 0.859701492537313
899 0.859701492537313
899 75.9944770169189
899 0.30585533869116
899 0.30585533869116
899 0.413318025258324
899 0.413318025258324
899 0
899 0
899 0
899 0
899 0
899 0
899 0.00597014925373134
899 0
899 0
899 0
899 0
899 0
899 0
899 0
899 0.0180252583237658
899 0.0180252583237658
899 0.0180252583237658
899 0
899 0
899 0
899 0
899 0.00597014925373134
899 0.00597014925373134
899 0
899 0
899 0
899 0.0500574052812859
899 0
899 0
899 0
891 0.859701492537313
891 0.859701492537313
891 0.859701492537313
891 0.859701492537313
891 75.9944770169189
891 0.30585533869116
891 0.30585533869116
891 0.413318025258324
891 0.413318025258324
891 0
891 0
891 0
891 0
891 0
891 0
891 0.00597014925373134
891 0
891 0
891 0
891 0
891 0
891 0
891 0
891 0.0180252583237658
891 0.0180252583237658
891 0.0180252583237658
891 0
891 0
891 0
891 0
891 0.00597014925373134
891 0.00597014925373134
891 0
891 0
891 0
891 0.0500574052812859
891 0
891 0
891 0
923 0.859701492537313
923 0.859701492537313
923 0.859701492537313
923 0.859701492537313
923 75.9944770169189
923 0.30585533869116
923 0.30585533869116
923 0.413318025258324
923 0.413318025258324
923 0
923 0
923 0
923 0
923 0
923 0
923 0.00597014925373134
923 0
923 0
923 0
923 0
923 0
923 0
923 0
923 0.0180252583237658
923 0.0180252583237658
923 0.0180252583237658
923 0
923 0
923 0
923 0
923 0.00597014925373134
923 0.00597014925373134
923 0
923 0
923 0
923 0.0500574052812859
923 0
923 0
923 0
959 0.859701492537313
959 0.859701492537313
959 0.859701492537313
959 0.859701492537313
959 75.9944770169189
959 0.30585533869116
959 0.30585533869116
959 0.413318025258324
959 0.413318025258324
959 0
959 0
959 0
959 0
959 0
959 0
959 0.00597014925373134
959 0
959 0
959 0
959 0
959 0
959 0
959 0
959 0.0180252583237658
959 0.0180252583237658
959 0.0180252583237658
959 0
959 0
959 0
959 0
959 0.00597014925373134
959 0.00597014925373134
959 0
959 0
959 0
959 0.0500574052812859
959 0
959 0
959 0
958 0.859701492537313
958 0.859701492537313
958 0.859701492537313
958 0.859701492537313
958 75.9944770169189
958 0.30585533869116
958 0.30585533869116
958 0.413318025258324
958 0.413318025258324
958 0
958 0
958 0
958 0
958 0
958 0
958 0.00597014925373134
958 0
958 0
958 0
958 0
958 0
958 0
958 0
958 0.0180252583237658
958 0.0180252583237658
958 0.0180252583237658
958 0
958 0
958 0
958 0
958 0.00597014925373134
958 0.00597014925373134
958 0
958 0
958 0
958 0.0500574052812859
958 0
958 0
958 0
957 0.859701492537313
957 0.859701492537313
957 0.859701492537313
957 0.859701492537313
957 75.9944770169189
957 0.30585533869116
957 0.30585533869116
957 0.413318025258324
957 0.413318025258324
957 0
957 0
957 0
957 0
957 0
957 0
957 0.00597014925373134
957 0
957 0
957 0
957 0
957 0
957 0
957 0
957 0.0180252583237658
957 0.0180252583237658
957 0.0180252583237658
957 0
957 0
957 0
957 0
957 0.00597014925373134
957 0.00597014925373134
957 0
957 0
957 0
957 0.0500574052812859
957 0
957 0
957 0
933 0.859701492537313
933 0.859701492537313
933 0.859701492537313
933 0.859701492537313
933 75.9944770169189
933 0.30585533869116
933 0.30585533869116
933 0.413318025258324
933 0.413318025258324
933 0
933 0
933 0
933 0
933 0
933 0
933 0.00597014925373134
933 0
933 0
933 0
933 0
933 0
933 0
933 0
933 0.0180252583237658
933 0.0180252583237658
933 0.0180252583237658
933 0
933 0
933 0
933 0
933 0.00597014925373134
933 0.00597014925373134
933 0
933 0
933 0
933 0.0500574052812859
933 0
933 0
933 0
953 0.859701492537313
953 0.859701492537313
953 0.859701492537313
953 0.859701492537313
953 75.9944770169189
953 0.30585533869116
953 0.30585533869116
953 0.413318025258324
953 0.413318025258324
953 0
953 0
953 0
953 0
953 0
953 0
953 0.00597014925373134
953 0
953 0
953 0
953 0
953 0
953 0
953 0
953 0.0180252583237658
953 0.0180252583237658
953 0.0180252583237658
953 0
953 0
953 0
953 0
953 0.00597014925373134
953 0.00597014925373134
953 0
953 0
953 0
953 0.0500574052812859
953 0
953 0
953 0
952 0.859701492537313
952 0.859701492537313
952 0.859701492537313
952 0.859701492537313
952 75.9944770169189
952 0.30585533869116
952 0.30585533869116
952 0.413318025258324
952 0.413318025258324
952 0
952 0
952 0
952 0
952 0
952 0
952 0.00597014925373134
952 0
952 0
952 0
952 0
952 0
952 0
952 0
952 0.0180252583237658
952 0.0180252583237658
952 0.0180252583237658
952 0
952 0
952 0
952 0
952 0.00597014925373134
952 0.00597014925373134
952 0
952 0
952 0
952 0.0500574052812859
952 0
952 0
952 0
1013 0.859701492537313
1013 0.859701492537313
1013 0.859701492537313
1013 0.859701492537313
1013 75.9944770169189
1013 0.30585533869116
1013 0.30585533869116
1013 0.413318025258324
1013 0.413318025258324
1013 0
1013 0
1013 0
1013 0
1013 0
1013 0
1013 0.00597014925373134
1013 0
1013 0
1013 0
1013 0
1013 0
1013 0
1013 0
1013 0.0180252583237658
1013 0.0180252583237658
1013 0.0180252583237658
1013 0
1013 0
1013 0
1013 0
1013 0.00597014925373134
1013 0.00597014925373134
1013 0
1013 0
1013 0
1013 0.0500574052812859
1013 0
1013 0
1013 0
1012 0.859701492537313
1012 0.859701492537313
1012 0.859701492537313
1012 0.859701492537313
1012 75.9944770169189
1012 0.30585533869116
1012 0.30585533869116
1012 0.413318025258324
1012 0.413318025258324
1012 0
1012 0
1012 0
1012 0
1012 0
1012 0
1012 0.00597014925373134
1012 0
1012 0
1012 0
1012 0
1012 0
1012 0
1012 0
1012 0.0180252583237658
1012 0.0180252583237658
1012 0.0180252583237658
1012 0
1012 0
1012 0
1012 0
1012 0.00597014925373134
1012 0.00597014925373134
1012 0
1012 0
1012 0
1012 0.0500574052812859
1012 0
1012 0
1012 0
1011 0.859701492537313
1011 0.859701492537313
1011 0.859701492537313
1011 0.859701492537313
1011 75.9944770169189
1011 0.30585533869116
1011 0.30585533869116
1011 0.413318025258324
1011 0.413318025258324
1011 0
1011 0
1011 0
1011 0
1011 0
1011 0
1011 0.00597014925373134
1011 0
1011 0
1011 0
1011 0
1011 0
1011 0
1011 0
1011 0.0180252583237658
1011 0.0180252583237658
1011 0.0180252583237658
1011 0
1011 0
1011 0
1011 0
1011 0.00597014925373134
1011 0.00597014925373134
1011 0
1011 0
1011 0
1011 0.0500574052812859
1011 0
1011 0
1011 0
1010 0.859701492537313
1010 0.859701492537313
1010 0.859701492537313
1010 0.859701492537313
1010 75.9944770169189
1010 0.30585533869116
1010 0.30585533869116
1010 0.413318025258324
1010 0.413318025258324
1010 0
1010 0
1010 0
1010 0
1010 0
1010 0
1010 0.00597014925373134
1010 0
1010 0
1010 0
1010 0
1010 0
1010 0
1010 0
1010 0.0180252583237658
1010 0.0180252583237658
1010 0.0180252583237658
1010 0
1010 0
1010 0
1010 0
1010 0.00597014925373134
1010 0.00597014925373134
1010 0
1010 0
1010 0
1010 0.0500574052812859
1010 0
1010 0
1010 0
1009 0.859701492537313
1009 0.859701492537313
1009 0.859701492537313
1009 0.859701492537313
1009 75.9944770169189
1009 0.30585533869116
1009 0.30585533869116
1009 0.413318025258324
1009 0.413318025258324
1009 0
1009 0
1009 0
1009 0
1009 0
1009 0
1009 0.00597014925373134
1009 0
1009 0
1009 0
1009 0
1009 0
1009 0
1009 0
1009 0.0180252583237658
1009 0.0180252583237658
1009 0.0180252583237658
1009 0
1009 0
1009 0
1009 0
1009 0.00597014925373134
1009 0.00597014925373134
1009 0
1009 0
1009 0
1009 0.0500574052812859
1009 0
1009 0
1009 0
10772 0.859701492537313
10772 0.859701492537313
10772 0.859701492537313
10772 0.859701492537313
10772 75.9944770169189
10772 0.30585533869116
10772 0.30585533869116
10772 0.413318025258324
10772 0.413318025258324
10772 0
10772 0
10772 0
10772 0
10772 0
10772 0
10772 0.00597014925373134
10772 0
10772 0
10772 0
10772 0
10772 0
10772 0
10772 0
10772 0.0180252583237658
10772 0.0180252583237658
10772 0.0180252583237658
10772 0
10772 0
10772 0
10772 0
10772 0.00597014925373134
10772 0.00597014925373134
10772 0
10772 0
10772 0
10772 0.0500574052812859
10772 0
10772 0
10772 0
10776 0.859701492537313
10776 0.859701492537313
10776 0.859701492537313
10776 0.859701492537313
10776 75.9944770169189
10776 0.30585533869116
10776 0.30585533869116
10776 0.413318025258324
10776 0.413318025258324
10776 0
10776 0
10776 0
10776 0
10776 0
10776 0
10776 0.00597014925373134
10776 0
10776 0
10776 0
10776 0
10776 0
10776 0
10776 0
10776 0.0180252583237658
10776 0.0180252583237658
10776 0.0180252583237658
10776 0
10776 0
10776 0
10776 0
10776 0.00597014925373134
10776 0.00597014925373134
10776 0
10776 0
10776 0
10776 0.0500574052812859
10776 0
10776 0
10776 0
10777 0.859701492537313
10777 0.859701492537313
10777 0.859701492537313
10777 0.859701492537313
10777 75.9944770169189
10777 0.30585533869116
10777 0.30585533869116
10777 0.413318025258324
10777 0.413318025258324
10777 0
10777 0
10777 0
10777 0
10777 0
10777 0
10777 0.00597014925373134
10777 0
10777 0
10777 0
10777 0
10777 0
10777 0
10777 0
10777 0.0180252583237658
10777 0.0180252583237658
10777 0.0180252583237658
10777 0
10777 0
10777 0
10777 0
10777 0.00597014925373134
10777 0.00597014925373134
10777 0
10777 0
10777 0
10777 0.0500574052812859
10777 0
10777 0
10777 0
1126 0.859701492537313
1126 0.859701492537313
1126 0.859701492537313
1126 0.859701492537313
1126 75.9944770169189
1126 0.30585533869116
1126 0.30585533869116
1126 0.413318025258324
1126 0.413318025258324
1126 0
1126 0
1126 0
1126 0
1126 0
1126 0
1126 0.00597014925373134
1126 0
1126 0
1126 0
1126 0
1126 0
1126 0
1126 0
1126 0.0180252583237658
1126 0.0180252583237658
1126 0.0180252583237658
1126 0
1126 0
1126 0
1126 0
1126 0.00597014925373134
1126 0.00597014925373134
1126 0
1126 0
1126 0
1126 0.0500574052812859
1126 0
1126 0
1126 0
1144 0.859701492537313
1144 0.859701492537313
1144 0.859701492537313
1144 0.859701492537313
1144 75.9944770169189
1144 0.30585533869116
1144 0.30585533869116
1144 0.413318025258324
1144 0.413318025258324
1144 0
1144 0
1144 0
1144 0
1144 0
1144 0
1144 0.00597014925373134
1144 0
1144 0
1144 0
1144 0
1144 0
1144 0
1144 0
1144 0.0180252583237658
1144 0.0180252583237658
1144 0.0180252583237658
1144 0
1144 0
1144 0
1144 0
1144 0.00597014925373134
1144 0.00597014925373134
1144 0
1144 0
1144 0
1144 0.0500574052812859
1144 0
1144 0
1144 0
1246 0.859701492537313
1246 0.859701492537313
1246 0.859701492537313
1246 0.859701492537313
1246 75.9944770169189
1246 0.30585533869116
1246 0.30585533869116
1246 0.413318025258324
1246 0.413318025258324
1246 0
1246 0
1246 0
1246 0
1246 0
1246 0
1246 0.00597014925373134
1246 0
1246 0
1246 0
1246 0
1246 0
1246 0
1246 0
1246 0.0180252583237658
1246 0.0180252583237658
1246 0.0180252583237658
1246 0
1246 0
1246 0
1246 0
1246 0.00597014925373134
1246 0.00597014925373134
1246 0
1246 0
1246 0
1246 0.0500574052812859
1246 0
1246 0
1246 0
1219 0.859701492537313
1219 0.859701492537313
1219 0.859701492537313
1219 0.859701492537313
1219 75.9944770169189
1219 0.30585533869116
1219 0.30585533869116
1219 0.413318025258324
1219 0.413318025258324
1219 0
1219 0
1219 0
1219 0
1219 0
1219 0
1219 0.00597014925373134
1219 0
1219 0
1219 0
1219 0
1219 0
1219 0
1219 0
1219 0.0180252583237658
1219 0.0180252583237658
1219 0.0180252583237658
1219 0
1219 0
1219 0
1219 0
1219 0.00597014925373134
1219 0.00597014925373134
1219 0
1219 0
1219 0
1219 0.0500574052812859
1219 0
1219 0
1219 0
1309 0.859701492537313
1309 0.859701492537313
1309 0.859701492537313
1309 0.859701492537313
1309 75.9944770169189
1309 0.30585533869116
1309 0.30585533869116
1309 0.413318025258324
1309 0.413318025258324
1309 0
1309 0
1309 0
1309 0
1309 0
1309 0
1309 0.00597014925373134
1309 0
1309 0
1309 0
1309 0
1309 0
1309 0
1309 0
1309 0.0180252583237658
1309 0.0180252583237658
1309 0.0180252583237658
1309 0
1309 0
1309 0
1309 0
1309 0.00597014925373134
1309 0.00597014925373134
1309 0
1309 0
1309 0
1309 0.0500574052812859
1309 0
1309 0
1309 0
1288 0.859701492537313
1288 0.859701492537313
1288 0.859701492537313
1288 0.859701492537313
1288 75.9944770169189
1288 0.30585533869116
1288 0.30585533869116
1288 0.413318025258324
1288 0.413318025258324
1288 0
1288 0
1288 0
1288 0
1288 0
1288 0
1288 0.00597014925373134
1288 0
1288 0
1288 0
1288 0
1288 0
1288 0
1288 0
1288 0.0180252583237658
1288 0.0180252583237658
1288 0.0180252583237658
1288 0
1288 0
1288 0
1288 0
1288 0.00597014925373134
1288 0.00597014925373134
1288 0
1288 0
1288 0
1288 0.0500574052812859
1288 0
1288 0
1288 0
1346 0.859701492537313
1346 0.859701492537313
1346 0.859701492537313
1346 0.859701492537313
1346 75.9944770169189
1346 0.30585533869116
1346 0.30585533869116
1346 0.413318025258324
1346 0.413318025258324
1346 0
1346 0
1346 0
1346 0
1346 0
1346 0
1346 0.00597014925373134
1346 0
1346 0
1346 0
1346 0
1346 0
1346 0
1346 0
1346 0.0180252583237658
1346 0.0180252583237658
1346 0.0180252583237658
1346 0
1346 0
1346 0
1346 0
1346 0.00597014925373134
1346 0.00597014925373134
1346 0
1346 0
1346 0
1346 0.0500574052812859
1346 0
1346 0
1346 0
1379 0.859701492537313
1379 0.859701492537313
1379 0.859701492537313
1379 0.859701492537313
1379 75.9944770169189
1379 0.30585533869116
1379 0.30585533869116
1379 0.413318025258324
1379 0.413318025258324
1379 0
1379 0
1379 0
1379 0
1379 0
1379 0
1379 0.00597014925373134
1379 0
1379 0
1379 0
1379 0
1379 0
1379 0
1379 0
1379 0.0180252583237658
1379 0.0180252583237658
1379 0.0180252583237658
1379 0
1379 0
1379 0
1379 0
1379 0.00597014925373134
1379 0.00597014925373134
1379 0
1379 0
1379 0
1379 0.0500574052812859
1379 0
1379 0
1379 0
1357 0.859701492537313
1357 0.859701492537313
1357 0.859701492537313
1357 0.859701492537313
1357 75.9944770169189
1357 0.30585533869116
1357 0.30585533869116
1357 0.413318025258324
1357 0.413318025258324
1357 0
1357 0
1357 0
1357 0
1357 0
1357 0
1357 0.00597014925373134
1357 0
1357 0
1357 0
1357 0
1357 0
1357 0
1357 0
1357 0.0180252583237658
1357 0.0180252583237658
1357 0.0180252583237658
1357 0
1357 0
1357 0
1357 0
1357 0.00597014925373134
1357 0.00597014925373134
1357 0
1357 0
1357 0
1357 0.0500574052812859
1357 0
1357 0
1357 0
1416 0.859701492537313
1416 0.859701492537313
1416 0.859701492537313
1416 0.859701492537313
1416 75.9944770169189
1416 0.30585533869116
1416 0.30585533869116
1416 0.413318025258324
1416 0.413318025258324
1416 0
1416 0
1416 0
1416 0
1416 0
1416 0
1416 0.00597014925373134
1416 0
1416 0
1416 0
1416 0
1416 0
1416 0
1416 0
1416 0.0180252583237658
1416 0.0180252583237658
1416 0.0180252583237658
1416 0
1416 0
1416 0
1416 0
1416 0.00597014925373134
1416 0.00597014925373134
1416 0
1416 0
1416 0
1416 0.0500574052812859
1416 0
1416 0
1416 0
1428 0.859701492537313
1428 0.859701492537313
1428 0.859701492537313
1428 0.859701492537313
1428 75.9944770169189
1428 0.30585533869116
1428 0.30585533869116
1428 0.413318025258324
1428 0.413318025258324
1428 0
1428 0
1428 0
1428 0
1428 0
1428 0
1428 0.00597014925373134
1428 0
1428 0
1428 0
1428 0
1428 0
1428 0
1428 0
1428 0.0180252583237658
1428 0.0180252583237658
1428 0.0180252583237658
1428 0
1428 0
1428 0
1428 0
1428 0.00597014925373134
1428 0.00597014925373134
1428 0
1428 0
1428 0
1428 0.0500574052812859
1428 0
1428 0
1428 0
1505 0.859701492537313
1505 0.859701492537313
1505 0.859701492537313
1505 0.859701492537313
1505 75.9944770169189
1505 0.30585533869116
1505 0.30585533869116
1505 0.413318025258324
1505 0.413318025258324
1505 0
1505 0
1505 0
1505 0
1505 0
1505 0
1505 0.00597014925373134
1505 0
1505 0
1505 0
1505 0
1505 0
1505 0
1505 0
1505 0.0180252583237658
1505 0.0180252583237658
1505 0.0180252583237658
1505 0
1505 0
1505 0
1505 0
1505 0.00597014925373134
1505 0.00597014925373134
1505 0
1505 0
1505 0
1505 0.0500574052812859
1505 0
1505 0
1505 0
1490 0.859701492537313
1490 0.859701492537313
1490 0.859701492537313
1490 0.859701492537313
1490 75.9944770169189
1490 0.30585533869116
1490 0.30585533869116
1490 0.413318025258324
1490 0.413318025258324
1490 0
1490 0
1490 0
1490 0
1490 0
1490 0
1490 0.00597014925373134
1490 0
1490 0
1490 0
1490 0
1490 0
1490 0
1490 0
1490 0.0180252583237658
1490 0.0180252583237658
1490 0.0180252583237658
1490 0
1490 0
1490 0
1490 0
1490 0.00597014925373134
1490 0.00597014925373134
1490 0
1490 0
1490 0
1490 0.0500574052812859
1490 0
1490 0
1490 0
1766 0.859701492537313
1766 0.859701492537313
1766 0.859701492537313
1766 0.859701492537313
1766 75.9944770169189
1766 0.30585533869116
1766 0.30585533869116
1766 0.413318025258324
1766 0.413318025258324
1766 0
1766 0
1766 0
1766 0
1766 0
1766 0
1766 0.00597014925373134
1766 0
1766 0
1766 0
1766 0
1766 0
1766 0
1766 0
1766 0.0180252583237658
1766 0.0180252583237658
1766 0.0180252583237658
1766 0
1766 0
1766 0
1766 0
1766 0.00597014925373134
1766 0.00597014925373134
1766 0
1766 0
1766 0
1766 0.0500574052812859
1766 0
1766 0
1766 0
1861 0.859701492537313
1861 0.859701492537313
1861 0.859701492537313
1861 0.859701492537313
1861 75.9944770169189
1861 0.30585533869116
1861 0.30585533869116
1861 0.413318025258324
1861 0.413318025258324
1861 0
1861 0
1861 0
1861 0
1861 0
1861 0
1861 0.00597014925373134
1861 0
1861 0
1861 0
1861 0
1861 0
1861 0
1861 0
1861 0.0180252583237658
1861 0.0180252583237658
1861 0.0180252583237658
1861 0
1861 0
1861 0
1861 0
1861 0.00597014925373134
1861 0.00597014925373134
1861 0
1861 0
1861 0
1861 0.0500574052812859
1861 0
1861 0
1861 0
