pt_graph freq
3024 0.25
3024 0.75
3430 0.25
3430 0.75
3664 0.25
3664 0.75
3665 0.25
3665 0.75
3750 0.25
3750 0.75
3756 0.25
3756 0.75
3838 0.25
3838 0.75
3841 0.25
3841 0.75
3842 0.25
3842 0.75
3843 0.25
3843 0.75
3931 0.25
3931 0.75
3932 0.25
3932 0.75
3939 0.25
3939 0.75
4019 0.25
4019 0.75
4125 0.25
4125 0.75
4213 0.25
4213 0.75
4387 0.25
4387 0.75
4391 0.25
4391 0.75
4462 0.25
4462 0.75
4839 0.25
4839 0.75
4941 0.25
4941 0.75
5283 0.25
5283 0.75
5284 0.25
5284 0.75
5370 0.25
5370 0.75
5622 0.25
5622 0.75
5642 0.25
5642 0.75
5716 0.25
5716 0.75
5717 0.25
5717 0.75
5807 0.25
5807 0.75
5808 0.25
5808 0.75
5809 0.25
5809 0.75
5810 0.25
5810 0.75
5814 0.25
5814 0.75
5815 0.25
5815 0.75
5817 0.25
5817 0.75
5818 0.25
5818 0.75
5830 0.25
5830 0.75
5894 0.25
5894 0.75
5905 0.25
5905 0.75
5912 0.25
5912 0.75
5913 0.25
5913 0.75
5914 0.25
5914 0.75
5995 0.25
5995 0.75
5996 0.25
5996 0.75
5997 0.25
5997 0.75
5998 0.25
5998 0.75
6010 0.25
6010 0.75
6015 0.25
6015 0.75
6018 0.25
6018 0.75
6095 0.25
6095 0.75
6097 0.25
6097 0.75
6098 0.25
6098 0.75
6100 0.25
6100 0.75
6124 0.25
6124 0.75
6131 0.25
6131 0.75
6133 0.25
6133 0.75
6194 0.25
6194 0.75
6195 0.25
6195 0.75
6289 0.25
6289 0.75
6307 0.25
6307 0.75
6315 0.25
6315 0.75
6400 0.25
6400 0.75
6404 0.25
6404 0.75
6414 0.25
6414 0.75
6477 0.25
6477 0.75
6493 0.25
6493 0.75
6572 0.25
6572 0.75
6632 0.25
6632 0.75
6640 0.25
6640 0.75
6659 0.25
6659 0.75
6660 0.25
6660 0.75
6720 0.25
6720 0.75
6789 0.25
6789 0.75
6795 0.25
6795 0.75
6799 0.25
6799 0.75
6801 0.25
6801 0.75
6802 0.25
6802 0.75
6803 0.25
6803 0.75
6811 0.25
6811 0.75
6862 0.25
6862 0.75
6871 0.25
6871 0.75
6872 0.25
6872 0.75
6873 0.25
6873 0.75
6874 0.25
6874 0.75
6875 0.25
6875 0.75
6881 0.25
6881 0.75
6929 0.25
6929 0.75
6931 0.25
6931 0.75
6932 0.25
6932 0.75
6942 0.25
6942 0.75
6943 0.25
6943 0.75
6944 0.25
6944 0.75
6946 0.25
6946 0.75
6999 0.25
6999 0.75
7001 0.25
7001 0.75
7010 0.25
7010 0.75
7011 0.25
7011 0.75
7017 0.25
7017 0.75
7073 0.25
7073 0.75
7079 0.25
7079 0.75
7144 0.25
7144 0.75
7153 0.25
7153 0.75
7158 0.25
7158 0.75
7159 0.25
7159 0.75
7172 0.25
7172 0.75
7201 0.25
7201 0.75
7222 0.25
7222 0.75
7225 0.25
7225 0.75
7226 0.25
7226 0.75
7233 0.25
7233 0.75
7244 0.25
7244 0.75
7286 0.25
7286 0.75
7349 0.25
7349 0.75
7426 0.25
7426 0.75
7469 0.25
7469 0.75
7476 0.25
7476 0.75
7489 0.25
7489 0.75
7533 0.25
7533 0.75
7534 0.25
7534 0.75
7585 0.25
7585 0.75
7647 0.25
7647 0.75
7656 0.25
7656 0.75
7664 0.25
7664 0.75
7684 0.25
7684 0.75
7698 0.25
7698 0.75
7714 0.25
7714 0.75
7739 0.25
7739 0.75
7743 0.25
7743 0.75
7770 0.25
7770 0.75
7815 0.25
7815 0.75
7830 0.25
7830 0.75
7854 0.25
7854 0.75
7881 0.25
7881 0.75
7910 0.25
7910 0.75
7911 0.25
7911 0.75
7967 0.25
7967 0.75
7970 0.25
7970 0.75
7992 0.25
7992 0.75
8040 0.25
8040 0.75
8052 0.25
8052 0.75
8089 0.25
8089 0.75
8137 0.25
8137 0.75
8161 0.25
8161 0.75
8189 0.25
8189 0.75
8190 0.25
8190 0.75
8192 0.25
8192 0.75
8193 0.25
8193 0.75
8207 0.25
8207 0.75
8208 0.25
8208 0.75
8213 0.25
8213 0.75
8221 0.25
8221 0.75
8243 0.25
8243 0.75
8247 0.25
8247 0.75
8271 0.25
8271 0.75
8272 0.25
8272 0.75
8273 0.25
8273 0.75
8274 0.25
8274 0.75
8301 0.25
8301 0.75
8323 0.25
8323 0.75
8329 0.25
8329 0.75
8358 0.25
8358 0.75
8373 0.25
8373 0.75
8374 0.25
8374 0.75
8375 0.25
8375 0.75
8376 0.25
8376 0.75
8405 0.25
8405 0.75
8428 0.25
8428 0.75
8457 0.25
8457 0.75
8503 0.25
8503 0.75
8504 0.25
8504 0.75
8505 0.25
8505 0.75
8506 0.25
8506 0.75
8509 0.25
8509 0.75
8530 0.25
8530 0.75
8531 0.25
8531 0.75
8557 0.25
8557 0.75
8558 0.25
8558 0.75
8559 0.25
8559 0.75
8572 0.25
8572 0.75
8581 0.25
8581 0.75
8608 0.25
8608 0.75
8611 0.25
8611 0.75
8617 0.25
8617 0.75
8624 0.25
8624 0.75
8631 0.25
8631 0.75
8633 0.25
8633 0.75
8660 0.25
8660 0.75
8686 0.25
8686 0.75
8714 0.25
8714 0.75
8731 0.25
8731 0.75
8767 0.25
8767 0.75
8768 0.25
8768 0.75
8779 0.25
8779 0.75
8787 0.25
8787 0.75
8788 0.25
8788 0.75
8820 0.25
8820 0.75
8829 0.25
8829 0.75
8833 0.25
8833 0.75
8837 0.25
8837 0.75
8870 0.25
8870 0.75
8873 0.25
8873 0.75
8874 0.25
8874 0.75
8875 0.25
8875 0.75
8878 0.25
8878 0.75
8885 0.25
8885 0.75
8928 0.25
8928 0.75
8929 0.25
8929 0.75
8982 0.25
8982 0.75
9035 0.25
9035 0.75
9040 0.25
9040 0.75
9043 0.25
9043 0.75
9088 0.25
9088 0.75
9089 0.25
9089 0.75
9136 0.25
9136 0.75
9192 0.25
9192 0.75
9193 0.25
9193 0.75
9194 0.25
9194 0.75
9245 0.25
9245 0.75
9294 0.25
9294 0.75
9295 0.25
9295 0.75
10108 0.25
10108 0.75
10166 0.25
10166 0.75
10424 0.25
10424 0.75
10448 0.25
10448 0.75
10452 0.25
10452 0.75
10721 0.25
10721 0.75
10962 0.25
10962 0.75
