pt_graph shape
10387 1
10387 1
10387 1
10387 1
10387 1
10387 1
10387 1
10387 1
10387 1
10387 1
10387 1
10387 1
10387 1
10387 1
10387 1
10387 1
10387 1
10387 1
10387 1
10387 1
10387 1
10387 1
10387 1
10387 1
10387 1
10387 1
10387 1
10387 1
10387 1
10387 1
10387 1
10387 1
10387 1
10387 1
10387 1
10387 1
10387 1
10387 1
10387 1
10791 1
10791 1
10791 1
10791 1
10791 1
10791 1
10791 1
10791 1
10791 1
10791 1
10791 1
10791 1
10791 1
10791 1
10791 1
10791 1
10791 1
10791 1
10791 1
10791 1
10791 1
10791 1
10791 1
10791 1
10791 1
10791 1
10791 1
10791 1
10791 1
10791 1
10791 1
10791 1
10791 1
10791 1
10791 1
10791 1
10791 1
10791 1
10791 1
1 1
1 1
1 1
1 1
1 1
1 1
1 1
1 1
1 1
1 1
1 1
1 1
1 1
1 1
1 1
1 1
1 1
1 1
1 1
1 1
1 1
1 1
1 1
1 1
1 1
1 1
1 1
1 1
1 1
1 1
1 1
1 1
1 1
1 1
1 1
1 1
1 1
1 1
1 1
13 1
13 1
13 1
13 1
13 1
13 1
13 1
13 1
13 1
13 1
13 1
13 1
13 1
13 1
13 1
13 1
13 1
13 1
13 1
13 1
13 1
13 1
13 1
13 1
13 1
13 1
13 1
13 1
13 1
13 1
13 1
13 1
13 1
13 1
13 1
13 1
13 1
13 1
13 1
9642 1
9642 1
9642 1
9642 1
9642 1
9642 1
9642 1
9642 1
9642 1
9642 1
9642 1
9642 1
9642 1
9642 1
9642 1
9642 1
9642 1
9642 1
9642 1
9642 1
9642 1
9642 1
9642 1
9642 1
9642 1
9642 1
9642 1
9642 1
9642 1
9642 1
9642 1
9642 1
9642 1
9642 1
9642 1
9642 1
9642 1
9642 1
9642 1
23 1
23 1
23 1
23 1
23 1
23 1
23 1
23 1
23 1
23 1
23 1
23 1
23 1
23 1
23 1
23 1
23 1
23 1
23 1
23 1
23 1
23 1
23 1
23 1
23 1
23 1
23 1
23 1
23 1
23 1
23 1
23 1
23 1
23 1
23 1
23 1
23 1
23 1
23 1
24 1
24 1
24 1
24 1
24 1
24 1
24 1
24 1
24 1
24 1
24 1
24 1
24 1
24 1
24 1
24 1
24 1
24 1
24 1
24 1
24 1
24 1
24 1
24 1
24 1
24 1
24 1
24 1
24 1
24 1
24 1
24 1
24 1
24 1
24 1
24 1
24 1
24 1
24 1
39 1
39 1
39 1
39 1
39 1
39 1
39 1
39 1
39 1
39 1
39 1
39 1
39 1
39 1
39 1
39 1
39 1
39 1
39 1
39 1
39 1
39 1
39 1
39 1
39 1
39 1
39 1
39 1
39 1
39 1
39 1
39 1
39 1
39 1
39 1
39 1
39 1
39 1
39 1
47 1
47 1
47 1
47 1
47 1
47 1
47 1
47 1
47 1
47 1
47 1
47 1
47 1
47 1
47 1
47 1
47 1
47 1
47 1
47 1
47 1
47 1
47 1
47 1
47 1
47 1
47 1
47 1
47 1
47 1
47 1
47 1
47 1
47 1
47 1
47 1
47 1
47 1
47 1
49 1
49 1
49 1
49 1
49 1
49 1
49 1
49 1
49 1
49 1
49 1
49 1
49 1
49 1
49 1
49 1
49 1
49 1
49 1
49 1
49 1
49 1
49 1
49 1
49 1
49 1
49 1
49 1
49 1
49 1
49 1
49 1
49 1
49 1
49 1
49 1
49 1
49 1
49 1
55 1
55 1
55 1
55 1
55 1
55 1
55 1
55 1
55 1
55 1
55 1
55 1
55 1
55 1
55 1
55 1
55 1
55 1
55 1
55 1
55 1
55 1
55 1
55 1
55 1
55 1
55 1
55 1
55 1
55 1
55 1
55 1
55 1
55 1
55 1
55 1
55 1
55 1
55 1
56 1
56 1
56 1
56 1
56 1
56 1
56 1
56 1
56 1
56 1
56 1
56 1
56 1
56 1
56 1
56 1
56 1
56 1
56 1
56 1
56 1
56 1
56 1
56 1
56 1
56 1
56 1
56 1
56 1
56 1
56 1
56 1
56 1
56 1
56 1
56 1
56 1
56 1
56 1
63 1
63 1
63 1
63 1
63 1
63 1
63 1
63 1
63 1
63 1
63 1
63 1
63 1
63 1
63 1
63 1
63 1
63 1
63 1
63 1
63 1
63 1
63 1
63 1
63 1
63 1
63 1
63 1
63 1
63 1
63 1
63 1
63 1
63 1
63 1
63 1
63 1
63 1
63 1
64 1
64 1
64 1
64 1
64 1
64 1
64 1
64 1
64 1
64 1
64 1
64 1
64 1
64 1
64 1
64 1
64 1
64 1
64 1
64 1
64 1
64 1
64 1
64 1
64 1
64 1
64 1
64 1
64 1
64 1
64 1
64 1
64 1
64 1
64 1
64 1
64 1
64 1
64 1
75 1
75 1
75 1
75 1
75 1
75 1
75 1
75 1
75 1
75 1
75 1
75 1
75 1
75 1
75 1
75 1
75 1
75 1
75 1
75 1
75 1
75 1
75 1
75 1
75 1
75 1
75 1
75 1
75 1
75 1
75 1
75 1
75 1
75 1
75 1
75 1
75 1
75 1
75 1
90 1
90 1
90 1
90 1
90 1
90 1
90 1
90 1
90 1
90 1
90 1
90 1
90 1
90 1
90 1
90 1
90 1
90 1
90 1
90 1
90 1
90 1
90 1
90 1
90 1
90 1
90 1
90 1
90 1
90 1
90 1
90 1
90 1
90 1
90 1
90 1
90 1
90 1
90 1
91 1
91 1
91 1
91 1
91 1
91 1
91 1
91 1
91 1
91 1
91 1
91 1
91 1
91 1
91 1
91 1
91 1
91 1
91 1
91 1
91 1
91 1
91 1
91 1
91 1
91 1
91 1
91 1
91 1
91 1
91 1
91 1
91 1
91 1
91 1
91 1
91 1
91 1
91 1
95 1
95 1
95 1
95 1
95 1
95 1
95 1
95 1
95 1
95 1
95 1
95 1
95 1
95 1
95 1
95 1
95 1
95 1
95 1
95 1
95 1
95 1
95 1
95 1
95 1
95 1
95 1
95 1
95 1
95 1
95 1
95 1
95 1
95 1
95 1
95 1
95 1
95 1
95 1
96 1
96 1
96 1
96 1
96 1
96 1
96 1
96 1
96 1
96 1
96 1
96 1
96 1
96 1
96 1
96 1
96 1
96 1
96 1
96 1
96 1
96 1
96 1
96 1
96 1
96 1
96 1
96 1
96 1
96 1
96 1
96 1
96 1
96 1
96 1
96 1
96 1
96 1
96 1
99 1
99 1
99 1
99 1
99 1
99 1
99 1
99 1
99 1
99 1
99 1
99 1
99 1
99 1
99 1
99 1
99 1
99 1
99 1
99 1
99 1
99 1
99 1
99 1
99 1
99 1
99 1
99 1
99 1
99 1
99 1
99 1
99 1
99 1
99 1
99 1
99 1
99 1
99 1
112 1
112 1
112 1
112 1
112 1
112 1
112 1
112 1
112 1
112 1
112 1
112 1
112 1
112 1
112 1
112 1
112 1
112 1
112 1
112 1
112 1
112 1
112 1
112 1
112 1
112 1
112 1
112 1
112 1
112 1
112 1
112 1
112 1
112 1
112 1
112 1
112 1
112 1
112 1
113 1
113 1
113 1
113 1
113 1
113 1
113 1
113 1
113 1
113 1
113 1
113 1
113 1
113 1
113 1
113 1
113 1
113 1
113 1
113 1
113 1
113 1
113 1
113 1
113 1
113 1
113 1
113 1
113 1
113 1
113 1
113 1
113 1
113 1
113 1
113 1
113 1
113 1
113 1
129 1
129 1
129 1
129 1
129 1
129 1
129 1
129 1
129 1
129 1
129 1
129 1
129 1
129 1
129 1
129 1
129 1
129 1
129 1
129 1
129 1
129 1
129 1
129 1
129 1
129 1
129 1
129 1
129 1
129 1
129 1
129 1
129 1
129 1
129 1
129 1
129 1
129 1
129 1
130 1
130 1
130 1
130 1
130 1
130 1
130 1
130 1
130 1
130 1
130 1
130 1
130 1
130 1
130 1
130 1
130 1
130 1
130 1
130 1
130 1
130 1
130 1
130 1
130 1
130 1
130 1
130 1
130 1
130 1
130 1
130 1
130 1
130 1
130 1
130 1
130 1
130 1
130 1
134 1
134 1
134 1
134 1
134 1
134 1
134 1
134 1
134 1
134 1
134 1
134 1
134 1
134 1
134 1
134 1
134 1
134 1
134 1
134 1
134 1
134 1
134 1
134 1
134 1
134 1
134 1
134 1
134 1
134 1
134 1
134 1
134 1
134 1
134 1
134 1
134 1
134 1
134 1
155 1
155 1
155 1
155 1
155 1
155 1
155 1
155 1
155 1
155 1
155 1
155 1
155 1
155 1
155 1
155 1
155 1
155 1
155 1
155 1
155 1
155 1
155 1
155 1
155 1
155 1
155 1
155 1
155 1
155 1
155 1
155 1
155 1
155 1
155 1
155 1
155 1
155 1
155 1
171 1
171 1
171 1
171 1
171 1
171 1
171 1
171 1
171 1
171 1
171 1
171 1
171 1
171 1
171 1
171 1
171 1
171 1
171 1
171 1
171 1
171 1
171 1
171 1
171 1
171 1
171 1
171 1
171 1
171 1
171 1
171 1
171 1
171 1
171 1
171 1
171 1
171 1
171 1
173 1
173 1
173 1
173 1
173 1
173 1
173 1
173 1
173 1
173 1
173 1
173 1
173 1
173 1
173 1
173 1
173 1
173 1
173 1
173 1
173 1
173 1
173 1
173 1
173 1
173 1
173 1
173 1
173 1
173 1
173 1
173 1
173 1
173 1
173 1
173 1
173 1
173 1
173 1
183 1
183 1
183 1
183 1
183 1
183 1
183 1
183 1
183 1
183 1
183 1
183 1
183 1
183 1
183 1
183 1
183 1
183 1
183 1
183 1
183 1
183 1
183 1
183 1
183 1
183 1
183 1
183 1
183 1
183 1
183 1
183 1
183 1
183 1
183 1
183 1
183 1
183 1
183 1
192 1
192 1
192 1
192 1
192 1
192 1
192 1
192 1
192 1
192 1
192 1
192 1
192 1
192 1
192 1
192 1
192 1
192 1
192 1
192 1
192 1
192 1
192 1
192 1
192 1
192 1
192 1
192 1
192 1
192 1
192 1
192 1
192 1
192 1
192 1
192 1
192 1
192 1
192 1
214 1
214 1
214 1
214 1
214 1
214 1
214 1
214 1
214 1
214 1
214 1
214 1
214 1
214 1
214 1
214 1
214 1
214 1
214 1
214 1
214 1
214 1
214 1
214 1
214 1
214 1
214 1
214 1
214 1
214 1
214 1
214 1
214 1
214 1
214 1
214 1
214 1
214 1
214 1
231 1
231 1
231 1
231 1
231 1
231 1
231 1
231 1
231 1
231 1
231 1
231 1
231 1
231 1
231 1
231 1
231 1
231 1
231 1
231 1
231 1
231 1
231 1
231 1
231 1
231 1
231 1
231 1
231 1
231 1
231 1
231 1
231 1
231 1
231 1
231 1
231 1
231 1
231 1
308 1
308 1
308 1
308 1
308 1
308 1
308 1
308 1
308 1
308 1
308 1
308 1
308 1
308 1
308 1
308 1
308 1
308 1
308 1
308 1
308 1
308 1
308 1
308 1
308 1
308 1
308 1
308 1
308 1
308 1
308 1
308 1
308 1
308 1
308 1
308 1
308 1
308 1
308 1
388 1
388 1
388 1
388 1
388 1
388 1
388 1
388 1
388 1
388 1
388 1
388 1
388 1
388 1
388 1
388 1
388 1
388 1
388 1
388 1
388 1
388 1
388 1
388 1
388 1
388 1
388 1
388 1
388 1
388 1
388 1
388 1
388 1
388 1
388 1
388 1
388 1
388 1
388 1
402 1
402 1
402 1
402 1
402 1
402 1
402 1
402 1
402 1
402 1
402 1
402 1
402 1
402 1
402 1
402 1
402 1
402 1
402 1
402 1
402 1
402 1
402 1
402 1
402 1
402 1
402 1
402 1
402 1
402 1
402 1
402 1
402 1
402 1
402 1
402 1
402 1
402 1
402 1
423 1
423 1
423 1
423 1
423 1
423 1
423 1
423 1
423 1
423 1
423 1
423 1
423 1
423 1
423 1
423 1
423 1
423 1
423 1
423 1
423 1
423 1
423 1
423 1
423 1
423 1
423 1
423 1
423 1
423 1
423 1
423 1
423 1
423 1
423 1
423 1
423 1
423 1
423 1
438 1
438 1
438 1
438 1
438 1
438 1
438 1
438 1
438 1
438 1
438 1
438 1
438 1
438 1
438 1
438 1
438 1
438 1
438 1
438 1
438 1
438 1
438 1
438 1
438 1
438 1
438 1
438 1
438 1
438 1
438 1
438 1
438 1
438 1
438 1
438 1
438 1
438 1
438 1
439 1
439 1
439 1
439 1
439 1
439 1
439 1
439 1
439 1
439 1
439 1
439 1
439 1
439 1
439 1
439 1
439 1
439 1
439 1
439 1
439 1
439 1
439 1
439 1
439 1
439 1
439 1
439 1
439 1
439 1
439 1
439 1
439 1
439 1
439 1
439 1
439 1
439 1
439 1
440 1
440 1
440 1
440 1
440 1
440 1
440 1
440 1
440 1
440 1
440 1
440 1
440 1
440 1
440 1
440 1
440 1
440 1
440 1
440 1
440 1
440 1
440 1
440 1
440 1
440 1
440 1
440 1
440 1
440 1
440 1
440 1
440 1
440 1
440 1
440 1
440 1
440 1
440 1
463 1
463 1
463 1
463 1
463 1
463 1
463 1
463 1
463 1
463 1
463 1
463 1
463 1
463 1
463 1
463 1
463 1
463 1
463 1
463 1
463 1
463 1
463 1
463 1
463 1
463 1
463 1
463 1
463 1
463 1
463 1
463 1
463 1
463 1
463 1
463 1
463 1
463 1
463 1
464 1
464 1
464 1
464 1
464 1
464 1
464 1
464 1
464 1
464 1
464 1
464 1
464 1
464 1
464 1
464 1
464 1
464 1
464 1
464 1
464 1
464 1
464 1
464 1
464 1
464 1
464 1
464 1
464 1
464 1
464 1
464 1
464 1
464 1
464 1
464 1
464 1
464 1
464 1
472 1
472 1
472 1
472 1
472 1
472 1
472 1
472 1
472 1
472 1
472 1
472 1
472 1
472 1
472 1
472 1
472 1
472 1
472 1
472 1
472 1
472 1
472 1
472 1
472 1
472 1
472 1
472 1
472 1
472 1
472 1
472 1
472 1
472 1
472 1
472 1
472 1
472 1
472 1
473 1
473 1
473 1
473 1
473 1
473 1
473 1
473 1
473 1
473 1
473 1
473 1
473 1
473 1
473 1
473 1
473 1
473 1
473 1
473 1
473 1
473 1
473 1
473 1
473 1
473 1
473 1
473 1
473 1
473 1
473 1
473 1
473 1
473 1
473 1
473 1
473 1
473 1
473 1
474 1
474 1
474 1
474 1
474 1
474 1
474 1
474 1
474 1
474 1
474 1
474 1
474 1
474 1
474 1
474 1
474 1
474 1
474 1
474 1
474 1
474 1
474 1
474 1
474 1
474 1
474 1
474 1
474 1
474 1
474 1
474 1
474 1
474 1
474 1
474 1
474 1
474 1
474 1
485 1
485 1
485 1
485 1
485 1
485 1
485 1
485 1
485 1
485 1
485 1
485 1
485 1
485 1
485 1
485 1
485 1
485 1
485 1
485 1
485 1
485 1
485 1
485 1
485 1
485 1
485 1
485 1
485 1
485 1
485 1
485 1
485 1
485 1
485 1
485 1
485 1
485 1
485 1
488 1
488 1
488 1
488 1
488 1
488 1
488 1
488 1
488 1
488 1
488 1
488 1
488 1
488 1
488 1
488 1
488 1
488 1
488 1
488 1
488 1
488 1
488 1
488 1
488 1
488 1
488 1
488 1
488 1
488 1
488 1
488 1
488 1
488 1
488 1
488 1
488 1
488 1
488 1
489 1
489 1
489 1
489 1
489 1
489 1
489 1
489 1
489 1
489 1
489 1
489 1
489 1
489 1
489 1
489 1
489 1
489 1
489 1
489 1
489 1
489 1
489 1
489 1
489 1
489 1
489 1
489 1
489 1
489 1
489 1
489 1
489 1
489 1
489 1
489 1
489 1
489 1
489 1
517 1
517 1
517 1
517 1
517 1
517 1
517 1
517 1
517 1
517 1
517 1
517 1
517 1
517 1
517 1
517 1
517 1
517 1
517 1
517 1
517 1
517 1
517 1
517 1
517 1
517 1
517 1
517 1
517 1
517 1
517 1
517 1
517 1
517 1
517 1
517 1
517 1
517 1
517 1
546 1
546 1
546 1
546 1
546 1
546 1
546 1
546 1
546 1
546 1
546 1
546 1
546 1
546 1
546 1
546 1
546 1
546 1
546 1
546 1
546 1
546 1
546 1
546 1
546 1
546 1
546 1
546 1
546 1
546 1
546 1
546 1
546 1
546 1
546 1
546 1
546 1
546 1
546 1
585 1
585 1
585 1
585 1
585 1
585 1
585 1
585 1
585 1
585 1
585 1
585 1
585 1
585 1
585 1
585 1
585 1
585 1
585 1
585 1
585 1
585 1
585 1
585 1
585 1
585 1
585 1
585 1
585 1
585 1
585 1
585 1
585 1
585 1
585 1
585 1
585 1
585 1
585 1
582 1
582 1
582 1
582 1
582 1
582 1
582 1
582 1
582 1
582 1
582 1
582 1
582 1
582 1
582 1
582 1
582 1
582 1
582 1
582 1
582 1
582 1
582 1
582 1
582 1
582 1
582 1
582 1
582 1
582 1
582 1
582 1
582 1
582 1
582 1
582 1
582 1
582 1
582 1
617 1
617 1
617 1
617 1
617 1
617 1
617 1
617 1
617 1
617 1
617 1
617 1
617 1
617 1
617 1
617 1
617 1
617 1
617 1
617 1
617 1
617 1
617 1
617 1
617 1
617 1
617 1
617 1
617 1
617 1
617 1
617 1
617 1
617 1
617 1
617 1
617 1
617 1
617 1
657 1
657 1
657 1
657 1
657 1
657 1
657 1
657 1
657 1
657 1
657 1
657 1
657 1
657 1
657 1
657 1
657 1
657 1
657 1
657 1
657 1
657 1
657 1
657 1
657 1
657 1
657 1
657 1
657 1
657 1
657 1
657 1
657 1
657 1
657 1
657 1
657 1
657 1
657 1
751 1
751 1
751 1
751 1
751 1
751 1
751 1
751 1
751 1
751 1
751 1
751 1
751 1
751 1
751 1
751 1
751 1
751 1
751 1
751 1
751 1
751 1
751 1
751 1
751 1
751 1
751 1
751 1
751 1
751 1
751 1
751 1
751 1
751 1
751 1
751 1
751 1
751 1
751 1
10636 1
10636 1
10636 1
10636 1
10636 1
10636 1
10636 1
10636 1
10636 1
10636 1
10636 1
10636 1
10636 1
10636 1
10636 1
10636 1
10636 1
10636 1
10636 1
10636 1
10636 1
10636 1
10636 1
10636 1
10636 1
10636 1
10636 1
10636 1
10636 1
10636 1
10636 1
10636 1
10636 1
10636 1
10636 1
10636 1
10636 1
10636 1
10636 1
760 1
760 1
760 1
760 1
760 1
760 1
760 1
760 1
760 1
760 1
760 1
760 1
760 1
760 1
760 1
760 1
760 1
760 1
760 1
760 1
760 1
760 1
760 1
760 1
760 1
760 1
760 1
760 1
760 1
760 1
760 1
760 1
760 1
760 1
760 1
760 1
760 1
760 1
760 1
770 1
770 1
770 1
770 1
770 1
770 1
770 1
770 1
770 1
770 1
770 1
770 1
770 1
770 1
770 1
770 1
770 1
770 1
770 1
770 1
770 1
770 1
770 1
770 1
770 1
770 1
770 1
770 1
770 1
770 1
770 1
770 1
770 1
770 1
770 1
770 1
770 1
770 1
770 1
838 1
838 1
838 1
838 1
838 1
838 1
838 1
838 1
838 1
838 1
838 1
838 1
838 1
838 1
838 1
838 1
838 1
838 1
838 1
838 1
838 1
838 1
838 1
838 1
838 1
838 1
838 1
838 1
838 1
838 1
838 1
838 1
838 1
838 1
838 1
838 1
838 1
838 1
838 1
884 1
884 1
884 1
884 1
884 1
884 1
884 1
884 1
884 1
884 1
884 1
884 1
884 1
884 1
884 1
884 1
884 1
884 1
884 1
884 1
884 1
884 1
884 1
884 1
884 1
884 1
884 1
884 1
884 1
884 1
884 1
884 1
884 1
884 1
884 1
884 1
884 1
884 1
884 1
888 1
888 1
888 1
888 1
888 1
888 1
888 1
888 1
888 1
888 1
888 1
888 1
888 1
888 1
888 1
888 1
888 1
888 1
888 1
888 1
888 1
888 1
888 1
888 1
888 1
888 1
888 1
888 1
888 1
888 1
888 1
888 1
888 1
888 1
888 1
888 1
888 1
888 1
888 1
1000 1
1000 1
1000 1
1000 1
1000 1
1000 1
1000 1
1000 1
1000 1
1000 1
1000 1
1000 1
1000 1
1000 1
1000 1
1000 1
1000 1
1000 1
1000 1
1000 1
1000 1
1000 1
1000 1
1000 1
1000 1
1000 1
1000 1
1000 1
1000 1
1000 1
1000 1
1000 1
1000 1
1000 1
1000 1
1000 1
1000 1
1000 1
1000 1
999 1
999 1
999 1
999 1
999 1
999 1
999 1
999 1
999 1
999 1
999 1
999 1
999 1
999 1
999 1
999 1
999 1
999 1
999 1
999 1
999 1
999 1
999 1
999 1
999 1
999 1
999 1
999 1
999 1
999 1
999 1
999 1
999 1
999 1
999 1
999 1
999 1
999 1
999 1
993 1
993 1
993 1
993 1
993 1
993 1
993 1
993 1
993 1
993 1
993 1
993 1
993 1
993 1
993 1
993 1
993 1
993 1
993 1
993 1
993 1
993 1
993 1
993 1
993 1
993 1
993 1
993 1
993 1
993 1
993 1
993 1
993 1
993 1
993 1
993 1
993 1
993 1
993 1
1056 1
1056 1
1056 1
1056 1
1056 1
1056 1
1056 1
1056 1
1056 1
1056 1
1056 1
1056 1
1056 1
1056 1
1056 1
1056 1
1056 1
1056 1
1056 1
1056 1
1056 1
1056 1
1056 1
1056 1
1056 1
1056 1
1056 1
1056 1
1056 1
1056 1
1056 1
1056 1
1056 1
1056 1
1056 1
1056 1
1056 1
1056 1
1056 1
1096 1
1096 1
1096 1
1096 1
1096 1
1096 1
1096 1
1096 1
1096 1
1096 1
1096 1
1096 1
1096 1
1096 1
1096 1
1096 1
1096 1
1096 1
1096 1
1096 1
1096 1
1096 1
1096 1
1096 1
1096 1
1096 1
1096 1
1096 1
1096 1
1096 1
1096 1
1096 1
1096 1
1096 1
1096 1
1096 1
1096 1
1096 1
1096 1
1097 1
1097 1
1097 1
1097 1
1097 1
1097 1
1097 1
1097 1
1097 1
1097 1
1097 1
1097 1
1097 1
1097 1
1097 1
1097 1
1097 1
1097 1
1097 1
1097 1
1097 1
1097 1
1097 1
1097 1
1097 1
1097 1
1097 1
1097 1
1097 1
1097 1
1097 1
1097 1
1097 1
1097 1
1097 1
1097 1
1097 1
1097 1
1097 1
1104 1
1104 1
1104 1
1104 1
1104 1
1104 1
1104 1
1104 1
1104 1
1104 1
1104 1
1104 1
1104 1
1104 1
1104 1
1104 1
1104 1
1104 1
1104 1
1104 1
1104 1
1104 1
1104 1
1104 1
1104 1
1104 1
1104 1
1104 1
1104 1
1104 1
1104 1
1104 1
1104 1
1104 1
1104 1
1104 1
1104 1
1104 1
1104 1
1158 1
1158 1
1158 1
1158 1
1158 1
1158 1
1158 1
1158 1
1158 1
1158 1
1158 1
1158 1
1158 1
1158 1
1158 1
1158 1
1158 1
1158 1
1158 1
1158 1
1158 1
1158 1
1158 1
1158 1
1158 1
1158 1
1158 1
1158 1
1158 1
1158 1
1158 1
1158 1
1158 1
1158 1
1158 1
1158 1
1158 1
1158 1
1158 1
1172 1
1172 1
1172 1
1172 1
1172 1
1172 1
1172 1
1172 1
1172 1
1172 1
1172 1
1172 1
1172 1
1172 1
1172 1
1172 1
1172 1
1172 1
1172 1
1172 1
1172 1
1172 1
1172 1
1172 1
1172 1
1172 1
1172 1
1172 1
1172 1
1172 1
1172 1
1172 1
1172 1
1172 1
1172 1
1172 1
1172 1
1172 1
1172 1
1167 1
1167 1
1167 1
1167 1
1167 1
1167 1
1167 1
1167 1
1167 1
1167 1
1167 1
1167 1
1167 1
1167 1
1167 1
1167 1
1167 1
1167 1
1167 1
1167 1
1167 1
1167 1
1167 1
1167 1
1167 1
1167 1
1167 1
1167 1
1167 1
1167 1
1167 1
1167 1
1167 1
1167 1
1167 1
1167 1
1167 1
1167 1
1167 1
1169 1
1169 1
1169 1
1169 1
1169 1
1169 1
1169 1
1169 1
1169 1
1169 1
1169 1
1169 1
1169 1
1169 1
1169 1
1169 1
1169 1
1169 1
1169 1
1169 1
1169 1
1169 1
1169 1
1169 1
1169 1
1169 1
1169 1
1169 1
1169 1
1169 1
1169 1
1169 1
1169 1
1169 1
1169 1
1169 1
1169 1
1169 1
1169 1
1214 1
1214 1
1214 1
1214 1
1214 1
1214 1
1214 1
1214 1
1214 1
1214 1
1214 1
1214 1
1214 1
1214 1
1214 1
1214 1
1214 1
1214 1
1214 1
1214 1
1214 1
1214 1
1214 1
1214 1
1214 1
1214 1
1214 1
1214 1
1214 1
1214 1
1214 1
1214 1
1214 1
1214 1
1214 1
1214 1
1214 1
1214 1
1214 1
1219 1
1219 1
1219 1
1219 1
1219 1
1219 1
1219 1
1219 1
1219 1
1219 1
1219 1
1219 1
1219 1
1219 1
1219 1
1219 1
1219 1
1219 1
1219 1
1219 1
1219 1
1219 1
1219 1
1219 1
1219 1
1219 1
1219 1
1219 1
1219 1
1219 1
1219 1
1219 1
1219 1
1219 1
1219 1
1219 1
1219 1
1219 1
1219 1
1236 1
1236 1
1236 1
1236 1
1236 1
1236 1
1236 1
1236 1
1236 1
1236 1
1236 1
1236 1
1236 1
1236 1
1236 1
1236 1
1236 1
1236 1
1236 1
1236 1
1236 1
1236 1
1236 1
1236 1
1236 1
1236 1
1236 1
1236 1
1236 1
1236 1
1236 1
1236 1
1236 1
1236 1
1236 1
1236 1
1236 1
1236 1
1236 1
1235 1
1235 1
1235 1
1235 1
1235 1
1235 1
1235 1
1235 1
1235 1
1235 1
1235 1
1235 1
1235 1
1235 1
1235 1
1235 1
1235 1
1235 1
1235 1
1235 1
1235 1
1235 1
1235 1
1235 1
1235 1
1235 1
1235 1
1235 1
1235 1
1235 1
1235 1
1235 1
1235 1
1235 1
1235 1
1235 1
1235 1
1235 1
1235 1
1231 1
1231 1
1231 1
1231 1
1231 1
1231 1
1231 1
1231 1
1231 1
1231 1
1231 1
1231 1
1231 1
1231 1
1231 1
1231 1
1231 1
1231 1
1231 1
1231 1
1231 1
1231 1
1231 1
1231 1
1231 1
1231 1
1231 1
1231 1
1231 1
1231 1
1231 1
1231 1
1231 1
1231 1
1231 1
1231 1
1231 1
1231 1
1231 1
1283 1
1283 1
1283 1
1283 1
1283 1
1283 1
1283 1
1283 1
1283 1
1283 1
1283 1
1283 1
1283 1
1283 1
1283 1
1283 1
1283 1
1283 1
1283 1
1283 1
1283 1
1283 1
1283 1
1283 1
1283 1
1283 1
1283 1
1283 1
1283 1
1283 1
1283 1
1283 1
1283 1
1283 1
1283 1
1283 1
1283 1
1283 1
1283 1
1332 1
1332 1
1332 1
1332 1
1332 1
1332 1
1332 1
1332 1
1332 1
1332 1
1332 1
1332 1
1332 1
1332 1
1332 1
1332 1
1332 1
1332 1
1332 1
1332 1
1332 1
1332 1
1332 1
1332 1
1332 1
1332 1
1332 1
1332 1
1332 1
1332 1
1332 1
1332 1
1332 1
1332 1
1332 1
1332 1
1332 1
1332 1
1332 1
1288 1
1288 1
1288 1
1288 1
1288 1
1288 1
1288 1
1288 1
1288 1
1288 1
1288 1
1288 1
1288 1
1288 1
1288 1
1288 1
1288 1
1288 1
1288 1
1288 1
1288 1
1288 1
1288 1
1288 1
1288 1
1288 1
1288 1
1288 1
1288 1
1288 1
1288 1
1288 1
1288 1
1288 1
1288 1
1288 1
1288 1
1288 1
1288 1
1301 1
1301 1
1301 1
1301 1
1301 1
1301 1
1301 1
1301 1
1301 1
1301 1
1301 1
1301 1
1301 1
1301 1
1301 1
1301 1
1301 1
1301 1
1301 1
1301 1
1301 1
1301 1
1301 1
1301 1
1301 1
1301 1
1301 1
1301 1
1301 1
1301 1
1301 1
1301 1
1301 1
1301 1
1301 1
1301 1
1301 1
1301 1
1301 1
1300 1
1300 1
1300 1
1300 1
1300 1
1300 1
1300 1
1300 1
1300 1
1300 1
1300 1
1300 1
1300 1
1300 1
1300 1
1300 1
1300 1
1300 1
1300 1
1300 1
1300 1
1300 1
1300 1
1300 1
1300 1
1300 1
1300 1
1300 1
1300 1
1300 1
1300 1
1300 1
1300 1
1300 1
1300 1
1300 1
1300 1
1300 1
1300 1
1386 1
1386 1
1386 1
1386 1
1386 1
1386 1
1386 1
1386 1
1386 1
1386 1
1386 1
1386 1
1386 1
1386 1
1386 1
1386 1
1386 1
1386 1
1386 1
1386 1
1386 1
1386 1
1386 1
1386 1
1386 1
1386 1
1386 1
1386 1
1386 1
1386 1
1386 1
1386 1
1386 1
1386 1
1386 1
1386 1
1386 1
1386 1
1386 1
1343 1
1343 1
1343 1
1343 1
1343 1
1343 1
1343 1
1343 1
1343 1
1343 1
1343 1
1343 1
1343 1
1343 1
1343 1
1343 1
1343 1
1343 1
1343 1
1343 1
1343 1
1343 1
1343 1
1343 1
1343 1
1343 1
1343 1
1343 1
1343 1
1343 1
1343 1
1343 1
1343 1
1343 1
1343 1
1343 1
1343 1
1343 1
1343 1
1347 1
1347 1
1347 1
1347 1
1347 1
1347 1
1347 1
1347 1
1347 1
1347 1
1347 1
1347 1
1347 1
1347 1
1347 1
1347 1
1347 1
1347 1
1347 1
1347 1
1347 1
1347 1
1347 1
1347 1
1347 1
1347 1
1347 1
1347 1
1347 1
1347 1
1347 1
1347 1
1347 1
1347 1
1347 1
1347 1
1347 1
1347 1
1347 1
1348 1
1348 1
1348 1
1348 1
1348 1
1348 1
1348 1
1348 1
1348 1
1348 1
1348 1
1348 1
1348 1
1348 1
1348 1
1348 1
1348 1
1348 1
1348 1
1348 1
1348 1
1348 1
1348 1
1348 1
1348 1
1348 1
1348 1
1348 1
1348 1
1348 1
1348 1
1348 1
1348 1
1348 1
1348 1
1348 1
1348 1
1348 1
1348 1
1349 1
1349 1
1349 1
1349 1
1349 1
1349 1
1349 1
1349 1
1349 1
1349 1
1349 1
1349 1
1349 1
1349 1
1349 1
1349 1
1349 1
1349 1
1349 1
1349 1
1349 1
1349 1
1349 1
1349 1
1349 1
1349 1
1349 1
1349 1
1349 1
1349 1
1349 1
1349 1
1349 1
1349 1
1349 1
1349 1
1349 1
1349 1
1349 1
1350 1
1350 1
1350 1
1350 1
1350 1
1350 1
1350 1
1350 1
1350 1
1350 1
1350 1
1350 1
1350 1
1350 1
1350 1
1350 1
1350 1
1350 1
1350 1
1350 1
1350 1
1350 1
1350 1
1350 1
1350 1
1350 1
1350 1
1350 1
1350 1
1350 1
1350 1
1350 1
1350 1
1350 1
1350 1
1350 1
1350 1
1350 1
1350 1
1376 1
1376 1
1376 1
1376 1
1376 1
1376 1
1376 1
1376 1
1376 1
1376 1
1376 1
1376 1
1376 1
1376 1
1376 1
1376 1
1376 1
1376 1
1376 1
1376 1
1376 1
1376 1
1376 1
1376 1
1376 1
1376 1
1376 1
1376 1
1376 1
1376 1
1376 1
1376 1
1376 1
1376 1
1376 1
1376 1
1376 1
1376 1
1376 1
1369 1
1369 1
1369 1
1369 1
1369 1
1369 1
1369 1
1369 1
1369 1
1369 1
1369 1
1369 1
1369 1
1369 1
1369 1
1369 1
1369 1
1369 1
1369 1
1369 1
1369 1
1369 1
1369 1
1369 1
1369 1
1369 1
1369 1
1369 1
1369 1
1369 1
1369 1
1369 1
1369 1
1369 1
1369 1
1369 1
1369 1
1369 1
1369 1
1368 1
1368 1
1368 1
1368 1
1368 1
1368 1
1368 1
1368 1
1368 1
1368 1
1368 1
1368 1
1368 1
1368 1
1368 1
1368 1
1368 1
1368 1
1368 1
1368 1
1368 1
1368 1
1368 1
1368 1
1368 1
1368 1
1368 1
1368 1
1368 1
1368 1
1368 1
1368 1
1368 1
1368 1
1368 1
1368 1
1368 1
1368 1
1368 1
1367 1
1367 1
1367 1
1367 1
1367 1
1367 1
1367 1
1367 1
1367 1
1367 1
1367 1
1367 1
1367 1
1367 1
1367 1
1367 1
1367 1
1367 1
1367 1
1367 1
1367 1
1367 1
1367 1
1367 1
1367 1
1367 1
1367 1
1367 1
1367 1
1367 1
1367 1
1367 1
1367 1
1367 1
1367 1
1367 1
1367 1
1367 1
1367 1
1364 1
1364 1
1364 1
1364 1
1364 1
1364 1
1364 1
1364 1
1364 1
1364 1
1364 1
1364 1
1364 1
1364 1
1364 1
1364 1
1364 1
1364 1
1364 1
1364 1
1364 1
1364 1
1364 1
1364 1
1364 1
1364 1
1364 1
1364 1
1364 1
1364 1
1364 1
1364 1
1364 1
1364 1
1364 1
1364 1
1364 1
1364 1
1364 1
1448 1
1448 1
1448 1
1448 1
1448 1
1448 1
1448 1
1448 1
1448 1
1448 1
1448 1
1448 1
1448 1
1448 1
1448 1
1448 1
1448 1
1448 1
1448 1
1448 1
1448 1
1448 1
1448 1
1448 1
1448 1
1448 1
1448 1
1448 1
1448 1
1448 1
1448 1
1448 1
1448 1
1448 1
1448 1
1448 1
1448 1
1448 1
1448 1
1412 1
1412 1
1412 1
1412 1
1412 1
1412 1
1412 1
1412 1
1412 1
1412 1
1412 1
1412 1
1412 1
1412 1
1412 1
1412 1
1412 1
1412 1
1412 1
1412 1
1412 1
1412 1
1412 1
1412 1
1412 1
1412 1
1412 1
1412 1
1412 1
1412 1
1412 1
1412 1
1412 1
1412 1
1412 1
1412 1
1412 1
1412 1
1412 1
1413 1
1413 1
1413 1
1413 1
1413 1
1413 1
1413 1
1413 1
1413 1
1413 1
1413 1
1413 1
1413 1
1413 1
1413 1
1413 1
1413 1
1413 1
1413 1
1413 1
1413 1
1413 1
1413 1
1413 1
1413 1
1413 1
1413 1
1413 1
1413 1
1413 1
1413 1
1413 1
1413 1
1413 1
1413 1
1413 1
1413 1
1413 1
1413 1
1414 1
1414 1
1414 1
1414 1
1414 1
1414 1
1414 1
1414 1
1414 1
1414 1
1414 1
1414 1
1414 1
1414 1
1414 1
1414 1
1414 1
1414 1
1414 1
1414 1
1414 1
1414 1
1414 1
1414 1
1414 1
1414 1
1414 1
1414 1
1414 1
1414 1
1414 1
1414 1
1414 1
1414 1
1414 1
1414 1
1414 1
1414 1
1414 1
1415 1
1415 1
1415 1
1415 1
1415 1
1415 1
1415 1
1415 1
1415 1
1415 1
1415 1
1415 1
1415 1
1415 1
1415 1
1415 1
1415 1
1415 1
1415 1
1415 1
1415 1
1415 1
1415 1
1415 1
1415 1
1415 1
1415 1
1415 1
1415 1
1415 1
1415 1
1415 1
1415 1
1415 1
1415 1
1415 1
1415 1
1415 1
1415 1
1464 1
1464 1
1464 1
1464 1
1464 1
1464 1
1464 1
1464 1
1464 1
1464 1
1464 1
1464 1
1464 1
1464 1
1464 1
1464 1
1464 1
1464 1
1464 1
1464 1
1464 1
1464 1
1464 1
1464 1
1464 1
1464 1
1464 1
1464 1
1464 1
1464 1
1464 1
1464 1
1464 1
1464 1
1464 1
1464 1
1464 1
1464 1
1464 1
1416 1
1416 1
1416 1
1416 1
1416 1
1416 1
1416 1
1416 1
1416 1
1416 1
1416 1
1416 1
1416 1
1416 1
1416 1
1416 1
1416 1
1416 1
1416 1
1416 1
1416 1
1416 1
1416 1
1416 1
1416 1
1416 1
1416 1
1416 1
1416 1
1416 1
1416 1
1416 1
1416 1
1416 1
1416 1
1416 1
1416 1
1416 1
1416 1
1418 1
1418 1
1418 1
1418 1
1418 1
1418 1
1418 1
1418 1
1418 1
1418 1
1418 1
1418 1
1418 1
1418 1
1418 1
1418 1
1418 1
1418 1
1418 1
1418 1
1418 1
1418 1
1418 1
1418 1
1418 1
1418 1
1418 1
1418 1
1418 1
1418 1
1418 1
1418 1
1418 1
1418 1
1418 1
1418 1
1418 1
1418 1
1418 1
1435 1
1435 1
1435 1
1435 1
1435 1
1435 1
1435 1
1435 1
1435 1
1435 1
1435 1
1435 1
1435 1
1435 1
1435 1
1435 1
1435 1
1435 1
1435 1
1435 1
1435 1
1435 1
1435 1
1435 1
1435 1
1435 1
1435 1
1435 1
1435 1
1435 1
1435 1
1435 1
1435 1
1435 1
1435 1
1435 1
1435 1
1435 1
1435 1
1434 1
1434 1
1434 1
1434 1
1434 1
1434 1
1434 1
1434 1
1434 1
1434 1
1434 1
1434 1
1434 1
1434 1
1434 1
1434 1
1434 1
1434 1
1434 1
1434 1
1434 1
1434 1
1434 1
1434 1
1434 1
1434 1
1434 1
1434 1
1434 1
1434 1
1434 1
1434 1
1434 1
1434 1
1434 1
1434 1
1434 1
1434 1
1434 1
1433 1
1433 1
1433 1
1433 1
1433 1
1433 1
1433 1
1433 1
1433 1
1433 1
1433 1
1433 1
1433 1
1433 1
1433 1
1433 1
1433 1
1433 1
1433 1
1433 1
1433 1
1433 1
1433 1
1433 1
1433 1
1433 1
1433 1
1433 1
1433 1
1433 1
1433 1
1433 1
1433 1
1433 1
1433 1
1433 1
1433 1
1433 1
1433 1
1470 1
1470 1
1470 1
1470 1
1470 1
1470 1
1470 1
1470 1
1470 1
1470 1
1470 1
1470 1
1470 1
1470 1
1470 1
1470 1
1470 1
1470 1
1470 1
1470 1
1470 1
1470 1
1470 1
1470 1
1470 1
1470 1
1470 1
1470 1
1470 1
1470 1
1470 1
1470 1
1470 1
1470 1
1470 1
1470 1
1470 1
1470 1
1470 1
1471 1
1471 1
1471 1
1471 1
1471 1
1471 1
1471 1
1471 1
1471 1
1471 1
1471 1
1471 1
1471 1
1471 1
1471 1
1471 1
1471 1
1471 1
1471 1
1471 1
1471 1
1471 1
1471 1
1471 1
1471 1
1471 1
1471 1
1471 1
1471 1
1471 1
1471 1
1471 1
1471 1
1471 1
1471 1
1471 1
1471 1
1471 1
1471 1
1484 1
1484 1
1484 1
1484 1
1484 1
1484 1
1484 1
1484 1
1484 1
1484 1
1484 1
1484 1
1484 1
1484 1
1484 1
1484 1
1484 1
1484 1
1484 1
1484 1
1484 1
1484 1
1484 1
1484 1
1484 1
1484 1
1484 1
1484 1
1484 1
1484 1
1484 1
1484 1
1484 1
1484 1
1484 1
1484 1
1484 1
1484 1
1484 1
1493 1
1493 1
1493 1
1493 1
1493 1
1493 1
1493 1
1493 1
1493 1
1493 1
1493 1
1493 1
1493 1
1493 1
1493 1
1493 1
1493 1
1493 1
1493 1
1493 1
1493 1
1493 1
1493 1
1493 1
1493 1
1493 1
1493 1
1493 1
1493 1
1493 1
1493 1
1493 1
1493 1
1493 1
1493 1
1493 1
1493 1
1493 1
1493 1
1501 1
1501 1
1501 1
1501 1
1501 1
1501 1
1501 1
1501 1
1501 1
1501 1
1501 1
1501 1
1501 1
1501 1
1501 1
1501 1
1501 1
1501 1
1501 1
1501 1
1501 1
1501 1
1501 1
1501 1
1501 1
1501 1
1501 1
1501 1
1501 1
1501 1
1501 1
1501 1
1501 1
1501 1
1501 1
1501 1
1501 1
1501 1
1501 1
1496 1
1496 1
1496 1
1496 1
1496 1
1496 1
1496 1
1496 1
1496 1
1496 1
1496 1
1496 1
1496 1
1496 1
1496 1
1496 1
1496 1
1496 1
1496 1
1496 1
1496 1
1496 1
1496 1
1496 1
1496 1
1496 1
1496 1
1496 1
1496 1
1496 1
1496 1
1496 1
1496 1
1496 1
1496 1
1496 1
1496 1
1496 1
1496 1
1498 1
1498 1
1498 1
1498 1
1498 1
1498 1
1498 1
1498 1
1498 1
1498 1
1498 1
1498 1
1498 1
1498 1
1498 1
1498 1
1498 1
1498 1
1498 1
1498 1
1498 1
1498 1
1498 1
1498 1
1498 1
1498 1
1498 1
1498 1
1498 1
1498 1
1498 1
1498 1
1498 1
1498 1
1498 1
1498 1
1498 1
1498 1
1498 1
1546 1
1546 1
1546 1
1546 1
1546 1
1546 1
1546 1
1546 1
1546 1
1546 1
1546 1
1546 1
1546 1
1546 1
1546 1
1546 1
1546 1
1546 1
1546 1
1546 1
1546 1
1546 1
1546 1
1546 1
1546 1
1546 1
1546 1
1546 1
1546 1
1546 1
1546 1
1546 1
1546 1
1546 1
1546 1
1546 1
1546 1
1546 1
1546 1
1557 1
1557 1
1557 1
1557 1
1557 1
1557 1
1557 1
1557 1
1557 1
1557 1
1557 1
1557 1
1557 1
1557 1
1557 1
1557 1
1557 1
1557 1
1557 1
1557 1
1557 1
1557 1
1557 1
1557 1
1557 1
1557 1
1557 1
1557 1
1557 1
1557 1
1557 1
1557 1
1557 1
1557 1
1557 1
1557 1
1557 1
1557 1
1557 1
1574 1
1574 1
1574 1
1574 1
1574 1
1574 1
1574 1
1574 1
1574 1
1574 1
1574 1
1574 1
1574 1
1574 1
1574 1
1574 1
1574 1
1574 1
1574 1
1574 1
1574 1
1574 1
1574 1
1574 1
1574 1
1574 1
1574 1
1574 1
1574 1
1574 1
1574 1
1574 1
1574 1
1574 1
1574 1
1574 1
1574 1
1574 1
1574 1
1564 1
1564 1
1564 1
1564 1
1564 1
1564 1
1564 1
1564 1
1564 1
1564 1
1564 1
1564 1
1564 1
1564 1
1564 1
1564 1
1564 1
1564 1
1564 1
1564 1
1564 1
1564 1
1564 1
1564 1
1564 1
1564 1
1564 1
1564 1
1564 1
1564 1
1564 1
1564 1
1564 1
1564 1
1564 1
1564 1
1564 1
1564 1
1564 1
1569 1
1569 1
1569 1
1569 1
1569 1
1569 1
1569 1
1569 1
1569 1
1569 1
1569 1
1569 1
1569 1
1569 1
1569 1
1569 1
1569 1
1569 1
1569 1
1569 1
1569 1
1569 1
1569 1
1569 1
1569 1
1569 1
1569 1
1569 1
1569 1
1569 1
1569 1
1569 1
1569 1
1569 1
1569 1
1569 1
1569 1
1569 1
1569 1
1611 1
1611 1
1611 1
1611 1
1611 1
1611 1
1611 1
1611 1
1611 1
1611 1
1611 1
1611 1
1611 1
1611 1
1611 1
1611 1
1611 1
1611 1
1611 1
1611 1
1611 1
1611 1
1611 1
1611 1
1611 1
1611 1
1611 1
1611 1
1611 1
1611 1
1611 1
1611 1
1611 1
1611 1
1611 1
1611 1
1611 1
1611 1
1611 1
1612 1
1612 1
1612 1
1612 1
1612 1
1612 1
1612 1
1612 1
1612 1
1612 1
1612 1
1612 1
1612 1
1612 1
1612 1
1612 1
1612 1
1612 1
1612 1
1612 1
1612 1
1612 1
1612 1
1612 1
1612 1
1612 1
1612 1
1612 1
1612 1
1612 1
1612 1
1612 1
1612 1
1612 1
1612 1
1612 1
1612 1
1612 1
1612 1
1626 1
1626 1
1626 1
1626 1
1626 1
1626 1
1626 1
1626 1
1626 1
1626 1
1626 1
1626 1
1626 1
1626 1
1626 1
1626 1
1626 1
1626 1
1626 1
1626 1
1626 1
1626 1
1626 1
1626 1
1626 1
1626 1
1626 1
1626 1
1626 1
1626 1
1626 1
1626 1
1626 1
1626 1
1626 1
1626 1
1626 1
1626 1
1626 1
1644 1
1644 1
1644 1
1644 1
1644 1
1644 1
1644 1
1644 1
1644 1
1644 1
1644 1
1644 1
1644 1
1644 1
1644 1
1644 1
1644 1
1644 1
1644 1
1644 1
1644 1
1644 1
1644 1
1644 1
1644 1
1644 1
1644 1
1644 1
1644 1
1644 1
1644 1
1644 1
1644 1
1644 1
1644 1
1644 1
1644 1
1644 1
1644 1
1638 1
1638 1
1638 1
1638 1
1638 1
1638 1
1638 1
1638 1
1638 1
1638 1
1638 1
1638 1
1638 1
1638 1
1638 1
1638 1
1638 1
1638 1
1638 1
1638 1
1638 1
1638 1
1638 1
1638 1
1638 1
1638 1
1638 1
1638 1
1638 1
1638 1
1638 1
1638 1
1638 1
1638 1
1638 1
1638 1
1638 1
1638 1
1638 1
1682 1
1682 1
1682 1
1682 1
1682 1
1682 1
1682 1
1682 1
1682 1
1682 1
1682 1
1682 1
1682 1
1682 1
1682 1
1682 1
1682 1
1682 1
1682 1
1682 1
1682 1
1682 1
1682 1
1682 1
1682 1
1682 1
1682 1
1682 1
1682 1
1682 1
1682 1
1682 1
1682 1
1682 1
1682 1
1682 1
1682 1
1682 1
1682 1
1699 1
1699 1
1699 1
1699 1
1699 1
1699 1
1699 1
1699 1
1699 1
1699 1
1699 1
1699 1
1699 1
1699 1
1699 1
1699 1
1699 1
1699 1
1699 1
1699 1
1699 1
1699 1
1699 1
1699 1
1699 1
1699 1
1699 1
1699 1
1699 1
1699 1
1699 1
1699 1
1699 1
1699 1
1699 1
1699 1
1699 1
1699 1
1699 1
1719 1
1719 1
1719 1
1719 1
1719 1
1719 1
1719 1
1719 1
1719 1
1719 1
1719 1
1719 1
1719 1
1719 1
1719 1
1719 1
1719 1
1719 1
1719 1
1719 1
1719 1
1719 1
1719 1
1719 1
1719 1
1719 1
1719 1
1719 1
1719 1
1719 1
1719 1
1719 1
1719 1
1719 1
1719 1
1719 1
1719 1
1719 1
1719 1
1702 1
1702 1
1702 1
1702 1
1702 1
1702 1
1702 1
1702 1
1702 1
1702 1
1702 1
1702 1
1702 1
1702 1
1702 1
1702 1
1702 1
1702 1
1702 1
1702 1
1702 1
1702 1
1702 1
1702 1
1702 1
1702 1
1702 1
1702 1
1702 1
1702 1
1702 1
1702 1
1702 1
1702 1
1702 1
1702 1
1702 1
1702 1
1702 1
1704 1
1704 1
1704 1
1704 1
1704 1
1704 1
1704 1
1704 1
1704 1
1704 1
1704 1
1704 1
1704 1
1704 1
1704 1
1704 1
1704 1
1704 1
1704 1
1704 1
1704 1
1704 1
1704 1
1704 1
1704 1
1704 1
1704 1
1704 1
1704 1
1704 1
1704 1
1704 1
1704 1
1704 1
1704 1
1704 1
1704 1
1704 1
1704 1
1804 1
1804 1
1804 1
1804 1
1804 1
1804 1
1804 1
1804 1
1804 1
1804 1
1804 1
1804 1
1804 1
1804 1
1804 1
1804 1
1804 1
1804 1
1804 1
1804 1
1804 1
1804 1
1804 1
1804 1
1804 1
1804 1
1804 1
1804 1
1804 1
1804 1
1804 1
1804 1
1804 1
1804 1
1804 1
1804 1
1804 1
1804 1
1804 1
1761 1
1761 1
1761 1
1761 1
1761 1
1761 1
1761 1
1761 1
1761 1
1761 1
1761 1
1761 1
1761 1
1761 1
1761 1
1761 1
1761 1
1761 1
1761 1
1761 1
1761 1
1761 1
1761 1
1761 1
1761 1
1761 1
1761 1
1761 1
1761 1
1761 1
1761 1
1761 1
1761 1
1761 1
1761 1
1761 1
1761 1
1761 1
1761 1
1824 1
1824 1
1824 1
1824 1
1824 1
1824 1
1824 1
1824 1
1824 1
1824 1
1824 1
1824 1
1824 1
1824 1
1824 1
1824 1
1824 1
1824 1
1824 1
1824 1
1824 1
1824 1
1824 1
1824 1
1824 1
1824 1
1824 1
1824 1
1824 1
1824 1
1824 1
1824 1
1824 1
1824 1
1824 1
1824 1
1824 1
1824 1
1824 1
1772 1
1772 1
1772 1
1772 1
1772 1
1772 1
1772 1
1772 1
1772 1
1772 1
1772 1
1772 1
1772 1
1772 1
1772 1
1772 1
1772 1
1772 1
1772 1
1772 1
1772 1
1772 1
1772 1
1772 1
1772 1
1772 1
1772 1
1772 1
1772 1
1772 1
1772 1
1772 1
1772 1
1772 1
1772 1
1772 1
1772 1
1772 1
1772 1
1789 1
1789 1
1789 1
1789 1
1789 1
1789 1
1789 1
1789 1
1789 1
1789 1
1789 1
1789 1
1789 1
1789 1
1789 1
1789 1
1789 1
1789 1
1789 1
1789 1
1789 1
1789 1
1789 1
1789 1
1789 1
1789 1
1789 1
1789 1
1789 1
1789 1
1789 1
1789 1
1789 1
1789 1
1789 1
1789 1
1789 1
1789 1
1789 1
1833 1
1833 1
1833 1
1833 1
1833 1
1833 1
1833 1
1833 1
1833 1
1833 1
1833 1
1833 1
1833 1
1833 1
1833 1
1833 1
1833 1
1833 1
1833 1
1833 1
1833 1
1833 1
1833 1
1833 1
1833 1
1833 1
1833 1
1833 1
1833 1
1833 1
1833 1
1833 1
1833 1
1833 1
1833 1
1833 1
1833 1
1833 1
1833 1
1834 1
1834 1
1834 1
1834 1
1834 1
1834 1
1834 1
1834 1
1834 1
1834 1
1834 1
1834 1
1834 1
1834 1
1834 1
1834 1
1834 1
1834 1
1834 1
1834 1
1834 1
1834 1
1834 1
1834 1
1834 1
1834 1
1834 1
1834 1
1834 1
1834 1
1834 1
1834 1
1834 1
1834 1
1834 1
1834 1
1834 1
1834 1
1834 1
1835 1
1835 1
1835 1
1835 1
1835 1
1835 1
1835 1
1835 1
1835 1
1835 1
1835 1
1835 1
1835 1
1835 1
1835 1
1835 1
1835 1
1835 1
1835 1
1835 1
1835 1
1835 1
1835 1
1835 1
1835 1
1835 1
1835 1
1835 1
1835 1
1835 1
1835 1
1835 1
1835 1
1835 1
1835 1
1835 1
1835 1
1835 1
1835 1
1843 1
1843 1
1843 1
1843 1
1843 1
1843 1
1843 1
1843 1
1843 1
1843 1
1843 1
1843 1
1843 1
1843 1
1843 1
1843 1
1843 1
1843 1
1843 1
1843 1
1843 1
1843 1
1843 1
1843 1
1843 1
1843 1
1843 1
1843 1
1843 1
1843 1
1843 1
1843 1
1843 1
1843 1
1843 1
1843 1
1843 1
1843 1
1843 1
1915 1
1915 1
1915 1
1915 1
1915 1
1915 1
1915 1
1915 1
1915 1
1915 1
1915 1
1915 1
1915 1
1915 1
1915 1
1915 1
1915 1
1915 1
1915 1
1915 1
1915 1
1915 1
1915 1
1915 1
1915 1
1915 1
1915 1
1915 1
1915 1
1915 1
1915 1
1915 1
1915 1
1915 1
1915 1
1915 1
1915 1
1915 1
1915 1
1922 1
1922 1
1922 1
1922 1
1922 1
1922 1
1922 1
1922 1
1922 1
1922 1
1922 1
1922 1
1922 1
1922 1
1922 1
1922 1
1922 1
1922 1
1922 1
1922 1
1922 1
1922 1
1922 1
1922 1
1922 1
1922 1
1922 1
1922 1
1922 1
1922 1
1922 1
1922 1
1922 1
1922 1
1922 1
1922 1
1922 1
1922 1
1922 1
1924 1
1924 1
1924 1
1924 1
1924 1
1924 1
1924 1
1924 1
1924 1
1924 1
1924 1
1924 1
1924 1
1924 1
1924 1
1924 1
1924 1
1924 1
1924 1
1924 1
1924 1
1924 1
1924 1
1924 1
1924 1
1924 1
1924 1
1924 1
1924 1
1924 1
1924 1
1924 1
1924 1
1924 1
1924 1
1924 1
1924 1
1924 1
1924 1
1939 1
1939 1
1939 1
1939 1
1939 1
1939 1
1939 1
1939 1
1939 1
1939 1
1939 1
1939 1
1939 1
1939 1
1939 1
1939 1
1939 1
1939 1
1939 1
1939 1
1939 1
1939 1
1939 1
1939 1
1939 1
1939 1
1939 1
1939 1
1939 1
1939 1
1939 1
1939 1
1939 1
1939 1
1939 1
1939 1
1939 1
1939 1
1939 1
1996 1
1996 1
1996 1
1996 1
1996 1
1996 1
1996 1
1996 1
1996 1
1996 1
1996 1
1996 1
1996 1
1996 1
1996 1
1996 1
1996 1
1996 1
1996 1
1996 1
1996 1
1996 1
1996 1
1996 1
1996 1
1996 1
1996 1
1996 1
1996 1
1996 1
1996 1
1996 1
1996 1
1996 1
1996 1
1996 1
1996 1
1996 1
1996 1
1997 1
1997 1
1997 1
1997 1
1997 1
1997 1
1997 1
1997 1
1997 1
1997 1
1997 1
1997 1
1997 1
1997 1
1997 1
1997 1
1997 1
1997 1
1997 1
1997 1
1997 1
1997 1
1997 1
1997 1
1997 1
1997 1
1997 1
1997 1
1997 1
1997 1
1997 1
1997 1
1997 1
1997 1
1997 1
1997 1
1997 1
1997 1
1997 1
2041 1
2041 1
2041 1
2041 1
2041 1
2041 1
2041 1
2041 1
2041 1
2041 1
2041 1
2041 1
2041 1
2041 1
2041 1
2041 1
2041 1
2041 1
2041 1
2041 1
2041 1
2041 1
2041 1
2041 1
2041 1
2041 1
2041 1
2041 1
2041 1
2041 1
2041 1
2041 1
2041 1
2041 1
2041 1
2041 1
2041 1
2041 1
2041 1
2084 1
2084 1
2084 1
2084 1
2084 1
2084 1
2084 1
2084 1
2084 1
2084 1
2084 1
2084 1
2084 1
2084 1
2084 1
2084 1
2084 1
2084 1
2084 1
2084 1
2084 1
2084 1
2084 1
2084 1
2084 1
2084 1
2084 1
2084 1
2084 1
2084 1
2084 1
2084 1
2084 1
2084 1
2084 1
2084 1
2084 1
2084 1
2084 1
2089 1
2089 1
2089 1
2089 1
2089 1
2089 1
2089 1
2089 1
2089 1
2089 1
2089 1
2089 1
2089 1
2089 1
2089 1
2089 1
2089 1
2089 1
2089 1
2089 1
2089 1
2089 1
2089 1
2089 1
2089 1
2089 1
2089 1
2089 1
2089 1
2089 1
2089 1
2089 1
2089 1
2089 1
2089 1
2089 1
2089 1
2089 1
2089 1
2094 1
2094 1
2094 1
2094 1
2094 1
2094 1
2094 1
2094 1
2094 1
2094 1
2094 1
2094 1
2094 1
2094 1
2094 1
2094 1
2094 1
2094 1
2094 1
2094 1
2094 1
2094 1
2094 1
2094 1
2094 1
2094 1
2094 1
2094 1
2094 1
2094 1
2094 1
2094 1
2094 1
2094 1
2094 1
2094 1
2094 1
2094 1
2094 1
2101 1
2101 1
2101 1
2101 1
2101 1
2101 1
2101 1
2101 1
2101 1
2101 1
2101 1
2101 1
2101 1
2101 1
2101 1
2101 1
2101 1
2101 1
2101 1
2101 1
2101 1
2101 1
2101 1
2101 1
2101 1
2101 1
2101 1
2101 1
2101 1
2101 1
2101 1
2101 1
2101 1
2101 1
2101 1
2101 1
2101 1
2101 1
2101 1
2104 1
2104 1
2104 1
2104 1
2104 1
2104 1
2104 1
2104 1
2104 1
2104 1
2104 1
2104 1
2104 1
2104 1
2104 1
2104 1
2104 1
2104 1
2104 1
2104 1
2104 1
2104 1
2104 1
2104 1
2104 1
2104 1
2104 1
2104 1
2104 1
2104 1
2104 1
2104 1
2104 1
2104 1
2104 1
2104 1
2104 1
2104 1
2104 1
2211 1
2211 1
2211 1
2211 1
2211 1
2211 1
2211 1
2211 1
2211 1
2211 1
2211 1
2211 1
2211 1
2211 1
2211 1
2211 1
2211 1
2211 1
2211 1
2211 1
2211 1
2211 1
2211 1
2211 1
2211 1
2211 1
2211 1
2211 1
2211 1
2211 1
2211 1
2211 1
2211 1
2211 1
2211 1
2211 1
2211 1
2211 1
2211 1
2240 1
2240 1
2240 1
2240 1
2240 1
2240 1
2240 1
2240 1
2240 1
2240 1
2240 1
2240 1
2240 1
2240 1
2240 1
2240 1
2240 1
2240 1
2240 1
2240 1
2240 1
2240 1
2240 1
2240 1
2240 1
2240 1
2240 1
2240 1
2240 1
2240 1
2240 1
2240 1
2240 1
2240 1
2240 1
2240 1
2240 1
2240 1
2240 1
2197 1
2197 1
2197 1
2197 1
2197 1
2197 1
2197 1
2197 1
2197 1
2197 1
2197 1
2197 1
2197 1
2197 1
2197 1
2197 1
2197 1
2197 1
2197 1
2197 1
2197 1
2197 1
2197 1
2197 1
2197 1
2197 1
2197 1
2197 1
2197 1
2197 1
2197 1
2197 1
2197 1
2197 1
2197 1
2197 1
2197 1
2197 1
2197 1
2251 1
2251 1
2251 1
2251 1
2251 1
2251 1
2251 1
2251 1
2251 1
2251 1
2251 1
2251 1
2251 1
2251 1
2251 1
2251 1
2251 1
2251 1
2251 1
2251 1
2251 1
2251 1
2251 1
2251 1
2251 1
2251 1
2251 1
2251 1
2251 1
2251 1
2251 1
2251 1
2251 1
2251 1
2251 1
2251 1
2251 1
2251 1
2251 1
2289 1
2289 1
2289 1
2289 1
2289 1
2289 1
2289 1
2289 1
2289 1
2289 1
2289 1
2289 1
2289 1
2289 1
2289 1
2289 1
2289 1
2289 1
2289 1
2289 1
2289 1
2289 1
2289 1
2289 1
2289 1
2289 1
2289 1
2289 1
2289 1
2289 1
2289 1
2289 1
2289 1
2289 1
2289 1
2289 1
2289 1
2289 1
2289 1
2288 1
2288 1
2288 1
2288 1
2288 1
2288 1
2288 1
2288 1
2288 1
2288 1
2288 1
2288 1
2288 1
2288 1
2288 1
2288 1
2288 1
2288 1
2288 1
2288 1
2288 1
2288 1
2288 1
2288 1
2288 1
2288 1
2288 1
2288 1
2288 1
2288 1
2288 1
2288 1
2288 1
2288 1
2288 1
2288 1
2288 1
2288 1
2288 1
2265 1
2265 1
2265 1
2265 1
2265 1
2265 1
2265 1
2265 1
2265 1
2265 1
2265 1
2265 1
2265 1
2265 1
2265 1
2265 1
2265 1
2265 1
2265 1
2265 1
2265 1
2265 1
2265 1
2265 1
2265 1
2265 1
2265 1
2265 1
2265 1
2265 1
2265 1
2265 1
2265 1
2265 1
2265 1
2265 1
2265 1
2265 1
2265 1
2332 1
2332 1
2332 1
2332 1
2332 1
2332 1
2332 1
2332 1
2332 1
2332 1
2332 1
2332 1
2332 1
2332 1
2332 1
2332 1
2332 1
2332 1
2332 1
2332 1
2332 1
2332 1
2332 1
2332 1
2332 1
2332 1
2332 1
2332 1
2332 1
2332 1
2332 1
2332 1
2332 1
2332 1
2332 1
2332 1
2332 1
2332 1
2332 1
2376 1
2376 1
2376 1
2376 1
2376 1
2376 1
2376 1
2376 1
2376 1
2376 1
2376 1
2376 1
2376 1
2376 1
2376 1
2376 1
2376 1
2376 1
2376 1
2376 1
2376 1
2376 1
2376 1
2376 1
2376 1
2376 1
2376 1
2376 1
2376 1
2376 1
2376 1
2376 1
2376 1
2376 1
2376 1
2376 1
2376 1
2376 1
2376 1
2457 1
2457 1
2457 1
2457 1
2457 1
2457 1
2457 1
2457 1
2457 1
2457 1
2457 1
2457 1
2457 1
2457 1
2457 1
2457 1
2457 1
2457 1
2457 1
2457 1
2457 1
2457 1
2457 1
2457 1
2457 1
2457 1
2457 1
2457 1
2457 1
2457 1
2457 1
2457 1
2457 1
2457 1
2457 1
2457 1
2457 1
2457 1
2457 1
2408 1
2408 1
2408 1
2408 1
2408 1
2408 1
2408 1
2408 1
2408 1
2408 1
2408 1
2408 1
2408 1
2408 1
2408 1
2408 1
2408 1
2408 1
2408 1
2408 1
2408 1
2408 1
2408 1
2408 1
2408 1
2408 1
2408 1
2408 1
2408 1
2408 1
2408 1
2408 1
2408 1
2408 1
2408 1
2408 1
2408 1
2408 1
2408 1
2409 1
2409 1
2409 1
2409 1
2409 1
2409 1
2409 1
2409 1
2409 1
2409 1
2409 1
2409 1
2409 1
2409 1
2409 1
2409 1
2409 1
2409 1
2409 1
2409 1
2409 1
2409 1
2409 1
2409 1
2409 1
2409 1
2409 1
2409 1
2409 1
2409 1
2409 1
2409 1
2409 1
2409 1
2409 1
2409 1
2409 1
2409 1
2409 1
2417 1
2417 1
2417 1
2417 1
2417 1
2417 1
2417 1
2417 1
2417 1
2417 1
2417 1
2417 1
2417 1
2417 1
2417 1
2417 1
2417 1
2417 1
2417 1
2417 1
2417 1
2417 1
2417 1
2417 1
2417 1
2417 1
2417 1
2417 1
2417 1
2417 1
2417 1
2417 1
2417 1
2417 1
2417 1
2417 1
2417 1
2417 1
2417 1
2487 1
2487 1
2487 1
2487 1
2487 1
2487 1
2487 1
2487 1
2487 1
2487 1
2487 1
2487 1
2487 1
2487 1
2487 1
2487 1
2487 1
2487 1
2487 1
2487 1
2487 1
2487 1
2487 1
2487 1
2487 1
2487 1
2487 1
2487 1
2487 1
2487 1
2487 1
2487 1
2487 1
2487 1
2487 1
2487 1
2487 1
2487 1
2487 1
2522 1
2522 1
2522 1
2522 1
2522 1
2522 1
2522 1
2522 1
2522 1
2522 1
2522 1
2522 1
2522 1
2522 1
2522 1
2522 1
2522 1
2522 1
2522 1
2522 1
2522 1
2522 1
2522 1
2522 1
2522 1
2522 1
2522 1
2522 1
2522 1
2522 1
2522 1
2522 1
2522 1
2522 1
2522 1
2522 1
2522 1
2522 1
2522 1
2566 1
2566 1
2566 1
2566 1
2566 1
2566 1
2566 1
2566 1
2566 1
2566 1
2566 1
2566 1
2566 1
2566 1
2566 1
2566 1
2566 1
2566 1
2566 1
2566 1
2566 1
2566 1
2566 1
2566 1
2566 1
2566 1
2566 1
2566 1
2566 1
2566 1
2566 1
2566 1
2566 1
2566 1
2566 1
2566 1
2566 1
2566 1
2566 1
2608 1
2608 1
2608 1
2608 1
2608 1
2608 1
2608 1
2608 1
2608 1
2608 1
2608 1
2608 1
2608 1
2608 1
2608 1
2608 1
2608 1
2608 1
2608 1
2608 1
2608 1
2608 1
2608 1
2608 1
2608 1
2608 1
2608 1
2608 1
2608 1
2608 1
2608 1
2608 1
2608 1
2608 1
2608 1
2608 1
2608 1
2608 1
2608 1
2607 1
2607 1
2607 1
2607 1
2607 1
2607 1
2607 1
2607 1
2607 1
2607 1
2607 1
2607 1
2607 1
2607 1
2607 1
2607 1
2607 1
2607 1
2607 1
2607 1
2607 1
2607 1
2607 1
2607 1
2607 1
2607 1
2607 1
2607 1
2607 1
2607 1
2607 1
2607 1
2607 1
2607 1
2607 1
2607 1
2607 1
2607 1
2607 1
2601 1
2601 1
2601 1
2601 1
2601 1
2601 1
2601 1
2601 1
2601 1
2601 1
2601 1
2601 1
2601 1
2601 1
2601 1
2601 1
2601 1
2601 1
2601 1
2601 1
2601 1
2601 1
2601 1
2601 1
2601 1
2601 1
2601 1
2601 1
2601 1
2601 1
2601 1
2601 1
2601 1
2601 1
2601 1
2601 1
2601 1
2601 1
2601 1
2581 1
2581 1
2581 1
2581 1
2581 1
2581 1
2581 1
2581 1
2581 1
2581 1
2581 1
2581 1
2581 1
2581 1
2581 1
2581 1
2581 1
2581 1
2581 1
2581 1
2581 1
2581 1
2581 1
2581 1
2581 1
2581 1
2581 1
2581 1
2581 1
2581 1
2581 1
2581 1
2581 1
2581 1
2581 1
2581 1
2581 1
2581 1
2581 1
2582 1
2582 1
2582 1
2582 1
2582 1
2582 1
2582 1
2582 1
2582 1
2582 1
2582 1
2582 1
2582 1
2582 1
2582 1
2582 1
2582 1
2582 1
2582 1
2582 1
2582 1
2582 1
2582 1
2582 1
2582 1
2582 1
2582 1
2582 1
2582 1
2582 1
2582 1
2582 1
2582 1
2582 1
2582 1
2582 1
2582 1
2582 1
2582 1
2588 1
2588 1
2588 1
2588 1
2588 1
2588 1
2588 1
2588 1
2588 1
2588 1
2588 1
2588 1
2588 1
2588 1
2588 1
2588 1
2588 1
2588 1
2588 1
2588 1
2588 1
2588 1
2588 1
2588 1
2588 1
2588 1
2588 1
2588 1
2588 1
2588 1
2588 1
2588 1
2588 1
2588 1
2588 1
2588 1
2588 1
2588 1
2588 1
2650 1
2650 1
2650 1
2650 1
2650 1
2650 1
2650 1
2650 1
2650 1
2650 1
2650 1
2650 1
2650 1
2650 1
2650 1
2650 1
2650 1
2650 1
2650 1
2650 1
2650 1
2650 1
2650 1
2650 1
2650 1
2650 1
2650 1
2650 1
2650 1
2650 1
2650 1
2650 1
2650 1
2650 1
2650 1
2650 1
2650 1
2650 1
2650 1
2652 1
2652 1
2652 1
2652 1
2652 1
2652 1
2652 1
2652 1
2652 1
2652 1
2652 1
2652 1
2652 1
2652 1
2652 1
2652 1
2652 1
2652 1
2652 1
2652 1
2652 1
2652 1
2652 1
2652 1
2652 1
2652 1
2652 1
2652 1
2652 1
2652 1
2652 1
2652 1
2652 1
2652 1
2652 1
2652 1
2652 1
2652 1
2652 1
2653 1
2653 1
2653 1
2653 1
2653 1
2653 1
2653 1
2653 1
2653 1
2653 1
2653 1
2653 1
2653 1
2653 1
2653 1
2653 1
2653 1
2653 1
2653 1
2653 1
2653 1
2653 1
2653 1
2653 1
2653 1
2653 1
2653 1
2653 1
2653 1
2653 1
2653 1
2653 1
2653 1
2653 1
2653 1
2653 1
2653 1
2653 1
2653 1
2693 1
2693 1
2693 1
2693 1
2693 1
2693 1
2693 1
2693 1
2693 1
2693 1
2693 1
2693 1
2693 1
2693 1
2693 1
2693 1
2693 1
2693 1
2693 1
2693 1
2693 1
2693 1
2693 1
2693 1
2693 1
2693 1
2693 1
2693 1
2693 1
2693 1
2693 1
2693 1
2693 1
2693 1
2693 1
2693 1
2693 1
2693 1
2693 1
2687 1
2687 1
2687 1
2687 1
2687 1
2687 1
2687 1
2687 1
2687 1
2687 1
2687 1
2687 1
2687 1
2687 1
2687 1
2687 1
2687 1
2687 1
2687 1
2687 1
2687 1
2687 1
2687 1
2687 1
2687 1
2687 1
2687 1
2687 1
2687 1
2687 1
2687 1
2687 1
2687 1
2687 1
2687 1
2687 1
2687 1
2687 1
2687 1
2668 1
2668 1
2668 1
2668 1
2668 1
2668 1
2668 1
2668 1
2668 1
2668 1
2668 1
2668 1
2668 1
2668 1
2668 1
2668 1
2668 1
2668 1
2668 1
2668 1
2668 1
2668 1
2668 1
2668 1
2668 1
2668 1
2668 1
2668 1
2668 1
2668 1
2668 1
2668 1
2668 1
2668 1
2668 1
2668 1
2668 1
2668 1
2668 1
2669 1
2669 1
2669 1
2669 1
2669 1
2669 1
2669 1
2669 1
2669 1
2669 1
2669 1
2669 1
2669 1
2669 1
2669 1
2669 1
2669 1
2669 1
2669 1
2669 1
2669 1
2669 1
2669 1
2669 1
2669 1
2669 1
2669 1
2669 1
2669 1
2669 1
2669 1
2669 1
2669 1
2669 1
2669 1
2669 1
2669 1
2669 1
2669 1
2671 1
2671 1
2671 1
2671 1
2671 1
2671 1
2671 1
2671 1
2671 1
2671 1
2671 1
2671 1
2671 1
2671 1
2671 1
2671 1
2671 1
2671 1
2671 1
2671 1
2671 1
2671 1
2671 1
2671 1
2671 1
2671 1
2671 1
2671 1
2671 1
2671 1
2671 1
2671 1
2671 1
2671 1
2671 1
2671 1
2671 1
2671 1
2671 1
2731 1
2731 1
2731 1
2731 1
2731 1
2731 1
2731 1
2731 1
2731 1
2731 1
2731 1
2731 1
2731 1
2731 1
2731 1
2731 1
2731 1
2731 1
2731 1
2731 1
2731 1
2731 1
2731 1
2731 1
2731 1
2731 1
2731 1
2731 1
2731 1
2731 1
2731 1
2731 1
2731 1
2731 1
2731 1
2731 1
2731 1
2731 1
2731 1
2732 1
2732 1
2732 1
2732 1
2732 1
2732 1
2732 1
2732 1
2732 1
2732 1
2732 1
2732 1
2732 1
2732 1
2732 1
2732 1
2732 1
2732 1
2732 1
2732 1
2732 1
2732 1
2732 1
2732 1
2732 1
2732 1
2732 1
2732 1
2732 1
2732 1
2732 1
2732 1
2732 1
2732 1
2732 1
2732 1
2732 1
2732 1
2732 1
2734 1
2734 1
2734 1
2734 1
2734 1
2734 1
2734 1
2734 1
2734 1
2734 1
2734 1
2734 1
2734 1
2734 1
2734 1
2734 1
2734 1
2734 1
2734 1
2734 1
2734 1
2734 1
2734 1
2734 1
2734 1
2734 1
2734 1
2734 1
2734 1
2734 1
2734 1
2734 1
2734 1
2734 1
2734 1
2734 1
2734 1
2734 1
2734 1
2735 1
2735 1
2735 1
2735 1
2735 1
2735 1
2735 1
2735 1
2735 1
2735 1
2735 1
2735 1
2735 1
2735 1
2735 1
2735 1
2735 1
2735 1
2735 1
2735 1
2735 1
2735 1
2735 1
2735 1
2735 1
2735 1
2735 1
2735 1
2735 1
2735 1
2735 1
2735 1
2735 1
2735 1
2735 1
2735 1
2735 1
2735 1
2735 1
2775 1
2775 1
2775 1
2775 1
2775 1
2775 1
2775 1
2775 1
2775 1
2775 1
2775 1
2775 1
2775 1
2775 1
2775 1
2775 1
2775 1
2775 1
2775 1
2775 1
2775 1
2775 1
2775 1
2775 1
2775 1
2775 1
2775 1
2775 1
2775 1
2775 1
2775 1
2775 1
2775 1
2775 1
2775 1
2775 1
2775 1
2775 1
2775 1
2769 1
2769 1
2769 1
2769 1
2769 1
2769 1
2769 1
2769 1
2769 1
2769 1
2769 1
2769 1
2769 1
2769 1
2769 1
2769 1
2769 1
2769 1
2769 1
2769 1
2769 1
2769 1
2769 1
2769 1
2769 1
2769 1
2769 1
2769 1
2769 1
2769 1
2769 1
2769 1
2769 1
2769 1
2769 1
2769 1
2769 1
2769 1
2769 1
2768 1
2768 1
2768 1
2768 1
2768 1
2768 1
2768 1
2768 1
2768 1
2768 1
2768 1
2768 1
2768 1
2768 1
2768 1
2768 1
2768 1
2768 1
2768 1
2768 1
2768 1
2768 1
2768 1
2768 1
2768 1
2768 1
2768 1
2768 1
2768 1
2768 1
2768 1
2768 1
2768 1
2768 1
2768 1
2768 1
2768 1
2768 1
2768 1
2767 1
2767 1
2767 1
2767 1
2767 1
2767 1
2767 1
2767 1
2767 1
2767 1
2767 1
2767 1
2767 1
2767 1
2767 1
2767 1
2767 1
2767 1
2767 1
2767 1
2767 1
2767 1
2767 1
2767 1
2767 1
2767 1
2767 1
2767 1
2767 1
2767 1
2767 1
2767 1
2767 1
2767 1
2767 1
2767 1
2767 1
2767 1
2767 1
2765 1
2765 1
2765 1
2765 1
2765 1
2765 1
2765 1
2765 1
2765 1
2765 1
2765 1
2765 1
2765 1
2765 1
2765 1
2765 1
2765 1
2765 1
2765 1
2765 1
2765 1
2765 1
2765 1
2765 1
2765 1
2765 1
2765 1
2765 1
2765 1
2765 1
2765 1
2765 1
2765 1
2765 1
2765 1
2765 1
2765 1
2765 1
2765 1
2762 1
2762 1
2762 1
2762 1
2762 1
2762 1
2762 1
2762 1
2762 1
2762 1
2762 1
2762 1
2762 1
2762 1
2762 1
2762 1
2762 1
2762 1
2762 1
2762 1
2762 1
2762 1
2762 1
2762 1
2762 1
2762 1
2762 1
2762 1
2762 1
2762 1
2762 1
2762 1
2762 1
2762 1
2762 1
2762 1
2762 1
2762 1
2762 1
2752 1
2752 1
2752 1
2752 1
2752 1
2752 1
2752 1
2752 1
2752 1
2752 1
2752 1
2752 1
2752 1
2752 1
2752 1
2752 1
2752 1
2752 1
2752 1
2752 1
2752 1
2752 1
2752 1
2752 1
2752 1
2752 1
2752 1
2752 1
2752 1
2752 1
2752 1
2752 1
2752 1
2752 1
2752 1
2752 1
2752 1
2752 1
2752 1
2814 1
2814 1
2814 1
2814 1
2814 1
2814 1
2814 1
2814 1
2814 1
2814 1
2814 1
2814 1
2814 1
2814 1
2814 1
2814 1
2814 1
2814 1
2814 1
2814 1
2814 1
2814 1
2814 1
2814 1
2814 1
2814 1
2814 1
2814 1
2814 1
2814 1
2814 1
2814 1
2814 1
2814 1
2814 1
2814 1
2814 1
2814 1
2814 1
2817 1
2817 1
2817 1
2817 1
2817 1
2817 1
2817 1
2817 1
2817 1
2817 1
2817 1
2817 1
2817 1
2817 1
2817 1
2817 1
2817 1
2817 1
2817 1
2817 1
2817 1
2817 1
2817 1
2817 1
2817 1
2817 1
2817 1
2817 1
2817 1
2817 1
2817 1
2817 1
2817 1
2817 1
2817 1
2817 1
2817 1
2817 1
2817 1
2855 1
2855 1
2855 1
2855 1
2855 1
2855 1
2855 1
2855 1
2855 1
2855 1
2855 1
2855 1
2855 1
2855 1
2855 1
2855 1
2855 1
2855 1
2855 1
2855 1
2855 1
2855 1
2855 1
2855 1
2855 1
2855 1
2855 1
2855 1
2855 1
2855 1
2855 1
2855 1
2855 1
2855 1
2855 1
2855 1
2855 1
2855 1
2855 1
2850 1
2850 1
2850 1
2850 1
2850 1
2850 1
2850 1
2850 1
2850 1
2850 1
2850 1
2850 1
2850 1
2850 1
2850 1
2850 1
2850 1
2850 1
2850 1
2850 1
2850 1
2850 1
2850 1
2850 1
2850 1
2850 1
2850 1
2850 1
2850 1
2850 1
2850 1
2850 1
2850 1
2850 1
2850 1
2850 1
2850 1
2850 1
2850 1
2849 1
2849 1
2849 1
2849 1
2849 1
2849 1
2849 1
2849 1
2849 1
2849 1
2849 1
2849 1
2849 1
2849 1
2849 1
2849 1
2849 1
2849 1
2849 1
2849 1
2849 1
2849 1
2849 1
2849 1
2849 1
2849 1
2849 1
2849 1
2849 1
2849 1
2849 1
2849 1
2849 1
2849 1
2849 1
2849 1
2849 1
2849 1
2849 1
2834 1
2834 1
2834 1
2834 1
2834 1
2834 1
2834 1
2834 1
2834 1
2834 1
2834 1
2834 1
2834 1
2834 1
2834 1
2834 1
2834 1
2834 1
2834 1
2834 1
2834 1
2834 1
2834 1
2834 1
2834 1
2834 1
2834 1
2834 1
2834 1
2834 1
2834 1
2834 1
2834 1
2834 1
2834 1
2834 1
2834 1
2834 1
2834 1
2890 1
2890 1
2890 1
2890 1
2890 1
2890 1
2890 1
2890 1
2890 1
2890 1
2890 1
2890 1
2890 1
2890 1
2890 1
2890 1
2890 1
2890 1
2890 1
2890 1
2890 1
2890 1
2890 1
2890 1
2890 1
2890 1
2890 1
2890 1
2890 1
2890 1
2890 1
2890 1
2890 1
2890 1
2890 1
2890 1
2890 1
2890 1
2890 1
2893 1
2893 1
2893 1
2893 1
2893 1
2893 1
2893 1
2893 1
2893 1
2893 1
2893 1
2893 1
2893 1
2893 1
2893 1
2893 1
2893 1
2893 1
2893 1
2893 1
2893 1
2893 1
2893 1
2893 1
2893 1
2893 1
2893 1
2893 1
2893 1
2893 1
2893 1
2893 1
2893 1
2893 1
2893 1
2893 1
2893 1
2893 1
2893 1
2894 1
2894 1
2894 1
2894 1
2894 1
2894 1
2894 1
2894 1
2894 1
2894 1
2894 1
2894 1
2894 1
2894 1
2894 1
2894 1
2894 1
2894 1
2894 1
2894 1
2894 1
2894 1
2894 1
2894 1
2894 1
2894 1
2894 1
2894 1
2894 1
2894 1
2894 1
2894 1
2894 1
2894 1
2894 1
2894 1
2894 1
2894 1
2894 1
2895 1
2895 1
2895 1
2895 1
2895 1
2895 1
2895 1
2895 1
2895 1
2895 1
2895 1
2895 1
2895 1
2895 1
2895 1
2895 1
2895 1
2895 1
2895 1
2895 1
2895 1
2895 1
2895 1
2895 1
2895 1
2895 1
2895 1
2895 1
2895 1
2895 1
2895 1
2895 1
2895 1
2895 1
2895 1
2895 1
2895 1
2895 1
2895 1
2899 1
2899 1
2899 1
2899 1
2899 1
2899 1
2899 1
2899 1
2899 1
2899 1
2899 1
2899 1
2899 1
2899 1
2899 1
2899 1
2899 1
2899 1
2899 1
2899 1
2899 1
2899 1
2899 1
2899 1
2899 1
2899 1
2899 1
2899 1
2899 1
2899 1
2899 1
2899 1
2899 1
2899 1
2899 1
2899 1
2899 1
2899 1
2899 1
2926 1
2926 1
2926 1
2926 1
2926 1
2926 1
2926 1
2926 1
2926 1
2926 1
2926 1
2926 1
2926 1
2926 1
2926 1
2926 1
2926 1
2926 1
2926 1
2926 1
2926 1
2926 1
2926 1
2926 1
2926 1
2926 1
2926 1
2926 1
2926 1
2926 1
2926 1
2926 1
2926 1
2926 1
2926 1
2926 1
2926 1
2926 1
2926 1
2909 1
2909 1
2909 1
2909 1
2909 1
2909 1
2909 1
2909 1
2909 1
2909 1
2909 1
2909 1
2909 1
2909 1
2909 1
2909 1
2909 1
2909 1
2909 1
2909 1
2909 1
2909 1
2909 1
2909 1
2909 1
2909 1
2909 1
2909 1
2909 1
2909 1
2909 1
2909 1
2909 1
2909 1
2909 1
2909 1
2909 1
2909 1
2909 1
2912 1
2912 1
2912 1
2912 1
2912 1
2912 1
2912 1
2912 1
2912 1
2912 1
2912 1
2912 1
2912 1
2912 1
2912 1
2912 1
2912 1
2912 1
2912 1
2912 1
2912 1
2912 1
2912 1
2912 1
2912 1
2912 1
2912 1
2912 1
2912 1
2912 1
2912 1
2912 1
2912 1
2912 1
2912 1
2912 1
2912 1
2912 1
2912 1
2916 1
2916 1
2916 1
2916 1
2916 1
2916 1
2916 1
2916 1
2916 1
2916 1
2916 1
2916 1
2916 1
2916 1
2916 1
2916 1
2916 1
2916 1
2916 1
2916 1
2916 1
2916 1
2916 1
2916 1
2916 1
2916 1
2916 1
2916 1
2916 1
2916 1
2916 1
2916 1
2916 1
2916 1
2916 1
2916 1
2916 1
2916 1
2916 1
2975 1
2975 1
2975 1
2975 1
2975 1
2975 1
2975 1
2975 1
2975 1
2975 1
2975 1
2975 1
2975 1
2975 1
2975 1
2975 1
2975 1
2975 1
2975 1
2975 1
2975 1
2975 1
2975 1
2975 1
2975 1
2975 1
2975 1
2975 1
2975 1
2975 1
2975 1
2975 1
2975 1
2975 1
2975 1
2975 1
2975 1
2975 1
2975 1
3000 1
3000 1
3000 1
3000 1
3000 1
3000 1
3000 1
3000 1
3000 1
3000 1
3000 1
3000 1
3000 1
3000 1
3000 1
3000 1
3000 1
3000 1
3000 1
3000 1
3000 1
3000 1
3000 1
3000 1
3000 1
3000 1
3000 1
3000 1
3000 1
3000 1
3000 1
3000 1
3000 1
3000 1
3000 1
3000 1
3000 1
3000 1
3000 1
2998 1
2998 1
2998 1
2998 1
2998 1
2998 1
2998 1
2998 1
2998 1
2998 1
2998 1
2998 1
2998 1
2998 1
2998 1
2998 1
2998 1
2998 1
2998 1
2998 1
2998 1
2998 1
2998 1
2998 1
2998 1
2998 1
2998 1
2998 1
2998 1
2998 1
2998 1
2998 1
2998 1
2998 1
2998 1
2998 1
2998 1
2998 1
2998 1
2986 1
2986 1
2986 1
2986 1
2986 1
2986 1
2986 1
2986 1
2986 1
2986 1
2986 1
2986 1
2986 1
2986 1
2986 1
2986 1
2986 1
2986 1
2986 1
2986 1
2986 1
2986 1
2986 1
2986 1
2986 1
2986 1
2986 1
2986 1
2986 1
2986 1
2986 1
2986 1
2986 1
2986 1
2986 1
2986 1
2986 1
2986 1
2986 1
3085 1
3085 1
3085 1
3085 1
3085 1
3085 1
3085 1
3085 1
3085 1
3085 1
3085 1
3085 1
3085 1
3085 1
3085 1
3085 1
3085 1
3085 1
3085 1
3085 1
3085 1
3085 1
3085 1
3085 1
3085 1
3085 1
3085 1
3085 1
3085 1
3085 1
3085 1
3085 1
3085 1
3085 1
3085 1
3085 1
3085 1
3085 1
3085 1
3081 1
3081 1
3081 1
3081 1
3081 1
3081 1
3081 1
3081 1
3081 1
3081 1
3081 1
3081 1
3081 1
3081 1
3081 1
3081 1
3081 1
3081 1
3081 1
3081 1
3081 1
3081 1
3081 1
3081 1
3081 1
3081 1
3081 1
3081 1
3081 1
3081 1
3081 1
3081 1
3081 1
3081 1
3081 1
3081 1
3081 1
3081 1
3081 1
3074 1
3074 1
3074 1
3074 1
3074 1
3074 1
3074 1
3074 1
3074 1
3074 1
3074 1
3074 1
3074 1
3074 1
3074 1
3074 1
3074 1
3074 1
3074 1
3074 1
3074 1
3074 1
3074 1
3074 1
3074 1
3074 1
3074 1
3074 1
3074 1
3074 1
3074 1
3074 1
3074 1
3074 1
3074 1
3074 1
3074 1
3074 1
3074 1
3072 1
3072 1
3072 1
3072 1
3072 1
3072 1
3072 1
3072 1
3072 1
3072 1
3072 1
3072 1
3072 1
3072 1
3072 1
3072 1
3072 1
3072 1
3072 1
3072 1
3072 1
3072 1
3072 1
3072 1
3072 1
3072 1
3072 1
3072 1
3072 1
3072 1
3072 1
3072 1
3072 1
3072 1
3072 1
3072 1
3072 1
3072 1
3072 1
3058 1
3058 1
3058 1
3058 1
3058 1
3058 1
3058 1
3058 1
3058 1
3058 1
3058 1
3058 1
3058 1
3058 1
3058 1
3058 1
3058 1
3058 1
3058 1
3058 1
3058 1
3058 1
3058 1
3058 1
3058 1
3058 1
3058 1
3058 1
3058 1
3058 1
3058 1
3058 1
3058 1
3058 1
3058 1
3058 1
3058 1
3058 1
3058 1
3157 1
3157 1
3157 1
3157 1
3157 1
3157 1
3157 1
3157 1
3157 1
3157 1
3157 1
3157 1
3157 1
3157 1
3157 1
3157 1
3157 1
3157 1
3157 1
3157 1
3157 1
3157 1
3157 1
3157 1
3157 1
3157 1
3157 1
3157 1
3157 1
3157 1
3157 1
3157 1
3157 1
3157 1
3157 1
3157 1
3157 1
3157 1
3157 1
3148 1
3148 1
3148 1
3148 1
3148 1
3148 1
3148 1
3148 1
3148 1
3148 1
3148 1
3148 1
3148 1
3148 1
3148 1
3148 1
3148 1
3148 1
3148 1
3148 1
3148 1
3148 1
3148 1
3148 1
3148 1
3148 1
3148 1
3148 1
3148 1
3148 1
3148 1
3148 1
3148 1
3148 1
3148 1
3148 1
3148 1
3148 1
3148 1
3147 1
3147 1
3147 1
3147 1
3147 1
3147 1
3147 1
3147 1
3147 1
3147 1
3147 1
3147 1
3147 1
3147 1
3147 1
3147 1
3147 1
3147 1
3147 1
3147 1
3147 1
3147 1
3147 1
3147 1
3147 1
3147 1
3147 1
3147 1
3147 1
3147 1
3147 1
3147 1
3147 1
3147 1
3147 1
3147 1
3147 1
3147 1
3147 1
3146 1
3146 1
3146 1
3146 1
3146 1
3146 1
3146 1
3146 1
3146 1
3146 1
3146 1
3146 1
3146 1
3146 1
3146 1
3146 1
3146 1
3146 1
3146 1
3146 1
3146 1
3146 1
3146 1
3146 1
3146 1
3146 1
3146 1
3146 1
3146 1
3146 1
3146 1
3146 1
3146 1
3146 1
3146 1
3146 1
3146 1
3146 1
3146 1
3145 1
3145 1
3145 1
3145 1
3145 1
3145 1
3145 1
3145 1
3145 1
3145 1
3145 1
3145 1
3145 1
3145 1
3145 1
3145 1
3145 1
3145 1
3145 1
3145 1
3145 1
3145 1
3145 1
3145 1
3145 1
3145 1
3145 1
3145 1
3145 1
3145 1
3145 1
3145 1
3145 1
3145 1
3145 1
3145 1
3145 1
3145 1
3145 1
3144 1
3144 1
3144 1
3144 1
3144 1
3144 1
3144 1
3144 1
3144 1
3144 1
3144 1
3144 1
3144 1
3144 1
3144 1
3144 1
3144 1
3144 1
3144 1
3144 1
3144 1
3144 1
3144 1
3144 1
3144 1
3144 1
3144 1
3144 1
3144 1
3144 1
3144 1
3144 1
3144 1
3144 1
3144 1
3144 1
3144 1
3144 1
3144 1
3222 1
3222 1
3222 1
3222 1
3222 1
3222 1
3222 1
3222 1
3222 1
3222 1
3222 1
3222 1
3222 1
3222 1
3222 1
3222 1
3222 1
3222 1
3222 1
3222 1
3222 1
3222 1
3222 1
3222 1
3222 1
3222 1
3222 1
3222 1
3222 1
3222 1
3222 1
3222 1
3222 1
3222 1
3222 1
3222 1
3222 1
3222 1
3222 1
3209 1
3209 1
3209 1
3209 1
3209 1
3209 1
3209 1
3209 1
3209 1
3209 1
3209 1
3209 1
3209 1
3209 1
3209 1
3209 1
3209 1
3209 1
3209 1
3209 1
3209 1
3209 1
3209 1
3209 1
3209 1
3209 1
3209 1
3209 1
3209 1
3209 1
3209 1
3209 1
3209 1
3209 1
3209 1
3209 1
3209 1
3209 1
3209 1
3213 1
3213 1
3213 1
3213 1
3213 1
3213 1
3213 1
3213 1
3213 1
3213 1
3213 1
3213 1
3213 1
3213 1
3213 1
3213 1
3213 1
3213 1
3213 1
3213 1
3213 1
3213 1
3213 1
3213 1
3213 1
3213 1
3213 1
3213 1
3213 1
3213 1
3213 1
3213 1
3213 1
3213 1
3213 1
3213 1
3213 1
3213 1
3213 1
3308 1
3308 1
3308 1
3308 1
3308 1
3308 1
3308 1
3308 1
3308 1
3308 1
3308 1
3308 1
3308 1
3308 1
3308 1
3308 1
3308 1
3308 1
3308 1
3308 1
3308 1
3308 1
3308 1
3308 1
3308 1
3308 1
3308 1
3308 1
3308 1
3308 1
3308 1
3308 1
3308 1
3308 1
3308 1
3308 1
3308 1
3308 1
3308 1
3307 1
3307 1
3307 1
3307 1
3307 1
3307 1
3307 1
3307 1
3307 1
3307 1
3307 1
3307 1
3307 1
3307 1
3307 1
3307 1
3307 1
3307 1
3307 1
3307 1
3307 1
3307 1
3307 1
3307 1
3307 1
3307 1
3307 1
3307 1
3307 1
3307 1
3307 1
3307 1
3307 1
3307 1
3307 1
3307 1
3307 1
3307 1
3307 1
3391 1
3391 1
3391 1
3391 1
3391 1
3391 1
3391 1
3391 1
3391 1
3391 1
3391 1
3391 1
3391 1
3391 1
3391 1
3391 1
3391 1
3391 1
3391 1
3391 1
3391 1
3391 1
3391 1
3391 1
3391 1
3391 1
3391 1
3391 1
3391 1
3391 1
3391 1
3391 1
3391 1
3391 1
3391 1
3391 1
3391 1
3391 1
3391 1
3390 1
3390 1
3390 1
3390 1
3390 1
3390 1
3390 1
3390 1
3390 1
3390 1
3390 1
3390 1
3390 1
3390 1
3390 1
3390 1
3390 1
3390 1
3390 1
3390 1
3390 1
3390 1
3390 1
3390 1
3390 1
3390 1
3390 1
3390 1
3390 1
3390 1
3390 1
3390 1
3390 1
3390 1
3390 1
3390 1
3390 1
3390 1
3390 1
3389 1
3389 1
3389 1
3389 1
3389 1
3389 1
3389 1
3389 1
3389 1
3389 1
3389 1
3389 1
3389 1
3389 1
3389 1
3389 1
3389 1
3389 1
3389 1
3389 1
3389 1
3389 1
3389 1
3389 1
3389 1
3389 1
3389 1
3389 1
3389 1
3389 1
3389 1
3389 1
3389 1
3389 1
3389 1
3389 1
3389 1
3389 1
3389 1
3484 1
3484 1
3484 1
3484 1
3484 1
3484 1
3484 1
3484 1
3484 1
3484 1
3484 1
3484 1
3484 1
3484 1
3484 1
3484 1
3484 1
3484 1
3484 1
3484 1
3484 1
3484 1
3484 1
3484 1
3484 1
3484 1
3484 1
3484 1
3484 1
3484 1
3484 1
3484 1
3484 1
3484 1
3484 1
3484 1
3484 1
3484 1
3484 1
3470 1
3470 1
3470 1
3470 1
3470 1
3470 1
3470 1
3470 1
3470 1
3470 1
3470 1
3470 1
3470 1
3470 1
3470 1
3470 1
3470 1
3470 1
3470 1
3470 1
3470 1
3470 1
3470 1
3470 1
3470 1
3470 1
3470 1
3470 1
3470 1
3470 1
3470 1
3470 1
3470 1
3470 1
3470 1
3470 1
3470 1
3470 1
3470 1
3468 1
3468 1
3468 1
3468 1
3468 1
3468 1
3468 1
3468 1
3468 1
3468 1
3468 1
3468 1
3468 1
3468 1
3468 1
3468 1
3468 1
3468 1
3468 1
3468 1
3468 1
3468 1
3468 1
3468 1
3468 1
3468 1
3468 1
3468 1
3468 1
3468 1
3468 1
3468 1
3468 1
3468 1
3468 1
3468 1
3468 1
3468 1
3468 1
3567 1
3567 1
3567 1
3567 1
3567 1
3567 1
3567 1
3567 1
3567 1
3567 1
3567 1
3567 1
3567 1
3567 1
3567 1
3567 1
3567 1
3567 1
3567 1
3567 1
3567 1
3567 1
3567 1
3567 1
3567 1
3567 1
3567 1
3567 1
3567 1
3567 1
3567 1
3567 1
3567 1
3567 1
3567 1
3567 1
3567 1
3567 1
3567 1
3553 1
3553 1
3553 1
3553 1
3553 1
3553 1
3553 1
3553 1
3553 1
3553 1
3553 1
3553 1
3553 1
3553 1
3553 1
3553 1
3553 1
3553 1
3553 1
3553 1
3553 1
3553 1
3553 1
3553 1
3553 1
3553 1
3553 1
3553 1
3553 1
3553 1
3553 1
3553 1
3553 1
3553 1
3553 1
3553 1
3553 1
3553 1
3553 1
3552 1
3552 1
3552 1
3552 1
3552 1
3552 1
3552 1
3552 1
3552 1
3552 1
3552 1
3552 1
3552 1
3552 1
3552 1
3552 1
3552 1
3552 1
3552 1
3552 1
3552 1
3552 1
3552 1
3552 1
3552 1
3552 1
3552 1
3552 1
3552 1
3552 1
3552 1
3552 1
3552 1
3552 1
3552 1
3552 1
3552 1
3552 1
3552 1
3648 1
3648 1
3648 1
3648 1
3648 1
3648 1
3648 1
3648 1
3648 1
3648 1
3648 1
3648 1
3648 1
3648 1
3648 1
3648 1
3648 1
3648 1
3648 1
3648 1
3648 1
3648 1
3648 1
3648 1
3648 1
3648 1
3648 1
3648 1
3648 1
3648 1
3648 1
3648 1
3648 1
3648 1
3648 1
3648 1
3648 1
3648 1
3648 1
3642 1
3642 1
3642 1
3642 1
3642 1
3642 1
3642 1
3642 1
3642 1
3642 1
3642 1
3642 1
3642 1
3642 1
3642 1
3642 1
3642 1
3642 1
3642 1
3642 1
3642 1
3642 1
3642 1
3642 1
3642 1
3642 1
3642 1
3642 1
3642 1
3642 1
3642 1
3642 1
3642 1
3642 1
3642 1
3642 1
3642 1
3642 1
3642 1
3635 1
3635 1
3635 1
3635 1
3635 1
3635 1
3635 1
3635 1
3635 1
3635 1
3635 1
3635 1
3635 1
3635 1
3635 1
3635 1
3635 1
3635 1
3635 1
3635 1
3635 1
3635 1
3635 1
3635 1
3635 1
3635 1
3635 1
3635 1
3635 1
3635 1
3635 1
3635 1
3635 1
3635 1
3635 1
3635 1
3635 1
3635 1
3635 1
3719 1
3719 1
3719 1
3719 1
3719 1
3719 1
3719 1
3719 1
3719 1
3719 1
3719 1
3719 1
3719 1
3719 1
3719 1
3719 1
3719 1
3719 1
3719 1
3719 1
3719 1
3719 1
3719 1
3719 1
3719 1
3719 1
3719 1
3719 1
3719 1
3719 1
3719 1
3719 1
3719 1
3719 1
3719 1
3719 1
3719 1
3719 1
3719 1
3718 1
3718 1
3718 1
3718 1
3718 1
3718 1
3718 1
3718 1
3718 1
3718 1
3718 1
3718 1
3718 1
3718 1
3718 1
3718 1
3718 1
3718 1
3718 1
3718 1
3718 1
3718 1
3718 1
3718 1
3718 1
3718 1
3718 1
3718 1
3718 1
3718 1
3718 1
3718 1
3718 1
3718 1
3718 1
3718 1
3718 1
3718 1
3718 1
3717 1
3717 1
3717 1
3717 1
3717 1
3717 1
3717 1
3717 1
3717 1
3717 1
3717 1
3717 1
3717 1
3717 1
3717 1
3717 1
3717 1
3717 1
3717 1
3717 1
3717 1
3717 1
3717 1
3717 1
3717 1
3717 1
3717 1
3717 1
3717 1
3717 1
3717 1
3717 1
3717 1
3717 1
3717 1
3717 1
3717 1
3717 1
3717 1
3817 1
3817 1
3817 1
3817 1
3817 1
3817 1
3817 1
3817 1
3817 1
3817 1
3817 1
3817 1
3817 1
3817 1
3817 1
3817 1
3817 1
3817 1
3817 1
3817 1
3817 1
3817 1
3817 1
3817 1
3817 1
3817 1
3817 1
3817 1
3817 1
3817 1
3817 1
3817 1
3817 1
3817 1
3817 1
3817 1
3817 1
3817 1
3817 1
3807 1
3807 1
3807 1
3807 1
3807 1
3807 1
3807 1
3807 1
3807 1
3807 1
3807 1
3807 1
3807 1
3807 1
3807 1
3807 1
3807 1
3807 1
3807 1
3807 1
3807 1
3807 1
3807 1
3807 1
3807 1
3807 1
3807 1
3807 1
3807 1
3807 1
3807 1
3807 1
3807 1
3807 1
3807 1
3807 1
3807 1
3807 1
3807 1
3806 1
3806 1
3806 1
3806 1
3806 1
3806 1
3806 1
3806 1
3806 1
3806 1
3806 1
3806 1
3806 1
3806 1
3806 1
3806 1
3806 1
3806 1
3806 1
3806 1
3806 1
3806 1
3806 1
3806 1
3806 1
3806 1
3806 1
3806 1
3806 1
3806 1
3806 1
3806 1
3806 1
3806 1
3806 1
3806 1
3806 1
3806 1
3806 1
3805 1
3805 1
3805 1
3805 1
3805 1
3805 1
3805 1
3805 1
3805 1
3805 1
3805 1
3805 1
3805 1
3805 1
3805 1
3805 1
3805 1
3805 1
3805 1
3805 1
3805 1
3805 1
3805 1
3805 1
3805 1
3805 1
3805 1
3805 1
3805 1
3805 1
3805 1
3805 1
3805 1
3805 1
3805 1
3805 1
3805 1
3805 1
3805 1
3804 1
3804 1
3804 1
3804 1
3804 1
3804 1
3804 1
3804 1
3804 1
3804 1
3804 1
3804 1
3804 1
3804 1
3804 1
3804 1
3804 1
3804 1
3804 1
3804 1
3804 1
3804 1
3804 1
3804 1
3804 1
3804 1
3804 1
3804 1
3804 1
3804 1
3804 1
3804 1
3804 1
3804 1
3804 1
3804 1
3804 1
3804 1
3804 1
3803 1
3803 1
3803 1
3803 1
3803 1
3803 1
3803 1
3803 1
3803 1
3803 1
3803 1
3803 1
3803 1
3803 1
3803 1
3803 1
3803 1
3803 1
3803 1
3803 1
3803 1
3803 1
3803 1
3803 1
3803 1
3803 1
3803 1
3803 1
3803 1
3803 1
3803 1
3803 1
3803 1
3803 1
3803 1
3803 1
3803 1
3803 1
3803 1
3802 1
3802 1
3802 1
3802 1
3802 1
3802 1
3802 1
3802 1
3802 1
3802 1
3802 1
3802 1
3802 1
3802 1
3802 1
3802 1
3802 1
3802 1
3802 1
3802 1
3802 1
3802 1
3802 1
3802 1
3802 1
3802 1
3802 1
3802 1
3802 1
3802 1
3802 1
3802 1
3802 1
3802 1
3802 1
3802 1
3802 1
3802 1
3802 1
3896 1
3896 1
3896 1
3896 1
3896 1
3896 1
3896 1
3896 1
3896 1
3896 1
3896 1
3896 1
3896 1
3896 1
3896 1
3896 1
3896 1
3896 1
3896 1
3896 1
3896 1
3896 1
3896 1
3896 1
3896 1
3896 1
3896 1
3896 1
3896 1
3896 1
3896 1
3896 1
3896 1
3896 1
3896 1
3896 1
3896 1
3896 1
3896 1
3886 1
3886 1
3886 1
3886 1
3886 1
3886 1
3886 1
3886 1
3886 1
3886 1
3886 1
3886 1
3886 1
3886 1
3886 1
3886 1
3886 1
3886 1
3886 1
3886 1
3886 1
3886 1
3886 1
3886 1
3886 1
3886 1
3886 1
3886 1
3886 1
3886 1
3886 1
3886 1
3886 1
3886 1
3886 1
3886 1
3886 1
3886 1
3886 1
3986 1
3986 1
3986 1
3986 1
3986 1
3986 1
3986 1
3986 1
3986 1
3986 1
3986 1
3986 1
3986 1
3986 1
3986 1
3986 1
3986 1
3986 1
3986 1
3986 1
3986 1
3986 1
3986 1
3986 1
3986 1
3986 1
3986 1
3986 1
3986 1
3986 1
3986 1
3986 1
3986 1
3986 1
3986 1
3986 1
3986 1
3986 1
3986 1
4080 1
4080 1
4080 1
4080 1
4080 1
4080 1
4080 1
4080 1
4080 1
4080 1
4080 1
4080 1
4080 1
4080 1
4080 1
4080 1
4080 1
4080 1
4080 1
4080 1
4080 1
4080 1
4080 1
4080 1
4080 1
4080 1
4080 1
4080 1
4080 1
4080 1
4080 1
4080 1
4080 1
4080 1
4080 1
4080 1
4080 1
4080 1
4080 1
4076 1
4076 1
4076 1
4076 1
4076 1
4076 1
4076 1
4076 1
4076 1
4076 1
4076 1
4076 1
4076 1
4076 1
4076 1
4076 1
4076 1
4076 1
4076 1
4076 1
4076 1
4076 1
4076 1
4076 1
4076 1
4076 1
4076 1
4076 1
4076 1
4076 1
4076 1
4076 1
4076 1
4076 1
4076 1
4076 1
4076 1
4076 1
4076 1
4073 1
4073 1
4073 1
4073 1
4073 1
4073 1
4073 1
4073 1
4073 1
4073 1
4073 1
4073 1
4073 1
4073 1
4073 1
4073 1
4073 1
4073 1
4073 1
4073 1
4073 1
4073 1
4073 1
4073 1
4073 1
4073 1
4073 1
4073 1
4073 1
4073 1
4073 1
4073 1
4073 1
4073 1
4073 1
4073 1
4073 1
4073 1
4073 1
4172 1
4172 1
4172 1
4172 1
4172 1
4172 1
4172 1
4172 1
4172 1
4172 1
4172 1
4172 1
4172 1
4172 1
4172 1
4172 1
4172 1
4172 1
4172 1
4172 1
4172 1
4172 1
4172 1
4172 1
4172 1
4172 1
4172 1
4172 1
4172 1
4172 1
4172 1
4172 1
4172 1
4172 1
4172 1
4172 1
4172 1
4172 1
4172 1
4171 1
4171 1
4171 1
4171 1
4171 1
4171 1
4171 1
4171 1
4171 1
4171 1
4171 1
4171 1
4171 1
4171 1
4171 1
4171 1
4171 1
4171 1
4171 1
4171 1
4171 1
4171 1
4171 1
4171 1
4171 1
4171 1
4171 1
4171 1
4171 1
4171 1
4171 1
4171 1
4171 1
4171 1
4171 1
4171 1
4171 1
4171 1
4171 1
4168 1
4168 1
4168 1
4168 1
4168 1
4168 1
4168 1
4168 1
4168 1
4168 1
4168 1
4168 1
4168 1
4168 1
4168 1
4168 1
4168 1
4168 1
4168 1
4168 1
4168 1
4168 1
4168 1
4168 1
4168 1
4168 1
4168 1
4168 1
4168 1
4168 1
4168 1
4168 1
4168 1
4168 1
4168 1
4168 1
4168 1
4168 1
4168 1
4156 1
4156 1
4156 1
4156 1
4156 1
4156 1
4156 1
4156 1
4156 1
4156 1
4156 1
4156 1
4156 1
4156 1
4156 1
4156 1
4156 1
4156 1
4156 1
4156 1
4156 1
4156 1
4156 1
4156 1
4156 1
4156 1
4156 1
4156 1
4156 1
4156 1
4156 1
4156 1
4156 1
4156 1
4156 1
4156 1
4156 1
4156 1
4156 1
4228 1
4228 1
4228 1
4228 1
4228 1
4228 1
4228 1
4228 1
4228 1
4228 1
4228 1
4228 1
4228 1
4228 1
4228 1
4228 1
4228 1
4228 1
4228 1
4228 1
4228 1
4228 1
4228 1
4228 1
4228 1
4228 1
4228 1
4228 1
4228 1
4228 1
4228 1
4228 1
4228 1
4228 1
4228 1
4228 1
4228 1
4228 1
4228 1
4344 1
4344 1
4344 1
4344 1
4344 1
4344 1
4344 1
4344 1
4344 1
4344 1
4344 1
4344 1
4344 1
4344 1
4344 1
4344 1
4344 1
4344 1
4344 1
4344 1
4344 1
4344 1
4344 1
4344 1
4344 1
4344 1
4344 1
4344 1
4344 1
4344 1
4344 1
4344 1
4344 1
4344 1
4344 1
4344 1
4344 1
4344 1
4344 1
4337 1
4337 1
4337 1
4337 1
4337 1
4337 1
4337 1
4337 1
4337 1
4337 1
4337 1
4337 1
4337 1
4337 1
4337 1
4337 1
4337 1
4337 1
4337 1
4337 1
4337 1
4337 1
4337 1
4337 1
4337 1
4337 1
4337 1
4337 1
4337 1
4337 1
4337 1
4337 1
4337 1
4337 1
4337 1
4337 1
4337 1
4337 1
4337 1
4436 1
4436 1
4436 1
4436 1
4436 1
4436 1
4436 1
4436 1
4436 1
4436 1
4436 1
4436 1
4436 1
4436 1
4436 1
4436 1
4436 1
4436 1
4436 1
4436 1
4436 1
4436 1
4436 1
4436 1
4436 1
4436 1
4436 1
4436 1
4436 1
4436 1
4436 1
4436 1
4436 1
4436 1
4436 1
4436 1
4436 1
4436 1
4436 1
4503 1
4503 1
4503 1
4503 1
4503 1
4503 1
4503 1
4503 1
4503 1
4503 1
4503 1
4503 1
4503 1
4503 1
4503 1
4503 1
4503 1
4503 1
4503 1
4503 1
4503 1
4503 1
4503 1
4503 1
4503 1
4503 1
4503 1
4503 1
4503 1
4503 1
4503 1
4503 1
4503 1
4503 1
4503 1
4503 1
4503 1
4503 1
4503 1
4508 1
4508 1
4508 1
4508 1
4508 1
4508 1
4508 1
4508 1
4508 1
4508 1
4508 1
4508 1
4508 1
4508 1
4508 1
4508 1
4508 1
4508 1
4508 1
4508 1
4508 1
4508 1
4508 1
4508 1
4508 1
4508 1
4508 1
4508 1
4508 1
4508 1
4508 1
4508 1
4508 1
4508 1
4508 1
4508 1
4508 1
4508 1
4508 1
4597 1
4597 1
4597 1
4597 1
4597 1
4597 1
4597 1
4597 1
4597 1
4597 1
4597 1
4597 1
4597 1
4597 1
4597 1
4597 1
4597 1
4597 1
4597 1
4597 1
4597 1
4597 1
4597 1
4597 1
4597 1
4597 1
4597 1
4597 1
4597 1
4597 1
4597 1
4597 1
4597 1
4597 1
4597 1
4597 1
4597 1
4597 1
4597 1
4703 1
4703 1
4703 1
4703 1
4703 1
4703 1
4703 1
4703 1
4703 1
4703 1
4703 1
4703 1
4703 1
4703 1
4703 1
4703 1
4703 1
4703 1
4703 1
4703 1
4703 1
4703 1
4703 1
4703 1
4703 1
4703 1
4703 1
4703 1
4703 1
4703 1
4703 1
4703 1
4703 1
4703 1
4703 1
4703 1
4703 1
4703 1
4703 1
4698 1
4698 1
4698 1
4698 1
4698 1
4698 1
4698 1
4698 1
4698 1
4698 1
4698 1
4698 1
4698 1
4698 1
4698 1
4698 1
4698 1
4698 1
4698 1
4698 1
4698 1
4698 1
4698 1
4698 1
4698 1
4698 1
4698 1
4698 1
4698 1
4698 1
4698 1
4698 1
4698 1
4698 1
4698 1
4698 1
4698 1
4698 1
4698 1
