pt_graph scale
3651 0
3651 34.0362162929435
3651 34.0362162929435
3651 34.0362162929435
3651 34.0362162929435
3651 0
3651 6.4309251293714
3651 6.4309251293714
3651 3.14591338515284
3651 3.14591338515284
3651 3.14591338515284
3651 0
3651 12.8880589856674
3651 22.8113434003181
3651 22.8113434003181
3651 22.8113434003181
3651 17.9590688550344
3651 2.31864315330558
3651 9.34148936315429
3651 11.5374054450242
3651 0
3651 18.957652604916
3651 0
3651 0
3651 12.4941918999408
3651 12.4941918999408
3651 0
3651 37.1640226605836
3651 37.1640226605836
3651 37.1640226605836
3651 49.5568545054258
3651 0
3651 88.5544593915212
3651 3000.06381843298
3651 1.09998227569123
3651 1.09998227569123
3651 22.3162201365642
3651 22.3162201365642
3651 2.14289644611732
3651 2.14289644611732
3651 2.14289644611732
3651 3.77501318058474
3651 3.77501318058474
3651 3.77501318058474
3651 6.3269620780021
3925 0
3925 34.0362162929435
3925 34.0362162929435
3925 34.0362162929435
3925 34.0362162929435
3925 0
3925 6.4309251293714
3925 6.4309251293714
3925 3.14591338515284
3925 3.14591338515284
3925 3.14591338515284
3925 0
3925 12.8880589856674
3925 22.8113434003181
3925 22.8113434003181
3925 22.8113434003181
3925 17.9590688550344
3925 2.31864315330558
3925 9.34148936315429
3925 11.5374054450242
3925 0
3925 18.957652604916
3925 0
3925 0
3925 12.4941918999408
3925 12.4941918999408
3925 0
3925 37.1640226605836
3925 37.1640226605836
3925 37.1640226605836
3925 49.5568545054258
3925 0
3925 88.5544593915212
3925 3000.06381843298
3925 1.09998227569123
3925 1.09998227569123
3925 22.3162201365642
3925 22.3162201365642
3925 2.14289644611732
3925 2.14289644611732
3925 2.14289644611732
3925 3.77501318058474
3925 3.77501318058474
3925 3.77501318058474
3925 6.3269620780021
4007 0
4007 34.0362162929435
4007 34.0362162929435
4007 34.0362162929435
4007 34.0362162929435
4007 0
4007 6.4309251293714
4007 6.4309251293714
4007 3.14591338515284
4007 3.14591338515284
4007 3.14591338515284
4007 0
4007 12.8880589856674
4007 22.8113434003181
4007 22.8113434003181
4007 22.8113434003181
4007 17.9590688550344
4007 2.31864315330558
4007 9.34148936315429
4007 11.5374054450242
4007 0
4007 18.957652604916
4007 0
4007 0
4007 12.4941918999408
4007 12.4941918999408
4007 0
4007 37.1640226605836
4007 37.1640226605836
4007 37.1640226605836
4007 49.5568545054258
4007 0
4007 88.5544593915212
4007 3000.06381843298
4007 1.09998227569123
4007 1.09998227569123
4007 22.3162201365642
4007 22.3162201365642
4007 2.14289644611732
4007 2.14289644611732
4007 2.14289644611732
4007 3.77501318058474
4007 3.77501318058474
4007 3.77501318058474
4007 6.3269620780021
4006 0
4006 34.0362162929435
4006 34.0362162929435
4006 34.0362162929435
4006 34.0362162929435
4006 0
4006 6.4309251293714
4006 6.4309251293714
4006 3.14591338515284
4006 3.14591338515284
4006 3.14591338515284
4006 0
4006 12.8880589856674
4006 22.8113434003181
4006 22.8113434003181
4006 22.8113434003181
4006 17.9590688550344
4006 2.31864315330558
4006 9.34148936315429
4006 11.5374054450242
4006 0
4006 18.957652604916
4006 0
4006 0
4006 12.4941918999408
4006 12.4941918999408
4006 0
4006 37.1640226605836
4006 37.1640226605836
4006 37.1640226605836
4006 49.5568545054258
4006 0
4006 88.5544593915212
4006 3000.06381843298
4006 1.09998227569123
4006 1.09998227569123
4006 22.3162201365642
4006 22.3162201365642
4006 2.14289644611732
4006 2.14289644611732
4006 2.14289644611732
4006 3.77501318058474
4006 3.77501318058474
4006 3.77501318058474
4006 6.3269620780021
4186 0
4186 34.0362162929435
4186 34.0362162929435
4186 34.0362162929435
4186 34.0362162929435
4186 0
4186 6.4309251293714
4186 6.4309251293714
4186 3.14591338515284
4186 3.14591338515284
4186 3.14591338515284
4186 0
4186 12.8880589856674
4186 22.8113434003181
4186 22.8113434003181
4186 22.8113434003181
4186 17.9590688550344
4186 2.31864315330558
4186 9.34148936315429
4186 11.5374054450242
4186 0
4186 18.957652604916
4186 0
4186 0
4186 12.4941918999408
4186 12.4941918999408
4186 0
4186 37.1640226605836
4186 37.1640226605836
4186 37.1640226605836
4186 49.5568545054258
4186 0
4186 88.5544593915212
4186 3000.06381843298
4186 1.09998227569123
4186 1.09998227569123
4186 22.3162201365642
4186 22.3162201365642
4186 2.14289644611732
4186 2.14289644611732
4186 2.14289644611732
4186 3.77501318058474
4186 3.77501318058474
4186 3.77501318058474
4186 6.3269620780021
4090 0
4090 34.0362162929435
4090 34.0362162929435
4090 34.0362162929435
4090 34.0362162929435
4090 0
4090 6.4309251293714
4090 6.4309251293714
4090 3.14591338515284
4090 3.14591338515284
4090 3.14591338515284
4090 0
4090 12.8880589856674
4090 22.8113434003181
4090 22.8113434003181
4090 22.8113434003181
4090 17.9590688550344
4090 2.31864315330558
4090 9.34148936315429
4090 11.5374054450242
4090 0
4090 18.957652604916
4090 0
4090 0
4090 12.4941918999408
4090 12.4941918999408
4090 0
4090 37.1640226605836
4090 37.1640226605836
4090 37.1640226605836
4090 49.5568545054258
4090 0
4090 88.5544593915212
4090 3000.06381843298
4090 1.09998227569123
4090 1.09998227569123
4090 22.3162201365642
4090 22.3162201365642
4090 2.14289644611732
4090 2.14289644611732
4090 2.14289644611732
4090 3.77501318058474
4090 3.77501318058474
4090 3.77501318058474
4090 6.3269620780021
4265 0
4265 34.0362162929435
4265 34.0362162929435
4265 34.0362162929435
4265 34.0362162929435
4265 0
4265 6.4309251293714
4265 6.4309251293714
4265 3.14591338515284
4265 3.14591338515284
4265 3.14591338515284
4265 0
4265 12.8880589856674
4265 22.8113434003181
4265 22.8113434003181
4265 22.8113434003181
4265 17.9590688550344
4265 2.31864315330558
4265 9.34148936315429
4265 11.5374054450242
4265 0
4265 18.957652604916
4265 0
4265 0
4265 12.4941918999408
4265 12.4941918999408
4265 0
4265 37.1640226605836
4265 37.1640226605836
4265 37.1640226605836
4265 49.5568545054258
4265 0
4265 88.5544593915212
4265 3000.06381843298
4265 1.09998227569123
4265 1.09998227569123
4265 22.3162201365642
4265 22.3162201365642
4265 2.14289644611732
4265 2.14289644611732
4265 2.14289644611732
4265 3.77501318058474
4265 3.77501318058474
4265 3.77501318058474
4265 6.3269620780021
4361 0
4361 34.0362162929435
4361 34.0362162929435
4361 34.0362162929435
4361 34.0362162929435
4361 0
4361 6.4309251293714
4361 6.4309251293714
4361 3.14591338515284
4361 3.14591338515284
4361 3.14591338515284
4361 0
4361 12.8880589856674
4361 22.8113434003181
4361 22.8113434003181
4361 22.8113434003181
4361 17.9590688550344
4361 2.31864315330558
4361 9.34148936315429
4361 11.5374054450242
4361 0
4361 18.957652604916
4361 0
4361 0
4361 12.4941918999408
4361 12.4941918999408
4361 0
4361 37.1640226605836
4361 37.1640226605836
4361 37.1640226605836
4361 49.5568545054258
4361 0
4361 88.5544593915212
4361 3000.06381843298
4361 1.09998227569123
4361 1.09998227569123
4361 22.3162201365642
4361 22.3162201365642
4361 2.14289644611732
4361 2.14289644611732
4361 2.14289644611732
4361 3.77501318058474
4361 3.77501318058474
4361 3.77501318058474
4361 6.3269620780021
4452 0
4452 34.0362162929435
4452 34.0362162929435
4452 34.0362162929435
4452 34.0362162929435
4452 0
4452 6.4309251293714
4452 6.4309251293714
4452 3.14591338515284
4452 3.14591338515284
4452 3.14591338515284
4452 0
4452 12.8880589856674
4452 22.8113434003181
4452 22.8113434003181
4452 22.8113434003181
4452 17.9590688550344
4452 2.31864315330558
4452 9.34148936315429
4452 11.5374054450242
4452 0
4452 18.957652604916
4452 0
4452 0
4452 12.4941918999408
4452 12.4941918999408
4452 0
4452 37.1640226605836
4452 37.1640226605836
4452 37.1640226605836
4452 49.5568545054258
4452 0
4452 88.5544593915212
4452 3000.06381843298
4452 1.09998227569123
4452 1.09998227569123
4452 22.3162201365642
4452 22.3162201365642
4452 2.14289644611732
4452 2.14289644611732
4452 2.14289644611732
4452 3.77501318058474
4452 3.77501318058474
4452 3.77501318058474
4452 6.3269620780021
4544 0
4544 34.0362162929435
4544 34.0362162929435
4544 34.0362162929435
4544 34.0362162929435
4544 0
4544 6.4309251293714
4544 6.4309251293714
4544 3.14591338515284
4544 3.14591338515284
4544 3.14591338515284
4544 0
4544 12.8880589856674
4544 22.8113434003181
4544 22.8113434003181
4544 22.8113434003181
4544 17.9590688550344
4544 2.31864315330558
4544 9.34148936315429
4544 11.5374054450242
4544 0
4544 18.957652604916
4544 0
4544 0
4544 12.4941918999408
4544 12.4941918999408
4544 0
4544 37.1640226605836
4544 37.1640226605836
4544 37.1640226605836
4544 49.5568545054258
4544 0
4544 88.5544593915212
4544 3000.06381843298
4544 1.09998227569123
4544 1.09998227569123
4544 22.3162201365642
4544 22.3162201365642
4544 2.14289644611732
4544 2.14289644611732
4544 2.14289644611732
4544 3.77501318058474
4544 3.77501318058474
4544 3.77501318058474
4544 6.3269620780021
4543 0
4543 34.0362162929435
4543 34.0362162929435
4543 34.0362162929435
4543 34.0362162929435
4543 0
4543 6.4309251293714
4543 6.4309251293714
4543 3.14591338515284
4543 3.14591338515284
4543 3.14591338515284
4543 0
4543 12.8880589856674
4543 22.8113434003181
4543 22.8113434003181
4543 22.8113434003181
4543 17.9590688550344
4543 2.31864315330558
4543 9.34148936315429
4543 11.5374054450242
4543 0
4543 18.957652604916
4543 0
4543 0
4543 12.4941918999408
4543 12.4941918999408
4543 0
4543 37.1640226605836
4543 37.1640226605836
4543 37.1640226605836
4543 49.5568545054258
4543 0
4543 88.5544593915212
4543 3000.06381843298
4543 1.09998227569123
4543 1.09998227569123
4543 22.3162201365642
4543 22.3162201365642
4543 2.14289644611732
4543 2.14289644611732
4543 2.14289644611732
4543 3.77501318058474
4543 3.77501318058474
4543 3.77501318058474
4543 6.3269620780021
4349 0
4349 34.0362162929435
4349 34.0362162929435
4349 34.0362162929435
4349 34.0362162929435
4349 0
4349 6.4309251293714
4349 6.4309251293714
4349 3.14591338515284
4349 3.14591338515284
4349 3.14591338515284
4349 0
4349 12.8880589856674
4349 22.8113434003181
4349 22.8113434003181
4349 22.8113434003181
4349 17.9590688550344
4349 2.31864315330558
4349 9.34148936315429
4349 11.5374054450242
4349 0
4349 18.957652604916
4349 0
4349 0
4349 12.4941918999408
4349 12.4941918999408
4349 0
4349 37.1640226605836
4349 37.1640226605836
4349 37.1640226605836
4349 49.5568545054258
4349 0
4349 88.5544593915212
4349 3000.06381843298
4349 1.09998227569123
4349 1.09998227569123
4349 22.3162201365642
4349 22.3162201365642
4349 2.14289644611732
4349 2.14289644611732
4349 2.14289644611732
4349 3.77501318058474
4349 3.77501318058474
4349 3.77501318058474
4349 6.3269620780021
4725 0
4725 34.0362162929435
4725 34.0362162929435
4725 34.0362162929435
4725 34.0362162929435
4725 0
4725 6.4309251293714
4725 6.4309251293714
4725 3.14591338515284
4725 3.14591338515284
4725 3.14591338515284
4725 0
4725 12.8880589856674
4725 22.8113434003181
4725 22.8113434003181
4725 22.8113434003181
4725 17.9590688550344
4725 2.31864315330558
4725 9.34148936315429
4725 11.5374054450242
4725 0
4725 18.957652604916
4725 0
4725 0
4725 12.4941918999408
4725 12.4941918999408
4725 0
4725 37.1640226605836
4725 37.1640226605836
4725 37.1640226605836
4725 49.5568545054258
4725 0
4725 88.5544593915212
4725 3000.06381843298
4725 1.09998227569123
4725 1.09998227569123
4725 22.3162201365642
4725 22.3162201365642
4725 2.14289644611732
4725 2.14289644611732
4725 2.14289644611732
4725 3.77501318058474
4725 3.77501318058474
4725 3.77501318058474
4725 6.3269620780021
4911 0
4911 34.0362162929435
4911 34.0362162929435
4911 34.0362162929435
4911 34.0362162929435
4911 0
4911 6.4309251293714
4911 6.4309251293714
4911 3.14591338515284
4911 3.14591338515284
4911 3.14591338515284
4911 0
4911 12.8880589856674
4911 22.8113434003181
4911 22.8113434003181
4911 22.8113434003181
4911 17.9590688550344
4911 2.31864315330558
4911 9.34148936315429
4911 11.5374054450242
4911 0
4911 18.957652604916
4911 0
4911 0
4911 12.4941918999408
4911 12.4941918999408
4911 0
4911 37.1640226605836
4911 37.1640226605836
4911 37.1640226605836
4911 49.5568545054258
4911 0
4911 88.5544593915212
4911 3000.06381843298
4911 1.09998227569123
4911 1.09998227569123
4911 22.3162201365642
4911 22.3162201365642
4911 2.14289644611732
4911 2.14289644611732
4911 2.14289644611732
4911 3.77501318058474
4911 3.77501318058474
4911 3.77501318058474
4911 6.3269620780021
4890 0
4890 34.0362162929435
4890 34.0362162929435
4890 34.0362162929435
4890 34.0362162929435
4890 0
4890 6.4309251293714
4890 6.4309251293714
4890 3.14591338515284
4890 3.14591338515284
4890 3.14591338515284
4890 0
4890 12.8880589856674
4890 22.8113434003181
4890 22.8113434003181
4890 22.8113434003181
4890 17.9590688550344
4890 2.31864315330558
4890 9.34148936315429
4890 11.5374054450242
4890 0
4890 18.957652604916
4890 0
4890 0
4890 12.4941918999408
4890 12.4941918999408
4890 0
4890 37.1640226605836
4890 37.1640226605836
4890 37.1640226605836
4890 49.5568545054258
4890 0
4890 88.5544593915212
4890 3000.06381843298
4890 1.09998227569123
4890 1.09998227569123
4890 22.3162201365642
4890 22.3162201365642
4890 2.14289644611732
4890 2.14289644611732
4890 2.14289644611732
4890 3.77501318058474
4890 3.77501318058474
4890 3.77501318058474
4890 6.3269620780021
5179 0
5179 34.0362162929435
5179 34.0362162929435
5179 34.0362162929435
5179 34.0362162929435
5179 0
5179 6.4309251293714
5179 6.4309251293714
5179 3.14591338515284
5179 3.14591338515284
5179 3.14591338515284
5179 0
5179 12.8880589856674
5179 22.8113434003181
5179 22.8113434003181
5179 22.8113434003181
5179 17.9590688550344
5179 2.31864315330558
5179 9.34148936315429
5179 11.5374054450242
5179 0
5179 18.957652604916
5179 0
5179 0
5179 12.4941918999408
5179 12.4941918999408
5179 0
5179 37.1640226605836
5179 37.1640226605836
5179 37.1640226605836
5179 49.5568545054258
5179 0
5179 88.5544593915212
5179 3000.06381843298
5179 1.09998227569123
5179 1.09998227569123
5179 22.3162201365642
5179 22.3162201365642
5179 2.14289644611732
5179 2.14289644611732
5179 2.14289644611732
5179 3.77501318058474
5179 3.77501318058474
5179 3.77501318058474
5179 6.3269620780021
5178 0
5178 34.0362162929435
5178 34.0362162929435
5178 34.0362162929435
5178 34.0362162929435
5178 0
5178 6.4309251293714
5178 6.4309251293714
5178 3.14591338515284
5178 3.14591338515284
5178 3.14591338515284
5178 0
5178 12.8880589856674
5178 22.8113434003181
5178 22.8113434003181
5178 22.8113434003181
5178 17.9590688550344
5178 2.31864315330558
5178 9.34148936315429
5178 11.5374054450242
5178 0
5178 18.957652604916
5178 0
5178 0
5178 12.4941918999408
5178 12.4941918999408
5178 0
5178 37.1640226605836
5178 37.1640226605836
5178 37.1640226605836
5178 49.5568545054258
5178 0
5178 88.5544593915212
5178 3000.06381843298
5178 1.09998227569123
5178 1.09998227569123
5178 22.3162201365642
5178 22.3162201365642
5178 2.14289644611732
5178 2.14289644611732
5178 2.14289644611732
5178 3.77501318058474
5178 3.77501318058474
5178 3.77501318058474
5178 6.3269620780021
4981 0
4981 34.0362162929435
4981 34.0362162929435
4981 34.0362162929435
4981 34.0362162929435
4981 0
4981 6.4309251293714
4981 6.4309251293714
4981 3.14591338515284
4981 3.14591338515284
4981 3.14591338515284
4981 0
4981 12.8880589856674
4981 22.8113434003181
4981 22.8113434003181
4981 22.8113434003181
4981 17.9590688550344
4981 2.31864315330558
4981 9.34148936315429
4981 11.5374054450242
4981 0
4981 18.957652604916
4981 0
4981 0
4981 12.4941918999408
4981 12.4941918999408
4981 0
4981 37.1640226605836
4981 37.1640226605836
4981 37.1640226605836
4981 49.5568545054258
4981 0
4981 88.5544593915212
4981 3000.06381843298
4981 1.09998227569123
4981 1.09998227569123
4981 22.3162201365642
4981 22.3162201365642
4981 2.14289644611732
4981 2.14289644611732
4981 2.14289644611732
4981 3.77501318058474
4981 3.77501318058474
4981 3.77501318058474
4981 6.3269620780021
5355 0
5355 34.0362162929435
5355 34.0362162929435
5355 34.0362162929435
5355 34.0362162929435
5355 0
5355 6.4309251293714
5355 6.4309251293714
5355 3.14591338515284
5355 3.14591338515284
5355 3.14591338515284
5355 0
5355 12.8880589856674
5355 22.8113434003181
5355 22.8113434003181
5355 22.8113434003181
5355 17.9590688550344
5355 2.31864315330558
5355 9.34148936315429
5355 11.5374054450242
5355 0
5355 18.957652604916
5355 0
5355 0
5355 12.4941918999408
5355 12.4941918999408
5355 0
5355 37.1640226605836
5355 37.1640226605836
5355 37.1640226605836
5355 49.5568545054258
5355 0
5355 88.5544593915212
5355 3000.06381843298
5355 1.09998227569123
5355 1.09998227569123
5355 22.3162201365642
5355 22.3162201365642
5355 2.14289644611732
5355 2.14289644611732
5355 2.14289644611732
5355 3.77501318058474
5355 3.77501318058474
5355 3.77501318058474
5355 6.3269620780021
10326 0
10326 34.0362162929435
10326 34.0362162929435
10326 34.0362162929435
10326 34.0362162929435
10326 0
10326 6.4309251293714
10326 6.4309251293714
10326 3.14591338515284
10326 3.14591338515284
10326 3.14591338515284
10326 0
10326 12.8880589856674
10326 22.8113434003181
10326 22.8113434003181
10326 22.8113434003181
10326 17.9590688550344
10326 2.31864315330558
10326 9.34148936315429
10326 11.5374054450242
10326 0
10326 18.957652604916
10326 0
10326 0
10326 12.4941918999408
10326 12.4941918999408
10326 0
10326 37.1640226605836
10326 37.1640226605836
10326 37.1640226605836
10326 49.5568545054258
10326 0
10326 88.5544593915212
10326 3000.06381843298
10326 1.09998227569123
10326 1.09998227569123
10326 22.3162201365642
10326 22.3162201365642
10326 2.14289644611732
10326 2.14289644611732
10326 2.14289644611732
10326 3.77501318058474
10326 3.77501318058474
10326 3.77501318058474
10326 6.3269620780021
5431 0
5431 34.0362162929435
5431 34.0362162929435
5431 34.0362162929435
5431 34.0362162929435
5431 0
5431 6.4309251293714
5431 6.4309251293714
5431 3.14591338515284
5431 3.14591338515284
5431 3.14591338515284
5431 0
5431 12.8880589856674
5431 22.8113434003181
5431 22.8113434003181
5431 22.8113434003181
5431 17.9590688550344
5431 2.31864315330558
5431 9.34148936315429
5431 11.5374054450242
5431 0
5431 18.957652604916
5431 0
5431 0
5431 12.4941918999408
5431 12.4941918999408
5431 0
5431 37.1640226605836
5431 37.1640226605836
5431 37.1640226605836
5431 49.5568545054258
5431 0
5431 88.5544593915212
5431 3000.06381843298
5431 1.09998227569123
5431 1.09998227569123
5431 22.3162201365642
5431 22.3162201365642
5431 2.14289644611732
5431 2.14289644611732
5431 2.14289644611732
5431 3.77501318058474
5431 3.77501318058474
5431 3.77501318058474
5431 6.3269620780021
5427 0
5427 34.0362162929435
5427 34.0362162929435
5427 34.0362162929435
5427 34.0362162929435
5427 0
5427 6.4309251293714
5427 6.4309251293714
5427 3.14591338515284
5427 3.14591338515284
5427 3.14591338515284
5427 0
5427 12.8880589856674
5427 22.8113434003181
5427 22.8113434003181
5427 22.8113434003181
5427 17.9590688550344
5427 2.31864315330558
5427 9.34148936315429
5427 11.5374054450242
5427 0
5427 18.957652604916
5427 0
5427 0
5427 12.4941918999408
5427 12.4941918999408
5427 0
5427 37.1640226605836
5427 37.1640226605836
5427 37.1640226605836
5427 49.5568545054258
5427 0
5427 88.5544593915212
5427 3000.06381843298
5427 1.09998227569123
5427 1.09998227569123
5427 22.3162201365642
5427 22.3162201365642
5427 2.14289644611732
5427 2.14289644611732
5427 2.14289644611732
5427 3.77501318058474
5427 3.77501318058474
5427 3.77501318058474
5427 6.3269620780021
5618 0
5618 34.0362162929435
5618 34.0362162929435
5618 34.0362162929435
5618 34.0362162929435
5618 0
5618 6.4309251293714
5618 6.4309251293714
5618 3.14591338515284
5618 3.14591338515284
5618 3.14591338515284
5618 0
5618 12.8880589856674
5618 22.8113434003181
5618 22.8113434003181
5618 22.8113434003181
5618 17.9590688550344
5618 2.31864315330558
5618 9.34148936315429
5618 11.5374054450242
5618 0
5618 18.957652604916
5618 0
5618 0
5618 12.4941918999408
5618 12.4941918999408
5618 0
5618 37.1640226605836
5618 37.1640226605836
5618 37.1640226605836
5618 49.5568545054258
5618 0
5618 88.5544593915212
5618 3000.06381843298
5618 1.09998227569123
5618 1.09998227569123
5618 22.3162201365642
5618 22.3162201365642
5618 2.14289644611732
5618 2.14289644611732
5618 2.14289644611732
5618 3.77501318058474
5618 3.77501318058474
5618 3.77501318058474
5618 6.3269620780021
5614 0
5614 34.0362162929435
5614 34.0362162929435
5614 34.0362162929435
5614 34.0362162929435
5614 0
5614 6.4309251293714
5614 6.4309251293714
5614 3.14591338515284
5614 3.14591338515284
5614 3.14591338515284
5614 0
5614 12.8880589856674
5614 22.8113434003181
5614 22.8113434003181
5614 22.8113434003181
5614 17.9590688550344
5614 2.31864315330558
5614 9.34148936315429
5614 11.5374054450242
5614 0
5614 18.957652604916
5614 0
5614 0
5614 12.4941918999408
5614 12.4941918999408
5614 0
5614 37.1640226605836
5614 37.1640226605836
5614 37.1640226605836
5614 49.5568545054258
5614 0
5614 88.5544593915212
5614 3000.06381843298
5614 1.09998227569123
5614 1.09998227569123
5614 22.3162201365642
5614 22.3162201365642
5614 2.14289644611732
5614 2.14289644611732
5614 2.14289644611732
5614 3.77501318058474
5614 3.77501318058474
5614 3.77501318058474
5614 6.3269620780021
5517 0
5517 34.0362162929435
5517 34.0362162929435
5517 34.0362162929435
5517 34.0362162929435
5517 0
5517 6.4309251293714
5517 6.4309251293714
5517 3.14591338515284
5517 3.14591338515284
5517 3.14591338515284
5517 0
5517 12.8880589856674
5517 22.8113434003181
5517 22.8113434003181
5517 22.8113434003181
5517 17.9590688550344
5517 2.31864315330558
5517 9.34148936315429
5517 11.5374054450242
5517 0
5517 18.957652604916
5517 0
5517 0
5517 12.4941918999408
5517 12.4941918999408
5517 0
5517 37.1640226605836
5517 37.1640226605836
5517 37.1640226605836
5517 49.5568545054258
5517 0
5517 88.5544593915212
5517 3000.06381843298
5517 1.09998227569123
5517 1.09998227569123
5517 22.3162201365642
5517 22.3162201365642
5517 2.14289644611732
5517 2.14289644611732
5517 2.14289644611732
5517 3.77501318058474
5517 3.77501318058474
5517 3.77501318058474
5517 6.3269620780021
5512 0
5512 34.0362162929435
5512 34.0362162929435
5512 34.0362162929435
5512 34.0362162929435
5512 0
5512 6.4309251293714
5512 6.4309251293714
5512 3.14591338515284
5512 3.14591338515284
5512 3.14591338515284
5512 0
5512 12.8880589856674
5512 22.8113434003181
5512 22.8113434003181
5512 22.8113434003181
5512 17.9590688550344
5512 2.31864315330558
5512 9.34148936315429
5512 11.5374054450242
5512 0
5512 18.957652604916
5512 0
5512 0
5512 12.4941918999408
5512 12.4941918999408
5512 0
5512 37.1640226605836
5512 37.1640226605836
5512 37.1640226605836
5512 49.5568545054258
5512 0
5512 88.5544593915212
5512 3000.06381843298
5512 1.09998227569123
5512 1.09998227569123
5512 22.3162201365642
5512 22.3162201365642
5512 2.14289644611732
5512 2.14289644611732
5512 2.14289644611732
5512 3.77501318058474
5512 3.77501318058474
5512 3.77501318058474
5512 6.3269620780021
5704 0
5704 34.0362162929435
5704 34.0362162929435
5704 34.0362162929435
5704 34.0362162929435
5704 0
5704 6.4309251293714
5704 6.4309251293714
5704 3.14591338515284
5704 3.14591338515284
5704 3.14591338515284
5704 0
5704 12.8880589856674
5704 22.8113434003181
5704 22.8113434003181
5704 22.8113434003181
5704 17.9590688550344
5704 2.31864315330558
5704 9.34148936315429
5704 11.5374054450242
5704 0
5704 18.957652604916
5704 0
5704 0
5704 12.4941918999408
5704 12.4941918999408
5704 0
5704 37.1640226605836
5704 37.1640226605836
5704 37.1640226605836
5704 49.5568545054258
5704 0
5704 88.5544593915212
5704 3000.06381843298
5704 1.09998227569123
5704 1.09998227569123
5704 22.3162201365642
5704 22.3162201365642
5704 2.14289644611732
5704 2.14289644611732
5704 2.14289644611732
5704 3.77501318058474
5704 3.77501318058474
5704 3.77501318058474
5704 6.3269620780021
5702 0
5702 34.0362162929435
5702 34.0362162929435
5702 34.0362162929435
5702 34.0362162929435
5702 0
5702 6.4309251293714
5702 6.4309251293714
5702 3.14591338515284
5702 3.14591338515284
5702 3.14591338515284
5702 0
5702 12.8880589856674
5702 22.8113434003181
5702 22.8113434003181
5702 22.8113434003181
5702 17.9590688550344
5702 2.31864315330558
5702 9.34148936315429
5702 11.5374054450242
5702 0
5702 18.957652604916
5702 0
5702 0
5702 12.4941918999408
5702 12.4941918999408
5702 0
5702 37.1640226605836
5702 37.1640226605836
5702 37.1640226605836
5702 49.5568545054258
5702 0
5702 88.5544593915212
5702 3000.06381843298
5702 1.09998227569123
5702 1.09998227569123
5702 22.3162201365642
5702 22.3162201365642
5702 2.14289644611732
5702 2.14289644611732
5702 2.14289644611732
5702 3.77501318058474
5702 3.77501318058474
5702 3.77501318058474
5702 6.3269620780021
5606 0
5606 34.0362162929435
5606 34.0362162929435
5606 34.0362162929435
5606 34.0362162929435
5606 0
5606 6.4309251293714
5606 6.4309251293714
5606 3.14591338515284
5606 3.14591338515284
5606 3.14591338515284
5606 0
5606 12.8880589856674
5606 22.8113434003181
5606 22.8113434003181
5606 22.8113434003181
5606 17.9590688550344
5606 2.31864315330558
5606 9.34148936315429
5606 11.5374054450242
5606 0
5606 18.957652604916
5606 0
5606 0
5606 12.4941918999408
5606 12.4941918999408
5606 0
5606 37.1640226605836
5606 37.1640226605836
5606 37.1640226605836
5606 49.5568545054258
5606 0
5606 88.5544593915212
5606 3000.06381843298
5606 1.09998227569123
5606 1.09998227569123
5606 22.3162201365642
5606 22.3162201365642
5606 2.14289644611732
5606 2.14289644611732
5606 2.14289644611732
5606 3.77501318058474
5606 3.77501318058474
5606 3.77501318058474
5606 6.3269620780021
5605 0
5605 34.0362162929435
5605 34.0362162929435
5605 34.0362162929435
5605 34.0362162929435
5605 0
5605 6.4309251293714
5605 6.4309251293714
5605 3.14591338515284
5605 3.14591338515284
5605 3.14591338515284
5605 0
5605 12.8880589856674
5605 22.8113434003181
5605 22.8113434003181
5605 22.8113434003181
5605 17.9590688550344
5605 2.31864315330558
5605 9.34148936315429
5605 11.5374054450242
5605 0
5605 18.957652604916
5605 0
5605 0
5605 12.4941918999408
5605 12.4941918999408
5605 0
5605 37.1640226605836
5605 37.1640226605836
5605 37.1640226605836
5605 49.5568545054258
5605 0
5605 88.5544593915212
5605 3000.06381843298
5605 1.09998227569123
5605 1.09998227569123
5605 22.3162201365642
5605 22.3162201365642
5605 2.14289644611732
5605 2.14289644611732
5605 2.14289644611732
5605 3.77501318058474
5605 3.77501318058474
5605 3.77501318058474
5605 6.3269620780021
5796 0
5796 34.0362162929435
5796 34.0362162929435
5796 34.0362162929435
5796 34.0362162929435
5796 0
5796 6.4309251293714
5796 6.4309251293714
5796 3.14591338515284
5796 3.14591338515284
5796 3.14591338515284
5796 0
5796 12.8880589856674
5796 22.8113434003181
5796 22.8113434003181
5796 22.8113434003181
5796 17.9590688550344
5796 2.31864315330558
5796 9.34148936315429
5796 11.5374054450242
5796 0
5796 18.957652604916
5796 0
5796 0
5796 12.4941918999408
5796 12.4941918999408
5796 0
5796 37.1640226605836
5796 37.1640226605836
5796 37.1640226605836
5796 49.5568545054258
5796 0
5796 88.5544593915212
5796 3000.06381843298
5796 1.09998227569123
5796 1.09998227569123
5796 22.3162201365642
5796 22.3162201365642
5796 2.14289644611732
5796 2.14289644611732
5796 2.14289644611732
5796 3.77501318058474
5796 3.77501318058474
5796 3.77501318058474
5796 6.3269620780021
5694 0
5694 34.0362162929435
5694 34.0362162929435
5694 34.0362162929435
5694 34.0362162929435
5694 0
5694 6.4309251293714
5694 6.4309251293714
5694 3.14591338515284
5694 3.14591338515284
5694 3.14591338515284
5694 0
5694 12.8880589856674
5694 22.8113434003181
5694 22.8113434003181
5694 22.8113434003181
5694 17.9590688550344
5694 2.31864315330558
5694 9.34148936315429
5694 11.5374054450242
5694 0
5694 18.957652604916
5694 0
5694 0
5694 12.4941918999408
5694 12.4941918999408
5694 0
5694 37.1640226605836
5694 37.1640226605836
5694 37.1640226605836
5694 49.5568545054258
5694 0
5694 88.5544593915212
5694 3000.06381843298
5694 1.09998227569123
5694 1.09998227569123
5694 22.3162201365642
5694 22.3162201365642
5694 2.14289644611732
5694 2.14289644611732
5694 2.14289644611732
5694 3.77501318058474
5694 3.77501318058474
5694 3.77501318058474
5694 6.3269620780021
5689 0
5689 34.0362162929435
5689 34.0362162929435
5689 34.0362162929435
5689 34.0362162929435
5689 0
5689 6.4309251293714
5689 6.4309251293714
5689 3.14591338515284
5689 3.14591338515284
5689 3.14591338515284
5689 0
5689 12.8880589856674
5689 22.8113434003181
5689 22.8113434003181
5689 22.8113434003181
5689 17.9590688550344
5689 2.31864315330558
5689 9.34148936315429
5689 11.5374054450242
5689 0
5689 18.957652604916
5689 0
5689 0
5689 12.4941918999408
5689 12.4941918999408
5689 0
5689 37.1640226605836
5689 37.1640226605836
5689 37.1640226605836
5689 49.5568545054258
5689 0
5689 88.5544593915212
5689 3000.06381843298
5689 1.09998227569123
5689 1.09998227569123
5689 22.3162201365642
5689 22.3162201365642
5689 2.14289644611732
5689 2.14289644611732
5689 2.14289644611732
5689 3.77501318058474
5689 3.77501318058474
5689 3.77501318058474
5689 6.3269620780021
5688 0
5688 34.0362162929435
5688 34.0362162929435
5688 34.0362162929435
5688 34.0362162929435
5688 0
5688 6.4309251293714
5688 6.4309251293714
5688 3.14591338515284
5688 3.14591338515284
5688 3.14591338515284
5688 0
5688 12.8880589856674
5688 22.8113434003181
5688 22.8113434003181
5688 22.8113434003181
5688 17.9590688550344
5688 2.31864315330558
5688 9.34148936315429
5688 11.5374054450242
5688 0
5688 18.957652604916
5688 0
5688 0
5688 12.4941918999408
5688 12.4941918999408
5688 0
5688 37.1640226605836
5688 37.1640226605836
5688 37.1640226605836
5688 49.5568545054258
5688 0
5688 88.5544593915212
5688 3000.06381843298
5688 1.09998227569123
5688 1.09998227569123
5688 22.3162201365642
5688 22.3162201365642
5688 2.14289644611732
5688 2.14289644611732
5688 2.14289644611732
5688 3.77501318058474
5688 3.77501318058474
5688 3.77501318058474
5688 6.3269620780021
5887 0
5887 34.0362162929435
5887 34.0362162929435
5887 34.0362162929435
5887 34.0362162929435
5887 0
5887 6.4309251293714
5887 6.4309251293714
5887 3.14591338515284
5887 3.14591338515284
5887 3.14591338515284
5887 0
5887 12.8880589856674
5887 22.8113434003181
5887 22.8113434003181
5887 22.8113434003181
5887 17.9590688550344
5887 2.31864315330558
5887 9.34148936315429
5887 11.5374054450242
5887 0
5887 18.957652604916
5887 0
5887 0
5887 12.4941918999408
5887 12.4941918999408
5887 0
5887 37.1640226605836
5887 37.1640226605836
5887 37.1640226605836
5887 49.5568545054258
5887 0
5887 88.5544593915212
5887 3000.06381843298
5887 1.09998227569123
5887 1.09998227569123
5887 22.3162201365642
5887 22.3162201365642
5887 2.14289644611732
5887 2.14289644611732
5887 2.14289644611732
5887 3.77501318058474
5887 3.77501318058474
5887 3.77501318058474
5887 6.3269620780021
5777 0
5777 34.0362162929435
5777 34.0362162929435
5777 34.0362162929435
5777 34.0362162929435
5777 0
5777 6.4309251293714
5777 6.4309251293714
5777 3.14591338515284
5777 3.14591338515284
5777 3.14591338515284
5777 0
5777 12.8880589856674
5777 22.8113434003181
5777 22.8113434003181
5777 22.8113434003181
5777 17.9590688550344
5777 2.31864315330558
5777 9.34148936315429
5777 11.5374054450242
5777 0
5777 18.957652604916
5777 0
5777 0
5777 12.4941918999408
5777 12.4941918999408
5777 0
5777 37.1640226605836
5777 37.1640226605836
5777 37.1640226605836
5777 49.5568545054258
5777 0
5777 88.5544593915212
5777 3000.06381843298
5777 1.09998227569123
5777 1.09998227569123
5777 22.3162201365642
5777 22.3162201365642
5777 2.14289644611732
5777 2.14289644611732
5777 2.14289644611732
5777 3.77501318058474
5777 3.77501318058474
5777 3.77501318058474
5777 6.3269620780021
5879 0
5879 34.0362162929435
5879 34.0362162929435
5879 34.0362162929435
5879 34.0362162929435
5879 0
5879 6.4309251293714
5879 6.4309251293714
5879 3.14591338515284
5879 3.14591338515284
5879 3.14591338515284
5879 0
5879 12.8880589856674
5879 22.8113434003181
5879 22.8113434003181
5879 22.8113434003181
5879 17.9590688550344
5879 2.31864315330558
5879 9.34148936315429
5879 11.5374054450242
5879 0
5879 18.957652604916
5879 0
5879 0
5879 12.4941918999408
5879 12.4941918999408
5879 0
5879 37.1640226605836
5879 37.1640226605836
5879 37.1640226605836
5879 49.5568545054258
5879 0
5879 88.5544593915212
5879 3000.06381843298
5879 1.09998227569123
5879 1.09998227569123
5879 22.3162201365642
5879 22.3162201365642
5879 2.14289644611732
5879 2.14289644611732
5879 2.14289644611732
5879 3.77501318058474
5879 3.77501318058474
5879 3.77501318058474
5879 6.3269620780021
5984 0
5984 34.0362162929435
5984 34.0362162929435
5984 34.0362162929435
5984 34.0362162929435
5984 0
5984 6.4309251293714
5984 6.4309251293714
5984 3.14591338515284
5984 3.14591338515284
5984 3.14591338515284
5984 0
5984 12.8880589856674
5984 22.8113434003181
5984 22.8113434003181
5984 22.8113434003181
5984 17.9590688550344
5984 2.31864315330558
5984 9.34148936315429
5984 11.5374054450242
5984 0
5984 18.957652604916
5984 0
5984 0
5984 12.4941918999408
5984 12.4941918999408
5984 0
5984 37.1640226605836
5984 37.1640226605836
5984 37.1640226605836
5984 49.5568545054258
5984 0
5984 88.5544593915212
5984 3000.06381843298
5984 1.09998227569123
5984 1.09998227569123
5984 22.3162201365642
5984 22.3162201365642
5984 2.14289644611732
5984 2.14289644611732
5984 2.14289644611732
5984 3.77501318058474
5984 3.77501318058474
5984 3.77501318058474
5984 6.3269620780021
5869 0
5869 34.0362162929435
5869 34.0362162929435
5869 34.0362162929435
5869 34.0362162929435
5869 0
5869 6.4309251293714
5869 6.4309251293714
5869 3.14591338515284
5869 3.14591338515284
5869 3.14591338515284
5869 0
5869 12.8880589856674
5869 22.8113434003181
5869 22.8113434003181
5869 22.8113434003181
5869 17.9590688550344
5869 2.31864315330558
5869 9.34148936315429
5869 11.5374054450242
5869 0
5869 18.957652604916
5869 0
5869 0
5869 12.4941918999408
5869 12.4941918999408
5869 0
5869 37.1640226605836
5869 37.1640226605836
5869 37.1640226605836
5869 49.5568545054258
5869 0
5869 88.5544593915212
5869 3000.06381843298
5869 1.09998227569123
5869 1.09998227569123
5869 22.3162201365642
5869 22.3162201365642
5869 2.14289644611732
5869 2.14289644611732
5869 2.14289644611732
5869 3.77501318058474
5869 3.77501318058474
5869 3.77501318058474
5869 6.3269620780021
5975 0
5975 34.0362162929435
5975 34.0362162929435
5975 34.0362162929435
5975 34.0362162929435
5975 0
5975 6.4309251293714
5975 6.4309251293714
5975 3.14591338515284
5975 3.14591338515284
5975 3.14591338515284
5975 0
5975 12.8880589856674
5975 22.8113434003181
5975 22.8113434003181
5975 22.8113434003181
5975 17.9590688550344
5975 2.31864315330558
5975 9.34148936315429
5975 11.5374054450242
5975 0
5975 18.957652604916
5975 0
5975 0
5975 12.4941918999408
5975 12.4941918999408
5975 0
5975 37.1640226605836
5975 37.1640226605836
5975 37.1640226605836
5975 49.5568545054258
5975 0
5975 88.5544593915212
5975 3000.06381843298
5975 1.09998227569123
5975 1.09998227569123
5975 22.3162201365642
5975 22.3162201365642
5975 2.14289644611732
5975 2.14289644611732
5975 2.14289644611732
5975 3.77501318058474
5975 3.77501318058474
5975 3.77501318058474
5975 6.3269620780021
6081 0
6081 34.0362162929435
6081 34.0362162929435
6081 34.0362162929435
6081 34.0362162929435
6081 0
6081 6.4309251293714
6081 6.4309251293714
6081 3.14591338515284
6081 3.14591338515284
6081 3.14591338515284
6081 0
6081 12.8880589856674
6081 22.8113434003181
6081 22.8113434003181
6081 22.8113434003181
6081 17.9590688550344
6081 2.31864315330558
6081 9.34148936315429
6081 11.5374054450242
6081 0
6081 18.957652604916
6081 0
6081 0
6081 12.4941918999408
6081 12.4941918999408
6081 0
6081 37.1640226605836
6081 37.1640226605836
6081 37.1640226605836
6081 49.5568545054258
6081 0
6081 88.5544593915212
6081 3000.06381843298
6081 1.09998227569123
6081 1.09998227569123
6081 22.3162201365642
6081 22.3162201365642
6081 2.14289644611732
6081 2.14289644611732
6081 2.14289644611732
6081 3.77501318058474
6081 3.77501318058474
6081 3.77501318058474
6081 6.3269620780021
6080 0
6080 34.0362162929435
6080 34.0362162929435
6080 34.0362162929435
6080 34.0362162929435
6080 0
6080 6.4309251293714
6080 6.4309251293714
6080 3.14591338515284
6080 3.14591338515284
6080 3.14591338515284
6080 0
6080 12.8880589856674
6080 22.8113434003181
6080 22.8113434003181
6080 22.8113434003181
6080 17.9590688550344
6080 2.31864315330558
6080 9.34148936315429
6080 11.5374054450242
6080 0
6080 18.957652604916
6080 0
6080 0
6080 12.4941918999408
6080 12.4941918999408
6080 0
6080 37.1640226605836
6080 37.1640226605836
6080 37.1640226605836
6080 49.5568545054258
6080 0
6080 88.5544593915212
6080 3000.06381843298
6080 1.09998227569123
6080 1.09998227569123
6080 22.3162201365642
6080 22.3162201365642
6080 2.14289644611732
6080 2.14289644611732
6080 2.14289644611732
6080 3.77501318058474
6080 3.77501318058474
6080 3.77501318058474
6080 6.3269620780021
6079 0
6079 34.0362162929435
6079 34.0362162929435
6079 34.0362162929435
6079 34.0362162929435
6079 0
6079 6.4309251293714
6079 6.4309251293714
6079 3.14591338515284
6079 3.14591338515284
6079 3.14591338515284
6079 0
6079 12.8880589856674
6079 22.8113434003181
6079 22.8113434003181
6079 22.8113434003181
6079 17.9590688550344
6079 2.31864315330558
6079 9.34148936315429
6079 11.5374054450242
6079 0
6079 18.957652604916
6079 0
6079 0
6079 12.4941918999408
6079 12.4941918999408
6079 0
6079 37.1640226605836
6079 37.1640226605836
6079 37.1640226605836
6079 49.5568545054258
6079 0
6079 88.5544593915212
6079 3000.06381843298
6079 1.09998227569123
6079 1.09998227569123
6079 22.3162201365642
6079 22.3162201365642
6079 2.14289644611732
6079 2.14289644611732
6079 2.14289644611732
6079 3.77501318058474
6079 3.77501318058474
6079 3.77501318058474
6079 6.3269620780021
6073 0
6073 34.0362162929435
6073 34.0362162929435
6073 34.0362162929435
6073 34.0362162929435
6073 0
6073 6.4309251293714
6073 6.4309251293714
6073 3.14591338515284
6073 3.14591338515284
6073 3.14591338515284
6073 0
6073 12.8880589856674
6073 22.8113434003181
6073 22.8113434003181
6073 22.8113434003181
6073 17.9590688550344
6073 2.31864315330558
6073 9.34148936315429
6073 11.5374054450242
6073 0
6073 18.957652604916
6073 0
6073 0
6073 12.4941918999408
6073 12.4941918999408
6073 0
6073 37.1640226605836
6073 37.1640226605836
6073 37.1640226605836
6073 49.5568545054258
6073 0
6073 88.5544593915212
6073 3000.06381843298
6073 1.09998227569123
6073 1.09998227569123
6073 22.3162201365642
6073 22.3162201365642
6073 2.14289644611732
6073 2.14289644611732
6073 2.14289644611732
6073 3.77501318058474
6073 3.77501318058474
6073 3.77501318058474
6073 6.3269620780021
6183 0
6183 34.0362162929435
6183 34.0362162929435
6183 34.0362162929435
6183 34.0362162929435
6183 0
6183 6.4309251293714
6183 6.4309251293714
6183 3.14591338515284
6183 3.14591338515284
6183 3.14591338515284
6183 0
6183 12.8880589856674
6183 22.8113434003181
6183 22.8113434003181
6183 22.8113434003181
6183 17.9590688550344
6183 2.31864315330558
6183 9.34148936315429
6183 11.5374054450242
6183 0
6183 18.957652604916
6183 0
6183 0
6183 12.4941918999408
6183 12.4941918999408
6183 0
6183 37.1640226605836
6183 37.1640226605836
6183 37.1640226605836
6183 49.5568545054258
6183 0
6183 88.5544593915212
6183 3000.06381843298
6183 1.09998227569123
6183 1.09998227569123
6183 22.3162201365642
6183 22.3162201365642
6183 2.14289644611732
6183 2.14289644611732
6183 2.14289644611732
6183 3.77501318058474
6183 3.77501318058474
6183 3.77501318058474
6183 6.3269620780021
6179 0
6179 34.0362162929435
6179 34.0362162929435
6179 34.0362162929435
6179 34.0362162929435
6179 0
6179 6.4309251293714
6179 6.4309251293714
6179 3.14591338515284
6179 3.14591338515284
6179 3.14591338515284
6179 0
6179 12.8880589856674
6179 22.8113434003181
6179 22.8113434003181
6179 22.8113434003181
6179 17.9590688550344
6179 2.31864315330558
6179 9.34148936315429
6179 11.5374054450242
6179 0
6179 18.957652604916
6179 0
6179 0
6179 12.4941918999408
6179 12.4941918999408
6179 0
6179 37.1640226605836
6179 37.1640226605836
6179 37.1640226605836
6179 49.5568545054258
6179 0
6179 88.5544593915212
6179 3000.06381843298
6179 1.09998227569123
6179 1.09998227569123
6179 22.3162201365642
6179 22.3162201365642
6179 2.14289644611732
6179 2.14289644611732
6179 2.14289644611732
6179 3.77501318058474
6179 3.77501318058474
6179 3.77501318058474
6179 6.3269620780021
6178 0
6178 34.0362162929435
6178 34.0362162929435
6178 34.0362162929435
6178 34.0362162929435
6178 0
6178 6.4309251293714
6178 6.4309251293714
6178 3.14591338515284
6178 3.14591338515284
6178 3.14591338515284
6178 0
6178 12.8880589856674
6178 22.8113434003181
6178 22.8113434003181
6178 22.8113434003181
6178 17.9590688550344
6178 2.31864315330558
6178 9.34148936315429
6178 11.5374054450242
6178 0
6178 18.957652604916
6178 0
6178 0
6178 12.4941918999408
6178 12.4941918999408
6178 0
6178 37.1640226605836
6178 37.1640226605836
6178 37.1640226605836
6178 49.5568545054258
6178 0
6178 88.5544593915212
6178 3000.06381843298
6178 1.09998227569123
6178 1.09998227569123
6178 22.3162201365642
6178 22.3162201365642
6178 2.14289644611732
6178 2.14289644611732
6178 2.14289644611732
6178 3.77501318058474
6178 3.77501318058474
6178 3.77501318058474
6178 6.3269620780021
6177 0
6177 34.0362162929435
6177 34.0362162929435
6177 34.0362162929435
6177 34.0362162929435
6177 0
6177 6.4309251293714
6177 6.4309251293714
6177 3.14591338515284
6177 3.14591338515284
6177 3.14591338515284
6177 0
6177 12.8880589856674
6177 22.8113434003181
6177 22.8113434003181
6177 22.8113434003181
6177 17.9590688550344
6177 2.31864315330558
6177 9.34148936315429
6177 11.5374054450242
6177 0
6177 18.957652604916
6177 0
6177 0
6177 12.4941918999408
6177 12.4941918999408
6177 0
6177 37.1640226605836
6177 37.1640226605836
6177 37.1640226605836
6177 49.5568545054258
6177 0
6177 88.5544593915212
6177 3000.06381843298
6177 1.09998227569123
6177 1.09998227569123
6177 22.3162201365642
6177 22.3162201365642
6177 2.14289644611732
6177 2.14289644611732
6177 2.14289644611732
6177 3.77501318058474
6177 3.77501318058474
6177 3.77501318058474
6177 6.3269620780021
6278 0
6278 34.0362162929435
6278 34.0362162929435
6278 34.0362162929435
6278 34.0362162929435
6278 0
6278 6.4309251293714
6278 6.4309251293714
6278 3.14591338515284
6278 3.14591338515284
6278 3.14591338515284
6278 0
6278 12.8880589856674
6278 22.8113434003181
6278 22.8113434003181
6278 22.8113434003181
6278 17.9590688550344
6278 2.31864315330558
6278 9.34148936315429
6278 11.5374054450242
6278 0
6278 18.957652604916
6278 0
6278 0
6278 12.4941918999408
6278 12.4941918999408
6278 0
6278 37.1640226605836
6278 37.1640226605836
6278 37.1640226605836
6278 49.5568545054258
6278 0
6278 88.5544593915212
6278 3000.06381843298
6278 1.09998227569123
6278 1.09998227569123
6278 22.3162201365642
6278 22.3162201365642
6278 2.14289644611732
6278 2.14289644611732
6278 2.14289644611732
6278 3.77501318058474
6278 3.77501318058474
6278 3.77501318058474
6278 6.3269620780021
6061 0
6061 34.0362162929435
6061 34.0362162929435
6061 34.0362162929435
6061 34.0362162929435
6061 0
6061 6.4309251293714
6061 6.4309251293714
6061 3.14591338515284
6061 3.14591338515284
6061 3.14591338515284
6061 0
6061 12.8880589856674
6061 22.8113434003181
6061 22.8113434003181
6061 22.8113434003181
6061 17.9590688550344
6061 2.31864315330558
6061 9.34148936315429
6061 11.5374054450242
6061 0
6061 18.957652604916
6061 0
6061 0
6061 12.4941918999408
6061 12.4941918999408
6061 0
6061 37.1640226605836
6061 37.1640226605836
6061 37.1640226605836
6061 49.5568545054258
6061 0
6061 88.5544593915212
6061 3000.06381843298
6061 1.09998227569123
6061 1.09998227569123
6061 22.3162201365642
6061 22.3162201365642
6061 2.14289644611732
6061 2.14289644611732
6061 2.14289644611732
6061 3.77501318058474
6061 3.77501318058474
6061 3.77501318058474
6061 6.3269620780021
6175 0
6175 34.0362162929435
6175 34.0362162929435
6175 34.0362162929435
6175 34.0362162929435
6175 0
6175 6.4309251293714
6175 6.4309251293714
6175 3.14591338515284
6175 3.14591338515284
6175 3.14591338515284
6175 0
6175 12.8880589856674
6175 22.8113434003181
6175 22.8113434003181
6175 22.8113434003181
6175 17.9590688550344
6175 2.31864315330558
6175 9.34148936315429
6175 11.5374054450242
6175 0
6175 18.957652604916
6175 0
6175 0
6175 12.4941918999408
6175 12.4941918999408
6175 0
6175 37.1640226605836
6175 37.1640226605836
6175 37.1640226605836
6175 49.5568545054258
6175 0
6175 88.5544593915212
6175 3000.06381843298
6175 1.09998227569123
6175 1.09998227569123
6175 22.3162201365642
6175 22.3162201365642
6175 2.14289644611732
6175 2.14289644611732
6175 2.14289644611732
6175 3.77501318058474
6175 3.77501318058474
6175 3.77501318058474
6175 6.3269620780021
6174 0
6174 34.0362162929435
6174 34.0362162929435
6174 34.0362162929435
6174 34.0362162929435
6174 0
6174 6.4309251293714
6174 6.4309251293714
6174 3.14591338515284
6174 3.14591338515284
6174 3.14591338515284
6174 0
6174 12.8880589856674
6174 22.8113434003181
6174 22.8113434003181
6174 22.8113434003181
6174 17.9590688550344
6174 2.31864315330558
6174 9.34148936315429
6174 11.5374054450242
6174 0
6174 18.957652604916
6174 0
6174 0
6174 12.4941918999408
6174 12.4941918999408
6174 0
6174 37.1640226605836
6174 37.1640226605836
6174 37.1640226605836
6174 49.5568545054258
6174 0
6174 88.5544593915212
6174 3000.06381843298
6174 1.09998227569123
6174 1.09998227569123
6174 22.3162201365642
6174 22.3162201365642
6174 2.14289644611732
6174 2.14289644611732
6174 2.14289644611732
6174 3.77501318058474
6174 3.77501318058474
6174 3.77501318058474
6174 6.3269620780021
6274 0
6274 34.0362162929435
6274 34.0362162929435
6274 34.0362162929435
6274 34.0362162929435
6274 0
6274 6.4309251293714
6274 6.4309251293714
6274 3.14591338515284
6274 3.14591338515284
6274 3.14591338515284
6274 0
6274 12.8880589856674
6274 22.8113434003181
6274 22.8113434003181
6274 22.8113434003181
6274 17.9590688550344
6274 2.31864315330558
6274 9.34148936315429
6274 11.5374054450242
6274 0
6274 18.957652604916
6274 0
6274 0
6274 12.4941918999408
6274 12.4941918999408
6274 0
6274 37.1640226605836
6274 37.1640226605836
6274 37.1640226605836
6274 49.5568545054258
6274 0
6274 88.5544593915212
6274 3000.06381843298
6274 1.09998227569123
6274 1.09998227569123
6274 22.3162201365642
6274 22.3162201365642
6274 2.14289644611732
6274 2.14289644611732
6274 2.14289644611732
6274 3.77501318058474
6274 3.77501318058474
6274 3.77501318058474
6274 6.3269620780021
6271 0
6271 34.0362162929435
6271 34.0362162929435
6271 34.0362162929435
6271 34.0362162929435
6271 0
6271 6.4309251293714
6271 6.4309251293714
6271 3.14591338515284
6271 3.14591338515284
6271 3.14591338515284
6271 0
6271 12.8880589856674
6271 22.8113434003181
6271 22.8113434003181
6271 22.8113434003181
6271 17.9590688550344
6271 2.31864315330558
6271 9.34148936315429
6271 11.5374054450242
6271 0
6271 18.957652604916
6271 0
6271 0
6271 12.4941918999408
6271 12.4941918999408
6271 0
6271 37.1640226605836
6271 37.1640226605836
6271 37.1640226605836
6271 49.5568545054258
6271 0
6271 88.5544593915212
6271 3000.06381843298
6271 1.09998227569123
6271 1.09998227569123
6271 22.3162201365642
6271 22.3162201365642
6271 2.14289644611732
6271 2.14289644611732
6271 2.14289644611732
6271 3.77501318058474
6271 3.77501318058474
6271 3.77501318058474
6271 6.3269620780021
6269 0
6269 34.0362162929435
6269 34.0362162929435
6269 34.0362162929435
6269 34.0362162929435
6269 0
6269 6.4309251293714
6269 6.4309251293714
6269 3.14591338515284
6269 3.14591338515284
6269 3.14591338515284
6269 0
6269 12.8880589856674
6269 22.8113434003181
6269 22.8113434003181
6269 22.8113434003181
6269 17.9590688550344
6269 2.31864315330558
6269 9.34148936315429
6269 11.5374054450242
6269 0
6269 18.957652604916
6269 0
6269 0
6269 12.4941918999408
6269 12.4941918999408
6269 0
6269 37.1640226605836
6269 37.1640226605836
6269 37.1640226605836
6269 49.5568545054258
6269 0
6269 88.5544593915212
6269 3000.06381843298
6269 1.09998227569123
6269 1.09998227569123
6269 22.3162201365642
6269 22.3162201365642
6269 2.14289644611732
6269 2.14289644611732
6269 2.14289644611732
6269 3.77501318058474
6269 3.77501318058474
6269 3.77501318058474
6269 6.3269620780021
6268 0
6268 34.0362162929435
6268 34.0362162929435
6268 34.0362162929435
6268 34.0362162929435
6268 0
6268 6.4309251293714
6268 6.4309251293714
6268 3.14591338515284
6268 3.14591338515284
6268 3.14591338515284
6268 0
6268 12.8880589856674
6268 22.8113434003181
6268 22.8113434003181
6268 22.8113434003181
6268 17.9590688550344
6268 2.31864315330558
6268 9.34148936315429
6268 11.5374054450242
6268 0
6268 18.957652604916
6268 0
6268 0
6268 12.4941918999408
6268 12.4941918999408
6268 0
6268 37.1640226605836
6268 37.1640226605836
6268 37.1640226605836
6268 49.5568545054258
6268 0
6268 88.5544593915212
6268 3000.06381843298
6268 1.09998227569123
6268 1.09998227569123
6268 22.3162201365642
6268 22.3162201365642
6268 2.14289644611732
6268 2.14289644611732
6268 2.14289644611732
6268 3.77501318058474
6268 3.77501318058474
6268 3.77501318058474
6268 6.3269620780021
6365 0
6365 34.0362162929435
6365 34.0362162929435
6365 34.0362162929435
6365 34.0362162929435
6365 0
6365 6.4309251293714
6365 6.4309251293714
6365 3.14591338515284
6365 3.14591338515284
6365 3.14591338515284
6365 0
6365 12.8880589856674
6365 22.8113434003181
6365 22.8113434003181
6365 22.8113434003181
6365 17.9590688550344
6365 2.31864315330558
6365 9.34148936315429
6365 11.5374054450242
6365 0
6365 18.957652604916
6365 0
6365 0
6365 12.4941918999408
6365 12.4941918999408
6365 0
6365 37.1640226605836
6365 37.1640226605836
6365 37.1640226605836
6365 49.5568545054258
6365 0
6365 88.5544593915212
6365 3000.06381843298
6365 1.09998227569123
6365 1.09998227569123
6365 22.3162201365642
6365 22.3162201365642
6365 2.14289644611732
6365 2.14289644611732
6365 2.14289644611732
6365 3.77501318058474
6365 3.77501318058474
6365 3.77501318058474
6365 6.3269620780021
6364 0
6364 34.0362162929435
6364 34.0362162929435
6364 34.0362162929435
6364 34.0362162929435
6364 0
6364 6.4309251293714
6364 6.4309251293714
6364 3.14591338515284
6364 3.14591338515284
6364 3.14591338515284
6364 0
6364 12.8880589856674
6364 22.8113434003181
6364 22.8113434003181
6364 22.8113434003181
6364 17.9590688550344
6364 2.31864315330558
6364 9.34148936315429
6364 11.5374054450242
6364 0
6364 18.957652604916
6364 0
6364 0
6364 12.4941918999408
6364 12.4941918999408
6364 0
6364 37.1640226605836
6364 37.1640226605836
6364 37.1640226605836
6364 49.5568545054258
6364 0
6364 88.5544593915212
6364 3000.06381843298
6364 1.09998227569123
6364 1.09998227569123
6364 22.3162201365642
6364 22.3162201365642
6364 2.14289644611732
6364 2.14289644611732
6364 2.14289644611732
6364 3.77501318058474
6364 3.77501318058474
6364 3.77501318058474
6364 6.3269620780021
6363 0
6363 34.0362162929435
6363 34.0362162929435
6363 34.0362162929435
6363 34.0362162929435
6363 0
6363 6.4309251293714
6363 6.4309251293714
6363 3.14591338515284
6363 3.14591338515284
6363 3.14591338515284
6363 0
6363 12.8880589856674
6363 22.8113434003181
6363 22.8113434003181
6363 22.8113434003181
6363 17.9590688550344
6363 2.31864315330558
6363 9.34148936315429
6363 11.5374054450242
6363 0
6363 18.957652604916
6363 0
6363 0
6363 12.4941918999408
6363 12.4941918999408
6363 0
6363 37.1640226605836
6363 37.1640226605836
6363 37.1640226605836
6363 49.5568545054258
6363 0
6363 88.5544593915212
6363 3000.06381843298
6363 1.09998227569123
6363 1.09998227569123
6363 22.3162201365642
6363 22.3162201365642
6363 2.14289644611732
6363 2.14289644611732
6363 2.14289644611732
6363 3.77501318058474
6363 3.77501318058474
6363 3.77501318058474
6363 6.3269620780021
6361 0
6361 34.0362162929435
6361 34.0362162929435
6361 34.0362162929435
6361 34.0362162929435
6361 0
6361 6.4309251293714
6361 6.4309251293714
6361 3.14591338515284
6361 3.14591338515284
6361 3.14591338515284
6361 0
6361 12.8880589856674
6361 22.8113434003181
6361 22.8113434003181
6361 22.8113434003181
6361 17.9590688550344
6361 2.31864315330558
6361 9.34148936315429
6361 11.5374054450242
6361 0
6361 18.957652604916
6361 0
6361 0
6361 12.4941918999408
6361 12.4941918999408
6361 0
6361 37.1640226605836
6361 37.1640226605836
6361 37.1640226605836
6361 49.5568545054258
6361 0
6361 88.5544593915212
6361 3000.06381843298
6361 1.09998227569123
6361 1.09998227569123
6361 22.3162201365642
6361 22.3162201365642
6361 2.14289644611732
6361 2.14289644611732
6361 2.14289644611732
6361 3.77501318058474
6361 3.77501318058474
6361 3.77501318058474
6361 6.3269620780021
6360 0
6360 34.0362162929435
6360 34.0362162929435
6360 34.0362162929435
6360 34.0362162929435
6360 0
6360 6.4309251293714
6360 6.4309251293714
6360 3.14591338515284
6360 3.14591338515284
6360 3.14591338515284
6360 0
6360 12.8880589856674
6360 22.8113434003181
6360 22.8113434003181
6360 22.8113434003181
6360 17.9590688550344
6360 2.31864315330558
6360 9.34148936315429
6360 11.5374054450242
6360 0
6360 18.957652604916
6360 0
6360 0
6360 12.4941918999408
6360 12.4941918999408
6360 0
6360 37.1640226605836
6360 37.1640226605836
6360 37.1640226605836
6360 49.5568545054258
6360 0
6360 88.5544593915212
6360 3000.06381843298
6360 1.09998227569123
6360 1.09998227569123
6360 22.3162201365642
6360 22.3162201365642
6360 2.14289644611732
6360 2.14289644611732
6360 2.14289644611732
6360 3.77501318058474
6360 3.77501318058474
6360 3.77501318058474
6360 6.3269620780021
6359 0
6359 34.0362162929435
6359 34.0362162929435
6359 34.0362162929435
6359 34.0362162929435
6359 0
6359 6.4309251293714
6359 6.4309251293714
6359 3.14591338515284
6359 3.14591338515284
6359 3.14591338515284
6359 0
6359 12.8880589856674
6359 22.8113434003181
6359 22.8113434003181
6359 22.8113434003181
6359 17.9590688550344
6359 2.31864315330558
6359 9.34148936315429
6359 11.5374054450242
6359 0
6359 18.957652604916
6359 0
6359 0
6359 12.4941918999408
6359 12.4941918999408
6359 0
6359 37.1640226605836
6359 37.1640226605836
6359 37.1640226605836
6359 49.5568545054258
6359 0
6359 88.5544593915212
6359 3000.06381843298
6359 1.09998227569123
6359 1.09998227569123
6359 22.3162201365642
6359 22.3162201365642
6359 2.14289644611732
6359 2.14289644611732
6359 2.14289644611732
6359 3.77501318058474
6359 3.77501318058474
6359 3.77501318058474
6359 6.3269620780021
6453 0
6453 34.0362162929435
6453 34.0362162929435
6453 34.0362162929435
6453 34.0362162929435
6453 0
6453 6.4309251293714
6453 6.4309251293714
6453 3.14591338515284
6453 3.14591338515284
6453 3.14591338515284
6453 0
6453 12.8880589856674
6453 22.8113434003181
6453 22.8113434003181
6453 22.8113434003181
6453 17.9590688550344
6453 2.31864315330558
6453 9.34148936315429
6453 11.5374054450242
6453 0
6453 18.957652604916
6453 0
6453 0
6453 12.4941918999408
6453 12.4941918999408
6453 0
6453 37.1640226605836
6453 37.1640226605836
6453 37.1640226605836
6453 49.5568545054258
6453 0
6453 88.5544593915212
6453 3000.06381843298
6453 1.09998227569123
6453 1.09998227569123
6453 22.3162201365642
6453 22.3162201365642
6453 2.14289644611732
6453 2.14289644611732
6453 2.14289644611732
6453 3.77501318058474
6453 3.77501318058474
6453 3.77501318058474
6453 6.3269620780021
6452 0
6452 34.0362162929435
6452 34.0362162929435
6452 34.0362162929435
6452 34.0362162929435
6452 0
6452 6.4309251293714
6452 6.4309251293714
6452 3.14591338515284
6452 3.14591338515284
6452 3.14591338515284
6452 0
6452 12.8880589856674
6452 22.8113434003181
6452 22.8113434003181
6452 22.8113434003181
6452 17.9590688550344
6452 2.31864315330558
6452 9.34148936315429
6452 11.5374054450242
6452 0
6452 18.957652604916
6452 0
6452 0
6452 12.4941918999408
6452 12.4941918999408
6452 0
6452 37.1640226605836
6452 37.1640226605836
6452 37.1640226605836
6452 49.5568545054258
6452 0
6452 88.5544593915212
6452 3000.06381843298
6452 1.09998227569123
6452 1.09998227569123
6452 22.3162201365642
6452 22.3162201365642
6452 2.14289644611732
6452 2.14289644611732
6452 2.14289644611732
6452 3.77501318058474
6452 3.77501318058474
6452 3.77501318058474
6452 6.3269620780021
6451 0
6451 34.0362162929435
6451 34.0362162929435
6451 34.0362162929435
6451 34.0362162929435
6451 0
6451 6.4309251293714
6451 6.4309251293714
6451 3.14591338515284
6451 3.14591338515284
6451 3.14591338515284
6451 0
6451 12.8880589856674
6451 22.8113434003181
6451 22.8113434003181
6451 22.8113434003181
6451 17.9590688550344
6451 2.31864315330558
6451 9.34148936315429
6451 11.5374054450242
6451 0
6451 18.957652604916
6451 0
6451 0
6451 12.4941918999408
6451 12.4941918999408
6451 0
6451 37.1640226605836
6451 37.1640226605836
6451 37.1640226605836
6451 49.5568545054258
6451 0
6451 88.5544593915212
6451 3000.06381843298
6451 1.09998227569123
6451 1.09998227569123
6451 22.3162201365642
6451 22.3162201365642
6451 2.14289644611732
6451 2.14289644611732
6451 2.14289644611732
6451 3.77501318058474
6451 3.77501318058474
6451 3.77501318058474
6451 6.3269620780021
6449 0
6449 34.0362162929435
6449 34.0362162929435
6449 34.0362162929435
6449 34.0362162929435
6449 0
6449 6.4309251293714
6449 6.4309251293714
6449 3.14591338515284
6449 3.14591338515284
6449 3.14591338515284
6449 0
6449 12.8880589856674
6449 22.8113434003181
6449 22.8113434003181
6449 22.8113434003181
6449 17.9590688550344
6449 2.31864315330558
6449 9.34148936315429
6449 11.5374054450242
6449 0
6449 18.957652604916
6449 0
6449 0
6449 12.4941918999408
6449 12.4941918999408
6449 0
6449 37.1640226605836
6449 37.1640226605836
6449 37.1640226605836
6449 49.5568545054258
6449 0
6449 88.5544593915212
6449 3000.06381843298
6449 1.09998227569123
6449 1.09998227569123
6449 22.3162201365642
6449 22.3162201365642
6449 2.14289644611732
6449 2.14289644611732
6449 2.14289644611732
6449 3.77501318058474
6449 3.77501318058474
6449 3.77501318058474
6449 6.3269620780021
6448 0
6448 34.0362162929435
6448 34.0362162929435
6448 34.0362162929435
6448 34.0362162929435
6448 0
6448 6.4309251293714
6448 6.4309251293714
6448 3.14591338515284
6448 3.14591338515284
6448 3.14591338515284
6448 0
6448 12.8880589856674
6448 22.8113434003181
6448 22.8113434003181
6448 22.8113434003181
6448 17.9590688550344
6448 2.31864315330558
6448 9.34148936315429
6448 11.5374054450242
6448 0
6448 18.957652604916
6448 0
6448 0
6448 12.4941918999408
6448 12.4941918999408
6448 0
6448 37.1640226605836
6448 37.1640226605836
6448 37.1640226605836
6448 49.5568545054258
6448 0
6448 88.5544593915212
6448 3000.06381843298
6448 1.09998227569123
6448 1.09998227569123
6448 22.3162201365642
6448 22.3162201365642
6448 2.14289644611732
6448 2.14289644611732
6448 2.14289644611732
6448 3.77501318058474
6448 3.77501318058474
6448 3.77501318058474
6448 6.3269620780021
6538 0
6538 34.0362162929435
6538 34.0362162929435
6538 34.0362162929435
6538 34.0362162929435
6538 0
6538 6.4309251293714
6538 6.4309251293714
6538 3.14591338515284
6538 3.14591338515284
6538 3.14591338515284
6538 0
6538 12.8880589856674
6538 22.8113434003181
6538 22.8113434003181
6538 22.8113434003181
6538 17.9590688550344
6538 2.31864315330558
6538 9.34148936315429
6538 11.5374054450242
6538 0
6538 18.957652604916
6538 0
6538 0
6538 12.4941918999408
6538 12.4941918999408
6538 0
6538 37.1640226605836
6538 37.1640226605836
6538 37.1640226605836
6538 49.5568545054258
6538 0
6538 88.5544593915212
6538 3000.06381843298
6538 1.09998227569123
6538 1.09998227569123
6538 22.3162201365642
6538 22.3162201365642
6538 2.14289644611732
6538 2.14289644611732
6538 2.14289644611732
6538 3.77501318058474
6538 3.77501318058474
6538 3.77501318058474
6538 6.3269620780021
6623 0
6623 34.0362162929435
6623 34.0362162929435
6623 34.0362162929435
6623 34.0362162929435
6623 0
6623 6.4309251293714
6623 6.4309251293714
6623 3.14591338515284
6623 3.14591338515284
6623 3.14591338515284
6623 0
6623 12.8880589856674
6623 22.8113434003181
6623 22.8113434003181
6623 22.8113434003181
6623 17.9590688550344
6623 2.31864315330558
6623 9.34148936315429
6623 11.5374054450242
6623 0
6623 18.957652604916
6623 0
6623 0
6623 12.4941918999408
6623 12.4941918999408
6623 0
6623 37.1640226605836
6623 37.1640226605836
6623 37.1640226605836
6623 49.5568545054258
6623 0
6623 88.5544593915212
6623 3000.06381843298
6623 1.09998227569123
6623 1.09998227569123
6623 22.3162201365642
6623 22.3162201365642
6623 2.14289644611732
6623 2.14289644611732
6623 2.14289644611732
6623 3.77501318058474
6623 3.77501318058474
6623 3.77501318058474
6623 6.3269620780021
6779 0
6779 34.0362162929435
6779 34.0362162929435
6779 34.0362162929435
6779 34.0362162929435
6779 0
6779 6.4309251293714
6779 6.4309251293714
6779 3.14591338515284
6779 3.14591338515284
6779 3.14591338515284
6779 0
6779 12.8880589856674
6779 22.8113434003181
6779 22.8113434003181
6779 22.8113434003181
6779 17.9590688550344
6779 2.31864315330558
6779 9.34148936315429
6779 11.5374054450242
6779 0
6779 18.957652604916
6779 0
6779 0
6779 12.4941918999408
6779 12.4941918999408
6779 0
6779 37.1640226605836
6779 37.1640226605836
6779 37.1640226605836
6779 49.5568545054258
6779 0
6779 88.5544593915212
6779 3000.06381843298
6779 1.09998227569123
6779 1.09998227569123
6779 22.3162201365642
6779 22.3162201365642
6779 2.14289644611732
6779 2.14289644611732
6779 2.14289644611732
6779 3.77501318058474
6779 3.77501318058474
6779 3.77501318058474
6779 6.3269620780021
6846 0
6846 34.0362162929435
6846 34.0362162929435
6846 34.0362162929435
6846 34.0362162929435
6846 0
6846 6.4309251293714
6846 6.4309251293714
6846 3.14591338515284
6846 3.14591338515284
6846 3.14591338515284
6846 0
6846 12.8880589856674
6846 22.8113434003181
6846 22.8113434003181
6846 22.8113434003181
6846 17.9590688550344
6846 2.31864315330558
6846 9.34148936315429
6846 11.5374054450242
6846 0
6846 18.957652604916
6846 0
6846 0
6846 12.4941918999408
6846 12.4941918999408
6846 0
6846 37.1640226605836
6846 37.1640226605836
6846 37.1640226605836
6846 49.5568545054258
6846 0
6846 88.5544593915212
6846 3000.06381843298
6846 1.09998227569123
6846 1.09998227569123
6846 22.3162201365642
6846 22.3162201365642
6846 2.14289644611732
6846 2.14289644611732
6846 2.14289644611732
6846 3.77501318058474
6846 3.77501318058474
6846 3.77501318058474
6846 6.3269620780021
6917 0
6917 34.0362162929435
6917 34.0362162929435
6917 34.0362162929435
6917 34.0362162929435
6917 0
6917 6.4309251293714
6917 6.4309251293714
6917 3.14591338515284
6917 3.14591338515284
6917 3.14591338515284
6917 0
6917 12.8880589856674
6917 22.8113434003181
6917 22.8113434003181
6917 22.8113434003181
6917 17.9590688550344
6917 2.31864315330558
6917 9.34148936315429
6917 11.5374054450242
6917 0
6917 18.957652604916
6917 0
6917 0
6917 12.4941918999408
6917 12.4941918999408
6917 0
6917 37.1640226605836
6917 37.1640226605836
6917 37.1640226605836
6917 49.5568545054258
6917 0
6917 88.5544593915212
6917 3000.06381843298
6917 1.09998227569123
6917 1.09998227569123
6917 22.3162201365642
6917 22.3162201365642
6917 2.14289644611732
6917 2.14289644611732
6917 2.14289644611732
6917 3.77501318058474
6917 3.77501318058474
6917 3.77501318058474
6917 6.3269620780021
6985 0
6985 34.0362162929435
6985 34.0362162929435
6985 34.0362162929435
6985 34.0362162929435
6985 0
6985 6.4309251293714
6985 6.4309251293714
6985 3.14591338515284
6985 3.14591338515284
6985 3.14591338515284
6985 0
6985 12.8880589856674
6985 22.8113434003181
6985 22.8113434003181
6985 22.8113434003181
6985 17.9590688550344
6985 2.31864315330558
6985 9.34148936315429
6985 11.5374054450242
6985 0
6985 18.957652604916
6985 0
6985 0
6985 12.4941918999408
6985 12.4941918999408
6985 0
6985 37.1640226605836
6985 37.1640226605836
6985 37.1640226605836
6985 49.5568545054258
6985 0
6985 88.5544593915212
6985 3000.06381843298
6985 1.09998227569123
6985 1.09998227569123
6985 22.3162201365642
6985 22.3162201365642
6985 2.14289644611732
6985 2.14289644611732
6985 2.14289644611732
6985 3.77501318058474
6985 3.77501318058474
6985 3.77501318058474
6985 6.3269620780021
6984 0
6984 34.0362162929435
6984 34.0362162929435
6984 34.0362162929435
6984 34.0362162929435
6984 0
6984 6.4309251293714
6984 6.4309251293714
6984 3.14591338515284
6984 3.14591338515284
6984 3.14591338515284
6984 0
6984 12.8880589856674
6984 22.8113434003181
6984 22.8113434003181
6984 22.8113434003181
6984 17.9590688550344
6984 2.31864315330558
6984 9.34148936315429
6984 11.5374054450242
6984 0
6984 18.957652604916
6984 0
6984 0
6984 12.4941918999408
6984 12.4941918999408
6984 0
6984 37.1640226605836
6984 37.1640226605836
6984 37.1640226605836
6984 49.5568545054258
6984 0
6984 88.5544593915212
6984 3000.06381843298
6984 1.09998227569123
6984 1.09998227569123
6984 22.3162201365642
6984 22.3162201365642
6984 2.14289644611732
6984 2.14289644611732
6984 2.14289644611732
6984 3.77501318058474
6984 3.77501318058474
6984 3.77501318058474
6984 6.3269620780021
7127 0
7127 34.0362162929435
7127 34.0362162929435
7127 34.0362162929435
7127 34.0362162929435
7127 0
7127 6.4309251293714
7127 6.4309251293714
7127 3.14591338515284
7127 3.14591338515284
7127 3.14591338515284
7127 0
7127 12.8880589856674
7127 22.8113434003181
7127 22.8113434003181
7127 22.8113434003181
7127 17.9590688550344
7127 2.31864315330558
7127 9.34148936315429
7127 11.5374054450242
7127 0
7127 18.957652604916
7127 0
7127 0
7127 12.4941918999408
7127 12.4941918999408
7127 0
7127 37.1640226605836
7127 37.1640226605836
7127 37.1640226605836
7127 49.5568545054258
7127 0
7127 88.5544593915212
7127 3000.06381843298
7127 1.09998227569123
7127 1.09998227569123
7127 22.3162201365642
7127 22.3162201365642
7127 2.14289644611732
7127 2.14289644611732
7127 2.14289644611732
7127 3.77501318058474
7127 3.77501318058474
7127 3.77501318058474
7127 6.3269620780021
7122 0
7122 34.0362162929435
7122 34.0362162929435
7122 34.0362162929435
7122 34.0362162929435
7122 0
7122 6.4309251293714
7122 6.4309251293714
7122 3.14591338515284
7122 3.14591338515284
7122 3.14591338515284
7122 0
7122 12.8880589856674
7122 22.8113434003181
7122 22.8113434003181
7122 22.8113434003181
7122 17.9590688550344
7122 2.31864315330558
7122 9.34148936315429
7122 11.5374054450242
7122 0
7122 18.957652604916
7122 0
7122 0
7122 12.4941918999408
7122 12.4941918999408
7122 0
7122 37.1640226605836
7122 37.1640226605836
7122 37.1640226605836
7122 49.5568545054258
7122 0
7122 88.5544593915212
7122 3000.06381843298
7122 1.09998227569123
7122 1.09998227569123
7122 22.3162201365642
7122 22.3162201365642
7122 2.14289644611732
7122 2.14289644611732
7122 2.14289644611732
7122 3.77501318058474
7122 3.77501318058474
7122 3.77501318058474
7122 6.3269620780021
7200 0
7200 34.0362162929435
7200 34.0362162929435
7200 34.0362162929435
7200 34.0362162929435
7200 0
7200 6.4309251293714
7200 6.4309251293714
7200 3.14591338515284
7200 3.14591338515284
7200 3.14591338515284
7200 0
7200 12.8880589856674
7200 22.8113434003181
7200 22.8113434003181
7200 22.8113434003181
7200 17.9590688550344
7200 2.31864315330558
7200 9.34148936315429
7200 11.5374054450242
7200 0
7200 18.957652604916
7200 0
7200 0
7200 12.4941918999408
7200 12.4941918999408
7200 0
7200 37.1640226605836
7200 37.1640226605836
7200 37.1640226605836
7200 49.5568545054258
7200 0
7200 88.5544593915212
7200 3000.06381843298
7200 1.09998227569123
7200 1.09998227569123
7200 22.3162201365642
7200 22.3162201365642
7200 2.14289644611732
7200 2.14289644611732
7200 2.14289644611732
7200 3.77501318058474
7200 3.77501318058474
7200 3.77501318058474
7200 6.3269620780021
7195 0
7195 34.0362162929435
7195 34.0362162929435
7195 34.0362162929435
7195 34.0362162929435
7195 0
7195 6.4309251293714
7195 6.4309251293714
7195 3.14591338515284
7195 3.14591338515284
7195 3.14591338515284
7195 0
7195 12.8880589856674
7195 22.8113434003181
7195 22.8113434003181
7195 22.8113434003181
7195 17.9590688550344
7195 2.31864315330558
7195 9.34148936315429
7195 11.5374054450242
7195 0
7195 18.957652604916
7195 0
7195 0
7195 12.4941918999408
7195 12.4941918999408
7195 0
7195 37.1640226605836
7195 37.1640226605836
7195 37.1640226605836
7195 49.5568545054258
7195 0
7195 88.5544593915212
7195 3000.06381843298
7195 1.09998227569123
7195 1.09998227569123
7195 22.3162201365642
7195 22.3162201365642
7195 2.14289644611732
7195 2.14289644611732
7195 2.14289644611732
7195 3.77501318058474
7195 3.77501318058474
7195 3.77501318058474
7195 6.3269620780021
7399 0
7399 34.0362162929435
7399 34.0362162929435
7399 34.0362162929435
7399 34.0362162929435
7399 0
7399 6.4309251293714
7399 6.4309251293714
7399 3.14591338515284
7399 3.14591338515284
7399 3.14591338515284
7399 0
7399 12.8880589856674
7399 22.8113434003181
7399 22.8113434003181
7399 22.8113434003181
7399 17.9590688550344
7399 2.31864315330558
7399 9.34148936315429
7399 11.5374054450242
7399 0
7399 18.957652604916
7399 0
7399 0
7399 12.4941918999408
7399 12.4941918999408
7399 0
7399 37.1640226605836
7399 37.1640226605836
7399 37.1640226605836
7399 49.5568545054258
7399 0
7399 88.5544593915212
7399 3000.06381843298
7399 1.09998227569123
7399 1.09998227569123
7399 22.3162201365642
7399 22.3162201365642
7399 2.14289644611732
7399 2.14289644611732
7399 2.14289644611732
7399 3.77501318058474
7399 3.77501318058474
7399 3.77501318058474
7399 6.3269620780021
