pt_graph cpue_kghour
4453 0
4453 112.930092284635
4453 112.930092284635
4453 112.930092284635
4453 112.930092284635
4453 0
4453 7.38491126822766
4453 7.38491126822766
4453 28.6096431459756
4453 28.6096431459756
4453 28.6096431459756
4453 0
4453 1.86725829268645
4453 9.63048492163592
4453 9.63048492163592
4453 9.63048492163592
4453 1.15895815603446
4453 0.485406286503913
4453 1.30824884483874
4453 3.45585980274033
4453 0
4453 2.04828023555451
4453 0
4453 0
4453 25.6329106059215
4453 25.6329106059215
4453 0
4453 24.9833764557532
4453 24.9833764557532
4453 24.9833764557532
4453 4.23073580182818
4453 0
4453 0
4453 1481.55275348729
4453 1.83107882202349
4453 1.83107882202349
4453 13.1447312787862
4453 13.1447312787862
4453 1.09490696189629
4453 1.09490696189629
4453 1.09490696189629
4453 1.68588739509415
4453 1.68588739509415
4453 1.68588739509415
4453 0.988052163070236
4549 0
4549 112.930092284635
4549 112.930092284635
4549 112.930092284635
4549 112.930092284635
4549 0
4549 7.38491126822766
4549 7.38491126822766
4549 28.6096431459756
4549 28.6096431459756
4549 28.6096431459756
4549 0
4549 1.86725829268645
4549 9.63048492163592
4549 9.63048492163592
4549 9.63048492163592
4549 1.15895815603446
4549 0.485406286503913
4549 1.30824884483874
4549 3.45585980274033
4549 0
4549 2.04828023555451
4549 0
4549 0
4549 25.6329106059215
4549 25.6329106059215
4549 0
4549 24.9833764557532
4549 24.9833764557532
4549 24.9833764557532
4549 4.23073580182818
4549 0
4549 0
4549 1481.55275348729
4549 1.83107882202349
4549 1.83107882202349
4549 13.1447312787862
4549 13.1447312787862
4549 1.09490696189629
4549 1.09490696189629
4549 1.09490696189629
4549 1.68588739509415
4549 1.68588739509415
4549 1.68588739509415
4549 0.988052163070236
4639 0
4639 112.930092284635
4639 112.930092284635
4639 112.930092284635
4639 112.930092284635
4639 0
4639 7.38491126822766
4639 7.38491126822766
4639 28.6096431459756
4639 28.6096431459756
4639 28.6096431459756
4639 0
4639 1.86725829268645
4639 9.63048492163592
4639 9.63048492163592
4639 9.63048492163592
4639 1.15895815603446
4639 0.485406286503913
4639 1.30824884483874
4639 3.45585980274033
4639 0
4639 2.04828023555451
4639 0
4639 0
4639 25.6329106059215
4639 25.6329106059215
4639 0
4639 24.9833764557532
4639 24.9833764557532
4639 24.9833764557532
4639 4.23073580182818
4639 0
4639 0
4639 1481.55275348729
4639 1.83107882202349
4639 1.83107882202349
4639 13.1447312787862
4639 13.1447312787862
4639 1.09490696189629
4639 1.09490696189629
4639 1.09490696189629
4639 1.68588739509415
4639 1.68588739509415
4639 1.68588739509415
4639 0.988052163070236
5089 0
5089 112.930092284635
5089 112.930092284635
5089 112.930092284635
5089 112.930092284635
5089 0
5089 7.38491126822766
5089 7.38491126822766
5089 28.6096431459756
5089 28.6096431459756
5089 28.6096431459756
5089 0
5089 1.86725829268645
5089 9.63048492163592
5089 9.63048492163592
5089 9.63048492163592
5089 1.15895815603446
5089 0.485406286503913
5089 1.30824884483874
5089 3.45585980274033
5089 0
5089 2.04828023555451
5089 0
5089 0
5089 25.6329106059215
5089 25.6329106059215
5089 0
5089 24.9833764557532
5089 24.9833764557532
5089 24.9833764557532
5089 4.23073580182818
5089 0
5089 0
5089 1481.55275348729
5089 1.83107882202349
5089 1.83107882202349
5089 13.1447312787862
5089 13.1447312787862
5089 1.09490696189629
5089 1.09490696189629
5089 1.09490696189629
5089 1.68588739509415
5089 1.68588739509415
5089 1.68588739509415
5089 0.988052163070236
4898 0
4898 112.930092284635
4898 112.930092284635
4898 112.930092284635
4898 112.930092284635
4898 0
4898 7.38491126822766
4898 7.38491126822766
4898 28.6096431459756
4898 28.6096431459756
4898 28.6096431459756
4898 0
4898 1.86725829268645
4898 9.63048492163592
4898 9.63048492163592
4898 9.63048492163592
4898 1.15895815603446
4898 0.485406286503913
4898 1.30824884483874
4898 3.45585980274033
4898 0
4898 2.04828023555451
4898 0
4898 0
4898 25.6329106059215
4898 25.6329106059215
4898 0
4898 24.9833764557532
4898 24.9833764557532
4898 24.9833764557532
4898 4.23073580182818
4898 0
4898 0
4898 1481.55275348729
4898 1.83107882202349
4898 1.83107882202349
4898 13.1447312787862
4898 13.1447312787862
4898 1.09490696189629
4898 1.09490696189629
4898 1.09490696189629
4898 1.68588739509415
4898 1.68588739509415
4898 1.68588739509415
4898 0.988052163070236
4895 0
4895 112.930092284635
4895 112.930092284635
4895 112.930092284635
4895 112.930092284635
4895 0
4895 7.38491126822766
4895 7.38491126822766
4895 28.6096431459756
4895 28.6096431459756
4895 28.6096431459756
4895 0
4895 1.86725829268645
4895 9.63048492163592
4895 9.63048492163592
4895 9.63048492163592
4895 1.15895815603446
4895 0.485406286503913
4895 1.30824884483874
4895 3.45585980274033
4895 0
4895 2.04828023555451
4895 0
4895 0
4895 25.6329106059215
4895 25.6329106059215
4895 0
4895 24.9833764557532
4895 24.9833764557532
4895 24.9833764557532
4895 4.23073580182818
4895 0
4895 0
4895 1481.55275348729
4895 1.83107882202349
4895 1.83107882202349
4895 13.1447312787862
4895 13.1447312787862
4895 1.09490696189629
4895 1.09490696189629
4895 1.09490696189629
4895 1.68588739509415
4895 1.68588739509415
4895 1.68588739509415
4895 0.988052163070236
5270 0
5270 112.930092284635
5270 112.930092284635
5270 112.930092284635
5270 112.930092284635
5270 0
5270 7.38491126822766
5270 7.38491126822766
5270 28.6096431459756
5270 28.6096431459756
5270 28.6096431459756
5270 0
5270 1.86725829268645
5270 9.63048492163592
5270 9.63048492163592
5270 9.63048492163592
5270 1.15895815603446
5270 0.485406286503913
5270 1.30824884483874
5270 3.45585980274033
5270 0
5270 2.04828023555451
5270 0
5270 0
5270 25.6329106059215
5270 25.6329106059215
5270 0
5270 24.9833764557532
5270 24.9833764557532
5270 24.9833764557532
5270 4.23073580182818
5270 0
5270 0
5270 1481.55275348729
5270 1.83107882202349
5270 1.83107882202349
5270 13.1447312787862
5270 13.1447312787862
5270 1.09490696189629
5270 1.09490696189629
5270 1.09490696189629
5270 1.68588739509415
5270 1.68588739509415
5270 1.68588739509415
5270 0.988052163070236
5269 0
5269 112.930092284635
5269 112.930092284635
5269 112.930092284635
5269 112.930092284635
5269 0
5269 7.38491126822766
5269 7.38491126822766
5269 28.6096431459756
5269 28.6096431459756
5269 28.6096431459756
5269 0
5269 1.86725829268645
5269 9.63048492163592
5269 9.63048492163592
5269 9.63048492163592
5269 1.15895815603446
5269 0.485406286503913
5269 1.30824884483874
5269 3.45585980274033
5269 0
5269 2.04828023555451
5269 0
5269 0
5269 25.6329106059215
5269 25.6329106059215
5269 0
5269 24.9833764557532
5269 24.9833764557532
5269 24.9833764557532
5269 4.23073580182818
5269 0
5269 0
5269 1481.55275348729
5269 1.83107882202349
5269 1.83107882202349
5269 13.1447312787862
5269 13.1447312787862
5269 1.09490696189629
5269 1.09490696189629
5269 1.09490696189629
5269 1.68588739509415
5269 1.68588739509415
5269 1.68588739509415
5269 0.988052163070236
5075 0
5075 112.930092284635
5075 112.930092284635
5075 112.930092284635
5075 112.930092284635
5075 0
5075 7.38491126822766
5075 7.38491126822766
5075 28.6096431459756
5075 28.6096431459756
5075 28.6096431459756
5075 0
5075 1.86725829268645
5075 9.63048492163592
5075 9.63048492163592
5075 9.63048492163592
5075 1.15895815603446
5075 0.485406286503913
5075 1.30824884483874
5075 3.45585980274033
5075 0
5075 2.04828023555451
5075 0
5075 0
5075 25.6329106059215
5075 25.6329106059215
5075 0
5075 24.9833764557532
5075 24.9833764557532
5075 24.9833764557532
5075 4.23073580182818
5075 0
5075 0
5075 1481.55275348729
5075 1.83107882202349
5075 1.83107882202349
5075 13.1447312787862
5075 13.1447312787862
5075 1.09490696189629
5075 1.09490696189629
5075 1.09490696189629
5075 1.68588739509415
5075 1.68588739509415
5075 1.68588739509415
5075 0.988052163070236
5354 0
5354 112.930092284635
5354 112.930092284635
5354 112.930092284635
5354 112.930092284635
5354 0
5354 7.38491126822766
5354 7.38491126822766
5354 28.6096431459756
5354 28.6096431459756
5354 28.6096431459756
5354 0
5354 1.86725829268645
5354 9.63048492163592
5354 9.63048492163592
5354 9.63048492163592
5354 1.15895815603446
5354 0.485406286503913
5354 1.30824884483874
5354 3.45585980274033
5354 0
5354 2.04828023555451
5354 0
5354 0
5354 25.6329106059215
5354 25.6329106059215
5354 0
5354 24.9833764557532
5354 24.9833764557532
5354 24.9833764557532
5354 4.23073580182818
5354 0
5354 0
5354 1481.55275348729
5354 1.83107882202349
5354 1.83107882202349
5354 13.1447312787862
5354 13.1447312787862
5354 1.09490696189629
5354 1.09490696189629
5354 1.09490696189629
5354 1.68588739509415
5354 1.68588739509415
5354 1.68588739509415
5354 0.988052163070236
5253 0
5253 112.930092284635
5253 112.930092284635
5253 112.930092284635
5253 112.930092284635
5253 0
5253 7.38491126822766
5253 7.38491126822766
5253 28.6096431459756
5253 28.6096431459756
5253 28.6096431459756
5253 0
5253 1.86725829268645
5253 9.63048492163592
5253 9.63048492163592
5253 9.63048492163592
5253 1.15895815603446
5253 0.485406286503913
5253 1.30824884483874
5253 3.45585980274033
5253 0
5253 2.04828023555451
5253 0
5253 0
5253 25.6329106059215
5253 25.6329106059215
5253 0
5253 24.9833764557532
5253 24.9833764557532
5253 24.9833764557532
5253 4.23073580182818
5253 0
5253 0
5253 1481.55275348729
5253 1.83107882202349
5253 1.83107882202349
5253 13.1447312787862
5253 13.1447312787862
5253 1.09490696189629
5253 1.09490696189629
5253 1.09490696189629
5253 1.68588739509415
5253 1.68588739509415
5253 1.68588739509415
5253 0.988052163070236
10023 0
10023 112.930092284635
10023 112.930092284635
10023 112.930092284635
10023 112.930092284635
10023 0
10023 7.38491126822766
10023 7.38491126822766
10023 28.6096431459756
10023 28.6096431459756
10023 28.6096431459756
10023 0
10023 1.86725829268645
10023 9.63048492163592
10023 9.63048492163592
10023 9.63048492163592
10023 1.15895815603446
10023 0.485406286503913
10023 1.30824884483874
10023 3.45585980274033
10023 0
10023 2.04828023555451
10023 0
10023 0
10023 25.6329106059215
10023 25.6329106059215
10023 0
10023 24.9833764557532
10023 24.9833764557532
10023 24.9833764557532
10023 4.23073580182818
10023 0
10023 0
10023 1481.55275348729
10023 1.83107882202349
10023 1.83107882202349
10023 13.1447312787862
10023 13.1447312787862
10023 1.09490696189629
10023 1.09490696189629
10023 1.09490696189629
10023 1.68588739509415
10023 1.68588739509415
10023 1.68588739509415
10023 0.988052163070236
5433 0
5433 112.930092284635
5433 112.930092284635
5433 112.930092284635
5433 112.930092284635
5433 0
5433 7.38491126822766
5433 7.38491126822766
5433 28.6096431459756
5433 28.6096431459756
5433 28.6096431459756
5433 0
5433 1.86725829268645
5433 9.63048492163592
5433 9.63048492163592
5433 9.63048492163592
5433 1.15895815603446
5433 0.485406286503913
5433 1.30824884483874
5433 3.45585980274033
5433 0
5433 2.04828023555451
5433 0
5433 0
5433 25.6329106059215
5433 25.6329106059215
5433 0
5433 24.9833764557532
5433 24.9833764557532
5433 24.9833764557532
5433 4.23073580182818
5433 0
5433 0
5433 1481.55275348729
5433 1.83107882202349
5433 1.83107882202349
5433 13.1447312787862
5433 13.1447312787862
5433 1.09490696189629
5433 1.09490696189629
5433 1.09490696189629
5433 1.68588739509415
5433 1.68588739509415
5433 1.68588739509415
5433 0.988052163070236
5430 0
5430 112.930092284635
5430 112.930092284635
5430 112.930092284635
5430 112.930092284635
5430 0
5430 7.38491126822766
5430 7.38491126822766
5430 28.6096431459756
5430 28.6096431459756
5430 28.6096431459756
5430 0
5430 1.86725829268645
5430 9.63048492163592
5430 9.63048492163592
5430 9.63048492163592
5430 1.15895815603446
5430 0.485406286503913
5430 1.30824884483874
5430 3.45585980274033
5430 0
5430 2.04828023555451
5430 0
5430 0
5430 25.6329106059215
5430 25.6329106059215
5430 0
5430 24.9833764557532
5430 24.9833764557532
5430 24.9833764557532
5430 4.23073580182818
5430 0
5430 0
5430 1481.55275348729
5430 1.83107882202349
5430 1.83107882202349
5430 13.1447312787862
5430 13.1447312787862
5430 1.09490696189629
5430 1.09490696189629
5430 1.09490696189629
5430 1.68588739509415
5430 1.68588739509415
5430 1.68588739509415
5430 0.988052163070236
5427 0
5427 112.930092284635
5427 112.930092284635
5427 112.930092284635
5427 112.930092284635
5427 0
5427 7.38491126822766
5427 7.38491126822766
5427 28.6096431459756
5427 28.6096431459756
5427 28.6096431459756
5427 0
5427 1.86725829268645
5427 9.63048492163592
5427 9.63048492163592
5427 9.63048492163592
5427 1.15895815603446
5427 0.485406286503913
5427 1.30824884483874
5427 3.45585980274033
5427 0
5427 2.04828023555451
5427 0
5427 0
5427 25.6329106059215
5427 25.6329106059215
5427 0
5427 24.9833764557532
5427 24.9833764557532
5427 24.9833764557532
5427 4.23073580182818
5427 0
5427 0
5427 1481.55275348729
5427 1.83107882202349
5427 1.83107882202349
5427 13.1447312787862
5427 13.1447312787862
5427 1.09490696189629
5427 1.09490696189629
5427 1.09490696189629
5427 1.68588739509415
5427 1.68588739509415
5427 1.68588739509415
5427 0.988052163070236
5618 0
5618 112.930092284635
5618 112.930092284635
5618 112.930092284635
5618 112.930092284635
5618 0
5618 7.38491126822766
5618 7.38491126822766
5618 28.6096431459756
5618 28.6096431459756
5618 28.6096431459756
5618 0
5618 1.86725829268645
5618 9.63048492163592
5618 9.63048492163592
5618 9.63048492163592
5618 1.15895815603446
5618 0.485406286503913
5618 1.30824884483874
5618 3.45585980274033
5618 0
5618 2.04828023555451
5618 0
5618 0
5618 25.6329106059215
5618 25.6329106059215
5618 0
5618 24.9833764557532
5618 24.9833764557532
5618 24.9833764557532
5618 4.23073580182818
5618 0
5618 0
5618 1481.55275348729
5618 1.83107882202349
5618 1.83107882202349
5618 13.1447312787862
5618 13.1447312787862
5618 1.09490696189629
5618 1.09490696189629
5618 1.09490696189629
5618 1.68588739509415
5618 1.68588739509415
5618 1.68588739509415
5618 0.988052163070236
5616 0
5616 112.930092284635
5616 112.930092284635
5616 112.930092284635
5616 112.930092284635
5616 0
5616 7.38491126822766
5616 7.38491126822766
5616 28.6096431459756
5616 28.6096431459756
5616 28.6096431459756
5616 0
5616 1.86725829268645
5616 9.63048492163592
5616 9.63048492163592
5616 9.63048492163592
5616 1.15895815603446
5616 0.485406286503913
5616 1.30824884483874
5616 3.45585980274033
5616 0
5616 2.04828023555451
5616 0
5616 0
5616 25.6329106059215
5616 25.6329106059215
5616 0
5616 24.9833764557532
5616 24.9833764557532
5616 24.9833764557532
5616 4.23073580182818
5616 0
5616 0
5616 1481.55275348729
5616 1.83107882202349
5616 1.83107882202349
5616 13.1447312787862
5616 13.1447312787862
5616 1.09490696189629
5616 1.09490696189629
5616 1.09490696189629
5616 1.68588739509415
5616 1.68588739509415
5616 1.68588739509415
5616 0.988052163070236
5615 0
5615 112.930092284635
5615 112.930092284635
5615 112.930092284635
5615 112.930092284635
5615 0
5615 7.38491126822766
5615 7.38491126822766
5615 28.6096431459756
5615 28.6096431459756
5615 28.6096431459756
5615 0
5615 1.86725829268645
5615 9.63048492163592
5615 9.63048492163592
5615 9.63048492163592
5615 1.15895815603446
5615 0.485406286503913
5615 1.30824884483874
5615 3.45585980274033
5615 0
5615 2.04828023555451
5615 0
5615 0
5615 25.6329106059215
5615 25.6329106059215
5615 0
5615 24.9833764557532
5615 24.9833764557532
5615 24.9833764557532
5615 4.23073580182818
5615 0
5615 0
5615 1481.55275348729
5615 1.83107882202349
5615 1.83107882202349
5615 13.1447312787862
5615 13.1447312787862
5615 1.09490696189629
5615 1.09490696189629
5615 1.09490696189629
5615 1.68588739509415
5615 1.68588739509415
5615 1.68588739509415
5615 0.988052163070236
5521 0
5521 112.930092284635
5521 112.930092284635
5521 112.930092284635
5521 112.930092284635
5521 0
5521 7.38491126822766
5521 7.38491126822766
5521 28.6096431459756
5521 28.6096431459756
5521 28.6096431459756
5521 0
5521 1.86725829268645
5521 9.63048492163592
5521 9.63048492163592
5521 9.63048492163592
5521 1.15895815603446
5521 0.485406286503913
5521 1.30824884483874
5521 3.45585980274033
5521 0
5521 2.04828023555451
5521 0
5521 0
5521 25.6329106059215
5521 25.6329106059215
5521 0
5521 24.9833764557532
5521 24.9833764557532
5521 24.9833764557532
5521 4.23073580182818
5521 0
5521 0
5521 1481.55275348729
5521 1.83107882202349
5521 1.83107882202349
5521 13.1447312787862
5521 13.1447312787862
5521 1.09490696189629
5521 1.09490696189629
5521 1.09490696189629
5521 1.68588739509415
5521 1.68588739509415
5521 1.68588739509415
5521 0.988052163070236
5518 0
5518 112.930092284635
5518 112.930092284635
5518 112.930092284635
5518 112.930092284635
5518 0
5518 7.38491126822766
5518 7.38491126822766
5518 28.6096431459756
5518 28.6096431459756
5518 28.6096431459756
5518 0
5518 1.86725829268645
5518 9.63048492163592
5518 9.63048492163592
5518 9.63048492163592
5518 1.15895815603446
5518 0.485406286503913
5518 1.30824884483874
5518 3.45585980274033
5518 0
5518 2.04828023555451
5518 0
5518 0
5518 25.6329106059215
5518 25.6329106059215
5518 0
5518 24.9833764557532
5518 24.9833764557532
5518 24.9833764557532
5518 4.23073580182818
5518 0
5518 0
5518 1481.55275348729
5518 1.83107882202349
5518 1.83107882202349
5518 13.1447312787862
5518 13.1447312787862
5518 1.09490696189629
5518 1.09490696189629
5518 1.09490696189629
5518 1.68588739509415
5518 1.68588739509415
5518 1.68588739509415
5518 0.988052163070236
5517 0
5517 112.930092284635
5517 112.930092284635
5517 112.930092284635
5517 112.930092284635
5517 0
5517 7.38491126822766
5517 7.38491126822766
5517 28.6096431459756
5517 28.6096431459756
5517 28.6096431459756
5517 0
5517 1.86725829268645
5517 9.63048492163592
5517 9.63048492163592
5517 9.63048492163592
5517 1.15895815603446
5517 0.485406286503913
5517 1.30824884483874
5517 3.45585980274033
5517 0
5517 2.04828023555451
5517 0
5517 0
5517 25.6329106059215
5517 25.6329106059215
5517 0
5517 24.9833764557532
5517 24.9833764557532
5517 24.9833764557532
5517 4.23073580182818
5517 0
5517 0
5517 1481.55275348729
5517 1.83107882202349
5517 1.83107882202349
5517 13.1447312787862
5517 13.1447312787862
5517 1.09490696189629
5517 1.09490696189629
5517 1.09490696189629
5517 1.68588739509415
5517 1.68588739509415
5517 1.68588739509415
5517 0.988052163070236
5704 0
5704 112.930092284635
5704 112.930092284635
5704 112.930092284635
5704 112.930092284635
5704 0
5704 7.38491126822766
5704 7.38491126822766
5704 28.6096431459756
5704 28.6096431459756
5704 28.6096431459756
5704 0
5704 1.86725829268645
5704 9.63048492163592
5704 9.63048492163592
5704 9.63048492163592
5704 1.15895815603446
5704 0.485406286503913
5704 1.30824884483874
5704 3.45585980274033
5704 0
5704 2.04828023555451
5704 0
5704 0
5704 25.6329106059215
5704 25.6329106059215
5704 0
5704 24.9833764557532
5704 24.9833764557532
5704 24.9833764557532
5704 4.23073580182818
5704 0
5704 0
5704 1481.55275348729
5704 1.83107882202349
5704 1.83107882202349
5704 13.1447312787862
5704 13.1447312787862
5704 1.09490696189629
5704 1.09490696189629
5704 1.09490696189629
5704 1.68588739509415
5704 1.68588739509415
5704 1.68588739509415
5704 0.988052163070236
5702 0
5702 112.930092284635
5702 112.930092284635
5702 112.930092284635
5702 112.930092284635
5702 0
5702 7.38491126822766
5702 7.38491126822766
5702 28.6096431459756
5702 28.6096431459756
5702 28.6096431459756
5702 0
5702 1.86725829268645
5702 9.63048492163592
5702 9.63048492163592
5702 9.63048492163592
5702 1.15895815603446
5702 0.485406286503913
5702 1.30824884483874
5702 3.45585980274033
5702 0
5702 2.04828023555451
5702 0
5702 0
5702 25.6329106059215
5702 25.6329106059215
5702 0
5702 24.9833764557532
5702 24.9833764557532
5702 24.9833764557532
5702 4.23073580182818
5702 0
5702 0
5702 1481.55275348729
5702 1.83107882202349
5702 1.83107882202349
5702 13.1447312787862
5702 13.1447312787862
5702 1.09490696189629
5702 1.09490696189629
5702 1.09490696189629
5702 1.68588739509415
5702 1.68588739509415
5702 1.68588739509415
5702 0.988052163070236
5607 0
5607 112.930092284635
5607 112.930092284635
5607 112.930092284635
5607 112.930092284635
5607 0
5607 7.38491126822766
5607 7.38491126822766
5607 28.6096431459756
5607 28.6096431459756
5607 28.6096431459756
5607 0
5607 1.86725829268645
5607 9.63048492163592
5607 9.63048492163592
5607 9.63048492163592
5607 1.15895815603446
5607 0.485406286503913
5607 1.30824884483874
5607 3.45585980274033
5607 0
5607 2.04828023555451
5607 0
5607 0
5607 25.6329106059215
5607 25.6329106059215
5607 0
5607 24.9833764557532
5607 24.9833764557532
5607 24.9833764557532
5607 4.23073580182818
5607 0
5607 0
5607 1481.55275348729
5607 1.83107882202349
5607 1.83107882202349
5607 13.1447312787862
5607 13.1447312787862
5607 1.09490696189629
5607 1.09490696189629
5607 1.09490696189629
5607 1.68588739509415
5607 1.68588739509415
5607 1.68588739509415
5607 0.988052163070236
5605 0
5605 112.930092284635
5605 112.930092284635
5605 112.930092284635
5605 112.930092284635
5605 0
5605 7.38491126822766
5605 7.38491126822766
5605 28.6096431459756
5605 28.6096431459756
5605 28.6096431459756
5605 0
5605 1.86725829268645
5605 9.63048492163592
5605 9.63048492163592
5605 9.63048492163592
5605 1.15895815603446
5605 0.485406286503913
5605 1.30824884483874
5605 3.45585980274033
5605 0
5605 2.04828023555451
5605 0
5605 0
5605 25.6329106059215
5605 25.6329106059215
5605 0
5605 24.9833764557532
5605 24.9833764557532
5605 24.9833764557532
5605 4.23073580182818
5605 0
5605 0
5605 1481.55275348729
5605 1.83107882202349
5605 1.83107882202349
5605 13.1447312787862
5605 13.1447312787862
5605 1.09490696189629
5605 1.09490696189629
5605 1.09490696189629
5605 1.68588739509415
5605 1.68588739509415
5605 1.68588739509415
5605 0.988052163070236
5601 0
5601 112.930092284635
5601 112.930092284635
5601 112.930092284635
5601 112.930092284635
5601 0
5601 7.38491126822766
5601 7.38491126822766
5601 28.6096431459756
5601 28.6096431459756
5601 28.6096431459756
5601 0
5601 1.86725829268645
5601 9.63048492163592
5601 9.63048492163592
5601 9.63048492163592
5601 1.15895815603446
5601 0.485406286503913
5601 1.30824884483874
5601 3.45585980274033
5601 0
5601 2.04828023555451
5601 0
5601 0
5601 25.6329106059215
5601 25.6329106059215
5601 0
5601 24.9833764557532
5601 24.9833764557532
5601 24.9833764557532
5601 4.23073580182818
5601 0
5601 0
5601 1481.55275348729
5601 1.83107882202349
5601 1.83107882202349
5601 13.1447312787862
5601 13.1447312787862
5601 1.09490696189629
5601 1.09490696189629
5601 1.09490696189629
5601 1.68588739509415
5601 1.68588739509415
5601 1.68588739509415
5601 0.988052163070236
5796 0
5796 112.930092284635
5796 112.930092284635
5796 112.930092284635
5796 112.930092284635
5796 0
5796 7.38491126822766
5796 7.38491126822766
5796 28.6096431459756
5796 28.6096431459756
5796 28.6096431459756
5796 0
5796 1.86725829268645
5796 9.63048492163592
5796 9.63048492163592
5796 9.63048492163592
5796 1.15895815603446
5796 0.485406286503913
5796 1.30824884483874
5796 3.45585980274033
5796 0
5796 2.04828023555451
5796 0
5796 0
5796 25.6329106059215
5796 25.6329106059215
5796 0
5796 24.9833764557532
5796 24.9833764557532
5796 24.9833764557532
5796 4.23073580182818
5796 0
5796 0
5796 1481.55275348729
5796 1.83107882202349
5796 1.83107882202349
5796 13.1447312787862
5796 13.1447312787862
5796 1.09490696189629
5796 1.09490696189629
5796 1.09490696189629
5796 1.68588739509415
5796 1.68588739509415
5796 1.68588739509415
5796 0.988052163070236
5795 0
5795 112.930092284635
5795 112.930092284635
5795 112.930092284635
5795 112.930092284635
5795 0
5795 7.38491126822766
5795 7.38491126822766
5795 28.6096431459756
5795 28.6096431459756
5795 28.6096431459756
5795 0
5795 1.86725829268645
5795 9.63048492163592
5795 9.63048492163592
5795 9.63048492163592
5795 1.15895815603446
5795 0.485406286503913
5795 1.30824884483874
5795 3.45585980274033
5795 0
5795 2.04828023555451
5795 0
5795 0
5795 25.6329106059215
5795 25.6329106059215
5795 0
5795 24.9833764557532
5795 24.9833764557532
5795 24.9833764557532
5795 4.23073580182818
5795 0
5795 0
5795 1481.55275348729
5795 1.83107882202349
5795 1.83107882202349
5795 13.1447312787862
5795 13.1447312787862
5795 1.09490696189629
5795 1.09490696189629
5795 1.09490696189629
5795 1.68588739509415
5795 1.68588739509415
5795 1.68588739509415
5795 0.988052163070236
5695 0
5695 112.930092284635
5695 112.930092284635
5695 112.930092284635
5695 112.930092284635
5695 0
5695 7.38491126822766
5695 7.38491126822766
5695 28.6096431459756
5695 28.6096431459756
5695 28.6096431459756
5695 0
5695 1.86725829268645
5695 9.63048492163592
5695 9.63048492163592
5695 9.63048492163592
5695 1.15895815603446
5695 0.485406286503913
5695 1.30824884483874
5695 3.45585980274033
5695 0
5695 2.04828023555451
5695 0
5695 0
5695 25.6329106059215
5695 25.6329106059215
5695 0
5695 24.9833764557532
5695 24.9833764557532
5695 24.9833764557532
5695 4.23073580182818
5695 0
5695 0
5695 1481.55275348729
5695 1.83107882202349
5695 1.83107882202349
5695 13.1447312787862
5695 13.1447312787862
5695 1.09490696189629
5695 1.09490696189629
5695 1.09490696189629
5695 1.68588739509415
5695 1.68588739509415
5695 1.68588739509415
5695 0.988052163070236
5792 0
5792 112.930092284635
5792 112.930092284635
5792 112.930092284635
5792 112.930092284635
5792 0
5792 7.38491126822766
5792 7.38491126822766
5792 28.6096431459756
5792 28.6096431459756
5792 28.6096431459756
5792 0
5792 1.86725829268645
5792 9.63048492163592
5792 9.63048492163592
5792 9.63048492163592
5792 1.15895815603446
5792 0.485406286503913
5792 1.30824884483874
5792 3.45585980274033
5792 0
5792 2.04828023555451
5792 0
5792 0
5792 25.6329106059215
5792 25.6329106059215
5792 0
5792 24.9833764557532
5792 24.9833764557532
5792 24.9833764557532
5792 4.23073580182818
5792 0
5792 0
5792 1481.55275348729
5792 1.83107882202349
5792 1.83107882202349
5792 13.1447312787862
5792 13.1447312787862
5792 1.09490696189629
5792 1.09490696189629
5792 1.09490696189629
5792 1.68588739509415
5792 1.68588739509415
5792 1.68588739509415
5792 0.988052163070236
5887 0
5887 112.930092284635
5887 112.930092284635
5887 112.930092284635
5887 112.930092284635
5887 0
5887 7.38491126822766
5887 7.38491126822766
5887 28.6096431459756
5887 28.6096431459756
5887 28.6096431459756
5887 0
5887 1.86725829268645
5887 9.63048492163592
5887 9.63048492163592
5887 9.63048492163592
5887 1.15895815603446
5887 0.485406286503913
5887 1.30824884483874
5887 3.45585980274033
5887 0
5887 2.04828023555451
5887 0
5887 0
5887 25.6329106059215
5887 25.6329106059215
5887 0
5887 24.9833764557532
5887 24.9833764557532
5887 24.9833764557532
5887 4.23073580182818
5887 0
5887 0
5887 1481.55275348729
5887 1.83107882202349
5887 1.83107882202349
5887 13.1447312787862
5887 13.1447312787862
5887 1.09490696189629
5887 1.09490696189629
5887 1.09490696189629
5887 1.68588739509415
5887 1.68588739509415
5887 1.68588739509415
5887 0.988052163070236
5879 0
5879 112.930092284635
5879 112.930092284635
5879 112.930092284635
5879 112.930092284635
5879 0
5879 7.38491126822766
5879 7.38491126822766
5879 28.6096431459756
5879 28.6096431459756
5879 28.6096431459756
5879 0
5879 1.86725829268645
5879 9.63048492163592
5879 9.63048492163592
5879 9.63048492163592
5879 1.15895815603446
5879 0.485406286503913
5879 1.30824884483874
5879 3.45585980274033
5879 0
5879 2.04828023555451
5879 0
5879 0
5879 25.6329106059215
5879 25.6329106059215
5879 0
5879 24.9833764557532
5879 24.9833764557532
5879 24.9833764557532
5879 4.23073580182818
5879 0
5879 0
5879 1481.55275348729
5879 1.83107882202349
5879 1.83107882202349
5879 13.1447312787862
5879 13.1447312787862
5879 1.09490696189629
5879 1.09490696189629
5879 1.09490696189629
5879 1.68588739509415
5879 1.68588739509415
5879 1.68588739509415
5879 0.988052163070236
5976 0
5976 112.930092284635
5976 112.930092284635
5976 112.930092284635
5976 112.930092284635
5976 0
5976 7.38491126822766
5976 7.38491126822766
5976 28.6096431459756
5976 28.6096431459756
5976 28.6096431459756
5976 0
5976 1.86725829268645
5976 9.63048492163592
5976 9.63048492163592
5976 9.63048492163592
5976 1.15895815603446
5976 0.485406286503913
5976 1.30824884483874
5976 3.45585980274033
5976 0
5976 2.04828023555451
5976 0
5976 0
5976 25.6329106059215
5976 25.6329106059215
5976 0
5976 24.9833764557532
5976 24.9833764557532
5976 24.9833764557532
5976 4.23073580182818
5976 0
5976 0
5976 1481.55275348729
5976 1.83107882202349
5976 1.83107882202349
5976 13.1447312787862
5976 13.1447312787862
5976 1.09490696189629
5976 1.09490696189629
5976 1.09490696189629
5976 1.68588739509415
5976 1.68588739509415
5976 1.68588739509415
5976 0.988052163070236
5975 0
5975 112.930092284635
5975 112.930092284635
5975 112.930092284635
5975 112.930092284635
5975 0
5975 7.38491126822766
5975 7.38491126822766
5975 28.6096431459756
5975 28.6096431459756
5975 28.6096431459756
5975 0
5975 1.86725829268645
5975 9.63048492163592
5975 9.63048492163592
5975 9.63048492163592
5975 1.15895815603446
5975 0.485406286503913
5975 1.30824884483874
5975 3.45585980274033
5975 0
5975 2.04828023555451
5975 0
5975 0
5975 25.6329106059215
5975 25.6329106059215
5975 0
5975 24.9833764557532
5975 24.9833764557532
5975 24.9833764557532
5975 4.23073580182818
5975 0
5975 0
5975 1481.55275348729
5975 1.83107882202349
5975 1.83107882202349
5975 13.1447312787862
5975 13.1447312787862
5975 1.09490696189629
5975 1.09490696189629
5975 1.09490696189629
5975 1.68588739509415
5975 1.68588739509415
5975 1.68588739509415
5975 0.988052163070236
6081 0
6081 112.930092284635
6081 112.930092284635
6081 112.930092284635
6081 112.930092284635
6081 0
6081 7.38491126822766
6081 7.38491126822766
6081 28.6096431459756
6081 28.6096431459756
6081 28.6096431459756
6081 0
6081 1.86725829268645
6081 9.63048492163592
6081 9.63048492163592
6081 9.63048492163592
6081 1.15895815603446
6081 0.485406286503913
6081 1.30824884483874
6081 3.45585980274033
6081 0
6081 2.04828023555451
6081 0
6081 0
6081 25.6329106059215
6081 25.6329106059215
6081 0
6081 24.9833764557532
6081 24.9833764557532
6081 24.9833764557532
6081 4.23073580182818
6081 0
6081 0
6081 1481.55275348729
6081 1.83107882202349
6081 1.83107882202349
6081 13.1447312787862
6081 13.1447312787862
6081 1.09490696189629
6081 1.09490696189629
6081 1.09490696189629
6081 1.68588739509415
6081 1.68588739509415
6081 1.68588739509415
6081 0.988052163070236
6080 0
6080 112.930092284635
6080 112.930092284635
6080 112.930092284635
6080 112.930092284635
6080 0
6080 7.38491126822766
6080 7.38491126822766
6080 28.6096431459756
6080 28.6096431459756
6080 28.6096431459756
6080 0
6080 1.86725829268645
6080 9.63048492163592
6080 9.63048492163592
6080 9.63048492163592
6080 1.15895815603446
6080 0.485406286503913
6080 1.30824884483874
6080 3.45585980274033
6080 0
6080 2.04828023555451
6080 0
6080 0
6080 25.6329106059215
6080 25.6329106059215
6080 0
6080 24.9833764557532
6080 24.9833764557532
6080 24.9833764557532
6080 4.23073580182818
6080 0
6080 0
6080 1481.55275348729
6080 1.83107882202349
6080 1.83107882202349
6080 13.1447312787862
6080 13.1447312787862
6080 1.09490696189629
6080 1.09490696189629
6080 1.09490696189629
6080 1.68588739509415
6080 1.68588739509415
6080 1.68588739509415
6080 0.988052163070236
6079 0
6079 112.930092284635
6079 112.930092284635
6079 112.930092284635
6079 112.930092284635
6079 0
6079 7.38491126822766
6079 7.38491126822766
6079 28.6096431459756
6079 28.6096431459756
6079 28.6096431459756
6079 0
6079 1.86725829268645
6079 9.63048492163592
6079 9.63048492163592
6079 9.63048492163592
6079 1.15895815603446
6079 0.485406286503913
6079 1.30824884483874
6079 3.45585980274033
6079 0
6079 2.04828023555451
6079 0
6079 0
6079 25.6329106059215
6079 25.6329106059215
6079 0
6079 24.9833764557532
6079 24.9833764557532
6079 24.9833764557532
6079 4.23073580182818
6079 0
6079 0
6079 1481.55275348729
6079 1.83107882202349
6079 1.83107882202349
6079 13.1447312787862
6079 13.1447312787862
6079 1.09490696189629
6079 1.09490696189629
6079 1.09490696189629
6079 1.68588739509415
6079 1.68588739509415
6079 1.68588739509415
6079 0.988052163070236
6077 0
6077 112.930092284635
6077 112.930092284635
6077 112.930092284635
6077 112.930092284635
6077 0
6077 7.38491126822766
6077 7.38491126822766
6077 28.6096431459756
6077 28.6096431459756
6077 28.6096431459756
6077 0
6077 1.86725829268645
6077 9.63048492163592
6077 9.63048492163592
6077 9.63048492163592
6077 1.15895815603446
6077 0.485406286503913
6077 1.30824884483874
6077 3.45585980274033
6077 0
6077 2.04828023555451
6077 0
6077 0
6077 25.6329106059215
6077 25.6329106059215
6077 0
6077 24.9833764557532
6077 24.9833764557532
6077 24.9833764557532
6077 4.23073580182818
6077 0
6077 0
6077 1481.55275348729
6077 1.83107882202349
6077 1.83107882202349
6077 13.1447312787862
6077 13.1447312787862
6077 1.09490696189629
6077 1.09490696189629
6077 1.09490696189629
6077 1.68588739509415
6077 1.68588739509415
6077 1.68588739509415
6077 0.988052163070236
6073 0
6073 112.930092284635
6073 112.930092284635
6073 112.930092284635
6073 112.930092284635
6073 0
6073 7.38491126822766
6073 7.38491126822766
6073 28.6096431459756
6073 28.6096431459756
6073 28.6096431459756
6073 0
6073 1.86725829268645
6073 9.63048492163592
6073 9.63048492163592
6073 9.63048492163592
6073 1.15895815603446
6073 0.485406286503913
6073 1.30824884483874
6073 3.45585980274033
6073 0
6073 2.04828023555451
6073 0
6073 0
6073 25.6329106059215
6073 25.6329106059215
6073 0
6073 24.9833764557532
6073 24.9833764557532
6073 24.9833764557532
6073 4.23073580182818
6073 0
6073 0
6073 1481.55275348729
6073 1.83107882202349
6073 1.83107882202349
6073 13.1447312787862
6073 13.1447312787862
6073 1.09490696189629
6073 1.09490696189629
6073 1.09490696189629
6073 1.68588739509415
6073 1.68588739509415
6073 1.68588739509415
6073 0.988052163070236
6181 0
6181 112.930092284635
6181 112.930092284635
6181 112.930092284635
6181 112.930092284635
6181 0
6181 7.38491126822766
6181 7.38491126822766
6181 28.6096431459756
6181 28.6096431459756
6181 28.6096431459756
6181 0
6181 1.86725829268645
6181 9.63048492163592
6181 9.63048492163592
6181 9.63048492163592
6181 1.15895815603446
6181 0.485406286503913
6181 1.30824884483874
6181 3.45585980274033
6181 0
6181 2.04828023555451
6181 0
6181 0
6181 25.6329106059215
6181 25.6329106059215
6181 0
6181 24.9833764557532
6181 24.9833764557532
6181 24.9833764557532
6181 4.23073580182818
6181 0
6181 0
6181 1481.55275348729
6181 1.83107882202349
6181 1.83107882202349
6181 13.1447312787862
6181 13.1447312787862
6181 1.09490696189629
6181 1.09490696189629
6181 1.09490696189629
6181 1.68588739509415
6181 1.68588739509415
6181 1.68588739509415
6181 0.988052163070236
6180 0
6180 112.930092284635
6180 112.930092284635
6180 112.930092284635
6180 112.930092284635
6180 0
6180 7.38491126822766
6180 7.38491126822766
6180 28.6096431459756
6180 28.6096431459756
6180 28.6096431459756
6180 0
6180 1.86725829268645
6180 9.63048492163592
6180 9.63048492163592
6180 9.63048492163592
6180 1.15895815603446
6180 0.485406286503913
6180 1.30824884483874
6180 3.45585980274033
6180 0
6180 2.04828023555451
6180 0
6180 0
6180 25.6329106059215
6180 25.6329106059215
6180 0
6180 24.9833764557532
6180 24.9833764557532
6180 24.9833764557532
6180 4.23073580182818
6180 0
6180 0
6180 1481.55275348729
6180 1.83107882202349
6180 1.83107882202349
6180 13.1447312787862
6180 13.1447312787862
6180 1.09490696189629
6180 1.09490696189629
6180 1.09490696189629
6180 1.68588739509415
6180 1.68588739509415
6180 1.68588739509415
6180 0.988052163070236
6179 0
6179 112.930092284635
6179 112.930092284635
6179 112.930092284635
6179 112.930092284635
6179 0
6179 7.38491126822766
6179 7.38491126822766
6179 28.6096431459756
6179 28.6096431459756
6179 28.6096431459756
6179 0
6179 1.86725829268645
6179 9.63048492163592
6179 9.63048492163592
6179 9.63048492163592
6179 1.15895815603446
6179 0.485406286503913
6179 1.30824884483874
6179 3.45585980274033
6179 0
6179 2.04828023555451
6179 0
6179 0
6179 25.6329106059215
6179 25.6329106059215
6179 0
6179 24.9833764557532
6179 24.9833764557532
6179 24.9833764557532
6179 4.23073580182818
6179 0
6179 0
6179 1481.55275348729
6179 1.83107882202349
6179 1.83107882202349
6179 13.1447312787862
6179 13.1447312787862
6179 1.09490696189629
6179 1.09490696189629
6179 1.09490696189629
6179 1.68588739509415
6179 1.68588739509415
6179 1.68588739509415
6179 0.988052163070236
6178 0
6178 112.930092284635
6178 112.930092284635
6178 112.930092284635
6178 112.930092284635
6178 0
6178 7.38491126822766
6178 7.38491126822766
6178 28.6096431459756
6178 28.6096431459756
6178 28.6096431459756
6178 0
6178 1.86725829268645
6178 9.63048492163592
6178 9.63048492163592
6178 9.63048492163592
6178 1.15895815603446
6178 0.485406286503913
6178 1.30824884483874
6178 3.45585980274033
6178 0
6178 2.04828023555451
6178 0
6178 0
6178 25.6329106059215
6178 25.6329106059215
6178 0
6178 24.9833764557532
6178 24.9833764557532
6178 24.9833764557532
6178 4.23073580182818
6178 0
6178 0
6178 1481.55275348729
6178 1.83107882202349
6178 1.83107882202349
6178 13.1447312787862
6178 13.1447312787862
6178 1.09490696189629
6178 1.09490696189629
6178 1.09490696189629
6178 1.68588739509415
6178 1.68588739509415
6178 1.68588739509415
6178 0.988052163070236
6175 0
6175 112.930092284635
6175 112.930092284635
6175 112.930092284635
6175 112.930092284635
6175 0
6175 7.38491126822766
6175 7.38491126822766
6175 28.6096431459756
6175 28.6096431459756
6175 28.6096431459756
6175 0
6175 1.86725829268645
6175 9.63048492163592
6175 9.63048492163592
6175 9.63048492163592
6175 1.15895815603446
6175 0.485406286503913
6175 1.30824884483874
6175 3.45585980274033
6175 0
6175 2.04828023555451
6175 0
6175 0
6175 25.6329106059215
6175 25.6329106059215
6175 0
6175 24.9833764557532
6175 24.9833764557532
6175 24.9833764557532
6175 4.23073580182818
6175 0
6175 0
6175 1481.55275348729
6175 1.83107882202349
6175 1.83107882202349
6175 13.1447312787862
6175 13.1447312787862
6175 1.09490696189629
6175 1.09490696189629
6175 1.09490696189629
6175 1.68588739509415
6175 1.68588739509415
6175 1.68588739509415
6175 0.988052163070236
6174 0
6174 112.930092284635
6174 112.930092284635
6174 112.930092284635
6174 112.930092284635
6174 0
6174 7.38491126822766
6174 7.38491126822766
6174 28.6096431459756
6174 28.6096431459756
6174 28.6096431459756
6174 0
6174 1.86725829268645
6174 9.63048492163592
6174 9.63048492163592
6174 9.63048492163592
6174 1.15895815603446
6174 0.485406286503913
6174 1.30824884483874
6174 3.45585980274033
6174 0
6174 2.04828023555451
6174 0
6174 0
6174 25.6329106059215
6174 25.6329106059215
6174 0
6174 24.9833764557532
6174 24.9833764557532
6174 24.9833764557532
6174 4.23073580182818
6174 0
6174 0
6174 1481.55275348729
6174 1.83107882202349
6174 1.83107882202349
6174 13.1447312787862
6174 13.1447312787862
6174 1.09490696189629
6174 1.09490696189629
6174 1.09490696189629
6174 1.68588739509415
6174 1.68588739509415
6174 1.68588739509415
6174 0.988052163070236
6275 0
6275 112.930092284635
6275 112.930092284635
6275 112.930092284635
6275 112.930092284635
6275 0
6275 7.38491126822766
6275 7.38491126822766
6275 28.6096431459756
6275 28.6096431459756
6275 28.6096431459756
6275 0
6275 1.86725829268645
6275 9.63048492163592
6275 9.63048492163592
6275 9.63048492163592
6275 1.15895815603446
6275 0.485406286503913
6275 1.30824884483874
6275 3.45585980274033
6275 0
6275 2.04828023555451
6275 0
6275 0
6275 25.6329106059215
6275 25.6329106059215
6275 0
6275 24.9833764557532
6275 24.9833764557532
6275 24.9833764557532
6275 4.23073580182818
6275 0
6275 0
6275 1481.55275348729
6275 1.83107882202349
6275 1.83107882202349
6275 13.1447312787862
6275 13.1447312787862
6275 1.09490696189629
6275 1.09490696189629
6275 1.09490696189629
6275 1.68588739509415
6275 1.68588739509415
6275 1.68588739509415
6275 0.988052163070236
6274 0
6274 112.930092284635
6274 112.930092284635
6274 112.930092284635
6274 112.930092284635
6274 0
6274 7.38491126822766
6274 7.38491126822766
6274 28.6096431459756
6274 28.6096431459756
6274 28.6096431459756
6274 0
6274 1.86725829268645
6274 9.63048492163592
6274 9.63048492163592
6274 9.63048492163592
6274 1.15895815603446
6274 0.485406286503913
6274 1.30824884483874
6274 3.45585980274033
6274 0
6274 2.04828023555451
6274 0
6274 0
6274 25.6329106059215
6274 25.6329106059215
6274 0
6274 24.9833764557532
6274 24.9833764557532
6274 24.9833764557532
6274 4.23073580182818
6274 0
6274 0
6274 1481.55275348729
6274 1.83107882202349
6274 1.83107882202349
6274 13.1447312787862
6274 13.1447312787862
6274 1.09490696189629
6274 1.09490696189629
6274 1.09490696189629
6274 1.68588739509415
6274 1.68588739509415
6274 1.68588739509415
6274 0.988052163070236
6271 0
6271 112.930092284635
6271 112.930092284635
6271 112.930092284635
6271 112.930092284635
6271 0
6271 7.38491126822766
6271 7.38491126822766
6271 28.6096431459756
6271 28.6096431459756
6271 28.6096431459756
6271 0
6271 1.86725829268645
6271 9.63048492163592
6271 9.63048492163592
6271 9.63048492163592
6271 1.15895815603446
6271 0.485406286503913
6271 1.30824884483874
6271 3.45585980274033
6271 0
6271 2.04828023555451
6271 0
6271 0
6271 25.6329106059215
6271 25.6329106059215
6271 0
6271 24.9833764557532
6271 24.9833764557532
6271 24.9833764557532
6271 4.23073580182818
6271 0
6271 0
6271 1481.55275348729
6271 1.83107882202349
6271 1.83107882202349
6271 13.1447312787862
6271 13.1447312787862
6271 1.09490696189629
6271 1.09490696189629
6271 1.09490696189629
6271 1.68588739509415
6271 1.68588739509415
6271 1.68588739509415
6271 0.988052163070236
6270 0
6270 112.930092284635
6270 112.930092284635
6270 112.930092284635
6270 112.930092284635
6270 0
6270 7.38491126822766
6270 7.38491126822766
6270 28.6096431459756
6270 28.6096431459756
6270 28.6096431459756
6270 0
6270 1.86725829268645
6270 9.63048492163592
6270 9.63048492163592
6270 9.63048492163592
6270 1.15895815603446
6270 0.485406286503913
6270 1.30824884483874
6270 3.45585980274033
6270 0
6270 2.04828023555451
6270 0
6270 0
6270 25.6329106059215
6270 25.6329106059215
6270 0
6270 24.9833764557532
6270 24.9833764557532
6270 24.9833764557532
6270 4.23073580182818
6270 0
6270 0
6270 1481.55275348729
6270 1.83107882202349
6270 1.83107882202349
6270 13.1447312787862
6270 13.1447312787862
6270 1.09490696189629
6270 1.09490696189629
6270 1.09490696189629
6270 1.68588739509415
6270 1.68588739509415
6270 1.68588739509415
6270 0.988052163070236
6269 0
6269 112.930092284635
6269 112.930092284635
6269 112.930092284635
6269 112.930092284635
6269 0
6269 7.38491126822766
6269 7.38491126822766
6269 28.6096431459756
6269 28.6096431459756
6269 28.6096431459756
6269 0
6269 1.86725829268645
6269 9.63048492163592
6269 9.63048492163592
6269 9.63048492163592
6269 1.15895815603446
6269 0.485406286503913
6269 1.30824884483874
6269 3.45585980274033
6269 0
6269 2.04828023555451
6269 0
6269 0
6269 25.6329106059215
6269 25.6329106059215
6269 0
6269 24.9833764557532
6269 24.9833764557532
6269 24.9833764557532
6269 4.23073580182818
6269 0
6269 0
6269 1481.55275348729
6269 1.83107882202349
6269 1.83107882202349
6269 13.1447312787862
6269 13.1447312787862
6269 1.09490696189629
6269 1.09490696189629
6269 1.09490696189629
6269 1.68588739509415
6269 1.68588739509415
6269 1.68588739509415
6269 0.988052163070236
6268 0
6268 112.930092284635
6268 112.930092284635
6268 112.930092284635
6268 112.930092284635
6268 0
6268 7.38491126822766
6268 7.38491126822766
6268 28.6096431459756
6268 28.6096431459756
6268 28.6096431459756
6268 0
6268 1.86725829268645
6268 9.63048492163592
6268 9.63048492163592
6268 9.63048492163592
6268 1.15895815603446
6268 0.485406286503913
6268 1.30824884483874
6268 3.45585980274033
6268 0
6268 2.04828023555451
6268 0
6268 0
6268 25.6329106059215
6268 25.6329106059215
6268 0
6268 24.9833764557532
6268 24.9833764557532
6268 24.9833764557532
6268 4.23073580182818
6268 0
6268 0
6268 1481.55275348729
6268 1.83107882202349
6268 1.83107882202349
6268 13.1447312787862
6268 13.1447312787862
6268 1.09490696189629
6268 1.09490696189629
6268 1.09490696189629
6268 1.68588739509415
6268 1.68588739509415
6268 1.68588739509415
6268 0.988052163070236
6364 0
6364 112.930092284635
6364 112.930092284635
6364 112.930092284635
6364 112.930092284635
6364 0
6364 7.38491126822766
6364 7.38491126822766
6364 28.6096431459756
6364 28.6096431459756
6364 28.6096431459756
6364 0
6364 1.86725829268645
6364 9.63048492163592
6364 9.63048492163592
6364 9.63048492163592
6364 1.15895815603446
6364 0.485406286503913
6364 1.30824884483874
6364 3.45585980274033
6364 0
6364 2.04828023555451
6364 0
6364 0
6364 25.6329106059215
6364 25.6329106059215
6364 0
6364 24.9833764557532
6364 24.9833764557532
6364 24.9833764557532
6364 4.23073580182818
6364 0
6364 0
6364 1481.55275348729
6364 1.83107882202349
6364 1.83107882202349
6364 13.1447312787862
6364 13.1447312787862
6364 1.09490696189629
6364 1.09490696189629
6364 1.09490696189629
6364 1.68588739509415
6364 1.68588739509415
6364 1.68588739509415
6364 0.988052163070236
6361 0
6361 112.930092284635
6361 112.930092284635
6361 112.930092284635
6361 112.930092284635
6361 0
6361 7.38491126822766
6361 7.38491126822766
6361 28.6096431459756
6361 28.6096431459756
6361 28.6096431459756
6361 0
6361 1.86725829268645
6361 9.63048492163592
6361 9.63048492163592
6361 9.63048492163592
6361 1.15895815603446
6361 0.485406286503913
6361 1.30824884483874
6361 3.45585980274033
6361 0
6361 2.04828023555451
6361 0
6361 0
6361 25.6329106059215
6361 25.6329106059215
6361 0
6361 24.9833764557532
6361 24.9833764557532
6361 24.9833764557532
6361 4.23073580182818
6361 0
6361 0
6361 1481.55275348729
6361 1.83107882202349
6361 1.83107882202349
6361 13.1447312787862
6361 13.1447312787862
6361 1.09490696189629
6361 1.09490696189629
6361 1.09490696189629
6361 1.68588739509415
6361 1.68588739509415
6361 1.68588739509415
6361 0.988052163070236
6360 0
6360 112.930092284635
6360 112.930092284635
6360 112.930092284635
6360 112.930092284635
6360 0
6360 7.38491126822766
6360 7.38491126822766
6360 28.6096431459756
6360 28.6096431459756
6360 28.6096431459756
6360 0
6360 1.86725829268645
6360 9.63048492163592
6360 9.63048492163592
6360 9.63048492163592
6360 1.15895815603446
6360 0.485406286503913
6360 1.30824884483874
6360 3.45585980274033
6360 0
6360 2.04828023555451
6360 0
6360 0
6360 25.6329106059215
6360 25.6329106059215
6360 0
6360 24.9833764557532
6360 24.9833764557532
6360 24.9833764557532
6360 4.23073580182818
6360 0
6360 0
6360 1481.55275348729
6360 1.83107882202349
6360 1.83107882202349
6360 13.1447312787862
6360 13.1447312787862
6360 1.09490696189629
6360 1.09490696189629
6360 1.09490696189629
6360 1.68588739509415
6360 1.68588739509415
6360 1.68588739509415
6360 0.988052163070236
6453 0
6453 112.930092284635
6453 112.930092284635
6453 112.930092284635
6453 112.930092284635
6453 0
6453 7.38491126822766
6453 7.38491126822766
6453 28.6096431459756
6453 28.6096431459756
6453 28.6096431459756
6453 0
6453 1.86725829268645
6453 9.63048492163592
6453 9.63048492163592
6453 9.63048492163592
6453 1.15895815603446
6453 0.485406286503913
6453 1.30824884483874
6453 3.45585980274033
6453 0
6453 2.04828023555451
6453 0
6453 0
6453 25.6329106059215
6453 25.6329106059215
6453 0
6453 24.9833764557532
6453 24.9833764557532
6453 24.9833764557532
6453 4.23073580182818
6453 0
6453 0
6453 1481.55275348729
6453 1.83107882202349
6453 1.83107882202349
6453 13.1447312787862
6453 13.1447312787862
6453 1.09490696189629
6453 1.09490696189629
6453 1.09490696189629
6453 1.68588739509415
6453 1.68588739509415
6453 1.68588739509415
6453 0.988052163070236
6452 0
6452 112.930092284635
6452 112.930092284635
6452 112.930092284635
6452 112.930092284635
6452 0
6452 7.38491126822766
6452 7.38491126822766
6452 28.6096431459756
6452 28.6096431459756
6452 28.6096431459756
6452 0
6452 1.86725829268645
6452 9.63048492163592
6452 9.63048492163592
6452 9.63048492163592
6452 1.15895815603446
6452 0.485406286503913
6452 1.30824884483874
6452 3.45585980274033
6452 0
6452 2.04828023555451
6452 0
6452 0
6452 25.6329106059215
6452 25.6329106059215
6452 0
6452 24.9833764557532
6452 24.9833764557532
6452 24.9833764557532
6452 4.23073580182818
6452 0
6452 0
6452 1481.55275348729
6452 1.83107882202349
6452 1.83107882202349
6452 13.1447312787862
6452 13.1447312787862
6452 1.09490696189629
6452 1.09490696189629
6452 1.09490696189629
6452 1.68588739509415
6452 1.68588739509415
6452 1.68588739509415
6452 0.988052163070236
6451 0
6451 112.930092284635
6451 112.930092284635
6451 112.930092284635
6451 112.930092284635
6451 0
6451 7.38491126822766
6451 7.38491126822766
6451 28.6096431459756
6451 28.6096431459756
6451 28.6096431459756
6451 0
6451 1.86725829268645
6451 9.63048492163592
6451 9.63048492163592
6451 9.63048492163592
6451 1.15895815603446
6451 0.485406286503913
6451 1.30824884483874
6451 3.45585980274033
6451 0
6451 2.04828023555451
6451 0
6451 0
6451 25.6329106059215
6451 25.6329106059215
6451 0
6451 24.9833764557532
6451 24.9833764557532
6451 24.9833764557532
6451 4.23073580182818
6451 0
6451 0
6451 1481.55275348729
6451 1.83107882202349
6451 1.83107882202349
6451 13.1447312787862
6451 13.1447312787862
6451 1.09490696189629
6451 1.09490696189629
6451 1.09490696189629
6451 1.68588739509415
6451 1.68588739509415
6451 1.68588739509415
6451 0.988052163070236
6449 0
6449 112.930092284635
6449 112.930092284635
6449 112.930092284635
6449 112.930092284635
6449 0
6449 7.38491126822766
6449 7.38491126822766
6449 28.6096431459756
6449 28.6096431459756
6449 28.6096431459756
6449 0
6449 1.86725829268645
6449 9.63048492163592
6449 9.63048492163592
6449 9.63048492163592
6449 1.15895815603446
6449 0.485406286503913
6449 1.30824884483874
6449 3.45585980274033
6449 0
6449 2.04828023555451
6449 0
6449 0
6449 25.6329106059215
6449 25.6329106059215
6449 0
6449 24.9833764557532
6449 24.9833764557532
6449 24.9833764557532
6449 4.23073580182818
6449 0
6449 0
6449 1481.55275348729
6449 1.83107882202349
6449 1.83107882202349
6449 13.1447312787862
6449 13.1447312787862
6449 1.09490696189629
6449 1.09490696189629
6449 1.09490696189629
6449 1.68588739509415
6449 1.68588739509415
6449 1.68588739509415
6449 0.988052163070236
6543 0
6543 112.930092284635
6543 112.930092284635
6543 112.930092284635
6543 112.930092284635
6543 0
6543 7.38491126822766
6543 7.38491126822766
6543 28.6096431459756
6543 28.6096431459756
6543 28.6096431459756
6543 0
6543 1.86725829268645
6543 9.63048492163592
6543 9.63048492163592
6543 9.63048492163592
6543 1.15895815603446
6543 0.485406286503913
6543 1.30824884483874
6543 3.45585980274033
6543 0
6543 2.04828023555451
6543 0
6543 0
6543 25.6329106059215
6543 25.6329106059215
6543 0
6543 24.9833764557532
6543 24.9833764557532
6543 24.9833764557532
6543 4.23073580182818
6543 0
6543 0
6543 1481.55275348729
6543 1.83107882202349
6543 1.83107882202349
6543 13.1447312787862
6543 13.1447312787862
6543 1.09490696189629
6543 1.09490696189629
6543 1.09490696189629
6543 1.68588739509415
6543 1.68588739509415
6543 1.68588739509415
6543 0.988052163070236
6536 0
6536 112.930092284635
6536 112.930092284635
6536 112.930092284635
6536 112.930092284635
6536 0
6536 7.38491126822766
6536 7.38491126822766
6536 28.6096431459756
6536 28.6096431459756
6536 28.6096431459756
6536 0
6536 1.86725829268645
6536 9.63048492163592
6536 9.63048492163592
6536 9.63048492163592
6536 1.15895815603446
6536 0.485406286503913
6536 1.30824884483874
6536 3.45585980274033
6536 0
6536 2.04828023555451
6536 0
6536 0
6536 25.6329106059215
6536 25.6329106059215
6536 0
6536 24.9833764557532
6536 24.9833764557532
6536 24.9833764557532
6536 4.23073580182818
6536 0
6536 0
6536 1481.55275348729
6536 1.83107882202349
6536 1.83107882202349
6536 13.1447312787862
6536 13.1447312787862
6536 1.09490696189629
6536 1.09490696189629
6536 1.09490696189629
6536 1.68588739509415
6536 1.68588739509415
6536 1.68588739509415
6536 0.988052163070236
6766 0
6766 112.930092284635
6766 112.930092284635
6766 112.930092284635
6766 112.930092284635
6766 0
6766 7.38491126822766
6766 7.38491126822766
6766 28.6096431459756
6766 28.6096431459756
6766 28.6096431459756
6766 0
6766 1.86725829268645
6766 9.63048492163592
6766 9.63048492163592
6766 9.63048492163592
6766 1.15895815603446
6766 0.485406286503913
6766 1.30824884483874
6766 3.45585980274033
6766 0
6766 2.04828023555451
6766 0
6766 0
6766 25.6329106059215
6766 25.6329106059215
6766 0
6766 24.9833764557532
6766 24.9833764557532
6766 24.9833764557532
6766 4.23073580182818
6766 0
6766 0
6766 1481.55275348729
6766 1.83107882202349
6766 1.83107882202349
6766 13.1447312787862
6766 13.1447312787862
6766 1.09490696189629
6766 1.09490696189629
6766 1.09490696189629
6766 1.68588739509415
6766 1.68588739509415
6766 1.68588739509415
6766 0.988052163070236
6765 0
6765 112.930092284635
6765 112.930092284635
6765 112.930092284635
6765 112.930092284635
6765 0
6765 7.38491126822766
6765 7.38491126822766
6765 28.6096431459756
6765 28.6096431459756
6765 28.6096431459756
6765 0
6765 1.86725829268645
6765 9.63048492163592
6765 9.63048492163592
6765 9.63048492163592
6765 1.15895815603446
6765 0.485406286503913
6765 1.30824884483874
6765 3.45585980274033
6765 0
6765 2.04828023555451
6765 0
6765 0
6765 25.6329106059215
6765 25.6329106059215
6765 0
6765 24.9833764557532
6765 24.9833764557532
6765 24.9833764557532
6765 4.23073580182818
6765 0
6765 0
6765 1481.55275348729
6765 1.83107882202349
6765 1.83107882202349
6765 13.1447312787862
6765 13.1447312787862
6765 1.09490696189629
6765 1.09490696189629
6765 1.09490696189629
6765 1.68588739509415
6765 1.68588739509415
6765 1.68588739509415
6765 0.988052163070236
7052 0
7052 112.930092284635
7052 112.930092284635
7052 112.930092284635
7052 112.930092284635
7052 0
7052 7.38491126822766
7052 7.38491126822766
7052 28.6096431459756
7052 28.6096431459756
7052 28.6096431459756
7052 0
7052 1.86725829268645
7052 9.63048492163592
7052 9.63048492163592
7052 9.63048492163592
7052 1.15895815603446
7052 0.485406286503913
7052 1.30824884483874
7052 3.45585980274033
7052 0
7052 2.04828023555451
7052 0
7052 0
7052 25.6329106059215
7052 25.6329106059215
7052 0
7052 24.9833764557532
7052 24.9833764557532
7052 24.9833764557532
7052 4.23073580182818
7052 0
7052 0
7052 1481.55275348729
7052 1.83107882202349
7052 1.83107882202349
7052 13.1447312787862
7052 13.1447312787862
7052 1.09490696189629
7052 1.09490696189629
7052 1.09490696189629
7052 1.68588739509415
7052 1.68588739509415
7052 1.68588739509415
7052 0.988052163070236
7200 0
7200 112.930092284635
7200 112.930092284635
7200 112.930092284635
7200 112.930092284635
7200 0
7200 7.38491126822766
7200 7.38491126822766
7200 28.6096431459756
7200 28.6096431459756
7200 28.6096431459756
7200 0
7200 1.86725829268645
7200 9.63048492163592
7200 9.63048492163592
7200 9.63048492163592
7200 1.15895815603446
7200 0.485406286503913
7200 1.30824884483874
7200 3.45585980274033
7200 0
7200 2.04828023555451
7200 0
7200 0
7200 25.6329106059215
7200 25.6329106059215
7200 0
7200 24.9833764557532
7200 24.9833764557532
7200 24.9833764557532
7200 4.23073580182818
7200 0
7200 0
7200 1481.55275348729
7200 1.83107882202349
7200 1.83107882202349
7200 13.1447312787862
7200 13.1447312787862
7200 1.09490696189629
7200 1.09490696189629
7200 1.09490696189629
7200 1.68588739509415
7200 1.68588739509415
7200 1.68588739509415
7200 0.988052163070236
7199 0
7199 112.930092284635
7199 112.930092284635
7199 112.930092284635
7199 112.930092284635
7199 0
7199 7.38491126822766
7199 7.38491126822766
7199 28.6096431459756
7199 28.6096431459756
7199 28.6096431459756
7199 0
7199 1.86725829268645
7199 9.63048492163592
7199 9.63048492163592
7199 9.63048492163592
7199 1.15895815603446
7199 0.485406286503913
7199 1.30824884483874
7199 3.45585980274033
7199 0
7199 2.04828023555451
7199 0
7199 0
7199 25.6329106059215
7199 25.6329106059215
7199 0
7199 24.9833764557532
7199 24.9833764557532
7199 24.9833764557532
7199 4.23073580182818
7199 0
7199 0
7199 1481.55275348729
7199 1.83107882202349
7199 1.83107882202349
7199 13.1447312787862
7199 13.1447312787862
7199 1.09490696189629
7199 1.09490696189629
7199 1.09490696189629
7199 1.68588739509415
7199 1.68588739509415
7199 1.68588739509415
7199 0.988052163070236
7194 0
7194 112.930092284635
7194 112.930092284635
7194 112.930092284635
7194 112.930092284635
7194 0
7194 7.38491126822766
7194 7.38491126822766
7194 28.6096431459756
7194 28.6096431459756
7194 28.6096431459756
7194 0
7194 1.86725829268645
7194 9.63048492163592
7194 9.63048492163592
7194 9.63048492163592
7194 1.15895815603446
7194 0.485406286503913
7194 1.30824884483874
7194 3.45585980274033
7194 0
7194 2.04828023555451
7194 0
7194 0
7194 25.6329106059215
7194 25.6329106059215
7194 0
7194 24.9833764557532
7194 24.9833764557532
7194 24.9833764557532
7194 4.23073580182818
7194 0
7194 0
7194 1481.55275348729
7194 1.83107882202349
7194 1.83107882202349
7194 13.1447312787862
7194 13.1447312787862
7194 1.09490696189629
7194 1.09490696189629
7194 1.09490696189629
7194 1.68588739509415
7194 1.68588739509415
7194 1.68588739509415
7194 0.988052163070236
