pt_graph cpue_kghour
4185 0
4185 69.9433891954124
4185 69.9433891954124
4185 69.9433891954124
4185 69.9433891954124
4185 0
4185 5.75741579461839
4185 5.75741579461839
4185 23.5016130819354
4185 23.5016130819354
4185 23.5016130819354
4185 0
4185 1.61330353878904
4185 8.45574734288064
4185 8.45574734288064
4185 8.45574734288064
4185 0.97936457695096
4185 0.426603209424579
4185 1.10904480123725
4185 3.15538207884799
4185 0
4185 1.85163671440019
4185 0
4185 0
4185 17.6381030037949
4185 17.6381030037949
4185 0
4185 18.6549611010149
4185 18.6549611010149
4185 18.6549611010149
4185 3.76076972400077
4185 0
4185 0
4185 1285.81084668155
4185 1.34616454196809
4185 1.34616454196809
4185 11.2910270732453
4185 11.2910270732453
4185 0.875909667227947
4185 0.875909667227947
4185 0.875909667227947
4185 1.51311949884602
4185 1.51311949884602
4185 1.51311949884602
4185 0.828909162377501
4184 0
4184 69.9433891954124
4184 69.9433891954124
4184 69.9433891954124
4184 69.9433891954124
4184 0
4184 5.75741579461839
4184 5.75741579461839
4184 23.5016130819354
4184 23.5016130819354
4184 23.5016130819354
4184 0
4184 1.61330353878904
4184 8.45574734288064
4184 8.45574734288064
4184 8.45574734288064
4184 0.97936457695096
4184 0.426603209424579
4184 1.10904480123725
4184 3.15538207884799
4184 0
4184 1.85163671440019
4184 0
4184 0
4184 17.6381030037949
4184 17.6381030037949
4184 0
4184 18.6549611010149
4184 18.6549611010149
4184 18.6549611010149
4184 3.76076972400077
4184 0
4184 0
4184 1285.81084668155
4184 1.34616454196809
4184 1.34616454196809
4184 11.2910270732453
4184 11.2910270732453
4184 0.875909667227947
4184 0.875909667227947
4184 0.875909667227947
4184 1.51311949884602
4184 1.51311949884602
4184 1.51311949884602
4184 0.828909162377501
4270 0
4270 69.9433891954124
4270 69.9433891954124
4270 69.9433891954124
4270 69.9433891954124
4270 0
4270 5.75741579461839
4270 5.75741579461839
4270 23.5016130819354
4270 23.5016130819354
4270 23.5016130819354
4270 0
4270 1.61330353878904
4270 8.45574734288064
4270 8.45574734288064
4270 8.45574734288064
4270 0.97936457695096
4270 0.426603209424579
4270 1.10904480123725
4270 3.15538207884799
4270 0
4270 1.85163671440019
4270 0
4270 0
4270 17.6381030037949
4270 17.6381030037949
4270 0
4270 18.6549611010149
4270 18.6549611010149
4270 18.6549611010149
4270 3.76076972400077
4270 0
4270 0
4270 1285.81084668155
4270 1.34616454196809
4270 1.34616454196809
4270 11.2910270732453
4270 11.2910270732453
4270 0.875909667227947
4270 0.875909667227947
4270 0.875909667227947
4270 1.51311949884602
4270 1.51311949884602
4270 1.51311949884602
4270 0.828909162377501
4450 0
4450 69.9433891954124
4450 69.9433891954124
4450 69.9433891954124
4450 69.9433891954124
4450 0
4450 5.75741579461839
4450 5.75741579461839
4450 23.5016130819354
4450 23.5016130819354
4450 23.5016130819354
4450 0
4450 1.61330353878904
4450 8.45574734288064
4450 8.45574734288064
4450 8.45574734288064
4450 0.97936457695096
4450 0.426603209424579
4450 1.10904480123725
4450 3.15538207884799
4450 0
4450 1.85163671440019
4450 0
4450 0
4450 17.6381030037949
4450 17.6381030037949
4450 0
4450 18.6549611010149
4450 18.6549611010149
4450 18.6549611010149
4450 3.76076972400077
4450 0
4450 0
4450 1285.81084668155
4450 1.34616454196809
4450 1.34616454196809
4450 11.2910270732453
4450 11.2910270732453
4450 0.875909667227947
4450 0.875909667227947
4450 0.875909667227947
4450 1.51311949884602
4450 1.51311949884602
4450 1.51311949884602
4450 0.828909162377501
4635 0
4635 69.9433891954124
4635 69.9433891954124
4635 69.9433891954124
4635 69.9433891954124
4635 0
4635 5.75741579461839
4635 5.75741579461839
4635 23.5016130819354
4635 23.5016130819354
4635 23.5016130819354
4635 0
4635 1.61330353878904
4635 8.45574734288064
4635 8.45574734288064
4635 8.45574734288064
4635 0.97936457695096
4635 0.426603209424579
4635 1.10904480123725
4635 3.15538207884799
4635 0
4635 1.85163671440019
4635 0
4635 0
4635 17.6381030037949
4635 17.6381030037949
4635 0
4635 18.6549611010149
4635 18.6549611010149
4635 18.6549611010149
4635 3.76076972400077
4635 0
4635 0
4635 1285.81084668155
4635 1.34616454196809
4635 1.34616454196809
4635 11.2910270732453
4635 11.2910270732453
4635 0.875909667227947
4635 0.875909667227947
4635 0.875909667227947
4635 1.51311949884602
4635 1.51311949884602
4635 1.51311949884602
4635 0.828909162377501
4999 0
4999 69.9433891954124
4999 69.9433891954124
4999 69.9433891954124
4999 69.9433891954124
4999 0
4999 5.75741579461839
4999 5.75741579461839
4999 23.5016130819354
4999 23.5016130819354
4999 23.5016130819354
4999 0
4999 1.61330353878904
4999 8.45574734288064
4999 8.45574734288064
4999 8.45574734288064
4999 0.97936457695096
4999 0.426603209424579
4999 1.10904480123725
4999 3.15538207884799
4999 0
4999 1.85163671440019
4999 0
4999 0
4999 17.6381030037949
4999 17.6381030037949
4999 0
4999 18.6549611010149
4999 18.6549611010149
4999 18.6549611010149
4999 3.76076972400077
4999 0
4999 0
4999 1285.81084668155
4999 1.34616454196809
4999 1.34616454196809
4999 11.2910270732453
4999 11.2910270732453
4999 0.875909667227947
4999 0.875909667227947
4999 0.875909667227947
4999 1.51311949884602
4999 1.51311949884602
4999 1.51311949884602
4999 0.828909162377501
5355 0
5355 69.9433891954124
5355 69.9433891954124
5355 69.9433891954124
5355 69.9433891954124
5355 0
5355 5.75741579461839
5355 5.75741579461839
5355 23.5016130819354
5355 23.5016130819354
5355 23.5016130819354
5355 0
5355 1.61330353878904
5355 8.45574734288064
5355 8.45574734288064
5355 8.45574734288064
5355 0.97936457695096
5355 0.426603209424579
5355 1.10904480123725
5355 3.15538207884799
5355 0
5355 1.85163671440019
5355 0
5355 0
5355 17.6381030037949
5355 17.6381030037949
5355 0
5355 18.6549611010149
5355 18.6549611010149
5355 18.6549611010149
5355 3.76076972400077
5355 0
5355 0
5355 1285.81084668155
5355 1.34616454196809
5355 1.34616454196809
5355 11.2910270732453
5355 11.2910270732453
5355 0.875909667227947
5355 0.875909667227947
5355 0.875909667227947
5355 1.51311949884602
5355 1.51311949884602
5355 1.51311949884602
5355 0.828909162377501
5532 0
5532 69.9433891954124
5532 69.9433891954124
5532 69.9433891954124
5532 69.9433891954124
5532 0
5532 5.75741579461839
5532 5.75741579461839
5532 23.5016130819354
5532 23.5016130819354
5532 23.5016130819354
5532 0
5532 1.61330353878904
5532 8.45574734288064
5532 8.45574734288064
5532 8.45574734288064
5532 0.97936457695096
5532 0.426603209424579
5532 1.10904480123725
5532 3.15538207884799
5532 0
5532 1.85163671440019
5532 0
5532 0
5532 17.6381030037949
5532 17.6381030037949
5532 0
5532 18.6549611010149
5532 18.6549611010149
5532 18.6549611010149
5532 3.76076972400077
5532 0
5532 0
5532 1285.81084668155
5532 1.34616454196809
5532 1.34616454196809
5532 11.2910270732453
5532 11.2910270732453
5532 0.875909667227947
5532 0.875909667227947
5532 0.875909667227947
5532 1.51311949884602
5532 1.51311949884602
5532 1.51311949884602
5532 0.828909162377501
5527 0
5527 69.9433891954124
5527 69.9433891954124
5527 69.9433891954124
5527 69.9433891954124
5527 0
5527 5.75741579461839
5527 5.75741579461839
5527 23.5016130819354
5527 23.5016130819354
5527 23.5016130819354
5527 0
5527 1.61330353878904
5527 8.45574734288064
5527 8.45574734288064
5527 8.45574734288064
5527 0.97936457695096
5527 0.426603209424579
5527 1.10904480123725
5527 3.15538207884799
5527 0
5527 1.85163671440019
5527 0
5527 0
5527 17.6381030037949
5527 17.6381030037949
5527 0
5527 18.6549611010149
5527 18.6549611010149
5527 18.6549611010149
5527 3.76076972400077
5527 0
5527 0
5527 1285.81084668155
5527 1.34616454196809
5527 1.34616454196809
5527 11.2910270732453
5527 11.2910270732453
5527 0.875909667227947
5527 0.875909667227947
5527 0.875909667227947
5527 1.51311949884602
5527 1.51311949884602
5527 1.51311949884602
5527 0.828909162377501
5618 0
5618 69.9433891954124
5618 69.9433891954124
5618 69.9433891954124
5618 69.9433891954124
5618 0
5618 5.75741579461839
5618 5.75741579461839
5618 23.5016130819354
5618 23.5016130819354
5618 23.5016130819354
5618 0
5618 1.61330353878904
5618 8.45574734288064
5618 8.45574734288064
5618 8.45574734288064
5618 0.97936457695096
5618 0.426603209424579
5618 1.10904480123725
5618 3.15538207884799
5618 0
5618 1.85163671440019
5618 0
5618 0
5618 17.6381030037949
5618 17.6381030037949
5618 0
5618 18.6549611010149
5618 18.6549611010149
5618 18.6549611010149
5618 3.76076972400077
5618 0
5618 0
5618 1285.81084668155
5618 1.34616454196809
5618 1.34616454196809
5618 11.2910270732453
5618 11.2910270732453
5618 0.875909667227947
5618 0.875909667227947
5618 0.875909667227947
5618 1.51311949884602
5618 1.51311949884602
5618 1.51311949884602
5618 0.828909162377501
5615 0
5615 69.9433891954124
5615 69.9433891954124
5615 69.9433891954124
5615 69.9433891954124
5615 0
5615 5.75741579461839
5615 5.75741579461839
5615 23.5016130819354
5615 23.5016130819354
5615 23.5016130819354
5615 0
5615 1.61330353878904
5615 8.45574734288064
5615 8.45574734288064
5615 8.45574734288064
5615 0.97936457695096
5615 0.426603209424579
5615 1.10904480123725
5615 3.15538207884799
5615 0
5615 1.85163671440019
5615 0
5615 0
5615 17.6381030037949
5615 17.6381030037949
5615 0
5615 18.6549611010149
5615 18.6549611010149
5615 18.6549611010149
5615 3.76076972400077
5615 0
5615 0
5615 1285.81084668155
5615 1.34616454196809
5615 1.34616454196809
5615 11.2910270732453
5615 11.2910270732453
5615 0.875909667227947
5615 0.875909667227947
5615 0.875909667227947
5615 1.51311949884602
5615 1.51311949884602
5615 1.51311949884602
5615 0.828909162377501
5614 0
5614 69.9433891954124
5614 69.9433891954124
5614 69.9433891954124
5614 69.9433891954124
5614 0
5614 5.75741579461839
5614 5.75741579461839
5614 23.5016130819354
5614 23.5016130819354
5614 23.5016130819354
5614 0
5614 1.61330353878904
5614 8.45574734288064
5614 8.45574734288064
5614 8.45574734288064
5614 0.97936457695096
5614 0.426603209424579
5614 1.10904480123725
5614 3.15538207884799
5614 0
5614 1.85163671440019
5614 0
5614 0
5614 17.6381030037949
5614 17.6381030037949
5614 0
5614 18.6549611010149
5614 18.6549611010149
5614 18.6549611010149
5614 3.76076972400077
5614 0
5614 0
5614 1285.81084668155
5614 1.34616454196809
5614 1.34616454196809
5614 11.2910270732453
5614 11.2910270732453
5614 0.875909667227947
5614 0.875909667227947
5614 0.875909667227947
5614 1.51311949884602
5614 1.51311949884602
5614 1.51311949884602
5614 0.828909162377501
5704 0
5704 69.9433891954124
5704 69.9433891954124
5704 69.9433891954124
5704 69.9433891954124
5704 0
5704 5.75741579461839
5704 5.75741579461839
5704 23.5016130819354
5704 23.5016130819354
5704 23.5016130819354
5704 0
5704 1.61330353878904
5704 8.45574734288064
5704 8.45574734288064
5704 8.45574734288064
5704 0.97936457695096
5704 0.426603209424579
5704 1.10904480123725
5704 3.15538207884799
5704 0
5704 1.85163671440019
5704 0
5704 0
5704 17.6381030037949
5704 17.6381030037949
5704 0
5704 18.6549611010149
5704 18.6549611010149
5704 18.6549611010149
5704 3.76076972400077
5704 0
5704 0
5704 1285.81084668155
5704 1.34616454196809
5704 1.34616454196809
5704 11.2910270732453
5704 11.2910270732453
5704 0.875909667227947
5704 0.875909667227947
5704 0.875909667227947
5704 1.51311949884602
5704 1.51311949884602
5704 1.51311949884602
5704 0.828909162377501
5702 0
5702 69.9433891954124
5702 69.9433891954124
5702 69.9433891954124
5702 69.9433891954124
5702 0
5702 5.75741579461839
5702 5.75741579461839
5702 23.5016130819354
5702 23.5016130819354
5702 23.5016130819354
5702 0
5702 1.61330353878904
5702 8.45574734288064
5702 8.45574734288064
5702 8.45574734288064
5702 0.97936457695096
5702 0.426603209424579
5702 1.10904480123725
5702 3.15538207884799
5702 0
5702 1.85163671440019
5702 0
5702 0
5702 17.6381030037949
5702 17.6381030037949
5702 0
5702 18.6549611010149
5702 18.6549611010149
5702 18.6549611010149
5702 3.76076972400077
5702 0
5702 0
5702 1285.81084668155
5702 1.34616454196809
5702 1.34616454196809
5702 11.2910270732453
5702 11.2910270732453
5702 0.875909667227947
5702 0.875909667227947
5702 0.875909667227947
5702 1.51311949884602
5702 1.51311949884602
5702 1.51311949884602
5702 0.828909162377501
5796 0
5796 69.9433891954124
5796 69.9433891954124
5796 69.9433891954124
5796 69.9433891954124
5796 0
5796 5.75741579461839
5796 5.75741579461839
5796 23.5016130819354
5796 23.5016130819354
5796 23.5016130819354
5796 0
5796 1.61330353878904
5796 8.45574734288064
5796 8.45574734288064
5796 8.45574734288064
5796 0.97936457695096
5796 0.426603209424579
5796 1.10904480123725
5796 3.15538207884799
5796 0
5796 1.85163671440019
5796 0
5796 0
5796 17.6381030037949
5796 17.6381030037949
5796 0
5796 18.6549611010149
5796 18.6549611010149
5796 18.6549611010149
5796 3.76076972400077
5796 0
5796 0
5796 1285.81084668155
5796 1.34616454196809
5796 1.34616454196809
5796 11.2910270732453
5796 11.2910270732453
5796 0.875909667227947
5796 0.875909667227947
5796 0.875909667227947
5796 1.51311949884602
5796 1.51311949884602
5796 1.51311949884602
5796 0.828909162377501
5795 0
5795 69.9433891954124
5795 69.9433891954124
5795 69.9433891954124
5795 69.9433891954124
5795 0
5795 5.75741579461839
5795 5.75741579461839
5795 23.5016130819354
5795 23.5016130819354
5795 23.5016130819354
5795 0
5795 1.61330353878904
5795 8.45574734288064
5795 8.45574734288064
5795 8.45574734288064
5795 0.97936457695096
5795 0.426603209424579
5795 1.10904480123725
5795 3.15538207884799
5795 0
5795 1.85163671440019
5795 0
5795 0
5795 17.6381030037949
5795 17.6381030037949
5795 0
5795 18.6549611010149
5795 18.6549611010149
5795 18.6549611010149
5795 3.76076972400077
5795 0
5795 0
5795 1285.81084668155
5795 1.34616454196809
5795 1.34616454196809
5795 11.2910270732453
5795 11.2910270732453
5795 0.875909667227947
5795 0.875909667227947
5795 0.875909667227947
5795 1.51311949884602
5795 1.51311949884602
5795 1.51311949884602
5795 0.828909162377501
5794 0
5794 69.9433891954124
5794 69.9433891954124
5794 69.9433891954124
5794 69.9433891954124
5794 0
5794 5.75741579461839
5794 5.75741579461839
5794 23.5016130819354
5794 23.5016130819354
5794 23.5016130819354
5794 0
5794 1.61330353878904
5794 8.45574734288064
5794 8.45574734288064
5794 8.45574734288064
5794 0.97936457695096
5794 0.426603209424579
5794 1.10904480123725
5794 3.15538207884799
5794 0
5794 1.85163671440019
5794 0
5794 0
5794 17.6381030037949
5794 17.6381030037949
5794 0
5794 18.6549611010149
5794 18.6549611010149
5794 18.6549611010149
5794 3.76076972400077
5794 0
5794 0
5794 1285.81084668155
5794 1.34616454196809
5794 1.34616454196809
5794 11.2910270732453
5794 11.2910270732453
5794 0.875909667227947
5794 0.875909667227947
5794 0.875909667227947
5794 1.51311949884602
5794 1.51311949884602
5794 1.51311949884602
5794 0.828909162377501
5887 0
5887 69.9433891954124
5887 69.9433891954124
5887 69.9433891954124
5887 69.9433891954124
5887 0
5887 5.75741579461839
5887 5.75741579461839
5887 23.5016130819354
5887 23.5016130819354
5887 23.5016130819354
5887 0
5887 1.61330353878904
5887 8.45574734288064
5887 8.45574734288064
5887 8.45574734288064
5887 0.97936457695096
5887 0.426603209424579
5887 1.10904480123725
5887 3.15538207884799
5887 0
5887 1.85163671440019
5887 0
5887 0
5887 17.6381030037949
5887 17.6381030037949
5887 0
5887 18.6549611010149
5887 18.6549611010149
5887 18.6549611010149
5887 3.76076972400077
5887 0
5887 0
5887 1285.81084668155
5887 1.34616454196809
5887 1.34616454196809
5887 11.2910270732453
5887 11.2910270732453
5887 0.875909667227947
5887 0.875909667227947
5887 0.875909667227947
5887 1.51311949884602
5887 1.51311949884602
5887 1.51311949884602
5887 0.828909162377501
5885 0
5885 69.9433891954124
5885 69.9433891954124
5885 69.9433891954124
5885 69.9433891954124
5885 0
5885 5.75741579461839
5885 5.75741579461839
5885 23.5016130819354
5885 23.5016130819354
5885 23.5016130819354
5885 0
5885 1.61330353878904
5885 8.45574734288064
5885 8.45574734288064
5885 8.45574734288064
5885 0.97936457695096
5885 0.426603209424579
5885 1.10904480123725
5885 3.15538207884799
5885 0
5885 1.85163671440019
5885 0
5885 0
5885 17.6381030037949
5885 17.6381030037949
5885 0
5885 18.6549611010149
5885 18.6549611010149
5885 18.6549611010149
5885 3.76076972400077
5885 0
5885 0
5885 1285.81084668155
5885 1.34616454196809
5885 1.34616454196809
5885 11.2910270732453
5885 11.2910270732453
5885 0.875909667227947
5885 0.875909667227947
5885 0.875909667227947
5885 1.51311949884602
5885 1.51311949884602
5885 1.51311949884602
5885 0.828909162377501
5984 0
5984 69.9433891954124
5984 69.9433891954124
5984 69.9433891954124
5984 69.9433891954124
5984 0
5984 5.75741579461839
5984 5.75741579461839
5984 23.5016130819354
5984 23.5016130819354
5984 23.5016130819354
5984 0
5984 1.61330353878904
5984 8.45574734288064
5984 8.45574734288064
5984 8.45574734288064
5984 0.97936457695096
5984 0.426603209424579
5984 1.10904480123725
5984 3.15538207884799
5984 0
5984 1.85163671440019
5984 0
5984 0
5984 17.6381030037949
5984 17.6381030037949
5984 0
5984 18.6549611010149
5984 18.6549611010149
5984 18.6549611010149
5984 3.76076972400077
5984 0
5984 0
5984 1285.81084668155
5984 1.34616454196809
5984 1.34616454196809
5984 11.2910270732453
5984 11.2910270732453
5984 0.875909667227947
5984 0.875909667227947
5984 0.875909667227947
5984 1.51311949884602
5984 1.51311949884602
5984 1.51311949884602
5984 0.828909162377501
