pt_graph scale
4274 0
4274 52.4575418965593
4274 52.4575418965593
4274 52.4575418965593
4274 52.4575418965593
4274 0
4274 4.31806184596379
4274 4.31806184596379
4274 17.6262098114515
4274 17.6262098114515
4274 17.6262098114515
4274 0
4274 1.20997765409178
4274 6.34181050716048
4274 6.34181050716048
4274 6.34181050716048
4274 0.73452343271322
4274 0.319952407068434
4274 0.831783600927938
4274 2.36653655913599
4274 0
4274 1.38872753580014
4274 0
4274 0
4274 13.2285772528462
4274 13.2285772528462
4274 0
4274 13.9912208257612
4274 13.9912208257612
4274 13.9912208257612
4274 2.82057729300058
4274 0
4274 0
4274 964.358135011162
4274 1.00962340647607
4274 1.00962340647607
4274 8.46827030493397
4274 8.46827030493397
4274 0.65693225042096
4274 0.65693225042096
4274 0.65693225042096
4274 1.13483962413451
4274 1.13483962413451
4274 1.13483962413451
4274 0.621681871783126
4269 0
4269 52.4575418965593
4269 52.4575418965593
4269 52.4575418965593
4269 52.4575418965593
4269 0
4269 4.31806184596379
4269 4.31806184596379
4269 17.6262098114515
4269 17.6262098114515
4269 17.6262098114515
4269 0
4269 1.20997765409178
4269 6.34181050716048
4269 6.34181050716048
4269 6.34181050716048
4269 0.73452343271322
4269 0.319952407068434
4269 0.831783600927938
4269 2.36653655913599
4269 0
4269 1.38872753580014
4269 0
4269 0
4269 13.2285772528462
4269 13.2285772528462
4269 0
4269 13.9912208257612
4269 13.9912208257612
4269 13.9912208257612
4269 2.82057729300058
4269 0
4269 0
4269 964.358135011162
4269 1.00962340647607
4269 1.00962340647607
4269 8.46827030493397
4269 8.46827030493397
4269 0.65693225042096
4269 0.65693225042096
4269 0.65693225042096
4269 1.13483962413451
4269 1.13483962413451
4269 1.13483962413451
4269 0.621681871783126
4356 0
4356 52.4575418965593
4356 52.4575418965593
4356 52.4575418965593
4356 52.4575418965593
4356 0
4356 4.31806184596379
4356 4.31806184596379
4356 17.6262098114515
4356 17.6262098114515
4356 17.6262098114515
4356 0
4356 1.20997765409178
4356 6.34181050716048
4356 6.34181050716048
4356 6.34181050716048
4356 0.73452343271322
4356 0.319952407068434
4356 0.831783600927938
4356 2.36653655913599
4356 0
4356 1.38872753580014
4356 0
4356 0
4356 13.2285772528462
4356 13.2285772528462
4356 0
4356 13.9912208257612
4356 13.9912208257612
4356 13.9912208257612
4356 2.82057729300058
4356 0
4356 0
4356 964.358135011162
4356 1.00962340647607
4356 1.00962340647607
4356 8.46827030493397
4356 8.46827030493397
4356 0.65693225042096
4356 0.65693225042096
4356 0.65693225042096
4356 1.13483962413451
4356 1.13483962413451
4356 1.13483962413451
4356 0.621681871783126
4544 0
4544 52.4575418965593
4544 52.4575418965593
4544 52.4575418965593
4544 52.4575418965593
4544 0
4544 4.31806184596379
4544 4.31806184596379
4544 17.6262098114515
4544 17.6262098114515
4544 17.6262098114515
4544 0
4544 1.20997765409178
4544 6.34181050716048
4544 6.34181050716048
4544 6.34181050716048
4544 0.73452343271322
4544 0.319952407068434
4544 0.831783600927938
4544 2.36653655913599
4544 0
4544 1.38872753580014
4544 0
4544 0
4544 13.2285772528462
4544 13.2285772528462
4544 0
4544 13.9912208257612
4544 13.9912208257612
4544 13.9912208257612
4544 2.82057729300058
4544 0
4544 0
4544 964.358135011162
4544 1.00962340647607
4544 1.00962340647607
4544 8.46827030493397
4544 8.46827030493397
4544 0.65693225042096
4544 0.65693225042096
4544 0.65693225042096
4544 1.13483962413451
4544 1.13483962413451
4544 1.13483962413451
4544 0.621681871783126
4824 0
4824 52.4575418965593
4824 52.4575418965593
4824 52.4575418965593
4824 52.4575418965593
4824 0
4824 4.31806184596379
4824 4.31806184596379
4824 17.6262098114515
4824 17.6262098114515
4824 17.6262098114515
4824 0
4824 1.20997765409178
4824 6.34181050716048
4824 6.34181050716048
4824 6.34181050716048
4824 0.73452343271322
4824 0.319952407068434
4824 0.831783600927938
4824 2.36653655913599
4824 0
4824 1.38872753580014
4824 0
4824 0
4824 13.2285772528462
4824 13.2285772528462
4824 0
4824 13.9912208257612
4824 13.9912208257612
4824 13.9912208257612
4824 2.82057729300058
4824 0
4824 0
4824 964.358135011162
4824 1.00962340647607
4824 1.00962340647607
4824 8.46827030493397
4824 8.46827030493397
4824 0.65693225042096
4824 0.65693225042096
4824 0.65693225042096
4824 1.13483962413451
4824 1.13483962413451
4824 1.13483962413451
4824 0.621681871783126
5180 0
5180 52.4575418965593
5180 52.4575418965593
5180 52.4575418965593
5180 52.4575418965593
5180 0
5180 4.31806184596379
5180 4.31806184596379
5180 17.6262098114515
5180 17.6262098114515
5180 17.6262098114515
5180 0
5180 1.20997765409178
5180 6.34181050716048
5180 6.34181050716048
5180 6.34181050716048
5180 0.73452343271322
5180 0.319952407068434
5180 0.831783600927938
5180 2.36653655913599
5180 0
5180 1.38872753580014
5180 0
5180 0
5180 13.2285772528462
5180 13.2285772528462
5180 0
5180 13.9912208257612
5180 13.9912208257612
5180 13.9912208257612
5180 2.82057729300058
5180 0
5180 0
5180 964.358135011162
5180 1.00962340647607
5180 1.00962340647607
5180 8.46827030493397
5180 8.46827030493397
5180 0.65693225042096
5180 0.65693225042096
5180 0.65693225042096
5180 1.13483962413451
5180 1.13483962413451
5180 1.13483962413451
5180 0.621681871783126
5356 0
5356 52.4575418965593
5356 52.4575418965593
5356 52.4575418965593
5356 52.4575418965593
5356 0
5356 4.31806184596379
5356 4.31806184596379
5356 17.6262098114515
5356 17.6262098114515
5356 17.6262098114515
5356 0
5356 1.20997765409178
5356 6.34181050716048
5356 6.34181050716048
5356 6.34181050716048
5356 0.73452343271322
5356 0.319952407068434
5356 0.831783600927938
5356 2.36653655913599
5356 0
5356 1.38872753580014
5356 0
5356 0
5356 13.2285772528462
5356 13.2285772528462
5356 0
5356 13.9912208257612
5356 13.9912208257612
5356 13.9912208257612
5356 2.82057729300058
5356 0
5356 0
5356 964.358135011162
5356 1.00962340647607
5356 1.00962340647607
5356 8.46827030493397
5356 8.46827030493397
5356 0.65693225042096
5356 0.65693225042096
5356 0.65693225042096
5356 1.13483962413451
5356 1.13483962413451
5356 1.13483962413451
5356 0.621681871783126
5355 0
5355 52.4575418965593
5355 52.4575418965593
5355 52.4575418965593
5355 52.4575418965593
5355 0
5355 4.31806184596379
5355 4.31806184596379
5355 17.6262098114515
5355 17.6262098114515
5355 17.6262098114515
5355 0
5355 1.20997765409178
5355 6.34181050716048
5355 6.34181050716048
5355 6.34181050716048
5355 0.73452343271322
5355 0.319952407068434
5355 0.831783600927938
5355 2.36653655913599
5355 0
5355 1.38872753580014
5355 0
5355 0
5355 13.2285772528462
5355 13.2285772528462
5355 0
5355 13.9912208257612
5355 13.9912208257612
5355 13.9912208257612
5355 2.82057729300058
5355 0
5355 0
5355 964.358135011162
5355 1.00962340647607
5355 1.00962340647607
5355 8.46827030493397
5355 8.46827030493397
5355 0.65693225042096
5355 0.65693225042096
5355 0.65693225042096
5355 1.13483962413451
5355 1.13483962413451
5355 1.13483962413451
5355 0.621681871783126
5523 0
5523 52.4575418965593
5523 52.4575418965593
5523 52.4575418965593
5523 52.4575418965593
5523 0
5523 4.31806184596379
5523 4.31806184596379
5523 17.6262098114515
5523 17.6262098114515
5523 17.6262098114515
5523 0
5523 1.20997765409178
5523 6.34181050716048
5523 6.34181050716048
5523 6.34181050716048
5523 0.73452343271322
5523 0.319952407068434
5523 0.831783600927938
5523 2.36653655913599
5523 0
5523 1.38872753580014
5523 0
5523 0
5523 13.2285772528462
5523 13.2285772528462
5523 0
5523 13.9912208257612
5523 13.9912208257612
5523 13.9912208257612
5523 2.82057729300058
5523 0
5523 0
5523 964.358135011162
5523 1.00962340647607
5523 1.00962340647607
5523 8.46827030493397
5523 8.46827030493397
5523 0.65693225042096
5523 0.65693225042096
5523 0.65693225042096
5523 1.13483962413451
5523 1.13483962413451
5523 1.13483962413451
5523 0.621681871783126
5614 0
5614 52.4575418965593
5614 52.4575418965593
5614 52.4575418965593
5614 52.4575418965593
5614 0
5614 4.31806184596379
5614 4.31806184596379
5614 17.6262098114515
5614 17.6262098114515
5614 17.6262098114515
5614 0
5614 1.20997765409178
5614 6.34181050716048
5614 6.34181050716048
5614 6.34181050716048
5614 0.73452343271322
5614 0.319952407068434
5614 0.831783600927938
5614 2.36653655913599
5614 0
5614 1.38872753580014
5614 0
5614 0
5614 13.2285772528462
5614 13.2285772528462
5614 0
5614 13.9912208257612
5614 13.9912208257612
5614 13.9912208257612
5614 2.82057729300058
5614 0
5614 0
5614 964.358135011162
5614 1.00962340647607
5614 1.00962340647607
5614 8.46827030493397
5614 8.46827030493397
5614 0.65693225042096
5614 0.65693225042096
5614 0.65693225042096
5614 1.13483962413451
5614 1.13483962413451
5614 1.13483962413451
5614 0.621681871783126
5610 0
5610 52.4575418965593
5610 52.4575418965593
5610 52.4575418965593
5610 52.4575418965593
5610 0
5610 4.31806184596379
5610 4.31806184596379
5610 17.6262098114515
5610 17.6262098114515
5610 17.6262098114515
5610 0
5610 1.20997765409178
5610 6.34181050716048
5610 6.34181050716048
5610 6.34181050716048
5610 0.73452343271322
5610 0.319952407068434
5610 0.831783600927938
5610 2.36653655913599
5610 0
5610 1.38872753580014
5610 0
5610 0
5610 13.2285772528462
5610 13.2285772528462
5610 0
5610 13.9912208257612
5610 13.9912208257612
5610 13.9912208257612
5610 2.82057729300058
5610 0
5610 0
5610 964.358135011162
5610 1.00962340647607
5610 1.00962340647607
5610 8.46827030493397
5610 8.46827030493397
5610 0.65693225042096
5610 0.65693225042096
5610 0.65693225042096
5610 1.13483962413451
5610 1.13483962413451
5610 1.13483962413451
5610 0.621681871783126
5792 0
5792 52.4575418965593
5792 52.4575418965593
5792 52.4575418965593
5792 52.4575418965593
5792 0
5792 4.31806184596379
5792 4.31806184596379
5792 17.6262098114515
5792 17.6262098114515
5792 17.6262098114515
5792 0
5792 1.20997765409178
5792 6.34181050716048
5792 6.34181050716048
5792 6.34181050716048
5792 0.73452343271322
5792 0.319952407068434
5792 0.831783600927938
5792 2.36653655913599
5792 0
5792 1.38872753580014
5792 0
5792 0
5792 13.2285772528462
5792 13.2285772528462
5792 0
5792 13.9912208257612
5792 13.9912208257612
5792 13.9912208257612
5792 2.82057729300058
5792 0
5792 0
5792 964.358135011162
5792 1.00962340647607
5792 1.00962340647607
5792 8.46827030493397
5792 8.46827030493397
5792 0.65693225042096
5792 0.65693225042096
5792 0.65693225042096
5792 1.13483962413451
5792 1.13483962413451
5792 1.13483962413451
5792 0.621681871783126
5887 0
5887 52.4575418965593
5887 52.4575418965593
5887 52.4575418965593
5887 52.4575418965593
5887 0
5887 4.31806184596379
5887 4.31806184596379
5887 17.6262098114515
5887 17.6262098114515
5887 17.6262098114515
5887 0
5887 1.20997765409178
5887 6.34181050716048
5887 6.34181050716048
5887 6.34181050716048
5887 0.73452343271322
5887 0.319952407068434
5887 0.831783600927938
5887 2.36653655913599
5887 0
5887 1.38872753580014
5887 0
5887 0
5887 13.2285772528462
5887 13.2285772528462
5887 0
5887 13.9912208257612
5887 13.9912208257612
5887 13.9912208257612
5887 2.82057729300058
5887 0
5887 0
5887 964.358135011162
5887 1.00962340647607
5887 1.00962340647607
5887 8.46827030493397
5887 8.46827030493397
5887 0.65693225042096
5887 0.65693225042096
5887 0.65693225042096
5887 1.13483962413451
5887 1.13483962413451
5887 1.13483962413451
5887 0.621681871783126
5885 0
5885 52.4575418965593
5885 52.4575418965593
5885 52.4575418965593
5885 52.4575418965593
5885 0
5885 4.31806184596379
5885 4.31806184596379
5885 17.6262098114515
5885 17.6262098114515
5885 17.6262098114515
5885 0
5885 1.20997765409178
5885 6.34181050716048
5885 6.34181050716048
5885 6.34181050716048
5885 0.73452343271322
5885 0.319952407068434
5885 0.831783600927938
5885 2.36653655913599
5885 0
5885 1.38872753580014
5885 0
5885 0
5885 13.2285772528462
5885 13.2285772528462
5885 0
5885 13.9912208257612
5885 13.9912208257612
5885 13.9912208257612
5885 2.82057729300058
5885 0
5885 0
5885 964.358135011162
5885 1.00962340647607
5885 1.00962340647607
5885 8.46827030493397
5885 8.46827030493397
5885 0.65693225042096
5885 0.65693225042096
5885 0.65693225042096
5885 1.13483962413451
5885 1.13483962413451
5885 1.13483962413451
5885 0.621681871783126
5784 0
5784 52.4575418965593
5784 52.4575418965593
5784 52.4575418965593
5784 52.4575418965593
5784 0
5784 4.31806184596379
5784 4.31806184596379
5784 17.6262098114515
5784 17.6262098114515
5784 17.6262098114515
5784 0
5784 1.20997765409178
5784 6.34181050716048
5784 6.34181050716048
5784 6.34181050716048
5784 0.73452343271322
5784 0.319952407068434
5784 0.831783600927938
5784 2.36653655913599
5784 0
5784 1.38872753580014
5784 0
5784 0
5784 13.2285772528462
5784 13.2285772528462
5784 0
5784 13.9912208257612
5784 13.9912208257612
5784 13.9912208257612
5784 2.82057729300058
5784 0
5784 0
5784 964.358135011162
5784 1.00962340647607
5784 1.00962340647607
5784 8.46827030493397
5784 8.46827030493397
5784 0.65693225042096
5784 0.65693225042096
5784 0.65693225042096
5784 1.13483962413451
5784 1.13483962413451
5784 1.13483962413451
5784 0.621681871783126
5879 0
5879 52.4575418965593
5879 52.4575418965593
5879 52.4575418965593
5879 52.4575418965593
5879 0
5879 4.31806184596379
5879 4.31806184596379
5879 17.6262098114515
5879 17.6262098114515
5879 17.6262098114515
5879 0
5879 1.20997765409178
5879 6.34181050716048
5879 6.34181050716048
5879 6.34181050716048
5879 0.73452343271322
5879 0.319952407068434
5879 0.831783600927938
5879 2.36653655913599
5879 0
5879 1.38872753580014
5879 0
5879 0
5879 13.2285772528462
5879 13.2285772528462
5879 0
5879 13.9912208257612
5879 13.9912208257612
5879 13.9912208257612
5879 2.82057729300058
5879 0
5879 0
5879 964.358135011162
5879 1.00962340647607
5879 1.00962340647607
5879 8.46827030493397
5879 8.46827030493397
5879 0.65693225042096
5879 0.65693225042096
5879 0.65693225042096
5879 1.13483962413451
5879 1.13483962413451
5879 1.13483962413451
5879 0.621681871783126
5982 0
5982 52.4575418965593
5982 52.4575418965593
5982 52.4575418965593
5982 52.4575418965593
5982 0
5982 4.31806184596379
5982 4.31806184596379
5982 17.6262098114515
5982 17.6262098114515
5982 17.6262098114515
5982 0
5982 1.20997765409178
5982 6.34181050716048
5982 6.34181050716048
5982 6.34181050716048
5982 0.73452343271322
5982 0.319952407068434
5982 0.831783600927938
5982 2.36653655913599
5982 0
5982 1.38872753580014
5982 0
5982 0
5982 13.2285772528462
5982 13.2285772528462
5982 0
5982 13.9912208257612
5982 13.9912208257612
5982 13.9912208257612
5982 2.82057729300058
5982 0
5982 0
5982 964.358135011162
5982 1.00962340647607
5982 1.00962340647607
5982 8.46827030493397
5982 8.46827030493397
5982 0.65693225042096
5982 0.65693225042096
5982 0.65693225042096
5982 1.13483962413451
5982 1.13483962413451
5982 1.13483962413451
5982 0.621681871783126
5976 0
5976 52.4575418965593
5976 52.4575418965593
5976 52.4575418965593
5976 52.4575418965593
5976 0
5976 4.31806184596379
5976 4.31806184596379
5976 17.6262098114515
5976 17.6262098114515
5976 17.6262098114515
5976 0
5976 1.20997765409178
5976 6.34181050716048
5976 6.34181050716048
5976 6.34181050716048
5976 0.73452343271322
5976 0.319952407068434
5976 0.831783600927938
5976 2.36653655913599
5976 0
5976 1.38872753580014
5976 0
5976 0
5976 13.2285772528462
5976 13.2285772528462
5976 0
5976 13.9912208257612
5976 13.9912208257612
5976 13.9912208257612
5976 2.82057729300058
5976 0
5976 0
5976 964.358135011162
5976 1.00962340647607
5976 1.00962340647607
5976 8.46827030493397
5976 8.46827030493397
5976 0.65693225042096
5976 0.65693225042096
5976 0.65693225042096
5976 1.13483962413451
5976 1.13483962413451
5976 1.13483962413451
5976 0.621681871783126
6080 0
6080 52.4575418965593
6080 52.4575418965593
6080 52.4575418965593
6080 52.4575418965593
6080 0
6080 4.31806184596379
6080 4.31806184596379
6080 17.6262098114515
6080 17.6262098114515
6080 17.6262098114515
6080 0
6080 1.20997765409178
6080 6.34181050716048
6080 6.34181050716048
6080 6.34181050716048
6080 0.73452343271322
6080 0.319952407068434
6080 0.831783600927938
6080 2.36653655913599
6080 0
6080 1.38872753580014
6080 0
6080 0
6080 13.2285772528462
6080 13.2285772528462
6080 0
6080 13.9912208257612
6080 13.9912208257612
6080 13.9912208257612
6080 2.82057729300058
6080 0
6080 0
6080 964.358135011162
6080 1.00962340647607
6080 1.00962340647607
6080 8.46827030493397
6080 8.46827030493397
6080 0.65693225042096
6080 0.65693225042096
6080 0.65693225042096
6080 1.13483962413451
6080 1.13483962413451
6080 1.13483962413451
6080 0.621681871783126
6188 0
6188 52.4575418965593
6188 52.4575418965593
6188 52.4575418965593
6188 52.4575418965593
6188 0
6188 4.31806184596379
6188 4.31806184596379
6188 17.6262098114515
6188 17.6262098114515
6188 17.6262098114515
6188 0
6188 1.20997765409178
6188 6.34181050716048
6188 6.34181050716048
6188 6.34181050716048
6188 0.73452343271322
6188 0.319952407068434
6188 0.831783600927938
6188 2.36653655913599
6188 0
6188 1.38872753580014
6188 0
6188 0
6188 13.2285772528462
6188 13.2285772528462
6188 0
6188 13.9912208257612
6188 13.9912208257612
6188 13.9912208257612
6188 2.82057729300058
6188 0
6188 0
6188 964.358135011162
6188 1.00962340647607
6188 1.00962340647607
6188 8.46827030493397
6188 8.46827030493397
6188 0.65693225042096
6188 0.65693225042096
6188 0.65693225042096
6188 1.13483962413451
6188 1.13483962413451
6188 1.13483962413451
6188 0.621681871783126
6079 0
6079 52.4575418965593
6079 52.4575418965593
6079 52.4575418965593
6079 52.4575418965593
6079 0
6079 4.31806184596379
6079 4.31806184596379
6079 17.6262098114515
6079 17.6262098114515
6079 17.6262098114515
6079 0
6079 1.20997765409178
6079 6.34181050716048
6079 6.34181050716048
6079 6.34181050716048
6079 0.73452343271322
6079 0.319952407068434
6079 0.831783600927938
6079 2.36653655913599
6079 0
6079 1.38872753580014
6079 0
6079 0
6079 13.2285772528462
6079 13.2285772528462
6079 0
6079 13.9912208257612
6079 13.9912208257612
6079 13.9912208257612
6079 2.82057729300058
6079 0
6079 0
6079 964.358135011162
6079 1.00962340647607
6079 1.00962340647607
6079 8.46827030493397
6079 8.46827030493397
6079 0.65693225042096
6079 0.65693225042096
6079 0.65693225042096
6079 1.13483962413451
6079 1.13483962413451
6079 1.13483962413451
6079 0.621681871783126
6186 0
6186 52.4575418965593
6186 52.4575418965593
6186 52.4575418965593
6186 52.4575418965593
6186 0
6186 4.31806184596379
6186 4.31806184596379
6186 17.6262098114515
6186 17.6262098114515
6186 17.6262098114515
6186 0
6186 1.20997765409178
6186 6.34181050716048
6186 6.34181050716048
6186 6.34181050716048
6186 0.73452343271322
6186 0.319952407068434
6186 0.831783600927938
6186 2.36653655913599
6186 0
6186 1.38872753580014
6186 0
6186 0
6186 13.2285772528462
6186 13.2285772528462
6186 0
6186 13.9912208257612
6186 13.9912208257612
6186 13.9912208257612
6186 2.82057729300058
6186 0
6186 0
6186 964.358135011162
6186 1.00962340647607
6186 1.00962340647607
6186 8.46827030493397
6186 8.46827030493397
6186 0.65693225042096
6186 0.65693225042096
6186 0.65693225042096
6186 1.13483962413451
6186 1.13483962413451
6186 1.13483962413451
6186 0.621681871783126
6180 0
6180 52.4575418965593
6180 52.4575418965593
6180 52.4575418965593
6180 52.4575418965593
6180 0
6180 4.31806184596379
6180 4.31806184596379
6180 17.6262098114515
6180 17.6262098114515
6180 17.6262098114515
6180 0
6180 1.20997765409178
6180 6.34181050716048
6180 6.34181050716048
6180 6.34181050716048
6180 0.73452343271322
6180 0.319952407068434
6180 0.831783600927938
6180 2.36653655913599
6180 0
6180 1.38872753580014
6180 0
6180 0
6180 13.2285772528462
6180 13.2285772528462
6180 0
6180 13.9912208257612
6180 13.9912208257612
6180 13.9912208257612
6180 2.82057729300058
6180 0
6180 0
6180 964.358135011162
6180 1.00962340647607
6180 1.00962340647607
6180 8.46827030493397
6180 8.46827030493397
6180 0.65693225042096
6180 0.65693225042096
6180 0.65693225042096
6180 1.13483962413451
6180 1.13483962413451
6180 1.13483962413451
6180 0.621681871783126
6179 0
6179 52.4575418965593
6179 52.4575418965593
6179 52.4575418965593
6179 52.4575418965593
6179 0
6179 4.31806184596379
6179 4.31806184596379
6179 17.6262098114515
6179 17.6262098114515
6179 17.6262098114515
6179 0
6179 1.20997765409178
6179 6.34181050716048
6179 6.34181050716048
6179 6.34181050716048
6179 0.73452343271322
6179 0.319952407068434
6179 0.831783600927938
6179 2.36653655913599
6179 0
6179 1.38872753580014
6179 0
6179 0
6179 13.2285772528462
6179 13.2285772528462
6179 0
6179 13.9912208257612
6179 13.9912208257612
6179 13.9912208257612
6179 2.82057729300058
6179 0
6179 0
6179 964.358135011162
6179 1.00962340647607
6179 1.00962340647607
6179 8.46827030493397
6179 8.46827030493397
6179 0.65693225042096
6179 0.65693225042096
6179 0.65693225042096
6179 1.13483962413451
6179 1.13483962413451
6179 1.13483962413451
6179 0.621681871783126
6178 0
6178 52.4575418965593
6178 52.4575418965593
6178 52.4575418965593
6178 52.4575418965593
6178 0
6178 4.31806184596379
6178 4.31806184596379
6178 17.6262098114515
6178 17.6262098114515
6178 17.6262098114515
6178 0
6178 1.20997765409178
6178 6.34181050716048
6178 6.34181050716048
6178 6.34181050716048
6178 0.73452343271322
6178 0.319952407068434
6178 0.831783600927938
6178 2.36653655913599
6178 0
6178 1.38872753580014
6178 0
6178 0
6178 13.2285772528462
6178 13.2285772528462
6178 0
6178 13.9912208257612
6178 13.9912208257612
6178 13.9912208257612
6178 2.82057729300058
6178 0
6178 0
6178 964.358135011162
6178 1.00962340647607
6178 1.00962340647607
6178 8.46827030493397
6178 8.46827030493397
6178 0.65693225042096
6178 0.65693225042096
6178 0.65693225042096
6178 1.13483962413451
6178 1.13483962413451
6178 1.13483962413451
6178 0.621681871783126
6177 0
6177 52.4575418965593
6177 52.4575418965593
6177 52.4575418965593
6177 52.4575418965593
6177 0
6177 4.31806184596379
6177 4.31806184596379
6177 17.6262098114515
6177 17.6262098114515
6177 17.6262098114515
6177 0
6177 1.20997765409178
6177 6.34181050716048
6177 6.34181050716048
6177 6.34181050716048
6177 0.73452343271322
6177 0.319952407068434
6177 0.831783600927938
6177 2.36653655913599
6177 0
6177 1.38872753580014
6177 0
6177 0
6177 13.2285772528462
6177 13.2285772528462
6177 0
6177 13.9912208257612
6177 13.9912208257612
6177 13.9912208257612
6177 2.82057729300058
6177 0
6177 0
6177 964.358135011162
6177 1.00962340647607
6177 1.00962340647607
6177 8.46827030493397
6177 8.46827030493397
6177 0.65693225042096
6177 0.65693225042096
6177 0.65693225042096
6177 1.13483962413451
6177 1.13483962413451
6177 1.13483962413451
6177 0.621681871783126
6175 0
6175 52.4575418965593
6175 52.4575418965593
6175 52.4575418965593
6175 52.4575418965593
6175 0
6175 4.31806184596379
6175 4.31806184596379
6175 17.6262098114515
6175 17.6262098114515
6175 17.6262098114515
6175 0
6175 1.20997765409178
6175 6.34181050716048
6175 6.34181050716048
6175 6.34181050716048
6175 0.73452343271322
6175 0.319952407068434
6175 0.831783600927938
6175 2.36653655913599
6175 0
6175 1.38872753580014
6175 0
6175 0
6175 13.2285772528462
6175 13.2285772528462
6175 0
6175 13.9912208257612
6175 13.9912208257612
6175 13.9912208257612
6175 2.82057729300058
6175 0
6175 0
6175 964.358135011162
6175 1.00962340647607
6175 1.00962340647607
6175 8.46827030493397
6175 8.46827030493397
6175 0.65693225042096
6175 0.65693225042096
6175 0.65693225042096
6175 1.13483962413451
6175 1.13483962413451
6175 1.13483962413451
6175 0.621681871783126
6174 0
6174 52.4575418965593
6174 52.4575418965593
6174 52.4575418965593
6174 52.4575418965593
6174 0
6174 4.31806184596379
6174 4.31806184596379
6174 17.6262098114515
6174 17.6262098114515
6174 17.6262098114515
6174 0
6174 1.20997765409178
6174 6.34181050716048
6174 6.34181050716048
6174 6.34181050716048
6174 0.73452343271322
6174 0.319952407068434
6174 0.831783600927938
6174 2.36653655913599
6174 0
6174 1.38872753580014
6174 0
6174 0
6174 13.2285772528462
6174 13.2285772528462
6174 0
6174 13.9912208257612
6174 13.9912208257612
6174 13.9912208257612
6174 2.82057729300058
6174 0
6174 0
6174 964.358135011162
6174 1.00962340647607
6174 1.00962340647607
6174 8.46827030493397
6174 8.46827030493397
6174 0.65693225042096
6174 0.65693225042096
6174 0.65693225042096
6174 1.13483962413451
6174 1.13483962413451
6174 1.13483962413451
6174 0.621681871783126
6274 0
6274 52.4575418965593
6274 52.4575418965593
6274 52.4575418965593
6274 52.4575418965593
6274 0
6274 4.31806184596379
6274 4.31806184596379
6274 17.6262098114515
6274 17.6262098114515
6274 17.6262098114515
6274 0
6274 1.20997765409178
6274 6.34181050716048
6274 6.34181050716048
6274 6.34181050716048
6274 0.73452343271322
6274 0.319952407068434
6274 0.831783600927938
6274 2.36653655913599
6274 0
6274 1.38872753580014
6274 0
6274 0
6274 13.2285772528462
6274 13.2285772528462
6274 0
6274 13.9912208257612
6274 13.9912208257612
6274 13.9912208257612
6274 2.82057729300058
6274 0
6274 0
6274 964.358135011162
6274 1.00962340647607
6274 1.00962340647607
6274 8.46827030493397
6274 8.46827030493397
6274 0.65693225042096
6274 0.65693225042096
6274 0.65693225042096
6274 1.13483962413451
6274 1.13483962413451
6274 1.13483962413451
6274 0.621681871783126
6270 0
6270 52.4575418965593
6270 52.4575418965593
6270 52.4575418965593
6270 52.4575418965593
6270 0
6270 4.31806184596379
6270 4.31806184596379
6270 17.6262098114515
6270 17.6262098114515
6270 17.6262098114515
6270 0
6270 1.20997765409178
6270 6.34181050716048
6270 6.34181050716048
6270 6.34181050716048
6270 0.73452343271322
6270 0.319952407068434
6270 0.831783600927938
6270 2.36653655913599
6270 0
6270 1.38872753580014
6270 0
6270 0
6270 13.2285772528462
6270 13.2285772528462
6270 0
6270 13.9912208257612
6270 13.9912208257612
6270 13.9912208257612
6270 2.82057729300058
6270 0
6270 0
6270 964.358135011162
6270 1.00962340647607
6270 1.00962340647607
6270 8.46827030493397
6270 8.46827030493397
6270 0.65693225042096
6270 0.65693225042096
6270 0.65693225042096
6270 1.13483962413451
6270 1.13483962413451
6270 1.13483962413451
6270 0.621681871783126
6268 0
6268 52.4575418965593
6268 52.4575418965593
6268 52.4575418965593
6268 52.4575418965593
6268 0
6268 4.31806184596379
6268 4.31806184596379
6268 17.6262098114515
6268 17.6262098114515
6268 17.6262098114515
6268 0
6268 1.20997765409178
6268 6.34181050716048
6268 6.34181050716048
6268 6.34181050716048
6268 0.73452343271322
6268 0.319952407068434
6268 0.831783600927938
6268 2.36653655913599
6268 0
6268 1.38872753580014
6268 0
6268 0
6268 13.2285772528462
6268 13.2285772528462
6268 0
6268 13.9912208257612
6268 13.9912208257612
6268 13.9912208257612
6268 2.82057729300058
6268 0
6268 0
6268 964.358135011162
6268 1.00962340647607
6268 1.00962340647607
6268 8.46827030493397
6268 8.46827030493397
6268 0.65693225042096
6268 0.65693225042096
6268 0.65693225042096
6268 1.13483962413451
6268 1.13483962413451
6268 1.13483962413451
6268 0.621681871783126
6364 0
6364 52.4575418965593
6364 52.4575418965593
6364 52.4575418965593
6364 52.4575418965593
6364 0
6364 4.31806184596379
6364 4.31806184596379
6364 17.6262098114515
6364 17.6262098114515
6364 17.6262098114515
6364 0
6364 1.20997765409178
6364 6.34181050716048
6364 6.34181050716048
6364 6.34181050716048
6364 0.73452343271322
6364 0.319952407068434
6364 0.831783600927938
6364 2.36653655913599
6364 0
6364 1.38872753580014
6364 0
6364 0
6364 13.2285772528462
6364 13.2285772528462
6364 0
6364 13.9912208257612
6364 13.9912208257612
6364 13.9912208257612
6364 2.82057729300058
6364 0
6364 0
6364 964.358135011162
6364 1.00962340647607
6364 1.00962340647607
6364 8.46827030493397
6364 8.46827030493397
6364 0.65693225042096
6364 0.65693225042096
6364 0.65693225042096
6364 1.13483962413451
6364 1.13483962413451
6364 1.13483962413451
6364 0.621681871783126
6361 0
6361 52.4575418965593
6361 52.4575418965593
6361 52.4575418965593
6361 52.4575418965593
6361 0
6361 4.31806184596379
6361 4.31806184596379
6361 17.6262098114515
6361 17.6262098114515
6361 17.6262098114515
6361 0
6361 1.20997765409178
6361 6.34181050716048
6361 6.34181050716048
6361 6.34181050716048
6361 0.73452343271322
6361 0.319952407068434
6361 0.831783600927938
6361 2.36653655913599
6361 0
6361 1.38872753580014
6361 0
6361 0
6361 13.2285772528462
6361 13.2285772528462
6361 0
6361 13.9912208257612
6361 13.9912208257612
6361 13.9912208257612
6361 2.82057729300058
6361 0
6361 0
6361 964.358135011162
6361 1.00962340647607
6361 1.00962340647607
6361 8.46827030493397
6361 8.46827030493397
6361 0.65693225042096
6361 0.65693225042096
6361 0.65693225042096
6361 1.13483962413451
6361 1.13483962413451
6361 1.13483962413451
6361 0.621681871783126
6453 0
6453 52.4575418965593
6453 52.4575418965593
6453 52.4575418965593
6453 52.4575418965593
6453 0
6453 4.31806184596379
6453 4.31806184596379
6453 17.6262098114515
6453 17.6262098114515
6453 17.6262098114515
6453 0
6453 1.20997765409178
6453 6.34181050716048
6453 6.34181050716048
6453 6.34181050716048
6453 0.73452343271322
6453 0.319952407068434
6453 0.831783600927938
6453 2.36653655913599
6453 0
6453 1.38872753580014
6453 0
6453 0
6453 13.2285772528462
6453 13.2285772528462
6453 0
6453 13.9912208257612
6453 13.9912208257612
6453 13.9912208257612
6453 2.82057729300058
6453 0
6453 0
6453 964.358135011162
6453 1.00962340647607
6453 1.00962340647607
6453 8.46827030493397
6453 8.46827030493397
6453 0.65693225042096
6453 0.65693225042096
6453 0.65693225042096
6453 1.13483962413451
6453 1.13483962413451
6453 1.13483962413451
6453 0.621681871783126
6452 0
6452 52.4575418965593
6452 52.4575418965593
6452 52.4575418965593
6452 52.4575418965593
6452 0
6452 4.31806184596379
6452 4.31806184596379
6452 17.6262098114515
6452 17.6262098114515
6452 17.6262098114515
6452 0
6452 1.20997765409178
6452 6.34181050716048
6452 6.34181050716048
6452 6.34181050716048
6452 0.73452343271322
6452 0.319952407068434
6452 0.831783600927938
6452 2.36653655913599
6452 0
6452 1.38872753580014
6452 0
6452 0
6452 13.2285772528462
6452 13.2285772528462
6452 0
6452 13.9912208257612
6452 13.9912208257612
6452 13.9912208257612
6452 2.82057729300058
6452 0
6452 0
6452 964.358135011162
6452 1.00962340647607
6452 1.00962340647607
6452 8.46827030493397
6452 8.46827030493397
6452 0.65693225042096
6452 0.65693225042096
6452 0.65693225042096
6452 1.13483962413451
6452 1.13483962413451
6452 1.13483962413451
6452 0.621681871783126
6451 0
6451 52.4575418965593
6451 52.4575418965593
6451 52.4575418965593
6451 52.4575418965593
6451 0
6451 4.31806184596379
6451 4.31806184596379
6451 17.6262098114515
6451 17.6262098114515
6451 17.6262098114515
6451 0
6451 1.20997765409178
6451 6.34181050716048
6451 6.34181050716048
6451 6.34181050716048
6451 0.73452343271322
6451 0.319952407068434
6451 0.831783600927938
6451 2.36653655913599
6451 0
6451 1.38872753580014
6451 0
6451 0
6451 13.2285772528462
6451 13.2285772528462
6451 0
6451 13.9912208257612
6451 13.9912208257612
6451 13.9912208257612
6451 2.82057729300058
6451 0
6451 0
6451 964.358135011162
6451 1.00962340647607
6451 1.00962340647607
6451 8.46827030493397
6451 8.46827030493397
6451 0.65693225042096
6451 0.65693225042096
6451 0.65693225042096
6451 1.13483962413451
6451 1.13483962413451
6451 1.13483962413451
6451 0.621681871783126
6450 0
6450 52.4575418965593
6450 52.4575418965593
6450 52.4575418965593
6450 52.4575418965593
6450 0
6450 4.31806184596379
6450 4.31806184596379
6450 17.6262098114515
6450 17.6262098114515
6450 17.6262098114515
6450 0
6450 1.20997765409178
6450 6.34181050716048
6450 6.34181050716048
6450 6.34181050716048
6450 0.73452343271322
6450 0.319952407068434
6450 0.831783600927938
6450 2.36653655913599
6450 0
6450 1.38872753580014
6450 0
6450 0
6450 13.2285772528462
6450 13.2285772528462
6450 0
6450 13.9912208257612
6450 13.9912208257612
6450 13.9912208257612
6450 2.82057729300058
6450 0
6450 0
6450 964.358135011162
6450 1.00962340647607
6450 1.00962340647607
6450 8.46827030493397
6450 8.46827030493397
6450 0.65693225042096
6450 0.65693225042096
6450 0.65693225042096
6450 1.13483962413451
6450 1.13483962413451
6450 1.13483962413451
6450 0.621681871783126
6540 0
6540 52.4575418965593
6540 52.4575418965593
6540 52.4575418965593
6540 52.4575418965593
6540 0
6540 4.31806184596379
6540 4.31806184596379
6540 17.6262098114515
6540 17.6262098114515
6540 17.6262098114515
6540 0
6540 1.20997765409178
6540 6.34181050716048
6540 6.34181050716048
6540 6.34181050716048
6540 0.73452343271322
6540 0.319952407068434
6540 0.831783600927938
6540 2.36653655913599
6540 0
6540 1.38872753580014
6540 0
6540 0
6540 13.2285772528462
6540 13.2285772528462
6540 0
6540 13.9912208257612
6540 13.9912208257612
6540 13.9912208257612
6540 2.82057729300058
6540 0
6540 0
6540 964.358135011162
6540 1.00962340647607
6540 1.00962340647607
6540 8.46827030493397
6540 8.46827030493397
6540 0.65693225042096
6540 0.65693225042096
6540 0.65693225042096
6540 1.13483962413451
6540 1.13483962413451
6540 1.13483962413451
6540 0.621681871783126
6538 0
6538 52.4575418965593
6538 52.4575418965593
6538 52.4575418965593
6538 52.4575418965593
6538 0
6538 4.31806184596379
6538 4.31806184596379
6538 17.6262098114515
6538 17.6262098114515
6538 17.6262098114515
6538 0
6538 1.20997765409178
6538 6.34181050716048
6538 6.34181050716048
6538 6.34181050716048
6538 0.73452343271322
6538 0.319952407068434
6538 0.831783600927938
6538 2.36653655913599
6538 0
6538 1.38872753580014
6538 0
6538 0
6538 13.2285772528462
6538 13.2285772528462
6538 0
6538 13.9912208257612
6538 13.9912208257612
6538 13.9912208257612
6538 2.82057729300058
6538 0
6538 0
6538 964.358135011162
6538 1.00962340647607
6538 1.00962340647607
6538 8.46827030493397
6538 8.46827030493397
6538 0.65693225042096
6538 0.65693225042096
6538 0.65693225042096
6538 1.13483962413451
6538 1.13483962413451
6538 1.13483962413451
6538 0.621681871783126
6987 0
6987 52.4575418965593
6987 52.4575418965593
6987 52.4575418965593
6987 52.4575418965593
6987 0
6987 4.31806184596379
6987 4.31806184596379
6987 17.6262098114515
6987 17.6262098114515
6987 17.6262098114515
6987 0
6987 1.20997765409178
6987 6.34181050716048
6987 6.34181050716048
6987 6.34181050716048
6987 0.73452343271322
6987 0.319952407068434
6987 0.831783600927938
6987 2.36653655913599
6987 0
6987 1.38872753580014
6987 0
6987 0
6987 13.2285772528462
6987 13.2285772528462
6987 0
6987 13.9912208257612
6987 13.9912208257612
6987 13.9912208257612
6987 2.82057729300058
6987 0
6987 0
6987 964.358135011162
6987 1.00962340647607
6987 1.00962340647607
6987 8.46827030493397
6987 8.46827030493397
6987 0.65693225042096
6987 0.65693225042096
6987 0.65693225042096
6987 1.13483962413451
6987 1.13483962413451
6987 1.13483962413451
6987 0.621681871783126
6985 0
6985 52.4575418965593
6985 52.4575418965593
6985 52.4575418965593
6985 52.4575418965593
6985 0
6985 4.31806184596379
6985 4.31806184596379
6985 17.6262098114515
6985 17.6262098114515
6985 17.6262098114515
6985 0
6985 1.20997765409178
6985 6.34181050716048
6985 6.34181050716048
6985 6.34181050716048
6985 0.73452343271322
6985 0.319952407068434
6985 0.831783600927938
6985 2.36653655913599
6985 0
6985 1.38872753580014
6985 0
6985 0
6985 13.2285772528462
6985 13.2285772528462
6985 0
6985 13.9912208257612
6985 13.9912208257612
6985 13.9912208257612
6985 2.82057729300058
6985 0
6985 0
6985 964.358135011162
6985 1.00962340647607
6985 1.00962340647607
6985 8.46827030493397
6985 8.46827030493397
6985 0.65693225042096
6985 0.65693225042096
6985 0.65693225042096
6985 1.13483962413451
6985 1.13483962413451
6985 1.13483962413451
6985 0.621681871783126
7200 0
7200 52.4575418965593
7200 52.4575418965593
7200 52.4575418965593
7200 52.4575418965593
7200 0
7200 4.31806184596379
7200 4.31806184596379
7200 17.6262098114515
7200 17.6262098114515
7200 17.6262098114515
7200 0
7200 1.20997765409178
7200 6.34181050716048
7200 6.34181050716048
7200 6.34181050716048
7200 0.73452343271322
7200 0.319952407068434
7200 0.831783600927938
7200 2.36653655913599
7200 0
7200 1.38872753580014
7200 0
7200 0
7200 13.2285772528462
7200 13.2285772528462
7200 0
7200 13.9912208257612
7200 13.9912208257612
7200 13.9912208257612
7200 2.82057729300058
7200 0
7200 0
7200 964.358135011162
7200 1.00962340647607
7200 1.00962340647607
7200 8.46827030493397
7200 8.46827030493397
7200 0.65693225042096
7200 0.65693225042096
7200 0.65693225042096
7200 1.13483962413451
7200 1.13483962413451
7200 1.13483962413451
7200 0.621681871783126
