pt_graph cpue_kghour
3820 0
3820 9.9141101606008
3820 9.9141101606008
3820 9.9141101606008
3820 9.9141101606008
3820 0
3820 5.35336181774088
3820 5.35336181774088
3820 5.57738745108481
3820 5.57738745108481
3820 5.57738745108481
3820 0
3820 2.9539297207592
3820 14.6413963090249
3820 14.6413963090249
3820 14.6413963090249
3820 1.86187737258426
3820 0.660945790846854
3820 8.10415988376132
3820 2.30090069223098
3820 0
3820 6.95352989527218
3820 0
3820 0
3820 21.5222111016208
3820 21.5222111016208
3820 0
3820 34.9649955970259
3820 34.9649955970259
3820 34.9649955970259
3820 8.22802569002806
3820 0
3820 62.7174544182041
3820 2302.04619271257
3820 1.33357809720909
3820 1.33357809720909
3820 19.8615987468762
3820 19.8615987468762
3820 2.24030170723209
3820 2.24030170723209
3820 2.24030170723209
3820 0.854212618429176
3820 0.854212618429176
3820 0.854212618429176
3820 5.03643973495314
3911 0
3911 9.9141101606008
3911 9.9141101606008
3911 9.9141101606008
3911 9.9141101606008
3911 0
3911 5.35336181774088
3911 5.35336181774088
3911 5.57738745108481
3911 5.57738745108481
3911 5.57738745108481
3911 0
3911 2.9539297207592
3911 14.6413963090249
3911 14.6413963090249
3911 14.6413963090249
3911 1.86187737258426
3911 0.660945790846854
3911 8.10415988376132
3911 2.30090069223098
3911 0
3911 6.95352989527218
3911 0
3911 0
3911 21.5222111016208
3911 21.5222111016208
3911 0
3911 34.9649955970259
3911 34.9649955970259
3911 34.9649955970259
3911 8.22802569002806
3911 0
3911 62.7174544182041
3911 2302.04619271257
3911 1.33357809720909
3911 1.33357809720909
3911 19.8615987468762
3911 19.8615987468762
3911 2.24030170723209
3911 2.24030170723209
3911 2.24030170723209
3911 0.854212618429176
3911 0.854212618429176
3911 0.854212618429176
3911 5.03643973495314
4092 0
4092 9.9141101606008
4092 9.9141101606008
4092 9.9141101606008
4092 9.9141101606008
4092 0
4092 5.35336181774088
4092 5.35336181774088
4092 5.57738745108481
4092 5.57738745108481
4092 5.57738745108481
4092 0
4092 2.9539297207592
4092 14.6413963090249
4092 14.6413963090249
4092 14.6413963090249
4092 1.86187737258426
4092 0.660945790846854
4092 8.10415988376132
4092 2.30090069223098
4092 0
4092 6.95352989527218
4092 0
4092 0
4092 21.5222111016208
4092 21.5222111016208
4092 0
4092 34.9649955970259
4092 34.9649955970259
4092 34.9649955970259
4092 8.22802569002806
4092 0
4092 62.7174544182041
4092 2302.04619271257
4092 1.33357809720909
4092 1.33357809720909
4092 19.8615987468762
4092 19.8615987468762
4092 2.24030170723209
4092 2.24030170723209
4092 2.24030170723209
4092 0.854212618429176
4092 0.854212618429176
4092 0.854212618429176
4092 5.03643973495314
4257 0
4257 9.9141101606008
4257 9.9141101606008
4257 9.9141101606008
4257 9.9141101606008
4257 0
4257 5.35336181774088
4257 5.35336181774088
4257 5.57738745108481
4257 5.57738745108481
4257 5.57738745108481
4257 0
4257 2.9539297207592
4257 14.6413963090249
4257 14.6413963090249
4257 14.6413963090249
4257 1.86187737258426
4257 0.660945790846854
4257 8.10415988376132
4257 2.30090069223098
4257 0
4257 6.95352989527218
4257 0
4257 0
4257 21.5222111016208
4257 21.5222111016208
4257 0
4257 34.9649955970259
4257 34.9649955970259
4257 34.9649955970259
4257 8.22802569002806
4257 0
4257 62.7174544182041
4257 2302.04619271257
4257 1.33357809720909
4257 1.33357809720909
4257 19.8615987468762
4257 19.8615987468762
4257 2.24030170723209
4257 2.24030170723209
4257 2.24030170723209
4257 0.854212618429176
4257 0.854212618429176
4257 0.854212618429176
4257 5.03643973495314
4543 0
4543 9.9141101606008
4543 9.9141101606008
4543 9.9141101606008
4543 9.9141101606008
4543 0
4543 5.35336181774088
4543 5.35336181774088
4543 5.57738745108481
4543 5.57738745108481
4543 5.57738745108481
4543 0
4543 2.9539297207592
4543 14.6413963090249
4543 14.6413963090249
4543 14.6413963090249
4543 1.86187737258426
4543 0.660945790846854
4543 8.10415988376132
4543 2.30090069223098
4543 0
4543 6.95352989527218
4543 0
4543 0
4543 21.5222111016208
4543 21.5222111016208
4543 0
4543 34.9649955970259
4543 34.9649955970259
4543 34.9649955970259
4543 8.22802569002806
4543 0
4543 62.7174544182041
4543 2302.04619271257
4543 1.33357809720909
4543 1.33357809720909
4543 19.8615987468762
4543 19.8615987468762
4543 2.24030170723209
4543 2.24030170723209
4543 2.24030170723209
4543 0.854212618429176
4543 0.854212618429176
4543 0.854212618429176
4543 5.03643973495314
4727 0
4727 9.9141101606008
4727 9.9141101606008
4727 9.9141101606008
4727 9.9141101606008
4727 0
4727 5.35336181774088
4727 5.35336181774088
4727 5.57738745108481
4727 5.57738745108481
4727 5.57738745108481
4727 0
4727 2.9539297207592
4727 14.6413963090249
4727 14.6413963090249
4727 14.6413963090249
4727 1.86187737258426
4727 0.660945790846854
4727 8.10415988376132
4727 2.30090069223098
4727 0
4727 6.95352989527218
4727 0
4727 0
4727 21.5222111016208
4727 21.5222111016208
4727 0
4727 34.9649955970259
4727 34.9649955970259
4727 34.9649955970259
4727 8.22802569002806
4727 0
4727 62.7174544182041
4727 2302.04619271257
4727 1.33357809720909
4727 1.33357809720909
4727 19.8615987468762
4727 19.8615987468762
4727 2.24030170723209
4727 2.24030170723209
4727 2.24030170723209
4727 0.854212618429176
4727 0.854212618429176
4727 0.854212618429176
4727 5.03643973495314
4911 0
4911 9.9141101606008
4911 9.9141101606008
4911 9.9141101606008
4911 9.9141101606008
4911 0
4911 5.35336181774088
4911 5.35336181774088
4911 5.57738745108481
4911 5.57738745108481
4911 5.57738745108481
4911 0
4911 2.9539297207592
4911 14.6413963090249
4911 14.6413963090249
4911 14.6413963090249
4911 1.86187737258426
4911 0.660945790846854
4911 8.10415988376132
4911 2.30090069223098
4911 0
4911 6.95352989527218
4911 0
4911 0
4911 21.5222111016208
4911 21.5222111016208
4911 0
4911 34.9649955970259
4911 34.9649955970259
4911 34.9649955970259
4911 8.22802569002806
4911 0
4911 62.7174544182041
4911 2302.04619271257
4911 1.33357809720909
4911 1.33357809720909
4911 19.8615987468762
4911 19.8615987468762
4911 2.24030170723209
4911 2.24030170723209
4911 2.24030170723209
4911 0.854212618429176
4911 0.854212618429176
4911 0.854212618429176
4911 5.03643973495314
5000 0
5000 9.9141101606008
5000 9.9141101606008
5000 9.9141101606008
5000 9.9141101606008
5000 0
5000 5.35336181774088
5000 5.35336181774088
5000 5.57738745108481
5000 5.57738745108481
5000 5.57738745108481
5000 0
5000 2.9539297207592
5000 14.6413963090249
5000 14.6413963090249
5000 14.6413963090249
5000 1.86187737258426
5000 0.660945790846854
5000 8.10415988376132
5000 2.30090069223098
5000 0
5000 6.95352989527218
5000 0
5000 0
5000 21.5222111016208
5000 21.5222111016208
5000 0
5000 34.9649955970259
5000 34.9649955970259
5000 34.9649955970259
5000 8.22802569002806
5000 0
5000 62.7174544182041
5000 2302.04619271257
5000 1.33357809720909
5000 1.33357809720909
5000 19.8615987468762
5000 19.8615987468762
5000 2.24030170723209
5000 2.24030170723209
5000 2.24030170723209
5000 0.854212618429176
5000 0.854212618429176
5000 0.854212618429176
5000 5.03643973495314
5089 0
5089 9.9141101606008
5089 9.9141101606008
5089 9.9141101606008
5089 9.9141101606008
5089 0
5089 5.35336181774088
5089 5.35336181774088
5089 5.57738745108481
5089 5.57738745108481
5089 5.57738745108481
5089 0
5089 2.9539297207592
5089 14.6413963090249
5089 14.6413963090249
5089 14.6413963090249
5089 1.86187737258426
5089 0.660945790846854
5089 8.10415988376132
5089 2.30090069223098
5089 0
5089 6.95352989527218
5089 0
5089 0
5089 21.5222111016208
5089 21.5222111016208
5089 0
5089 34.9649955970259
5089 34.9649955970259
5089 34.9649955970259
5089 8.22802569002806
5089 0
5089 62.7174544182041
5089 2302.04619271257
5089 1.33357809720909
5089 1.33357809720909
5089 19.8615987468762
5089 19.8615987468762
5089 2.24030170723209
5089 2.24030170723209
5089 2.24030170723209
5089 0.854212618429176
5089 0.854212618429176
5089 0.854212618429176
5089 5.03643973495314
4890 0
4890 9.9141101606008
4890 9.9141101606008
4890 9.9141101606008
4890 9.9141101606008
4890 0
4890 5.35336181774088
4890 5.35336181774088
4890 5.57738745108481
4890 5.57738745108481
4890 5.57738745108481
4890 0
4890 2.9539297207592
4890 14.6413963090249
4890 14.6413963090249
4890 14.6413963090249
4890 1.86187737258426
4890 0.660945790846854
4890 8.10415988376132
4890 2.30090069223098
4890 0
4890 6.95352989527218
4890 0
4890 0
4890 21.5222111016208
4890 21.5222111016208
4890 0
4890 34.9649955970259
4890 34.9649955970259
4890 34.9649955970259
4890 8.22802569002806
4890 0
4890 62.7174544182041
4890 2302.04619271257
4890 1.33357809720909
4890 1.33357809720909
4890 19.8615987468762
4890 19.8615987468762
4890 2.24030170723209
4890 2.24030170723209
4890 2.24030170723209
4890 0.854212618429176
4890 0.854212618429176
4890 0.854212618429176
4890 5.03643973495314
4982 0
4982 9.9141101606008
4982 9.9141101606008
4982 9.9141101606008
4982 9.9141101606008
4982 0
4982 5.35336181774088
4982 5.35336181774088
4982 5.57738745108481
4982 5.57738745108481
4982 5.57738745108481
4982 0
4982 2.9539297207592
4982 14.6413963090249
4982 14.6413963090249
4982 14.6413963090249
4982 1.86187737258426
4982 0.660945790846854
4982 8.10415988376132
4982 2.30090069223098
4982 0
4982 6.95352989527218
4982 0
4982 0
4982 21.5222111016208
4982 21.5222111016208
4982 0
4982 34.9649955970259
4982 34.9649955970259
4982 34.9649955970259
4982 8.22802569002806
4982 0
4982 62.7174544182041
4982 2302.04619271257
4982 1.33357809720909
4982 1.33357809720909
4982 19.8615987468762
4982 19.8615987468762
4982 2.24030170723209
4982 2.24030170723209
4982 2.24030170723209
4982 0.854212618429176
4982 0.854212618429176
4982 0.854212618429176
4982 5.03643973495314
4981 0
4981 9.9141101606008
4981 9.9141101606008
4981 9.9141101606008
4981 9.9141101606008
4981 0
4981 5.35336181774088
4981 5.35336181774088
4981 5.57738745108481
4981 5.57738745108481
4981 5.57738745108481
4981 0
4981 2.9539297207592
4981 14.6413963090249
4981 14.6413963090249
4981 14.6413963090249
4981 1.86187737258426
4981 0.660945790846854
4981 8.10415988376132
4981 2.30090069223098
4981 0
4981 6.95352989527218
4981 0
4981 0
4981 21.5222111016208
4981 21.5222111016208
4981 0
4981 34.9649955970259
4981 34.9649955970259
4981 34.9649955970259
4981 8.22802569002806
4981 0
4981 62.7174544182041
4981 2302.04619271257
4981 1.33357809720909
4981 1.33357809720909
4981 19.8615987468762
4981 19.8615987468762
4981 2.24030170723209
4981 2.24030170723209
4981 2.24030170723209
4981 0.854212618429176
4981 0.854212618429176
4981 0.854212618429176
4981 5.03643973495314
4979 0
4979 9.9141101606008
4979 9.9141101606008
4979 9.9141101606008
4979 9.9141101606008
4979 0
4979 5.35336181774088
4979 5.35336181774088
4979 5.57738745108481
4979 5.57738745108481
4979 5.57738745108481
4979 0
4979 2.9539297207592
4979 14.6413963090249
4979 14.6413963090249
4979 14.6413963090249
4979 1.86187737258426
4979 0.660945790846854
4979 8.10415988376132
4979 2.30090069223098
4979 0
4979 6.95352989527218
4979 0
4979 0
4979 21.5222111016208
4979 21.5222111016208
4979 0
4979 34.9649955970259
4979 34.9649955970259
4979 34.9649955970259
4979 8.22802569002806
4979 0
4979 62.7174544182041
4979 2302.04619271257
4979 1.33357809720909
4979 1.33357809720909
4979 19.8615987468762
4979 19.8615987468762
4979 2.24030170723209
4979 2.24030170723209
4979 2.24030170723209
4979 0.854212618429176
4979 0.854212618429176
4979 0.854212618429176
4979 5.03643973495314
5070 0
5070 9.9141101606008
5070 9.9141101606008
5070 9.9141101606008
5070 9.9141101606008
5070 0
5070 5.35336181774088
5070 5.35336181774088
5070 5.57738745108481
5070 5.57738745108481
5070 5.57738745108481
5070 0
5070 2.9539297207592
5070 14.6413963090249
5070 14.6413963090249
5070 14.6413963090249
5070 1.86187737258426
5070 0.660945790846854
5070 8.10415988376132
5070 2.30090069223098
5070 0
5070 6.95352989527218
5070 0
5070 0
5070 21.5222111016208
5070 21.5222111016208
5070 0
5070 34.9649955970259
5070 34.9649955970259
5070 34.9649955970259
5070 8.22802569002806
5070 0
5070 62.7174544182041
5070 2302.04619271257
5070 1.33357809720909
5070 1.33357809720909
5070 19.8615987468762
5070 19.8615987468762
5070 2.24030170723209
5070 2.24030170723209
5070 2.24030170723209
5070 0.854212618429176
5070 0.854212618429176
5070 0.854212618429176
5070 5.03643973495314
5355 0
5355 9.9141101606008
5355 9.9141101606008
5355 9.9141101606008
5355 9.9141101606008
5355 0
5355 5.35336181774088
5355 5.35336181774088
5355 5.57738745108481
5355 5.57738745108481
5355 5.57738745108481
5355 0
5355 2.9539297207592
5355 14.6413963090249
5355 14.6413963090249
5355 14.6413963090249
5355 1.86187737258426
5355 0.660945790846854
5355 8.10415988376132
5355 2.30090069223098
5355 0
5355 6.95352989527218
5355 0
5355 0
5355 21.5222111016208
5355 21.5222111016208
5355 0
5355 34.9649955970259
5355 34.9649955970259
5355 34.9649955970259
5355 8.22802569002806
5355 0
5355 62.7174544182041
5355 2302.04619271257
5355 1.33357809720909
5355 1.33357809720909
5355 19.8615987468762
5355 19.8615987468762
5355 2.24030170723209
5355 2.24030170723209
5355 2.24030170723209
5355 0.854212618429176
5355 0.854212618429176
5355 0.854212618429176
5355 5.03643973495314
5354 0
5354 9.9141101606008
5354 9.9141101606008
5354 9.9141101606008
5354 9.9141101606008
5354 0
5354 5.35336181774088
5354 5.35336181774088
5354 5.57738745108481
5354 5.57738745108481
5354 5.57738745108481
5354 0
5354 2.9539297207592
5354 14.6413963090249
5354 14.6413963090249
5354 14.6413963090249
5354 1.86187737258426
5354 0.660945790846854
5354 8.10415988376132
5354 2.30090069223098
5354 0
5354 6.95352989527218
5354 0
5354 0
5354 21.5222111016208
5354 21.5222111016208
5354 0
5354 34.9649955970259
5354 34.9649955970259
5354 34.9649955970259
5354 8.22802569002806
5354 0
5354 62.7174544182041
5354 2302.04619271257
5354 1.33357809720909
5354 1.33357809720909
5354 19.8615987468762
5354 19.8615987468762
5354 2.24030170723209
5354 2.24030170723209
5354 2.24030170723209
5354 0.854212618429176
5354 0.854212618429176
5354 0.854212618429176
5354 5.03643973495314
5153 0
5153 9.9141101606008
5153 9.9141101606008
5153 9.9141101606008
5153 9.9141101606008
5153 0
5153 5.35336181774088
5153 5.35336181774088
5153 5.57738745108481
5153 5.57738745108481
5153 5.57738745108481
5153 0
5153 2.9539297207592
5153 14.6413963090249
5153 14.6413963090249
5153 14.6413963090249
5153 1.86187737258426
5153 0.660945790846854
5153 8.10415988376132
5153 2.30090069223098
5153 0
5153 6.95352989527218
5153 0
5153 0
5153 21.5222111016208
5153 21.5222111016208
5153 0
5153 34.9649955970259
5153 34.9649955970259
5153 34.9649955970259
5153 8.22802569002806
5153 0
5153 62.7174544182041
5153 2302.04619271257
5153 1.33357809720909
5153 1.33357809720909
5153 19.8615987468762
5153 19.8615987468762
5153 2.24030170723209
5153 2.24030170723209
5153 2.24030170723209
5153 0.854212618429176
5153 0.854212618429176
5153 0.854212618429176
5153 5.03643973495314
10326 0
10326 9.9141101606008
10326 9.9141101606008
10326 9.9141101606008
10326 9.9141101606008
10326 0
10326 5.35336181774088
10326 5.35336181774088
10326 5.57738745108481
10326 5.57738745108481
10326 5.57738745108481
10326 0
10326 2.9539297207592
10326 14.6413963090249
10326 14.6413963090249
10326 14.6413963090249
10326 1.86187737258426
10326 0.660945790846854
10326 8.10415988376132
10326 2.30090069223098
10326 0
10326 6.95352989527218
10326 0
10326 0
10326 21.5222111016208
10326 21.5222111016208
10326 0
10326 34.9649955970259
10326 34.9649955970259
10326 34.9649955970259
10326 8.22802569002806
10326 0
10326 62.7174544182041
10326 2302.04619271257
10326 1.33357809720909
10326 1.33357809720909
10326 19.8615987468762
10326 19.8615987468762
10326 2.24030170723209
10326 2.24030170723209
10326 2.24030170723209
10326 0.854212618429176
10326 0.854212618429176
10326 0.854212618429176
10326 5.03643973495314
5348 0
5348 9.9141101606008
5348 9.9141101606008
5348 9.9141101606008
5348 9.9141101606008
5348 0
5348 5.35336181774088
5348 5.35336181774088
5348 5.57738745108481
5348 5.57738745108481
5348 5.57738745108481
5348 0
5348 2.9539297207592
5348 14.6413963090249
5348 14.6413963090249
5348 14.6413963090249
5348 1.86187737258426
5348 0.660945790846854
5348 8.10415988376132
5348 2.30090069223098
5348 0
5348 6.95352989527218
5348 0
5348 0
5348 21.5222111016208
5348 21.5222111016208
5348 0
5348 34.9649955970259
5348 34.9649955970259
5348 34.9649955970259
5348 8.22802569002806
5348 0
5348 62.7174544182041
5348 2302.04619271257
5348 1.33357809720909
5348 1.33357809720909
5348 19.8615987468762
5348 19.8615987468762
5348 2.24030170723209
5348 2.24030170723209
5348 2.24030170723209
5348 0.854212618429176
5348 0.854212618429176
5348 0.854212618429176
5348 5.03643973495314
5340 0
5340 9.9141101606008
5340 9.9141101606008
5340 9.9141101606008
5340 9.9141101606008
5340 0
5340 5.35336181774088
5340 5.35336181774088
5340 5.57738745108481
5340 5.57738745108481
5340 5.57738745108481
5340 0
5340 2.9539297207592
5340 14.6413963090249
5340 14.6413963090249
5340 14.6413963090249
5340 1.86187737258426
5340 0.660945790846854
5340 8.10415988376132
5340 2.30090069223098
5340 0
5340 6.95352989527218
5340 0
5340 0
5340 21.5222111016208
5340 21.5222111016208
5340 0
5340 34.9649955970259
5340 34.9649955970259
5340 34.9649955970259
5340 8.22802569002806
5340 0
5340 62.7174544182041
5340 2302.04619271257
5340 1.33357809720909
5340 1.33357809720909
5340 19.8615987468762
5340 19.8615987468762
5340 2.24030170723209
5340 2.24030170723209
5340 2.24030170723209
5340 0.854212618429176
5340 0.854212618429176
5340 0.854212618429176
5340 5.03643973495314
5430 0
5430 9.9141101606008
5430 9.9141101606008
5430 9.9141101606008
5430 9.9141101606008
5430 0
5430 5.35336181774088
5430 5.35336181774088
5430 5.57738745108481
5430 5.57738745108481
5430 5.57738745108481
5430 0
5430 2.9539297207592
5430 14.6413963090249
5430 14.6413963090249
5430 14.6413963090249
5430 1.86187737258426
5430 0.660945790846854
5430 8.10415988376132
5430 2.30090069223098
5430 0
5430 6.95352989527218
5430 0
5430 0
5430 21.5222111016208
5430 21.5222111016208
5430 0
5430 34.9649955970259
5430 34.9649955970259
5430 34.9649955970259
5430 8.22802569002806
5430 0
5430 62.7174544182041
5430 2302.04619271257
5430 1.33357809720909
5430 1.33357809720909
5430 19.8615987468762
5430 19.8615987468762
5430 2.24030170723209
5430 2.24030170723209
5430 2.24030170723209
5430 0.854212618429176
5430 0.854212618429176
5430 0.854212618429176
5430 5.03643973495314
5428 0
5428 9.9141101606008
5428 9.9141101606008
5428 9.9141101606008
5428 9.9141101606008
5428 0
5428 5.35336181774088
5428 5.35336181774088
5428 5.57738745108481
5428 5.57738745108481
5428 5.57738745108481
5428 0
5428 2.9539297207592
5428 14.6413963090249
5428 14.6413963090249
5428 14.6413963090249
5428 1.86187737258426
5428 0.660945790846854
5428 8.10415988376132
5428 2.30090069223098
5428 0
5428 6.95352989527218
5428 0
5428 0
5428 21.5222111016208
5428 21.5222111016208
5428 0
5428 34.9649955970259
5428 34.9649955970259
5428 34.9649955970259
5428 8.22802569002806
5428 0
5428 62.7174544182041
5428 2302.04619271257
5428 1.33357809720909
5428 1.33357809720909
5428 19.8615987468762
5428 19.8615987468762
5428 2.24030170723209
5428 2.24030170723209
5428 2.24030170723209
5428 0.854212618429176
5428 0.854212618429176
5428 0.854212618429176
5428 5.03643973495314
5427 0
5427 9.9141101606008
5427 9.9141101606008
5427 9.9141101606008
5427 9.9141101606008
5427 0
5427 5.35336181774088
5427 5.35336181774088
5427 5.57738745108481
5427 5.57738745108481
5427 5.57738745108481
5427 0
5427 2.9539297207592
5427 14.6413963090249
5427 14.6413963090249
5427 14.6413963090249
5427 1.86187737258426
5427 0.660945790846854
5427 8.10415988376132
5427 2.30090069223098
5427 0
5427 6.95352989527218
5427 0
5427 0
5427 21.5222111016208
5427 21.5222111016208
5427 0
5427 34.9649955970259
5427 34.9649955970259
5427 34.9649955970259
5427 8.22802569002806
5427 0
5427 62.7174544182041
5427 2302.04619271257
5427 1.33357809720909
5427 1.33357809720909
5427 19.8615987468762
5427 19.8615987468762
5427 2.24030170723209
5427 2.24030170723209
5427 2.24030170723209
5427 0.854212618429176
5427 0.854212618429176
5427 0.854212618429176
5427 5.03643973495314
5618 0
5618 9.9141101606008
5618 9.9141101606008
5618 9.9141101606008
5618 9.9141101606008
5618 0
5618 5.35336181774088
5618 5.35336181774088
5618 5.57738745108481
5618 5.57738745108481
5618 5.57738745108481
5618 0
5618 2.9539297207592
5618 14.6413963090249
5618 14.6413963090249
5618 14.6413963090249
5618 1.86187737258426
5618 0.660945790846854
5618 8.10415988376132
5618 2.30090069223098
5618 0
5618 6.95352989527218
5618 0
5618 0
5618 21.5222111016208
5618 21.5222111016208
5618 0
5618 34.9649955970259
5618 34.9649955970259
5618 34.9649955970259
5618 8.22802569002806
5618 0
5618 62.7174544182041
5618 2302.04619271257
5618 1.33357809720909
5618 1.33357809720909
5618 19.8615987468762
5618 19.8615987468762
5618 2.24030170723209
5618 2.24030170723209
5618 2.24030170723209
5618 0.854212618429176
5618 0.854212618429176
5618 0.854212618429176
5618 5.03643973495314
5615 0
5615 9.9141101606008
5615 9.9141101606008
5615 9.9141101606008
5615 9.9141101606008
5615 0
5615 5.35336181774088
5615 5.35336181774088
5615 5.57738745108481
5615 5.57738745108481
5615 5.57738745108481
5615 0
5615 2.9539297207592
5615 14.6413963090249
5615 14.6413963090249
5615 14.6413963090249
5615 1.86187737258426
5615 0.660945790846854
5615 8.10415988376132
5615 2.30090069223098
5615 0
5615 6.95352989527218
5615 0
5615 0
5615 21.5222111016208
5615 21.5222111016208
5615 0
5615 34.9649955970259
5615 34.9649955970259
5615 34.9649955970259
5615 8.22802569002806
5615 0
5615 62.7174544182041
5615 2302.04619271257
5615 1.33357809720909
5615 1.33357809720909
5615 19.8615987468762
5615 19.8615987468762
5615 2.24030170723209
5615 2.24030170723209
5615 2.24030170723209
5615 0.854212618429176
5615 0.854212618429176
5615 0.854212618429176
5615 5.03643973495314
5614 0
5614 9.9141101606008
5614 9.9141101606008
5614 9.9141101606008
5614 9.9141101606008
5614 0
5614 5.35336181774088
5614 5.35336181774088
5614 5.57738745108481
5614 5.57738745108481
5614 5.57738745108481
5614 0
5614 2.9539297207592
5614 14.6413963090249
5614 14.6413963090249
5614 14.6413963090249
5614 1.86187737258426
5614 0.660945790846854
5614 8.10415988376132
5614 2.30090069223098
5614 0
5614 6.95352989527218
5614 0
5614 0
5614 21.5222111016208
5614 21.5222111016208
5614 0
5614 34.9649955970259
5614 34.9649955970259
5614 34.9649955970259
5614 8.22802569002806
5614 0
5614 62.7174544182041
5614 2302.04619271257
5614 1.33357809720909
5614 1.33357809720909
5614 19.8615987468762
5614 19.8615987468762
5614 2.24030170723209
5614 2.24030170723209
5614 2.24030170723209
5614 0.854212618429176
5614 0.854212618429176
5614 0.854212618429176
5614 5.03643973495314
5518 0
5518 9.9141101606008
5518 9.9141101606008
5518 9.9141101606008
5518 9.9141101606008
5518 0
5518 5.35336181774088
5518 5.35336181774088
5518 5.57738745108481
5518 5.57738745108481
5518 5.57738745108481
5518 0
5518 2.9539297207592
5518 14.6413963090249
5518 14.6413963090249
5518 14.6413963090249
5518 1.86187737258426
5518 0.660945790846854
5518 8.10415988376132
5518 2.30090069223098
5518 0
5518 6.95352989527218
5518 0
5518 0
5518 21.5222111016208
5518 21.5222111016208
5518 0
5518 34.9649955970259
5518 34.9649955970259
5518 34.9649955970259
5518 8.22802569002806
5518 0
5518 62.7174544182041
5518 2302.04619271257
5518 1.33357809720909
5518 1.33357809720909
5518 19.8615987468762
5518 19.8615987468762
5518 2.24030170723209
5518 2.24030170723209
5518 2.24030170723209
5518 0.854212618429176
5518 0.854212618429176
5518 0.854212618429176
5518 5.03643973495314
5517 0
5517 9.9141101606008
5517 9.9141101606008
5517 9.9141101606008
5517 9.9141101606008
5517 0
5517 5.35336181774088
5517 5.35336181774088
5517 5.57738745108481
5517 5.57738745108481
5517 5.57738745108481
5517 0
5517 2.9539297207592
5517 14.6413963090249
5517 14.6413963090249
5517 14.6413963090249
5517 1.86187737258426
5517 0.660945790846854
5517 8.10415988376132
5517 2.30090069223098
5517 0
5517 6.95352989527218
5517 0
5517 0
5517 21.5222111016208
5517 21.5222111016208
5517 0
5517 34.9649955970259
5517 34.9649955970259
5517 34.9649955970259
5517 8.22802569002806
5517 0
5517 62.7174544182041
5517 2302.04619271257
5517 1.33357809720909
5517 1.33357809720909
5517 19.8615987468762
5517 19.8615987468762
5517 2.24030170723209
5517 2.24030170723209
5517 2.24030170723209
5517 0.854212618429176
5517 0.854212618429176
5517 0.854212618429176
5517 5.03643973495314
5612 0
5612 9.9141101606008
5612 9.9141101606008
5612 9.9141101606008
5612 9.9141101606008
5612 0
5612 5.35336181774088
5612 5.35336181774088
5612 5.57738745108481
5612 5.57738745108481
5612 5.57738745108481
5612 0
5612 2.9539297207592
5612 14.6413963090249
5612 14.6413963090249
5612 14.6413963090249
5612 1.86187737258426
5612 0.660945790846854
5612 8.10415988376132
5612 2.30090069223098
5612 0
5612 6.95352989527218
5612 0
5612 0
5612 21.5222111016208
5612 21.5222111016208
5612 0
5612 34.9649955970259
5612 34.9649955970259
5612 34.9649955970259
5612 8.22802569002806
5612 0
5612 62.7174544182041
5612 2302.04619271257
5612 1.33357809720909
5612 1.33357809720909
5612 19.8615987468762
5612 19.8615987468762
5612 2.24030170723209
5612 2.24030170723209
5612 2.24030170723209
5612 0.854212618429176
5612 0.854212618429176
5612 0.854212618429176
5612 5.03643973495314
5704 0
5704 9.9141101606008
5704 9.9141101606008
5704 9.9141101606008
5704 9.9141101606008
5704 0
5704 5.35336181774088
5704 5.35336181774088
5704 5.57738745108481
5704 5.57738745108481
5704 5.57738745108481
5704 0
5704 2.9539297207592
5704 14.6413963090249
5704 14.6413963090249
5704 14.6413963090249
5704 1.86187737258426
5704 0.660945790846854
5704 8.10415988376132
5704 2.30090069223098
5704 0
5704 6.95352989527218
5704 0
5704 0
5704 21.5222111016208
5704 21.5222111016208
5704 0
5704 34.9649955970259
5704 34.9649955970259
5704 34.9649955970259
5704 8.22802569002806
5704 0
5704 62.7174544182041
5704 2302.04619271257
5704 1.33357809720909
5704 1.33357809720909
5704 19.8615987468762
5704 19.8615987468762
5704 2.24030170723209
5704 2.24030170723209
5704 2.24030170723209
5704 0.854212618429176
5704 0.854212618429176
5704 0.854212618429176
5704 5.03643973495314
5608 0
5608 9.9141101606008
5608 9.9141101606008
5608 9.9141101606008
5608 9.9141101606008
5608 0
5608 5.35336181774088
5608 5.35336181774088
5608 5.57738745108481
5608 5.57738745108481
5608 5.57738745108481
5608 0
5608 2.9539297207592
5608 14.6413963090249
5608 14.6413963090249
5608 14.6413963090249
5608 1.86187737258426
5608 0.660945790846854
5608 8.10415988376132
5608 2.30090069223098
5608 0
5608 6.95352989527218
5608 0
5608 0
5608 21.5222111016208
5608 21.5222111016208
5608 0
5608 34.9649955970259
5608 34.9649955970259
5608 34.9649955970259
5608 8.22802569002806
5608 0
5608 62.7174544182041
5608 2302.04619271257
5608 1.33357809720909
5608 1.33357809720909
5608 19.8615987468762
5608 19.8615987468762
5608 2.24030170723209
5608 2.24030170723209
5608 2.24030170723209
5608 0.854212618429176
5608 0.854212618429176
5608 0.854212618429176
5608 5.03643973495314
5605 0
5605 9.9141101606008
5605 9.9141101606008
5605 9.9141101606008
5605 9.9141101606008
5605 0
5605 5.35336181774088
5605 5.35336181774088
5605 5.57738745108481
5605 5.57738745108481
5605 5.57738745108481
5605 0
5605 2.9539297207592
5605 14.6413963090249
5605 14.6413963090249
5605 14.6413963090249
5605 1.86187737258426
5605 0.660945790846854
5605 8.10415988376132
5605 2.30090069223098
5605 0
5605 6.95352989527218
5605 0
5605 0
5605 21.5222111016208
5605 21.5222111016208
5605 0
5605 34.9649955970259
5605 34.9649955970259
5605 34.9649955970259
5605 8.22802569002806
5605 0
5605 62.7174544182041
5605 2302.04619271257
5605 1.33357809720909
5605 1.33357809720909
5605 19.8615987468762
5605 19.8615987468762
5605 2.24030170723209
5605 2.24030170723209
5605 2.24030170723209
5605 0.854212618429176
5605 0.854212618429176
5605 0.854212618429176
5605 5.03643973495314
5602 0
5602 9.9141101606008
5602 9.9141101606008
5602 9.9141101606008
5602 9.9141101606008
5602 0
5602 5.35336181774088
5602 5.35336181774088
5602 5.57738745108481
5602 5.57738745108481
5602 5.57738745108481
5602 0
5602 2.9539297207592
5602 14.6413963090249
5602 14.6413963090249
5602 14.6413963090249
5602 1.86187737258426
5602 0.660945790846854
5602 8.10415988376132
5602 2.30090069223098
5602 0
5602 6.95352989527218
5602 0
5602 0
5602 21.5222111016208
5602 21.5222111016208
5602 0
5602 34.9649955970259
5602 34.9649955970259
5602 34.9649955970259
5602 8.22802569002806
5602 0
5602 62.7174544182041
5602 2302.04619271257
5602 1.33357809720909
5602 1.33357809720909
5602 19.8615987468762
5602 19.8615987468762
5602 2.24030170723209
5602 2.24030170723209
5602 2.24030170723209
5602 0.854212618429176
5602 0.854212618429176
5602 0.854212618429176
5602 5.03643973495314
5796 0
5796 9.9141101606008
5796 9.9141101606008
5796 9.9141101606008
5796 9.9141101606008
5796 0
5796 5.35336181774088
5796 5.35336181774088
5796 5.57738745108481
5796 5.57738745108481
5796 5.57738745108481
5796 0
5796 2.9539297207592
5796 14.6413963090249
5796 14.6413963090249
5796 14.6413963090249
5796 1.86187737258426
5796 0.660945790846854
5796 8.10415988376132
5796 2.30090069223098
5796 0
5796 6.95352989527218
5796 0
5796 0
5796 21.5222111016208
5796 21.5222111016208
5796 0
5796 34.9649955970259
5796 34.9649955970259
5796 34.9649955970259
5796 8.22802569002806
5796 0
5796 62.7174544182041
5796 2302.04619271257
5796 1.33357809720909
5796 1.33357809720909
5796 19.8615987468762
5796 19.8615987468762
5796 2.24030170723209
5796 2.24030170723209
5796 2.24030170723209
5796 0.854212618429176
5796 0.854212618429176
5796 0.854212618429176
5796 5.03643973495314
5795 0
5795 9.9141101606008
5795 9.9141101606008
5795 9.9141101606008
5795 9.9141101606008
5795 0
5795 5.35336181774088
5795 5.35336181774088
5795 5.57738745108481
5795 5.57738745108481
5795 5.57738745108481
5795 0
5795 2.9539297207592
5795 14.6413963090249
5795 14.6413963090249
5795 14.6413963090249
5795 1.86187737258426
5795 0.660945790846854
5795 8.10415988376132
5795 2.30090069223098
5795 0
5795 6.95352989527218
5795 0
5795 0
5795 21.5222111016208
5795 21.5222111016208
5795 0
5795 34.9649955970259
5795 34.9649955970259
5795 34.9649955970259
5795 8.22802569002806
5795 0
5795 62.7174544182041
5795 2302.04619271257
5795 1.33357809720909
5795 1.33357809720909
5795 19.8615987468762
5795 19.8615987468762
5795 2.24030170723209
5795 2.24030170723209
5795 2.24030170723209
5795 0.854212618429176
5795 0.854212618429176
5795 0.854212618429176
5795 5.03643973495314
5694 0
5694 9.9141101606008
5694 9.9141101606008
5694 9.9141101606008
5694 9.9141101606008
5694 0
5694 5.35336181774088
5694 5.35336181774088
5694 5.57738745108481
5694 5.57738745108481
5694 5.57738745108481
5694 0
5694 2.9539297207592
5694 14.6413963090249
5694 14.6413963090249
5694 14.6413963090249
5694 1.86187737258426
5694 0.660945790846854
5694 8.10415988376132
5694 2.30090069223098
5694 0
5694 6.95352989527218
5694 0
5694 0
5694 21.5222111016208
5694 21.5222111016208
5694 0
5694 34.9649955970259
5694 34.9649955970259
5694 34.9649955970259
5694 8.22802569002806
5694 0
5694 62.7174544182041
5694 2302.04619271257
5694 1.33357809720909
5694 1.33357809720909
5694 19.8615987468762
5694 19.8615987468762
5694 2.24030170723209
5694 2.24030170723209
5694 2.24030170723209
5694 0.854212618429176
5694 0.854212618429176
5694 0.854212618429176
5694 5.03643973495314
5689 0
5689 9.9141101606008
5689 9.9141101606008
5689 9.9141101606008
5689 9.9141101606008
5689 0
5689 5.35336181774088
5689 5.35336181774088
5689 5.57738745108481
5689 5.57738745108481
5689 5.57738745108481
5689 0
5689 2.9539297207592
5689 14.6413963090249
5689 14.6413963090249
5689 14.6413963090249
5689 1.86187737258426
5689 0.660945790846854
5689 8.10415988376132
5689 2.30090069223098
5689 0
5689 6.95352989527218
5689 0
5689 0
5689 21.5222111016208
5689 21.5222111016208
5689 0
5689 34.9649955970259
5689 34.9649955970259
5689 34.9649955970259
5689 8.22802569002806
5689 0
5689 62.7174544182041
5689 2302.04619271257
5689 1.33357809720909
5689 1.33357809720909
5689 19.8615987468762
5689 19.8615987468762
5689 2.24030170723209
5689 2.24030170723209
5689 2.24030170723209
5689 0.854212618429176
5689 0.854212618429176
5689 0.854212618429176
5689 5.03643973495314
5688 0
5688 9.9141101606008
5688 9.9141101606008
5688 9.9141101606008
5688 9.9141101606008
5688 0
5688 5.35336181774088
5688 5.35336181774088
5688 5.57738745108481
5688 5.57738745108481
5688 5.57738745108481
5688 0
5688 2.9539297207592
5688 14.6413963090249
5688 14.6413963090249
5688 14.6413963090249
5688 1.86187737258426
5688 0.660945790846854
5688 8.10415988376132
5688 2.30090069223098
5688 0
5688 6.95352989527218
5688 0
5688 0
5688 21.5222111016208
5688 21.5222111016208
5688 0
5688 34.9649955970259
5688 34.9649955970259
5688 34.9649955970259
5688 8.22802569002806
5688 0
5688 62.7174544182041
5688 2302.04619271257
5688 1.33357809720909
5688 1.33357809720909
5688 19.8615987468762
5688 19.8615987468762
5688 2.24030170723209
5688 2.24030170723209
5688 2.24030170723209
5688 0.854212618429176
5688 0.854212618429176
5688 0.854212618429176
5688 5.03643973495314
5887 0
5887 9.9141101606008
5887 9.9141101606008
5887 9.9141101606008
5887 9.9141101606008
5887 0
5887 5.35336181774088
5887 5.35336181774088
5887 5.57738745108481
5887 5.57738745108481
5887 5.57738745108481
5887 0
5887 2.9539297207592
5887 14.6413963090249
5887 14.6413963090249
5887 14.6413963090249
5887 1.86187737258426
5887 0.660945790846854
5887 8.10415988376132
5887 2.30090069223098
5887 0
5887 6.95352989527218
5887 0
5887 0
5887 21.5222111016208
5887 21.5222111016208
5887 0
5887 34.9649955970259
5887 34.9649955970259
5887 34.9649955970259
5887 8.22802569002806
5887 0
5887 62.7174544182041
5887 2302.04619271257
5887 1.33357809720909
5887 1.33357809720909
5887 19.8615987468762
5887 19.8615987468762
5887 2.24030170723209
5887 2.24030170723209
5887 2.24030170723209
5887 0.854212618429176
5887 0.854212618429176
5887 0.854212618429176
5887 5.03643973495314
5785 0
5785 9.9141101606008
5785 9.9141101606008
5785 9.9141101606008
5785 9.9141101606008
5785 0
5785 5.35336181774088
5785 5.35336181774088
5785 5.57738745108481
5785 5.57738745108481
5785 5.57738745108481
5785 0
5785 2.9539297207592
5785 14.6413963090249
5785 14.6413963090249
5785 14.6413963090249
5785 1.86187737258426
5785 0.660945790846854
5785 8.10415988376132
5785 2.30090069223098
5785 0
5785 6.95352989527218
5785 0
5785 0
5785 21.5222111016208
5785 21.5222111016208
5785 0
5785 34.9649955970259
5785 34.9649955970259
5785 34.9649955970259
5785 8.22802569002806
5785 0
5785 62.7174544182041
5785 2302.04619271257
5785 1.33357809720909
5785 1.33357809720909
5785 19.8615987468762
5785 19.8615987468762
5785 2.24030170723209
5785 2.24030170723209
5785 2.24030170723209
5785 0.854212618429176
5785 0.854212618429176
5785 0.854212618429176
5785 5.03643973495314
5882 0
5882 9.9141101606008
5882 9.9141101606008
5882 9.9141101606008
5882 9.9141101606008
5882 0
5882 5.35336181774088
5882 5.35336181774088
5882 5.57738745108481
5882 5.57738745108481
5882 5.57738745108481
5882 0
5882 2.9539297207592
5882 14.6413963090249
5882 14.6413963090249
5882 14.6413963090249
5882 1.86187737258426
5882 0.660945790846854
5882 8.10415988376132
5882 2.30090069223098
5882 0
5882 6.95352989527218
5882 0
5882 0
5882 21.5222111016208
5882 21.5222111016208
5882 0
5882 34.9649955970259
5882 34.9649955970259
5882 34.9649955970259
5882 8.22802569002806
5882 0
5882 62.7174544182041
5882 2302.04619271257
5882 1.33357809720909
5882 1.33357809720909
5882 19.8615987468762
5882 19.8615987468762
5882 2.24030170723209
5882 2.24030170723209
5882 2.24030170723209
5882 0.854212618429176
5882 0.854212618429176
5882 0.854212618429176
5882 5.03643973495314
5777 0
5777 9.9141101606008
5777 9.9141101606008
5777 9.9141101606008
5777 9.9141101606008
5777 0
5777 5.35336181774088
5777 5.35336181774088
5777 5.57738745108481
5777 5.57738745108481
5777 5.57738745108481
5777 0
5777 2.9539297207592
5777 14.6413963090249
5777 14.6413963090249
5777 14.6413963090249
5777 1.86187737258426
5777 0.660945790846854
5777 8.10415988376132
5777 2.30090069223098
5777 0
5777 6.95352989527218
5777 0
5777 0
5777 21.5222111016208
5777 21.5222111016208
5777 0
5777 34.9649955970259
5777 34.9649955970259
5777 34.9649955970259
5777 8.22802569002806
5777 0
5777 62.7174544182041
5777 2302.04619271257
5777 1.33357809720909
5777 1.33357809720909
5777 19.8615987468762
5777 19.8615987468762
5777 2.24030170723209
5777 2.24030170723209
5777 2.24030170723209
5777 0.854212618429176
5777 0.854212618429176
5777 0.854212618429176
5777 5.03643973495314
5879 0
5879 9.9141101606008
5879 9.9141101606008
5879 9.9141101606008
5879 9.9141101606008
5879 0
5879 5.35336181774088
5879 5.35336181774088
5879 5.57738745108481
5879 5.57738745108481
5879 5.57738745108481
5879 0
5879 2.9539297207592
5879 14.6413963090249
5879 14.6413963090249
5879 14.6413963090249
5879 1.86187737258426
5879 0.660945790846854
5879 8.10415988376132
5879 2.30090069223098
5879 0
5879 6.95352989527218
5879 0
5879 0
5879 21.5222111016208
5879 21.5222111016208
5879 0
5879 34.9649955970259
5879 34.9649955970259
5879 34.9649955970259
5879 8.22802569002806
5879 0
5879 62.7174544182041
5879 2302.04619271257
5879 1.33357809720909
5879 1.33357809720909
5879 19.8615987468762
5879 19.8615987468762
5879 2.24030170723209
5879 2.24030170723209
5879 2.24030170723209
5879 0.854212618429176
5879 0.854212618429176
5879 0.854212618429176
5879 5.03643973495314
5878 0
5878 9.9141101606008
5878 9.9141101606008
5878 9.9141101606008
5878 9.9141101606008
5878 0
5878 5.35336181774088
5878 5.35336181774088
5878 5.57738745108481
5878 5.57738745108481
5878 5.57738745108481
5878 0
5878 2.9539297207592
5878 14.6413963090249
5878 14.6413963090249
5878 14.6413963090249
5878 1.86187737258426
5878 0.660945790846854
5878 8.10415988376132
5878 2.30090069223098
5878 0
5878 6.95352989527218
5878 0
5878 0
5878 21.5222111016208
5878 21.5222111016208
5878 0
5878 34.9649955970259
5878 34.9649955970259
5878 34.9649955970259
5878 8.22802569002806
5878 0
5878 62.7174544182041
5878 2302.04619271257
5878 1.33357809720909
5878 1.33357809720909
5878 19.8615987468762
5878 19.8615987468762
5878 2.24030170723209
5878 2.24030170723209
5878 2.24030170723209
5878 0.854212618429176
5878 0.854212618429176
5878 0.854212618429176
5878 5.03643973495314
5984 0
5984 9.9141101606008
5984 9.9141101606008
5984 9.9141101606008
5984 9.9141101606008
5984 0
5984 5.35336181774088
5984 5.35336181774088
5984 5.57738745108481
5984 5.57738745108481
5984 5.57738745108481
5984 0
5984 2.9539297207592
5984 14.6413963090249
5984 14.6413963090249
5984 14.6413963090249
5984 1.86187737258426
5984 0.660945790846854
5984 8.10415988376132
5984 2.30090069223098
5984 0
5984 6.95352989527218
5984 0
5984 0
5984 21.5222111016208
5984 21.5222111016208
5984 0
5984 34.9649955970259
5984 34.9649955970259
5984 34.9649955970259
5984 8.22802569002806
5984 0
5984 62.7174544182041
5984 2302.04619271257
5984 1.33357809720909
5984 1.33357809720909
5984 19.8615987468762
5984 19.8615987468762
5984 2.24030170723209
5984 2.24030170723209
5984 2.24030170723209
5984 0.854212618429176
5984 0.854212618429176
5984 0.854212618429176
5984 5.03643973495314
5769 0
5769 9.9141101606008
5769 9.9141101606008
5769 9.9141101606008
5769 9.9141101606008
5769 0
5769 5.35336181774088
5769 5.35336181774088
5769 5.57738745108481
5769 5.57738745108481
5769 5.57738745108481
5769 0
5769 2.9539297207592
5769 14.6413963090249
5769 14.6413963090249
5769 14.6413963090249
5769 1.86187737258426
5769 0.660945790846854
5769 8.10415988376132
5769 2.30090069223098
5769 0
5769 6.95352989527218
5769 0
5769 0
5769 21.5222111016208
5769 21.5222111016208
5769 0
5769 34.9649955970259
5769 34.9649955970259
5769 34.9649955970259
5769 8.22802569002806
5769 0
5769 62.7174544182041
5769 2302.04619271257
5769 1.33357809720909
5769 1.33357809720909
5769 19.8615987468762
5769 19.8615987468762
5769 2.24030170723209
5769 2.24030170723209
5769 2.24030170723209
5769 0.854212618429176
5769 0.854212618429176
5769 0.854212618429176
5769 5.03643973495314
5870 0
5870 9.9141101606008
5870 9.9141101606008
5870 9.9141101606008
5870 9.9141101606008
5870 0
5870 5.35336181774088
5870 5.35336181774088
5870 5.57738745108481
5870 5.57738745108481
5870 5.57738745108481
5870 0
5870 2.9539297207592
5870 14.6413963090249
5870 14.6413963090249
5870 14.6413963090249
5870 1.86187737258426
5870 0.660945790846854
5870 8.10415988376132
5870 2.30090069223098
5870 0
5870 6.95352989527218
5870 0
5870 0
5870 21.5222111016208
5870 21.5222111016208
5870 0
5870 34.9649955970259
5870 34.9649955970259
5870 34.9649955970259
5870 8.22802569002806
5870 0
5870 62.7174544182041
5870 2302.04619271257
5870 1.33357809720909
5870 1.33357809720909
5870 19.8615987468762
5870 19.8615987468762
5870 2.24030170723209
5870 2.24030170723209
5870 2.24030170723209
5870 0.854212618429176
5870 0.854212618429176
5870 0.854212618429176
5870 5.03643973495314
5976 0
5976 9.9141101606008
5976 9.9141101606008
5976 9.9141101606008
5976 9.9141101606008
5976 0
5976 5.35336181774088
5976 5.35336181774088
5976 5.57738745108481
5976 5.57738745108481
5976 5.57738745108481
5976 0
5976 2.9539297207592
5976 14.6413963090249
5976 14.6413963090249
5976 14.6413963090249
5976 1.86187737258426
5976 0.660945790846854
5976 8.10415988376132
5976 2.30090069223098
5976 0
5976 6.95352989527218
5976 0
5976 0
5976 21.5222111016208
5976 21.5222111016208
5976 0
5976 34.9649955970259
5976 34.9649955970259
5976 34.9649955970259
5976 8.22802569002806
5976 0
5976 62.7174544182041
5976 2302.04619271257
5976 1.33357809720909
5976 1.33357809720909
5976 19.8615987468762
5976 19.8615987468762
5976 2.24030170723209
5976 2.24030170723209
5976 2.24030170723209
5976 0.854212618429176
5976 0.854212618429176
5976 0.854212618429176
5976 5.03643973495314
5975 0
5975 9.9141101606008
5975 9.9141101606008
5975 9.9141101606008
5975 9.9141101606008
5975 0
5975 5.35336181774088
5975 5.35336181774088
5975 5.57738745108481
5975 5.57738745108481
5975 5.57738745108481
5975 0
5975 2.9539297207592
5975 14.6413963090249
5975 14.6413963090249
5975 14.6413963090249
5975 1.86187737258426
5975 0.660945790846854
5975 8.10415988376132
5975 2.30090069223098
5975 0
5975 6.95352989527218
5975 0
5975 0
5975 21.5222111016208
5975 21.5222111016208
5975 0
5975 34.9649955970259
5975 34.9649955970259
5975 34.9649955970259
5975 8.22802569002806
5975 0
5975 62.7174544182041
5975 2302.04619271257
5975 1.33357809720909
5975 1.33357809720909
5975 19.8615987468762
5975 19.8615987468762
5975 2.24030170723209
5975 2.24030170723209
5975 2.24030170723209
5975 0.854212618429176
5975 0.854212618429176
5975 0.854212618429176
5975 5.03643973495314
5972 0
5972 9.9141101606008
5972 9.9141101606008
5972 9.9141101606008
5972 9.9141101606008
5972 0
5972 5.35336181774088
5972 5.35336181774088
5972 5.57738745108481
5972 5.57738745108481
5972 5.57738745108481
5972 0
5972 2.9539297207592
5972 14.6413963090249
5972 14.6413963090249
5972 14.6413963090249
5972 1.86187737258426
5972 0.660945790846854
5972 8.10415988376132
5972 2.30090069223098
5972 0
5972 6.95352989527218
5972 0
5972 0
5972 21.5222111016208
5972 21.5222111016208
5972 0
5972 34.9649955970259
5972 34.9649955970259
5972 34.9649955970259
5972 8.22802569002806
5972 0
5972 62.7174544182041
5972 2302.04619271257
5972 1.33357809720909
5972 1.33357809720909
5972 19.8615987468762
5972 19.8615987468762
5972 2.24030170723209
5972 2.24030170723209
5972 2.24030170723209
5972 0.854212618429176
5972 0.854212618429176
5972 0.854212618429176
5972 5.03643973495314
5969 0
5969 9.9141101606008
5969 9.9141101606008
5969 9.9141101606008
5969 9.9141101606008
5969 0
5969 5.35336181774088
5969 5.35336181774088
5969 5.57738745108481
5969 5.57738745108481
5969 5.57738745108481
5969 0
5969 2.9539297207592
5969 14.6413963090249
5969 14.6413963090249
5969 14.6413963090249
5969 1.86187737258426
5969 0.660945790846854
5969 8.10415988376132
5969 2.30090069223098
5969 0
5969 6.95352989527218
5969 0
5969 0
5969 21.5222111016208
5969 21.5222111016208
5969 0
5969 34.9649955970259
5969 34.9649955970259
5969 34.9649955970259
5969 8.22802569002806
5969 0
5969 62.7174544182041
5969 2302.04619271257
5969 1.33357809720909
5969 1.33357809720909
5969 19.8615987468762
5969 19.8615987468762
5969 2.24030170723209
5969 2.24030170723209
5969 2.24030170723209
5969 0.854212618429176
5969 0.854212618429176
5969 0.854212618429176
5969 5.03643973495314
5968 0
5968 9.9141101606008
5968 9.9141101606008
5968 9.9141101606008
5968 9.9141101606008
5968 0
5968 5.35336181774088
5968 5.35336181774088
5968 5.57738745108481
5968 5.57738745108481
5968 5.57738745108481
5968 0
5968 2.9539297207592
5968 14.6413963090249
5968 14.6413963090249
5968 14.6413963090249
5968 1.86187737258426
5968 0.660945790846854
5968 8.10415988376132
5968 2.30090069223098
5968 0
5968 6.95352989527218
5968 0
5968 0
5968 21.5222111016208
5968 21.5222111016208
5968 0
5968 34.9649955970259
5968 34.9649955970259
5968 34.9649955970259
5968 8.22802569002806
5968 0
5968 62.7174544182041
5968 2302.04619271257
5968 1.33357809720909
5968 1.33357809720909
5968 19.8615987468762
5968 19.8615987468762
5968 2.24030170723209
5968 2.24030170723209
5968 2.24030170723209
5968 0.854212618429176
5968 0.854212618429176
5968 0.854212618429176
5968 5.03643973495314
6079 0
6079 9.9141101606008
6079 9.9141101606008
6079 9.9141101606008
6079 9.9141101606008
6079 0
6079 5.35336181774088
6079 5.35336181774088
6079 5.57738745108481
6079 5.57738745108481
6079 5.57738745108481
6079 0
6079 2.9539297207592
6079 14.6413963090249
6079 14.6413963090249
6079 14.6413963090249
6079 1.86187737258426
6079 0.660945790846854
6079 8.10415988376132
6079 2.30090069223098
6079 0
6079 6.95352989527218
6079 0
6079 0
6079 21.5222111016208
6079 21.5222111016208
6079 0
6079 34.9649955970259
6079 34.9649955970259
6079 34.9649955970259
6079 8.22802569002806
6079 0
6079 62.7174544182041
6079 2302.04619271257
6079 1.33357809720909
6079 1.33357809720909
6079 19.8615987468762
6079 19.8615987468762
6079 2.24030170723209
6079 2.24030170723209
6079 2.24030170723209
6079 0.854212618429176
6079 0.854212618429176
6079 0.854212618429176
6079 5.03643973495314
6077 0
6077 9.9141101606008
6077 9.9141101606008
6077 9.9141101606008
6077 9.9141101606008
6077 0
6077 5.35336181774088
6077 5.35336181774088
6077 5.57738745108481
6077 5.57738745108481
6077 5.57738745108481
6077 0
6077 2.9539297207592
6077 14.6413963090249
6077 14.6413963090249
6077 14.6413963090249
6077 1.86187737258426
6077 0.660945790846854
6077 8.10415988376132
6077 2.30090069223098
6077 0
6077 6.95352989527218
6077 0
6077 0
6077 21.5222111016208
6077 21.5222111016208
6077 0
6077 34.9649955970259
6077 34.9649955970259
6077 34.9649955970259
6077 8.22802569002806
6077 0
6077 62.7174544182041
6077 2302.04619271257
6077 1.33357809720909
6077 1.33357809720909
6077 19.8615987468762
6077 19.8615987468762
6077 2.24030170723209
6077 2.24030170723209
6077 2.24030170723209
6077 0.854212618429176
6077 0.854212618429176
6077 0.854212618429176
6077 5.03643973495314
6073 0
6073 9.9141101606008
6073 9.9141101606008
6073 9.9141101606008
6073 9.9141101606008
6073 0
6073 5.35336181774088
6073 5.35336181774088
6073 5.57738745108481
6073 5.57738745108481
6073 5.57738745108481
6073 0
6073 2.9539297207592
6073 14.6413963090249
6073 14.6413963090249
6073 14.6413963090249
6073 1.86187737258426
6073 0.660945790846854
6073 8.10415988376132
6073 2.30090069223098
6073 0
6073 6.95352989527218
6073 0
6073 0
6073 21.5222111016208
6073 21.5222111016208
6073 0
6073 34.9649955970259
6073 34.9649955970259
6073 34.9649955970259
6073 8.22802569002806
6073 0
6073 62.7174544182041
6073 2302.04619271257
6073 1.33357809720909
6073 1.33357809720909
6073 19.8615987468762
6073 19.8615987468762
6073 2.24030170723209
6073 2.24030170723209
6073 2.24030170723209
6073 0.854212618429176
6073 0.854212618429176
6073 0.854212618429176
6073 5.03643973495314
6179 0
6179 9.9141101606008
6179 9.9141101606008
6179 9.9141101606008
6179 9.9141101606008
6179 0
6179 5.35336181774088
6179 5.35336181774088
6179 5.57738745108481
6179 5.57738745108481
6179 5.57738745108481
6179 0
6179 2.9539297207592
6179 14.6413963090249
6179 14.6413963090249
6179 14.6413963090249
6179 1.86187737258426
6179 0.660945790846854
6179 8.10415988376132
6179 2.30090069223098
6179 0
6179 6.95352989527218
6179 0
6179 0
6179 21.5222111016208
6179 21.5222111016208
6179 0
6179 34.9649955970259
6179 34.9649955970259
6179 34.9649955970259
6179 8.22802569002806
6179 0
6179 62.7174544182041
6179 2302.04619271257
6179 1.33357809720909
6179 1.33357809720909
6179 19.8615987468762
6179 19.8615987468762
6179 2.24030170723209
6179 2.24030170723209
6179 2.24030170723209
6179 0.854212618429176
6179 0.854212618429176
6179 0.854212618429176
6179 5.03643973495314
6178 0
6178 9.9141101606008
6178 9.9141101606008
6178 9.9141101606008
6178 9.9141101606008
6178 0
6178 5.35336181774088
6178 5.35336181774088
6178 5.57738745108481
6178 5.57738745108481
6178 5.57738745108481
6178 0
6178 2.9539297207592
6178 14.6413963090249
6178 14.6413963090249
6178 14.6413963090249
6178 1.86187737258426
6178 0.660945790846854
6178 8.10415988376132
6178 2.30090069223098
6178 0
6178 6.95352989527218
6178 0
6178 0
6178 21.5222111016208
6178 21.5222111016208
6178 0
6178 34.9649955970259
6178 34.9649955970259
6178 34.9649955970259
6178 8.22802569002806
6178 0
6178 62.7174544182041
6178 2302.04619271257
6178 1.33357809720909
6178 1.33357809720909
6178 19.8615987468762
6178 19.8615987468762
6178 2.24030170723209
6178 2.24030170723209
6178 2.24030170723209
6178 0.854212618429176
6178 0.854212618429176
6178 0.854212618429176
6178 5.03643973495314
6177 0
6177 9.9141101606008
6177 9.9141101606008
6177 9.9141101606008
6177 9.9141101606008
6177 0
6177 5.35336181774088
6177 5.35336181774088
6177 5.57738745108481
6177 5.57738745108481
6177 5.57738745108481
6177 0
6177 2.9539297207592
6177 14.6413963090249
6177 14.6413963090249
6177 14.6413963090249
6177 1.86187737258426
6177 0.660945790846854
6177 8.10415988376132
6177 2.30090069223098
6177 0
6177 6.95352989527218
6177 0
6177 0
6177 21.5222111016208
6177 21.5222111016208
6177 0
6177 34.9649955970259
6177 34.9649955970259
6177 34.9649955970259
6177 8.22802569002806
6177 0
6177 62.7174544182041
6177 2302.04619271257
6177 1.33357809720909
6177 1.33357809720909
6177 19.8615987468762
6177 19.8615987468762
6177 2.24030170723209
6177 2.24030170723209
6177 2.24030170723209
6177 0.854212618429176
6177 0.854212618429176
6177 0.854212618429176
6177 5.03643973495314
6176 0
6176 9.9141101606008
6176 9.9141101606008
6176 9.9141101606008
6176 9.9141101606008
6176 0
6176 5.35336181774088
6176 5.35336181774088
6176 5.57738745108481
6176 5.57738745108481
6176 5.57738745108481
6176 0
6176 2.9539297207592
6176 14.6413963090249
6176 14.6413963090249
6176 14.6413963090249
6176 1.86187737258426
6176 0.660945790846854
6176 8.10415988376132
6176 2.30090069223098
6176 0
6176 6.95352989527218
6176 0
6176 0
6176 21.5222111016208
6176 21.5222111016208
6176 0
6176 34.9649955970259
6176 34.9649955970259
6176 34.9649955970259
6176 8.22802569002806
6176 0
6176 62.7174544182041
6176 2302.04619271257
6176 1.33357809720909
6176 1.33357809720909
6176 19.8615987468762
6176 19.8615987468762
6176 2.24030170723209
6176 2.24030170723209
6176 2.24030170723209
6176 0.854212618429176
6176 0.854212618429176
6176 0.854212618429176
6176 5.03643973495314
6175 0
6175 9.9141101606008
6175 9.9141101606008
6175 9.9141101606008
6175 9.9141101606008
6175 0
6175 5.35336181774088
6175 5.35336181774088
6175 5.57738745108481
6175 5.57738745108481
6175 5.57738745108481
6175 0
6175 2.9539297207592
6175 14.6413963090249
6175 14.6413963090249
6175 14.6413963090249
6175 1.86187737258426
6175 0.660945790846854
6175 8.10415988376132
6175 2.30090069223098
6175 0
6175 6.95352989527218
6175 0
6175 0
6175 21.5222111016208
6175 21.5222111016208
6175 0
6175 34.9649955970259
6175 34.9649955970259
6175 34.9649955970259
6175 8.22802569002806
6175 0
6175 62.7174544182041
6175 2302.04619271257
6175 1.33357809720909
6175 1.33357809720909
6175 19.8615987468762
6175 19.8615987468762
6175 2.24030170723209
6175 2.24030170723209
6175 2.24030170723209
6175 0.854212618429176
6175 0.854212618429176
6175 0.854212618429176
6175 5.03643973495314
6174 0
6174 9.9141101606008
6174 9.9141101606008
6174 9.9141101606008
6174 9.9141101606008
6174 0
6174 5.35336181774088
6174 5.35336181774088
6174 5.57738745108481
6174 5.57738745108481
6174 5.57738745108481
6174 0
6174 2.9539297207592
6174 14.6413963090249
6174 14.6413963090249
6174 14.6413963090249
6174 1.86187737258426
6174 0.660945790846854
6174 8.10415988376132
6174 2.30090069223098
6174 0
6174 6.95352989527218
6174 0
6174 0
6174 21.5222111016208
6174 21.5222111016208
6174 0
6174 34.9649955970259
6174 34.9649955970259
6174 34.9649955970259
6174 8.22802569002806
6174 0
6174 62.7174544182041
6174 2302.04619271257
6174 1.33357809720909
6174 1.33357809720909
6174 19.8615987468762
6174 19.8615987468762
6174 2.24030170723209
6174 2.24030170723209
6174 2.24030170723209
6174 0.854212618429176
6174 0.854212618429176
6174 0.854212618429176
6174 5.03643973495314
6276 0
6276 9.9141101606008
6276 9.9141101606008
6276 9.9141101606008
6276 9.9141101606008
6276 0
6276 5.35336181774088
6276 5.35336181774088
6276 5.57738745108481
6276 5.57738745108481
6276 5.57738745108481
6276 0
6276 2.9539297207592
6276 14.6413963090249
6276 14.6413963090249
6276 14.6413963090249
6276 1.86187737258426
6276 0.660945790846854
6276 8.10415988376132
6276 2.30090069223098
6276 0
6276 6.95352989527218
6276 0
6276 0
6276 21.5222111016208
6276 21.5222111016208
6276 0
6276 34.9649955970259
6276 34.9649955970259
6276 34.9649955970259
6276 8.22802569002806
6276 0
6276 62.7174544182041
6276 2302.04619271257
6276 1.33357809720909
6276 1.33357809720909
6276 19.8615987468762
6276 19.8615987468762
6276 2.24030170723209
6276 2.24030170723209
6276 2.24030170723209
6276 0.854212618429176
6276 0.854212618429176
6276 0.854212618429176
6276 5.03643973495314
6274 0
6274 9.9141101606008
6274 9.9141101606008
6274 9.9141101606008
6274 9.9141101606008
6274 0
6274 5.35336181774088
6274 5.35336181774088
6274 5.57738745108481
6274 5.57738745108481
6274 5.57738745108481
6274 0
6274 2.9539297207592
6274 14.6413963090249
6274 14.6413963090249
6274 14.6413963090249
6274 1.86187737258426
6274 0.660945790846854
6274 8.10415988376132
6274 2.30090069223098
6274 0
6274 6.95352989527218
6274 0
6274 0
6274 21.5222111016208
6274 21.5222111016208
6274 0
6274 34.9649955970259
6274 34.9649955970259
6274 34.9649955970259
6274 8.22802569002806
6274 0
6274 62.7174544182041
6274 2302.04619271257
6274 1.33357809720909
6274 1.33357809720909
6274 19.8615987468762
6274 19.8615987468762
6274 2.24030170723209
6274 2.24030170723209
6274 2.24030170723209
6274 0.854212618429176
6274 0.854212618429176
6274 0.854212618429176
6274 5.03643973495314
6271 0
6271 9.9141101606008
6271 9.9141101606008
6271 9.9141101606008
6271 9.9141101606008
6271 0
6271 5.35336181774088
6271 5.35336181774088
6271 5.57738745108481
6271 5.57738745108481
6271 5.57738745108481
6271 0
6271 2.9539297207592
6271 14.6413963090249
6271 14.6413963090249
6271 14.6413963090249
6271 1.86187737258426
6271 0.660945790846854
6271 8.10415988376132
6271 2.30090069223098
6271 0
6271 6.95352989527218
6271 0
6271 0
6271 21.5222111016208
6271 21.5222111016208
6271 0
6271 34.9649955970259
6271 34.9649955970259
6271 34.9649955970259
6271 8.22802569002806
6271 0
6271 62.7174544182041
6271 2302.04619271257
6271 1.33357809720909
6271 1.33357809720909
6271 19.8615987468762
6271 19.8615987468762
6271 2.24030170723209
6271 2.24030170723209
6271 2.24030170723209
6271 0.854212618429176
6271 0.854212618429176
6271 0.854212618429176
6271 5.03643973495314
6270 0
6270 9.9141101606008
6270 9.9141101606008
6270 9.9141101606008
6270 9.9141101606008
6270 0
6270 5.35336181774088
6270 5.35336181774088
6270 5.57738745108481
6270 5.57738745108481
6270 5.57738745108481
6270 0
6270 2.9539297207592
6270 14.6413963090249
6270 14.6413963090249
6270 14.6413963090249
6270 1.86187737258426
6270 0.660945790846854
6270 8.10415988376132
6270 2.30090069223098
6270 0
6270 6.95352989527218
6270 0
6270 0
6270 21.5222111016208
6270 21.5222111016208
6270 0
6270 34.9649955970259
6270 34.9649955970259
6270 34.9649955970259
6270 8.22802569002806
6270 0
6270 62.7174544182041
6270 2302.04619271257
6270 1.33357809720909
6270 1.33357809720909
6270 19.8615987468762
6270 19.8615987468762
6270 2.24030170723209
6270 2.24030170723209
6270 2.24030170723209
6270 0.854212618429176
6270 0.854212618429176
6270 0.854212618429176
6270 5.03643973495314
6269 0
6269 9.9141101606008
6269 9.9141101606008
6269 9.9141101606008
6269 9.9141101606008
6269 0
6269 5.35336181774088
6269 5.35336181774088
6269 5.57738745108481
6269 5.57738745108481
6269 5.57738745108481
6269 0
6269 2.9539297207592
6269 14.6413963090249
6269 14.6413963090249
6269 14.6413963090249
6269 1.86187737258426
6269 0.660945790846854
6269 8.10415988376132
6269 2.30090069223098
6269 0
6269 6.95352989527218
6269 0
6269 0
6269 21.5222111016208
6269 21.5222111016208
6269 0
6269 34.9649955970259
6269 34.9649955970259
6269 34.9649955970259
6269 8.22802569002806
6269 0
6269 62.7174544182041
6269 2302.04619271257
6269 1.33357809720909
6269 1.33357809720909
6269 19.8615987468762
6269 19.8615987468762
6269 2.24030170723209
6269 2.24030170723209
6269 2.24030170723209
6269 0.854212618429176
6269 0.854212618429176
6269 0.854212618429176
6269 5.03643973495314
6268 0
6268 9.9141101606008
6268 9.9141101606008
6268 9.9141101606008
6268 9.9141101606008
6268 0
6268 5.35336181774088
6268 5.35336181774088
6268 5.57738745108481
6268 5.57738745108481
6268 5.57738745108481
6268 0
6268 2.9539297207592
6268 14.6413963090249
6268 14.6413963090249
6268 14.6413963090249
6268 1.86187737258426
6268 0.660945790846854
6268 8.10415988376132
6268 2.30090069223098
6268 0
6268 6.95352989527218
6268 0
6268 0
6268 21.5222111016208
6268 21.5222111016208
6268 0
6268 34.9649955970259
6268 34.9649955970259
6268 34.9649955970259
6268 8.22802569002806
6268 0
6268 62.7174544182041
6268 2302.04619271257
6268 1.33357809720909
6268 1.33357809720909
6268 19.8615987468762
6268 19.8615987468762
6268 2.24030170723209
6268 2.24030170723209
6268 2.24030170723209
6268 0.854212618429176
6268 0.854212618429176
6268 0.854212618429176
6268 5.03643973495314
6364 0
6364 9.9141101606008
6364 9.9141101606008
6364 9.9141101606008
6364 9.9141101606008
6364 0
6364 5.35336181774088
6364 5.35336181774088
6364 5.57738745108481
6364 5.57738745108481
6364 5.57738745108481
6364 0
6364 2.9539297207592
6364 14.6413963090249
6364 14.6413963090249
6364 14.6413963090249
6364 1.86187737258426
6364 0.660945790846854
6364 8.10415988376132
6364 2.30090069223098
6364 0
6364 6.95352989527218
6364 0
6364 0
6364 21.5222111016208
6364 21.5222111016208
6364 0
6364 34.9649955970259
6364 34.9649955970259
6364 34.9649955970259
6364 8.22802569002806
6364 0
6364 62.7174544182041
6364 2302.04619271257
6364 1.33357809720909
6364 1.33357809720909
6364 19.8615987468762
6364 19.8615987468762
6364 2.24030170723209
6364 2.24030170723209
6364 2.24030170723209
6364 0.854212618429176
6364 0.854212618429176
6364 0.854212618429176
6364 5.03643973495314
6363 0
6363 9.9141101606008
6363 9.9141101606008
6363 9.9141101606008
6363 9.9141101606008
6363 0
6363 5.35336181774088
6363 5.35336181774088
6363 5.57738745108481
6363 5.57738745108481
6363 5.57738745108481
6363 0
6363 2.9539297207592
6363 14.6413963090249
6363 14.6413963090249
6363 14.6413963090249
6363 1.86187737258426
6363 0.660945790846854
6363 8.10415988376132
6363 2.30090069223098
6363 0
6363 6.95352989527218
6363 0
6363 0
6363 21.5222111016208
6363 21.5222111016208
6363 0
6363 34.9649955970259
6363 34.9649955970259
6363 34.9649955970259
6363 8.22802569002806
6363 0
6363 62.7174544182041
6363 2302.04619271257
6363 1.33357809720909
6363 1.33357809720909
6363 19.8615987468762
6363 19.8615987468762
6363 2.24030170723209
6363 2.24030170723209
6363 2.24030170723209
6363 0.854212618429176
6363 0.854212618429176
6363 0.854212618429176
6363 5.03643973495314
6259 0
6259 9.9141101606008
6259 9.9141101606008
6259 9.9141101606008
6259 9.9141101606008
6259 0
6259 5.35336181774088
6259 5.35336181774088
6259 5.57738745108481
6259 5.57738745108481
6259 5.57738745108481
6259 0
6259 2.9539297207592
6259 14.6413963090249
6259 14.6413963090249
6259 14.6413963090249
6259 1.86187737258426
6259 0.660945790846854
6259 8.10415988376132
6259 2.30090069223098
6259 0
6259 6.95352989527218
6259 0
6259 0
6259 21.5222111016208
6259 21.5222111016208
6259 0
6259 34.9649955970259
6259 34.9649955970259
6259 34.9649955970259
6259 8.22802569002806
6259 0
6259 62.7174544182041
6259 2302.04619271257
6259 1.33357809720909
6259 1.33357809720909
6259 19.8615987468762
6259 19.8615987468762
6259 2.24030170723209
6259 2.24030170723209
6259 2.24030170723209
6259 0.854212618429176
6259 0.854212618429176
6259 0.854212618429176
6259 5.03643973495314
6361 0
6361 9.9141101606008
6361 9.9141101606008
6361 9.9141101606008
6361 9.9141101606008
6361 0
6361 5.35336181774088
6361 5.35336181774088
6361 5.57738745108481
6361 5.57738745108481
6361 5.57738745108481
6361 0
6361 2.9539297207592
6361 14.6413963090249
6361 14.6413963090249
6361 14.6413963090249
6361 1.86187737258426
6361 0.660945790846854
6361 8.10415988376132
6361 2.30090069223098
6361 0
6361 6.95352989527218
6361 0
6361 0
6361 21.5222111016208
6361 21.5222111016208
6361 0
6361 34.9649955970259
6361 34.9649955970259
6361 34.9649955970259
6361 8.22802569002806
6361 0
6361 62.7174544182041
6361 2302.04619271257
6361 1.33357809720909
6361 1.33357809720909
6361 19.8615987468762
6361 19.8615987468762
6361 2.24030170723209
6361 2.24030170723209
6361 2.24030170723209
6361 0.854212618429176
6361 0.854212618429176
6361 0.854212618429176
6361 5.03643973495314
6360 0
6360 9.9141101606008
6360 9.9141101606008
6360 9.9141101606008
6360 9.9141101606008
6360 0
6360 5.35336181774088
6360 5.35336181774088
6360 5.57738745108481
6360 5.57738745108481
6360 5.57738745108481
6360 0
6360 2.9539297207592
6360 14.6413963090249
6360 14.6413963090249
6360 14.6413963090249
6360 1.86187737258426
6360 0.660945790846854
6360 8.10415988376132
6360 2.30090069223098
6360 0
6360 6.95352989527218
6360 0
6360 0
6360 21.5222111016208
6360 21.5222111016208
6360 0
6360 34.9649955970259
6360 34.9649955970259
6360 34.9649955970259
6360 8.22802569002806
6360 0
6360 62.7174544182041
6360 2302.04619271257
6360 1.33357809720909
6360 1.33357809720909
6360 19.8615987468762
6360 19.8615987468762
6360 2.24030170723209
6360 2.24030170723209
6360 2.24030170723209
6360 0.854212618429176
6360 0.854212618429176
6360 0.854212618429176
6360 5.03643973495314
6358 0
6358 9.9141101606008
6358 9.9141101606008
6358 9.9141101606008
6358 9.9141101606008
6358 0
6358 5.35336181774088
6358 5.35336181774088
6358 5.57738745108481
6358 5.57738745108481
6358 5.57738745108481
6358 0
6358 2.9539297207592
6358 14.6413963090249
6358 14.6413963090249
6358 14.6413963090249
6358 1.86187737258426
6358 0.660945790846854
6358 8.10415988376132
6358 2.30090069223098
6358 0
6358 6.95352989527218
6358 0
6358 0
6358 21.5222111016208
6358 21.5222111016208
6358 0
6358 34.9649955970259
6358 34.9649955970259
6358 34.9649955970259
6358 8.22802569002806
6358 0
6358 62.7174544182041
6358 2302.04619271257
6358 1.33357809720909
6358 1.33357809720909
6358 19.8615987468762
6358 19.8615987468762
6358 2.24030170723209
6358 2.24030170723209
6358 2.24030170723209
6358 0.854212618429176
6358 0.854212618429176
6358 0.854212618429176
6358 5.03643973495314
6452 0
6452 9.9141101606008
6452 9.9141101606008
6452 9.9141101606008
6452 9.9141101606008
6452 0
6452 5.35336181774088
6452 5.35336181774088
6452 5.57738745108481
6452 5.57738745108481
6452 5.57738745108481
6452 0
6452 2.9539297207592
6452 14.6413963090249
6452 14.6413963090249
6452 14.6413963090249
6452 1.86187737258426
6452 0.660945790846854
6452 8.10415988376132
6452 2.30090069223098
6452 0
6452 6.95352989527218
6452 0
6452 0
6452 21.5222111016208
6452 21.5222111016208
6452 0
6452 34.9649955970259
6452 34.9649955970259
6452 34.9649955970259
6452 8.22802569002806
6452 0
6452 62.7174544182041
6452 2302.04619271257
6452 1.33357809720909
6452 1.33357809720909
6452 19.8615987468762
6452 19.8615987468762
6452 2.24030170723209
6452 2.24030170723209
6452 2.24030170723209
6452 0.854212618429176
6452 0.854212618429176
6452 0.854212618429176
6452 5.03643973495314
6451 0
6451 9.9141101606008
6451 9.9141101606008
6451 9.9141101606008
6451 9.9141101606008
6451 0
6451 5.35336181774088
6451 5.35336181774088
6451 5.57738745108481
6451 5.57738745108481
6451 5.57738745108481
6451 0
6451 2.9539297207592
6451 14.6413963090249
6451 14.6413963090249
6451 14.6413963090249
6451 1.86187737258426
6451 0.660945790846854
6451 8.10415988376132
6451 2.30090069223098
6451 0
6451 6.95352989527218
6451 0
6451 0
6451 21.5222111016208
6451 21.5222111016208
6451 0
6451 34.9649955970259
6451 34.9649955970259
6451 34.9649955970259
6451 8.22802569002806
6451 0
6451 62.7174544182041
6451 2302.04619271257
6451 1.33357809720909
6451 1.33357809720909
6451 19.8615987468762
6451 19.8615987468762
6451 2.24030170723209
6451 2.24030170723209
6451 2.24030170723209
6451 0.854212618429176
6451 0.854212618429176
6451 0.854212618429176
6451 5.03643973495314
6537 0
6537 9.9141101606008
6537 9.9141101606008
6537 9.9141101606008
6537 9.9141101606008
6537 0
6537 5.35336181774088
6537 5.35336181774088
6537 5.57738745108481
6537 5.57738745108481
6537 5.57738745108481
6537 0
6537 2.9539297207592
6537 14.6413963090249
6537 14.6413963090249
6537 14.6413963090249
6537 1.86187737258426
6537 0.660945790846854
6537 8.10415988376132
6537 2.30090069223098
6537 0
6537 6.95352989527218
6537 0
6537 0
6537 21.5222111016208
6537 21.5222111016208
6537 0
6537 34.9649955970259
6537 34.9649955970259
6537 34.9649955970259
6537 8.22802569002806
6537 0
6537 62.7174544182041
6537 2302.04619271257
6537 1.33357809720909
6537 1.33357809720909
6537 19.8615987468762
6537 19.8615987468762
6537 2.24030170723209
6537 2.24030170723209
6537 2.24030170723209
6537 0.854212618429176
6537 0.854212618429176
6537 0.854212618429176
6537 5.03643973495314
6622 0
6622 9.9141101606008
6622 9.9141101606008
6622 9.9141101606008
6622 9.9141101606008
6622 0
6622 5.35336181774088
6622 5.35336181774088
6622 5.57738745108481
6622 5.57738745108481
6622 5.57738745108481
6622 0
6622 2.9539297207592
6622 14.6413963090249
6622 14.6413963090249
6622 14.6413963090249
6622 1.86187737258426
6622 0.660945790846854
6622 8.10415988376132
6622 2.30090069223098
6622 0
6622 6.95352989527218
6622 0
6622 0
6622 21.5222111016208
6622 21.5222111016208
6622 0
6622 34.9649955970259
6622 34.9649955970259
6622 34.9649955970259
6622 8.22802569002806
6622 0
6622 62.7174544182041
6622 2302.04619271257
6622 1.33357809720909
6622 1.33357809720909
6622 19.8615987468762
6622 19.8615987468762
6622 2.24030170723209
6622 2.24030170723209
6622 2.24030170723209
6622 0.854212618429176
6622 0.854212618429176
6622 0.854212618429176
6622 5.03643973495314
6700 0
6700 9.9141101606008
6700 9.9141101606008
6700 9.9141101606008
6700 9.9141101606008
6700 0
6700 5.35336181774088
6700 5.35336181774088
6700 5.57738745108481
6700 5.57738745108481
6700 5.57738745108481
6700 0
6700 2.9539297207592
6700 14.6413963090249
6700 14.6413963090249
6700 14.6413963090249
6700 1.86187737258426
6700 0.660945790846854
6700 8.10415988376132
6700 2.30090069223098
6700 0
6700 6.95352989527218
6700 0
6700 0
6700 21.5222111016208
6700 21.5222111016208
6700 0
6700 34.9649955970259
6700 34.9649955970259
6700 34.9649955970259
6700 8.22802569002806
6700 0
6700 62.7174544182041
6700 2302.04619271257
6700 1.33357809720909
6700 1.33357809720909
6700 19.8615987468762
6700 19.8615987468762
6700 2.24030170723209
6700 2.24030170723209
6700 2.24030170723209
6700 0.854212618429176
6700 0.854212618429176
6700 0.854212618429176
6700 5.03643973495314
7125 0
7125 9.9141101606008
7125 9.9141101606008
7125 9.9141101606008
7125 9.9141101606008
7125 0
7125 5.35336181774088
7125 5.35336181774088
7125 5.57738745108481
7125 5.57738745108481
7125 5.57738745108481
7125 0
7125 2.9539297207592
7125 14.6413963090249
7125 14.6413963090249
7125 14.6413963090249
7125 1.86187737258426
7125 0.660945790846854
7125 8.10415988376132
7125 2.30090069223098
7125 0
7125 6.95352989527218
7125 0
7125 0
7125 21.5222111016208
7125 21.5222111016208
7125 0
7125 34.9649955970259
7125 34.9649955970259
7125 34.9649955970259
7125 8.22802569002806
7125 0
7125 62.7174544182041
7125 2302.04619271257
7125 1.33357809720909
7125 1.33357809720909
7125 19.8615987468762
7125 19.8615987468762
7125 2.24030170723209
7125 2.24030170723209
7125 2.24030170723209
7125 0.854212618429176
7125 0.854212618429176
7125 0.854212618429176
7125 5.03643973495314
7200 0
7200 9.9141101606008
7200 9.9141101606008
7200 9.9141101606008
7200 9.9141101606008
7200 0
7200 5.35336181774088
7200 5.35336181774088
7200 5.57738745108481
7200 5.57738745108481
7200 5.57738745108481
7200 0
7200 2.9539297207592
7200 14.6413963090249
7200 14.6413963090249
7200 14.6413963090249
7200 1.86187737258426
7200 0.660945790846854
7200 8.10415988376132
7200 2.30090069223098
7200 0
7200 6.95352989527218
7200 0
7200 0
7200 21.5222111016208
7200 21.5222111016208
7200 0
7200 34.9649955970259
7200 34.9649955970259
7200 34.9649955970259
7200 8.22802569002806
7200 0
7200 62.7174544182041
7200 2302.04619271257
7200 1.33357809720909
7200 1.33357809720909
7200 19.8615987468762
7200 19.8615987468762
7200 2.24030170723209
7200 2.24030170723209
7200 2.24030170723209
7200 0.854212618429176
7200 0.854212618429176
7200 0.854212618429176
7200 5.03643973495314
