pt_graph cpue_kghour
3815 0
3815 29.5222576909174
3815 29.5222576909174
3815 29.5222576909174
3815 29.5222576909174
3815 0
3815 2.38303699793906
3815 2.38303699793906
3815 8.84552313134611
3815 8.84552313134611
3815 8.84552313134611
3815 0
3815 0.725372552144123
3815 3.17482163491066
3815 3.17482163491066
3815 3.17482163491066
3815 2.99973188836567
3815 0.1708623965523
3815 0.443975745331671
3815 1.195189021348
3815 0
3815 1.68630663397912
3815 0
3815 0
3815 13.2285772528462
3815 13.2285772528462
3815 0
3815 7.98948867764913
3815 7.98948867764913
3815 7.98948867764913
3815 1.81771000397265
3815 0
3815 0
3815 964.358135011162
3815 0.778841062661846
3815 0.778841062661846
3815 8.46827030493397
3815 8.46827030493397
3815 0.473192948688548
3815 0.473192948688548
3815 0.473192948688548
3815 0.57998587928548
3815 0.57998587928548
3815 0.57998587928548
3815 0.335841893334624
4000 0
4000 29.5222576909174
4000 29.5222576909174
4000 29.5222576909174
4000 29.5222576909174
4000 0
4000 2.38303699793906
4000 2.38303699793906
4000 8.84552313134611
4000 8.84552313134611
4000 8.84552313134611
4000 0
4000 0.725372552144123
4000 3.17482163491066
4000 3.17482163491066
4000 3.17482163491066
4000 2.99973188836567
4000 0.1708623965523
4000 0.443975745331671
4000 1.195189021348
4000 0
4000 1.68630663397912
4000 0
4000 0
4000 13.2285772528462
4000 13.2285772528462
4000 0
4000 7.98948867764913
4000 7.98948867764913
4000 7.98948867764913
4000 1.81771000397265
4000 0
4000 0
4000 964.358135011162
4000 0.778841062661846
4000 0.778841062661846
4000 8.46827030493397
4000 8.46827030493397
4000 0.473192948688548
4000 0.473192948688548
4000 0.473192948688548
4000 0.57998587928548
4000 0.57998587928548
4000 0.57998587928548
4000 0.335841893334624
4349 0
4349 29.5222576909174
4349 29.5222576909174
4349 29.5222576909174
4349 29.5222576909174
4349 0
4349 2.38303699793906
4349 2.38303699793906
4349 8.84552313134611
4349 8.84552313134611
4349 8.84552313134611
4349 0
4349 0.725372552144123
4349 3.17482163491066
4349 3.17482163491066
4349 3.17482163491066
4349 2.99973188836567
4349 0.1708623965523
4349 0.443975745331671
4349 1.195189021348
4349 0
4349 1.68630663397912
4349 0
4349 0
4349 13.2285772528462
4349 13.2285772528462
4349 0
4349 7.98948867764913
4349 7.98948867764913
4349 7.98948867764913
4349 1.81771000397265
4349 0
4349 0
4349 964.358135011162
4349 0.778841062661846
4349 0.778841062661846
4349 8.46827030493397
4349 8.46827030493397
4349 0.473192948688548
4349 0.473192948688548
4349 0.473192948688548
4349 0.57998587928548
4349 0.57998587928548
4349 0.57998587928548
4349 0.335841893334624
4704 0
4704 29.5222576909174
4704 29.5222576909174
4704 29.5222576909174
4704 29.5222576909174
4704 0
4704 2.38303699793906
4704 2.38303699793906
4704 8.84552313134611
4704 8.84552313134611
4704 8.84552313134611
4704 0
4704 0.725372552144123
4704 3.17482163491066
4704 3.17482163491066
4704 3.17482163491066
4704 2.99973188836567
4704 0.1708623965523
4704 0.443975745331671
4704 1.195189021348
4704 0
4704 1.68630663397912
4704 0
4704 0
4704 13.2285772528462
4704 13.2285772528462
4704 0
4704 7.98948867764913
4704 7.98948867764913
4704 7.98948867764913
4704 1.81771000397265
4704 0
4704 0
4704 964.358135011162
4704 0.778841062661846
4704 0.778841062661846
4704 8.46827030493397
4704 8.46827030493397
4704 0.473192948688548
4704 0.473192948688548
4704 0.473192948688548
4704 0.57998587928548
4704 0.57998587928548
4704 0.57998587928548
4704 0.335841893334624
4807 0
4807 29.5222576909174
4807 29.5222576909174
4807 29.5222576909174
4807 29.5222576909174
4807 0
4807 2.38303699793906
4807 2.38303699793906
4807 8.84552313134611
4807 8.84552313134611
4807 8.84552313134611
4807 0
4807 0.725372552144123
4807 3.17482163491066
4807 3.17482163491066
4807 3.17482163491066
4807 2.99973188836567
4807 0.1708623965523
4807 0.443975745331671
4807 1.195189021348
4807 0
4807 1.68630663397912
4807 0
4807 0
4807 13.2285772528462
4807 13.2285772528462
4807 0
4807 7.98948867764913
4807 7.98948867764913
4807 7.98948867764913
4807 1.81771000397265
4807 0
4807 0
4807 964.358135011162
4807 0.778841062661846
4807 0.778841062661846
4807 8.46827030493397
4807 8.46827030493397
4807 0.473192948688548
4807 0.473192948688548
4807 0.473192948688548
4807 0.57998587928548
4807 0.57998587928548
4807 0.57998587928548
4807 0.335841893334624
4806 0
4806 29.5222576909174
4806 29.5222576909174
4806 29.5222576909174
4806 29.5222576909174
4806 0
4806 2.38303699793906
4806 2.38303699793906
4806 8.84552313134611
4806 8.84552313134611
4806 8.84552313134611
4806 0
4806 0.725372552144123
4806 3.17482163491066
4806 3.17482163491066
4806 3.17482163491066
4806 2.99973188836567
4806 0.1708623965523
4806 0.443975745331671
4806 1.195189021348
4806 0
4806 1.68630663397912
4806 0
4806 0
4806 13.2285772528462
4806 13.2285772528462
4806 0
4806 7.98948867764913
4806 7.98948867764913
4806 7.98948867764913
4806 1.81771000397265
4806 0
4806 0
4806 964.358135011162
4806 0.778841062661846
4806 0.778841062661846
4806 8.46827030493397
4806 8.46827030493397
4806 0.473192948688548
4806 0.473192948688548
4806 0.473192948688548
4806 0.57998587928548
4806 0.57998587928548
4806 0.57998587928548
4806 0.335841893334624
10939 0
10939 29.5222576909174
10939 29.5222576909174
10939 29.5222576909174
10939 29.5222576909174
10939 0
10939 2.38303699793906
10939 2.38303699793906
10939 8.84552313134611
10939 8.84552313134611
10939 8.84552313134611
10939 0
10939 0.725372552144123
10939 3.17482163491066
10939 3.17482163491066
10939 3.17482163491066
10939 2.99973188836567
10939 0.1708623965523
10939 0.443975745331671
10939 1.195189021348
10939 0
10939 1.68630663397912
10939 0
10939 0
10939 13.2285772528462
10939 13.2285772528462
10939 0
10939 7.98948867764913
10939 7.98948867764913
10939 7.98948867764913
10939 1.81771000397265
10939 0
10939 0
10939 964.358135011162
10939 0.778841062661846
10939 0.778841062661846
10939 8.46827030493397
10939 8.46827030493397
10939 0.473192948688548
10939 0.473192948688548
10939 0.473192948688548
10939 0.57998587928548
10939 0.57998587928548
10939 0.57998587928548
10939 0.335841893334624
9998 0
9998 29.5222576909174
9998 29.5222576909174
9998 29.5222576909174
9998 29.5222576909174
9998 0
9998 2.38303699793906
9998 2.38303699793906
9998 8.84552313134611
9998 8.84552313134611
9998 8.84552313134611
9998 0
9998 0.725372552144123
9998 3.17482163491066
9998 3.17482163491066
9998 3.17482163491066
9998 2.99973188836567
9998 0.1708623965523
9998 0.443975745331671
9998 1.195189021348
9998 0
9998 1.68630663397912
9998 0
9998 0
9998 13.2285772528462
9998 13.2285772528462
9998 0
9998 7.98948867764913
9998 7.98948867764913
9998 7.98948867764913
9998 1.81771000397265
9998 0
9998 0
9998 964.358135011162
9998 0.778841062661846
9998 0.778841062661846
9998 8.46827030493397
9998 8.46827030493397
9998 0.473192948688548
9998 0.473192948688548
9998 0.473192948688548
9998 0.57998587928548
9998 0.57998587928548
9998 0.57998587928548
9998 0.335841893334624
4794 0
4794 29.5222576909174
4794 29.5222576909174
4794 29.5222576909174
4794 29.5222576909174
4794 0
4794 2.38303699793906
4794 2.38303699793906
4794 8.84552313134611
4794 8.84552313134611
4794 8.84552313134611
4794 0
4794 0.725372552144123
4794 3.17482163491066
4794 3.17482163491066
4794 3.17482163491066
4794 2.99973188836567
4794 0.1708623965523
4794 0.443975745331671
4794 1.195189021348
4794 0
4794 1.68630663397912
4794 0
4794 0
4794 13.2285772528462
4794 13.2285772528462
4794 0
4794 7.98948867764913
4794 7.98948867764913
4794 7.98948867764913
4794 1.81771000397265
4794 0
4794 0
4794 964.358135011162
4794 0.778841062661846
4794 0.778841062661846
4794 8.46827030493397
4794 8.46827030493397
4794 0.473192948688548
4794 0.473192948688548
4794 0.473192948688548
4794 0.57998587928548
4794 0.57998587928548
4794 0.57998587928548
4794 0.335841893334624
4898 0
4898 29.5222576909174
4898 29.5222576909174
4898 29.5222576909174
4898 29.5222576909174
4898 0
4898 2.38303699793906
4898 2.38303699793906
4898 8.84552313134611
4898 8.84552313134611
4898 8.84552313134611
4898 0
4898 0.725372552144123
4898 3.17482163491066
4898 3.17482163491066
4898 3.17482163491066
4898 2.99973188836567
4898 0.1708623965523
4898 0.443975745331671
4898 1.195189021348
4898 0
4898 1.68630663397912
4898 0
4898 0
4898 13.2285772528462
4898 13.2285772528462
4898 0
4898 7.98948867764913
4898 7.98948867764913
4898 7.98948867764913
4898 1.81771000397265
4898 0
4898 0
4898 964.358135011162
4898 0.778841062661846
4898 0.778841062661846
4898 8.46827030493397
4898 8.46827030493397
4898 0.473192948688548
4898 0.473192948688548
4898 0.473192948688548
4898 0.57998587928548
4898 0.57998587928548
4898 0.57998587928548
4898 0.335841893334624
4897 0
4897 29.5222576909174
4897 29.5222576909174
4897 29.5222576909174
4897 29.5222576909174
4897 0
4897 2.38303699793906
4897 2.38303699793906
4897 8.84552313134611
4897 8.84552313134611
4897 8.84552313134611
4897 0
4897 0.725372552144123
4897 3.17482163491066
4897 3.17482163491066
4897 3.17482163491066
4897 2.99973188836567
4897 0.1708623965523
4897 0.443975745331671
4897 1.195189021348
4897 0
4897 1.68630663397912
4897 0
4897 0
4897 13.2285772528462
4897 13.2285772528462
4897 0
4897 7.98948867764913
4897 7.98948867764913
4897 7.98948867764913
4897 1.81771000397265
4897 0
4897 0
4897 964.358135011162
4897 0.778841062661846
4897 0.778841062661846
4897 8.46827030493397
4897 8.46827030493397
4897 0.473192948688548
4897 0.473192948688548
4897 0.473192948688548
4897 0.57998587928548
4897 0.57998587928548
4897 0.57998587928548
4897 0.335841893334624
4890 0
4890 29.5222576909174
4890 29.5222576909174
4890 29.5222576909174
4890 29.5222576909174
4890 0
4890 2.38303699793906
4890 2.38303699793906
4890 8.84552313134611
4890 8.84552313134611
4890 8.84552313134611
4890 0
4890 0.725372552144123
4890 3.17482163491066
4890 3.17482163491066
4890 3.17482163491066
4890 2.99973188836567
4890 0.1708623965523
4890 0.443975745331671
4890 1.195189021348
4890 0
4890 1.68630663397912
4890 0
4890 0
4890 13.2285772528462
4890 13.2285772528462
4890 0
4890 7.98948867764913
4890 7.98948867764913
4890 7.98948867764913
4890 1.81771000397265
4890 0
4890 0
4890 964.358135011162
4890 0.778841062661846
4890 0.778841062661846
4890 8.46827030493397
4890 8.46827030493397
4890 0.473192948688548
4890 0.473192948688548
4890 0.473192948688548
4890 0.57998587928548
4890 0.57998587928548
4890 0.57998587928548
4890 0.335841893334624
4988 0
4988 29.5222576909174
4988 29.5222576909174
4988 29.5222576909174
4988 29.5222576909174
4988 0
4988 2.38303699793906
4988 2.38303699793906
4988 8.84552313134611
4988 8.84552313134611
4988 8.84552313134611
4988 0
4988 0.725372552144123
4988 3.17482163491066
4988 3.17482163491066
4988 3.17482163491066
4988 2.99973188836567
4988 0.1708623965523
4988 0.443975745331671
4988 1.195189021348
4988 0
4988 1.68630663397912
4988 0
4988 0
4988 13.2285772528462
4988 13.2285772528462
4988 0
4988 7.98948867764913
4988 7.98948867764913
4988 7.98948867764913
4988 1.81771000397265
4988 0
4988 0
4988 964.358135011162
4988 0.778841062661846
4988 0.778841062661846
4988 8.46827030493397
4988 8.46827030493397
4988 0.473192948688548
4988 0.473192948688548
4988 0.473192948688548
4988 0.57998587928548
4988 0.57998587928548
4988 0.57998587928548
4988 0.335841893334624
4987 0
4987 29.5222576909174
4987 29.5222576909174
4987 29.5222576909174
4987 29.5222576909174
4987 0
4987 2.38303699793906
4987 2.38303699793906
4987 8.84552313134611
4987 8.84552313134611
4987 8.84552313134611
4987 0
4987 0.725372552144123
4987 3.17482163491066
4987 3.17482163491066
4987 3.17482163491066
4987 2.99973188836567
4987 0.1708623965523
4987 0.443975745331671
4987 1.195189021348
4987 0
4987 1.68630663397912
4987 0
4987 0
4987 13.2285772528462
4987 13.2285772528462
4987 0
4987 7.98948867764913
4987 7.98948867764913
4987 7.98948867764913
4987 1.81771000397265
4987 0
4987 0
4987 964.358135011162
4987 0.778841062661846
4987 0.778841062661846
4987 8.46827030493397
4987 8.46827030493397
4987 0.473192948688548
4987 0.473192948688548
4987 0.473192948688548
4987 0.57998587928548
4987 0.57998587928548
4987 0.57998587928548
4987 0.335841893334624
4986 0
4986 29.5222576909174
4986 29.5222576909174
4986 29.5222576909174
4986 29.5222576909174
4986 0
4986 2.38303699793906
4986 2.38303699793906
4986 8.84552313134611
4986 8.84552313134611
4986 8.84552313134611
4986 0
4986 0.725372552144123
4986 3.17482163491066
4986 3.17482163491066
4986 3.17482163491066
4986 2.99973188836567
4986 0.1708623965523
4986 0.443975745331671
4986 1.195189021348
4986 0
4986 1.68630663397912
4986 0
4986 0
4986 13.2285772528462
4986 13.2285772528462
4986 0
4986 7.98948867764913
4986 7.98948867764913
4986 7.98948867764913
4986 1.81771000397265
4986 0
4986 0
4986 964.358135011162
4986 0.778841062661846
4986 0.778841062661846
4986 8.46827030493397
4986 8.46827030493397
4986 0.473192948688548
4986 0.473192948688548
4986 0.473192948688548
4986 0.57998587928548
4986 0.57998587928548
4986 0.57998587928548
4986 0.335841893334624
4981 0
4981 29.5222576909174
4981 29.5222576909174
4981 29.5222576909174
4981 29.5222576909174
4981 0
4981 2.38303699793906
4981 2.38303699793906
4981 8.84552313134611
4981 8.84552313134611
4981 8.84552313134611
4981 0
4981 0.725372552144123
4981 3.17482163491066
4981 3.17482163491066
4981 3.17482163491066
4981 2.99973188836567
4981 0.1708623965523
4981 0.443975745331671
4981 1.195189021348
4981 0
4981 1.68630663397912
4981 0
4981 0
4981 13.2285772528462
4981 13.2285772528462
4981 0
4981 7.98948867764913
4981 7.98948867764913
4981 7.98948867764913
4981 1.81771000397265
4981 0
4981 0
4981 964.358135011162
4981 0.778841062661846
4981 0.778841062661846
4981 8.46827030493397
4981 8.46827030493397
4981 0.473192948688548
4981 0.473192948688548
4981 0.473192948688548
4981 0.57998587928548
4981 0.57998587928548
4981 0.57998587928548
4981 0.335841893334624
4980 0
4980 29.5222576909174
4980 29.5222576909174
4980 29.5222576909174
4980 29.5222576909174
4980 0
4980 2.38303699793906
4980 2.38303699793906
4980 8.84552313134611
4980 8.84552313134611
4980 8.84552313134611
4980 0
4980 0.725372552144123
4980 3.17482163491066
4980 3.17482163491066
4980 3.17482163491066
4980 2.99973188836567
4980 0.1708623965523
4980 0.443975745331671
4980 1.195189021348
4980 0
4980 1.68630663397912
4980 0
4980 0
4980 13.2285772528462
4980 13.2285772528462
4980 0
4980 7.98948867764913
4980 7.98948867764913
4980 7.98948867764913
4980 1.81771000397265
4980 0
4980 0
4980 964.358135011162
4980 0.778841062661846
4980 0.778841062661846
4980 8.46827030493397
4980 8.46827030493397
4980 0.473192948688548
4980 0.473192948688548
4980 0.473192948688548
4980 0.57998587928548
4980 0.57998587928548
4980 0.57998587928548
4980 0.335841893334624
4974 0
4974 29.5222576909174
4974 29.5222576909174
4974 29.5222576909174
4974 29.5222576909174
4974 0
4974 2.38303699793906
4974 2.38303699793906
4974 8.84552313134611
4974 8.84552313134611
4974 8.84552313134611
4974 0
4974 0.725372552144123
4974 3.17482163491066
4974 3.17482163491066
4974 3.17482163491066
4974 2.99973188836567
4974 0.1708623965523
4974 0.443975745331671
4974 1.195189021348
4974 0
4974 1.68630663397912
4974 0
4974 0
4974 13.2285772528462
4974 13.2285772528462
4974 0
4974 7.98948867764913
4974 7.98948867764913
4974 7.98948867764913
4974 1.81771000397265
4974 0
4974 0
4974 964.358135011162
4974 0.778841062661846
4974 0.778841062661846
4974 8.46827030493397
4974 8.46827030493397
4974 0.473192948688548
4974 0.473192948688548
4974 0.473192948688548
4974 0.57998587928548
4974 0.57998587928548
4974 0.57998587928548
4974 0.335841893334624
10944 0
10944 29.5222576909174
10944 29.5222576909174
10944 29.5222576909174
10944 29.5222576909174
10944 0
10944 2.38303699793906
10944 2.38303699793906
10944 8.84552313134611
10944 8.84552313134611
10944 8.84552313134611
10944 0
10944 0.725372552144123
10944 3.17482163491066
10944 3.17482163491066
10944 3.17482163491066
10944 2.99973188836567
10944 0.1708623965523
10944 0.443975745331671
10944 1.195189021348
10944 0
10944 1.68630663397912
10944 0
10944 0
10944 13.2285772528462
10944 13.2285772528462
10944 0
10944 7.98948867764913
10944 7.98948867764913
10944 7.98948867764913
10944 1.81771000397265
10944 0
10944 0
10944 964.358135011162
10944 0.778841062661846
10944 0.778841062661846
10944 8.46827030493397
10944 8.46827030493397
10944 0.473192948688548
10944 0.473192948688548
10944 0.473192948688548
10944 0.57998587928548
10944 0.57998587928548
10944 0.57998587928548
10944 0.335841893334624
5078 0
5078 29.5222576909174
5078 29.5222576909174
5078 29.5222576909174
5078 29.5222576909174
5078 0
5078 2.38303699793906
5078 2.38303699793906
5078 8.84552313134611
5078 8.84552313134611
5078 8.84552313134611
5078 0
5078 0.725372552144123
5078 3.17482163491066
5078 3.17482163491066
5078 3.17482163491066
5078 2.99973188836567
5078 0.1708623965523
5078 0.443975745331671
5078 1.195189021348
5078 0
5078 1.68630663397912
5078 0
5078 0
5078 13.2285772528462
5078 13.2285772528462
5078 0
5078 7.98948867764913
5078 7.98948867764913
5078 7.98948867764913
5078 1.81771000397265
5078 0
5078 0
5078 964.358135011162
5078 0.778841062661846
5078 0.778841062661846
5078 8.46827030493397
5078 8.46827030493397
5078 0.473192948688548
5078 0.473192948688548
5078 0.473192948688548
5078 0.57998587928548
5078 0.57998587928548
5078 0.57998587928548
5078 0.335841893334624
5077 0
5077 29.5222576909174
5077 29.5222576909174
5077 29.5222576909174
5077 29.5222576909174
5077 0
5077 2.38303699793906
5077 2.38303699793906
5077 8.84552313134611
5077 8.84552313134611
5077 8.84552313134611
5077 0
5077 0.725372552144123
5077 3.17482163491066
5077 3.17482163491066
5077 3.17482163491066
5077 2.99973188836567
5077 0.1708623965523
5077 0.443975745331671
5077 1.195189021348
5077 0
5077 1.68630663397912
5077 0
5077 0
5077 13.2285772528462
5077 13.2285772528462
5077 0
5077 7.98948867764913
5077 7.98948867764913
5077 7.98948867764913
5077 1.81771000397265
5077 0
5077 0
5077 964.358135011162
5077 0.778841062661846
5077 0.778841062661846
5077 8.46827030493397
5077 8.46827030493397
5077 0.473192948688548
5077 0.473192948688548
5077 0.473192948688548
5077 0.57998587928548
5077 0.57998587928548
5077 0.57998587928548
5077 0.335841893334624
5076 0
5076 29.5222576909174
5076 29.5222576909174
5076 29.5222576909174
5076 29.5222576909174
5076 0
5076 2.38303699793906
5076 2.38303699793906
5076 8.84552313134611
5076 8.84552313134611
5076 8.84552313134611
5076 0
5076 0.725372552144123
5076 3.17482163491066
5076 3.17482163491066
5076 3.17482163491066
5076 2.99973188836567
5076 0.1708623965523
5076 0.443975745331671
5076 1.195189021348
5076 0
5076 1.68630663397912
5076 0
5076 0
5076 13.2285772528462
5076 13.2285772528462
5076 0
5076 7.98948867764913
5076 7.98948867764913
5076 7.98948867764913
5076 1.81771000397265
5076 0
5076 0
5076 964.358135011162
5076 0.778841062661846
5076 0.778841062661846
5076 8.46827030493397
5076 8.46827030493397
5076 0.473192948688548
5076 0.473192948688548
5076 0.473192948688548
5076 0.57998587928548
5076 0.57998587928548
5076 0.57998587928548
5076 0.335841893334624
5075 0
5075 29.5222576909174
5075 29.5222576909174
5075 29.5222576909174
5075 29.5222576909174
5075 0
5075 2.38303699793906
5075 2.38303699793906
5075 8.84552313134611
5075 8.84552313134611
5075 8.84552313134611
5075 0
5075 0.725372552144123
5075 3.17482163491066
5075 3.17482163491066
5075 3.17482163491066
5075 2.99973188836567
5075 0.1708623965523
5075 0.443975745331671
5075 1.195189021348
5075 0
5075 1.68630663397912
5075 0
5075 0
5075 13.2285772528462
5075 13.2285772528462
5075 0
5075 7.98948867764913
5075 7.98948867764913
5075 7.98948867764913
5075 1.81771000397265
5075 0
5075 0
5075 964.358135011162
5075 0.778841062661846
5075 0.778841062661846
5075 8.46827030493397
5075 8.46827030493397
5075 0.473192948688548
5075 0.473192948688548
5075 0.473192948688548
5075 0.57998587928548
5075 0.57998587928548
5075 0.57998587928548
5075 0.335841893334624
5075 0
5075 29.5222576909174
5075 29.5222576909174
5075 29.5222576909174
5075 29.5222576909174
5075 0
5075 2.38303699793906
5075 2.38303699793906
5075 8.84552313134611
5075 8.84552313134611
5075 8.84552313134611
5075 0
5075 0.725372552144123
5075 3.17482163491066
5075 3.17482163491066
5075 3.17482163491066
5075 2.99973188836567
5075 0.1708623965523
5075 0.443975745331671
5075 1.195189021348
5075 0
5075 1.68630663397912
5075 0
5075 0
5075 13.2285772528462
5075 13.2285772528462
5075 0
5075 7.98948867764913
5075 7.98948867764913
5075 7.98948867764913
5075 1.81771000397265
5075 0
5075 0
5075 964.358135011162
5075 0.778841062661846
5075 0.778841062661846
5075 8.46827030493397
5075 8.46827030493397
5075 0.473192948688548
5075 0.473192948688548
5075 0.473192948688548
5075 0.57998587928548
5075 0.57998587928548
5075 0.57998587928548
5075 0.335841893334624
5074 0
5074 29.5222576909174
5074 29.5222576909174
5074 29.5222576909174
5074 29.5222576909174
5074 0
5074 2.38303699793906
5074 2.38303699793906
5074 8.84552313134611
5074 8.84552313134611
5074 8.84552313134611
5074 0
5074 0.725372552144123
5074 3.17482163491066
5074 3.17482163491066
5074 3.17482163491066
5074 2.99973188836567
5074 0.1708623965523
5074 0.443975745331671
5074 1.195189021348
5074 0
5074 1.68630663397912
5074 0
5074 0
5074 13.2285772528462
5074 13.2285772528462
5074 0
5074 7.98948867764913
5074 7.98948867764913
5074 7.98948867764913
5074 1.81771000397265
5074 0
5074 0
5074 964.358135011162
5074 0.778841062661846
5074 0.778841062661846
5074 8.46827030493397
5074 8.46827030493397
5074 0.473192948688548
5074 0.473192948688548
5074 0.473192948688548
5074 0.57998587928548
5074 0.57998587928548
5074 0.57998587928548
5074 0.335841893334624
5167 0
5167 29.5222576909174
5167 29.5222576909174
5167 29.5222576909174
5167 29.5222576909174
5167 0
5167 2.38303699793906
5167 2.38303699793906
5167 8.84552313134611
5167 8.84552313134611
5167 8.84552313134611
5167 0
5167 0.725372552144123
5167 3.17482163491066
5167 3.17482163491066
5167 3.17482163491066
5167 2.99973188836567
5167 0.1708623965523
5167 0.443975745331671
5167 1.195189021348
5167 0
5167 1.68630663397912
5167 0
5167 0
5167 13.2285772528462
5167 13.2285772528462
5167 0
5167 7.98948867764913
5167 7.98948867764913
5167 7.98948867764913
5167 1.81771000397265
5167 0
5167 0
5167 964.358135011162
5167 0.778841062661846
5167 0.778841062661846
5167 8.46827030493397
5167 8.46827030493397
5167 0.473192948688548
5167 0.473192948688548
5167 0.473192948688548
5167 0.57998587928548
5167 0.57998587928548
5167 0.57998587928548
5167 0.335841893334624
5060 0
5060 29.5222576909174
5060 29.5222576909174
5060 29.5222576909174
5060 29.5222576909174
5060 0
5060 2.38303699793906
5060 2.38303699793906
5060 8.84552313134611
5060 8.84552313134611
5060 8.84552313134611
5060 0
5060 0.725372552144123
5060 3.17482163491066
5060 3.17482163491066
5060 3.17482163491066
5060 2.99973188836567
5060 0.1708623965523
5060 0.443975745331671
5060 1.195189021348
5060 0
5060 1.68630663397912
5060 0
5060 0
5060 13.2285772528462
5060 13.2285772528462
5060 0
5060 7.98948867764913
5060 7.98948867764913
5060 7.98948867764913
5060 1.81771000397265
5060 0
5060 0
5060 964.358135011162
5060 0.778841062661846
5060 0.778841062661846
5060 8.46827030493397
5060 8.46827030493397
5060 0.473192948688548
5060 0.473192948688548
5060 0.473192948688548
5060 0.57998587928548
5060 0.57998587928548
5060 0.57998587928548
5060 0.335841893334624
5166 0
5166 29.5222576909174
5166 29.5222576909174
5166 29.5222576909174
5166 29.5222576909174
5166 0
5166 2.38303699793906
5166 2.38303699793906
5166 8.84552313134611
5166 8.84552313134611
5166 8.84552313134611
5166 0
5166 0.725372552144123
5166 3.17482163491066
5166 3.17482163491066
5166 3.17482163491066
5166 2.99973188836567
5166 0.1708623965523
5166 0.443975745331671
5166 1.195189021348
5166 0
5166 1.68630663397912
5166 0
5166 0
5166 13.2285772528462
5166 13.2285772528462
5166 0
5166 7.98948867764913
5166 7.98948867764913
5166 7.98948867764913
5166 1.81771000397265
5166 0
5166 0
5166 964.358135011162
5166 0.778841062661846
5166 0.778841062661846
5166 8.46827030493397
5166 8.46827030493397
5166 0.473192948688548
5166 0.473192948688548
5166 0.473192948688548
5166 0.57998587928548
5166 0.57998587928548
5166 0.57998587928548
5166 0.335841893334624
5165 0
5165 29.5222576909174
5165 29.5222576909174
5165 29.5222576909174
5165 29.5222576909174
5165 0
5165 2.38303699793906
5165 2.38303699793906
5165 8.84552313134611
5165 8.84552313134611
5165 8.84552313134611
5165 0
5165 0.725372552144123
5165 3.17482163491066
5165 3.17482163491066
5165 3.17482163491066
5165 2.99973188836567
5165 0.1708623965523
5165 0.443975745331671
5165 1.195189021348
5165 0
5165 1.68630663397912
5165 0
5165 0
5165 13.2285772528462
5165 13.2285772528462
5165 0
5165 7.98948867764913
5165 7.98948867764913
5165 7.98948867764913
5165 1.81771000397265
5165 0
5165 0
5165 964.358135011162
5165 0.778841062661846
5165 0.778841062661846
5165 8.46827030493397
5165 8.46827030493397
5165 0.473192948688548
5165 0.473192948688548
5165 0.473192948688548
5165 0.57998587928548
5165 0.57998587928548
5165 0.57998587928548
5165 0.335841893334624
5164 0
5164 29.5222576909174
5164 29.5222576909174
5164 29.5222576909174
5164 29.5222576909174
5164 0
5164 2.38303699793906
5164 2.38303699793906
5164 8.84552313134611
5164 8.84552313134611
5164 8.84552313134611
5164 0
5164 0.725372552144123
5164 3.17482163491066
5164 3.17482163491066
5164 3.17482163491066
5164 2.99973188836567
5164 0.1708623965523
5164 0.443975745331671
5164 1.195189021348
5164 0
5164 1.68630663397912
5164 0
5164 0
5164 13.2285772528462
5164 13.2285772528462
5164 0
5164 7.98948867764913
5164 7.98948867764913
5164 7.98948867764913
5164 1.81771000397265
5164 0
5164 0
5164 964.358135011162
5164 0.778841062661846
5164 0.778841062661846
5164 8.46827030493397
5164 8.46827030493397
5164 0.473192948688548
5164 0.473192948688548
5164 0.473192948688548
5164 0.57998587928548
5164 0.57998587928548
5164 0.57998587928548
5164 0.335841893334624
5163 0
5163 29.5222576909174
5163 29.5222576909174
5163 29.5222576909174
5163 29.5222576909174
5163 0
5163 2.38303699793906
5163 2.38303699793906
5163 8.84552313134611
5163 8.84552313134611
5163 8.84552313134611
5163 0
5163 0.725372552144123
5163 3.17482163491066
5163 3.17482163491066
5163 3.17482163491066
5163 2.99973188836567
5163 0.1708623965523
5163 0.443975745331671
5163 1.195189021348
5163 0
5163 1.68630663397912
5163 0
5163 0
5163 13.2285772528462
5163 13.2285772528462
5163 0
5163 7.98948867764913
5163 7.98948867764913
5163 7.98948867764913
5163 1.81771000397265
5163 0
5163 0
5163 964.358135011162
5163 0.778841062661846
5163 0.778841062661846
5163 8.46827030493397
5163 8.46827030493397
5163 0.473192948688548
5163 0.473192948688548
5163 0.473192948688548
5163 0.57998587928548
5163 0.57998587928548
5163 0.57998587928548
5163 0.335841893334624
5162 0
5162 29.5222576909174
5162 29.5222576909174
5162 29.5222576909174
5162 29.5222576909174
5162 0
5162 2.38303699793906
5162 2.38303699793906
5162 8.84552313134611
5162 8.84552313134611
5162 8.84552313134611
5162 0
5162 0.725372552144123
5162 3.17482163491066
5162 3.17482163491066
5162 3.17482163491066
5162 2.99973188836567
5162 0.1708623965523
5162 0.443975745331671
5162 1.195189021348
5162 0
5162 1.68630663397912
5162 0
5162 0
5162 13.2285772528462
5162 13.2285772528462
5162 0
5162 7.98948867764913
5162 7.98948867764913
5162 7.98948867764913
5162 1.81771000397265
5162 0
5162 0
5162 964.358135011162
5162 0.778841062661846
5162 0.778841062661846
5162 8.46827030493397
5162 8.46827030493397
5162 0.473192948688548
5162 0.473192948688548
5162 0.473192948688548
5162 0.57998587928548
5162 0.57998587928548
5162 0.57998587928548
5162 0.335841893334624
10326 0
10326 29.5222576909174
10326 29.5222576909174
10326 29.5222576909174
10326 29.5222576909174
10326 0
10326 2.38303699793906
10326 2.38303699793906
10326 8.84552313134611
10326 8.84552313134611
10326 8.84552313134611
10326 0
10326 0.725372552144123
10326 3.17482163491066
10326 3.17482163491066
10326 3.17482163491066
10326 2.99973188836567
10326 0.1708623965523
10326 0.443975745331671
10326 1.195189021348
10326 0
10326 1.68630663397912
10326 0
10326 0
10326 13.2285772528462
10326 13.2285772528462
10326 0
10326 7.98948867764913
10326 7.98948867764913
10326 7.98948867764913
10326 1.81771000397265
10326 0
10326 0
10326 964.358135011162
10326 0.778841062661846
10326 0.778841062661846
10326 8.46827030493397
10326 8.46827030493397
10326 0.473192948688548
10326 0.473192948688548
10326 0.473192948688548
10326 0.57998587928548
10326 0.57998587928548
10326 0.57998587928548
10326 0.335841893334624
5257 0
5257 29.5222576909174
5257 29.5222576909174
5257 29.5222576909174
5257 29.5222576909174
5257 0
5257 2.38303699793906
5257 2.38303699793906
5257 8.84552313134611
5257 8.84552313134611
5257 8.84552313134611
5257 0
5257 0.725372552144123
5257 3.17482163491066
5257 3.17482163491066
5257 3.17482163491066
5257 2.99973188836567
5257 0.1708623965523
5257 0.443975745331671
5257 1.195189021348
5257 0
5257 1.68630663397912
5257 0
5257 0
5257 13.2285772528462
5257 13.2285772528462
5257 0
5257 7.98948867764913
5257 7.98948867764913
5257 7.98948867764913
5257 1.81771000397265
5257 0
5257 0
5257 964.358135011162
5257 0.778841062661846
5257 0.778841062661846
5257 8.46827030493397
5257 8.46827030493397
5257 0.473192948688548
5257 0.473192948688548
5257 0.473192948688548
5257 0.57998587928548
5257 0.57998587928548
5257 0.57998587928548
5257 0.335841893334624
5256 0
5256 29.5222576909174
5256 29.5222576909174
5256 29.5222576909174
5256 29.5222576909174
5256 0
5256 2.38303699793906
5256 2.38303699793906
5256 8.84552313134611
5256 8.84552313134611
5256 8.84552313134611
5256 0
5256 0.725372552144123
5256 3.17482163491066
5256 3.17482163491066
5256 3.17482163491066
5256 2.99973188836567
5256 0.1708623965523
5256 0.443975745331671
5256 1.195189021348
5256 0
5256 1.68630663397912
5256 0
5256 0
5256 13.2285772528462
5256 13.2285772528462
5256 0
5256 7.98948867764913
5256 7.98948867764913
5256 7.98948867764913
5256 1.81771000397265
5256 0
5256 0
5256 964.358135011162
5256 0.778841062661846
5256 0.778841062661846
5256 8.46827030493397
5256 8.46827030493397
5256 0.473192948688548
5256 0.473192948688548
5256 0.473192948688548
5256 0.57998587928548
5256 0.57998587928548
5256 0.57998587928548
5256 0.335841893334624
5255 0
5255 29.5222576909174
5255 29.5222576909174
5255 29.5222576909174
5255 29.5222576909174
5255 0
5255 2.38303699793906
5255 2.38303699793906
5255 8.84552313134611
5255 8.84552313134611
5255 8.84552313134611
5255 0
5255 0.725372552144123
5255 3.17482163491066
5255 3.17482163491066
5255 3.17482163491066
5255 2.99973188836567
5255 0.1708623965523
5255 0.443975745331671
5255 1.195189021348
5255 0
5255 1.68630663397912
5255 0
5255 0
5255 13.2285772528462
5255 13.2285772528462
5255 0
5255 7.98948867764913
5255 7.98948867764913
5255 7.98948867764913
5255 1.81771000397265
5255 0
5255 0
5255 964.358135011162
5255 0.778841062661846
5255 0.778841062661846
5255 8.46827030493397
5255 8.46827030493397
5255 0.473192948688548
5255 0.473192948688548
5255 0.473192948688548
5255 0.57998587928548
5255 0.57998587928548
5255 0.57998587928548
5255 0.335841893334624
5255 0
5255 29.5222576909174
5255 29.5222576909174
5255 29.5222576909174
5255 29.5222576909174
5255 0
5255 2.38303699793906
5255 2.38303699793906
5255 8.84552313134611
5255 8.84552313134611
5255 8.84552313134611
5255 0
5255 0.725372552144123
5255 3.17482163491066
5255 3.17482163491066
5255 3.17482163491066
5255 2.99973188836567
5255 0.1708623965523
5255 0.443975745331671
5255 1.195189021348
5255 0
5255 1.68630663397912
5255 0
5255 0
5255 13.2285772528462
5255 13.2285772528462
5255 0
5255 7.98948867764913
5255 7.98948867764913
5255 7.98948867764913
5255 1.81771000397265
5255 0
5255 0
5255 964.358135011162
5255 0.778841062661846
5255 0.778841062661846
5255 8.46827030493397
5255 8.46827030493397
5255 0.473192948688548
5255 0.473192948688548
5255 0.473192948688548
5255 0.57998587928548
5255 0.57998587928548
5255 0.57998587928548
5255 0.335841893334624
5253 0
5253 29.5222576909174
5253 29.5222576909174
5253 29.5222576909174
5253 29.5222576909174
5253 0
5253 2.38303699793906
5253 2.38303699793906
5253 8.84552313134611
5253 8.84552313134611
5253 8.84552313134611
5253 0
5253 0.725372552144123
5253 3.17482163491066
5253 3.17482163491066
5253 3.17482163491066
5253 2.99973188836567
5253 0.1708623965523
5253 0.443975745331671
5253 1.195189021348
5253 0
5253 1.68630663397912
5253 0
5253 0
5253 13.2285772528462
5253 13.2285772528462
5253 0
5253 7.98948867764913
5253 7.98948867764913
5253 7.98948867764913
5253 1.81771000397265
5253 0
5253 0
5253 964.358135011162
5253 0.778841062661846
5253 0.778841062661846
5253 8.46827030493397
5253 8.46827030493397
5253 0.473192948688548
5253 0.473192948688548
5253 0.473192948688548
5253 0.57998587928548
5253 0.57998587928548
5253 0.57998587928548
5253 0.335841893334624
5252 0
5252 29.5222576909174
5252 29.5222576909174
5252 29.5222576909174
5252 29.5222576909174
5252 0
5252 2.38303699793906
5252 2.38303699793906
5252 8.84552313134611
5252 8.84552313134611
5252 8.84552313134611
5252 0
5252 0.725372552144123
5252 3.17482163491066
5252 3.17482163491066
5252 3.17482163491066
5252 2.99973188836567
5252 0.1708623965523
5252 0.443975745331671
5252 1.195189021348
5252 0
5252 1.68630663397912
5252 0
5252 0
5252 13.2285772528462
5252 13.2285772528462
5252 0
5252 7.98948867764913
5252 7.98948867764913
5252 7.98948867764913
5252 1.81771000397265
5252 0
5252 0
5252 964.358135011162
5252 0.778841062661846
5252 0.778841062661846
5252 8.46827030493397
5252 8.46827030493397
5252 0.473192948688548
5252 0.473192948688548
5252 0.473192948688548
5252 0.57998587928548
5252 0.57998587928548
5252 0.57998587928548
5252 0.335841893334624
5240 0
5240 29.5222576909174
5240 29.5222576909174
5240 29.5222576909174
5240 29.5222576909174
5240 0
5240 2.38303699793906
5240 2.38303699793906
5240 8.84552313134611
5240 8.84552313134611
5240 8.84552313134611
5240 0
5240 0.725372552144123
5240 3.17482163491066
5240 3.17482163491066
5240 3.17482163491066
5240 2.99973188836567
5240 0.1708623965523
5240 0.443975745331671
5240 1.195189021348
5240 0
5240 1.68630663397912
5240 0
5240 0
5240 13.2285772528462
5240 13.2285772528462
5240 0
5240 7.98948867764913
5240 7.98948867764913
5240 7.98948867764913
5240 1.81771000397265
5240 0
5240 0
5240 964.358135011162
5240 0.778841062661846
5240 0.778841062661846
5240 8.46827030493397
5240 8.46827030493397
5240 0.473192948688548
5240 0.473192948688548
5240 0.473192948688548
5240 0.57998587928548
5240 0.57998587928548
5240 0.57998587928548
5240 0.335841893334624
5344 0
5344 29.5222576909174
5344 29.5222576909174
5344 29.5222576909174
5344 29.5222576909174
5344 0
5344 2.38303699793906
5344 2.38303699793906
5344 8.84552313134611
5344 8.84552313134611
5344 8.84552313134611
5344 0
5344 0.725372552144123
5344 3.17482163491066
5344 3.17482163491066
5344 3.17482163491066
5344 2.99973188836567
5344 0.1708623965523
5344 0.443975745331671
5344 1.195189021348
5344 0
5344 1.68630663397912
5344 0
5344 0
5344 13.2285772528462
5344 13.2285772528462
5344 0
5344 7.98948867764913
5344 7.98948867764913
5344 7.98948867764913
5344 1.81771000397265
5344 0
5344 0
5344 964.358135011162
5344 0.778841062661846
5344 0.778841062661846
5344 8.46827030493397
5344 8.46827030493397
5344 0.473192948688548
5344 0.473192948688548
5344 0.473192948688548
5344 0.57998587928548
5344 0.57998587928548
5344 0.57998587928548
5344 0.335841893334624
5343 0
5343 29.5222576909174
5343 29.5222576909174
5343 29.5222576909174
5343 29.5222576909174
5343 0
5343 2.38303699793906
5343 2.38303699793906
5343 8.84552313134611
5343 8.84552313134611
5343 8.84552313134611
5343 0
5343 0.725372552144123
5343 3.17482163491066
5343 3.17482163491066
5343 3.17482163491066
5343 2.99973188836567
5343 0.1708623965523
5343 0.443975745331671
5343 1.195189021348
5343 0
5343 1.68630663397912
5343 0
5343 0
5343 13.2285772528462
5343 13.2285772528462
5343 0
5343 7.98948867764913
5343 7.98948867764913
5343 7.98948867764913
5343 1.81771000397265
5343 0
5343 0
5343 964.358135011162
5343 0.778841062661846
5343 0.778841062661846
5343 8.46827030493397
5343 8.46827030493397
5343 0.473192948688548
5343 0.473192948688548
5343 0.473192948688548
5343 0.57998587928548
5343 0.57998587928548
5343 0.57998587928548
5343 0.335841893334624
5527 0
5527 29.5222576909174
5527 29.5222576909174
5527 29.5222576909174
5527 29.5222576909174
5527 0
5527 2.38303699793906
5527 2.38303699793906
5527 8.84552313134611
5527 8.84552313134611
5527 8.84552313134611
5527 0
5527 0.725372552144123
5527 3.17482163491066
5527 3.17482163491066
5527 3.17482163491066
5527 2.99973188836567
5527 0.1708623965523
5527 0.443975745331671
5527 1.195189021348
5527 0
5527 1.68630663397912
5527 0
5527 0
5527 13.2285772528462
5527 13.2285772528462
5527 0
5527 7.98948867764913
5527 7.98948867764913
5527 7.98948867764913
5527 1.81771000397265
5527 0
5527 0
5527 964.358135011162
5527 0.778841062661846
5527 0.778841062661846
5527 8.46827030493397
5527 8.46827030493397
5527 0.473192948688548
5527 0.473192948688548
5527 0.473192948688548
5527 0.57998587928548
5527 0.57998587928548
5527 0.57998587928548
5527 0.335841893334624
5427 0
5427 29.5222576909174
5427 29.5222576909174
5427 29.5222576909174
5427 29.5222576909174
5427 0
5427 2.38303699793906
5427 2.38303699793906
5427 8.84552313134611
5427 8.84552313134611
5427 8.84552313134611
5427 0
5427 0.725372552144123
5427 3.17482163491066
5427 3.17482163491066
5427 3.17482163491066
5427 2.99973188836567
5427 0.1708623965523
5427 0.443975745331671
5427 1.195189021348
5427 0
5427 1.68630663397912
5427 0
5427 0
5427 13.2285772528462
5427 13.2285772528462
5427 0
5427 7.98948867764913
5427 7.98948867764913
5427 7.98948867764913
5427 1.81771000397265
5427 0
5427 0
5427 964.358135011162
5427 0.778841062661846
5427 0.778841062661846
5427 8.46827030493397
5427 8.46827030493397
5427 0.473192948688548
5427 0.473192948688548
5427 0.473192948688548
5427 0.57998587928548
5427 0.57998587928548
5427 0.57998587928548
5427 0.335841893334624
5421 0
5421 29.5222576909174
5421 29.5222576909174
5421 29.5222576909174
5421 29.5222576909174
5421 0
5421 2.38303699793906
5421 2.38303699793906
5421 8.84552313134611
5421 8.84552313134611
5421 8.84552313134611
5421 0
5421 0.725372552144123
5421 3.17482163491066
5421 3.17482163491066
5421 3.17482163491066
5421 2.99973188836567
5421 0.1708623965523
5421 0.443975745331671
5421 1.195189021348
5421 0
5421 1.68630663397912
5421 0
5421 0
5421 13.2285772528462
5421 13.2285772528462
5421 0
5421 7.98948867764913
5421 7.98948867764913
5421 7.98948867764913
5421 1.81771000397265
5421 0
5421 0
5421 964.358135011162
5421 0.778841062661846
5421 0.778841062661846
5421 8.46827030493397
5421 8.46827030493397
5421 0.473192948688548
5421 0.473192948688548
5421 0.473192948688548
5421 0.57998587928548
5421 0.57998587928548
5421 0.57998587928548
5421 0.335841893334624
5418 0
5418 29.5222576909174
5418 29.5222576909174
5418 29.5222576909174
5418 29.5222576909174
5418 0
5418 2.38303699793906
5418 2.38303699793906
5418 8.84552313134611
5418 8.84552313134611
5418 8.84552313134611
5418 0
5418 0.725372552144123
5418 3.17482163491066
5418 3.17482163491066
5418 3.17482163491066
5418 2.99973188836567
5418 0.1708623965523
5418 0.443975745331671
5418 1.195189021348
5418 0
5418 1.68630663397912
5418 0
5418 0
5418 13.2285772528462
5418 13.2285772528462
5418 0
5418 7.98948867764913
5418 7.98948867764913
5418 7.98948867764913
5418 1.81771000397265
5418 0
5418 0
5418 964.358135011162
5418 0.778841062661846
5418 0.778841062661846
5418 8.46827030493397
5418 8.46827030493397
5418 0.473192948688548
5418 0.473192948688548
5418 0.473192948688548
5418 0.57998587928548
5418 0.57998587928548
5418 0.57998587928548
5418 0.335841893334624
5614 0
5614 29.5222576909174
5614 29.5222576909174
5614 29.5222576909174
5614 29.5222576909174
5614 0
5614 2.38303699793906
5614 2.38303699793906
5614 8.84552313134611
5614 8.84552313134611
5614 8.84552313134611
5614 0
5614 0.725372552144123
5614 3.17482163491066
5614 3.17482163491066
5614 3.17482163491066
5614 2.99973188836567
5614 0.1708623965523
5614 0.443975745331671
5614 1.195189021348
5614 0
5614 1.68630663397912
5614 0
5614 0
5614 13.2285772528462
5614 13.2285772528462
5614 0
5614 7.98948867764913
5614 7.98948867764913
5614 7.98948867764913
5614 1.81771000397265
5614 0
5614 0
5614 964.358135011162
5614 0.778841062661846
5614 0.778841062661846
5614 8.46827030493397
5614 8.46827030493397
5614 0.473192948688548
5614 0.473192948688548
5614 0.473192948688548
5614 0.57998587928548
5614 0.57998587928548
5614 0.57998587928548
5614 0.335841893334624
5520 0
5520 29.5222576909174
5520 29.5222576909174
5520 29.5222576909174
5520 29.5222576909174
5520 0
5520 2.38303699793906
5520 2.38303699793906
5520 8.84552313134611
5520 8.84552313134611
5520 8.84552313134611
5520 0
5520 0.725372552144123
5520 3.17482163491066
5520 3.17482163491066
5520 3.17482163491066
5520 2.99973188836567
5520 0.1708623965523
5520 0.443975745331671
5520 1.195189021348
5520 0
5520 1.68630663397912
5520 0
5520 0
5520 13.2285772528462
5520 13.2285772528462
5520 0
5520 7.98948867764913
5520 7.98948867764913
5520 7.98948867764913
5520 1.81771000397265
5520 0
5520 0
5520 964.358135011162
5520 0.778841062661846
5520 0.778841062661846
5520 8.46827030493397
5520 8.46827030493397
5520 0.473192948688548
5520 0.473192948688548
5520 0.473192948688548
5520 0.57998587928548
5520 0.57998587928548
5520 0.57998587928548
5520 0.335841893334624
5518 0
5518 29.5222576909174
5518 29.5222576909174
5518 29.5222576909174
5518 29.5222576909174
5518 0
5518 2.38303699793906
5518 2.38303699793906
5518 8.84552313134611
5518 8.84552313134611
5518 8.84552313134611
5518 0
5518 0.725372552144123
5518 3.17482163491066
5518 3.17482163491066
5518 3.17482163491066
5518 2.99973188836567
5518 0.1708623965523
5518 0.443975745331671
5518 1.195189021348
5518 0
5518 1.68630663397912
5518 0
5518 0
5518 13.2285772528462
5518 13.2285772528462
5518 0
5518 7.98948867764913
5518 7.98948867764913
5518 7.98948867764913
5518 1.81771000397265
5518 0
5518 0
5518 964.358135011162
5518 0.778841062661846
5518 0.778841062661846
5518 8.46827030493397
5518 8.46827030493397
5518 0.473192948688548
5518 0.473192948688548
5518 0.473192948688548
5518 0.57998587928548
5518 0.57998587928548
5518 0.57998587928548
5518 0.335841893334624
5517 0
5517 29.5222576909174
5517 29.5222576909174
5517 29.5222576909174
5517 29.5222576909174
5517 0
5517 2.38303699793906
5517 2.38303699793906
5517 8.84552313134611
5517 8.84552313134611
5517 8.84552313134611
5517 0
5517 0.725372552144123
5517 3.17482163491066
5517 3.17482163491066
5517 3.17482163491066
5517 2.99973188836567
5517 0.1708623965523
5517 0.443975745331671
5517 1.195189021348
5517 0
5517 1.68630663397912
5517 0
5517 0
5517 13.2285772528462
5517 13.2285772528462
5517 0
5517 7.98948867764913
5517 7.98948867764913
5517 7.98948867764913
5517 1.81771000397265
5517 0
5517 0
5517 964.358135011162
5517 0.778841062661846
5517 0.778841062661846
5517 8.46827030493397
5517 8.46827030493397
5517 0.473192948688548
5517 0.473192948688548
5517 0.473192948688548
5517 0.57998587928548
5517 0.57998587928548
5517 0.57998587928548
5517 0.335841893334624
5702 0
5702 29.5222576909174
5702 29.5222576909174
5702 29.5222576909174
5702 29.5222576909174
5702 0
5702 2.38303699793906
5702 2.38303699793906
5702 8.84552313134611
5702 8.84552313134611
5702 8.84552313134611
5702 0
5702 0.725372552144123
5702 3.17482163491066
5702 3.17482163491066
5702 3.17482163491066
5702 2.99973188836567
5702 0.1708623965523
5702 0.443975745331671
5702 1.195189021348
5702 0
5702 1.68630663397912
5702 0
5702 0
5702 13.2285772528462
5702 13.2285772528462
5702 0
5702 7.98948867764913
5702 7.98948867764913
5702 7.98948867764913
5702 1.81771000397265
5702 0
5702 0
5702 964.358135011162
5702 0.778841062661846
5702 0.778841062661846
5702 8.46827030493397
5702 8.46827030493397
5702 0.473192948688548
5702 0.473192948688548
5702 0.473192948688548
5702 0.57998587928548
5702 0.57998587928548
5702 0.57998587928548
5702 0.335841893334624
5606 0
5606 29.5222576909174
5606 29.5222576909174
5606 29.5222576909174
5606 29.5222576909174
5606 0
5606 2.38303699793906
5606 2.38303699793906
5606 8.84552313134611
5606 8.84552313134611
5606 8.84552313134611
5606 0
5606 0.725372552144123
5606 3.17482163491066
5606 3.17482163491066
5606 3.17482163491066
5606 2.99973188836567
5606 0.1708623965523
5606 0.443975745331671
5606 1.195189021348
5606 0
5606 1.68630663397912
5606 0
5606 0
5606 13.2285772528462
5606 13.2285772528462
5606 0
5606 7.98948867764913
5606 7.98948867764913
5606 7.98948867764913
5606 1.81771000397265
5606 0
5606 0
5606 964.358135011162
5606 0.778841062661846
5606 0.778841062661846
5606 8.46827030493397
5606 8.46827030493397
5606 0.473192948688548
5606 0.473192948688548
5606 0.473192948688548
5606 0.57998587928548
5606 0.57998587928548
5606 0.57998587928548
5606 0.335841893334624
5605 0
5605 29.5222576909174
5605 29.5222576909174
5605 29.5222576909174
5605 29.5222576909174
5605 0
5605 2.38303699793906
5605 2.38303699793906
5605 8.84552313134611
5605 8.84552313134611
5605 8.84552313134611
5605 0
5605 0.725372552144123
5605 3.17482163491066
5605 3.17482163491066
5605 3.17482163491066
5605 2.99973188836567
5605 0.1708623965523
5605 0.443975745331671
5605 1.195189021348
5605 0
5605 1.68630663397912
5605 0
5605 0
5605 13.2285772528462
5605 13.2285772528462
5605 0
5605 7.98948867764913
5605 7.98948867764913
5605 7.98948867764913
5605 1.81771000397265
5605 0
5605 0
5605 964.358135011162
5605 0.778841062661846
5605 0.778841062661846
5605 8.46827030493397
5605 8.46827030493397
5605 0.473192948688548
5605 0.473192948688548
5605 0.473192948688548
5605 0.57998587928548
5605 0.57998587928548
5605 0.57998587928548
5605 0.335841893334624
5602 0
5602 29.5222576909174
5602 29.5222576909174
5602 29.5222576909174
5602 29.5222576909174
5602 0
5602 2.38303699793906
5602 2.38303699793906
5602 8.84552313134611
5602 8.84552313134611
5602 8.84552313134611
5602 0
5602 0.725372552144123
5602 3.17482163491066
5602 3.17482163491066
5602 3.17482163491066
5602 2.99973188836567
5602 0.1708623965523
5602 0.443975745331671
5602 1.195189021348
5602 0
5602 1.68630663397912
5602 0
5602 0
5602 13.2285772528462
5602 13.2285772528462
5602 0
5602 7.98948867764913
5602 7.98948867764913
5602 7.98948867764913
5602 1.81771000397265
5602 0
5602 0
5602 964.358135011162
5602 0.778841062661846
5602 0.778841062661846
5602 8.46827030493397
5602 8.46827030493397
5602 0.473192948688548
5602 0.473192948688548
5602 0.473192948688548
5602 0.57998587928548
5602 0.57998587928548
5602 0.57998587928548
5602 0.335841893334624
5590 0
5590 29.5222576909174
5590 29.5222576909174
5590 29.5222576909174
5590 29.5222576909174
5590 0
5590 2.38303699793906
5590 2.38303699793906
5590 8.84552313134611
5590 8.84552313134611
5590 8.84552313134611
5590 0
5590 0.725372552144123
5590 3.17482163491066
5590 3.17482163491066
5590 3.17482163491066
5590 2.99973188836567
5590 0.1708623965523
5590 0.443975745331671
5590 1.195189021348
5590 0
5590 1.68630663397912
5590 0
5590 0
5590 13.2285772528462
5590 13.2285772528462
5590 0
5590 7.98948867764913
5590 7.98948867764913
5590 7.98948867764913
5590 1.81771000397265
5590 0
5590 0
5590 964.358135011162
5590 0.778841062661846
5590 0.778841062661846
5590 8.46827030493397
5590 8.46827030493397
5590 0.473192948688548
5590 0.473192948688548
5590 0.473192948688548
5590 0.57998587928548
5590 0.57998587928548
5590 0.57998587928548
5590 0.335841893334624
5694 0
5694 29.5222576909174
5694 29.5222576909174
5694 29.5222576909174
5694 29.5222576909174
5694 0
5694 2.38303699793906
5694 2.38303699793906
5694 8.84552313134611
5694 8.84552313134611
5694 8.84552313134611
5694 0
5694 0.725372552144123
5694 3.17482163491066
5694 3.17482163491066
5694 3.17482163491066
5694 2.99973188836567
5694 0.1708623965523
5694 0.443975745331671
5694 1.195189021348
5694 0
5694 1.68630663397912
5694 0
5694 0
5694 13.2285772528462
5694 13.2285772528462
5694 0
5694 7.98948867764913
5694 7.98948867764913
5694 7.98948867764913
5694 1.81771000397265
5694 0
5694 0
5694 964.358135011162
5694 0.778841062661846
5694 0.778841062661846
5694 8.46827030493397
5694 8.46827030493397
5694 0.473192948688548
5694 0.473192948688548
5694 0.473192948688548
5694 0.57998587928548
5694 0.57998587928548
5694 0.57998587928548
5694 0.335841893334624
5784 0
5784 29.5222576909174
5784 29.5222576909174
5784 29.5222576909174
5784 29.5222576909174
5784 0
5784 2.38303699793906
5784 2.38303699793906
5784 8.84552313134611
5784 8.84552313134611
5784 8.84552313134611
5784 0
5784 0.725372552144123
5784 3.17482163491066
5784 3.17482163491066
5784 3.17482163491066
5784 2.99973188836567
5784 0.1708623965523
5784 0.443975745331671
5784 1.195189021348
5784 0
5784 1.68630663397912
5784 0
5784 0
5784 13.2285772528462
5784 13.2285772528462
5784 0
5784 7.98948867764913
5784 7.98948867764913
5784 7.98948867764913
5784 1.81771000397265
5784 0
5784 0
5784 964.358135011162
5784 0.778841062661846
5784 0.778841062661846
5784 8.46827030493397
5784 8.46827030493397
5784 0.473192948688548
5784 0.473192948688548
5784 0.473192948688548
5784 0.57998587928548
5784 0.57998587928548
5784 0.57998587928548
5784 0.335841893334624
5680 0
5680 29.5222576909174
5680 29.5222576909174
5680 29.5222576909174
5680 29.5222576909174
5680 0
5680 2.38303699793906
5680 2.38303699793906
5680 8.84552313134611
5680 8.84552313134611
5680 8.84552313134611
5680 0
5680 0.725372552144123
5680 3.17482163491066
5680 3.17482163491066
5680 3.17482163491066
5680 2.99973188836567
5680 0.1708623965523
5680 0.443975745331671
5680 1.195189021348
5680 0
5680 1.68630663397912
5680 0
5680 0
5680 13.2285772528462
5680 13.2285772528462
5680 0
5680 7.98948867764913
5680 7.98948867764913
5680 7.98948867764913
5680 1.81771000397265
5680 0
5680 0
5680 964.358135011162
5680 0.778841062661846
5680 0.778841062661846
5680 8.46827030493397
5680 8.46827030493397
5680 0.473192948688548
5680 0.473192948688548
5680 0.473192948688548
5680 0.57998587928548
5680 0.57998587928548
5680 0.57998587928548
5680 0.335841893334624
5676 0
5676 29.5222576909174
5676 29.5222576909174
5676 29.5222576909174
5676 29.5222576909174
5676 0
5676 2.38303699793906
5676 2.38303699793906
5676 8.84552313134611
5676 8.84552313134611
5676 8.84552313134611
5676 0
5676 0.725372552144123
5676 3.17482163491066
5676 3.17482163491066
5676 3.17482163491066
5676 2.99973188836567
5676 0.1708623965523
5676 0.443975745331671
5676 1.195189021348
5676 0
5676 1.68630663397912
5676 0
5676 0
5676 13.2285772528462
5676 13.2285772528462
5676 0
5676 7.98948867764913
5676 7.98948867764913
5676 7.98948867764913
5676 1.81771000397265
5676 0
5676 0
5676 964.358135011162
5676 0.778841062661846
5676 0.778841062661846
5676 8.46827030493397
5676 8.46827030493397
5676 0.473192948688548
5676 0.473192948688548
5676 0.473192948688548
5676 0.57998587928548
5676 0.57998587928548
5676 0.57998587928548
5676 0.335841893334624
5777 0
5777 29.5222576909174
5777 29.5222576909174
5777 29.5222576909174
5777 29.5222576909174
5777 0
5777 2.38303699793906
5777 2.38303699793906
5777 8.84552313134611
5777 8.84552313134611
5777 8.84552313134611
5777 0
5777 0.725372552144123
5777 3.17482163491066
5777 3.17482163491066
5777 3.17482163491066
5777 2.99973188836567
5777 0.1708623965523
5777 0.443975745331671
5777 1.195189021348
5777 0
5777 1.68630663397912
5777 0
5777 0
5777 13.2285772528462
5777 13.2285772528462
5777 0
5777 7.98948867764913
5777 7.98948867764913
5777 7.98948867764913
5777 1.81771000397265
5777 0
5777 0
5777 964.358135011162
5777 0.778841062661846
5777 0.778841062661846
5777 8.46827030493397
5777 8.46827030493397
5777 0.473192948688548
5777 0.473192948688548
5777 0.473192948688548
5777 0.57998587928548
5777 0.57998587928548
5777 0.57998587928548
5777 0.335841893334624
5879 0
5879 29.5222576909174
5879 29.5222576909174
5879 29.5222576909174
5879 29.5222576909174
5879 0
5879 2.38303699793906
5879 2.38303699793906
5879 8.84552313134611
5879 8.84552313134611
5879 8.84552313134611
5879 0
5879 0.725372552144123
5879 3.17482163491066
5879 3.17482163491066
5879 3.17482163491066
5879 2.99973188836567
5879 0.1708623965523
5879 0.443975745331671
5879 1.195189021348
5879 0
5879 1.68630663397912
5879 0
5879 0
5879 13.2285772528462
5879 13.2285772528462
5879 0
5879 7.98948867764913
5879 7.98948867764913
5879 7.98948867764913
5879 1.81771000397265
5879 0
5879 0
5879 964.358135011162
5879 0.778841062661846
5879 0.778841062661846
5879 8.46827030493397
5879 8.46827030493397
5879 0.473192948688548
5879 0.473192948688548
5879 0.473192948688548
5879 0.57998587928548
5879 0.57998587928548
5879 0.57998587928548
5879 0.335841893334624
5976 0
5976 29.5222576909174
5976 29.5222576909174
5976 29.5222576909174
5976 29.5222576909174
5976 0
5976 2.38303699793906
5976 2.38303699793906
5976 8.84552313134611
5976 8.84552313134611
5976 8.84552313134611
5976 0
5976 0.725372552144123
5976 3.17482163491066
5976 3.17482163491066
5976 3.17482163491066
5976 2.99973188836567
5976 0.1708623965523
5976 0.443975745331671
5976 1.195189021348
5976 0
5976 1.68630663397912
5976 0
5976 0
5976 13.2285772528462
5976 13.2285772528462
5976 0
5976 7.98948867764913
5976 7.98948867764913
5976 7.98948867764913
5976 1.81771000397265
5976 0
5976 0
5976 964.358135011162
5976 0.778841062661846
5976 0.778841062661846
5976 8.46827030493397
5976 8.46827030493397
5976 0.473192948688548
5976 0.473192948688548
5976 0.473192948688548
5976 0.57998587928548
5976 0.57998587928548
5976 0.57998587928548
5976 0.335841893334624
6079 0
6079 29.5222576909174
6079 29.5222576909174
6079 29.5222576909174
6079 29.5222576909174
6079 0
6079 2.38303699793906
6079 2.38303699793906
6079 8.84552313134611
6079 8.84552313134611
6079 8.84552313134611
6079 0
6079 0.725372552144123
6079 3.17482163491066
6079 3.17482163491066
6079 3.17482163491066
6079 2.99973188836567
6079 0.1708623965523
6079 0.443975745331671
6079 1.195189021348
6079 0
6079 1.68630663397912
6079 0
6079 0
6079 13.2285772528462
6079 13.2285772528462
6079 0
6079 7.98948867764913
6079 7.98948867764913
6079 7.98948867764913
6079 1.81771000397265
6079 0
6079 0
6079 964.358135011162
6079 0.778841062661846
6079 0.778841062661846
6079 8.46827030493397
6079 8.46827030493397
6079 0.473192948688548
6079 0.473192948688548
6079 0.473192948688548
6079 0.57998587928548
6079 0.57998587928548
6079 0.57998587928548
6079 0.335841893334624
6077 0
6077 29.5222576909174
6077 29.5222576909174
6077 29.5222576909174
6077 29.5222576909174
6077 0
6077 2.38303699793906
6077 2.38303699793906
6077 8.84552313134611
6077 8.84552313134611
6077 8.84552313134611
6077 0
6077 0.725372552144123
6077 3.17482163491066
6077 3.17482163491066
6077 3.17482163491066
6077 2.99973188836567
6077 0.1708623965523
6077 0.443975745331671
6077 1.195189021348
6077 0
6077 1.68630663397912
6077 0
6077 0
6077 13.2285772528462
6077 13.2285772528462
6077 0
6077 7.98948867764913
6077 7.98948867764913
6077 7.98948867764913
6077 1.81771000397265
6077 0
6077 0
6077 964.358135011162
6077 0.778841062661846
6077 0.778841062661846
6077 8.46827030493397
6077 8.46827030493397
6077 0.473192948688548
6077 0.473192948688548
6077 0.473192948688548
6077 0.57998587928548
6077 0.57998587928548
6077 0.57998587928548
6077 0.335841893334624
6073 0
6073 29.5222576909174
6073 29.5222576909174
6073 29.5222576909174
6073 29.5222576909174
6073 0
6073 2.38303699793906
6073 2.38303699793906
6073 8.84552313134611
6073 8.84552313134611
6073 8.84552313134611
6073 0
6073 0.725372552144123
6073 3.17482163491066
6073 3.17482163491066
6073 3.17482163491066
6073 2.99973188836567
6073 0.1708623965523
6073 0.443975745331671
6073 1.195189021348
6073 0
6073 1.68630663397912
6073 0
6073 0
6073 13.2285772528462
6073 13.2285772528462
6073 0
6073 7.98948867764913
6073 7.98948867764913
6073 7.98948867764913
6073 1.81771000397265
6073 0
6073 0
6073 964.358135011162
6073 0.778841062661846
6073 0.778841062661846
6073 8.46827030493397
6073 8.46827030493397
6073 0.473192948688548
6073 0.473192948688548
6073 0.473192948688548
6073 0.57998587928548
6073 0.57998587928548
6073 0.57998587928548
6073 0.335841893334624
6181 0
6181 29.5222576909174
6181 29.5222576909174
6181 29.5222576909174
6181 29.5222576909174
6181 0
6181 2.38303699793906
6181 2.38303699793906
6181 8.84552313134611
6181 8.84552313134611
6181 8.84552313134611
6181 0
6181 0.725372552144123
6181 3.17482163491066
6181 3.17482163491066
6181 3.17482163491066
6181 2.99973188836567
6181 0.1708623965523
6181 0.443975745331671
6181 1.195189021348
6181 0
6181 1.68630663397912
6181 0
6181 0
6181 13.2285772528462
6181 13.2285772528462
6181 0
6181 7.98948867764913
6181 7.98948867764913
6181 7.98948867764913
6181 1.81771000397265
6181 0
6181 0
6181 964.358135011162
6181 0.778841062661846
6181 0.778841062661846
6181 8.46827030493397
6181 8.46827030493397
6181 0.473192948688548
6181 0.473192948688548
6181 0.473192948688548
6181 0.57998587928548
6181 0.57998587928548
6181 0.57998587928548
6181 0.335841893334624
6180 0
6180 29.5222576909174
6180 29.5222576909174
6180 29.5222576909174
6180 29.5222576909174
6180 0
6180 2.38303699793906
6180 2.38303699793906
6180 8.84552313134611
6180 8.84552313134611
6180 8.84552313134611
6180 0
6180 0.725372552144123
6180 3.17482163491066
6180 3.17482163491066
6180 3.17482163491066
6180 2.99973188836567
6180 0.1708623965523
6180 0.443975745331671
6180 1.195189021348
6180 0
6180 1.68630663397912
6180 0
6180 0
6180 13.2285772528462
6180 13.2285772528462
6180 0
6180 7.98948867764913
6180 7.98948867764913
6180 7.98948867764913
6180 1.81771000397265
6180 0
6180 0
6180 964.358135011162
6180 0.778841062661846
6180 0.778841062661846
6180 8.46827030493397
6180 8.46827030493397
6180 0.473192948688548
6180 0.473192948688548
6180 0.473192948688548
6180 0.57998587928548
6180 0.57998587928548
6180 0.57998587928548
6180 0.335841893334624
6179 0
6179 29.5222576909174
6179 29.5222576909174
6179 29.5222576909174
6179 29.5222576909174
6179 0
6179 2.38303699793906
6179 2.38303699793906
6179 8.84552313134611
6179 8.84552313134611
6179 8.84552313134611
6179 0
6179 0.725372552144123
6179 3.17482163491066
6179 3.17482163491066
6179 3.17482163491066
6179 2.99973188836567
6179 0.1708623965523
6179 0.443975745331671
6179 1.195189021348
6179 0
6179 1.68630663397912
6179 0
6179 0
6179 13.2285772528462
6179 13.2285772528462
6179 0
6179 7.98948867764913
6179 7.98948867764913
6179 7.98948867764913
6179 1.81771000397265
6179 0
6179 0
6179 964.358135011162
6179 0.778841062661846
6179 0.778841062661846
6179 8.46827030493397
6179 8.46827030493397
6179 0.473192948688548
6179 0.473192948688548
6179 0.473192948688548
6179 0.57998587928548
6179 0.57998587928548
6179 0.57998587928548
6179 0.335841893334624
6178 0
6178 29.5222576909174
6178 29.5222576909174
6178 29.5222576909174
6178 29.5222576909174
6178 0
6178 2.38303699793906
6178 2.38303699793906
6178 8.84552313134611
6178 8.84552313134611
6178 8.84552313134611
6178 0
6178 0.725372552144123
6178 3.17482163491066
6178 3.17482163491066
6178 3.17482163491066
6178 2.99973188836567
6178 0.1708623965523
6178 0.443975745331671
6178 1.195189021348
6178 0
6178 1.68630663397912
6178 0
6178 0
6178 13.2285772528462
6178 13.2285772528462
6178 0
6178 7.98948867764913
6178 7.98948867764913
6178 7.98948867764913
6178 1.81771000397265
6178 0
6178 0
6178 964.358135011162
6178 0.778841062661846
6178 0.778841062661846
6178 8.46827030493397
6178 8.46827030493397
6178 0.473192948688548
6178 0.473192948688548
6178 0.473192948688548
6178 0.57998587928548
6178 0.57998587928548
6178 0.57998587928548
6178 0.335841893334624
6177 0
6177 29.5222576909174
6177 29.5222576909174
6177 29.5222576909174
6177 29.5222576909174
6177 0
6177 2.38303699793906
6177 2.38303699793906
6177 8.84552313134611
6177 8.84552313134611
6177 8.84552313134611
6177 0
6177 0.725372552144123
6177 3.17482163491066
6177 3.17482163491066
6177 3.17482163491066
6177 2.99973188836567
6177 0.1708623965523
6177 0.443975745331671
6177 1.195189021348
6177 0
6177 1.68630663397912
6177 0
6177 0
6177 13.2285772528462
6177 13.2285772528462
6177 0
6177 7.98948867764913
6177 7.98948867764913
6177 7.98948867764913
6177 1.81771000397265
6177 0
6177 0
6177 964.358135011162
6177 0.778841062661846
6177 0.778841062661846
6177 8.46827030493397
6177 8.46827030493397
6177 0.473192948688548
6177 0.473192948688548
6177 0.473192948688548
6177 0.57998587928548
6177 0.57998587928548
6177 0.57998587928548
6177 0.335841893334624
6175 0
6175 29.5222576909174
6175 29.5222576909174
6175 29.5222576909174
6175 29.5222576909174
6175 0
6175 2.38303699793906
6175 2.38303699793906
6175 8.84552313134611
6175 8.84552313134611
6175 8.84552313134611
6175 0
6175 0.725372552144123
6175 3.17482163491066
6175 3.17482163491066
6175 3.17482163491066
6175 2.99973188836567
6175 0.1708623965523
6175 0.443975745331671
6175 1.195189021348
6175 0
6175 1.68630663397912
6175 0
6175 0
6175 13.2285772528462
6175 13.2285772528462
6175 0
6175 7.98948867764913
6175 7.98948867764913
6175 7.98948867764913
6175 1.81771000397265
6175 0
6175 0
6175 964.358135011162
6175 0.778841062661846
6175 0.778841062661846
6175 8.46827030493397
6175 8.46827030493397
6175 0.473192948688548
6175 0.473192948688548
6175 0.473192948688548
6175 0.57998587928548
6175 0.57998587928548
6175 0.57998587928548
6175 0.335841893334624
6174 0
6174 29.5222576909174
6174 29.5222576909174
6174 29.5222576909174
6174 29.5222576909174
6174 0
6174 2.38303699793906
6174 2.38303699793906
6174 8.84552313134611
6174 8.84552313134611
6174 8.84552313134611
6174 0
6174 0.725372552144123
6174 3.17482163491066
6174 3.17482163491066
6174 3.17482163491066
6174 2.99973188836567
6174 0.1708623965523
6174 0.443975745331671
6174 1.195189021348
6174 0
6174 1.68630663397912
6174 0
6174 0
6174 13.2285772528462
6174 13.2285772528462
6174 0
6174 7.98948867764913
6174 7.98948867764913
6174 7.98948867764913
6174 1.81771000397265
6174 0
6174 0
6174 964.358135011162
6174 0.778841062661846
6174 0.778841062661846
6174 8.46827030493397
6174 8.46827030493397
6174 0.473192948688548
6174 0.473192948688548
6174 0.473192948688548
6174 0.57998587928548
6174 0.57998587928548
6174 0.57998587928548
6174 0.335841893334624
6173 0
6173 29.5222576909174
6173 29.5222576909174
6173 29.5222576909174
6173 29.5222576909174
6173 0
6173 2.38303699793906
6173 2.38303699793906
6173 8.84552313134611
6173 8.84552313134611
6173 8.84552313134611
6173 0
6173 0.725372552144123
6173 3.17482163491066
6173 3.17482163491066
6173 3.17482163491066
6173 2.99973188836567
6173 0.1708623965523
6173 0.443975745331671
6173 1.195189021348
6173 0
6173 1.68630663397912
6173 0
6173 0
6173 13.2285772528462
6173 13.2285772528462
6173 0
6173 7.98948867764913
6173 7.98948867764913
6173 7.98948867764913
6173 1.81771000397265
6173 0
6173 0
6173 964.358135011162
6173 0.778841062661846
6173 0.778841062661846
6173 8.46827030493397
6173 8.46827030493397
6173 0.473192948688548
6173 0.473192948688548
6173 0.473192948688548
6173 0.57998587928548
6173 0.57998587928548
6173 0.57998587928548
6173 0.335841893334624
6271 0
6271 29.5222576909174
6271 29.5222576909174
6271 29.5222576909174
6271 29.5222576909174
6271 0
6271 2.38303699793906
6271 2.38303699793906
6271 8.84552313134611
6271 8.84552313134611
6271 8.84552313134611
6271 0
6271 0.725372552144123
6271 3.17482163491066
6271 3.17482163491066
6271 3.17482163491066
6271 2.99973188836567
6271 0.1708623965523
6271 0.443975745331671
6271 1.195189021348
6271 0
6271 1.68630663397912
6271 0
6271 0
6271 13.2285772528462
6271 13.2285772528462
6271 0
6271 7.98948867764913
6271 7.98948867764913
6271 7.98948867764913
6271 1.81771000397265
6271 0
6271 0
6271 964.358135011162
6271 0.778841062661846
6271 0.778841062661846
6271 8.46827030493397
6271 8.46827030493397
6271 0.473192948688548
6271 0.473192948688548
6271 0.473192948688548
6271 0.57998587928548
6271 0.57998587928548
6271 0.57998587928548
6271 0.335841893334624
6270 0
6270 29.5222576909174
6270 29.5222576909174
6270 29.5222576909174
6270 29.5222576909174
6270 0
6270 2.38303699793906
6270 2.38303699793906
6270 8.84552313134611
6270 8.84552313134611
6270 8.84552313134611
6270 0
6270 0.725372552144123
6270 3.17482163491066
6270 3.17482163491066
6270 3.17482163491066
6270 2.99973188836567
6270 0.1708623965523
6270 0.443975745331671
6270 1.195189021348
6270 0
6270 1.68630663397912
6270 0
6270 0
6270 13.2285772528462
6270 13.2285772528462
6270 0
6270 7.98948867764913
6270 7.98948867764913
6270 7.98948867764913
6270 1.81771000397265
6270 0
6270 0
6270 964.358135011162
6270 0.778841062661846
6270 0.778841062661846
6270 8.46827030493397
6270 8.46827030493397
6270 0.473192948688548
6270 0.473192948688548
6270 0.473192948688548
6270 0.57998587928548
6270 0.57998587928548
6270 0.57998587928548
6270 0.335841893334624
6164 0
6164 29.5222576909174
6164 29.5222576909174
6164 29.5222576909174
6164 29.5222576909174
6164 0
6164 2.38303699793906
6164 2.38303699793906
6164 8.84552313134611
6164 8.84552313134611
6164 8.84552313134611
6164 0
6164 0.725372552144123
6164 3.17482163491066
6164 3.17482163491066
6164 3.17482163491066
6164 2.99973188836567
6164 0.1708623965523
6164 0.443975745331671
6164 1.195189021348
6164 0
6164 1.68630663397912
6164 0
6164 0
6164 13.2285772528462
6164 13.2285772528462
6164 0
6164 7.98948867764913
6164 7.98948867764913
6164 7.98948867764913
6164 1.81771000397265
6164 0
6164 0
6164 964.358135011162
6164 0.778841062661846
6164 0.778841062661846
6164 8.46827030493397
6164 8.46827030493397
6164 0.473192948688548
6164 0.473192948688548
6164 0.473192948688548
6164 0.57998587928548
6164 0.57998587928548
6164 0.57998587928548
6164 0.335841893334624
6269 0
6269 29.5222576909174
6269 29.5222576909174
6269 29.5222576909174
6269 29.5222576909174
6269 0
6269 2.38303699793906
6269 2.38303699793906
6269 8.84552313134611
6269 8.84552313134611
6269 8.84552313134611
6269 0
6269 0.725372552144123
6269 3.17482163491066
6269 3.17482163491066
6269 3.17482163491066
6269 2.99973188836567
6269 0.1708623965523
6269 0.443975745331671
6269 1.195189021348
6269 0
6269 1.68630663397912
6269 0
6269 0
6269 13.2285772528462
6269 13.2285772528462
6269 0
6269 7.98948867764913
6269 7.98948867764913
6269 7.98948867764913
6269 1.81771000397265
6269 0
6269 0
6269 964.358135011162
6269 0.778841062661846
6269 0.778841062661846
6269 8.46827030493397
6269 8.46827030493397
6269 0.473192948688548
6269 0.473192948688548
6269 0.473192948688548
6269 0.57998587928548
6269 0.57998587928548
6269 0.57998587928548
6269 0.335841893334624
6268 0
6268 29.5222576909174
6268 29.5222576909174
6268 29.5222576909174
6268 29.5222576909174
6268 0
6268 2.38303699793906
6268 2.38303699793906
6268 8.84552313134611
6268 8.84552313134611
6268 8.84552313134611
6268 0
6268 0.725372552144123
6268 3.17482163491066
6268 3.17482163491066
6268 3.17482163491066
6268 2.99973188836567
6268 0.1708623965523
6268 0.443975745331671
6268 1.195189021348
6268 0
6268 1.68630663397912
6268 0
6268 0
6268 13.2285772528462
6268 13.2285772528462
6268 0
6268 7.98948867764913
6268 7.98948867764913
6268 7.98948867764913
6268 1.81771000397265
6268 0
6268 0
6268 964.358135011162
6268 0.778841062661846
6268 0.778841062661846
6268 8.46827030493397
6268 8.46827030493397
6268 0.473192948688548
6268 0.473192948688548
6268 0.473192948688548
6268 0.57998587928548
6268 0.57998587928548
6268 0.57998587928548
6268 0.335841893334624
6363 0
6363 29.5222576909174
6363 29.5222576909174
6363 29.5222576909174
6363 29.5222576909174
6363 0
6363 2.38303699793906
6363 2.38303699793906
6363 8.84552313134611
6363 8.84552313134611
6363 8.84552313134611
6363 0
6363 0.725372552144123
6363 3.17482163491066
6363 3.17482163491066
6363 3.17482163491066
6363 2.99973188836567
6363 0.1708623965523
6363 0.443975745331671
6363 1.195189021348
6363 0
6363 1.68630663397912
6363 0
6363 0
6363 13.2285772528462
6363 13.2285772528462
6363 0
6363 7.98948867764913
6363 7.98948867764913
6363 7.98948867764913
6363 1.81771000397265
6363 0
6363 0
6363 964.358135011162
6363 0.778841062661846
6363 0.778841062661846
6363 8.46827030493397
6363 8.46827030493397
6363 0.473192948688548
6363 0.473192948688548
6363 0.473192948688548
6363 0.57998587928548
6363 0.57998587928548
6363 0.57998587928548
6363 0.335841893334624
6362 0
6362 29.5222576909174
6362 29.5222576909174
6362 29.5222576909174
6362 29.5222576909174
6362 0
6362 2.38303699793906
6362 2.38303699793906
6362 8.84552313134611
6362 8.84552313134611
6362 8.84552313134611
6362 0
6362 0.725372552144123
6362 3.17482163491066
6362 3.17482163491066
6362 3.17482163491066
6362 2.99973188836567
6362 0.1708623965523
6362 0.443975745331671
6362 1.195189021348
6362 0
6362 1.68630663397912
6362 0
6362 0
6362 13.2285772528462
6362 13.2285772528462
6362 0
6362 7.98948867764913
6362 7.98948867764913
6362 7.98948867764913
6362 1.81771000397265
6362 0
6362 0
6362 964.358135011162
6362 0.778841062661846
6362 0.778841062661846
6362 8.46827030493397
6362 8.46827030493397
6362 0.473192948688548
6362 0.473192948688548
6362 0.473192948688548
6362 0.57998587928548
6362 0.57998587928548
6362 0.57998587928548
6362 0.335841893334624
6361 0
6361 29.5222576909174
6361 29.5222576909174
6361 29.5222576909174
6361 29.5222576909174
6361 0
6361 2.38303699793906
6361 2.38303699793906
6361 8.84552313134611
6361 8.84552313134611
6361 8.84552313134611
6361 0
6361 0.725372552144123
6361 3.17482163491066
6361 3.17482163491066
6361 3.17482163491066
6361 2.99973188836567
6361 0.1708623965523
6361 0.443975745331671
6361 1.195189021348
6361 0
6361 1.68630663397912
6361 0
6361 0
6361 13.2285772528462
6361 13.2285772528462
6361 0
6361 7.98948867764913
6361 7.98948867764913
6361 7.98948867764913
6361 1.81771000397265
6361 0
6361 0
6361 964.358135011162
6361 0.778841062661846
6361 0.778841062661846
6361 8.46827030493397
6361 8.46827030493397
6361 0.473192948688548
6361 0.473192948688548
6361 0.473192948688548
6361 0.57998587928548
6361 0.57998587928548
6361 0.57998587928548
6361 0.335841893334624
6352 0
6352 29.5222576909174
6352 29.5222576909174
6352 29.5222576909174
6352 29.5222576909174
6352 0
6352 2.38303699793906
6352 2.38303699793906
6352 8.84552313134611
6352 8.84552313134611
6352 8.84552313134611
6352 0
6352 0.725372552144123
6352 3.17482163491066
6352 3.17482163491066
6352 3.17482163491066
6352 2.99973188836567
6352 0.1708623965523
6352 0.443975745331671
6352 1.195189021348
6352 0
6352 1.68630663397912
6352 0
6352 0
6352 13.2285772528462
6352 13.2285772528462
6352 0
6352 7.98948867764913
6352 7.98948867764913
6352 7.98948867764913
6352 1.81771000397265
6352 0
6352 0
6352 964.358135011162
6352 0.778841062661846
6352 0.778841062661846
6352 8.46827030493397
6352 8.46827030493397
6352 0.473192948688548
6352 0.473192948688548
6352 0.473192948688548
6352 0.57998587928548
6352 0.57998587928548
6352 0.57998587928548
6352 0.335841893334624
6452 0
6452 29.5222576909174
6452 29.5222576909174
6452 29.5222576909174
6452 29.5222576909174
6452 0
6452 2.38303699793906
6452 2.38303699793906
6452 8.84552313134611
6452 8.84552313134611
6452 8.84552313134611
6452 0
6452 0.725372552144123
6452 3.17482163491066
6452 3.17482163491066
6452 3.17482163491066
6452 2.99973188836567
6452 0.1708623965523
6452 0.443975745331671
6452 1.195189021348
6452 0
6452 1.68630663397912
6452 0
6452 0
6452 13.2285772528462
6452 13.2285772528462
6452 0
6452 7.98948867764913
6452 7.98948867764913
6452 7.98948867764913
6452 1.81771000397265
6452 0
6452 0
6452 964.358135011162
6452 0.778841062661846
6452 0.778841062661846
6452 8.46827030493397
6452 8.46827030493397
6452 0.473192948688548
6452 0.473192948688548
6452 0.473192948688548
6452 0.57998587928548
6452 0.57998587928548
6452 0.57998587928548
6452 0.335841893334624
6451 0
6451 29.5222576909174
6451 29.5222576909174
6451 29.5222576909174
6451 29.5222576909174
6451 0
6451 2.38303699793906
6451 2.38303699793906
6451 8.84552313134611
6451 8.84552313134611
6451 8.84552313134611
6451 0
6451 0.725372552144123
6451 3.17482163491066
6451 3.17482163491066
6451 3.17482163491066
6451 2.99973188836567
6451 0.1708623965523
6451 0.443975745331671
6451 1.195189021348
6451 0
6451 1.68630663397912
6451 0
6451 0
6451 13.2285772528462
6451 13.2285772528462
6451 0
6451 7.98948867764913
6451 7.98948867764913
6451 7.98948867764913
6451 1.81771000397265
6451 0
6451 0
6451 964.358135011162
6451 0.778841062661846
6451 0.778841062661846
6451 8.46827030493397
6451 8.46827030493397
6451 0.473192948688548
6451 0.473192948688548
6451 0.473192948688548
6451 0.57998587928548
6451 0.57998587928548
6451 0.57998587928548
6451 0.335841893334624
