pt_graph shape
1963 1
1963 1
1963 1
1963 1
1963 1
1963 1
1963 1
1963 1
1963 1
1963 1
1963 1
1963 1
1963 1
1963 1
1963 1
1963 1
1963 1
1963 1
1963 1
1963 1
1963 1
1963 1
1963 1
1963 1
1963 1
1963 1
1963 1
1963 1
1963 1
1963 1
1963 1
1963 1
1963 1
1963 1
1963 1
1963 1
1963 1
1963 1
1963 1
2043 1
2043 1
2043 1
2043 1
2043 1
2043 1
2043 1
2043 1
2043 1
2043 1
2043 1
2043 1
2043 1
2043 1
2043 1
2043 1
2043 1
2043 1
2043 1
2043 1
2043 1
2043 1
2043 1
2043 1
2043 1
2043 1
2043 1
2043 1
2043 1
2043 1
2043 1
2043 1
2043 1
2043 1
2043 1
2043 1
2043 1
2043 1
2043 1
2126 1
2126 1
2126 1
2126 1
2126 1
2126 1
2126 1
2126 1
2126 1
2126 1
2126 1
2126 1
2126 1
2126 1
2126 1
2126 1
2126 1
2126 1
2126 1
2126 1
2126 1
2126 1
2126 1
2126 1
2126 1
2126 1
2126 1
2126 1
2126 1
2126 1
2126 1
2126 1
2126 1
2126 1
2126 1
2126 1
2126 1
2126 1
2126 1
2292 1
2292 1
2292 1
2292 1
2292 1
2292 1
2292 1
2292 1
2292 1
2292 1
2292 1
2292 1
2292 1
2292 1
2292 1
2292 1
2292 1
2292 1
2292 1
2292 1
2292 1
2292 1
2292 1
2292 1
2292 1
2292 1
2292 1
2292 1
2292 1
2292 1
2292 1
2292 1
2292 1
2292 1
2292 1
2292 1
2292 1
2292 1
2292 1
2608 1
2608 1
2608 1
2608 1
2608 1
2608 1
2608 1
2608 1
2608 1
2608 1
2608 1
2608 1
2608 1
2608 1
2608 1
2608 1
2608 1
2608 1
2608 1
2608 1
2608 1
2608 1
2608 1
2608 1
2608 1
2608 1
2608 1
2608 1
2608 1
2608 1
2608 1
2608 1
2608 1
2608 1
2608 1
2608 1
2608 1
2608 1
2608 1
2607 1
2607 1
2607 1
2607 1
2607 1
2607 1
2607 1
2607 1
2607 1
2607 1
2607 1
2607 1
2607 1
2607 1
2607 1
2607 1
2607 1
2607 1
2607 1
2607 1
2607 1
2607 1
2607 1
2607 1
2607 1
2607 1
2607 1
2607 1
2607 1
2607 1
2607 1
2607 1
2607 1
2607 1
2607 1
2607 1
2607 1
2607 1
2607 1
2693 1
2693 1
2693 1
2693 1
2693 1
2693 1
2693 1
2693 1
2693 1
2693 1
2693 1
2693 1
2693 1
2693 1
2693 1
2693 1
2693 1
2693 1
2693 1
2693 1
2693 1
2693 1
2693 1
2693 1
2693 1
2693 1
2693 1
2693 1
2693 1
2693 1
2693 1
2693 1
2693 1
2693 1
2693 1
2693 1
2693 1
2693 1
2693 1
2692 1
2692 1
2692 1
2692 1
2692 1
2692 1
2692 1
2692 1
2692 1
2692 1
2692 1
2692 1
2692 1
2692 1
2692 1
2692 1
2692 1
2692 1
2692 1
2692 1
2692 1
2692 1
2692 1
2692 1
2692 1
2692 1
2692 1
2692 1
2692 1
2692 1
2692 1
2692 1
2692 1
2692 1
2692 1
2692 1
2692 1
2692 1
2692 1
2684 1
2684 1
2684 1
2684 1
2684 1
2684 1
2684 1
2684 1
2684 1
2684 1
2684 1
2684 1
2684 1
2684 1
2684 1
2684 1
2684 1
2684 1
2684 1
2684 1
2684 1
2684 1
2684 1
2684 1
2684 1
2684 1
2684 1
2684 1
2684 1
2684 1
2684 1
2684 1
2684 1
2684 1
2684 1
2684 1
2684 1
2684 1
2684 1
2775 1
2775 1
2775 1
2775 1
2775 1
2775 1
2775 1
2775 1
2775 1
2775 1
2775 1
2775 1
2775 1
2775 1
2775 1
2775 1
2775 1
2775 1
2775 1
2775 1
2775 1
2775 1
2775 1
2775 1
2775 1
2775 1
2775 1
2775 1
2775 1
2775 1
2775 1
2775 1
2775 1
2775 1
2775 1
2775 1
2775 1
2775 1
2775 1
2864 1
2864 1
2864 1
2864 1
2864 1
2864 1
2864 1
2864 1
2864 1
2864 1
2864 1
2864 1
2864 1
2864 1
2864 1
2864 1
2864 1
2864 1
2864 1
2864 1
2864 1
2864 1
2864 1
2864 1
2864 1
2864 1
2864 1
2864 1
2864 1
2864 1
2864 1
2864 1
2864 1
2864 1
2864 1
2864 1
2864 1
2864 1
2864 1
3000 1
3000 1
3000 1
3000 1
3000 1
3000 1
3000 1
3000 1
3000 1
3000 1
3000 1
3000 1
3000 1
3000 1
3000 1
3000 1
3000 1
3000 1
3000 1
3000 1
3000 1
3000 1
3000 1
3000 1
3000 1
3000 1
3000 1
3000 1
3000 1
3000 1
3000 1
3000 1
3000 1
3000 1
3000 1
3000 1
3000 1
3000 1
3000 1
2998 1
2998 1
2998 1
2998 1
2998 1
2998 1
2998 1
2998 1
2998 1
2998 1
2998 1
2998 1
2998 1
2998 1
2998 1
2998 1
2998 1
2998 1
2998 1
2998 1
2998 1
2998 1
2998 1
2998 1
2998 1
2998 1
2998 1
2998 1
2998 1
2998 1
2998 1
2998 1
2998 1
2998 1
2998 1
2998 1
2998 1
2998 1
2998 1
3086 1
3086 1
3086 1
3086 1
3086 1
3086 1
3086 1
3086 1
3086 1
3086 1
3086 1
3086 1
3086 1
3086 1
3086 1
3086 1
3086 1
3086 1
3086 1
3086 1
3086 1
3086 1
3086 1
3086 1
3086 1
3086 1
3086 1
3086 1
3086 1
3086 1
3086 1
3086 1
3086 1
3086 1
3086 1
3086 1
3086 1
3086 1
3086 1
3085 1
3085 1
3085 1
3085 1
3085 1
3085 1
3085 1
3085 1
3085 1
3085 1
3085 1
3085 1
3085 1
3085 1
3085 1
3085 1
3085 1
3085 1
3085 1
3085 1
3085 1
3085 1
3085 1
3085 1
3085 1
3085 1
3085 1
3085 1
3085 1
3085 1
3085 1
3085 1
3085 1
3085 1
3085 1
3085 1
3085 1
3085 1
3085 1
3157 1
3157 1
3157 1
3157 1
3157 1
3157 1
3157 1
3157 1
3157 1
3157 1
3157 1
3157 1
3157 1
3157 1
3157 1
3157 1
3157 1
3157 1
3157 1
3157 1
3157 1
3157 1
3157 1
3157 1
3157 1
3157 1
3157 1
3157 1
3157 1
3157 1
3157 1
3157 1
3157 1
3157 1
3157 1
3157 1
3157 1
3157 1
3157 1
3156 1
3156 1
3156 1
3156 1
3156 1
3156 1
3156 1
3156 1
3156 1
3156 1
3156 1
3156 1
3156 1
3156 1
3156 1
3156 1
3156 1
3156 1
3156 1
3156 1
3156 1
3156 1
3156 1
3156 1
3156 1
3156 1
3156 1
3156 1
3156 1
3156 1
3156 1
3156 1
3156 1
3156 1
3156 1
3156 1
3156 1
3156 1
3156 1
3154 1
3154 1
3154 1
3154 1
3154 1
3154 1
3154 1
3154 1
3154 1
3154 1
3154 1
3154 1
3154 1
3154 1
3154 1
3154 1
3154 1
3154 1
3154 1
3154 1
3154 1
3154 1
3154 1
3154 1
3154 1
3154 1
3154 1
3154 1
3154 1
3154 1
3154 1
3154 1
3154 1
3154 1
3154 1
3154 1
3154 1
3154 1
3154 1
3144 1
3144 1
3144 1
3144 1
3144 1
3144 1
3144 1
3144 1
3144 1
3144 1
3144 1
3144 1
3144 1
3144 1
3144 1
3144 1
3144 1
3144 1
3144 1
3144 1
3144 1
3144 1
3144 1
3144 1
3144 1
3144 1
3144 1
3144 1
3144 1
3144 1
3144 1
3144 1
3144 1
3144 1
3144 1
3144 1
3144 1
3144 1
3144 1
3234 1
3234 1
3234 1
3234 1
3234 1
3234 1
3234 1
3234 1
3234 1
3234 1
3234 1
3234 1
3234 1
3234 1
3234 1
3234 1
3234 1
3234 1
3234 1
3234 1
3234 1
3234 1
3234 1
3234 1
3234 1
3234 1
3234 1
3234 1
3234 1
3234 1
3234 1
3234 1
3234 1
3234 1
3234 1
3234 1
3234 1
3234 1
3234 1
3222 1
3222 1
3222 1
3222 1
3222 1
3222 1
3222 1
3222 1
3222 1
3222 1
3222 1
3222 1
3222 1
3222 1
3222 1
3222 1
3222 1
3222 1
3222 1
3222 1
3222 1
3222 1
3222 1
3222 1
3222 1
3222 1
3222 1
3222 1
3222 1
3222 1
3222 1
3222 1
3222 1
3222 1
3222 1
3222 1
3222 1
3222 1
3222 1
3221 1
3221 1
3221 1
3221 1
3221 1
3221 1
3221 1
3221 1
3221 1
3221 1
3221 1
3221 1
3221 1
3221 1
3221 1
3221 1
3221 1
3221 1
3221 1
3221 1
3221 1
3221 1
3221 1
3221 1
3221 1
3221 1
3221 1
3221 1
3221 1
3221 1
3221 1
3221 1
3221 1
3221 1
3221 1
3221 1
3221 1
3221 1
3221 1
3321 1
3321 1
3321 1
3321 1
3321 1
3321 1
3321 1
3321 1
3321 1
3321 1
3321 1
3321 1
3321 1
3321 1
3321 1
3321 1
3321 1
3321 1
3321 1
3321 1
3321 1
3321 1
3321 1
3321 1
3321 1
3321 1
3321 1
3321 1
3321 1
3321 1
3321 1
3321 1
3321 1
3321 1
3321 1
3321 1
3321 1
3321 1
3321 1
3319 1
3319 1
3319 1
3319 1
3319 1
3319 1
3319 1
3319 1
3319 1
3319 1
3319 1
3319 1
3319 1
3319 1
3319 1
3319 1
3319 1
3319 1
3319 1
3319 1
3319 1
3319 1
3319 1
3319 1
3319 1
3319 1
3319 1
3319 1
3319 1
3319 1
3319 1
3319 1
3319 1
3319 1
3319 1
3319 1
3319 1
3319 1
3319 1
3309 1
3309 1
3309 1
3309 1
3309 1
3309 1
3309 1
3309 1
3309 1
3309 1
3309 1
3309 1
3309 1
3309 1
3309 1
3309 1
3309 1
3309 1
3309 1
3309 1
3309 1
3309 1
3309 1
3309 1
3309 1
3309 1
3309 1
3309 1
3309 1
3309 1
3309 1
3309 1
3309 1
3309 1
3309 1
3309 1
3309 1
3309 1
3309 1
3308 1
3308 1
3308 1
3308 1
3308 1
3308 1
3308 1
3308 1
3308 1
3308 1
3308 1
3308 1
3308 1
3308 1
3308 1
3308 1
3308 1
3308 1
3308 1
3308 1
3308 1
3308 1
3308 1
3308 1
3308 1
3308 1
3308 1
3308 1
3308 1
3308 1
3308 1
3308 1
3308 1
3308 1
3308 1
3308 1
3308 1
3308 1
3308 1
3400 1
3400 1
3400 1
3400 1
3400 1
3400 1
3400 1
3400 1
3400 1
3400 1
3400 1
3400 1
3400 1
3400 1
3400 1
3400 1
3400 1
3400 1
3400 1
3400 1
3400 1
3400 1
3400 1
3400 1
3400 1
3400 1
3400 1
3400 1
3400 1
3400 1
3400 1
3400 1
3400 1
3400 1
3400 1
3400 1
3400 1
3400 1
3400 1
3387 1
3387 1
3387 1
3387 1
3387 1
3387 1
3387 1
3387 1
3387 1
3387 1
3387 1
3387 1
3387 1
3387 1
3387 1
3387 1
3387 1
3387 1
3387 1
3387 1
3387 1
3387 1
3387 1
3387 1
3387 1
3387 1
3387 1
3387 1
3387 1
3387 1
3387 1
3387 1
3387 1
3387 1
3387 1
3387 1
3387 1
3387 1
3387 1
3482 1
3482 1
3482 1
3482 1
3482 1
3482 1
3482 1
3482 1
3482 1
3482 1
3482 1
3482 1
3482 1
3482 1
3482 1
3482 1
3482 1
3482 1
3482 1
3482 1
3482 1
3482 1
3482 1
3482 1
3482 1
3482 1
3482 1
3482 1
3482 1
3482 1
3482 1
3482 1
3482 1
3482 1
3482 1
3482 1
3482 1
3482 1
3482 1
3569 1
3569 1
3569 1
3569 1
3569 1
3569 1
3569 1
3569 1
3569 1
3569 1
3569 1
3569 1
3569 1
3569 1
3569 1
3569 1
3569 1
3569 1
3569 1
3569 1
3569 1
3569 1
3569 1
3569 1
3569 1
3569 1
3569 1
3569 1
3569 1
3569 1
3569 1
3569 1
3569 1
3569 1
3569 1
3569 1
3569 1
3569 1
3569 1
3649 1
3649 1
3649 1
3649 1
3649 1
3649 1
3649 1
3649 1
3649 1
3649 1
3649 1
3649 1
3649 1
3649 1
3649 1
3649 1
3649 1
3649 1
3649 1
3649 1
3649 1
3649 1
3649 1
3649 1
3649 1
3649 1
3649 1
3649 1
3649 1
3649 1
3649 1
3649 1
3649 1
3649 1
3649 1
3649 1
3649 1
3649 1
3649 1
3640 1
3640 1
3640 1
3640 1
3640 1
3640 1
3640 1
3640 1
3640 1
3640 1
3640 1
3640 1
3640 1
3640 1
3640 1
3640 1
3640 1
3640 1
3640 1
3640 1
3640 1
3640 1
3640 1
3640 1
3640 1
3640 1
3640 1
3640 1
3640 1
3640 1
3640 1
3640 1
3640 1
3640 1
3640 1
3640 1
3640 1
3640 1
3640 1
3635 1
3635 1
3635 1
3635 1
3635 1
3635 1
3635 1
3635 1
3635 1
3635 1
3635 1
3635 1
3635 1
3635 1
3635 1
3635 1
3635 1
3635 1
3635 1
3635 1
3635 1
3635 1
3635 1
3635 1
3635 1
3635 1
3635 1
3635 1
3635 1
3635 1
3635 1
3635 1
3635 1
3635 1
3635 1
3635 1
3635 1
3635 1
3635 1
3718 1
3718 1
3718 1
3718 1
3718 1
3718 1
3718 1
3718 1
3718 1
3718 1
3718 1
3718 1
3718 1
3718 1
3718 1
3718 1
3718 1
3718 1
3718 1
3718 1
3718 1
3718 1
3718 1
3718 1
3718 1
3718 1
3718 1
3718 1
3718 1
3718 1
3718 1
3718 1
3718 1
3718 1
3718 1
3718 1
3718 1
3718 1
3718 1
3717 1
3717 1
3717 1
3717 1
3717 1
3717 1
3717 1
3717 1
3717 1
3717 1
3717 1
3717 1
3717 1
3717 1
3717 1
3717 1
3717 1
3717 1
3717 1
3717 1
3717 1
3717 1
3717 1
3717 1
3717 1
3717 1
3717 1
3717 1
3717 1
3717 1
3717 1
3717 1
3717 1
3717 1
3717 1
3717 1
3717 1
3717 1
3717 1
3804 1
3804 1
3804 1
3804 1
3804 1
3804 1
3804 1
3804 1
3804 1
3804 1
3804 1
3804 1
3804 1
3804 1
3804 1
3804 1
3804 1
3804 1
3804 1
3804 1
3804 1
3804 1
3804 1
3804 1
3804 1
3804 1
3804 1
3804 1
3804 1
3804 1
3804 1
3804 1
3804 1
3804 1
3804 1
3804 1
3804 1
3804 1
3804 1
3900 1
3900 1
3900 1
3900 1
3900 1
3900 1
3900 1
3900 1
3900 1
3900 1
3900 1
3900 1
3900 1
3900 1
3900 1
3900 1
3900 1
3900 1
3900 1
3900 1
3900 1
3900 1
3900 1
3900 1
3900 1
3900 1
3900 1
3900 1
3900 1
3900 1
3900 1
3900 1
3900 1
3900 1
3900 1
3900 1
3900 1
3900 1
3900 1
3896 1
3896 1
3896 1
3896 1
3896 1
3896 1
3896 1
3896 1
3896 1
3896 1
3896 1
3896 1
3896 1
3896 1
3896 1
3896 1
3896 1
3896 1
3896 1
3896 1
3896 1
3896 1
3896 1
3896 1
3896 1
3896 1
3896 1
3896 1
3896 1
3896 1
3896 1
3896 1
3896 1
3896 1
3896 1
3896 1
3896 1
3896 1
3896 1
3998 1
3998 1
3998 1
3998 1
3998 1
3998 1
3998 1
3998 1
3998 1
3998 1
3998 1
3998 1
3998 1
3998 1
3998 1
3998 1
3998 1
3998 1
3998 1
3998 1
3998 1
3998 1
3998 1
3998 1
3998 1
3998 1
3998 1
3998 1
3998 1
3998 1
3998 1
3998 1
3998 1
3998 1
3998 1
3998 1
3998 1
3998 1
3998 1
3995 1
3995 1
3995 1
3995 1
3995 1
3995 1
3995 1
3995 1
3995 1
3995 1
3995 1
3995 1
3995 1
3995 1
3995 1
3995 1
3995 1
3995 1
3995 1
3995 1
3995 1
3995 1
3995 1
3995 1
3995 1
3995 1
3995 1
3995 1
3995 1
3995 1
3995 1
3995 1
3995 1
3995 1
3995 1
3995 1
3995 1
3995 1
3995 1
4269 1
4269 1
4269 1
4269 1
4269 1
4269 1
4269 1
4269 1
4269 1
4269 1
4269 1
4269 1
4269 1
4269 1
4269 1
4269 1
4269 1
4269 1
4269 1
4269 1
4269 1
4269 1
4269 1
4269 1
4269 1
4269 1
4269 1
4269 1
4269 1
4269 1
4269 1
4269 1
4269 1
4269 1
4269 1
4269 1
4269 1
4269 1
4269 1
4456 1
4456 1
4456 1
4456 1
4456 1
4456 1
4456 1
4456 1
4456 1
4456 1
4456 1
4456 1
4456 1
4456 1
4456 1
4456 1
4456 1
4456 1
4456 1
4456 1
4456 1
4456 1
4456 1
4456 1
4456 1
4456 1
4456 1
4456 1
4456 1
4456 1
4456 1
4456 1
4456 1
4456 1
4456 1
4456 1
4456 1
4456 1
4456 1
4167 1
4167 1
4167 1
4167 1
4167 1
4167 1
4167 1
4167 1
4167 1
4167 1
4167 1
4167 1
4167 1
4167 1
4167 1
4167 1
4167 1
4167 1
4167 1
4167 1
4167 1
4167 1
4167 1
4167 1
4167 1
4167 1
4167 1
4167 1
4167 1
4167 1
4167 1
4167 1
4167 1
4167 1
4167 1
4167 1
4167 1
4167 1
4167 1
4166 1
4166 1
4166 1
4166 1
4166 1
4166 1
4166 1
4166 1
4166 1
4166 1
4166 1
4166 1
4166 1
4166 1
4166 1
4166 1
4166 1
4166 1
4166 1
4166 1
4166 1
4166 1
4166 1
4166 1
4166 1
4166 1
4166 1
4166 1
4166 1
4166 1
4166 1
4166 1
4166 1
4166 1
4166 1
4166 1
4166 1
4166 1
4166 1
4164 1
4164 1
4164 1
4164 1
4164 1
4164 1
4164 1
4164 1
4164 1
4164 1
4164 1
4164 1
4164 1
4164 1
4164 1
4164 1
4164 1
4164 1
4164 1
4164 1
4164 1
4164 1
4164 1
4164 1
4164 1
4164 1
4164 1
4164 1
4164 1
4164 1
4164 1
4164 1
4164 1
4164 1
4164 1
4164 1
4164 1
4164 1
4164 1
4262 1
4262 1
4262 1
4262 1
4262 1
4262 1
4262 1
4262 1
4262 1
4262 1
4262 1
4262 1
4262 1
4262 1
4262 1
4262 1
4262 1
4262 1
4262 1
4262 1
4262 1
4262 1
4262 1
4262 1
4262 1
4262 1
4262 1
4262 1
4262 1
4262 1
4262 1
4262 1
4262 1
4262 1
4262 1
4262 1
4262 1
4262 1
4262 1
4253 1
4253 1
4253 1
4253 1
4253 1
4253 1
4253 1
4253 1
4253 1
4253 1
4253 1
4253 1
4253 1
4253 1
4253 1
4253 1
4253 1
4253 1
4253 1
4253 1
4253 1
4253 1
4253 1
4253 1
4253 1
4253 1
4253 1
4253 1
4253 1
4253 1
4253 1
4253 1
4253 1
4253 1
4253 1
4253 1
4253 1
4253 1
4253 1
4250 1
4250 1
4250 1
4250 1
4250 1
4250 1
4250 1
4250 1
4250 1
4250 1
4250 1
4250 1
4250 1
4250 1
4250 1
4250 1
4250 1
4250 1
4250 1
4250 1
4250 1
4250 1
4250 1
4250 1
4250 1
4250 1
4250 1
4250 1
4250 1
4250 1
4250 1
4250 1
4250 1
4250 1
4250 1
4250 1
4250 1
4250 1
4250 1
4341 1
4341 1
4341 1
4341 1
4341 1
4341 1
4341 1
4341 1
4341 1
4341 1
4341 1
4341 1
4341 1
4341 1
4341 1
4341 1
4341 1
4341 1
4341 1
4341 1
4341 1
4341 1
4341 1
4341 1
4341 1
4341 1
4341 1
4341 1
4341 1
4341 1
4341 1
4341 1
4341 1
4341 1
4341 1
4341 1
4341 1
4341 1
4341 1
4636 1
4636 1
4636 1
4636 1
4636 1
4636 1
4636 1
4636 1
4636 1
4636 1
4636 1
4636 1
4636 1
4636 1
4636 1
4636 1
4636 1
4636 1
4636 1
4636 1
4636 1
4636 1
4636 1
4636 1
4636 1
4636 1
4636 1
4636 1
4636 1
4636 1
4636 1
4636 1
4636 1
4636 1
4636 1
4636 1
4636 1
4636 1
4636 1
4335 1
4335 1
4335 1
4335 1
4335 1
4335 1
4335 1
4335 1
4335 1
4335 1
4335 1
4335 1
4335 1
4335 1
4335 1
4335 1
4335 1
4335 1
4335 1
4335 1
4335 1
4335 1
4335 1
4335 1
4335 1
4335 1
4335 1
4335 1
4335 1
4335 1
4335 1
4335 1
4335 1
4335 1
4335 1
4335 1
4335 1
4335 1
4335 1
4732 1
4732 1
4732 1
4732 1
4732 1
4732 1
4732 1
4732 1
4732 1
4732 1
4732 1
4732 1
4732 1
4732 1
4732 1
4732 1
4732 1
4732 1
4732 1
4732 1
4732 1
4732 1
4732 1
4732 1
4732 1
4732 1
4732 1
4732 1
4732 1
4732 1
4732 1
4732 1
4732 1
4732 1
4732 1
4732 1
4732 1
4732 1
4732 1
10934 1
10934 1
10934 1
10934 1
10934 1
10934 1
10934 1
10934 1
10934 1
10934 1
10934 1
10934 1
10934 1
10934 1
10934 1
10934 1
10934 1
10934 1
10934 1
10934 1
10934 1
10934 1
10934 1
10934 1
10934 1
10934 1
10934 1
10934 1
10934 1
10934 1
10934 1
10934 1
10934 1
10934 1
10934 1
10934 1
10934 1
10934 1
10934 1
4728 1
4728 1
4728 1
4728 1
4728 1
4728 1
4728 1
4728 1
4728 1
4728 1
4728 1
4728 1
4728 1
4728 1
4728 1
4728 1
4728 1
4728 1
4728 1
4728 1
4728 1
4728 1
4728 1
4728 1
4728 1
4728 1
4728 1
4728 1
4728 1
4728 1
4728 1
4728 1
4728 1
4728 1
4728 1
4728 1
4728 1
4728 1
4728 1
4725 1
4725 1
4725 1
4725 1
4725 1
4725 1
4725 1
4725 1
4725 1
4725 1
4725 1
4725 1
4725 1
4725 1
4725 1
4725 1
4725 1
4725 1
4725 1
4725 1
4725 1
4725 1
4725 1
4725 1
4725 1
4725 1
4725 1
4725 1
4725 1
4725 1
4725 1
4725 1
4725 1
4725 1
4725 1
4725 1
4725 1
4725 1
4725 1
4822 1
4822 1
4822 1
4822 1
4822 1
4822 1
4822 1
4822 1
4822 1
4822 1
4822 1
4822 1
4822 1
4822 1
4822 1
4822 1
4822 1
4822 1
4822 1
4822 1
4822 1
4822 1
4822 1
4822 1
4822 1
4822 1
4822 1
4822 1
4822 1
4822 1
4822 1
4822 1
4822 1
4822 1
4822 1
4822 1
4822 1
4822 1
4822 1
4610 1
4610 1
4610 1
4610 1
4610 1
4610 1
4610 1
4610 1
4610 1
4610 1
4610 1
4610 1
4610 1
4610 1
4610 1
4610 1
4610 1
4610 1
4610 1
4610 1
4610 1
4610 1
4610 1
4610 1
4610 1
4610 1
4610 1
4610 1
4610 1
4610 1
4610 1
4610 1
4610 1
4610 1
4610 1
4610 1
4610 1
4610 1
4610 1
4599 1
4599 1
4599 1
4599 1
4599 1
4599 1
4599 1
4599 1
4599 1
4599 1
4599 1
4599 1
4599 1
4599 1
4599 1
4599 1
4599 1
4599 1
4599 1
4599 1
4599 1
4599 1
4599 1
4599 1
4599 1
4599 1
4599 1
4599 1
4599 1
4599 1
4599 1
4599 1
4599 1
4599 1
4599 1
4599 1
4599 1
4599 1
4599 1
4711 1
4711 1
4711 1
4711 1
4711 1
4711 1
4711 1
4711 1
4711 1
4711 1
4711 1
4711 1
4711 1
4711 1
4711 1
4711 1
4711 1
4711 1
4711 1
4711 1
4711 1
4711 1
4711 1
4711 1
4711 1
4711 1
4711 1
4711 1
4711 1
4711 1
4711 1
4711 1
4711 1
4711 1
4711 1
4711 1
4711 1
4711 1
4711 1
4801 1
4801 1
4801 1
4801 1
4801 1
4801 1
4801 1
4801 1
4801 1
4801 1
4801 1
4801 1
4801 1
4801 1
4801 1
4801 1
4801 1
4801 1
4801 1
4801 1
4801 1
4801 1
4801 1
4801 1
4801 1
4801 1
4801 1
4801 1
4801 1
4801 1
4801 1
4801 1
4801 1
4801 1
4801 1
4801 1
4801 1
4801 1
4801 1
4799 1
4799 1
4799 1
4799 1
4799 1
4799 1
4799 1
4799 1
4799 1
4799 1
4799 1
4799 1
4799 1
4799 1
4799 1
4799 1
4799 1
4799 1
4799 1
4799 1
4799 1
4799 1
4799 1
4799 1
4799 1
4799 1
4799 1
4799 1
4799 1
4799 1
4799 1
4799 1
4799 1
4799 1
4799 1
4799 1
4799 1
4799 1
4799 1
5089 1
5089 1
5089 1
5089 1
5089 1
5089 1
5089 1
5089 1
5089 1
5089 1
5089 1
5089 1
5089 1
5089 1
5089 1
5089 1
5089 1
5089 1
5089 1
5089 1
5089 1
5089 1
5089 1
5089 1
5089 1
5089 1
5089 1
5089 1
5089 1
5089 1
5089 1
5089 1
5089 1
5089 1
5089 1
5089 1
5089 1
5089 1
5089 1
4897 1
4897 1
4897 1
4897 1
4897 1
4897 1
4897 1
4897 1
4897 1
4897 1
4897 1
4897 1
4897 1
4897 1
4897 1
4897 1
4897 1
4897 1
4897 1
4897 1
4897 1
4897 1
4897 1
4897 1
4897 1
4897 1
4897 1
4897 1
4897 1
4897 1
4897 1
4897 1
4897 1
4897 1
4897 1
4897 1
4897 1
4897 1
4897 1
4894 1
4894 1
4894 1
4894 1
4894 1
4894 1
4894 1
4894 1
4894 1
4894 1
4894 1
4894 1
4894 1
4894 1
4894 1
4894 1
4894 1
4894 1
4894 1
4894 1
4894 1
4894 1
4894 1
4894 1
4894 1
4894 1
4894 1
4894 1
4894 1
4894 1
4894 1
4894 1
4894 1
4894 1
4894 1
4894 1
4894 1
4894 1
4894 1
4893 1
4893 1
4893 1
4893 1
4893 1
4893 1
4893 1
4893 1
4893 1
4893 1
4893 1
4893 1
4893 1
4893 1
4893 1
4893 1
4893 1
4893 1
4893 1
4893 1
4893 1
4893 1
4893 1
4893 1
4893 1
4893 1
4893 1
4893 1
4893 1
4893 1
4893 1
4893 1
4893 1
4893 1
4893 1
4893 1
4893 1
4893 1
4893 1
4891 1
4891 1
4891 1
4891 1
4891 1
4891 1
4891 1
4891 1
4891 1
4891 1
4891 1
4891 1
4891 1
4891 1
4891 1
4891 1
4891 1
4891 1
4891 1
4891 1
4891 1
4891 1
4891 1
4891 1
4891 1
4891 1
4891 1
4891 1
4891 1
4891 1
4891 1
4891 1
4891 1
4891 1
4891 1
4891 1
4891 1
4891 1
4891 1
4890 1
4890 1
4890 1
4890 1
4890 1
4890 1
4890 1
4890 1
4890 1
4890 1
4890 1
4890 1
4890 1
4890 1
4890 1
4890 1
4890 1
4890 1
4890 1
4890 1
4890 1
4890 1
4890 1
4890 1
4890 1
4890 1
4890 1
4890 1
4890 1
4890 1
4890 1
4890 1
4890 1
4890 1
4890 1
4890 1
4890 1
4890 1
4890 1
4874 1
4874 1
4874 1
4874 1
4874 1
4874 1
4874 1
4874 1
4874 1
4874 1
4874 1
4874 1
4874 1
4874 1
4874 1
4874 1
4874 1
4874 1
4874 1
4874 1
4874 1
4874 1
4874 1
4874 1
4874 1
4874 1
4874 1
4874 1
4874 1
4874 1
4874 1
4874 1
4874 1
4874 1
4874 1
4874 1
4874 1
4874 1
4874 1
4988 1
4988 1
4988 1
4988 1
4988 1
4988 1
4988 1
4988 1
4988 1
4988 1
4988 1
4988 1
4988 1
4988 1
4988 1
4988 1
4988 1
4988 1
4988 1
4988 1
4988 1
4988 1
4988 1
4988 1
4988 1
4988 1
4988 1
4988 1
4988 1
4988 1
4988 1
4988 1
4988 1
4988 1
4988 1
4988 1
4988 1
4988 1
4988 1
4987 1
4987 1
4987 1
4987 1
4987 1
4987 1
4987 1
4987 1
4987 1
4987 1
4987 1
4987 1
4987 1
4987 1
4987 1
4987 1
4987 1
4987 1
4987 1
4987 1
4987 1
4987 1
4987 1
4987 1
4987 1
4987 1
4987 1
4987 1
4987 1
4987 1
4987 1
4987 1
4987 1
4987 1
4987 1
4987 1
4987 1
4987 1
4987 1
4981 1
4981 1
4981 1
4981 1
4981 1
4981 1
4981 1
4981 1
4981 1
4981 1
4981 1
4981 1
4981 1
4981 1
4981 1
4981 1
4981 1
4981 1
4981 1
4981 1
4981 1
4981 1
4981 1
4981 1
4981 1
4981 1
4981 1
4981 1
4981 1
4981 1
4981 1
4981 1
4981 1
4981 1
4981 1
4981 1
4981 1
4981 1
4981 1
4980 1
4980 1
4980 1
4980 1
4980 1
4980 1
4980 1
4980 1
4980 1
4980 1
4980 1
4980 1
4980 1
4980 1
4980 1
4980 1
4980 1
4980 1
4980 1
4980 1
4980 1
4980 1
4980 1
4980 1
4980 1
4980 1
4980 1
4980 1
4980 1
4980 1
4980 1
4980 1
4980 1
4980 1
4980 1
4980 1
4980 1
4980 1
4980 1
9794 1
9794 1
9794 1
9794 1
9794 1
9794 1
9794 1
9794 1
9794 1
9794 1
9794 1
9794 1
9794 1
9794 1
9794 1
9794 1
9794 1
9794 1
9794 1
9794 1
9794 1
9794 1
9794 1
9794 1
9794 1
9794 1
9794 1
9794 1
9794 1
9794 1
9794 1
9794 1
9794 1
9794 1
9794 1
9794 1
9794 1
9794 1
9794 1
10342 1
10342 1
10342 1
10342 1
10342 1
10342 1
10342 1
10342 1
10342 1
10342 1
10342 1
10342 1
10342 1
10342 1
10342 1
10342 1
10342 1
10342 1
10342 1
10342 1
10342 1
10342 1
10342 1
10342 1
10342 1
10342 1
10342 1
10342 1
10342 1
10342 1
10342 1
10342 1
10342 1
10342 1
10342 1
10342 1
10342 1
10342 1
10342 1
4972 1
4972 1
4972 1
4972 1
4972 1
4972 1
4972 1
4972 1
4972 1
4972 1
4972 1
4972 1
4972 1
4972 1
4972 1
4972 1
4972 1
4972 1
4972 1
4972 1
4972 1
4972 1
4972 1
4972 1
4972 1
4972 1
4972 1
4972 1
4972 1
4972 1
4972 1
4972 1
4972 1
4972 1
4972 1
4972 1
4972 1
4972 1
4972 1
10944 1
10944 1
10944 1
10944 1
10944 1
10944 1
10944 1
10944 1
10944 1
10944 1
10944 1
10944 1
10944 1
10944 1
10944 1
10944 1
10944 1
10944 1
10944 1
10944 1
10944 1
10944 1
10944 1
10944 1
10944 1
10944 1
10944 1
10944 1
10944 1
10944 1
10944 1
10944 1
10944 1
10944 1
10944 1
10944 1
10944 1
10944 1
10944 1
5078 1
5078 1
5078 1
5078 1
5078 1
5078 1
5078 1
5078 1
5078 1
5078 1
5078 1
5078 1
5078 1
5078 1
5078 1
5078 1
5078 1
5078 1
5078 1
5078 1
5078 1
5078 1
5078 1
5078 1
5078 1
5078 1
5078 1
5078 1
5078 1
5078 1
5078 1
5078 1
5078 1
5078 1
5078 1
5078 1
5078 1
5078 1
5078 1
5076 1
5076 1
5076 1
5076 1
5076 1
5076 1
5076 1
5076 1
5076 1
5076 1
5076 1
5076 1
5076 1
5076 1
5076 1
5076 1
5076 1
5076 1
5076 1
5076 1
5076 1
5076 1
5076 1
5076 1
5076 1
5076 1
5076 1
5076 1
5076 1
5076 1
5076 1
5076 1
5076 1
5076 1
5076 1
5076 1
5076 1
5076 1
5076 1
5074 1
5074 1
5074 1
5074 1
5074 1
5074 1
5074 1
5074 1
5074 1
5074 1
5074 1
5074 1
5074 1
5074 1
5074 1
5074 1
5074 1
5074 1
5074 1
5074 1
5074 1
5074 1
5074 1
5074 1
5074 1
5074 1
5074 1
5074 1
5074 1
5074 1
5074 1
5074 1
5074 1
5074 1
5074 1
5074 1
5074 1
5074 1
5074 1
5070 1
5070 1
5070 1
5070 1
5070 1
5070 1
5070 1
5070 1
5070 1
5070 1
5070 1
5070 1
5070 1
5070 1
5070 1
5070 1
5070 1
5070 1
5070 1
5070 1
5070 1
5070 1
5070 1
5070 1
5070 1
5070 1
5070 1
5070 1
5070 1
5070 1
5070 1
5070 1
5070 1
5070 1
5070 1
5070 1
5070 1
5070 1
5070 1
5063 1
5063 1
5063 1
5063 1
5063 1
5063 1
5063 1
5063 1
5063 1
5063 1
5063 1
5063 1
5063 1
5063 1
5063 1
5063 1
5063 1
5063 1
5063 1
5063 1
5063 1
5063 1
5063 1
5063 1
5063 1
5063 1
5063 1
5063 1
5063 1
5063 1
5063 1
5063 1
5063 1
5063 1
5063 1
5063 1
5063 1
5063 1
5063 1
5046 1
5046 1
5046 1
5046 1
5046 1
5046 1
5046 1
5046 1
5046 1
5046 1
5046 1
5046 1
5046 1
5046 1
5046 1
5046 1
5046 1
5046 1
5046 1
5046 1
5046 1
5046 1
5046 1
5046 1
5046 1
5046 1
5046 1
5046 1
5046 1
5046 1
5046 1
5046 1
5046 1
5046 1
5046 1
5046 1
5046 1
5046 1
5046 1
5164 1
5164 1
5164 1
5164 1
5164 1
5164 1
5164 1
5164 1
5164 1
5164 1
5164 1
5164 1
5164 1
5164 1
5164 1
5164 1
5164 1
5164 1
5164 1
5164 1
5164 1
5164 1
5164 1
5164 1
5164 1
5164 1
5164 1
5164 1
5164 1
5164 1
5164 1
5164 1
5164 1
5164 1
5164 1
5164 1
5164 1
5164 1
5164 1
5355 1
5355 1
5355 1
5355 1
5355 1
5355 1
5355 1
5355 1
5355 1
5355 1
5355 1
5355 1
5355 1
5355 1
5355 1
5355 1
5355 1
5355 1
5355 1
5355 1
5355 1
5355 1
5355 1
5355 1
5355 1
5355 1
5355 1
5355 1
5355 1
5355 1
5355 1
5355 1
5355 1
5355 1
5355 1
5355 1
5355 1
5355 1
5355 1
5534 1
5534 1
5534 1
5534 1
5534 1
5534 1
5534 1
5534 1
5534 1
5534 1
5534 1
5534 1
5534 1
5534 1
5534 1
5534 1
5534 1
5534 1
5534 1
5534 1
5534 1
5534 1
5534 1
5534 1
5534 1
5534 1
5534 1
5534 1
5534 1
5534 1
5534 1
5534 1
5534 1
5534 1
5534 1
5534 1
5534 1
5534 1
5534 1
5225 1
5225 1
5225 1
5225 1
5225 1
5225 1
5225 1
5225 1
5225 1
5225 1
5225 1
5225 1
5225 1
5225 1
5225 1
5225 1
5225 1
5225 1
5225 1
5225 1
5225 1
5225 1
5225 1
5225 1
5225 1
5225 1
5225 1
5225 1
5225 1
5225 1
5225 1
5225 1
5225 1
5225 1
5225 1
5225 1
5225 1
5225 1
5225 1
5533 1
5533 1
5533 1
5533 1
5533 1
5533 1
5533 1
5533 1
5533 1
5533 1
5533 1
5533 1
5533 1
5533 1
5533 1
5533 1
5533 1
5533 1
5533 1
5533 1
5533 1
5533 1
5533 1
5533 1
5533 1
5533 1
5533 1
5533 1
5533 1
5533 1
5533 1
5533 1
5533 1
5533 1
5533 1
5533 1
5533 1
5533 1
5533 1
5431 1
5431 1
5431 1
5431 1
5431 1
5431 1
5431 1
5431 1
5431 1
5431 1
5431 1
5431 1
5431 1
5431 1
5431 1
5431 1
5431 1
5431 1
5431 1
5431 1
5431 1
5431 1
5431 1
5431 1
5431 1
5431 1
5431 1
5431 1
5431 1
5431 1
5431 1
5431 1
5431 1
5431 1
5431 1
5431 1
5431 1
5431 1
5431 1
5319 1
5319 1
5319 1
5319 1
5319 1
5319 1
5319 1
5319 1
5319 1
5319 1
5319 1
5319 1
5319 1
5319 1
5319 1
5319 1
5319 1
5319 1
5319 1
5319 1
5319 1
5319 1
5319 1
5319 1
5319 1
5319 1
5319 1
5319 1
5319 1
5319 1
5319 1
5319 1
5319 1
5319 1
5319 1
5319 1
5319 1
5319 1
5319 1
5430 1
5430 1
5430 1
5430 1
5430 1
5430 1
5430 1
5430 1
5430 1
5430 1
5430 1
5430 1
5430 1
5430 1
5430 1
5430 1
5430 1
5430 1
5430 1
5430 1
5430 1
5430 1
5430 1
5430 1
5430 1
5430 1
5430 1
5430 1
5430 1
5430 1
5430 1
5430 1
5430 1
5430 1
5430 1
5430 1
5430 1
5430 1
5430 1
5619 1
5619 1
5619 1
5619 1
5619 1
5619 1
5619 1
5619 1
5619 1
5619 1
5619 1
5619 1
5619 1
5619 1
5619 1
5619 1
5619 1
5619 1
5619 1
5619 1
5619 1
5619 1
5619 1
5619 1
5619 1
5619 1
5619 1
5619 1
5619 1
5619 1
5619 1
5619 1
5619 1
5619 1
5619 1
5619 1
5619 1
5619 1
5619 1
5426 1
5426 1
5426 1
5426 1
5426 1
5426 1
5426 1
5426 1
5426 1
5426 1
5426 1
5426 1
5426 1
5426 1
5426 1
5426 1
5426 1
5426 1
5426 1
5426 1
5426 1
5426 1
5426 1
5426 1
5426 1
5426 1
5426 1
5426 1
5426 1
5426 1
5426 1
5426 1
5426 1
5426 1
5426 1
5426 1
5426 1
5426 1
5426 1
5618 1
5618 1
5618 1
5618 1
5618 1
5618 1
5618 1
5618 1
5618 1
5618 1
5618 1
5618 1
5618 1
5618 1
5618 1
5618 1
5618 1
5618 1
5618 1
5618 1
5618 1
5618 1
5618 1
5618 1
5618 1
5618 1
5618 1
5618 1
5618 1
5618 1
5618 1
5618 1
5618 1
5618 1
5618 1
5618 1
5618 1
5618 1
5618 1
5424 1
5424 1
5424 1
5424 1
5424 1
5424 1
5424 1
5424 1
5424 1
5424 1
5424 1
5424 1
5424 1
5424 1
5424 1
5424 1
5424 1
5424 1
5424 1
5424 1
5424 1
5424 1
5424 1
5424 1
5424 1
5424 1
5424 1
5424 1
5424 1
5424 1
5424 1
5424 1
5424 1
5424 1
5424 1
5424 1
5424 1
5424 1
5424 1
5422 1
5422 1
5422 1
5422 1
5422 1
5422 1
5422 1
5422 1
5422 1
5422 1
5422 1
5422 1
5422 1
5422 1
5422 1
5422 1
5422 1
5422 1
5422 1
5422 1
5422 1
5422 1
5422 1
5422 1
5422 1
5422 1
5422 1
5422 1
5422 1
5422 1
5422 1
5422 1
5422 1
5422 1
5422 1
5422 1
5422 1
5422 1
5422 1
5615 1
5615 1
5615 1
5615 1
5615 1
5615 1
5615 1
5615 1
5615 1
5615 1
5615 1
5615 1
5615 1
5615 1
5615 1
5615 1
5615 1
5615 1
5615 1
5615 1
5615 1
5615 1
5615 1
5615 1
5615 1
5615 1
5615 1
5615 1
5615 1
5615 1
5615 1
5615 1
5615 1
5615 1
5615 1
5615 1
5615 1
5615 1
5615 1
5419 1
5419 1
5419 1
5419 1
5419 1
5419 1
5419 1
5419 1
5419 1
5419 1
5419 1
5419 1
5419 1
5419 1
5419 1
5419 1
5419 1
5419 1
5419 1
5419 1
5419 1
5419 1
5419 1
5419 1
5419 1
5419 1
5419 1
5419 1
5419 1
5419 1
5419 1
5419 1
5419 1
5419 1
5419 1
5419 1
5419 1
5419 1
5419 1
5614 1
5614 1
5614 1
5614 1
5614 1
5614 1
5614 1
5614 1
5614 1
5614 1
5614 1
5614 1
5614 1
5614 1
5614 1
5614 1
5614 1
5614 1
5614 1
5614 1
5614 1
5614 1
5614 1
5614 1
5614 1
5614 1
5614 1
5614 1
5614 1
5614 1
5614 1
5614 1
5614 1
5614 1
5614 1
5614 1
5614 1
5614 1
5614 1
5521 1
5521 1
5521 1
5521 1
5521 1
5521 1
5521 1
5521 1
5521 1
5521 1
5521 1
5521 1
5521 1
5521 1
5521 1
5521 1
5521 1
5521 1
5521 1
5521 1
5521 1
5521 1
5521 1
5521 1
5521 1
5521 1
5521 1
5521 1
5521 1
5521 1
5521 1
5521 1
5521 1
5521 1
5521 1
5521 1
5521 1
5521 1
5521 1
5405 1
5405 1
5405 1
5405 1
5405 1
5405 1
5405 1
5405 1
5405 1
5405 1
5405 1
5405 1
5405 1
5405 1
5405 1
5405 1
5405 1
5405 1
5405 1
5405 1
5405 1
5405 1
5405 1
5405 1
5405 1
5405 1
5405 1
5405 1
5405 1
5405 1
5405 1
5405 1
5405 1
5405 1
5405 1
5405 1
5405 1
5405 1
5405 1
5518 1
5518 1
5518 1
5518 1
5518 1
5518 1
5518 1
5518 1
5518 1
5518 1
5518 1
5518 1
5518 1
5518 1
5518 1
5518 1
5518 1
5518 1
5518 1
5518 1
5518 1
5518 1
5518 1
5518 1
5518 1
5518 1
5518 1
5518 1
5518 1
5518 1
5518 1
5518 1
5518 1
5518 1
5518 1
5518 1
5518 1
5518 1
5518 1
5507 1
5507 1
5507 1
5507 1
5507 1
5507 1
5507 1
5507 1
5507 1
5507 1
5507 1
5507 1
5507 1
5507 1
5507 1
5507 1
5507 1
5507 1
5507 1
5507 1
5507 1
5507 1
5507 1
5507 1
5507 1
5507 1
5507 1
5507 1
5507 1
5507 1
5507 1
5507 1
5507 1
5507 1
5507 1
5507 1
5507 1
5507 1
5507 1
5702 1
5702 1
5702 1
5702 1
5702 1
5702 1
5702 1
5702 1
5702 1
5702 1
5702 1
5702 1
5702 1
5702 1
5702 1
5702 1
5702 1
5702 1
5702 1
5702 1
5702 1
5702 1
5702 1
5702 1
5702 1
5702 1
5702 1
5702 1
5702 1
5702 1
5702 1
5702 1
5702 1
5702 1
5702 1
5702 1
5702 1
5702 1
5702 1
5505 1
5505 1
5505 1
5505 1
5505 1
5505 1
5505 1
5505 1
5505 1
5505 1
5505 1
5505 1
5505 1
5505 1
5505 1
5505 1
5505 1
5505 1
5505 1
5505 1
5505 1
5505 1
5505 1
5505 1
5505 1
5505 1
5505 1
5505 1
5505 1
5505 1
5505 1
5505 1
5505 1
5505 1
5505 1
5505 1
5505 1
5505 1
5505 1
5605 1
5605 1
5605 1
5605 1
5605 1
5605 1
5605 1
5605 1
5605 1
5605 1
5605 1
5605 1
5605 1
5605 1
5605 1
5605 1
5605 1
5605 1
5605 1
5605 1
5605 1
5605 1
5605 1
5605 1
5605 1
5605 1
5605 1
5605 1
5605 1
5605 1
5605 1
5605 1
5605 1
5605 1
5605 1
5605 1
5605 1
5605 1
5605 1
5604 1
5604 1
5604 1
5604 1
5604 1
5604 1
5604 1
5604 1
5604 1
5604 1
5604 1
5604 1
5604 1
5604 1
5604 1
5604 1
5604 1
5604 1
5604 1
5604 1
5604 1
5604 1
5604 1
5604 1
5604 1
5604 1
5604 1
5604 1
5604 1
5604 1
5604 1
5604 1
5604 1
5604 1
5604 1
5604 1
5604 1
5604 1
5604 1
5796 1
5796 1
5796 1
5796 1
5796 1
5796 1
5796 1
5796 1
5796 1
5796 1
5796 1
5796 1
5796 1
5796 1
5796 1
5796 1
5796 1
5796 1
5796 1
5796 1
5796 1
5796 1
5796 1
5796 1
5796 1
5796 1
5796 1
5796 1
5796 1
5796 1
5796 1
5796 1
5796 1
5796 1
5796 1
5796 1
5796 1
5796 1
5796 1
5795 1
5795 1
5795 1
5795 1
5795 1
5795 1
5795 1
5795 1
5795 1
5795 1
5795 1
5795 1
5795 1
5795 1
5795 1
5795 1
5795 1
5795 1
5795 1
5795 1
5795 1
5795 1
5795 1
5795 1
5795 1
5795 1
5795 1
5795 1
5795 1
5795 1
5795 1
5795 1
5795 1
5795 1
5795 1
5795 1
5795 1
5795 1
5795 1
5592 1
5592 1
5592 1
5592 1
5592 1
5592 1
5592 1
5592 1
5592 1
5592 1
5592 1
5592 1
5592 1
5592 1
5592 1
5592 1
5592 1
5592 1
5592 1
5592 1
5592 1
5592 1
5592 1
5592 1
5592 1
5592 1
5592 1
5592 1
5592 1
5592 1
5592 1
5592 1
5592 1
5592 1
5592 1
5592 1
5592 1
5592 1
5592 1
5591 1
5591 1
5591 1
5591 1
5591 1
5591 1
5591 1
5591 1
5591 1
5591 1
5591 1
5591 1
5591 1
5591 1
5591 1
5591 1
5591 1
5591 1
5591 1
5591 1
5591 1
5591 1
5591 1
5591 1
5591 1
5591 1
5591 1
5591 1
5591 1
5591 1
5591 1
5591 1
5591 1
5591 1
5591 1
5591 1
5591 1
5591 1
5591 1
5694 1
5694 1
5694 1
5694 1
5694 1
5694 1
5694 1
5694 1
5694 1
5694 1
5694 1
5694 1
5694 1
5694 1
5694 1
5694 1
5694 1
5694 1
5694 1
5694 1
5694 1
5694 1
5694 1
5694 1
5694 1
5694 1
5694 1
5694 1
5694 1
5694 1
5694 1
5694 1
5694 1
5694 1
5694 1
5694 1
5694 1
5694 1
5694 1
5693 1
5693 1
5693 1
5693 1
5693 1
5693 1
5693 1
5693 1
5693 1
5693 1
5693 1
5693 1
5693 1
5693 1
5693 1
5693 1
5693 1
5693 1
5693 1
5693 1
5693 1
5693 1
5693 1
5693 1
5693 1
5693 1
5693 1
5693 1
5693 1
5693 1
5693 1
5693 1
5693 1
5693 1
5693 1
5693 1
5693 1
5693 1
5693 1
5887 1
5887 1
5887 1
5887 1
5887 1
5887 1
5887 1
5887 1
5887 1
5887 1
5887 1
5887 1
5887 1
5887 1
5887 1
5887 1
5887 1
5887 1
5887 1
5887 1
5887 1
5887 1
5887 1
5887 1
5887 1
5887 1
5887 1
5887 1
5887 1
5887 1
5887 1
5887 1
5887 1
5887 1
5887 1
5887 1
5887 1
5887 1
5887 1
5677 1
5677 1
5677 1
5677 1
5677 1
5677 1
5677 1
5677 1
5677 1
5677 1
5677 1
5677 1
5677 1
5677 1
5677 1
5677 1
5677 1
5677 1
5677 1
5677 1
5677 1
5677 1
5677 1
5677 1
5677 1
5677 1
5677 1
5677 1
5677 1
5677 1
5677 1
5677 1
5677 1
5677 1
5677 1
5677 1
5677 1
5677 1
5677 1
5676 1
5676 1
5676 1
5676 1
5676 1
5676 1
5676 1
5676 1
5676 1
5676 1
5676 1
5676 1
5676 1
5676 1
5676 1
5676 1
5676 1
5676 1
5676 1
5676 1
5676 1
5676 1
5676 1
5676 1
5676 1
5676 1
5676 1
5676 1
5676 1
5676 1
5676 1
5676 1
5676 1
5676 1
5676 1
5676 1
5676 1
5676 1
5676 1
5675 1
5675 1
5675 1
5675 1
5675 1
5675 1
5675 1
5675 1
5675 1
5675 1
5675 1
5675 1
5675 1
5675 1
5675 1
5675 1
5675 1
5675 1
5675 1
5675 1
5675 1
5675 1
5675 1
5675 1
5675 1
5675 1
5675 1
5675 1
5675 1
5675 1
5675 1
5675 1
5675 1
5675 1
5675 1
5675 1
5675 1
5675 1
5675 1
5778 1
5778 1
5778 1
5778 1
5778 1
5778 1
5778 1
5778 1
5778 1
5778 1
5778 1
5778 1
5778 1
5778 1
5778 1
5778 1
5778 1
5778 1
5778 1
5778 1
5778 1
5778 1
5778 1
5778 1
5778 1
5778 1
5778 1
5778 1
5778 1
5778 1
5778 1
5778 1
5778 1
5778 1
5778 1
5778 1
5778 1
5778 1
5778 1
5777 1
5777 1
5777 1
5777 1
5777 1
5777 1
5777 1
5777 1
5777 1
5777 1
5777 1
5777 1
5777 1
5777 1
5777 1
5777 1
5777 1
5777 1
5777 1
5777 1
5777 1
5777 1
5777 1
5777 1
5777 1
5777 1
5777 1
5777 1
5777 1
5777 1
5777 1
5777 1
5777 1
5777 1
5777 1
5777 1
5777 1
5777 1
5777 1
5880 1
5880 1
5880 1
5880 1
5880 1
5880 1
5880 1
5880 1
5880 1
5880 1
5880 1
5880 1
5880 1
5880 1
5880 1
5880 1
5880 1
5880 1
5880 1
5880 1
5880 1
5880 1
5880 1
5880 1
5880 1
5880 1
5880 1
5880 1
5880 1
5880 1
5880 1
5880 1
5880 1
5880 1
5880 1
5880 1
5880 1
5880 1
5880 1
5878 1
5878 1
5878 1
5878 1
5878 1
5878 1
5878 1
5878 1
5878 1
5878 1
5878 1
5878 1
5878 1
5878 1
5878 1
5878 1
5878 1
5878 1
5878 1
5878 1
5878 1
5878 1
5878 1
5878 1
5878 1
5878 1
5878 1
5878 1
5878 1
5878 1
5878 1
5878 1
5878 1
5878 1
5878 1
5878 1
5878 1
5878 1
5878 1
5984 1
5984 1
5984 1
5984 1
5984 1
5984 1
5984 1
5984 1
5984 1
5984 1
5984 1
5984 1
5984 1
5984 1
5984 1
5984 1
5984 1
5984 1
5984 1
5984 1
5984 1
5984 1
5984 1
5984 1
5984 1
5984 1
5984 1
5984 1
5984 1
5984 1
5984 1
5984 1
5984 1
5984 1
5984 1
5984 1
5984 1
5984 1
5984 1
9945 1
9945 1
9945 1
9945 1
9945 1
9945 1
9945 1
9945 1
9945 1
9945 1
9945 1
9945 1
9945 1
9945 1
9945 1
9945 1
9945 1
9945 1
9945 1
9945 1
9945 1
9945 1
9945 1
9945 1
9945 1
9945 1
9945 1
9945 1
9945 1
9945 1
9945 1
9945 1
9945 1
9945 1
9945 1
9945 1
9945 1
9945 1
9945 1
5761 1
5761 1
5761 1
5761 1
5761 1
5761 1
5761 1
5761 1
5761 1
5761 1
5761 1
5761 1
5761 1
5761 1
5761 1
5761 1
5761 1
5761 1
5761 1
5761 1
5761 1
5761 1
5761 1
5761 1
5761 1
5761 1
5761 1
5761 1
5761 1
5761 1
5761 1
5761 1
5761 1
5761 1
5761 1
5761 1
5761 1
5761 1
5761 1
5976 1
5976 1
5976 1
5976 1
5976 1
5976 1
5976 1
5976 1
5976 1
5976 1
5976 1
5976 1
5976 1
5976 1
5976 1
5976 1
5976 1
5976 1
5976 1
5976 1
5976 1
5976 1
5976 1
5976 1
5976 1
5976 1
5976 1
5976 1
5976 1
5976 1
5976 1
5976 1
5976 1
5976 1
5976 1
5976 1
5976 1
5976 1
5976 1
6087 1
6087 1
6087 1
6087 1
6087 1
6087 1
6087 1
6087 1
6087 1
6087 1
6087 1
6087 1
6087 1
6087 1
6087 1
6087 1
6087 1
6087 1
6087 1
6087 1
6087 1
6087 1
6087 1
6087 1
6087 1
6087 1
6087 1
6087 1
6087 1
6087 1
6087 1
6087 1
6087 1
6087 1
6087 1
6087 1
6087 1
6087 1
6087 1
5969 1
5969 1
5969 1
5969 1
5969 1
5969 1
5969 1
5969 1
5969 1
5969 1
5969 1
5969 1
5969 1
5969 1
5969 1
5969 1
5969 1
5969 1
5969 1
5969 1
5969 1
5969 1
5969 1
5969 1
5969 1
5969 1
5969 1
5969 1
5969 1
5969 1
5969 1
5969 1
5969 1
5969 1
5969 1
5969 1
5969 1
5969 1
5969 1
5850 1
5850 1
5850 1
5850 1
5850 1
5850 1
5850 1
5850 1
5850 1
5850 1
5850 1
5850 1
5850 1
5850 1
5850 1
5850 1
5850 1
5850 1
5850 1
5850 1
5850 1
5850 1
5850 1
5850 1
5850 1
5850 1
5850 1
5850 1
5850 1
5850 1
5850 1
5850 1
5850 1
5850 1
5850 1
5850 1
5850 1
5850 1
5850 1
6081 1
6081 1
6081 1
6081 1
6081 1
6081 1
6081 1
6081 1
6081 1
6081 1
6081 1
6081 1
6081 1
6081 1
6081 1
6081 1
6081 1
6081 1
6081 1
6081 1
6081 1
6081 1
6081 1
6081 1
6081 1
6081 1
6081 1
6081 1
6081 1
6081 1
6081 1
6081 1
6081 1
6081 1
6081 1
6081 1
6081 1
6081 1
6081 1
6080 1
6080 1
6080 1
6080 1
6080 1
6080 1
6080 1
6080 1
6080 1
6080 1
6080 1
6080 1
6080 1
6080 1
6080 1
6080 1
6080 1
6080 1
6080 1
6080 1
6080 1
6080 1
6080 1
6080 1
6080 1
6080 1
6080 1
6080 1
6080 1
6080 1
6080 1
6080 1
6080 1
6080 1
6080 1
6080 1
6080 1
6080 1
6080 1
6079 1
6079 1
6079 1
6079 1
6079 1
6079 1
6079 1
6079 1
6079 1
6079 1
6079 1
6079 1
6079 1
6079 1
6079 1
6079 1
6079 1
6079 1
6079 1
6079 1
6079 1
6079 1
6079 1
6079 1
6079 1
6079 1
6079 1
6079 1
6079 1
6079 1
6079 1
6079 1
6079 1
6079 1
6079 1
6079 1
6079 1
6079 1
6079 1
6077 1
6077 1
6077 1
6077 1
6077 1
6077 1
6077 1
6077 1
6077 1
6077 1
6077 1
6077 1
6077 1
6077 1
6077 1
6077 1
6077 1
6077 1
6077 1
6077 1
6077 1
6077 1
6077 1
6077 1
6077 1
6077 1
6077 1
6077 1
6077 1
6077 1
6077 1
6077 1
6077 1
6077 1
6077 1
6077 1
6077 1
6077 1
6077 1
6074 1
6074 1
6074 1
6074 1
6074 1
6074 1
6074 1
6074 1
6074 1
6074 1
6074 1
6074 1
6074 1
6074 1
6074 1
6074 1
6074 1
6074 1
6074 1
6074 1
6074 1
6074 1
6074 1
6074 1
6074 1
6074 1
6074 1
6074 1
6074 1
6074 1
6074 1
6074 1
6074 1
6074 1
6074 1
6074 1
6074 1
6074 1
6074 1
6073 1
6073 1
6073 1
6073 1
6073 1
6073 1
6073 1
6073 1
6073 1
6073 1
6073 1
6073 1
6073 1
6073 1
6073 1
6073 1
6073 1
6073 1
6073 1
6073 1
6073 1
6073 1
6073 1
6073 1
6073 1
6073 1
6073 1
6073 1
6073 1
6073 1
6073 1
6073 1
6073 1
6073 1
6073 1
6073 1
6073 1
6073 1
6073 1
6180 1
6180 1
6180 1
6180 1
6180 1
6180 1
6180 1
6180 1
6180 1
6180 1
6180 1
6180 1
6180 1
6180 1
6180 1
6180 1
6180 1
6180 1
6180 1
6180 1
6180 1
6180 1
6180 1
6180 1
6180 1
6180 1
6180 1
6180 1
6180 1
6180 1
6180 1
6180 1
6180 1
6180 1
6180 1
6180 1
6180 1
6180 1
6180 1
6179 1
6179 1
6179 1
6179 1
6179 1
6179 1
6179 1
6179 1
6179 1
6179 1
6179 1
6179 1
6179 1
6179 1
6179 1
6179 1
6179 1
6179 1
6179 1
6179 1
6179 1
6179 1
6179 1
6179 1
6179 1
6179 1
6179 1
6179 1
6179 1
6179 1
6179 1
6179 1
6179 1
6179 1
6179 1
6179 1
6179 1
6179 1
6179 1
6178 1
6178 1
6178 1
6178 1
6178 1
6178 1
6178 1
6178 1
6178 1
6178 1
6178 1
6178 1
6178 1
6178 1
6178 1
6178 1
6178 1
6178 1
6178 1
6178 1
6178 1
6178 1
6178 1
6178 1
6178 1
6178 1
6178 1
6178 1
6178 1
6178 1
6178 1
6178 1
6178 1
6178 1
6178 1
6178 1
6178 1
6178 1
6178 1
6279 1
6279 1
6279 1
6279 1
6279 1
6279 1
6279 1
6279 1
6279 1
6279 1
6279 1
6279 1
6279 1
6279 1
6279 1
6279 1
6279 1
6279 1
6279 1
6279 1
6279 1
6279 1
6279 1
6279 1
6279 1
6279 1
6279 1
6279 1
6279 1
6279 1
6279 1
6279 1
6279 1
6279 1
6279 1
6279 1
6279 1
6279 1
6279 1
6177 1
6177 1
6177 1
6177 1
6177 1
6177 1
6177 1
6177 1
6177 1
6177 1
6177 1
6177 1
6177 1
6177 1
6177 1
6177 1
6177 1
6177 1
6177 1
6177 1
6177 1
6177 1
6177 1
6177 1
6177 1
6177 1
6177 1
6177 1
6177 1
6177 1
6177 1
6177 1
6177 1
6177 1
6177 1
6177 1
6177 1
6177 1
6177 1
6175 1
6175 1
6175 1
6175 1
6175 1
6175 1
6175 1
6175 1
6175 1
6175 1
6175 1
6175 1
6175 1
6175 1
6175 1
6175 1
6175 1
6175 1
6175 1
6175 1
6175 1
6175 1
6175 1
6175 1
6175 1
6175 1
6175 1
6175 1
6175 1
6175 1
6175 1
6175 1
6175 1
6175 1
6175 1
6175 1
6175 1
6175 1
6175 1
6173 1
6173 1
6173 1
6173 1
6173 1
6173 1
6173 1
6173 1
6173 1
6173 1
6173 1
6173 1
6173 1
6173 1
6173 1
6173 1
6173 1
6173 1
6173 1
6173 1
6173 1
6173 1
6173 1
6173 1
6173 1
6173 1
6173 1
6173 1
6173 1
6173 1
6173 1
6173 1
6173 1
6173 1
6173 1
6173 1
6173 1
6173 1
6173 1
6172 1
6172 1
6172 1
6172 1
6172 1
6172 1
6172 1
6172 1
6172 1
6172 1
6172 1
6172 1
6172 1
6172 1
6172 1
6172 1
6172 1
6172 1
6172 1
6172 1
6172 1
6172 1
6172 1
6172 1
6172 1
6172 1
6172 1
6172 1
6172 1
6172 1
6172 1
6172 1
6172 1
6172 1
6172 1
6172 1
6172 1
6172 1
6172 1
6274 1
6274 1
6274 1
6274 1
6274 1
6274 1
6274 1
6274 1
6274 1
6274 1
6274 1
6274 1
6274 1
6274 1
6274 1
6274 1
6274 1
6274 1
6274 1
6274 1
6274 1
6274 1
6274 1
6274 1
6274 1
6274 1
6274 1
6274 1
6274 1
6274 1
6274 1
6274 1
6274 1
6274 1
6274 1
6274 1
6274 1
6274 1
6274 1
6051 1
6051 1
6051 1
6051 1
6051 1
6051 1
6051 1
6051 1
6051 1
6051 1
6051 1
6051 1
6051 1
6051 1
6051 1
6051 1
6051 1
6051 1
6051 1
6051 1
6051 1
6051 1
6051 1
6051 1
6051 1
6051 1
6051 1
6051 1
6051 1
6051 1
6051 1
6051 1
6051 1
6051 1
6051 1
6051 1
6051 1
6051 1
6051 1
6047 1
6047 1
6047 1
6047 1
6047 1
6047 1
6047 1
6047 1
6047 1
6047 1
6047 1
6047 1
6047 1
6047 1
6047 1
6047 1
6047 1
6047 1
6047 1
6047 1
6047 1
6047 1
6047 1
6047 1
6047 1
6047 1
6047 1
6047 1
6047 1
6047 1
6047 1
6047 1
6047 1
6047 1
6047 1
6047 1
6047 1
6047 1
6047 1
6046 1
6046 1
6046 1
6046 1
6046 1
6046 1
6046 1
6046 1
6046 1
6046 1
6046 1
6046 1
6046 1
6046 1
6046 1
6046 1
6046 1
6046 1
6046 1
6046 1
6046 1
6046 1
6046 1
6046 1
6046 1
6046 1
6046 1
6046 1
6046 1
6046 1
6046 1
6046 1
6046 1
6046 1
6046 1
6046 1
6046 1
6046 1
6046 1
6041 1
6041 1
6041 1
6041 1
6041 1
6041 1
6041 1
6041 1
6041 1
6041 1
6041 1
6041 1
6041 1
6041 1
6041 1
6041 1
6041 1
6041 1
6041 1
6041 1
6041 1
6041 1
6041 1
6041 1
6041 1
6041 1
6041 1
6041 1
6041 1
6041 1
6041 1
6041 1
6041 1
6041 1
6041 1
6041 1
6041 1
6041 1
6041 1
6271 1
6271 1
6271 1
6271 1
6271 1
6271 1
6271 1
6271 1
6271 1
6271 1
6271 1
6271 1
6271 1
6271 1
6271 1
6271 1
6271 1
6271 1
6271 1
6271 1
6271 1
6271 1
6271 1
6271 1
6271 1
6271 1
6271 1
6271 1
6271 1
6271 1
6271 1
6271 1
6271 1
6271 1
6271 1
6271 1
6271 1
6271 1
6271 1
6270 1
6270 1
6270 1
6270 1
6270 1
6270 1
6270 1
6270 1
6270 1
6270 1
6270 1
6270 1
6270 1
6270 1
6270 1
6270 1
6270 1
6270 1
6270 1
6270 1
6270 1
6270 1
6270 1
6270 1
6270 1
6270 1
6270 1
6270 1
6270 1
6270 1
6270 1
6270 1
6270 1
6270 1
6270 1
6270 1
6270 1
6270 1
6270 1
6268 1
6268 1
6268 1
6268 1
6268 1
6268 1
6268 1
6268 1
6268 1
6268 1
6268 1
6268 1
6268 1
6268 1
6268 1
6268 1
6268 1
6268 1
6268 1
6268 1
6268 1
6268 1
6268 1
6268 1
6268 1
6268 1
6268 1
6268 1
6268 1
6268 1
6268 1
6268 1
6268 1
6268 1
6268 1
6268 1
6268 1
6268 1
6268 1
6364 1
6364 1
6364 1
6364 1
6364 1
6364 1
6364 1
6364 1
6364 1
6364 1
6364 1
6364 1
6364 1
6364 1
6364 1
6364 1
6364 1
6364 1
6364 1
6364 1
6364 1
6364 1
6364 1
6364 1
6364 1
6364 1
6364 1
6364 1
6364 1
6364 1
6364 1
6364 1
6364 1
6364 1
6364 1
6364 1
6364 1
6364 1
6364 1
6149 1
6149 1
6149 1
6149 1
6149 1
6149 1
6149 1
6149 1
6149 1
6149 1
6149 1
6149 1
6149 1
6149 1
6149 1
6149 1
6149 1
6149 1
6149 1
6149 1
6149 1
6149 1
6149 1
6149 1
6149 1
6149 1
6149 1
6149 1
6149 1
6149 1
6149 1
6149 1
6149 1
6149 1
6149 1
6149 1
6149 1
6149 1
6149 1
6363 1
6363 1
6363 1
6363 1
6363 1
6363 1
6363 1
6363 1
6363 1
6363 1
6363 1
6363 1
6363 1
6363 1
6363 1
6363 1
6363 1
6363 1
6363 1
6363 1
6363 1
6363 1
6363 1
6363 1
6363 1
6363 1
6363 1
6363 1
6363 1
6363 1
6363 1
6363 1
6363 1
6363 1
6363 1
6363 1
6363 1
6363 1
6363 1
6361 1
6361 1
6361 1
6361 1
6361 1
6361 1
6361 1
6361 1
6361 1
6361 1
6361 1
6361 1
6361 1
6361 1
6361 1
6361 1
6361 1
6361 1
6361 1
6361 1
6361 1
6361 1
6361 1
6361 1
6361 1
6361 1
6361 1
6361 1
6361 1
6361 1
6361 1
6361 1
6361 1
6361 1
6361 1
6361 1
6361 1
6361 1
6361 1
6360 1
6360 1
6360 1
6360 1
6360 1
6360 1
6360 1
6360 1
6360 1
6360 1
6360 1
6360 1
6360 1
6360 1
6360 1
6360 1
6360 1
6360 1
6360 1
6360 1
6360 1
6360 1
6360 1
6360 1
6360 1
6360 1
6360 1
6360 1
6360 1
6360 1
6360 1
6360 1
6360 1
6360 1
6360 1
6360 1
6360 1
6360 1
6360 1
6358 1
6358 1
6358 1
6358 1
6358 1
6358 1
6358 1
6358 1
6358 1
6358 1
6358 1
6358 1
6358 1
6358 1
6358 1
6358 1
6358 1
6358 1
6358 1
6358 1
6358 1
6358 1
6358 1
6358 1
6358 1
6358 1
6358 1
6358 1
6358 1
6358 1
6358 1
6358 1
6358 1
6358 1
6358 1
6358 1
6358 1
6358 1
6358 1
6255 1
6255 1
6255 1
6255 1
6255 1
6255 1
6255 1
6255 1
6255 1
6255 1
6255 1
6255 1
6255 1
6255 1
6255 1
6255 1
6255 1
6255 1
6255 1
6255 1
6255 1
6255 1
6255 1
6255 1
6255 1
6255 1
6255 1
6255 1
6255 1
6255 1
6255 1
6255 1
6255 1
6255 1
6255 1
6255 1
6255 1
6255 1
6255 1
6244 1
6244 1
6244 1
6244 1
6244 1
6244 1
6244 1
6244 1
6244 1
6244 1
6244 1
6244 1
6244 1
6244 1
6244 1
6244 1
6244 1
6244 1
6244 1
6244 1
6244 1
6244 1
6244 1
6244 1
6244 1
6244 1
6244 1
6244 1
6244 1
6244 1
6244 1
6244 1
6244 1
6244 1
6244 1
6244 1
6244 1
6244 1
6244 1
6453 1
6453 1
6453 1
6453 1
6453 1
6453 1
6453 1
6453 1
6453 1
6453 1
6453 1
6453 1
6453 1
6453 1
6453 1
6453 1
6453 1
6453 1
6453 1
6453 1
6453 1
6453 1
6453 1
6453 1
6453 1
6453 1
6453 1
6453 1
6453 1
6453 1
6453 1
6453 1
6453 1
6453 1
6453 1
6453 1
6453 1
6453 1
6453 1
6452 1
6452 1
6452 1
6452 1
6452 1
6452 1
6452 1
6452 1
6452 1
6452 1
6452 1
6452 1
6452 1
6452 1
6452 1
6452 1
6452 1
6452 1
6452 1
6452 1
6452 1
6452 1
6452 1
6452 1
6452 1
6452 1
6452 1
6452 1
6452 1
6452 1
6452 1
6452 1
6452 1
6452 1
6452 1
6452 1
6452 1
6452 1
6452 1
6451 1
6451 1
6451 1
6451 1
6451 1
6451 1
6451 1
6451 1
6451 1
6451 1
6451 1
6451 1
6451 1
6451 1
6451 1
6451 1
6451 1
6451 1
6451 1
6451 1
6451 1
6451 1
6451 1
6451 1
6451 1
6451 1
6451 1
6451 1
6451 1
6451 1
6451 1
6451 1
6451 1
6451 1
6451 1
6451 1
6451 1
6451 1
6451 1
6340 1
6340 1
6340 1
6340 1
6340 1
6340 1
6340 1
6340 1
6340 1
6340 1
6340 1
6340 1
6340 1
6340 1
6340 1
6340 1
6340 1
6340 1
6340 1
6340 1
6340 1
6340 1
6340 1
6340 1
6340 1
6340 1
6340 1
6340 1
6340 1
6340 1
6340 1
6340 1
6340 1
6340 1
6340 1
6340 1
6340 1
6340 1
6340 1
6338 1
6338 1
6338 1
6338 1
6338 1
6338 1
6338 1
6338 1
6338 1
6338 1
6338 1
6338 1
6338 1
6338 1
6338 1
6338 1
6338 1
6338 1
6338 1
6338 1
6338 1
6338 1
6338 1
6338 1
6338 1
6338 1
6338 1
6338 1
6338 1
6338 1
6338 1
6338 1
6338 1
6338 1
6338 1
6338 1
6338 1
6338 1
6338 1
6335 1
6335 1
6335 1
6335 1
6335 1
6335 1
6335 1
6335 1
6335 1
6335 1
6335 1
6335 1
6335 1
6335 1
6335 1
6335 1
6335 1
6335 1
6335 1
6335 1
6335 1
6335 1
6335 1
6335 1
6335 1
6335 1
6335 1
6335 1
6335 1
6335 1
6335 1
6335 1
6335 1
6335 1
6335 1
6335 1
6335 1
6335 1
6335 1
6539 1
6539 1
6539 1
6539 1
6539 1
6539 1
6539 1
6539 1
6539 1
6539 1
6539 1
6539 1
6539 1
6539 1
6539 1
6539 1
6539 1
6539 1
6539 1
6539 1
6539 1
6539 1
6539 1
6539 1
6539 1
6539 1
6539 1
6539 1
6539 1
6539 1
6539 1
6539 1
6539 1
6539 1
6539 1
6539 1
6539 1
6539 1
6539 1
6433 1
6433 1
6433 1
6433 1
6433 1
6433 1
6433 1
6433 1
6433 1
6433 1
6433 1
6433 1
6433 1
6433 1
6433 1
6433 1
6433 1
6433 1
6433 1
6433 1
6433 1
6433 1
6433 1
6433 1
6433 1
6433 1
6433 1
6433 1
6433 1
6433 1
6433 1
6433 1
6433 1
6433 1
6433 1
6433 1
6433 1
6433 1
6433 1
6622 1
6622 1
6622 1
6622 1
6622 1
6622 1
6622 1
6622 1
6622 1
6622 1
6622 1
6622 1
6622 1
6622 1
6622 1
6622 1
6622 1
6622 1
6622 1
6622 1
6622 1
6622 1
6622 1
6622 1
6622 1
6622 1
6622 1
6622 1
6622 1
6622 1
6622 1
6622 1
6622 1
6622 1
6622 1
6622 1
6622 1
6622 1
6622 1
6702 1
6702 1
6702 1
6702 1
6702 1
6702 1
6702 1
6702 1
6702 1
6702 1
6702 1
6702 1
6702 1
6702 1
6702 1
6702 1
6702 1
6702 1
6702 1
6702 1
6702 1
6702 1
6702 1
6702 1
6702 1
6702 1
6702 1
6702 1
6702 1
6702 1
6702 1
6702 1
6702 1
6702 1
6702 1
6702 1
6702 1
6702 1
6702 1
6606 1
6606 1
6606 1
6606 1
6606 1
6606 1
6606 1
6606 1
6606 1
6606 1
6606 1
6606 1
6606 1
6606 1
6606 1
6606 1
6606 1
6606 1
6606 1
6606 1
6606 1
6606 1
6606 1
6606 1
6606 1
6606 1
6606 1
6606 1
6606 1
6606 1
6606 1
6606 1
6606 1
6606 1
6606 1
6606 1
6606 1
6606 1
6606 1
6595 1
6595 1
6595 1
6595 1
6595 1
6595 1
6595 1
6595 1
6595 1
6595 1
6595 1
6595 1
6595 1
6595 1
6595 1
6595 1
6595 1
6595 1
6595 1
6595 1
6595 1
6595 1
6595 1
6595 1
6595 1
6595 1
6595 1
6595 1
6595 1
6595 1
6595 1
6595 1
6595 1
6595 1
6595 1
6595 1
6595 1
6595 1
6595 1
6918 1
6918 1
6918 1
6918 1
6918 1
6918 1
6918 1
6918 1
6918 1
6918 1
6918 1
6918 1
6918 1
6918 1
6918 1
6918 1
6918 1
6918 1
6918 1
6918 1
6918 1
6918 1
6918 1
6918 1
6918 1
6918 1
6918 1
6918 1
6918 1
6918 1
6918 1
6918 1
6918 1
6918 1
6918 1
6918 1
6918 1
6918 1
6918 1
6751 1
6751 1
6751 1
6751 1
6751 1
6751 1
6751 1
6751 1
6751 1
6751 1
6751 1
6751 1
6751 1
6751 1
6751 1
6751 1
6751 1
6751 1
6751 1
6751 1
6751 1
6751 1
6751 1
6751 1
6751 1
6751 1
6751 1
6751 1
6751 1
6751 1
6751 1
6751 1
6751 1
6751 1
6751 1
6751 1
6751 1
6751 1
6751 1
6917 1
6917 1
6917 1
6917 1
6917 1
6917 1
6917 1
6917 1
6917 1
6917 1
6917 1
6917 1
6917 1
6917 1
6917 1
6917 1
6917 1
6917 1
6917 1
6917 1
6917 1
6917 1
6917 1
6917 1
6917 1
6917 1
6917 1
6917 1
6917 1
6917 1
6917 1
6917 1
6917 1
6917 1
6917 1
6917 1
6917 1
6917 1
6917 1
6987 1
6987 1
6987 1
6987 1
6987 1
6987 1
6987 1
6987 1
6987 1
6987 1
6987 1
6987 1
6987 1
6987 1
6987 1
6987 1
6987 1
6987 1
6987 1
6987 1
6987 1
6987 1
6987 1
6987 1
6987 1
6987 1
6987 1
6987 1
6987 1
6987 1
6987 1
6987 1
6987 1
6987 1
6987 1
6987 1
6987 1
6987 1
6987 1
6985 1
6985 1
6985 1
6985 1
6985 1
6985 1
6985 1
6985 1
6985 1
6985 1
6985 1
6985 1
6985 1
6985 1
6985 1
6985 1
6985 1
6985 1
6985 1
6985 1
6985 1
6985 1
6985 1
6985 1
6985 1
6985 1
6985 1
6985 1
6985 1
6985 1
6985 1
6985 1
6985 1
6985 1
6985 1
6985 1
6985 1
6985 1
6985 1
6907 1
6907 1
6907 1
6907 1
6907 1
6907 1
6907 1
6907 1
6907 1
6907 1
6907 1
6907 1
6907 1
6907 1
6907 1
6907 1
6907 1
6907 1
6907 1
6907 1
6907 1
6907 1
6907 1
6907 1
6907 1
6907 1
6907 1
6907 1
6907 1
6907 1
6907 1
6907 1
6907 1
6907 1
6907 1
6907 1
6907 1
6907 1
6907 1
7126 1
7126 1
7126 1
7126 1
7126 1
7126 1
7126 1
7126 1
7126 1
7126 1
7126 1
7126 1
7126 1
7126 1
7126 1
7126 1
7126 1
7126 1
7126 1
7126 1
7126 1
7126 1
7126 1
7126 1
7126 1
7126 1
7126 1
7126 1
7126 1
7126 1
7126 1
7126 1
7126 1
7126 1
7126 1
7126 1
7126 1
7126 1
7126 1
7125 1
7125 1
7125 1
7125 1
7125 1
7125 1
7125 1
7125 1
7125 1
7125 1
7125 1
7125 1
7125 1
7125 1
7125 1
7125 1
7125 1
7125 1
7125 1
7125 1
7125 1
7125 1
7125 1
7125 1
7125 1
7125 1
7125 1
7125 1
7125 1
7125 1
7125 1
7125 1
7125 1
7125 1
7125 1
7125 1
7125 1
7125 1
7125 1
6976 1
6976 1
6976 1
6976 1
6976 1
6976 1
6976 1
6976 1
6976 1
6976 1
6976 1
6976 1
6976 1
6976 1
6976 1
6976 1
6976 1
6976 1
6976 1
6976 1
6976 1
6976 1
6976 1
6976 1
6976 1
6976 1
6976 1
6976 1
6976 1
6976 1
6976 1
6976 1
6976 1
6976 1
6976 1
6976 1
6976 1
6976 1
6976 1
7121 1
7121 1
7121 1
7121 1
7121 1
7121 1
7121 1
7121 1
7121 1
7121 1
7121 1
7121 1
7121 1
7121 1
7121 1
7121 1
7121 1
7121 1
7121 1
7121 1
7121 1
7121 1
7121 1
7121 1
7121 1
7121 1
7121 1
7121 1
7121 1
7121 1
7121 1
7121 1
7121 1
7121 1
7121 1
7121 1
7121 1
7121 1
7121 1
7198 1
7198 1
7198 1
7198 1
7198 1
7198 1
7198 1
7198 1
7198 1
7198 1
7198 1
7198 1
7198 1
7198 1
7198 1
7198 1
7198 1
7198 1
7198 1
7198 1
7198 1
7198 1
7198 1
7198 1
7198 1
7198 1
7198 1
7198 1
7198 1
7198 1
7198 1
7198 1
7198 1
7198 1
7198 1
7198 1
7198 1
7198 1
7198 1
7268 1
7268 1
7268 1
7268 1
7268 1
7268 1
7268 1
7268 1
7268 1
7268 1
7268 1
7268 1
7268 1
7268 1
7268 1
7268 1
7268 1
7268 1
7268 1
7268 1
7268 1
7268 1
7268 1
7268 1
7268 1
7268 1
7268 1
7268 1
7268 1
7268 1
7268 1
7268 1
7268 1
7268 1
7268 1
7268 1
7268 1
7268 1
7268 1
7264 1
7264 1
7264 1
7264 1
7264 1
7264 1
7264 1
7264 1
7264 1
7264 1
7264 1
7264 1
7264 1
7264 1
7264 1
7264 1
7264 1
7264 1
7264 1
7264 1
7264 1
7264 1
7264 1
7264 1
7264 1
7264 1
7264 1
7264 1
7264 1
7264 1
7264 1
7264 1
7264 1
7264 1
7264 1
7264 1
7264 1
7264 1
7264 1
7258 1
7258 1
7258 1
7258 1
7258 1
7258 1
7258 1
7258 1
7258 1
7258 1
7258 1
7258 1
7258 1
7258 1
7258 1
7258 1
7258 1
7258 1
7258 1
7258 1
7258 1
7258 1
7258 1
7258 1
7258 1
7258 1
7258 1
7258 1
7258 1
7258 1
7258 1
7258 1
7258 1
7258 1
7258 1
7258 1
7258 1
7258 1
7258 1
7455 1
7455 1
7455 1
7455 1
7455 1
7455 1
7455 1
7455 1
7455 1
7455 1
7455 1
7455 1
7455 1
7455 1
7455 1
7455 1
7455 1
7455 1
7455 1
7455 1
7455 1
7455 1
7455 1
7455 1
7455 1
7455 1
7455 1
7455 1
7455 1
7455 1
7455 1
7455 1
7455 1
7455 1
7455 1
7455 1
7455 1
7455 1
7455 1
