pt_graph scale
3170 0
3170 13.1739469705511
3170 13.1739469705511
3170 13.1739469705511
3170 13.1739469705511
3170 0
3170 0.896024299828635
3170 0.896024299828635
3170 0.129672902481333
3170 0.129672902481333
3170 0.129672902481333
3170 0
3170 0.481534900392931
3170 0.0156655253216739
3170 0.0156655253216739
3170 0.0156655253216739
3170 10.5298806880363
3170 0.0435447720723321
3170 0.112335779470807
3170 0.0476829671200339
3170 0
3170 3.96777146431618
3170 0
3170 0
3170 0
3170 0
3170 0
3170 3.97551305907416
3170 3.97551305907416
3170 3.97551305907416
3170 1.62968542988945
3170 0
3170 0
3170 0
3170 1.09611743769525
3170 1.09611743769525
3170 0
3170 0
3170 0.57890729391227
3170 0.57890729391227
3170 0.57890729391227
3170 0.0502642688728895
3170 0.0502642688728895
3170 0.0502642688728895
3170 0.100003829772245
3169 0
3169 13.1739469705511
3169 13.1739469705511
3169 13.1739469705511
3169 13.1739469705511
3169 0
3169 0.896024299828635
3169 0.896024299828635
3169 0.129672902481333
3169 0.129672902481333
3169 0.129672902481333
3169 0
3169 0.481534900392931
3169 0.0156655253216739
3169 0.0156655253216739
3169 0.0156655253216739
3169 10.5298806880363
3169 0.0435447720723321
3169 0.112335779470807
3169 0.0476829671200339
3169 0
3169 3.96777146431618
3169 0
3169 0
3169 0
3169 0
3169 0
3169 3.97551305907416
3169 3.97551305907416
3169 3.97551305907416
3169 1.62968542988945
3169 0
3169 0
3169 0
3169 1.09611743769525
3169 1.09611743769525
3169 0
3169 0
3169 0.57890729391227
3169 0.57890729391227
3169 0.57890729391227
3169 0.0502642688728895
3169 0.0502642688728895
3169 0.0502642688728895
3169 0.100003829772245
3168 0
3168 13.1739469705511
3168 13.1739469705511
3168 13.1739469705511
3168 13.1739469705511
3168 0
3168 0.896024299828635
3168 0.896024299828635
3168 0.129672902481333
3168 0.129672902481333
3168 0.129672902481333
3168 0
3168 0.481534900392931
3168 0.0156655253216739
3168 0.0156655253216739
3168 0.0156655253216739
3168 10.5298806880363
3168 0.0435447720723321
3168 0.112335779470807
3168 0.0476829671200339
3168 0
3168 3.96777146431618
3168 0
3168 0
3168 0
3168 0
3168 0
3168 3.97551305907416
3168 3.97551305907416
3168 3.97551305907416
3168 1.62968542988945
3168 0
3168 0
3168 0
3168 1.09611743769525
3168 1.09611743769525
3168 0
3168 0
3168 0.57890729391227
3168 0.57890729391227
3168 0.57890729391227
3168 0.0502642688728895
3168 0.0502642688728895
3168 0.0502642688728895
3168 0.100003829772245
3254 0
3254 13.1739469705511
3254 13.1739469705511
3254 13.1739469705511
3254 13.1739469705511
3254 0
3254 0.896024299828635
3254 0.896024299828635
3254 0.129672902481333
3254 0.129672902481333
3254 0.129672902481333
3254 0
3254 0.481534900392931
3254 0.0156655253216739
3254 0.0156655253216739
3254 0.0156655253216739
3254 10.5298806880363
3254 0.0435447720723321
3254 0.112335779470807
3254 0.0476829671200339
3254 0
3254 3.96777146431618
3254 0
3254 0
3254 0
3254 0
3254 0
3254 3.97551305907416
3254 3.97551305907416
3254 3.97551305907416
3254 1.62968542988945
3254 0
3254 0
3254 0
3254 1.09611743769525
3254 1.09611743769525
3254 0
3254 0
3254 0.57890729391227
3254 0.57890729391227
3254 0.57890729391227
3254 0.0502642688728895
3254 0.0502642688728895
3254 0.0502642688728895
3254 0.100003829772245
3253 0
3253 13.1739469705511
3253 13.1739469705511
3253 13.1739469705511
3253 13.1739469705511
3253 0
3253 0.896024299828635
3253 0.896024299828635
3253 0.129672902481333
3253 0.129672902481333
3253 0.129672902481333
3253 0
3253 0.481534900392931
3253 0.0156655253216739
3253 0.0156655253216739
3253 0.0156655253216739
3253 10.5298806880363
3253 0.0435447720723321
3253 0.112335779470807
3253 0.0476829671200339
3253 0
3253 3.96777146431618
3253 0
3253 0
3253 0
3253 0
3253 0
3253 3.97551305907416
3253 3.97551305907416
3253 3.97551305907416
3253 1.62968542988945
3253 0
3253 0
3253 0
3253 1.09611743769525
3253 1.09611743769525
3253 0
3253 0
3253 0.57890729391227
3253 0.57890729391227
3253 0.57890729391227
3253 0.0502642688728895
3253 0.0502642688728895
3253 0.0502642688728895
3253 0.100003829772245
3252 0
3252 13.1739469705511
3252 13.1739469705511
3252 13.1739469705511
3252 13.1739469705511
3252 0
3252 0.896024299828635
3252 0.896024299828635
3252 0.129672902481333
3252 0.129672902481333
3252 0.129672902481333
3252 0
3252 0.481534900392931
3252 0.0156655253216739
3252 0.0156655253216739
3252 0.0156655253216739
3252 10.5298806880363
3252 0.0435447720723321
3252 0.112335779470807
3252 0.0476829671200339
3252 0
3252 3.96777146431618
3252 0
3252 0
3252 0
3252 0
3252 0
3252 3.97551305907416
3252 3.97551305907416
3252 3.97551305907416
3252 1.62968542988945
3252 0
3252 0
3252 0
3252 1.09611743769525
3252 1.09611743769525
3252 0
3252 0
3252 0.57890729391227
3252 0.57890729391227
3252 0.57890729391227
3252 0.0502642688728895
3252 0.0502642688728895
3252 0.0502642688728895
3252 0.100003829772245
3251 0
3251 13.1739469705511
3251 13.1739469705511
3251 13.1739469705511
3251 13.1739469705511
3251 0
3251 0.896024299828635
3251 0.896024299828635
3251 0.129672902481333
3251 0.129672902481333
3251 0.129672902481333
3251 0
3251 0.481534900392931
3251 0.0156655253216739
3251 0.0156655253216739
3251 0.0156655253216739
3251 10.5298806880363
3251 0.0435447720723321
3251 0.112335779470807
3251 0.0476829671200339
3251 0
3251 3.96777146431618
3251 0
3251 0
3251 0
3251 0
3251 0
3251 3.97551305907416
3251 3.97551305907416
3251 3.97551305907416
3251 1.62968542988945
3251 0
3251 0
3251 0
3251 1.09611743769525
3251 1.09611743769525
3251 0
3251 0
3251 0.57890729391227
3251 0.57890729391227
3251 0.57890729391227
3251 0.0502642688728895
3251 0.0502642688728895
3251 0.0502642688728895
3251 0.100003829772245
3336 0
3336 13.1739469705511
3336 13.1739469705511
3336 13.1739469705511
3336 13.1739469705511
3336 0
3336 0.896024299828635
3336 0.896024299828635
3336 0.129672902481333
3336 0.129672902481333
3336 0.129672902481333
3336 0
3336 0.481534900392931
3336 0.0156655253216739
3336 0.0156655253216739
3336 0.0156655253216739
3336 10.5298806880363
3336 0.0435447720723321
3336 0.112335779470807
3336 0.0476829671200339
3336 0
3336 3.96777146431618
3336 0
3336 0
3336 0
3336 0
3336 0
3336 3.97551305907416
3336 3.97551305907416
3336 3.97551305907416
3336 1.62968542988945
3336 0
3336 0
3336 0
3336 1.09611743769525
3336 1.09611743769525
3336 0
3336 0
3336 0.57890729391227
3336 0.57890729391227
3336 0.57890729391227
3336 0.0502642688728895
3336 0.0502642688728895
3336 0.0502642688728895
3336 0.100003829772245
3335 0
3335 13.1739469705511
3335 13.1739469705511
3335 13.1739469705511
3335 13.1739469705511
3335 0
3335 0.896024299828635
3335 0.896024299828635
3335 0.129672902481333
3335 0.129672902481333
3335 0.129672902481333
3335 0
3335 0.481534900392931
3335 0.0156655253216739
3335 0.0156655253216739
3335 0.0156655253216739
3335 10.5298806880363
3335 0.0435447720723321
3335 0.112335779470807
3335 0.0476829671200339
3335 0
3335 3.96777146431618
3335 0
3335 0
3335 0
3335 0
3335 0
3335 3.97551305907416
3335 3.97551305907416
3335 3.97551305907416
3335 1.62968542988945
3335 0
3335 0
3335 0
3335 1.09611743769525
3335 1.09611743769525
3335 0
3335 0
3335 0.57890729391227
3335 0.57890729391227
3335 0.57890729391227
3335 0.0502642688728895
3335 0.0502642688728895
3335 0.0502642688728895
3335 0.100003829772245
3334 0
3334 13.1739469705511
3334 13.1739469705511
3334 13.1739469705511
3334 13.1739469705511
3334 0
3334 0.896024299828635
3334 0.896024299828635
3334 0.129672902481333
3334 0.129672902481333
3334 0.129672902481333
3334 0
3334 0.481534900392931
3334 0.0156655253216739
3334 0.0156655253216739
3334 0.0156655253216739
3334 10.5298806880363
3334 0.0435447720723321
3334 0.112335779470807
3334 0.0476829671200339
3334 0
3334 3.96777146431618
3334 0
3334 0
3334 0
3334 0
3334 0
3334 3.97551305907416
3334 3.97551305907416
3334 3.97551305907416
3334 1.62968542988945
3334 0
3334 0
3334 0
3334 1.09611743769525
3334 1.09611743769525
3334 0
3334 0
3334 0.57890729391227
3334 0.57890729391227
3334 0.57890729391227
3334 0.0502642688728895
3334 0.0502642688728895
3334 0.0502642688728895
3334 0.100003829772245
10521 0
10521 13.1739469705511
10521 13.1739469705511
10521 13.1739469705511
10521 13.1739469705511
10521 0
10521 0.896024299828635
10521 0.896024299828635
10521 0.129672902481333
10521 0.129672902481333
10521 0.129672902481333
10521 0
10521 0.481534900392931
10521 0.0156655253216739
10521 0.0156655253216739
10521 0.0156655253216739
10521 10.5298806880363
10521 0.0435447720723321
10521 0.112335779470807
10521 0.0476829671200339
10521 0
10521 3.96777146431618
10521 0
10521 0
10521 0
10521 0
10521 0
10521 3.97551305907416
10521 3.97551305907416
10521 3.97551305907416
10521 1.62968542988945
10521 0
10521 0
10521 0
10521 1.09611743769525
10521 1.09611743769525
10521 0
10521 0
10521 0.57890729391227
10521 0.57890729391227
10521 0.57890729391227
10521 0.0502642688728895
10521 0.0502642688728895
10521 0.0502642688728895
10521 0.100003829772245
3415 0
3415 13.1739469705511
3415 13.1739469705511
3415 13.1739469705511
3415 13.1739469705511
3415 0
3415 0.896024299828635
3415 0.896024299828635
3415 0.129672902481333
3415 0.129672902481333
3415 0.129672902481333
3415 0
3415 0.481534900392931
3415 0.0156655253216739
3415 0.0156655253216739
3415 0.0156655253216739
3415 10.5298806880363
3415 0.0435447720723321
3415 0.112335779470807
3415 0.0476829671200339
3415 0
3415 3.96777146431618
3415 0
3415 0
3415 0
3415 0
3415 0
3415 3.97551305907416
3415 3.97551305907416
3415 3.97551305907416
3415 1.62968542988945
3415 0
3415 0
3415 0
3415 1.09611743769525
3415 1.09611743769525
3415 0
3415 0
3415 0.57890729391227
3415 0.57890729391227
3415 0.57890729391227
3415 0.0502642688728895
3415 0.0502642688728895
3415 0.0502642688728895
3415 0.100003829772245
3414 0
3414 13.1739469705511
3414 13.1739469705511
3414 13.1739469705511
3414 13.1739469705511
3414 0
3414 0.896024299828635
3414 0.896024299828635
3414 0.129672902481333
3414 0.129672902481333
3414 0.129672902481333
3414 0
3414 0.481534900392931
3414 0.0156655253216739
3414 0.0156655253216739
3414 0.0156655253216739
3414 10.5298806880363
3414 0.0435447720723321
3414 0.112335779470807
3414 0.0476829671200339
3414 0
3414 3.96777146431618
3414 0
3414 0
3414 0
3414 0
3414 0
3414 3.97551305907416
3414 3.97551305907416
3414 3.97551305907416
3414 1.62968542988945
3414 0
3414 0
3414 0
3414 1.09611743769525
3414 1.09611743769525
3414 0
3414 0
3414 0.57890729391227
3414 0.57890729391227
3414 0.57890729391227
3414 0.0502642688728895
3414 0.0502642688728895
3414 0.0502642688728895
3414 0.100003829772245
10986 0
10986 13.1739469705511
10986 13.1739469705511
10986 13.1739469705511
10986 13.1739469705511
10986 0
10986 0.896024299828635
10986 0.896024299828635
10986 0.129672902481333
10986 0.129672902481333
10986 0.129672902481333
10986 0
10986 0.481534900392931
10986 0.0156655253216739
10986 0.0156655253216739
10986 0.0156655253216739
10986 10.5298806880363
10986 0.0435447720723321
10986 0.112335779470807
10986 0.0476829671200339
10986 0
10986 3.96777146431618
10986 0
10986 0
10986 0
10986 0
10986 0
10986 3.97551305907416
10986 3.97551305907416
10986 3.97551305907416
10986 1.62968542988945
10986 0
10986 0
10986 0
10986 1.09611743769525
10986 1.09611743769525
10986 0
10986 0
10986 0.57890729391227
10986 0.57890729391227
10986 0.57890729391227
10986 0.0502642688728895
10986 0.0502642688728895
10986 0.0502642688728895
10986 0.100003829772245
3498 0
3498 13.1739469705511
3498 13.1739469705511
3498 13.1739469705511
3498 13.1739469705511
3498 0
3498 0.896024299828635
3498 0.896024299828635
3498 0.129672902481333
3498 0.129672902481333
3498 0.129672902481333
3498 0
3498 0.481534900392931
3498 0.0156655253216739
3498 0.0156655253216739
3498 0.0156655253216739
3498 10.5298806880363
3498 0.0435447720723321
3498 0.112335779470807
3498 0.0476829671200339
3498 0
3498 3.96777146431618
3498 0
3498 0
3498 0
3498 0
3498 0
3498 3.97551305907416
3498 3.97551305907416
3498 3.97551305907416
3498 1.62968542988945
3498 0
3498 0
3498 0
3498 1.09611743769525
3498 1.09611743769525
3498 0
3498 0
3498 0.57890729391227
3498 0.57890729391227
3498 0.57890729391227
3498 0.0502642688728895
3498 0.0502642688728895
3498 0.0502642688728895
3498 0.100003829772245
3497 0
3497 13.1739469705511
3497 13.1739469705511
3497 13.1739469705511
3497 13.1739469705511
3497 0
3497 0.896024299828635
3497 0.896024299828635
3497 0.129672902481333
3497 0.129672902481333
3497 0.129672902481333
3497 0
3497 0.481534900392931
3497 0.0156655253216739
3497 0.0156655253216739
3497 0.0156655253216739
3497 10.5298806880363
3497 0.0435447720723321
3497 0.112335779470807
3497 0.0476829671200339
3497 0
3497 3.96777146431618
3497 0
3497 0
3497 0
3497 0
3497 0
3497 3.97551305907416
3497 3.97551305907416
3497 3.97551305907416
3497 1.62968542988945
3497 0
3497 0
3497 0
3497 1.09611743769525
3497 1.09611743769525
3497 0
3497 0
3497 0.57890729391227
3497 0.57890729391227
3497 0.57890729391227
3497 0.0502642688728895
3497 0.0502642688728895
3497 0.0502642688728895
3497 0.100003829772245
