BEL000041982|1|15|58.65784|14.36|192|76864.14|5833|10|0.4485|336.7618|20|0.7|0.6|0.8|0.15|5|6|5|22|1|0
BEL010291967|1|15|58.65784|27.2|625|76864.14|16801|10|0.4485|336.7618|20|0.7|0.6|0.8|0.15|5|6|5|22|1|0
BEL010331976|1|15|58.65784|34.8|986|76864.14|25267|10|0.4485|336.7618|20|0.7|0.6|0.8|0.15|5|6|5|22|1|0
BEL010511983|1|15|58.65784|30.58|777|76864.14|20397|10|0.4485|336.7618|20|0.7|0.6|0.8|0.15|5|6|5|22|1|0
BEL011541988|1|15|58.65784|25.94|573|76864.14|15532|10|0.4485|336.7618|20|0.7|0.6|0.8|0.15|5|6|5|22|1|0
BEL011871989|1|15|58.65784|23.99|496|76864.14|13646|10|0.4485|336.7618|20|0.7|0.6|0.8|0.15|5|6|5|22|1|0
BEL012111971|1|15|58.65784|14.95|207|76864.14|6236|10|0.4485|336.7618|20|0.7|0.6|0.8|0.15|5|6|5|22|1|0
BEL012791969|1|15|58.65784|33.18|903|76864.14|23349|10|0.4485|336.7618|20|0.7|0.6|0.8|0.15|5|6|5|22|1|0
BEL013161987|1|15|58.65784|32.32|860|76864.14|22355|10|0.4485|336.7618|20|0.7|0.6|0.8|0.15|5|6|5|22|1|0
BEL030151975|1|15|58.65784|34.8|986|76864.14|25267|10|0.4485|336.7618|20|0.7|0.6|0.8|0.15|5|6|5|22|1|0
BEL030182000|1|15|58.65784|37.79|1149|76864.14|28962|10|0.4485|336.7618|20|0.7|0.6|0.8|0.15|5|6|5|22|1|0
BEL030191974|1|15|58.65784|30.7|782|76864.14|20530|10|0.4485|336.7618|20|0.7|0.6|0.8|0.15|5|6|5|22|1|0
BEL030351997|1|15|58.65784|38.22|1173|76864.14|29510|10|0.4485|336.7618|20|0.7|0.6|0.8|0.15|5|6|5|22|1|0
BEL030391982|1|15|58.65784|32.5|869|76864.14|22562|10|0.4485|336.7618|20|0.7|0.6|0.8|0.15|5|6|5|22|1|0
BEL030551962|1|15|58.65784|23.99|496|76864.14|13646|10|0.4485|336.7618|20|0.7|0.6|0.8|0.15|5|6|5|22|1|0
BEL030931986|1|10|19.85211|21.08|390|476.5759|11016|10|0.4485|336.7618|20|1|0|1.1|0.15|5|6|5|22|1|0
BEL030971994|1|15|58.65784|37.72|1145|76864.14|28873|10|0.4485|336.7618|20|0.7|0.6|0.8|0.15|5|6|5|22|1|0
BEL032962000|1|15|58.65784|37.8|1149|76864.14|28975|10|0.4485|336.7618|20|0.7|0.6|0.8|0.15|5|6|5|22|1|0
BEL034022000|1|15|58.65784|23.99|496|76864.14|13646|10|0.4485|336.7618|20|0.7|0.6|0.8|0.15|5|6|5|22|1|0
BEL034832001|1|15|58.65784|37.81|1150|76864.14|28988|10|0.4485|336.7618|20|0.7|0.6|0.8|0.15|5|6|5|22|1|0
BEL035101989|1|15|58.65784|34.9|992|76864.14|25387|10|0.4485|336.7618|20|0.7|0.6|0.8|0.15|5|6|5|22|1|0
BEL035261999|1|15|58.65784|36.11|1056|76864.14|26861|10|0.4485|336.7618|20|0.7|0.6|0.8|0.15|5|6|5|22|1|0
BEL035711989|1|15|58.65784|38.93|1214|76864.14|30423|10|0.4485|336.7618|20|0.7|0.6|0.8|0.15|5|6|5|22|1|0
BEL035752000|1|15|58.65784|23.99|496|76864.14|13646|10|0.4485|336.7618|20|0.7|0.6|0.8|0.15|5|6|5|22|1|0
BEL035961988|1|15|58.65784|37.09|1110|76864.14|28079|10|0.4485|336.7618|20|0.7|0.6|0.8|0.15|5|6|5|22|1|0
BEL037002012|1|15|58.65784|14.8|203|76864.14|6132|10|0.4485|336.7618|20|0.7|0.6|0.8|0.15|5|6|5|22|1|0
BEL037382002|1|15|58.65784|27.84|653|76864.14|17461|10|0.4485|336.7618|20|0.7|0.6|0.8|0.15|5|6|5|22|1|0
DEU000060400|1|15|58.65784|31.65|828|76864.14|21593|10|0.4485|336.7618|20|0.7|0.6|0.8|0.15|5|6|5|22|1|0
DEU300200702|1|10|19.85211|12.02|138|476.5759|4345|10|0.4485|336.7618|20|1|0|1.1|0.15|5|6|5|22|1|0
DEU302520207|1|15|58.65784|18.6|310|76864.14|8953|10|0.4485|336.7618|20|0.7|0.6|0.8|0.15|5|6|5|22|1|0
DEU302540207|1|15|58.65784|43.8|1509|76864.14|36981|10|0.4485|336.7618|20|0.7|0.6|0.8|0.15|5|6|5|22|1|0
DEU401170101|1|15|58.65784|26.47|595|76864.14|16061|10|0.4485|336.7618|20|0.7|0.6|0.8|0.15|5|6|5|22|1|0
DNK000000569|1|15|45.80608|14.57|129|75796.98|5975|10|0.4485|336.7618|20|0.7|0.6|0.8|0.15|5|6|5|22|1|0
DNK000001403|1|15|58.65784|14.75|202|76864.14|6098|10|0.4485|336.7618|20|0.7|0.6|0.8|0.15|5|6|5|22|1|0
DNK000001946|1|15|58.65784|14.95|160|76864.14|6236|10|0.4485|336.7618|20|0.7|0.6|0.8|0.15|5|6|5|22|1|0
DNK000002280|1|15|45.80608|14.98|108|75796.98|6256|10|0.4485|336.7618|20|0.7|0.6|0.8|0.15|5|6|5|22|1|0
DNK000004343|1|15|58.65784|17.31|130|76864.14|7949|10|0.4485|336.7618|20|0.7|0.6|0.8|0.15|5|6|5|22|1|0
DNK000004561|1|15|58.65784|27.95|588|76864.14|17575|10|0.4485|336.7618|20|0.7|0.6|0.8|0.15|5|6|5|22|1|0
DNK000004873|1|15|58.65784|13.8|185|76864.14|5461|10|0.4485|336.7618|20|0.7|0.6|0.8|0.15|5|6|5|22|1|0
DNK000005011|1|15|45.80608|21.45|331|75796.98|11338|10|0.4485|336.7618|20|0.7|0.6|0.8|0.15|5|6|5|22|1|0
DNK000005269|1|15|58.65784|15.39|210|76864.14|6542|10|0.4485|336.7618|20|0.7|0.6|0.8|0.15|5|6|5|22|1|0
DNK000005418|1|15|58.65784|17.83|221|76864.14|8348|10|0.4485|336.7618|20|0.7|0.6|0.8|0.15|5|6|5|22|1|0
DNK000005487|1|15|58.65784|16.51|220|76864.14|7350|10|0.4485|336.7618|20|0.7|0.6|0.8|0.15|5|6|5|22|1|0
DNK000005491|1|15|58.65784|16.02|294|76864.14|6992|10|0.4485|336.7618|20|0.7|0.6|0.8|0.15|5|6|5|22|1|0
DNK000005531|1|15|58.65784|13.9|169|76864.14|5527|10|0.4485|336.7618|20|0.7|0.6|0.8|0.15|5|6|5|22|1|0
DNK000005654|1|15|58.65784|16.2|124|76864.14|7122|10|0.4485|336.7618|20|0.7|0.6|0.8|0.15|5|6|5|22|1|0
DNK000005779|1|15|45.80608|16.13|140|75796.98|7072|10|0.4485|336.7618|20|0.7|0.6|0.8|0.15|5|6|5|22|1|0
DNK000005850|1|15|58.65784|15.35|199|76864.14|6514|10|0.4485|336.7618|20|0.7|0.6|0.8|0.15|5|6|5|22|1|0
DNK000006040|1|15|58.65784|15.53|220|76864.14|6641|10|0.4485|336.7618|20|0.7|0.6|0.8|0.15|5|6|5|22|1|0
DNK000006110|1|15|45.80608|13.05|108|75796.98|4979|10|0.4485|336.7618|20|0.7|0.6|0.8|0.15|5|6|5|22|1|0
DNK000006184|1|15|58.65784|41.1|809|76864.14|33283|10|0.4485|336.7618|20|0.7|0.6|0.8|0.15|5|6|5|22|1|0
DNK000006225|1|15|58.65784|16.02|216|76864.14|6992|10|0.4485|336.7618|20|0.7|0.6|0.8|0.15|5|6|5|22|1|0
DNK000006282|1|15|58.65784|15.7|125|76864.14|6762|10|0.4485|336.7618|20|0.7|0.6|0.8|0.15|5|6|5|22|1|0
DNK000006375|1|15|58.65784|20.24|364|76864.14|10298|10|0.4485|336.7618|20|0.7|0.6|0.8|0.15|5|6|5|22|1|0
DNK000006541|1|15|58.65784|25.91|485|76864.14|15502|10|0.4485|336.7618|20|0.7|0.6|0.8|0.15|5|6|5|22|1|0
DNK000006577|1|15|58.65784|16.86|204|76864.14|7609|10|0.4485|336.7618|20|0.7|0.6|0.8|0.15|5|6|5|22|1|0
DNK000006581|1|15|58.65784|12.74|117|76864.14|4784|10|0.4485|336.7618|20|0.7|0.6|0.8|0.15|5|6|5|22|1|0
DNK000006764|1|15|45.80608|16.1|169|75796.98|7050|10|0.4485|336.7618|20|0.7|0.6|0.8|0.15|5|6|5|22|1|0
DNK000007009|1|15|58.65784|15.11|230|76864.14|6346|10|0.4485|336.7618|20|0.7|0.6|0.8|0.15|5|6|5|22|1|0
DNK000007107|1|15|45.80608|12.8|129|75796.98|4822|10|0.4485|336.7618|20|0.7|0.6|0.8|0.15|5|6|5|22|1|0
DNK000007125|1|15|58.65784|16.03|220|76864.14|6999|10|0.4485|336.7618|20|0.7|0.6|0.8|0.15|5|6|5|22|1|0
DNK000007141|1|15|58.65784|16.53|253|76864.14|7364|10|0.4485|336.7618|20|0.7|0.6|0.8|0.15|5|6|5|22|1|0
DNK000007142|1|15|58.65784|15.24|129|76864.14|6437|10|0.4485|336.7618|20|0.7|0.6|0.8|0.15|5|6|5|22|1|0
DNK000007220|1|15|58.65784|18.27|268|76864.14|8692|10|0.4485|336.7618|20|0.7|0.6|0.8|0.15|5|6|5|22|1|0
DNK000007234|1|15|58.65784|16.05|198|76864.14|7014|10|0.4485|336.7618|20|0.7|0.6|0.8|0.15|5|6|5|22|1|0
DNK000007262|1|15|58.65784|17.3|219|76864.14|7941|10|0.4485|336.7618|20|0.7|0.6|0.8|0.15|5|6|5|22|1|0
DNK000007263|1|15|58.65784|16.99|221|76864.14|7707|10|0.4485|336.7618|20|0.7|0.6|0.8|0.15|5|6|5|22|1|0
DNK000007293|1|15|58.65784|16.85|221|76864.14|7602|10|0.4485|336.7618|20|0.7|0.6|0.8|0.15|5|6|5|22|1|0
DNK000007305|1|15|58.65784|24.07|447|76864.14|13722|10|0.4485|336.7618|20|0.7|0.6|0.8|0.15|5|6|5|22|1|0
DNK000007407|1|15|58.65784|14.35|129|76864.14|5827|10|0.4485|336.7618|20|0.7|0.6|0.8|0.15|5|6|5|22|1|0
DNK000007408|1|15|58.65784|13.23|141|76864.14|5093|10|0.4485|336.7618|20|0.7|0.6|0.8|0.15|5|6|5|22|1|0
DNK000007452|1|15|58.65784|17.37|220|76864.14|7994|10|0.4485|336.7618|20|0.7|0.6|0.8|0.15|5|6|5|22|1|0
DNK000007457|1|15|58.65784|51.9|890|76864.14|48980|10|0.4485|336.7618|20|0.7|0.6|0.8|0.15|5|6|5|22|1|0
DNK000007516|1|15|58.65784|14.39|217|76864.14|5854|10|0.4485|336.7618|20|0.7|0.6|0.8|0.15|5|6|5|22|1|0
DNK000007519|1|15|58.65784|15.65|125|76864.14|6726|10|0.4485|336.7618|20|0.7|0.6|0.8|0.15|5|6|5|22|1|0
DNK000007542|1|15|45.80608|18.1|169|75796.98|8558|10|0.4485|336.7618|20|0.7|0.6|0.8|0.15|5|6|5|22|1|0
DNK000007564|1|15|58.65784|16.02|175|76864.14|6992|10|0.4485|336.7618|20|0.7|0.6|0.8|0.15|5|6|5|22|1|0
DNK000007602|1|15|58.65784|16.04|221|76864.14|7006|10|0.4485|336.7618|20|0.7|0.6|0.8|0.15|5|6|5|22|1|0
DNK000007747|1|15|45.80608|20.35|380|75796.98|10391|10|0.4485|336.7618|20|0.7|0.6|0.8|0.15|5|6|5|22|1|0
DNK000007846|1|15|58.65784|35.4|634|76864.14|25992|10|0.4485|336.7618|20|0.7|0.6|0.8|0.15|5|6|5|22|1|0
DNK000008024|1|15|45.80608|18.2|139|75796.98|8637|10|0.4485|336.7618|20|0.7|0.6|0.8|0.15|5|6|5|22|1|0
DNK000008070|1|15|58.65784|49.5|803|76864.14|45286|10|0.4485|336.7618|20|0.7|0.6|0.8|0.15|5|6|5|22|1|0
DNK000008259|1|15|58.65784|16.99|128|76864.14|7707|10|0.4485|336.7618|20|0.7|0.6|0.8|0.15|5|6|5|22|1|0
DNK000008303|1|15|58.65784|20.8|221|76864.14|10774|10|0.4485|336.7618|20|0.7|0.6|0.8|0.15|5|6|5|22|1|0
DNK000008391|1|15|58.65784|14.95|132|76864.14|6236|10|0.4485|336.7618|20|0.7|0.6|0.8|0.15|5|6|5|22|1|0
DNK000008410|1|15|58.65784|43.3|1081|76864.14|36285|10|0.4485|336.7618|20|0.7|0.6|0.8|0.15|5|6|5|22|1|0
DNK000008438|1|15|58.65784|14.67|169|76864.14|6043|10|0.4485|336.7618|20|0.7|0.6|0.8|0.15|5|6|5|22|1|0
DNK000008458|1|15|58.65784|16.14|220|76864.14|7079|10|0.4485|336.7618|20|0.7|0.6|0.8|0.15|5|6|5|22|1|0
DNK000008485|1|15|58.65784|40.48|800|76864.14|32455|10|0.4485|336.7618|20|0.7|0.6|0.8|0.15|5|6|5|22|1|0
DNK000008505|1|15|58.65784|12.8|221|76864.14|4822|10|0.4485|336.7618|20|0.7|0.6|0.8|0.15|5|6|5|22|1|0
DNK000008512|1|15|58.65784|48.55|1766|76864.14|43856|10|0.4485|336.7618|20|0.7|0.6|0.8|0.15|5|6|5|22|1|0
DNK000008538|1|15|58.65784|33.63|597|76864.14|23875|10|0.4485|336.7618|20|0.7|0.6|0.8|0.15|5|6|5|22|1|0
DNK000010670|1|15|27.45231|14.99|125|733.7381|6263|10|0.4485|336.7618|20|1|0|1.1|0.15|5|6|5|22|1|0
DNK000010804|1|15|58.65784|21.05|220|76864.14|10990|10|0.4485|336.7618|20|0.7|0.6|0.8|0.15|5|6|5|22|1|0
DNK000010875|1|15|45.80608|14.56|121|75796.98|5968|10|0.4485|336.7618|20|0.7|0.6|0.8|0.15|5|6|5|22|1|0
DNK000010987|1|15|58.65784|14.97|221|76864.14|6249|10|0.4485|336.7618|20|0.7|0.6|0.8|0.15|5|6|5|22|1|0
DNK000011092|1|15|58.65784|46.2|661|76864.14|40397|10|0.4485|336.7618|20|0.7|0.6|0.8|0.15|5|6|5|22|1|0
DNK000011134|1|15|58.65784|22.34|294|76864.14|12127|10|0.4485|336.7618|20|0.7|0.6|0.8|0.15|5|6|5|22|1|0
DNK000011135|1|15|45.80608|18.5|221|75796.98|8874|10|0.4485|336.7618|20|0.7|0.6|0.8|0.15|5|6|5|22|1|0
DNK000011201|1|15|58.65784|14.58|221|76864.14|5982|10|0.4485|336.7618|20|0.7|0.6|0.8|0.15|5|6|5|22|1|0
DNK000011330|1|15|58.65784|17.07|220|76864.14|7767|10|0.4485|336.7618|20|0.7|0.6|0.8|0.15|5|6|5|22|1|0
DNK000011338|1|15|58.65784|14.95|210|76864.14|6236|10|0.4485|336.7618|20|0.7|0.6|0.8|0.15|5|6|5|22|1|0
DNK000011391|1|15|58.65784|18.05|221|76864.14|8519|10|0.4485|336.7618|20|0.7|0.6|0.8|0.15|5|6|5|22|1|0
DNK000011452|1|15|45.80608|18.3|162|75796.98|8716|10|0.4485|336.7618|20|0.7|0.6|0.8|0.15|5|6|5|22|1|0
DNK000011664|1|15|58.65784|15.78|217|76864.14|6819|10|0.4485|336.7618|20|0.7|0.6|0.8|0.15|5|6|5|22|1|0
DNK000011752|1|15|58.65784|23.35|220|76864.14|13049|10|0.4485|336.7618|20|0.7|0.6|0.8|0.15|5|6|5|22|1|0
DNK000011755|1|15|27.45231|17.5|129|733.7381|8094|10|0.4485|336.7618|20|1|0|1.1|0.15|5|6|5|22|1|0
DNK000011783|1|15|58.65784|16.65|221|76864.14|7453|10|0.4485|336.7618|20|0.7|0.6|0.8|0.15|5|6|5|22|1|0
DNK000011855|1|15|45.80608|19.57|204|75796.98|9740|10|0.4485|336.7618|20|0.7|0.6|0.8|0.15|5|6|5|22|1|0
DNK000011899|1|15|58.65784|16.1|221|76864.14|7050|10|0.4485|336.7618|20|0.7|0.6|0.8|0.15|5|6|5|22|1|0
DNK000011985|1|15|58.65784|14.63|256|76864.14|6016|10|0.4485|336.7618|20|0.7|0.6|0.8|0.15|5|6|5|22|1|0
DNK000011988|1|15|58.65784|16.78|125|76864.14|7550|10|0.4485|336.7618|20|0.7|0.6|0.8|0.15|5|6|5|22|1|0
DNK000011989|1|15|58.65784|20.79|368|76864.14|10766|10|0.4485|336.7618|20|0.7|0.6|0.8|0.15|5|6|5|22|1|0
DNK000012013|1|15|45.80608|16.25|280|75796.98|7159|10|0.4485|336.7618|20|0.7|0.6|0.8|0.15|5|6|5|22|1|0
DNK000012028|1|15|223.4912|39.85|890|600563.8|31623|10|0.4485|336.7618|20|0.7|0.6|0.8|0.15|5|6|5|22|1|0
DNK000012139|1|15|58.65784|16.13|81|76864.14|7072|10|0.4485|336.7618|20|0.7|0.6|0.8|0.15|5|6|5|22|1|0
DNK000012243|1|15|58.65784|14|257|76864.14|5593|10|0.4485|336.7618|20|0.7|0.6|0.8|0.15|5|6|5|22|1|0
DNK000012289|1|15|58.65784|34.8|578|76864.14|25267|10|0.4485|336.7618|20|0.7|0.6|0.8|0.15|5|6|5|22|1|0
DNK000012300|1|15|58.65784|14.01|127|76864.14|5600|10|0.4485|336.7618|20|0.7|0.6|0.8|0.15|5|6|5|22|1|0
DNK000012302|1|15|58.65784|17.1|365|76864.14|7790|10|0.4485|336.7618|20|0.7|0.6|0.8|0.15|5|6|5|22|1|0
DNK000012304|1|15|58.65784|26.8|447|76864.14|16394|10|0.4485|336.7618|20|0.7|0.6|0.8|0.15|5|6|5|22|1|0
DNK000012333|1|15|58.65784|17.39|221|76864.14|8010|10|0.4485|336.7618|20|0.7|0.6|0.8|0.15|5|6|5|22|1|0
DNK000012360|1|15|58.65784|13.1|177|76864.14|5010|10|0.4485|336.7618|20|0.7|0.6|0.8|0.15|5|6|5|22|1|0
DNK000012574|1|15|58.65784|15.53|177|76864.14|6641|10|0.4485|336.7618|20|0.7|0.6|0.8|0.15|5|6|5|22|1|0
DNK000012749|1|15|45.80608|13.05|175|75796.98|4979|10|0.4485|336.7618|20|0.7|0.6|0.8|0.15|5|6|5|22|1|0
DNK000012759|1|15|58.65784|13.69|124|76864.14|5390|10|0.4485|336.7618|20|0.7|0.6|0.8|0.15|5|6|5|22|1|0
DNK000012760|1|15|58.65784|15.68|217|76864.14|6748|10|0.4485|336.7618|20|0.7|0.6|0.8|0.15|5|6|5|22|1|0
DNK000012775|1|15|58.65784|13.41|210|76864.14|5208|10|0.4485|336.7618|20|0.7|0.6|0.8|0.15|5|6|5|22|1|0
DNK000012801|1|15|58.65784|48.8|1280|76864.14|44231|10|0.4485|336.7618|20|0.7|0.6|0.8|0.15|5|6|5|22|1|0
DNK000012932|1|15|58.65784|22.5|216|76864.14|12271|10|0.4485|336.7618|20|0.7|0.6|0.8|0.15|5|6|5|22|1|0
DNK000012955|1|15|58.65784|14.97|220|76864.14|6249|10|0.4485|336.7618|20|0.7|0.6|0.8|0.15|5|6|5|22|1|0
DNK000012962|1|15|58.65784|15.59|206|76864.14|6684|10|0.4485|336.7618|20|0.7|0.6|0.8|0.15|5|6|5|22|1|0
DNK000013000|1|15|58.65784|13.53|126|76864.14|5286|10|0.4485|336.7618|20|0.7|0.6|0.8|0.15|5|6|5|22|1|0
DNK000013011|1|15|58.65784|16.08|184|76864.14|7035|10|0.4485|336.7618|20|0.7|0.6|0.8|0.15|5|6|5|22|1|0
DNK000013055|1|15|58.65784|16.1|216|76864.14|7050|10|0.4485|336.7618|20|0.7|0.6|0.8|0.15|5|6|5|22|1|0
DNK000013076|1|15|58.65784|18.2|221|76864.14|8637|10|0.4485|336.7618|20|0.7|0.6|0.8|0.15|5|6|5|22|1|0
DNK000013104|1|15|58.65784|14.67|257|76864.14|6043|10|0.4485|336.7618|20|0.7|0.6|0.8|0.15|5|6|5|22|1|0
DNK000013175|1|15|58.65784|41.45|847|76864.14|33753|10|0.4485|336.7618|20|0.7|0.6|0.8|0.15|5|6|5|22|1|0
DNK000013388|1|15|45.80608|18.9|220|75796.98|9194|10|0.4485|336.7618|20|0.7|0.6|0.8|0.15|5|6|5|22|1|0
DNK000013480|1|15|58.65784|22.11|368|76864.14|11921|10|0.4485|336.7618|20|0.7|0.6|0.8|0.15|5|6|5|22|1|0
DNK000013581|1|15|58.65784|14.8|211|76864.14|6132|10|0.4485|336.7618|20|0.7|0.6|0.8|0.15|5|6|5|22|1|0
DNK000013673|1|15|58.65784|13.26|105|76864.14|5112|10|0.4485|336.7618|20|0.7|0.6|0.8|0.15|5|6|5|22|1|0
DNK000013679|1|15|58.65784|27.75|424|76864.14|17367|10|0.4485|336.7618|20|0.7|0.6|0.8|0.15|5|6|5|22|1|0
DNK000013694|1|15|58.65784|19.92|220|76864.14|10030|10|0.4485|336.7618|20|0.7|0.6|0.8|0.15|5|6|5|22|1|0
DNK000013702|1|15|58.65784|27.5|577|76864.14|17109|10|0.4485|336.7618|20|0.7|0.6|0.8|0.15|5|6|5|22|1|0
DNK000013750|1|15|58.65784|35.1|453|76864.14|25628|10|0.4485|336.7618|20|0.7|0.6|0.8|0.15|5|6|5|22|1|0
DNK000013772|1|15|58.65784|13.45|180|76864.14|5234|10|0.4485|336.7618|20|0.7|0.6|0.8|0.15|5|6|5|22|1|0
DNK000013843|1|15|58.65784|16.76|124|76864.14|7535|10|0.4485|336.7618|20|0.7|0.6|0.8|0.15|5|6|5|22|1|0
DNK000013859|1|15|58.65784|16.4|253|76864.14|7269|10|0.4485|336.7618|20|0.7|0.6|0.8|0.15|5|6|5|22|1|0
DNK000013940|1|15|27.45231|16|221|733.7381|6977|10|0.4485|336.7618|20|1|0|1.1|0.15|5|6|5|22|1|0
DNK000013952|1|15|47.45669|19.99|125|91967.89|10088|10|0.4485|336.7618|20|1|0|1.1|0.15|5|6|5|22|1|0
DNK000013970|1|15|58.65784|15.36|124|76864.14|6521|10|0.4485|336.7618|20|0.7|0.6|0.8|0.15|5|6|5|22|1|0
DNK000014048|1|15|58.65784|12.14|149|76864.14|4417|10|0.4485|336.7618|20|0.7|0.6|0.8|0.15|5|6|5|22|1|0
DNK000014087|1|15|58.65784|14.07|214|76864.14|5640|10|0.4485|336.7618|20|0.7|0.6|0.8|0.15|5|6|5|22|1|0
DNK000014179|1|15|58.65784|44.4|734|76864.14|37824|10|0.4485|336.7618|20|0.7|0.6|0.8|0.15|5|6|5|22|1|0
DNK000014258|1|15|58.65784|14.98|128|76864.14|6256|10|0.4485|336.7618|20|0.7|0.6|0.8|0.15|5|6|5|22|1|0
DNK000014382|1|15|58.65784|42.3|735|76864.14|34907|10|0.4485|336.7618|20|0.7|0.6|0.8|0.15|5|6|5|22|1|0
DNK000014548|1|15|58.65784|14.22|183|76864.14|5739|10|0.4485|336.7618|20|0.7|0.6|0.8|0.15|5|6|5|22|1|0
DNK000014916|1|15|58.65784|26.15|550|76864.14|15740|10|0.4485|336.7618|20|0.7|0.6|0.8|0.15|5|6|5|22|1|0
DNK000019168|1|15|47.45669|20.7|220|91967.89|10689|10|0.4485|336.7618|20|1|0|1.1|0.15|5|6|5|22|1|0
DNK000020378|1|15|58.65784|16.6|220|76864.14|7416|10|0.4485|336.7618|20|0.7|0.6|0.8|0.15|5|6|5|22|1|0
DNK000024336|1|15|58.65784|14.2|121|76864.14|5726|10|0.4485|336.7618|20|0.7|0.6|0.8|0.15|5|6|5|22|1|0
DNK000024751|1|15|58.65784|15.64|242|76864.14|6719|10|0.4485|336.7618|20|0.7|0.6|0.8|0.15|5|6|5|22|1|0
DNK000025933|1|15|58.65784|16.95|221|76864.14|7677|10|0.4485|336.7618|20|0.7|0.6|0.8|0.15|5|6|5|22|1|0
DNK000028025|1|15|47.45669|18|220|91967.89|8480|10|0.4485|336.7618|20|1|0|1.1|0.15|5|6|5|22|1|0
DNK000028586|1|15|58.65784|11.7|96|76864.14|4155|10|0.4485|336.7618|20|0.7|0.6|0.8|0.15|5|6|5|22|1|0
DNK000029022|1|15|47.45669|15.97|213|91967.89|6956|10|0.4485|336.7618|20|1|0|1.1|0.15|5|6|5|22|1|0
DNK000029865|1|15|58.65784|16.95|283|76864.14|7677|10|0.4485|336.7618|20|0.7|0.6|0.8|0.15|5|6|5|22|1|0
DNK000030600|1|15|58.65784|31.72|740|76864.14|21672|10|0.4485|336.7618|20|0.7|0.6|0.8|0.15|5|6|5|22|1|0
DNK000031007|1|15|58.65784|13.3|235|76864.14|5138|10|0.4485|336.7618|20|0.7|0.6|0.8|0.15|5|6|5|22|1|0
DNK000031137|1|15|47.45669|24|220|91967.89|13656|10|0.4485|336.7618|20|1|0|1.1|0.15|5|6|5|22|1|0
DNK000031138|1|15|47.45669|16.01|198|91967.89|6985|10|0.4485|336.7618|20|1|0|1.1|0.15|5|6|5|22|1|0
DNK000031221|1|15|58.65784|21.79|221|76864.14|11637|10|0.4485|336.7618|20|0.7|0.6|0.8|0.15|5|6|5|22|1|0
DNK000031666|1|15|58.65784|16.65|220|76864.14|7453|10|0.4485|336.7618|20|0.7|0.6|0.8|0.15|5|6|5|22|1|0
DNK000031916|1|15|58.65784|22.94|551|76864.14|12671|10|0.4485|336.7618|20|0.7|0.6|0.8|0.15|5|6|5|22|1|0
DNK000032039|1|15|58.65784|16|294|76864.14|6977|10|0.4485|336.7618|20|0.7|0.6|0.8|0.15|5|6|5|22|1|0
DNK000032043|1|15|58.65784|35.69|1326|76864.14|26346|10|0.4485|336.7618|20|0.7|0.6|0.8|0.15|5|6|5|22|1|0
DNK000032062|1|15|58.65784|16.98|341|76864.14|7699|10|0.4485|336.7618|20|0.7|0.6|0.8|0.15|5|6|5|22|1|0
DNK000032095|1|15|58.65784|14.99|125|76864.14|6263|10|0.4485|336.7618|20|0.7|0.6|0.8|0.15|5|6|5|22|1|0
DNK000032117|1|15|58.65784|37.76|625|76864.14|28924|10|0.4485|336.7618|20|0.7|0.6|0.8|0.15|5|6|5|22|1|0
DNK000032124|1|15|58.65784|19.8|470|76864.14|9930|10|0.4485|336.7618|20|0.7|0.6|0.8|0.15|5|6|5|22|1|0
DNK000032132|1|15|58.65784|26.75|645|76864.14|16343|10|0.4485|336.7618|20|0.7|0.6|0.8|0.15|5|6|5|22|1|0
DNK000032144|1|15|47.45669|18.5|127|91967.89|8874|10|0.4485|336.7618|20|1|0|1.1|0.15|5|6|5|22|1|0
DNK000032153|1|15|58.65784|30.75|485|76864.14|20585|10|0.4485|336.7618|20|0.7|0.6|0.8|0.15|5|6|5|22|1|0
DNK000032157|1|15|45.80608|14.52|155|75796.98|5941|10|0.4485|336.7618|20|0.7|0.6|0.8|0.15|5|6|5|22|1|0
DNK000032224|1|15|58.65784|23.93|746|76864.14|13590|10|0.4485|336.7618|20|0.7|0.6|0.8|0.15|5|6|5|22|1|0
DNK000032225|1|15|47.45669|17.22|184|91967.89|7880|10|0.4485|336.7618|20|1|0|1.1|0.15|5|6|5|22|1|0
DNK000032227|1|15|58.65784|33.75|749|76864.14|24017|10|0.4485|336.7618|20|0.7|0.6|0.8|0.15|5|6|5|22|1|0
DNK000032228|1|15|58.65784|16.99|269|76864.14|7707|10|0.4485|336.7618|20|0.7|0.6|0.8|0.15|5|6|5|22|1|0
DNK000032229|1|15|47.45669|19.74|202|91967.89|9880|10|0.4485|336.7618|20|1|0|1.1|0.15|5|6|5|22|1|0
DNK000032274|1|15|58.65784|22.96|480|76864.14|12690|10|0.4485|336.7618|20|0.7|0.6|0.8|0.15|5|6|5|22|1|0
DNK000032919|1|15|58.65784|23.51|480|76864.14|13197|10|0.4485|336.7618|20|0.7|0.6|0.8|0.15|5|6|5|22|1|0
DNK000032979|1|15|58.65784|27.57|542|76864.14|17181|10|0.4485|336.7618|20|0.7|0.6|0.8|0.15|5|6|5|22|1|0
DNK000032999|1|15|58.65784|17.49|221|76864.14|8086|10|0.4485|336.7618|20|0.7|0.6|0.8|0.15|5|6|5|22|1|0
DNK000033160|1|15|58.65784|14.05|129|76864.14|5626|10|0.4485|336.7618|20|0.7|0.6|0.8|0.15|5|6|5|22|1|0
DNK000033300|1|15|58.65784|24.2|541|76864.14|13845|10|0.4485|336.7618|20|0.7|0.6|0.8|0.15|5|6|5|22|1|0
DNK000033383|1|15|45.80608|14|153|75796.98|5593|10|0.4485|336.7618|20|0.7|0.6|0.8|0.15|5|6|5|22|1|0
DNK000033403|1|15|58.65784|29.95|599|76864.14|19706|10|0.4485|336.7618|20|0.7|0.6|0.8|0.15|5|6|5|22|1|0
DNK000033442|1|15|58.65784|17.24|124|76864.14|7895|10|0.4485|336.7618|20|0.7|0.6|0.8|0.15|5|6|5|22|1|0
DNK000033450|1|15|47.45669|17.19|206|91967.89|7858|10|0.4485|336.7618|20|1|0|1.1|0.15|5|6|5|22|1|0
DNK000033459|1|15|58.65784|23.5|480|76864.14|13188|10|0.4485|336.7618|20|0.7|0.6|0.8|0.15|5|6|5|22|1|0
DNK000033470|1|15|58.65784|14.97|216|76864.14|6249|10|0.4485|336.7618|20|0.7|0.6|0.8|0.15|5|6|5|22|1|0
DNK000033491|1|15|58.65784|17.01|199|76864.14|7722|10|0.4485|336.7618|20|0.7|0.6|0.8|0.15|5|6|5|22|1|0
DNK000034052|1|15|47.45669|18|115|91967.89|8480|10|0.4485|336.7618|20|1|0|1.1|0.15|5|6|5|22|1|0
DNK000034172|1|15|58.65784|24.2|599|76864.14|13845|10|0.4485|336.7618|20|0.7|0.6|0.8|0.15|5|6|5|22|1|0
DNK000034272|1|15|58.65784|16.99|219|76864.14|7707|10|0.4485|336.7618|20|0.7|0.6|0.8|0.15|5|6|5|22|1|0
DNK000034295|1|15|47.45669|17.04|220|91967.89|7744|10|0.4485|336.7618|20|1|0|1.1|0.15|5|6|5|22|1|0
DNK000034372|1|15|27.45231|16|125|733.7381|6977|10|0.4485|336.7618|20|1|0|1.1|0.15|5|6|5|22|1|0
DNK000034715|1|15|58.65784|16.99|219|76864.14|7707|10|0.4485|336.7618|20|0.7|0.6|0.8|0.15|5|6|5|22|1|0
DNK000034997|1|15|47.45669|19.3|169|91967.89|9518|10|0.4485|336.7618|20|1|0|1.1|0.15|5|6|5|22|1|0
DNK000035014|1|15|47.45669|21.5|125|91967.89|11381|10|0.4485|336.7618|20|1|0|1.1|0.15|5|6|5|22|1|0
DNK000035175|1|15|58.65784|14.99|125|76864.14|6263|10|0.4485|336.7618|20|0.7|0.6|0.8|0.15|5|6|5|22|1|0
DNK000035437|1|15|27.45231|15.99|221|733.7381|6970|10|0.4485|336.7618|20|1|0|1.1|0.15|5|6|5|22|1|0
DNK000036044|1|15|27.45231|15.99|221|733.7381|6970|10|0.4485|336.7618|20|1|0|1.1|0.15|5|6|5|22|1|0
DNK000036587|1|15|58.65784|62.6|2999|76864.14|66809|10|0.4485|336.7618|20|0.7|0.6|0.8|0.15|5|6|5|22|1|0
DNK000036626|1|15|47.45669|19.99|220|91967.89|10088|10|0.4485|336.7618|20|1|0|1.1|0.15|5|6|5|22|1|0
DNK000037331|1|15|58.65784|26.59|746|76864.14|16181|10|0.4485|336.7618|20|0.7|0.6|0.8|0.15|5|6|5|22|1|0
DNK000037429|1|15|58.65784|31.25|736|76864.14|21143|10|0.4485|336.7618|20|0.7|0.6|0.8|0.15|5|6|5|22|1|0
DNK000037529|1|15|58.65784|17.19|199|76864.14|7858|10|0.4485|336.7618|20|0.7|0.6|0.8|0.15|5|6|5|22|1|0
DNK000037829|1|15|58.65784|17.19|197|76864.14|7858|10|0.4485|336.7618|20|0.7|0.6|0.8|0.15|5|6|5|22|1|0
DNK000038349|1|15|58.65784|23.61|221|76864.14|13290|10|0.4485|336.7618|20|0.7|0.6|0.8|0.15|5|6|5|22|1|0
DNK000038369|1|15|58.65784|16.99|220|76864.14|7707|10|0.4485|336.7618|20|0.7|0.6|0.8|0.15|5|6|5|22|1|0
DNK000038389|1|15|58.65784|75.4|6000|76864.14|90916|10|0.4485|336.7618|20|0.7|0.6|0.8|0.15|5|6|5|22|1|0
DNK000038431|1|15|58.65784|16.65|364|76864.14|7453|10|0.4485|336.7618|20|0.7|0.6|0.8|0.15|5|6|5|22|1|0
DNK000038952|1|15|58.65784|16.65|220|76864.14|7453|10|0.4485|336.7618|20|0.7|0.6|0.8|0.15|5|6|5|22|1|0
DNK000038971|1|15|58.65784|15.07|221|76864.14|6319|10|0.4485|336.7618|20|0.7|0.6|0.8|0.15|5|6|5|22|1|0
DNK000039090|1|15|58.65784|22|298|76864.14|11823|10|0.4485|336.7618|20|0.7|0.6|0.8|0.15|5|6|5|22|1|0
DNK000039250|1|15|58.65784|23.95|298|76864.14|13609|10|0.4485|336.7618|20|0.7|0.6|0.8|0.15|5|6|5|22|1|0
DNK000039251|1|15|58.65784|23.95|298|76864.14|13609|10|0.4485|336.7618|20|0.7|0.6|0.8|0.15|5|6|5|22|1|0
DNK000039610|1|15|58.65784|30.76|736|76864.14|20597|10|0.4485|336.7618|20|0.7|0.6|0.8|0.15|5|6|5|22|1|0
DNK000039730|1|15|47.45669|22.2|177|91967.89|12002|10|0.4485|336.7618|20|1|0|1.1|0.15|5|6|5|22|1|0
DNK000039871|1|15|47.45669|21.34|162|91967.89|11242|10|0.4485|336.7618|20|1|0|1.1|0.15|5|6|5|22|1|0
DNK000040191|1|15|58.65784|19.96|220|76864.14|10063|10|0.4485|336.7618|20|0.7|0.6|0.8|0.15|5|6|5|22|1|0
DNK000040391|1|15|58.65784|23.45|315|76864.14|13141|10|0.4485|336.7618|20|0.7|0.6|0.8|0.15|5|6|5|22|1|0
DNK000040452|1|15|58.65784|16.99|216|76864.14|7707|10|0.4485|336.7618|20|0.7|0.6|0.8|0.15|5|6|5|22|1|0
DNK000040851|1|15|58.65784|27.49|432|76864.14|17099|10|0.4485|336.7618|20|0.7|0.6|0.8|0.15|5|6|5|22|1|0
DNK000041435|1|15|58.65784|14.99|221|76864.14|6263|10|0.4485|336.7618|20|0.7|0.6|0.8|0.15|5|6|5|22|1|0
DNK000042032|1|15|58.65784|69.9|2999|76864.14|80198|10|0.4485|336.7618|20|0.7|0.6|0.8|0.15|5|6|5|22|1|0
DNK000042092|1|15|58.65784|22.75|364|76864.14|12498|10|0.4485|336.7618|20|0.7|0.6|0.8|0.15|5|6|5|22|1|0
DNK000042795|1|15|58.65784|16.98|220|76864.14|7699|10|0.4485|336.7618|20|0.7|0.6|0.8|0.15|5|6|5|22|1|0
DNK000042875|1|15|58.65784|69.95|2999|76864.14|80293|10|0.4485|336.7618|20|0.7|0.6|0.8|0.15|5|6|5|22|1|0
DNK000043115|1|15|58.65784|57.3|1960|76864.14|57705|10|0.4485|336.7618|20|0.7|0.6|0.8|0.15|5|6|5|22|1|0
DNK000043716|1|15|58.65784|87.8|4800|76864.14|116989|10|0.4485|336.7618|20|0.7|0.6|0.8|0.15|5|6|5|22|1|0
DNK000043855|1|15|58.65784|78|2999|76864.14|96166|10|0.4485|336.7618|20|0.7|0.6|0.8|0.15|5|6|5|22|1|0
DNK000044016|1|15|58.65784|28.3|749|76864.14|17941|10|0.4485|336.7618|20|0.7|0.6|0.8|0.15|5|6|5|22|1|0
DNK000044115|1|15|223.4912|48.3|2640|600563.8|43483|10|0.4485|336.7618|20|0.7|0.6|0.8|0.15|5|6|5|22|1|0
DNK000044355|1|15|45.80608|14.99|213|75796.98|6263|10|0.4485|336.7618|20|0.7|0.6|0.8|0.15|5|6|5|22|1|0
DNK000044376|1|15|58.65784|16.98|220|76864.14|7699|10|0.4485|336.7618|20|0.7|0.6|0.8|0.15|5|6|5|22|1|0
DNK000044396|1|15|45.80608|14.1|220|75796.98|5659|10|0.4485|336.7618|20|0.7|0.6|0.8|0.15|5|6|5|22|1|0
DNK000044416|1|15|58.65784|32.12|680|76864.14|22126|10|0.4485|336.7618|20|0.7|0.6|0.8|0.15|5|6|5|22|1|0
DNK000044496|1|15|58.65784|28.05|746|76864.14|17679|10|0.4485|336.7618|20|0.7|0.6|0.8|0.15|5|6|5|22|1|0
DNK000044556|1|15|58.65784|16.98|221|76864.14|7699|10|0.4485|336.7618|20|0.7|0.6|0.8|0.15|5|6|5|22|1|0
DNK000044557|1|15|58.65784|69.99|2999|76864.14|80369|10|0.4485|336.7618|20|0.7|0.6|0.8|0.15|5|6|5|22|1|0
DNK000044616|1|15|58.65784|63|2999|76864.14|67517|10|0.4485|336.7618|20|0.7|0.6|0.8|0.15|5|6|5|22|1|0
DNK000044656|1|15|58.65784|28.05|746|76864.14|17679|10|0.4485|336.7618|20|0.7|0.6|0.8|0.15|5|6|5|22|1|0
DNK000044676|1|15|27.45231|15.99|125|733.7381|6970|10|0.4485|336.7618|20|1|0|1.1|0.15|5|6|5|22|1|0
DNK000044756|1|15|58.65784|90.45|7700|76864.14|122894|10|0.4485|336.7618|20|0.7|0.6|0.8|0.15|5|6|5|22|1|0
DNK000044956|1|15|58.65784|32.2|680|76864.14|22218|10|0.4485|336.7618|20|0.7|0.6|0.8|0.15|5|6|5|22|1|0
DNK000045199|1|15|58.65784|23.97|448|76864.14|13627|10|0.4485|336.7618|20|0.7|0.6|0.8|0.15|5|6|5|22|1|0
DNK000045339|1|15|58.65784|32.2|680|76864.14|22218|10|0.4485|336.7618|20|0.7|0.6|0.8|0.15|5|6|5|22|1|0
DNK000045459|1|15|138.8899|14.99|221|247616.9|6263|10|0.4485|336.7618|20|0.7|0.6|0.8|0.15|5|6|5|22|1|0
DNK000045460|1|15|58.65784|33.25|680|76864.14|23430|10|0.4485|336.7618|20|0.7|0.6|0.8|0.15|5|6|5|22|1|0
DNK000045520|1|15|58.65784|23.95|220|76864.14|13609|10|0.4485|336.7618|20|0.7|0.6|0.8|0.15|5|6|5|22|1|0
DNK000045539|1|15|58.65784|21.9|447|76864.14|11734|10|0.4485|336.7618|20|0.7|0.6|0.8|0.15|5|6|5|22|1|0
FIN000020039|1|15|58.65784|34.1|950|76864.14|24431|10|0.4485|336.7618|20|0.7|0.6|0.8|0.15|5|6|5|22|1|0
FRA000221242|1|15|27.45231|15.42|219|733.7381|6564|10|0.4485|336.7618|20|1|0|1.1|0.15|5|6|5|22|1|0
FRA000273463|1|15|58.65784|20|354|76864.14|10097|10|0.4485|336.7618|20|0.7|0.6|0.8|0.15|5|6|5|22|1|0
FRA000276206|1|15|27.45231|15.94|233|733.7381|6934|10|0.4485|336.7618|20|1|0|1.1|0.15|5|6|5|22|1|0
FRA000291650|1|15|27.45231|15.65|225|733.7381|6726|10|0.4485|336.7618|20|1|0|1.1|0.15|5|6|5|22|1|0
FRA000295304|1|15|27.45231|15.3|216|733.7381|6479|10|0.4485|336.7618|20|1|0|1.1|0.15|5|6|5|22|1|0
FRA000296586|1|15|27.45231|15.83|230|733.7381|6855|10|0.4485|336.7618|20|1|0|1.1|0.15|5|6|5|22|1|0
FRA000373773|1|15|27.45231|15.5|221|733.7381|6620|10|0.4485|336.7618|20|1|0|1.1|0.15|5|6|5|22|1|0
FRA000422436|1|15|58.65784|13.2|164|76864.14|5074|10|0.4485|336.7618|20|0.7|0.6|0.8|0.15|5|6|5|22|1|0
FRA000463883|1|15|58.65784|18.5|307|76864.14|8874|10|0.4485|336.7618|20|0.7|0.6|0.8|0.15|5|6|5|22|1|0
FRA000463949|1|15|27.45231|17.98|291|733.7381|8465|10|0.4485|336.7618|20|1|0|1.1|0.15|5|6|5|22|1|0
FRA000489768|1|15|27.45231|15.5|221|733.7381|6620|10|0.4485|336.7618|20|1|0|1.1|0.15|5|6|5|22|1|0
FRA000544858|1|15|58.65784|34.3|960|76864.14|24668|10|0.4485|336.7618|20|0.7|0.6|0.8|0.15|5|6|5|22|1|0
FRA000550974|1|15|27.45231|17.5|277|733.7381|8094|10|0.4485|336.7618|20|1|0|1.1|0.15|5|6|5|22|1|0
FRA000561262|1|15|58.65784|17|262|76864.14|7714|10|0.4485|336.7618|20|0.7|0.6|0.8|0.15|5|6|5|22|1|0
FRA000561949|1|15|58.65784|17.1|265|76864.14|7790|10|0.4485|336.7618|20|0.7|0.6|0.8|0.15|5|6|5|22|1|0
FRA000571766|1|15|27.45231|15.5|221|733.7381|6620|10|0.4485|336.7618|20|1|0|1.1|0.15|5|6|5|22|1|0
FRA000614948|1|15|58.65784|16.3|243|76864.14|7195|10|0.4485|336.7618|20|0.7|0.6|0.8|0.15|5|6|5|22|1|0
FRA000624153|1|10|19.85211|12.37|146|476.5759|4556|10|0.4485|336.7618|20|1|0|1.1|0.15|5|6|5|22|1|0
FRA000639859|1|15|27.45231|15.9|232|733.7381|6905|10|0.4485|336.7618|20|1|0|1.1|0.15|5|6|5|22|1|0
FRA000644260|1|15|58.65784|17.2|268|76864.14|7865|10|0.4485|336.7618|20|0.7|0.6|0.8|0.15|5|6|5|22|1|0
FRA000645006|1|15|58.65784|17.44|275|76864.14|8048|10|0.4485|336.7618|20|0.7|0.6|0.8|0.15|5|6|5|22|1|0
FRA000651082|1|15|58.65784|19.1|325|76864.14|9355|10|0.4485|336.7618|20|0.7|0.6|0.8|0.15|5|6|5|22|1|0
FRA000651141|1|15|58.65784|15.4|218|76864.14|6549|10|0.4485|336.7618|20|0.7|0.6|0.8|0.15|5|6|5|22|1|0
FRA000651309|1|15|27.45231|17.8|285|733.7381|8325|10|0.4485|336.7618|20|1|0|1.1|0.15|5|6|5|22|1|0
FRA000651340|1|15|27.45231|15.4|218|733.7381|6549|10|0.4485|336.7618|20|1|0|1.1|0.15|5|6|5|22|1|0
FRA000658867|1|15|58.65784|24.1|500|76864.14|13750|10|0.4485|336.7618|20|0.7|0.6|0.8|0.15|5|6|5|22|1|0
FRA000686276|1|15|27.45231|15.77|228|733.7381|6812|10|0.4485|336.7618|20|1|0|1.1|0.15|5|6|5|22|1|0
FRA000686897|1|15|58.65784|29.8|740|76864.14|19543|10|0.4485|336.7618|20|0.7|0.6|0.8|0.15|5|6|5|22|1|0
FRA000689018|1|15|58.65784|15.98|234|76864.14|6963|10|0.4485|336.7618|20|0.7|0.6|0.8|0.15|5|6|5|22|1|0
FRA000707753|1|15|27.45231|15.95|233|733.7381|6941|10|0.4485|336.7618|20|1|0|1.1|0.15|5|6|5|22|1|0
FRA000711933|1|20|223.4912|18|291|600563.8|8480|10|0.4485|336.7618|20|0.7|0.6|0.8|0.15|5|6|5|22|1|0
FRA000726596|1|15|58.65784|18.55|308|76864.14|8914|10|0.4485|336.7618|20|0.7|0.6|0.8|0.15|5|6|5|22|1|0
FRA000730424|1|15|58.65784|18.5|307|76864.14|8874|10|0.4485|336.7618|20|0.7|0.6|0.8|0.15|5|6|5|22|1|0
FRA000734505|1|15|58.65784|23.76|487|76864.14|13430|10|0.4485|336.7618|20|0.7|0.6|0.8|0.15|5|6|5|22|1|0
FRA000734557|1|15|58.65784|15.4|218|76864.14|6549|10|0.4485|336.7618|20|0.7|0.6|0.8|0.15|5|6|5|22|1|0
FRA000734690|1|15|58.65784|54.3|2246|76864.14|52788|10|0.4485|336.7618|20|0.7|0.6|0.8|0.15|5|6|5|22|1|0
FRA000735001|1|15|58.65784|15.9|232|76864.14|6905|10|0.4485|336.7618|20|0.7|0.6|0.8|0.15|5|6|5|22|1|0
FRA000735220|1|15|58.65784|54.55|2265|76864.14|53191|10|0.4485|336.7618|20|0.7|0.6|0.8|0.15|5|6|5|22|1|0
FRA000735382|1|15|58.65784|23|459|76864.14|12726|10|0.4485|336.7618|20|0.7|0.6|0.8|0.15|5|6|5|22|1|0
FRA000735383|1|15|58.65784|18.13|295|76864.14|8582|10|0.4485|336.7618|20|0.7|0.6|0.8|0.15|5|6|5|22|1|0
FRA000735810|1|10|19.85211|14|183|476.5759|5593|10|0.4485|336.7618|20|1|0|1.1|0.15|5|6|5|22|1|0
FRA000735985|1|15|58.65784|24.9|531|76864.14|14514|10|0.4485|336.7618|20|0.7|0.6|0.8|0.15|5|6|5|22|1|0
FRA000739828|1|15|58.65784|12.26|143|76864.14|4490|10|0.4485|336.7618|20|0.7|0.6|0.8|0.15|5|6|5|22|1|0
FRA000759027|1|15|58.65784|22.82|452|76864.14|12562|10|0.4485|336.7618|20|0.7|0.6|0.8|0.15|5|6|5|22|1|0
FRA000775533|1|15|58.65784|18.1|294|76864.14|8558|10|0.4485|336.7618|20|0.7|0.6|0.8|0.15|5|6|5|22|1|0
FRA000788028|1|15|58.65784|22.5|440|76864.14|12271|10|0.4485|336.7618|20|0.7|0.6|0.8|0.15|5|6|5|22|1|0
FRA000788630|1|10|19.85211|14.73|201|476.5759|6084|10|0.4485|336.7618|20|1|0|1.1|0.15|5|6|5|22|1|0
FRA000790964|1|15|58.65784|23|459|76864.14|12726|10|0.4485|336.7618|20|0.7|0.6|0.8|0.15|5|6|5|22|1|0
FRA000899825|1|15|58.65784|24.45|513|76864.14|14082|10|0.4485|336.7618|20|0.7|0.6|0.8|0.15|5|6|5|22|1|0
FRA000899826|1|15|58.65784|24.45|513|76864.14|14082|10|0.4485|336.7618|20|0.7|0.6|0.8|0.15|5|6|5|22|1|0
FRA000899828|1|15|58.65784|23.77|487|76864.14|13440|10|0.4485|336.7618|20|0.7|0.6|0.8|0.15|5|6|5|22|1|0
FRA000899829|1|15|58.65784|22.5|440|76864.14|12271|10|0.4485|336.7618|20|0.7|0.6|0.8|0.15|5|6|5|22|1|0
FRA000899834|1|15|58.65784|22.5|440|76864.14|12271|10|0.4485|336.7618|20|0.7|0.6|0.8|0.15|5|6|5|22|1|0
FRA000899835|1|15|58.65784|22.5|440|76864.14|12271|10|0.4485|336.7618|20|0.7|0.6|0.8|0.15|5|6|5|22|1|0
FRA000899838|1|15|58.65784|22.5|440|76864.14|12271|10|0.4485|336.7618|20|0.7|0.6|0.8|0.15|5|6|5|22|1|0
FRA000900461|1|15|58.65784|18.4|303|76864.14|8795|10|0.4485|336.7618|20|0.7|0.6|0.8|0.15|5|6|5|22|1|0
FRA000900462|1|10|19.85211|16.5|248|476.5759|7342|10|0.4485|336.7618|20|1|0|1.1|0.15|5|6|5|22|1|0
FRA000900470|1|15|58.65784|44|1522|76864.14|37261|10|0.4485|336.7618|20|0.7|0.6|0.8|0.15|5|6|5|22|1|0
FRA000900471|1|15|27.45231|14.9|205|733.7381|6201|10|0.4485|336.7618|20|1|0|1.1|0.15|5|6|5|22|1|0
FRA000912376|1|15|58.65784|21|388|76864.14|10946|10|0.4485|336.7618|20|0.7|0.6|0.8|0.15|5|6|5|22|1|0
FRA000914059|1|15|58.65784|22.5|440|76864.14|12271|10|0.4485|336.7618|20|0.7|0.6|0.8|0.15|5|6|5|22|1|0
FRA000914099|1|15|58.65784|24.4|511|76864.14|14035|10|0.4485|336.7618|20|0.7|0.6|0.8|0.15|5|6|5|22|1|0
FRA000914390|1|15|27.45231|14.43|194|733.7381|5880|10|0.4485|336.7618|20|1|0|1.1|0.15|5|6|5|22|1|0
FRA000924675|1|15|58.65784|44.1|1529|76864.14|37401|10|0.4485|336.7618|20|0.7|0.6|0.8|0.15|5|6|5|22|1|0
FRA000924680|1|15|58.65784|44|1522|76864.14|37261|10|0.4485|336.7618|20|0.7|0.6|0.8|0.15|5|6|5|22|1|0
FRA000925601|1|15|58.65784|22.5|440|76864.14|12271|10|0.4485|336.7618|20|0.7|0.6|0.8|0.15|5|6|5|22|1|0
FRA000925605|1|15|58.65784|23.1|462|76864.14|12818|10|0.4485|336.7618|20|0.7|0.6|0.8|0.15|5|6|5|22|1|0
FRA000925607|1|15|58.65784|23.1|462|76864.14|12818|10|0.4485|336.7618|20|0.7|0.6|0.8|0.15|5|6|5|22|1|0
FRA000931410|1|15|58.65784|48.65|1833|76864.14|44006|10|0.4485|336.7618|20|0.7|0.6|0.8|0.15|5|6|5|22|1|0
FRA000933087|1|15|58.65784|24.99|535|76864.14|14601|10|0.4485|336.7618|20|0.7|0.6|0.8|0.15|5|6|5|22|1|0
FRA000933426|1|15|45.80608|19.22|329|75796.98|9453|10|0.4485|336.7618|20|0.7|0.6|0.8|0.15|5|6|5|22|1|0
FRA000933427|1|15|45.80608|19.22|329|75796.98|9453|10|0.4485|336.7618|20|0.7|0.6|0.8|0.15|5|6|5|22|1|0
FRA000933651|1|20|223.4912|19|322|600563.8|9275|10|0.4485|336.7618|20|0.7|0.6|0.8|0.15|5|6|5|22|1|0
FRA000933780|1|15|58.65784|24.95|533|76864.14|14562|10|0.4485|336.7618|20|0.7|0.6|0.8|0.15|5|6|5|22|1|0
FRA000933781|1|15|58.65784|24.95|533|76864.14|14562|10|0.4485|336.7618|20|0.7|0.6|0.8|0.15|5|6|5|22|1|0
GBR00000M018|1|15|27.45231|13.97|182|733.7381|5573|10|0.4485|336.7618|20|1|0|1.1|0.15|5|6|5|22|1|0
GBR00000M105|1|15|27.45231|12.79|155|733.7381|4816|10|0.4485|336.7618|20|1|0|1.1|0.15|5|6|5|22|1|0
GBR00000M167|1|15|27.45231|13.15|163|733.7381|5042|10|0.4485|336.7618|20|1|0|1.1|0.15|5|6|5|22|1|0
GBR00000M178|1|15|27.45231|13.82|179|733.7381|5475|10|0.4485|336.7618|20|1|0|1.1|0.15|5|6|5|22|1|0
GBR00000M202|1|15|27.45231|17.83|286|733.7381|8348|10|0.4485|336.7618|20|1|0|1.1|0.15|5|6|5|22|1|0
GBR000307310|1|15|27.45231|16.65|252|733.7381|7453|10|0.4485|336.7618|20|1|0|1.1|0.15|5|6|5|22|1|0
GBR000308762|1|15|27.45231|17.85|287|733.7381|8363|10|0.4485|336.7618|20|1|0|1.1|0.15|5|6|5|22|1|0
GBR000334150|1|15|27.45231|13.4|169|733.7381|5202|10|0.4485|336.7618|20|1|0|1.1|0.15|5|6|5|22|1|0
GBR000387037|1|15|27.45231|15.94|233|733.7381|6934|10|0.4485|336.7618|20|1|0|1.1|0.15|5|6|5|22|1|0
GBR000A10105|1|15|58.65784|23.98|495|76864.14|13637|10|0.4485|336.7618|20|0.7|0.6|0.8|0.15|5|6|5|22|1|0
GBR000A10112|1|15|58.65784|14.9|205|76864.14|6201|10|0.4485|336.7618|20|0.7|0.6|0.8|0.15|5|6|5|22|1|0
GBR000A10166|1|15|58.65784|16.98|262|76864.14|7699|10|0.4485|336.7618|20|0.7|0.6|0.8|0.15|5|6|5|22|1|0
GBR000A10172|1|15|27.45231|15.78|228|733.7381|6819|10|0.4485|336.7618|20|1|0|1.1|0.15|5|6|5|22|1|0
GBR000A10512|1|15|58.65784|17.94|290|76864.14|8433|10|0.4485|336.7618|20|0.7|0.6|0.8|0.15|5|6|5|22|1|0
GBR000A10557|1|15|58.65784|16.76|255|76864.14|7535|10|0.4485|336.7618|20|0.7|0.6|0.8|0.15|5|6|5|22|1|0
GBR000A10558|1|15|58.65784|18.8|316|76864.14|9113|10|0.4485|336.7618|20|0.7|0.6|0.8|0.15|5|6|5|22|1|0
GBR000A10626|1|15|58.65784|16.86|258|76864.14|7609|10|0.4485|336.7618|20|0.7|0.6|0.8|0.15|5|6|5|22|1|0
GBR000A10705|1|15|58.65784|16.52|249|76864.14|7357|10|0.4485|336.7618|20|0.7|0.6|0.8|0.15|5|6|5|22|1|0
GBR000A10721|1|15|58.65784|20.26|363|76864.14|10315|10|0.4485|336.7618|20|0.7|0.6|0.8|0.15|5|6|5|22|1|0
GBR000A10748|1|15|58.65784|21.31|398|76864.14|11215|10|0.4485|336.7618|20|0.7|0.6|0.8|0.15|5|6|5|22|1|0
GBR000A10752|1|15|58.65784|16.73|255|76864.14|7512|10|0.4485|336.7618|20|0.7|0.6|0.8|0.15|5|6|5|22|1|0
GBR000A10755|1|15|58.65784|20.4|367|76864.14|10433|10|0.4485|336.7618|20|0.7|0.6|0.8|0.15|5|6|5|22|1|0
GBR000A10758|1|15|58.65784|19.81|348|76864.14|9938|10|0.4485|336.7618|20|0.7|0.6|0.8|0.15|5|6|5|22|1|0
GBR000A10793|1|15|58.65784|16.48|248|76864.14|7327|10|0.4485|336.7618|20|0.7|0.6|0.8|0.15|5|6|5|22|1|0
GBR000A10800|1|15|58.65784|21.41|402|76864.14|11303|10|0.4485|336.7618|20|0.7|0.6|0.8|0.15|5|6|5|22|1|0
GBR000A10827|1|15|58.65784|17.64|281|76864.14|8201|10|0.4485|336.7618|20|0.7|0.6|0.8|0.15|5|6|5|22|1|0
GBR000A10833|1|15|58.65784|14.11|186|76864.14|5666|10|0.4485|336.7618|20|0.7|0.6|0.8|0.15|5|6|5|22|1|0
GBR000A10890|1|15|58.65784|18.22|298|76864.14|8653|10|0.4485|336.7618|20|0.7|0.6|0.8|0.15|5|6|5|22|1|0
GBR000A10895|1|15|58.65784|18.42|304|76864.14|8810|10|0.4485|336.7618|20|0.7|0.6|0.8|0.15|5|6|5|22|1|0
GBR000A11370|1|15|27.45231|14.95|207|733.7381|6236|10|0.4485|336.7618|20|1|0|1.1|0.15|5|6|5|22|1|0
GBR000A11409|1|15|58.65784|16.75|255|76864.14|7527|10|0.4485|336.7618|20|0.7|0.6|0.8|0.15|5|6|5|22|1|0
GBR000A11419|1|15|58.65784|16.76|255|76864.14|7535|10|0.4485|336.7618|20|0.7|0.6|0.8|0.15|5|6|5|22|1|0
GBR000A11450|1|15|27.45231|16.51|248|733.7381|7350|10|0.4485|336.7618|20|1|0|1.1|0.15|5|6|5|22|1|0
GBR000A11486|1|15|58.65784|16.85|258|76864.14|7602|10|0.4485|336.7618|20|0.7|0.6|0.8|0.15|5|6|5|22|1|0
GBR000A11502|1|15|58.65784|17.31|271|76864.14|7949|10|0.4485|336.7618|20|0.7|0.6|0.8|0.15|5|6|5|22|1|0
GBR000A11541|1|15|58.65784|14.96|207|76864.14|6242|10|0.4485|336.7618|20|0.7|0.6|0.8|0.15|5|6|5|22|1|0
GBR000A11549|1|15|138.8899|24.41|512|247616.9|14044|10|0.4485|336.7618|20|0.7|0.6|0.8|0.15|5|6|5|22|1|0
GBR000A11644|1|15|58.65784|18.25|299|76864.14|8676|10|0.4485|336.7618|20|0.7|0.6|0.8|0.15|5|6|5|22|1|0
GBR000A11752|1|15|58.65784|26.7|604|76864.14|16292|10|0.4485|336.7618|20|0.7|0.6|0.8|0.15|5|6|5|22|1|0
GBR000A11803|1|15|138.8899|25.94|573|247616.9|15532|10|0.4485|336.7618|20|0.7|0.6|0.8|0.15|5|6|5|22|1|0
GBR000A11805|1|15|58.65784|19.68|344|76864.14|9831|10|0.4485|336.7618|20|0.7|0.6|0.8|0.15|5|6|5|22|1|0
GBR000A11814|1|15|58.65784|19.45|336|76864.14|9641|10|0.4485|336.7618|20|0.7|0.6|0.8|0.15|5|6|5|22|1|0
GBR000A12043|1|15|58.65784|12.19|142|76864.14|4447|10|0.4485|336.7618|20|0.7|0.6|0.8|0.15|5|6|5|22|1|0
GBR000A12076|1|15|58.65784|15.24|214|76864.14|6437|10|0.4485|336.7618|20|0.7|0.6|0.8|0.15|5|6|5|22|1|0
GBR000A12092|1|15|27.45231|16.67|253|733.7381|7468|10|0.4485|336.7618|20|1|0|1.1|0.15|5|6|5|22|1|0
GBR000A12175|1|15|58.65784|16.89|259|76864.14|7632|10|0.4485|336.7618|20|0.7|0.6|0.8|0.15|5|6|5|22|1|0
GBR000A12216|1|15|27.45231|16.15|238|733.7381|7086|10|0.4485|336.7618|20|1|0|1.1|0.15|5|6|5|22|1|0
GBR000A12224|1|15|58.65784|17.2|268|76864.14|7865|10|0.4485|336.7618|20|0.7|0.6|0.8|0.15|5|6|5|22|1|0
GBR000A12239|1|15|58.65784|15.71|227|76864.14|6769|10|0.4485|336.7618|20|0.7|0.6|0.8|0.15|5|6|5|22|1|0
GBR000A12279|1|15|58.65784|12.23|143|76864.14|4471|10|0.4485|336.7618|20|0.7|0.6|0.8|0.15|5|6|5|22|1|0
GBR000A12303|1|15|58.65784|21.78|415|76864.14|11628|10|0.4485|336.7618|20|0.7|0.6|0.8|0.15|5|6|5|22|1|0
GBR000A12339|1|15|58.65784|16.61|251|76864.14|7423|10|0.4485|336.7618|20|0.7|0.6|0.8|0.15|5|6|5|22|1|0
GBR000A12347|1|15|58.65784|14.64|199|76864.14|6023|10|0.4485|336.7618|20|0.7|0.6|0.8|0.15|5|6|5|22|1|0
GBR000A12358|1|15|27.45231|13.42|169|733.7381|5215|10|0.4485|336.7618|20|1|0|1.1|0.15|5|6|5|22|1|0
GBR000A12377|1|15|58.65784|21.1|391|76864.14|11033|10|0.4485|336.7618|20|0.7|0.6|0.8|0.15|5|6|5|22|1|0
GBR000A12399|1|15|58.65784|12.17|141|76864.14|4435|10|0.4485|336.7618|20|0.7|0.6|0.8|0.15|5|6|5|22|1|0
GBR000A12478|1|15|58.65784|26.88|612|76864.14|16475|10|0.4485|336.7618|20|0.7|0.6|0.8|0.15|5|6|5|22|1|0
GBR000A12503|1|15|58.65784|23.02|459|76864.14|12745|10|0.4485|336.7618|20|0.7|0.6|0.8|0.15|5|6|5|22|1|0
GBR000A12554|1|15|58.65784|24.85|529|76864.14|14466|10|0.4485|336.7618|20|0.7|0.6|0.8|0.15|5|6|5|22|1|0
GBR000A12643|1|15|58.65784|26.61|600|76864.14|16202|10|0.4485|336.7618|20|0.7|0.6|0.8|0.15|5|6|5|22|1|0
GBR000A12678|1|15|58.65784|22.8|451|76864.14|12544|10|0.4485|336.7618|20|0.7|0.6|0.8|0.15|5|6|5|22|1|0
GBR000A12774|1|15|27.45231|14.33|191|733.7381|5813|10|0.4485|336.7618|20|1|0|1.1|0.15|5|6|5|22|1|0
GBR000A13042|1|15|58.65784|16.77|256|76864.14|7542|10|0.4485|336.7618|20|0.7|0.6|0.8|0.15|5|6|5|22|1|0
GBR000A13191|1|15|58.65784|26.5|596|76864.14|16091|10|0.4485|336.7618|20|0.7|0.6|0.8|0.15|5|6|5|22|1|0
GBR000A13221|1|15|58.65784|26.23|585|76864.14|15820|10|0.4485|336.7618|20|0.7|0.6|0.8|0.15|5|6|5|22|1|0
GBR000A13225|1|15|58.65784|18.07|293|76864.14|8535|10|0.4485|336.7618|20|0.7|0.6|0.8|0.15|5|6|5|22|1|0
GBR000A13321|1|15|58.65784|23.99|496|76864.14|13646|10|0.4485|336.7618|20|0.7|0.6|0.8|0.15|5|6|5|22|1|0
GBR000A13328|1|15|58.65784|26.21|584|76864.14|15800|10|0.4485|336.7618|20|0.7|0.6|0.8|0.15|5|6|5|22|1|0
GBR000A13622|1|15|27.45231|12.01|138|733.7381|4339|10|0.4485|336.7618|20|1|0|1.1|0.15|5|6|5|22|1|0
GBR000A13670|1|15|58.65784|18.32|301|76864.14|8731|10|0.4485|336.7618|20|0.7|0.6|0.8|0.15|5|6|5|22|1|0
GBR000A13712|1|15|58.65784|26.48|595|76864.14|16071|10|0.4485|336.7618|20|0.7|0.6|0.8|0.15|5|6|5|22|1|0
GBR000A13755|1|15|58.65784|12.07|139|76864.14|4375|10|0.4485|336.7618|20|0.7|0.6|0.8|0.15|5|6|5|22|1|0
GBR000A13765|1|15|58.65784|16.8|256|76864.14|7565|10|0.4485|336.7618|20|0.7|0.6|0.8|0.15|5|6|5|22|1|0
GBR000A13779|1|15|58.65784|18.25|299|76864.14|8676|10|0.4485|336.7618|20|0.7|0.6|0.8|0.15|5|6|5|22|1|0
GBR000A13805|1|15|58.65784|12.5|148|76864.14|4636|10|0.4485|336.7618|20|0.7|0.6|0.8|0.15|5|6|5|22|1|0
GBR000A13845|1|15|58.65784|16.55|249|76864.14|7379|10|0.4485|336.7618|20|0.7|0.6|0.8|0.15|5|6|5|22|1|0
GBR000A13900|1|15|138.8899|25.9|571|247616.9|15492|10|0.4485|336.7618|20|0.7|0.6|0.8|0.15|5|6|5|22|1|0
GBR000A13925|1|15|27.45231|12.2|142|733.7381|4453|10|0.4485|336.7618|20|1|0|1.1|0.15|5|6|5|22|1|0
GBR000A13932|1|15|58.65784|20.43|368|76864.14|10459|10|0.4485|336.7618|20|0.7|0.6|0.8|0.15|5|6|5|22|1|0
GBR000A14051|1|15|58.65784|15.58|223|76864.14|6677|10|0.4485|336.7618|20|0.7|0.6|0.8|0.15|5|6|5|22|1|0
GBR000A14225|1|15|58.65784|23.38|473|76864.14|13076|10|0.4485|336.7618|20|0.7|0.6|0.8|0.15|5|6|5|22|1|0
GBR000A14446|1|15|58.65784|13.41|169|76864.14|5208|10|0.4485|336.7618|20|0.7|0.6|0.8|0.15|5|6|5|22|1|0
GBR000A16634|1|15|58.65784|13.8|178|76864.14|5461|10|0.4485|336.7618|20|0.7|0.6|0.8|0.15|5|6|5|22|1|0
GBR000A16751|1|15|58.65784|12.94|158|76864.14|4909|10|0.4485|336.7618|20|0.7|0.6|0.8|0.15|5|6|5|22|1|0
GBR000A17525|1|15|58.65784|18.03|292|76864.14|8504|10|0.4485|336.7618|20|0.7|0.6|0.8|0.15|5|6|5|22|1|0
GBR000A17563|1|10|19.85211|20.1|357|476.5759|10181|10|0.4485|336.7618|20|1|0|1.1|0.15|5|6|5|22|1|0
GBR000A17577|1|10|19.85211|18.91|319|476.5759|9202|10|0.4485|336.7618|20|1|0|1.1|0.15|5|6|5|22|1|0
GBR000A17771|1|15|58.65784|18.18|297|76864.14|8621|10|0.4485|336.7618|20|0.7|0.6|0.8|0.15|5|6|5|22|1|0
GBR000A17974|1|15|58.65784|14.04|184|76864.14|5620|10|0.4485|336.7618|20|0.7|0.6|0.8|0.15|5|6|5|22|1|0
GBR000A18002|1|15|27.45231|13.58|173|733.7381|5318|10|0.4485|336.7618|20|1|0|1.1|0.15|5|6|5|22|1|0
GBR000A18625|1|15|58.65784|13.35|168|76864.14|5170|10|0.4485|336.7618|20|0.7|0.6|0.8|0.15|5|6|5|22|1|0
GBR000A19799|1|15|58.65784|12.19|142|76864.14|4447|10|0.4485|336.7618|20|0.7|0.6|0.8|0.15|5|6|5|22|1|0
GBR000A22069|1|15|58.65784|12.16|141|76864.14|4429|10|0.4485|336.7618|20|0.7|0.6|0.8|0.15|5|6|5|22|1|0
GBR000A22174|1|15|58.65784|12.19|142|76864.14|4447|10|0.4485|336.7618|20|0.7|0.6|0.8|0.15|5|6|5|22|1|0
GBR000A22446|1|15|58.65784|13.47|170|76864.14|5247|10|0.4485|336.7618|20|0.7|0.6|0.8|0.15|5|6|5|22|1|0
GBR000A22597|1|15|58.65784|14.99|208|76864.14|6263|10|0.4485|336.7618|20|0.7|0.6|0.8|0.15|5|6|5|22|1|0
GBR000A22669|1|15|58.65784|25.89|571|76864.14|15482|10|0.4485|336.7618|20|0.7|0.6|0.8|0.15|5|6|5|22|1|0
GBR000A22723|1|15|58.65784|26.54|598|76864.14|16131|10|0.4485|336.7618|20|0.7|0.6|0.8|0.15|5|6|5|22|1|0
GBR000A22991|1|15|58.65784|17.8|285|76864.14|8325|10|0.4485|336.7618|20|0.7|0.6|0.8|0.15|5|6|5|22|1|0
GBR000A23004|1|15|58.65784|13.4|169|76864.14|5202|10|0.4485|336.7618|20|0.7|0.6|0.8|0.15|5|6|5|22|1|0
GBR000A24057|1|15|27.45231|13.6|174|733.7381|5331|10|0.4485|336.7618|20|1|0|1.1|0.15|5|6|5|22|1|0
GBR000A24579|1|15|58.65784|21.34|399|76864.14|11242|10|0.4485|336.7618|20|0.7|0.6|0.8|0.15|5|6|5|22|1|0
GBR000B10113|1|15|27.45231|16.14|238|733.7381|7079|10|0.4485|336.7618|20|1|0|1.1|0.15|5|6|5|22|1|0
GBR000B10184|1|15|58.65784|18.6|310|76864.14|8953|10|0.4485|336.7618|20|0.7|0.6|0.8|0.15|5|6|5|22|1|0
GBR000B10189|1|15|58.65784|23.24|467|76864.14|12947|10|0.4485|336.7618|20|0.7|0.6|0.8|0.15|5|6|5|22|1|0
GBR000B10190|1|15|58.65784|20.6|374|76864.14|10603|10|0.4485|336.7618|20|0.7|0.6|0.8|0.15|5|6|5|22|1|0
GBR000B10271|1|15|27.45231|16.7|254|733.7381|7490|10|0.4485|336.7618|20|1|0|1.1|0.15|5|6|5|22|1|0
GBR000B10403|1|15|58.65784|15.32|216|76864.14|6493|10|0.4485|336.7618|20|0.7|0.6|0.8|0.15|5|6|5|22|1|0
GBR000B10622|1|15|27.45231|13.91|181|733.7381|5534|10|0.4485|336.7618|20|1|0|1.1|0.15|5|6|5|22|1|0
GBR000B10814|1|15|58.65784|26.19|583|76864.14|15780|10|0.4485|336.7618|20|0.7|0.6|0.8|0.15|5|6|5|22|1|0
GBR000B10887|1|15|58.65784|14|183|76864.14|5593|10|0.4485|336.7618|20|0.7|0.6|0.8|0.15|5|6|5|22|1|0
GBR000B10892|1|15|58.65784|27.4|634|76864.14|17006|10|0.4485|336.7618|20|0.7|0.6|0.8|0.15|5|6|5|22|1|0
GBR000B10895|1|15|27.45231|12.83|156|733.7381|4840|10|0.4485|336.7618|20|1|0|1.1|0.15|5|6|5|22|1|0
GBR000B11081|1|15|58.65784|24.35|510|76864.14|13987|10|0.4485|336.7618|20|0.7|0.6|0.8|0.15|5|6|5|22|1|0
GBR000B11132|1|15|58.65784|22.07|425|76864.14|11885|10|0.4485|336.7618|20|0.7|0.6|0.8|0.15|5|6|5|22|1|0
GBR000B11182|1|15|27.45231|13.48|171|733.7381|5253|10|0.4485|336.7618|20|1|0|1.1|0.15|5|6|5|22|1|0
GBR000B11731|1|15|58.65784|20.9|384|76864.14|10860|10|0.4485|336.7618|20|0.7|0.6|0.8|0.15|5|6|5|22|1|0
GBR000B12041|1|15|58.65784|20.85|382|76864.14|10817|10|0.4485|336.7618|20|0.7|0.6|0.8|0.15|5|6|5|22|1|0
GBR000B12063|1|15|27.45231|13.1|162|733.7381|5010|10|0.4485|336.7618|20|1|0|1.1|0.15|5|6|5|22|1|0
GBR000B12187|1|15|58.65784|13.95|182|76864.14|5560|10|0.4485|336.7618|20|0.7|0.6|0.8|0.15|5|6|5|22|1|0
GBR000B12204|1|15|58.65784|24.7|523|76864.14|14322|10|0.4485|336.7618|20|0.7|0.6|0.8|0.15|5|6|5|22|1|0
GBR000B12388|1|15|58.65784|20.75|379|76864.14|10731|10|0.4485|336.7618|20|0.7|0.6|0.8|0.15|5|6|5|22|1|0
GBR000B12667|1|15|58.65784|20.8|381|76864.14|10774|10|0.4485|336.7618|20|0.7|0.6|0.8|0.15|5|6|5|22|1|0
GBR000B12872|1|15|58.65784|26.56|598|76864.14|16151|10|0.4485|336.7618|20|0.7|0.6|0.8|0.15|5|6|5|22|1|0
GBR000B13011|1|15|27.45231|12.99|159|733.7381|4941|10|0.4485|336.7618|20|1|0|1.1|0.15|5|6|5|22|1|0
GBR000B13034|1|15|27.45231|13.38|168|733.7381|5189|10|0.4485|336.7618|20|1|0|1.1|0.15|5|6|5|22|1|0
GBR000B13084|1|15|58.65784|30.5|773|76864.14|20309|10|0.4485|336.7618|20|0.7|0.6|0.8|0.15|5|6|5|22|1|0
GBR000B13488|1|15|58.65784|42|1397|76864.14|34498|10|0.4485|336.7618|20|0.7|0.6|0.8|0.15|5|6|5|22|1|0
GBR000B13502|1|15|58.65784|37.2|1116|76864.14|28217|10|0.4485|336.7618|20|0.7|0.6|0.8|0.15|5|6|5|22|1|0
GBR000B13709|1|15|58.65784|18.38|303|76864.14|8779|10|0.4485|336.7618|20|0.7|0.6|0.8|0.15|5|6|5|22|1|0
GBR000B13833|1|15|27.45231|13.95|182|733.7381|5560|10|0.4485|336.7618|20|1|0|1.1|0.15|5|6|5|22|1|0
GBR000B13851|1|15|58.65784|15.11|211|76864.14|6346|10|0.4485|336.7618|20|0.7|0.6|0.8|0.15|5|6|5|22|1|0
GBR000B13883|1|15|58.65784|27.47|637|76864.14|17078|10|0.4485|336.7618|20|0.7|0.6|0.8|0.15|5|6|5|22|1|0
GBR000B13887|1|15|58.65784|22.85|453|76864.14|12589|10|0.4485|336.7618|20|0.7|0.6|0.8|0.15|5|6|5|22|1|0
GBR000B14102|1|15|58.65784|21.23|395|76864.14|11146|10|0.4485|336.7618|20|0.7|0.6|0.8|0.15|5|6|5|22|1|0
GBR000B14107|1|15|27.45231|13.27|166|733.7381|5118|10|0.4485|336.7618|20|1|0|1.1|0.15|5|6|5|22|1|0
GBR000B14229|1|15|58.65784|20.8|381|76864.14|10774|10|0.4485|336.7618|20|0.7|0.6|0.8|0.15|5|6|5|22|1|0
GBR000B14370|1|15|58.65784|20.89|384|76864.14|10852|10|0.4485|336.7618|20|0.7|0.6|0.8|0.15|5|6|5|22|1|0
GBR000B14431|1|15|58.65784|27.69|646|76864.14|17305|10|0.4485|336.7618|20|0.7|0.6|0.8|0.15|5|6|5|22|1|0
GBR000B14488|1|15|58.65784|25.93|572|76864.14|15522|10|0.4485|336.7618|20|0.7|0.6|0.8|0.15|5|6|5|22|1|0
GBR000B14521|1|15|58.65784|26.3|588|76864.14|15890|10|0.4485|336.7618|20|0.7|0.6|0.8|0.15|5|6|5|22|1|0
GBR000B14574|1|15|58.65784|13.9|181|76864.14|5527|10|0.4485|336.7618|20|0.7|0.6|0.8|0.15|5|6|5|22|1|0
GBR000B14874|1|20|223.4912|72.8|3863|600563.8|85783|10|0.4485|336.7618|20|0.7|0.6|0.8|0.15|5|6|5|22|1|0
GBR000B14974|1|15|58.65784|33.89|939|76864.14|24182|10|0.4485|336.7618|20|0.7|0.6|0.8|0.15|5|6|5|22|1|0
GBR000C16027|1|20|223.4912|57.6|2505|600563.8|58206|10|0.4485|336.7618|20|0.7|0.6|0.8|0.15|5|6|5|22|1|0
GBR000C16090|1|15|58.65784|21.2|394|76864.14|11120|10|0.4485|336.7618|20|0.7|0.6|0.8|0.15|5|6|5|22|1|0
GBR000C16193|1|15|58.65784|27.41|634|76864.14|17016|10|0.4485|336.7618|20|0.7|0.6|0.8|0.15|5|6|5|22|1|0
GBR000C16305|1|15|58.65784|40|1276|76864.14|31821|10|0.4485|336.7618|20|0.7|0.6|0.8|0.15|5|6|5|22|1|0
GBR000C16313|1|15|58.65784|21.2|394|76864.14|11120|10|0.4485|336.7618|20|0.7|0.6|0.8|0.15|5|6|5|22|1|0
GBR000C16360|1|15|58.65784|24.8|527|76864.14|14418|10|0.4485|336.7618|20|0.7|0.6|0.8|0.15|5|6|5|22|1|0
GBR000C16412|1|15|27.45231|13.44|170|733.7381|5228|10|0.4485|336.7618|20|1|0|1.1|0.15|5|6|5|22|1|0
GBR000C16444|1|15|58.65784|27.85|653|76864.14|17471|10|0.4485|336.7618|20|0.7|0.6|0.8|0.15|5|6|5|22|1|0
GBR000C16448|1|15|58.65784|13.65|175|76864.14|5363|10|0.4485|336.7618|20|0.7|0.6|0.8|0.15|5|6|5|22|1|0
GBR000C16530|1|15|58.65784|21.3|398|76864.14|11207|10|0.4485|336.7618|20|0.7|0.6|0.8|0.15|5|6|5|22|1|0
GBR000C16541|1|15|58.65784|26.5|596|76864.14|16091|10|0.4485|336.7618|20|0.7|0.6|0.8|0.15|5|6|5|22|1|0
GBR000C16561|1|15|58.65784|25.6|559|76864.14|15196|10|0.4485|336.7618|20|0.7|0.6|0.8|0.15|5|6|5|22|1|0
GBR000C16593|1|15|58.65784|34.08|949|76864.14|24407|10|0.4485|336.7618|20|0.7|0.6|0.8|0.15|5|6|5|22|1|0
GBR000C16618|1|15|27.45231|13.98|183|733.7381|5580|10|0.4485|336.7618|20|1|0|1.1|0.15|5|6|5|22|1|0
GBR000C16691|1|20|223.4912|56.17|2391|600563.8|55832|10|0.4485|336.7618|20|0.7|0.6|0.8|0.15|5|6|5|22|1|0
GBR000C16765|1|15|58.65784|12.19|142|76864.14|4447|10|0.4485|336.7618|20|0.7|0.6|0.8|0.15|5|6|5|22|1|0
GBR000C16778|1|15|58.65784|26|575|76864.14|15591|10|0.4485|336.7618|20|0.7|0.6|0.8|0.15|5|6|5|22|1|0
GBR000C16907|1|15|58.65784|26|575|76864.14|15591|10|0.4485|336.7618|20|0.7|0.6|0.8|0.15|5|6|5|22|1|0
GBR000C16926|1|15|58.65784|40.2|1288|76864.14|32084|10|0.4485|336.7618|20|0.7|0.6|0.8|0.15|5|6|5|22|1|0
GBR000C16929|1|15|58.65784|19|322|76864.14|9275|10|0.4485|336.7618|20|0.7|0.6|0.8|0.15|5|6|5|22|1|0
GBR000C17006|1|15|58.65784|24.49|515|76864.14|14120|10|0.4485|336.7618|20|0.7|0.6|0.8|0.15|5|6|5|22|1|0
GBR000C17058|1|15|58.65784|21.4|401|76864.14|11294|10|0.4485|336.7618|20|0.7|0.6|0.8|0.15|5|6|5|22|1|0
GBR000C17070|1|15|27.45231|13.76|177|733.7381|5435|10|0.4485|336.7618|20|1|0|1.1|0.15|5|6|5|22|1|0
GBR000C17088|1|15|27.45231|13.71|176|733.7381|5403|10|0.4485|336.7618|20|1|0|1.1|0.15|5|6|5|22|1|0
GBR000C17121|1|15|58.65784|21.3|398|76864.14|11207|10|0.4485|336.7618|20|0.7|0.6|0.8|0.15|5|6|5|22|1|0
GBR000C17208|1|15|58.65784|19.9|351|76864.14|10013|10|0.4485|336.7618|20|0.7|0.6|0.8|0.15|5|6|5|22|1|0
GBR000C17250|1|15|58.65784|16.7|254|76864.14|7490|10|0.4485|336.7618|20|0.7|0.6|0.8|0.15|5|6|5|22|1|0
GBR000C17259|1|15|58.65784|19.92|351|76864.14|10030|10|0.4485|336.7618|20|0.7|0.6|0.8|0.15|5|6|5|22|1|0
GBR000C17269|1|15|58.65784|19.9|351|76864.14|10013|10|0.4485|336.7618|20|0.7|0.6|0.8|0.15|5|6|5|22|1|0
GBR000C17299|1|15|58.65784|16.7|254|76864.14|7490|10|0.4485|336.7618|20|0.7|0.6|0.8|0.15|5|6|5|22|1|0
GBR000C17344|1|15|138.8899|26|575|247616.9|15591|10|0.4485|336.7618|20|0.7|0.6|0.8|0.15|5|6|5|22|1|0
GBR000C17362|1|15|58.65784|23.95|494|76864.14|13609|10|0.4485|336.7618|20|0.7|0.6|0.8|0.15|5|6|5|22|1|0
GBR000C17373|1|15|58.65784|16.77|256|76864.14|7542|10|0.4485|336.7618|20|0.7|0.6|0.8|0.15|5|6|5|22|1|0
GBR000C17382|1|15|58.65784|14.94|206|76864.14|6229|10|0.4485|336.7618|20|0.7|0.6|0.8|0.15|5|6|5|22|1|0
GBR000C17416|1|15|58.65784|23.95|494|76864.14|13609|10|0.4485|336.7618|20|0.7|0.6|0.8|0.15|5|6|5|22|1|0
GBR000C17439|1|15|58.65784|17.99|291|76864.14|8472|10|0.4485|336.7618|20|0.7|0.6|0.8|0.15|5|6|5|22|1|0
GBR000C17620|1|15|27.45231|13.95|182|733.7381|5560|10|0.4485|336.7618|20|1|0|1.1|0.15|5|6|5|22|1|0
GBR000C17670|1|15|58.65784|40.2|1288|76864.14|32084|10|0.4485|336.7618|20|0.7|0.6|0.8|0.15|5|6|5|22|1|0
GBR000C17723|1|15|58.65784|19.01|322|76864.14|9283|10|0.4485|336.7618|20|0.7|0.6|0.8|0.15|5|6|5|22|1|0
GBR000C17873|1|15|58.65784|14.85|204|76864.14|6167|10|0.4485|336.7618|20|0.7|0.6|0.8|0.15|5|6|5|22|1|0
GBR000C17932|1|15|27.45231|13.94|182|733.7381|5553|10|0.4485|336.7618|20|1|0|1.1|0.15|5|6|5|22|1|0
GBR000C17961|1|15|58.65784|64|3044|76864.14|69302|10|0.4485|336.7618|20|0.7|0.6|0.8|0.15|5|6|5|22|1|0
GBR000C18082|1|15|58.65784|19.9|351|76864.14|10013|10|0.4485|336.7618|20|0.7|0.6|0.8|0.15|5|6|5|22|1|0
GBR000C18113|1|20|223.4912|69.7|3564|600563.8|79819|10|0.4485|336.7618|20|0.7|0.6|0.8|0.15|5|6|5|22|1|0
GBR000C18160|1|20|223.4912|65|3132|600563.8|71104|10|0.4485|336.7618|20|0.7|0.6|0.8|0.15|5|6|5|22|1|0
GBR000C18266|1|15|58.65784|14.95|207|76864.14|6236|10|0.4485|336.7618|20|0.7|0.6|0.8|0.15|5|6|5|22|1|0
GBR000C18297|1|20|223.4912|76.43|4227|600563.8|92982|10|0.4485|336.7618|20|0.7|0.6|0.8|0.15|5|6|5|22|1|0
GBR000C18340|1|15|58.65784|18.6|310|76864.14|8953|10|0.4485|336.7618|20|0.7|0.6|0.8|0.15|5|6|5|22|1|0
GBR000C18387|1|15|27.45231|14.52|196|733.7381|5941|10|0.4485|336.7618|20|1|0|1.1|0.15|5|6|5|22|1|0
GBR000C18411|1|15|58.65784|44.98|1585|76864.14|38646|10|0.4485|336.7618|20|0.7|0.6|0.8|0.15|5|6|5|22|1|0
GBR000C18840|1|15|58.65784|15.53|222|76864.14|6641|10|0.4485|336.7618|20|0.7|0.6|0.8|0.15|5|6|5|22|1|0
GBR000C18898|1|20|223.4912|71.2|3707|600563.8|82683|10|0.4485|336.7618|20|0.7|0.6|0.8|0.15|5|6|5|22|1|0
GBR000C18943|1|20|223.4912|71.96|3781|600563.8|84150|10|0.4485|336.7618|20|0.7|0.6|0.8|0.15|5|6|5|22|1|0
GBR000C19037|1|15|58.65784|19.32|332|76864.14|9535|10|0.4485|336.7618|20|0.7|0.6|0.8|0.15|5|6|5|22|1|0
GBR000C19096|1|15|58.65784|19.95|352|76864.14|10055|10|0.4485|336.7618|20|0.7|0.6|0.8|0.15|5|6|5|22|1|0
GBR000C19118|1|15|45.80608|23.07|461|75796.98|12791|10|0.4485|336.7618|20|0.7|0.6|0.8|0.15|5|6|5|22|1|0
GBR000C19184|1|15|58.65784|18.6|310|76864.14|8953|10|0.4485|336.7618|20|0.7|0.6|0.8|0.15|5|6|5|22|1|0
GBR000C19210|1|15|58.65784|24.4|511|76864.14|14035|10|0.4485|336.7618|20|0.7|0.6|0.8|0.15|5|6|5|22|1|0
GBR000C19213|1|15|58.65784|14.3|190|76864.14|5793|10|0.4485|336.7618|20|0.7|0.6|0.8|0.15|5|6|5|22|1|0
GBR000C19259|1|15|58.65784|20.4|367|76864.14|10433|10|0.4485|336.7618|20|0.7|0.6|0.8|0.15|5|6|5|22|1|0
GBR000C19284|1|20|223.4912|65.48|3175|600563.8|71976|10|0.4485|336.7618|20|0.7|0.6|0.8|0.15|5|6|5|22|1|0
GBR000C19362|1|15|58.65784|19.05|324|76864.14|9315|10|0.4485|336.7618|20|0.7|0.6|0.8|0.15|5|6|5|22|1|0
GBR000C19388|1|15|58.65784|19|322|76864.14|9275|10|0.4485|336.7618|20|0.7|0.6|0.8|0.15|5|6|5|22|1|0
GBR000C19403|1|15|58.65784|18.95|320|76864.14|9234|10|0.4485|336.7618|20|0.7|0.6|0.8|0.15|5|6|5|22|1|0
GBR000C19453|1|15|58.65784|28.96|702|76864.14|18639|10|0.4485|336.7618|20|0.7|0.6|0.8|0.15|5|6|5|22|1|0
GBR000C19580|1|15|58.65784|21.67|411|76864.14|11531|10|0.4485|336.7618|20|0.7|0.6|0.8|0.15|5|6|5|22|1|0
GBR000C19588|1|15|138.8899|32.9|889|247616.9|23023|10|0.4485|336.7618|20|0.7|0.6|0.8|0.15|5|6|5|22|1|0
GBR000C19616|1|15|58.65784|23|459|76864.14|12726|10|0.4485|336.7618|20|0.7|0.6|0.8|0.15|5|6|5|22|1|0
GBR000C19621|1|15|58.65784|21.22|395|76864.14|11137|10|0.4485|336.7618|20|0.7|0.6|0.8|0.15|5|6|5|22|1|0
GBR000C19627|1|15|58.65784|18.95|320|76864.14|9234|10|0.4485|336.7618|20|0.7|0.6|0.8|0.15|5|6|5|22|1|0
GBR000C19650|1|15|58.65784|19.07|324|76864.14|9331|10|0.4485|336.7618|20|0.7|0.6|0.8|0.15|5|6|5|22|1|0
GBR000C19651|1|15|58.65784|21.22|395|76864.14|11137|10|0.4485|336.7618|20|0.7|0.6|0.8|0.15|5|6|5|22|1|0
GBR000C19717|1|15|58.65784|73.4|3922|76864.14|86957|10|0.4485|336.7618|20|0.7|0.6|0.8|0.15|5|6|5|22|1|0
GBR000C19786|1|15|58.65784|16.75|255|76864.14|7527|10|0.4485|336.7618|20|0.7|0.6|0.8|0.15|5|6|5|22|1|0
GBR000C19853|1|15|58.65784|12.66|152|76864.14|4735|10|0.4485|336.7618|20|0.7|0.6|0.8|0.15|5|6|5|22|1|0
GBR000C19881|1|15|58.65784|14|183|76864.14|5593|10|0.4485|336.7618|20|0.7|0.6|0.8|0.15|5|6|5|22|1|0
GBR000C20298|1|15|27.45231|14.95|207|733.7381|6236|10|0.4485|336.7618|20|1|0|1.1|0.15|5|6|5|22|1|0
GBR000C20315|1|15|58.65784|23|459|76864.14|12726|10|0.4485|336.7618|20|0.7|0.6|0.8|0.15|5|6|5|22|1|0
GBR000C20442|1|15|58.65784|23|459|76864.14|12726|10|0.4485|336.7618|20|0.7|0.6|0.8|0.15|5|6|5|22|1|0
GBR000C20469|1|20|223.4912|38.1|1166|600563.8|29357|10|0.4485|336.7618|20|0.7|0.6|0.8|0.15|5|6|5|22|1|0
GBR000C20486|1|15|58.65784|13.65|175|76864.14|5363|10|0.4485|336.7618|20|0.7|0.6|0.8|0.15|5|6|5|22|1|0
GBR000C20512|1|15|58.65784|86.06|5264|76864.14|113174|10|0.4485|336.7618|20|0.7|0.6|0.8|0.15|5|6|5|22|1|0
GBR000C20526|1|15|58.65784|13.96|182|76864.14|5567|10|0.4485|336.7618|20|0.7|0.6|0.8|0.15|5|6|5|22|1|0
GBR000C20604|1|15|58.65784|23.95|494|76864.14|13609|10|0.4485|336.7618|20|0.7|0.6|0.8|0.15|5|6|5|22|1|0
GBR000C20705|1|15|58.65784|26.01|576|76864.14|15601|10|0.4485|336.7618|20|0.7|0.6|0.8|0.15|5|6|5|22|1|0
GBR000C20787|1|15|58.65784|21.5|405|76864.14|11381|10|0.4485|336.7618|20|0.7|0.6|0.8|0.15|5|6|5|22|1|0
GBR000C20831|1|15|138.8899|27.07|620|247616.9|16668|10|0.4485|336.7618|20|0.7|0.6|0.8|0.15|5|6|5|22|1|0
GBR000C20844|1|15|58.65784|24|496|76864.14|13656|10|0.4485|336.7618|20|0.7|0.6|0.8|0.15|5|6|5|22|1|0
GBR000C20868|1|15|58.65784|24.03|497|76864.14|13684|10|0.4485|336.7618|20|0.7|0.6|0.8|0.15|5|6|5|22|1|0
GBR000C20910|1|15|58.65784|24|496|76864.14|13656|10|0.4485|336.7618|20|0.7|0.6|0.8|0.15|5|6|5|22|1|0
GBR000C20913|1|20|223.4912|78.75|4467|600563.8|97702|10|0.4485|336.7618|20|0.7|0.6|0.8|0.15|5|6|5|22|1|0
GBR000C20919|1|15|58.65784|75.4|4122|76864.14|90916|10|0.4485|336.7618|20|0.7|0.6|0.8|0.15|5|6|5|22|1|0
GBR000C20938|1|15|138.8899|27.5|638|247616.9|17109|10|0.4485|336.7618|20|0.7|0.6|0.8|0.15|5|6|5|22|1|0
GBR000C20952|1|15|138.8899|27.5|638|247616.9|17109|10|0.4485|336.7618|20|0.7|0.6|0.8|0.15|5|6|5|22|1|0
GBR000C20965|1|20|223.4912|78.75|4467|600563.8|97702|10|0.4485|336.7618|20|0.7|0.6|0.8|0.15|5|6|5|22|1|0
GBR000C20966|1|15|58.65784|14.98|207|76864.14|6256|10|0.4485|336.7618|20|0.7|0.6|0.8|0.15|5|6|5|22|1|0
GBR000C20969|1|15|138.8899|28.62|687|247616.9|18278|10|0.4485|336.7618|20|0.7|0.6|0.8|0.15|5|6|5|22|1|0
GBR000C20972|1|15|58.65784|19.37|334|76864.14|9576|10|0.4485|336.7618|20|0.7|0.6|0.8|0.15|5|6|5|22|1|0
GBR000C20973|1|20|223.4912|69.95|3588|600563.8|80293|10|0.4485|336.7618|20|0.7|0.6|0.8|0.15|5|6|5|22|1|0
GBR000C21004|1|15|58.65784|29.8|740|76864.14|19543|10|0.4485|336.7618|20|0.7|0.6|0.8|0.15|5|6|5|22|1|0
GBR000C21046|1|15|58.65784|28|660|76864.14|17627|10|0.4485|336.7618|20|0.7|0.6|0.8|0.15|5|6|5|22|1|0
GBR000C21082|1|15|58.65784|24|496|76864.14|13656|10|0.4485|336.7618|20|0.7|0.6|0.8|0.15|5|6|5|22|1|0
IRL000I01195|1|15|58.65784|48.6|1829|76864.14|43931|10|0.4485|336.7618|20|0.7|0.6|0.8|0.15|5|6|5|22|1|0
IRL000I11722|1|15|58.65784|29.8|740|76864.14|19543|10|0.4485|336.7618|20|0.7|0.6|0.8|0.15|5|6|5|22|1|0
IRL000I13015|1|15|58.65784|23.95|494|76864.14|13609|10|0.4485|336.7618|20|0.7|0.6|0.8|0.15|5|6|5|22|1|0
NLD192500979|1|10|19.85211|19.08|325|476.5759|9339|10|0.4485|336.7618|20|1|0|1.1|0.15|5|6|5|22|1|0
NLD192700506|1|10|19.85211|20|354|476.5759|10097|10|0.4485|336.7618|20|1|0|1.1|0.15|5|6|5|22|1|0
NLD192802117|1|20|223.4912|27.65|645|600563.8|17264|10|0.4485|336.7618|20|0.7|0.6|0.8|0.15|5|6|5|22|1|0
NLD194700660|1|20|223.4912|16.59|251|600563.8|7409|10|0.4485|336.7618|20|0.7|0.6|0.8|0.15|5|6|5|22|1|0
NLD194900919|1|10|19.85211|17.35|272|476.5759|7979|10|0.4485|336.7618|20|1|0|1.1|0.15|5|6|5|22|1|0
NLD194902638|1|20|223.4912|30.85|789|600563.8|20696|10|0.4485|336.7618|20|0.7|0.6|0.8|0.15|5|6|5|22|1|0
NLD196501111|1|15|58.65784|14.2|188|76864.14|5726|10|0.4485|336.7618|20|0.7|0.6|0.8|0.15|5|6|5|22|1|0
NLD196700682|1|15|58.65784|28.6|686|76864.14|18257|10|0.4485|336.7618|20|0.7|0.6|0.8|0.15|5|6|5|22|1|0
NLD196800510|1|10|19.85211|14.96|207|476.5759|6242|10|0.4485|336.7618|20|1|0|1.1|0.15|5|6|5|22|1|0
NLD196901896|1|15|58.65784|29.2|713|76864.14|18896|10|0.4485|336.7618|20|0.7|0.6|0.8|0.15|5|6|5|22|1|0
NLD197600125|1|10|19.85211|16.05|236|476.5759|7014|10|0.4485|336.7618|20|1|0|1.1|0.15|5|6|5|22|1|0
NLD198000455|1|15|58.65784|35.34|1015|76864.14|25919|10|0.4485|336.7618|20|0.7|0.6|0.8|0.15|5|6|5|22|1|0
NLD198000872|1|15|58.65784|30.05|752|76864.14|19815|10|0.4485|336.7618|20|0.7|0.6|0.8|0.15|5|6|5|22|1|0
NLD198400288|1|15|58.65784|24.44|513|76864.14|14073|10|0.4485|336.7618|20|0.7|0.6|0.8|0.15|5|6|5|22|1|0
NLD198400611|1|15|58.65784|41.08|1341|76864.14|33256|10|0.4485|336.7618|20|0.7|0.6|0.8|0.15|5|6|5|22|1|0
NLD198400797|1|10|19.85211|14.05|184|476.5759|5626|10|0.4485|336.7618|20|1|0|1.1|0.15|5|6|5|22|1|0
NLD198600295|1|15|58.65784|25|535|76864.14|14611|10|0.4485|336.7618|20|0.7|0.6|0.8|0.15|5|6|5|22|1|0
NLD198700088|1|15|138.8899|35.79|1039|247616.9|26468|10|0.4485|336.7618|20|0.7|0.6|0.8|0.15|5|6|5|22|1|0
NLD198700281|1|15|58.65784|37.99|1160|76864.14|29216|10|0.4485|336.7618|20|0.7|0.6|0.8|0.15|5|6|5|22|1|0
NLD198700501|1|10|19.85211|20.34|365|476.5759|10383|10|0.4485|336.7618|20|1|0|1.1|0.15|5|6|5|22|1|0
NLD198700827|1|15|58.65784|30.04|751|76864.14|19804|10|0.4485|336.7618|20|0.7|0.6|0.8|0.15|5|6|5|22|1|0
NLD199001509|1|15|58.65784|28.42|678|76864.14|18067|10|0.4485|336.7618|20|0.7|0.6|0.8|0.15|5|6|5|22|1|0
NLD199102675|1|10|19.85211|12.4|146|476.5759|4575|10|0.4485|336.7618|20|1|0|1.1|0.15|5|6|5|22|1|0
NLD199201710|1|20|223.4912|41.99|1396|600563.8|34485|10|0.4485|336.7618|20|0.7|0.6|0.8|0.15|5|6|5|22|1|0
NLD199201750|1|15|58.65784|43.99|1521|76864.14|37247|10|0.4485|336.7618|20|0.7|0.6|0.8|0.15|5|6|5|22|1|0
NLD199301821|1|15|58.65784|40.9|1330|76864.14|33015|10|0.4485|336.7618|20|0.7|0.6|0.8|0.15|5|6|5|22|1|0
NLD199301890|1|20|223.4912|42.36|1419|600563.8|34989|10|0.4485|336.7618|20|0.7|0.6|0.8|0.15|5|6|5|22|1|0
NLD199401869|1|15|58.65784|44.03|1524|76864.14|37303|10|0.4485|336.7618|20|0.7|0.6|0.8|0.15|5|6|5|22|1|0
NLD199401870|1|15|58.65784|41.8|1384|76864.14|34227|10|0.4485|336.7618|20|0.7|0.6|0.8|0.15|5|6|5|22|1|0
NLD199502077|1|10|19.85211|15.9|232|476.5759|6905|10|0.4485|336.7618|20|1|0|1.1|0.15|5|6|5|22|1|0
NLD199702111|1|15|138.8899|33.55|922|247616.9|23781|10|0.4485|336.7618|20|0.7|0.6|0.8|0.15|5|6|5|22|1|0
NLD199702114|1|15|27.45231|14.91|206|733.7381|6208|10|0.4485|336.7618|20|1|0|1.1|0.15|5|6|5|22|1|0
NLD199702134|1|15|58.65784|42.36|1419|76864.14|34989|10|0.4485|336.7618|20|0.7|0.6|0.8|0.15|5|6|5|22|1|0
NLD199802170|1|15|58.65784|42.46|1425|76864.14|35126|10|0.4485|336.7618|20|0.7|0.6|0.8|0.15|5|6|5|22|1|0
NLD200113658|1|15|138.8899|31.67|829|247616.9|21615|10|0.4485|336.7618|20|0.7|0.6|0.8|0.15|5|6|5|22|1|0
NLD200502708|1|15|27.45231|14.92|206|733.7381|6215|10|0.4485|336.7618|20|1|0|1.1|0.15|5|6|5|22|1|0
NLD200601985|1|15|138.8899|28.3|673|247616.9|17941|10|0.4485|336.7618|20|0.7|0.6|0.8|0.15|5|6|5|22|1|0
NLD201001155|1|15|58.65784|28.5|682|76864.14|18151|10|0.4485|336.7618|20|0.7|0.6|0.8|0.15|5|6|5|22|1|0
NLD201740082|1|15|58.65784|32|845|76864.14|21990|10|0.4485|336.7618|20|0.7|0.6|0.8|0.15|5|6|5|22|1|0
SWE000000018|1|15|58.65784|19.38|334|76864.14|9584|10|0.4485|336.7618|20|0.7|0.6|0.8|0.15|5|6|5|22|1|0
SWE000000037|1|15|58.65784|17.04|263|76864.14|7744|10|0.4485|336.7618|20|0.7|0.6|0.8|0.15|5|6|5|22|1|0
SWE000000038|1|15|58.65784|15.64|225|76864.14|6719|10|0.4485|336.7618|20|0.7|0.6|0.8|0.15|5|6|5|22|1|0
SWE000000043|1|15|58.65784|31.74|832|76864.14|21695|10|0.4485|336.7618|20|0.7|0.6|0.8|0.15|5|6|5|22|1|0
SWE000000046|1|15|58.65784|15.29|215|76864.14|6472|10|0.4485|336.7618|20|0.7|0.6|0.8|0.15|5|6|5|22|1|0
SWE000000052|1|15|58.65784|17.14|266|76864.14|7820|10|0.4485|336.7618|20|0.7|0.6|0.8|0.15|5|6|5|22|1|0
SWE000000055|1|20|223.4912|34.98|996|600563.8|25483|10|0.4485|336.7618|20|0.7|0.6|0.8|0.15|5|6|5|22|1|0
SWE000000056|1|15|58.65784|32.45|867|76864.14|22504|10|0.4485|336.7618|20|0.7|0.6|0.8|0.15|5|6|5|22|1|0
SWE000000058|1|15|58.65784|14.91|206|76864.14|6208|10|0.4485|336.7618|20|0.7|0.6|0.8|0.15|5|6|5|22|1|0
SWE000000067|1|15|58.65784|26.05|577|76864.14|15641|10|0.4485|336.7618|20|0.7|0.6|0.8|0.15|5|6|5|22|1|0
SWE000000084|1|15|58.65784|15.44|219|76864.14|6578|10|0.4485|336.7618|20|0.7|0.6|0.8|0.15|5|6|5|22|1|0
SWE000000140|1|15|58.65784|12.9|157|76864.14|4884|10|0.4485|336.7618|20|0.7|0.6|0.8|0.15|5|6|5|22|1|0
SWE000000203|1|15|58.65784|14.88|205|76864.14|6187|10|0.4485|336.7618|20|0.7|0.6|0.8|0.15|5|6|5|22|1|0
SWE000006572|1|15|58.65784|15.73|227|76864.14|6783|10|0.4485|336.7618|20|0.7|0.6|0.8|0.15|5|6|5|22|1|0
SWE000006727|1|15|58.65784|13.83|179|76864.14|5481|10|0.4485|336.7618|20|0.7|0.6|0.8|0.15|5|6|5|22|1|0
SWE000006738|1|20|223.4912|33.85|937|600563.8|24135|10|0.4485|336.7618|20|0.7|0.6|0.8|0.15|5|6|5|22|1|0
SWE000006742|1|15|58.65784|32.06|848|76864.14|22058|10|0.4485|336.7618|20|0.7|0.6|0.8|0.15|5|6|5|22|1|0
SWE000006770|1|15|58.65784|17.09|265|76864.14|7782|10|0.4485|336.7618|20|0.7|0.6|0.8|0.15|5|6|5|22|1|0
SWE000006802|1|15|58.65784|32.31|860|76864.14|22344|10|0.4485|336.7618|20|0.7|0.6|0.8|0.15|5|6|5|22|1|0
SWE000006814|1|15|58.65784|16.57|250|76864.14|7394|10|0.4485|336.7618|20|0.7|0.6|0.8|0.15|5|6|5|22|1|0
SWE000006821|1|15|58.65784|13.02|160|76864.14|4960|10|0.4485|336.7618|20|0.7|0.6|0.8|0.15|5|6|5|22|1|0
SWE000006864|1|10|19.85211|14.3|190|476.5759|5793|10|0.4485|336.7618|20|1|0|1.1|0.15|5|6|5|22|1|0
SWE000006904|1|15|58.65784|16.72|254|76864.14|7505|10|0.4485|336.7618|20|0.7|0.6|0.8|0.15|5|6|5|22|1|0
SWE000006932|1|15|58.65784|12.5|148|76864.14|4636|10|0.4485|336.7618|20|0.7|0.6|0.8|0.15|5|6|5|22|1|0
SWE000006939|1|15|58.65784|14.25|189|76864.14|5760|10|0.4485|336.7618|20|0.7|0.6|0.8|0.15|5|6|5|22|1|0
SWE000006950|1|15|58.65784|15.35|217|76864.14|6514|10|0.4485|336.7618|20|0.7|0.6|0.8|0.15|5|6|5|22|1|0
SWE000006955|1|15|58.65784|16.58|250|76864.14|7401|10|0.4485|336.7618|20|0.7|0.6|0.8|0.15|5|6|5|22|1|0
SWE000006967|1|15|58.65784|17.23|269|76864.14|7888|10|0.4485|336.7618|20|0.7|0.6|0.8|0.15|5|6|5|22|1|0
SWE000006970|1|15|58.65784|14.42|193|76864.14|5874|10|0.4485|336.7618|20|0.7|0.6|0.8|0.15|5|6|5|22|1|0
SWE000007014|1|15|58.65784|14.26|189|76864.14|5766|10|0.4485|336.7618|20|0.7|0.6|0.8|0.15|5|6|5|22|1|0
SWE000007023|1|15|58.65784|16.95|261|76864.14|7677|10|0.4485|336.7618|20|0.7|0.6|0.8|0.15|5|6|5|22|1|0
SWE000007033|1|15|58.65784|12|138|76864.14|4333|10|0.4485|336.7618|20|0.7|0.6|0.8|0.15|5|6|5|22|1|0
SWE000007060|1|15|58.65784|25.91|572|76864.14|15502|10|0.4485|336.7618|20|0.7|0.6|0.8|0.15|5|6|5|22|1|0
SWE000007061|1|15|58.65784|18.88|318|76864.14|9178|10|0.4485|336.7618|20|0.7|0.6|0.8|0.15|5|6|5|22|1|0
SWE000007075|1|15|58.65784|17.85|287|76864.14|8363|10|0.4485|336.7618|20|0.7|0.6|0.8|0.15|5|6|5|22|1|0
SWE000007085|1|15|58.65784|12.48|148|76864.14|4624|10|0.4485|336.7618|20|0.7|0.6|0.8|0.15|5|6|5|22|1|0
SWE000007088|1|15|58.65784|16.81|257|76864.14|7572|10|0.4485|336.7618|20|0.7|0.6|0.8|0.15|5|6|5|22|1|0
SWE000007095|1|15|58.65784|25.77|566|76864.14|15363|10|0.4485|336.7618|20|0.7|0.6|0.8|0.15|5|6|5|22|1|0
SWE000007104|1|15|58.65784|27.78|650|76864.14|17398|10|0.4485|336.7618|20|0.7|0.6|0.8|0.15|5|6|5|22|1|0
SWE000007113|1|15|58.65784|17.94|290|76864.14|8433|10|0.4485|336.7618|20|0.7|0.6|0.8|0.15|5|6|5|22|1|0
SWE000007116|1|15|58.65784|33|894|76864.14|23139|10|0.4485|336.7618|20|0.7|0.6|0.8|0.15|5|6|5|22|1|0
SWE000007130|1|15|58.65784|18.06|293|76864.14|8527|10|0.4485|336.7618|20|0.7|0.6|0.8|0.15|5|6|5|22|1|0
SWE000007133|1|15|58.65784|16.94|260|76864.14|7669|10|0.4485|336.7618|20|0.7|0.6|0.8|0.15|5|6|5|22|1|0
SWE000007147|1|15|58.65784|16.74|255|76864.14|7520|10|0.4485|336.7618|20|0.7|0.6|0.8|0.15|5|6|5|22|1|0
SWE000007149|1|10|19.85211|16.6|251|476.5759|7416|10|0.4485|336.7618|20|1|0|1.1|0.15|5|6|5|22|1|0
SWE000007157|1|15|58.65784|26|575|76864.14|15591|10|0.4485|336.7618|20|0.7|0.6|0.8|0.15|5|6|5|22|1|0
SWE000007160|1|15|58.65784|28.96|702|76864.14|18639|10|0.4485|336.7618|20|0.7|0.6|0.8|0.15|5|6|5|22|1|0
SWE000007162|1|15|58.65784|22.62|445|76864.14|12380|10|0.4485|336.7618|20|0.7|0.6|0.8|0.15|5|6|5|22|1|0
SWE000007170|1|15|58.65784|23.96|495|76864.14|13618|10|0.4485|336.7618|20|0.7|0.6|0.8|0.15|5|6|5|22|1|0
SWE000007180|1|15|58.65784|13.75|177|76864.14|5429|10|0.4485|336.7618|20|0.7|0.6|0.8|0.15|5|6|5|22|1|0
SWE000007181|1|15|58.65784|48.85|1847|76864.14|44306|10|0.4485|336.7618|20|0.7|0.6|0.8|0.15|5|6|5|22|1|0
SWE000007185|1|15|58.65784|18.25|299|76864.14|8676|10|0.4485|336.7618|20|0.7|0.6|0.8|0.15|5|6|5|22|1|0
SWE000007189|1|15|58.65784|17.28|270|76864.14|7926|10|0.4485|336.7618|20|0.7|0.6|0.8|0.15|5|6|5|22|1|0
SWE000007192|1|15|58.65784|14.89|205|76864.14|6194|10|0.4485|336.7618|20|0.7|0.6|0.8|0.15|5|6|5|22|1|0
SWE000007195|1|15|58.65784|14.96|207|76864.14|6242|10|0.4485|336.7618|20|0.7|0.6|0.8|0.15|5|6|5|22|1|0
SWE000007201|1|15|58.65784|14.04|184|76864.14|5620|10|0.4485|336.7618|20|0.7|0.6|0.8|0.15|5|6|5|22|1|0
SWE000007202|1|15|58.65784|14.04|184|76864.14|5620|10|0.4485|336.7618|20|0.7|0.6|0.8|0.15|5|6|5|22|1|0
SWE000007210|1|15|58.65784|17.01|262|76864.14|7722|10|0.4485|336.7618|20|0.7|0.6|0.8|0.15|5|6|5|22|1|0
SWE000007212|1|15|58.65784|18.04|293|76864.14|8511|10|0.4485|336.7618|20|0.7|0.6|0.8|0.15|5|6|5|22|1|0
SWE000007214|1|15|58.65784|21.44|403|76864.14|11329|10|0.4485|336.7618|20|0.7|0.6|0.8|0.15|5|6|5|22|1|0
SWE000007220|1|15|58.65784|12.96|159|76864.14|4922|10|0.4485|336.7618|20|0.7|0.6|0.8|0.15|5|6|5|22|1|0
SWE000007233|1|15|58.65784|23.91|493|76864.14|13571|10|0.4485|336.7618|20|0.7|0.6|0.8|0.15|5|6|5|22|1|0
SWE000007245|1|15|58.65784|22.15|428|76864.14|11957|10|0.4485|336.7618|20|0.7|0.6|0.8|0.15|5|6|5|22|1|0
SWE000007246|1|15|58.65784|13.5|171|76864.14|5266|10|0.4485|336.7618|20|0.7|0.6|0.8|0.15|5|6|5|22|1|0
SWE000007247|1|15|58.65784|15.1|211|76864.14|6339|10|0.4485|336.7618|20|0.7|0.6|0.8|0.15|5|6|5|22|1|0
SWE000007285|1|15|58.65784|18.58|309|76864.14|8937|10|0.4485|336.7618|20|0.7|0.6|0.8|0.15|5|6|5|22|1|0
SWE000007315|1|15|58.65784|22.15|428|76864.14|11957|10|0.4485|336.7618|20|0.7|0.6|0.8|0.15|5|6|5|22|1|0
SWE000007772|1|10|19.85211|13.54|172|476.5759|5292|10|0.4485|336.7618|20|1|0|1.1|0.15|5|6|5|22|1|0
SWE000007778|1|15|58.65784|19.2|328|76864.14|9437|10|0.4485|336.7618|20|0.7|0.6|0.8|0.15|5|6|5|22|1|0
SWE000007807|1|15|58.65784|23.97|495|76864.14|13627|10|0.4485|336.7618|20|0.7|0.6|0.8|0.15|5|6|5|22|1|0
SWE000007931|1|20|223.4912|42|1397|600563.8|34498|10|0.4485|336.7618|20|0.7|0.6|0.8|0.15|5|6|5|22|1|0
SWE000008018|1|15|58.65784|17.65|281|76864.14|8209|10|0.4485|336.7618|20|0.7|0.6|0.8|0.15|5|6|5|22|1|0
SWE000008025|1|15|58.65784|36.28|1065|76864.14|27071|10|0.4485|336.7618|20|0.7|0.6|0.8|0.15|5|6|5|22|1|0
SWE000008077|1|15|58.65784|35.12|1003|76864.14|25653|10|0.4485|336.7618|20|0.7|0.6|0.8|0.15|5|6|5|22|1|0
SWE000008113|1|15|58.65784|23.55|479|76864.14|13234|10|0.4485|336.7618|20|0.7|0.6|0.8|0.15|5|6|5|22|1|0
SWE000008123|1|20|223.4912|45.22|1601|600563.8|38988|10|0.4485|336.7618|20|0.7|0.6|0.8|0.15|5|6|5|22|1|0
SWE000008129|1|15|58.65784|22.98|458|76864.14|12708|10|0.4485|336.7618|20|0.7|0.6|0.8|0.15|5|6|5|22|1|0
SWE000008144|1|15|58.65784|18.49|306|76864.14|8866|10|0.4485|336.7618|20|0.7|0.6|0.8|0.15|5|6|5|22|1|0
SWE000008155|1|15|58.65784|14.55|197|76864.14|5962|10|0.4485|336.7618|20|0.7|0.6|0.8|0.15|5|6|5|22|1|0
SWE000008160|1|15|58.65784|21.96|421|76864.14|11788|10|0.4485|336.7618|20|0.7|0.6|0.8|0.15|5|6|5|22|1|0
SWE000008201|1|15|58.65784|14.95|207|76864.14|6236|10|0.4485|336.7618|20|0.7|0.6|0.8|0.15|5|6|5|22|1|0
SWE000008215|1|15|58.65784|14.99|208|76864.14|6263|10|0.4485|336.7618|20|0.7|0.6|0.8|0.15|5|6|5|22|1|0
SWE000008244|1|15|58.65784|33.34|911|76864.14|23535|10|0.4485|336.7618|20|0.7|0.6|0.8|0.15|5|6|5|22|1|0
SWE000008319|1|20|223.4912|39.78|1263|600563.8|31531|10|0.4485|336.7618|20|0.7|0.6|0.8|0.15|5|6|5|22|1|0
SWE000008327|1|15|58.65784|12.35|145|76864.14|4544|10|0.4485|336.7618|20|0.7|0.6|0.8|0.15|5|6|5|22|1|0
SWE000008442|1|15|58.65784|29.77|739|76864.14|19510|10|0.4485|336.7618|20|0.7|0.6|0.8|0.15|5|6|5|22|1|0
SWE000008466|1|15|58.65784|12.21|142|76864.14|4459|10|0.4485|336.7618|20|0.7|0.6|0.8|0.15|5|6|5|22|1|0
SWE000009010|1|15|58.65784|13.02|160|76864.14|4960|10|0.4485|336.7618|20|0.7|0.6|0.8|0.15|5|6|5|22|1|0
SWE000009445|1|15|58.65784|47.48|1752|76864.14|42267|10|0.4485|336.7618|20|0.7|0.6|0.8|0.15|5|6|5|22|1|0
SWE000009567|1|15|58.65784|23.93|493|76864.14|13590|10|0.4485|336.7618|20|0.7|0.6|0.8|0.15|5|6|5|22|1|0
SWE000009763|1|15|58.65784|43.85|1513|76864.14|37051|10|0.4485|336.7618|20|0.7|0.6|0.8|0.15|5|6|5|22|1|0
SWE000010025|1|15|58.65784|49.84|1917|76864.14|45803|10|0.4485|336.7618|20|0.7|0.6|0.8|0.15|5|6|5|22|1|0
SWE000010046|1|20|223.4912|61.75|2849|600563.8|65313|10|0.4485|336.7618|20|0.7|0.6|0.8|0.15|5|6|5|22|1|0
SWE000010126|1|15|58.65784|41.8|1384|76864.14|34227|10|0.4485|336.7618|20|0.7|0.6|0.8|0.15|5|6|5|22|1|0
SWE000010181|1|15|58.65784|16.34|244|76864.14|7225|10|0.4485|336.7618|20|0.7|0.6|0.8|0.15|5|6|5|22|1|0
SWE000010225|1|15|58.65784|14.4|193|76864.14|5860|10|0.4485|336.7618|20|0.7|0.6|0.8|0.15|5|6|5|22|1|0
SWE000010230|1|15|58.65784|63|2957|76864.14|67517|10|0.4485|336.7618|20|0.7|0.6|0.8|0.15|5|6|5|22|1|0
