0.9857012 0.0142988 0 0 0 0 0 0 0 0 0
0.5328837 0.4617288 0.0053875 0 0 0 0 0 0 0 0
0.0288699 0.7457112 0.2215139 0.0039049 0 0 0 0 0 0 0.0000001
0 0.1530121 0.6617186 0.1786719 0.0065704 0.000027 0 0 0 0 0
0 0.0011084 0.177952 0.5548121 0.2423185 0.0230086 0.0008005 0 0 0 0
0 0 0.0011811 0.0867203 0.3746439 0.3828421 0.1358539 0.0179249 0.000792 0.0000417 0.0000001
0 0 0 0.0000225 0.0074103 0.0848631 0.2254724 0.2794279 0.2377681 0.1650357 0
0 0 0 0 0 0 0.0033225 0.0511737 0.2964969 0.6490069 0
0 0 0 0 0 0 0 0 0 0 1
0 0 0 0 0 0 0 0 0 0 1
0 0 0 0 0 0 0 0 0 0 1
0 0 0 0 0 0 0 0 0 0 1
0 0 0 0 0 0 0 0 0 0 1
0 0 0 0 0 0 0 0 0 0 1
