pt_graph scale
17 0
17 6.58697348527557
17 6.58697348527557
17 6.58697348527557
17 6.58697348527557
17 31.6549969797281
17 0.448012149914317
17 0.448012149914317
17 0.0648364512406663
17 0.0648364512406663
17 0.0648364512406663
17 0
17 0.240767450196465
17 0.00783276266083695
17 0.00783276266083695
17 0.00783276266083695
17 5.26494034401813
17 0.0217723860361661
17 0.0561678897354035
17 0.0238414835600169
17 0
17 1.98388573215809
17 0
17 0
17 0
17 0
17 0
17 1.98775652953708
17 1.98775652953708
17 1.98775652953708
17 0.814842714944727
17 0
17 0
17 0
17 0.548058718847625
17 0.548058718847625
17 0
17 0
17 0.289453646956135
17 0.289453646956135
17 0.289453646956135
17 0.0251321344364447
17 0.0251321344364447
17 0.0251321344364447
17 0.0500019148861225
18 0
18 6.58697348527557
18 6.58697348527557
18 6.58697348527557
18 6.58697348527557
18 31.6549969797281
18 0.448012149914317
18 0.448012149914317
18 0.0648364512406663
18 0.0648364512406663
18 0.0648364512406663
18 0
18 0.240767450196465
18 0.00783276266083695
18 0.00783276266083695
18 0.00783276266083695
18 5.26494034401813
18 0.0217723860361661
18 0.0561678897354035
18 0.0238414835600169
18 0
18 1.98388573215809
18 0
18 0
18 0
18 0
18 0
18 1.98775652953708
18 1.98775652953708
18 1.98775652953708
18 0.814842714944727
18 0
18 0
18 0
18 0.548058718847625
18 0.548058718847625
18 0
18 0
18 0.289453646956135
18 0.289453646956135
18 0.289453646956135
18 0.0251321344364447
18 0.0251321344364447
18 0.0251321344364447
18 0.0500019148861225
19 0
19 6.58697348527557
19 6.58697348527557
19 6.58697348527557
19 6.58697348527557
19 31.6549969797281
19 0.448012149914317
19 0.448012149914317
19 0.0648364512406663
19 0.0648364512406663
19 0.0648364512406663
19 0
19 0.240767450196465
19 0.00783276266083695
19 0.00783276266083695
19 0.00783276266083695
19 5.26494034401813
19 0.0217723860361661
19 0.0561678897354035
19 0.0238414835600169
19 0
19 1.98388573215809
19 0
19 0
19 0
19 0
19 0
19 1.98775652953708
19 1.98775652953708
19 1.98775652953708
19 0.814842714944727
19 0
19 0
19 0
19 0.548058718847625
19 0.548058718847625
19 0
19 0
19 0.289453646956135
19 0.289453646956135
19 0.289453646956135
19 0.0251321344364447
19 0.0251321344364447
19 0.0251321344364447
19 0.0500019148861225
28 0
28 6.58697348527557
28 6.58697348527557
28 6.58697348527557
28 6.58697348527557
28 31.6549969797281
28 0.448012149914317
28 0.448012149914317
28 0.0648364512406663
28 0.0648364512406663
28 0.0648364512406663
28 0
28 0.240767450196465
28 0.00783276266083695
28 0.00783276266083695
28 0.00783276266083695
28 5.26494034401813
28 0.0217723860361661
28 0.0561678897354035
28 0.0238414835600169
28 0
28 1.98388573215809
28 0
28 0
28 0
28 0
28 0
28 1.98775652953708
28 1.98775652953708
28 1.98775652953708
28 0.814842714944727
28 0
28 0
28 0
28 0.548058718847625
28 0.548058718847625
28 0
28 0
28 0.289453646956135
28 0.289453646956135
28 0.289453646956135
28 0.0251321344364447
28 0.0251321344364447
28 0.0251321344364447
28 0.0500019148861225
29 0
29 6.58697348527557
29 6.58697348527557
29 6.58697348527557
29 6.58697348527557
29 31.6549969797281
29 0.448012149914317
29 0.448012149914317
29 0.0648364512406663
29 0.0648364512406663
29 0.0648364512406663
29 0
29 0.240767450196465
29 0.00783276266083695
29 0.00783276266083695
29 0.00783276266083695
29 5.26494034401813
29 0.0217723860361661
29 0.0561678897354035
29 0.0238414835600169
29 0
29 1.98388573215809
29 0
29 0
29 0
29 0
29 0
29 1.98775652953708
29 1.98775652953708
29 1.98775652953708
29 0.814842714944727
29 0
29 0
29 0
29 0.548058718847625
29 0.548058718847625
29 0
29 0
29 0.289453646956135
29 0.289453646956135
29 0.289453646956135
29 0.0251321344364447
29 0.0251321344364447
29 0.0251321344364447
29 0.0500019148861225
38 0
38 6.58697348527557
38 6.58697348527557
38 6.58697348527557
38 6.58697348527557
38 31.6549969797281
38 0.448012149914317
38 0.448012149914317
38 0.0648364512406663
38 0.0648364512406663
38 0.0648364512406663
38 0
38 0.240767450196465
38 0.00783276266083695
38 0.00783276266083695
38 0.00783276266083695
38 5.26494034401813
38 0.0217723860361661
38 0.0561678897354035
38 0.0238414835600169
38 0
38 1.98388573215809
38 0
38 0
38 0
38 0
38 0
38 1.98775652953708
38 1.98775652953708
38 1.98775652953708
38 0.814842714944727
38 0
38 0
38 0
38 0.548058718847625
38 0.548058718847625
38 0
38 0
38 0.289453646956135
38 0.289453646956135
38 0.289453646956135
38 0.0251321344364447
38 0.0251321344364447
38 0.0251321344364447
38 0.0500019148861225
39 0
39 6.58697348527557
39 6.58697348527557
39 6.58697348527557
39 6.58697348527557
39 31.6549969797281
39 0.448012149914317
39 0.448012149914317
39 0.0648364512406663
39 0.0648364512406663
39 0.0648364512406663
39 0
39 0.240767450196465
39 0.00783276266083695
39 0.00783276266083695
39 0.00783276266083695
39 5.26494034401813
39 0.0217723860361661
39 0.0561678897354035
39 0.0238414835600169
39 0
39 1.98388573215809
39 0
39 0
39 0
39 0
39 0
39 1.98775652953708
39 1.98775652953708
39 1.98775652953708
39 0.814842714944727
39 0
39 0
39 0
39 0.548058718847625
39 0.548058718847625
39 0
39 0
39 0.289453646956135
39 0.289453646956135
39 0.289453646956135
39 0.0251321344364447
39 0.0251321344364447
39 0.0251321344364447
39 0.0500019148861225
40 0
40 6.58697348527557
40 6.58697348527557
40 6.58697348527557
40 6.58697348527557
40 31.6549969797281
40 0.448012149914317
40 0.448012149914317
40 0.0648364512406663
40 0.0648364512406663
40 0.0648364512406663
40 0
40 0.240767450196465
40 0.00783276266083695
40 0.00783276266083695
40 0.00783276266083695
40 5.26494034401813
40 0.0217723860361661
40 0.0561678897354035
40 0.0238414835600169
40 0
40 1.98388573215809
40 0
40 0
40 0
40 0
40 0
40 1.98775652953708
40 1.98775652953708
40 1.98775652953708
40 0.814842714944727
40 0
40 0
40 0
40 0.548058718847625
40 0.548058718847625
40 0
40 0
40 0.289453646956135
40 0.289453646956135
40 0.289453646956135
40 0.0251321344364447
40 0.0251321344364447
40 0.0251321344364447
40 0.0500019148861225
41 0
41 6.58697348527557
41 6.58697348527557
41 6.58697348527557
41 6.58697348527557
41 31.6549969797281
41 0.448012149914317
41 0.448012149914317
41 0.0648364512406663
41 0.0648364512406663
41 0.0648364512406663
41 0
41 0.240767450196465
41 0.00783276266083695
41 0.00783276266083695
41 0.00783276266083695
41 5.26494034401813
41 0.0217723860361661
41 0.0561678897354035
41 0.0238414835600169
41 0
41 1.98388573215809
41 0
41 0
41 0
41 0
41 0
41 1.98775652953708
41 1.98775652953708
41 1.98775652953708
41 0.814842714944727
41 0
41 0
41 0
41 0.548058718847625
41 0.548058718847625
41 0
41 0
41 0.289453646956135
41 0.289453646956135
41 0.289453646956135
41 0.0251321344364447
41 0.0251321344364447
41 0.0251321344364447
41 0.0500019148861225
42 0
42 6.58697348527557
42 6.58697348527557
42 6.58697348527557
42 6.58697348527557
42 31.6549969797281
42 0.448012149914317
42 0.448012149914317
42 0.0648364512406663
42 0.0648364512406663
42 0.0648364512406663
42 0
42 0.240767450196465
42 0.00783276266083695
42 0.00783276266083695
42 0.00783276266083695
42 5.26494034401813
42 0.0217723860361661
42 0.0561678897354035
42 0.0238414835600169
42 0
42 1.98388573215809
42 0
42 0
42 0
42 0
42 0
42 1.98775652953708
42 1.98775652953708
42 1.98775652953708
42 0.814842714944727
42 0
42 0
42 0
42 0.548058718847625
42 0.548058718847625
42 0
42 0
42 0.289453646956135
42 0.289453646956135
42 0.289453646956135
42 0.0251321344364447
42 0.0251321344364447
42 0.0251321344364447
42 0.0500019148861225
52 0
52 6.58697348527557
52 6.58697348527557
52 6.58697348527557
52 6.58697348527557
52 31.6549969797281
52 0.448012149914317
52 0.448012149914317
52 0.0648364512406663
52 0.0648364512406663
52 0.0648364512406663
52 0
52 0.240767450196465
52 0.00783276266083695
52 0.00783276266083695
52 0.00783276266083695
52 5.26494034401813
52 0.0217723860361661
52 0.0561678897354035
52 0.0238414835600169
52 0
52 1.98388573215809
52 0
52 0
52 0
52 0
52 0
52 1.98775652953708
52 1.98775652953708
52 1.98775652953708
52 0.814842714944727
52 0
52 0
52 0
52 0.548058718847625
52 0.548058718847625
52 0
52 0
52 0.289453646956135
52 0.289453646956135
52 0.289453646956135
52 0.0251321344364447
52 0.0251321344364447
52 0.0251321344364447
52 0.0500019148861225
53 0
53 6.58697348527557
53 6.58697348527557
53 6.58697348527557
53 6.58697348527557
53 31.6549969797281
53 0.448012149914317
53 0.448012149914317
53 0.0648364512406663
53 0.0648364512406663
53 0.0648364512406663
53 0
53 0.240767450196465
53 0.00783276266083695
53 0.00783276266083695
53 0.00783276266083695
53 5.26494034401813
53 0.0217723860361661
53 0.0561678897354035
53 0.0238414835600169
53 0
53 1.98388573215809
53 0
53 0
53 0
53 0
53 0
53 1.98775652953708
53 1.98775652953708
53 1.98775652953708
53 0.814842714944727
53 0
53 0
53 0
53 0.548058718847625
53 0.548058718847625
53 0
53 0
53 0.289453646956135
53 0.289453646956135
53 0.289453646956135
53 0.0251321344364447
53 0.0251321344364447
53 0.0251321344364447
53 0.0500019148861225
54 0
54 6.58697348527557
54 6.58697348527557
54 6.58697348527557
54 6.58697348527557
54 31.6549969797281
54 0.448012149914317
54 0.448012149914317
54 0.0648364512406663
54 0.0648364512406663
54 0.0648364512406663
54 0
54 0.240767450196465
54 0.00783276266083695
54 0.00783276266083695
54 0.00783276266083695
54 5.26494034401813
54 0.0217723860361661
54 0.0561678897354035
54 0.0238414835600169
54 0
54 1.98388573215809
54 0
54 0
54 0
54 0
54 0
54 1.98775652953708
54 1.98775652953708
54 1.98775652953708
54 0.814842714944727
54 0
54 0
54 0
54 0.548058718847625
54 0.548058718847625
54 0
54 0
54 0.289453646956135
54 0.289453646956135
54 0.289453646956135
54 0.0251321344364447
54 0.0251321344364447
54 0.0251321344364447
54 0.0500019148861225
55 0
55 6.58697348527557
55 6.58697348527557
55 6.58697348527557
55 6.58697348527557
55 31.6549969797281
55 0.448012149914317
55 0.448012149914317
55 0.0648364512406663
55 0.0648364512406663
55 0.0648364512406663
55 0
55 0.240767450196465
55 0.00783276266083695
55 0.00783276266083695
55 0.00783276266083695
55 5.26494034401813
55 0.0217723860361661
55 0.0561678897354035
55 0.0238414835600169
55 0
55 1.98388573215809
55 0
55 0
55 0
55 0
55 0
55 1.98775652953708
55 1.98775652953708
55 1.98775652953708
55 0.814842714944727
55 0
55 0
55 0
55 0.548058718847625
55 0.548058718847625
55 0
55 0
55 0.289453646956135
55 0.289453646956135
55 0.289453646956135
55 0.0251321344364447
55 0.0251321344364447
55 0.0251321344364447
55 0.0500019148861225
