pt_graph shape
10387 1
10387 1
10387 1
10387 1
10387 1
10387 1
10387 1
10387 1
10387 1
10387 1
10387 1
10387 1
10387 1
10387 1
10387 1
10387 1
10387 1
10387 1
10387 1
10387 1
10387 1
10387 1
10387 1
10387 1
10387 1
10387 1
10387 1
10387 1
10387 1
10387 1
10387 1
10387 1
10387 1
10387 1
10387 1
10387 1
10387 1
10387 1
10387 1
10387 1
10387 1
10387 1
10387 1
10387 1
10387 1
3 1
3 1
3 1
3 1
3 1
3 1
3 1
3 1
3 1
3 1
3 1
3 1
3 1
3 1
3 1
3 1
3 1
3 1
3 1
3 1
3 1
3 1
3 1
3 1
3 1
3 1
3 1
3 1
3 1
3 1
3 1
3 1
3 1
3 1
3 1
3 1
3 1
3 1
3 1
3 1
3 1
3 1
3 1
3 1
3 1
6 1
6 1
6 1
6 1
6 1
6 1
6 1
6 1
6 1
6 1
6 1
6 1
6 1
6 1
6 1
6 1
6 1
6 1
6 1
6 1
6 1
6 1
6 1
6 1
6 1
6 1
6 1
6 1
6 1
6 1
6 1
6 1
6 1
6 1
6 1
6 1
6 1
6 1
6 1
6 1
6 1
6 1
6 1
6 1
6 1
10 1
10 1
10 1
10 1
10 1
10 1
10 1
10 1
10 1
10 1
10 1
10 1
10 1
10 1
10 1
10 1
10 1
10 1
10 1
10 1
10 1
10 1
10 1
10 1
10 1
10 1
10 1
10 1
10 1
10 1
10 1
10 1
10 1
10 1
10 1
10 1
10 1
10 1
10 1
10 1
10 1
10 1
10 1
10 1
10 1
11 1
11 1
11 1
11 1
11 1
11 1
11 1
11 1
11 1
11 1
11 1
11 1
11 1
11 1
11 1
11 1
11 1
11 1
11 1
11 1
11 1
11 1
11 1
11 1
11 1
11 1
11 1
11 1
11 1
11 1
11 1
11 1
11 1
11 1
11 1
11 1
11 1
11 1
11 1
11 1
11 1
11 1
11 1
11 1
11 1
12 1
12 1
12 1
12 1
12 1
12 1
12 1
12 1
12 1
12 1
12 1
12 1
12 1
12 1
12 1
12 1
12 1
12 1
12 1
12 1
12 1
12 1
12 1
12 1
12 1
12 1
12 1
12 1
12 1
12 1
12 1
12 1
12 1
12 1
12 1
12 1
12 1
12 1
12 1
12 1
12 1
12 1
12 1
12 1
12 1
15 1
15 1
15 1
15 1
15 1
15 1
15 1
15 1
15 1
15 1
15 1
15 1
15 1
15 1
15 1
15 1
15 1
15 1
15 1
15 1
15 1
15 1
15 1
15 1
15 1
15 1
15 1
15 1
15 1
15 1
15 1
15 1
15 1
15 1
15 1
15 1
15 1
15 1
15 1
15 1
15 1
15 1
15 1
15 1
15 1
55 1
55 1
55 1
55 1
55 1
55 1
55 1
55 1
55 1
55 1
55 1
55 1
55 1
55 1
55 1
55 1
55 1
55 1
55 1
55 1
55 1
55 1
55 1
55 1
55 1
55 1
55 1
55 1
55 1
55 1
55 1
55 1
55 1
55 1
55 1
55 1
55 1
55 1
55 1
55 1
55 1
55 1
55 1
55 1
55 1
56 1
56 1
56 1
56 1
56 1
56 1
56 1
56 1
56 1
56 1
56 1
56 1
56 1
56 1
56 1
56 1
56 1
56 1
56 1
56 1
56 1
56 1
56 1
56 1
56 1
56 1
56 1
56 1
56 1
56 1
56 1
56 1
56 1
56 1
56 1
56 1
56 1
56 1
56 1
56 1
56 1
56 1
56 1
56 1
56 1
57 1
57 1
57 1
57 1
57 1
57 1
57 1
57 1
57 1
57 1
57 1
57 1
57 1
57 1
57 1
57 1
57 1
57 1
57 1
57 1
57 1
57 1
57 1
57 1
57 1
57 1
57 1
57 1
57 1
57 1
57 1
57 1
57 1
57 1
57 1
57 1
57 1
57 1
57 1
57 1
57 1
57 1
57 1
57 1
57 1
63 1
63 1
63 1
63 1
63 1
63 1
63 1
63 1
63 1
63 1
63 1
63 1
63 1
63 1
63 1
63 1
63 1
63 1
63 1
63 1
63 1
63 1
63 1
63 1
63 1
63 1
63 1
63 1
63 1
63 1
63 1
63 1
63 1
63 1
63 1
63 1
63 1
63 1
63 1
63 1
63 1
63 1
63 1
63 1
63 1
67 1
67 1
67 1
67 1
67 1
67 1
67 1
67 1
67 1
67 1
67 1
67 1
67 1
67 1
67 1
67 1
67 1
67 1
67 1
67 1
67 1
67 1
67 1
67 1
67 1
67 1
67 1
67 1
67 1
67 1
67 1
67 1
67 1
67 1
67 1
67 1
67 1
67 1
67 1
67 1
67 1
67 1
67 1
67 1
67 1
71 1
71 1
71 1
71 1
71 1
71 1
71 1
71 1
71 1
71 1
71 1
71 1
71 1
71 1
71 1
71 1
71 1
71 1
71 1
71 1
71 1
71 1
71 1
71 1
71 1
71 1
71 1
71 1
71 1
71 1
71 1
71 1
71 1
71 1
71 1
71 1
71 1
71 1
71 1
71 1
71 1
71 1
71 1
71 1
71 1
75 1
75 1
75 1
75 1
75 1
75 1
75 1
75 1
75 1
75 1
75 1
75 1
75 1
75 1
75 1
75 1
75 1
75 1
75 1
75 1
75 1
75 1
75 1
75 1
75 1
75 1
75 1
75 1
75 1
75 1
75 1
75 1
75 1
75 1
75 1
75 1
75 1
75 1
75 1
75 1
75 1
75 1
75 1
75 1
75 1
76 1
76 1
76 1
76 1
76 1
76 1
76 1
76 1
76 1
76 1
76 1
76 1
76 1
76 1
76 1
76 1
76 1
76 1
76 1
76 1
76 1
76 1
76 1
76 1
76 1
76 1
76 1
76 1
76 1
76 1
76 1
76 1
76 1
76 1
76 1
76 1
76 1
76 1
76 1
76 1
76 1
76 1
76 1
76 1
76 1
96 1
96 1
96 1
96 1
96 1
96 1
96 1
96 1
96 1
96 1
96 1
96 1
96 1
96 1
96 1
96 1
96 1
96 1
96 1
96 1
96 1
96 1
96 1
96 1
96 1
96 1
96 1
96 1
96 1
96 1
96 1
96 1
96 1
96 1
96 1
96 1
96 1
96 1
96 1
96 1
96 1
96 1
96 1
96 1
96 1
99 1
99 1
99 1
99 1
99 1
99 1
99 1
99 1
99 1
99 1
99 1
99 1
99 1
99 1
99 1
99 1
99 1
99 1
99 1
99 1
99 1
99 1
99 1
99 1
99 1
99 1
99 1
99 1
99 1
99 1
99 1
99 1
99 1
99 1
99 1
99 1
99 1
99 1
99 1
99 1
99 1
99 1
99 1
99 1
99 1
100 1
100 1
100 1
100 1
100 1
100 1
100 1
100 1
100 1
100 1
100 1
100 1
100 1
100 1
100 1
100 1
100 1
100 1
100 1
100 1
100 1
100 1
100 1
100 1
100 1
100 1
100 1
100 1
100 1
100 1
100 1
100 1
100 1
100 1
100 1
100 1
100 1
100 1
100 1
100 1
100 1
100 1
100 1
100 1
100 1
115 1
115 1
115 1
115 1
115 1
115 1
115 1
115 1
115 1
115 1
115 1
115 1
115 1
115 1
115 1
115 1
115 1
115 1
115 1
115 1
115 1
115 1
115 1
115 1
115 1
115 1
115 1
115 1
115 1
115 1
115 1
115 1
115 1
115 1
115 1
115 1
115 1
115 1
115 1
115 1
115 1
115 1
115 1
115 1
115 1
130 1
130 1
130 1
130 1
130 1
130 1
130 1
130 1
130 1
130 1
130 1
130 1
130 1
130 1
130 1
130 1
130 1
130 1
130 1
130 1
130 1
130 1
130 1
130 1
130 1
130 1
130 1
130 1
130 1
130 1
130 1
130 1
130 1
130 1
130 1
130 1
130 1
130 1
130 1
130 1
130 1
130 1
130 1
130 1
130 1
131 1
131 1
131 1
131 1
131 1
131 1
131 1
131 1
131 1
131 1
131 1
131 1
131 1
131 1
131 1
131 1
131 1
131 1
131 1
131 1
131 1
131 1
131 1
131 1
131 1
131 1
131 1
131 1
131 1
131 1
131 1
131 1
131 1
131 1
131 1
131 1
131 1
131 1
131 1
131 1
131 1
131 1
131 1
131 1
131 1
152 1
152 1
152 1
152 1
152 1
152 1
152 1
152 1
152 1
152 1
152 1
152 1
152 1
152 1
152 1
152 1
152 1
152 1
152 1
152 1
152 1
152 1
152 1
152 1
152 1
152 1
152 1
152 1
152 1
152 1
152 1
152 1
152 1
152 1
152 1
152 1
152 1
152 1
152 1
152 1
152 1
152 1
152 1
152 1
152 1
154 1
154 1
154 1
154 1
154 1
154 1
154 1
154 1
154 1
154 1
154 1
154 1
154 1
154 1
154 1
154 1
154 1
154 1
154 1
154 1
154 1
154 1
154 1
154 1
154 1
154 1
154 1
154 1
154 1
154 1
154 1
154 1
154 1
154 1
154 1
154 1
154 1
154 1
154 1
154 1
154 1
154 1
154 1
154 1
154 1
166 1
166 1
166 1
166 1
166 1
166 1
166 1
166 1
166 1
166 1
166 1
166 1
166 1
166 1
166 1
166 1
166 1
166 1
166 1
166 1
166 1
166 1
166 1
166 1
166 1
166 1
166 1
166 1
166 1
166 1
166 1
166 1
166 1
166 1
166 1
166 1
166 1
166 1
166 1
166 1
166 1
166 1
166 1
166 1
166 1
174 1
174 1
174 1
174 1
174 1
174 1
174 1
174 1
174 1
174 1
174 1
174 1
174 1
174 1
174 1
174 1
174 1
174 1
174 1
174 1
174 1
174 1
174 1
174 1
174 1
174 1
174 1
174 1
174 1
174 1
174 1
174 1
174 1
174 1
174 1
174 1
174 1
174 1
174 1
174 1
174 1
174 1
174 1
174 1
174 1
175 1
175 1
175 1
175 1
175 1
175 1
175 1
175 1
175 1
175 1
175 1
175 1
175 1
175 1
175 1
175 1
175 1
175 1
175 1
175 1
175 1
175 1
175 1
175 1
175 1
175 1
175 1
175 1
175 1
175 1
175 1
175 1
175 1
175 1
175 1
175 1
175 1
175 1
175 1
175 1
175 1
175 1
175 1
175 1
175 1
180 1
180 1
180 1
180 1
180 1
180 1
180 1
180 1
180 1
180 1
180 1
180 1
180 1
180 1
180 1
180 1
180 1
180 1
180 1
180 1
180 1
180 1
180 1
180 1
180 1
180 1
180 1
180 1
180 1
180 1
180 1
180 1
180 1
180 1
180 1
180 1
180 1
180 1
180 1
180 1
180 1
180 1
180 1
180 1
180 1
182 1
182 1
182 1
182 1
182 1
182 1
182 1
182 1
182 1
182 1
182 1
182 1
182 1
182 1
182 1
182 1
182 1
182 1
182 1
182 1
182 1
182 1
182 1
182 1
182 1
182 1
182 1
182 1
182 1
182 1
182 1
182 1
182 1
182 1
182 1
182 1
182 1
182 1
182 1
182 1
182 1
182 1
182 1
182 1
182 1
192 1
192 1
192 1
192 1
192 1
192 1
192 1
192 1
192 1
192 1
192 1
192 1
192 1
192 1
192 1
192 1
192 1
192 1
192 1
192 1
192 1
192 1
192 1
192 1
192 1
192 1
192 1
192 1
192 1
192 1
192 1
192 1
192 1
192 1
192 1
192 1
192 1
192 1
192 1
192 1
192 1
192 1
192 1
192 1
192 1
201 1
201 1
201 1
201 1
201 1
201 1
201 1
201 1
201 1
201 1
201 1
201 1
201 1
201 1
201 1
201 1
201 1
201 1
201 1
201 1
201 1
201 1
201 1
201 1
201 1
201 1
201 1
201 1
201 1
201 1
201 1
201 1
201 1
201 1
201 1
201 1
201 1
201 1
201 1
201 1
201 1
201 1
201 1
201 1
201 1
205 1
205 1
205 1
205 1
205 1
205 1
205 1
205 1
205 1
205 1
205 1
205 1
205 1
205 1
205 1
205 1
205 1
205 1
205 1
205 1
205 1
205 1
205 1
205 1
205 1
205 1
205 1
205 1
205 1
205 1
205 1
205 1
205 1
205 1
205 1
205 1
205 1
205 1
205 1
205 1
205 1
205 1
205 1
205 1
205 1
214 1
214 1
214 1
214 1
214 1
214 1
214 1
214 1
214 1
214 1
214 1
214 1
214 1
214 1
214 1
214 1
214 1
214 1
214 1
214 1
214 1
214 1
214 1
214 1
214 1
214 1
214 1
214 1
214 1
214 1
214 1
214 1
214 1
214 1
214 1
214 1
214 1
214 1
214 1
214 1
214 1
214 1
214 1
214 1
214 1
242 1
242 1
242 1
242 1
242 1
242 1
242 1
242 1
242 1
242 1
242 1
242 1
242 1
242 1
242 1
242 1
242 1
242 1
242 1
242 1
242 1
242 1
242 1
242 1
242 1
242 1
242 1
242 1
242 1
242 1
242 1
242 1
242 1
242 1
242 1
242 1
242 1
242 1
242 1
242 1
242 1
242 1
242 1
242 1
242 1
243 1
243 1
243 1
243 1
243 1
243 1
243 1
243 1
243 1
243 1
243 1
243 1
243 1
243 1
243 1
243 1
243 1
243 1
243 1
243 1
243 1
243 1
243 1
243 1
243 1
243 1
243 1
243 1
243 1
243 1
243 1
243 1
243 1
243 1
243 1
243 1
243 1
243 1
243 1
243 1
243 1
243 1
243 1
243 1
243 1
248 1
248 1
248 1
248 1
248 1
248 1
248 1
248 1
248 1
248 1
248 1
248 1
248 1
248 1
248 1
248 1
248 1
248 1
248 1
248 1
248 1
248 1
248 1
248 1
248 1
248 1
248 1
248 1
248 1
248 1
248 1
248 1
248 1
248 1
248 1
248 1
248 1
248 1
248 1
248 1
248 1
248 1
248 1
248 1
248 1
249 1
249 1
249 1
249 1
249 1
249 1
249 1
249 1
249 1
249 1
249 1
249 1
249 1
249 1
249 1
249 1
249 1
249 1
249 1
249 1
249 1
249 1
249 1
249 1
249 1
249 1
249 1
249 1
249 1
249 1
249 1
249 1
249 1
249 1
249 1
249 1
249 1
249 1
249 1
249 1
249 1
249 1
249 1
249 1
249 1
255 1
255 1
255 1
255 1
255 1
255 1
255 1
255 1
255 1
255 1
255 1
255 1
255 1
255 1
255 1
255 1
255 1
255 1
255 1
255 1
255 1
255 1
255 1
255 1
255 1
255 1
255 1
255 1
255 1
255 1
255 1
255 1
255 1
255 1
255 1
255 1
255 1
255 1
255 1
255 1
255 1
255 1
255 1
255 1
255 1
270 1
270 1
270 1
270 1
270 1
270 1
270 1
270 1
270 1
270 1
270 1
270 1
270 1
270 1
270 1
270 1
270 1
270 1
270 1
270 1
270 1
270 1
270 1
270 1
270 1
270 1
270 1
270 1
270 1
270 1
270 1
270 1
270 1
270 1
270 1
270 1
270 1
270 1
270 1
270 1
270 1
270 1
270 1
270 1
270 1
278 1
278 1
278 1
278 1
278 1
278 1
278 1
278 1
278 1
278 1
278 1
278 1
278 1
278 1
278 1
278 1
278 1
278 1
278 1
278 1
278 1
278 1
278 1
278 1
278 1
278 1
278 1
278 1
278 1
278 1
278 1
278 1
278 1
278 1
278 1
278 1
278 1
278 1
278 1
278 1
278 1
278 1
278 1
278 1
278 1
321 1
321 1
321 1
321 1
321 1
321 1
321 1
321 1
321 1
321 1
321 1
321 1
321 1
321 1
321 1
321 1
321 1
321 1
321 1
321 1
321 1
321 1
321 1
321 1
321 1
321 1
321 1
321 1
321 1
321 1
321 1
321 1
321 1
321 1
321 1
321 1
321 1
321 1
321 1
321 1
321 1
321 1
321 1
321 1
321 1
323 1
323 1
323 1
323 1
323 1
323 1
323 1
323 1
323 1
323 1
323 1
323 1
323 1
323 1
323 1
323 1
323 1
323 1
323 1
323 1
323 1
323 1
323 1
323 1
323 1
323 1
323 1
323 1
323 1
323 1
323 1
323 1
323 1
323 1
323 1
323 1
323 1
323 1
323 1
323 1
323 1
323 1
323 1
323 1
323 1
329 1
329 1
329 1
329 1
329 1
329 1
329 1
329 1
329 1
329 1
329 1
329 1
329 1
329 1
329 1
329 1
329 1
329 1
329 1
329 1
329 1
329 1
329 1
329 1
329 1
329 1
329 1
329 1
329 1
329 1
329 1
329 1
329 1
329 1
329 1
329 1
329 1
329 1
329 1
329 1
329 1
329 1
329 1
329 1
329 1
332 1
332 1
332 1
332 1
332 1
332 1
332 1
332 1
332 1
332 1
332 1
332 1
332 1
332 1
332 1
332 1
332 1
332 1
332 1
332 1
332 1
332 1
332 1
332 1
332 1
332 1
332 1
332 1
332 1
332 1
332 1
332 1
332 1
332 1
332 1
332 1
332 1
332 1
332 1
332 1
332 1
332 1
332 1
332 1
332 1
345 1
345 1
345 1
345 1
345 1
345 1
345 1
345 1
345 1
345 1
345 1
345 1
345 1
345 1
345 1
345 1
345 1
345 1
345 1
345 1
345 1
345 1
345 1
345 1
345 1
345 1
345 1
345 1
345 1
345 1
345 1
345 1
345 1
345 1
345 1
345 1
345 1
345 1
345 1
345 1
345 1
345 1
345 1
345 1
345 1
347 1
347 1
347 1
347 1
347 1
347 1
347 1
347 1
347 1
347 1
347 1
347 1
347 1
347 1
347 1
347 1
347 1
347 1
347 1
347 1
347 1
347 1
347 1
347 1
347 1
347 1
347 1
347 1
347 1
347 1
347 1
347 1
347 1
347 1
347 1
347 1
347 1
347 1
347 1
347 1
347 1
347 1
347 1
347 1
347 1
383 1
383 1
383 1
383 1
383 1
383 1
383 1
383 1
383 1
383 1
383 1
383 1
383 1
383 1
383 1
383 1
383 1
383 1
383 1
383 1
383 1
383 1
383 1
383 1
383 1
383 1
383 1
383 1
383 1
383 1
383 1
383 1
383 1
383 1
383 1
383 1
383 1
383 1
383 1
383 1
383 1
383 1
383 1
383 1
383 1
421 1
421 1
421 1
421 1
421 1
421 1
421 1
421 1
421 1
421 1
421 1
421 1
421 1
421 1
421 1
421 1
421 1
421 1
421 1
421 1
421 1
421 1
421 1
421 1
421 1
421 1
421 1
421 1
421 1
421 1
421 1
421 1
421 1
421 1
421 1
421 1
421 1
421 1
421 1
421 1
421 1
421 1
421 1
421 1
421 1
459 1
459 1
459 1
459 1
459 1
459 1
459 1
459 1
459 1
459 1
459 1
459 1
459 1
459 1
459 1
459 1
459 1
459 1
459 1
459 1
459 1
459 1
459 1
459 1
459 1
459 1
459 1
459 1
459 1
459 1
459 1
459 1
459 1
459 1
459 1
459 1
459 1
459 1
459 1
459 1
459 1
459 1
459 1
459 1
459 1
484 1
484 1
484 1
484 1
484 1
484 1
484 1
484 1
484 1
484 1
484 1
484 1
484 1
484 1
484 1
484 1
484 1
484 1
484 1
484 1
484 1
484 1
484 1
484 1
484 1
484 1
484 1
484 1
484 1
484 1
484 1
484 1
484 1
484 1
484 1
484 1
484 1
484 1
484 1
484 1
484 1
484 1
484 1
484 1
484 1
486 1
486 1
486 1
486 1
486 1
486 1
486 1
486 1
486 1
486 1
486 1
486 1
486 1
486 1
486 1
486 1
486 1
486 1
486 1
486 1
486 1
486 1
486 1
486 1
486 1
486 1
486 1
486 1
486 1
486 1
486 1
486 1
486 1
486 1
486 1
486 1
486 1
486 1
486 1
486 1
486 1
486 1
486 1
486 1
486 1
492 1
492 1
492 1
492 1
492 1
492 1
492 1
492 1
492 1
492 1
492 1
492 1
492 1
492 1
492 1
492 1
492 1
492 1
492 1
492 1
492 1
492 1
492 1
492 1
492 1
492 1
492 1
492 1
492 1
492 1
492 1
492 1
492 1
492 1
492 1
492 1
492 1
492 1
492 1
492 1
492 1
492 1
492 1
492 1
492 1
500 1
500 1
500 1
500 1
500 1
500 1
500 1
500 1
500 1
500 1
500 1
500 1
500 1
500 1
500 1
500 1
500 1
500 1
500 1
500 1
500 1
500 1
500 1
500 1
500 1
500 1
500 1
500 1
500 1
500 1
500 1
500 1
500 1
500 1
500 1
500 1
500 1
500 1
500 1
500 1
500 1
500 1
500 1
500 1
500 1
508 1
508 1
508 1
508 1
508 1
508 1
508 1
508 1
508 1
508 1
508 1
508 1
508 1
508 1
508 1
508 1
508 1
508 1
508 1
508 1
508 1
508 1
508 1
508 1
508 1
508 1
508 1
508 1
508 1
508 1
508 1
508 1
508 1
508 1
508 1
508 1
508 1
508 1
508 1
508 1
508 1
508 1
508 1
508 1
508 1
511 1
511 1
511 1
511 1
511 1
511 1
511 1
511 1
511 1
511 1
511 1
511 1
511 1
511 1
511 1
511 1
511 1
511 1
511 1
511 1
511 1
511 1
511 1
511 1
511 1
511 1
511 1
511 1
511 1
511 1
511 1
511 1
511 1
511 1
511 1
511 1
511 1
511 1
511 1
511 1
511 1
511 1
511 1
511 1
511 1
543 1
543 1
543 1
543 1
543 1
543 1
543 1
543 1
543 1
543 1
543 1
543 1
543 1
543 1
543 1
543 1
543 1
543 1
543 1
543 1
543 1
543 1
543 1
543 1
543 1
543 1
543 1
543 1
543 1
543 1
543 1
543 1
543 1
543 1
543 1
543 1
543 1
543 1
543 1
543 1
543 1
543 1
543 1
543 1
543 1
567 1
567 1
567 1
567 1
567 1
567 1
567 1
567 1
567 1
567 1
567 1
567 1
567 1
567 1
567 1
567 1
567 1
567 1
567 1
567 1
567 1
567 1
567 1
567 1
567 1
567 1
567 1
567 1
567 1
567 1
567 1
567 1
567 1
567 1
567 1
567 1
567 1
567 1
567 1
567 1
567 1
567 1
567 1
567 1
567 1
569 1
569 1
569 1
569 1
569 1
569 1
569 1
569 1
569 1
569 1
569 1
569 1
569 1
569 1
569 1
569 1
569 1
569 1
569 1
569 1
569 1
569 1
569 1
569 1
569 1
569 1
569 1
569 1
569 1
569 1
569 1
569 1
569 1
569 1
569 1
569 1
569 1
569 1
569 1
569 1
569 1
569 1
569 1
569 1
569 1
570 1
570 1
570 1
570 1
570 1
570 1
570 1
570 1
570 1
570 1
570 1
570 1
570 1
570 1
570 1
570 1
570 1
570 1
570 1
570 1
570 1
570 1
570 1
570 1
570 1
570 1
570 1
570 1
570 1
570 1
570 1
570 1
570 1
570 1
570 1
570 1
570 1
570 1
570 1
570 1
570 1
570 1
570 1
570 1
570 1
576 1
576 1
576 1
576 1
576 1
576 1
576 1
576 1
576 1
576 1
576 1
576 1
576 1
576 1
576 1
576 1
576 1
576 1
576 1
576 1
576 1
576 1
576 1
576 1
576 1
576 1
576 1
576 1
576 1
576 1
576 1
576 1
576 1
576 1
576 1
576 1
576 1
576 1
576 1
576 1
576 1
576 1
576 1
576 1
576 1
606 1
606 1
606 1
606 1
606 1
606 1
606 1
606 1
606 1
606 1
606 1
606 1
606 1
606 1
606 1
606 1
606 1
606 1
606 1
606 1
606 1
606 1
606 1
606 1
606 1
606 1
606 1
606 1
606 1
606 1
606 1
606 1
606 1
606 1
606 1
606 1
606 1
606 1
606 1
606 1
606 1
606 1
606 1
606 1
606 1
608 1
608 1
608 1
608 1
608 1
608 1
608 1
608 1
608 1
608 1
608 1
608 1
608 1
608 1
608 1
608 1
608 1
608 1
608 1
608 1
608 1
608 1
608 1
608 1
608 1
608 1
608 1
608 1
608 1
608 1
608 1
608 1
608 1
608 1
608 1
608 1
608 1
608 1
608 1
608 1
608 1
608 1
608 1
608 1
608 1
622 1
622 1
622 1
622 1
622 1
622 1
622 1
622 1
622 1
622 1
622 1
622 1
622 1
622 1
622 1
622 1
622 1
622 1
622 1
622 1
622 1
622 1
622 1
622 1
622 1
622 1
622 1
622 1
622 1
622 1
622 1
622 1
622 1
622 1
622 1
622 1
622 1
622 1
622 1
622 1
622 1
622 1
622 1
622 1
622 1
621 1
621 1
621 1
621 1
621 1
621 1
621 1
621 1
621 1
621 1
621 1
621 1
621 1
621 1
621 1
621 1
621 1
621 1
621 1
621 1
621 1
621 1
621 1
621 1
621 1
621 1
621 1
621 1
621 1
621 1
621 1
621 1
621 1
621 1
621 1
621 1
621 1
621 1
621 1
621 1
621 1
621 1
621 1
621 1
621 1
647 1
647 1
647 1
647 1
647 1
647 1
647 1
647 1
647 1
647 1
647 1
647 1
647 1
647 1
647 1
647 1
647 1
647 1
647 1
647 1
647 1
647 1
647 1
647 1
647 1
647 1
647 1
647 1
647 1
647 1
647 1
647 1
647 1
647 1
647 1
647 1
647 1
647 1
647 1
647 1
647 1
647 1
647 1
647 1
647 1
660 1
660 1
660 1
660 1
660 1
660 1
660 1
660 1
660 1
660 1
660 1
660 1
660 1
660 1
660 1
660 1
660 1
660 1
660 1
660 1
660 1
660 1
660 1
660 1
660 1
660 1
660 1
660 1
660 1
660 1
660 1
660 1
660 1
660 1
660 1
660 1
660 1
660 1
660 1
660 1
660 1
660 1
660 1
660 1
660 1
681 1
681 1
681 1
681 1
681 1
681 1
681 1
681 1
681 1
681 1
681 1
681 1
681 1
681 1
681 1
681 1
681 1
681 1
681 1
681 1
681 1
681 1
681 1
681 1
681 1
681 1
681 1
681 1
681 1
681 1
681 1
681 1
681 1
681 1
681 1
681 1
681 1
681 1
681 1
681 1
681 1
681 1
681 1
681 1
681 1
698 1
698 1
698 1
698 1
698 1
698 1
698 1
698 1
698 1
698 1
698 1
698 1
698 1
698 1
698 1
698 1
698 1
698 1
698 1
698 1
698 1
698 1
698 1
698 1
698 1
698 1
698 1
698 1
698 1
698 1
698 1
698 1
698 1
698 1
698 1
698 1
698 1
698 1
698 1
698 1
698 1
698 1
698 1
698 1
698 1
712 1
712 1
712 1
712 1
712 1
712 1
712 1
712 1
712 1
712 1
712 1
712 1
712 1
712 1
712 1
712 1
712 1
712 1
712 1
712 1
712 1
712 1
712 1
712 1
712 1
712 1
712 1
712 1
712 1
712 1
712 1
712 1
712 1
712 1
712 1
712 1
712 1
712 1
712 1
712 1
712 1
712 1
712 1
712 1
712 1
735 1
735 1
735 1
735 1
735 1
735 1
735 1
735 1
735 1
735 1
735 1
735 1
735 1
735 1
735 1
735 1
735 1
735 1
735 1
735 1
735 1
735 1
735 1
735 1
735 1
735 1
735 1
735 1
735 1
735 1
735 1
735 1
735 1
735 1
735 1
735 1
735 1
735 1
735 1
735 1
735 1
735 1
735 1
735 1
735 1
756 1
756 1
756 1
756 1
756 1
756 1
756 1
756 1
756 1
756 1
756 1
756 1
756 1
756 1
756 1
756 1
756 1
756 1
756 1
756 1
756 1
756 1
756 1
756 1
756 1
756 1
756 1
756 1
756 1
756 1
756 1
756 1
756 1
756 1
756 1
756 1
756 1
756 1
756 1
756 1
756 1
756 1
756 1
756 1
756 1
773 1
773 1
773 1
773 1
773 1
773 1
773 1
773 1
773 1
773 1
773 1
773 1
773 1
773 1
773 1
773 1
773 1
773 1
773 1
773 1
773 1
773 1
773 1
773 1
773 1
773 1
773 1
773 1
773 1
773 1
773 1
773 1
773 1
773 1
773 1
773 1
773 1
773 1
773 1
773 1
773 1
773 1
773 1
773 1
773 1
786 1
786 1
786 1
786 1
786 1
786 1
786 1
786 1
786 1
786 1
786 1
786 1
786 1
786 1
786 1
786 1
786 1
786 1
786 1
786 1
786 1
786 1
786 1
786 1
786 1
786 1
786 1
786 1
786 1
786 1
786 1
786 1
786 1
786 1
786 1
786 1
786 1
786 1
786 1
786 1
786 1
786 1
786 1
786 1
786 1
815 1
815 1
815 1
815 1
815 1
815 1
815 1
815 1
815 1
815 1
815 1
815 1
815 1
815 1
815 1
815 1
815 1
815 1
815 1
815 1
815 1
815 1
815 1
815 1
815 1
815 1
815 1
815 1
815 1
815 1
815 1
815 1
815 1
815 1
815 1
815 1
815 1
815 1
815 1
815 1
815 1
815 1
815 1
815 1
815 1
804 1
804 1
804 1
804 1
804 1
804 1
804 1
804 1
804 1
804 1
804 1
804 1
804 1
804 1
804 1
804 1
804 1
804 1
804 1
804 1
804 1
804 1
804 1
804 1
804 1
804 1
804 1
804 1
804 1
804 1
804 1
804 1
804 1
804 1
804 1
804 1
804 1
804 1
804 1
804 1
804 1
804 1
804 1
804 1
804 1
828 1
828 1
828 1
828 1
828 1
828 1
828 1
828 1
828 1
828 1
828 1
828 1
828 1
828 1
828 1
828 1
828 1
828 1
828 1
828 1
828 1
828 1
828 1
828 1
828 1
828 1
828 1
828 1
828 1
828 1
828 1
828 1
828 1
828 1
828 1
828 1
828 1
828 1
828 1
828 1
828 1
828 1
828 1
828 1
828 1
854 1
854 1
854 1
854 1
854 1
854 1
854 1
854 1
854 1
854 1
854 1
854 1
854 1
854 1
854 1
854 1
854 1
854 1
854 1
854 1
854 1
854 1
854 1
854 1
854 1
854 1
854 1
854 1
854 1
854 1
854 1
854 1
854 1
854 1
854 1
854 1
854 1
854 1
854 1
854 1
854 1
854 1
854 1
854 1
854 1
10769 1
10769 1
10769 1
10769 1
10769 1
10769 1
10769 1
10769 1
10769 1
10769 1
10769 1
10769 1
10769 1
10769 1
10769 1
10769 1
10769 1
10769 1
10769 1
10769 1
10769 1
10769 1
10769 1
10769 1
10769 1
10769 1
10769 1
10769 1
10769 1
10769 1
10769 1
10769 1
10769 1
10769 1
10769 1
10769 1
10769 1
10769 1
10769 1
10769 1
10769 1
10769 1
10769 1
10769 1
10769 1
851 1
851 1
851 1
851 1
851 1
851 1
851 1
851 1
851 1
851 1
851 1
851 1
851 1
851 1
851 1
851 1
851 1
851 1
851 1
851 1
851 1
851 1
851 1
851 1
851 1
851 1
851 1
851 1
851 1
851 1
851 1
851 1
851 1
851 1
851 1
851 1
851 1
851 1
851 1
851 1
851 1
851 1
851 1
851 1
851 1
864 1
864 1
864 1
864 1
864 1
864 1
864 1
864 1
864 1
864 1
864 1
864 1
864 1
864 1
864 1
864 1
864 1
864 1
864 1
864 1
864 1
864 1
864 1
864 1
864 1
864 1
864 1
864 1
864 1
864 1
864 1
864 1
864 1
864 1
864 1
864 1
864 1
864 1
864 1
864 1
864 1
864 1
864 1
864 1
864 1
930 1
930 1
930 1
930 1
930 1
930 1
930 1
930 1
930 1
930 1
930 1
930 1
930 1
930 1
930 1
930 1
930 1
930 1
930 1
930 1
930 1
930 1
930 1
930 1
930 1
930 1
930 1
930 1
930 1
930 1
930 1
930 1
930 1
930 1
930 1
930 1
930 1
930 1
930 1
930 1
930 1
930 1
930 1
930 1
930 1
934 1
934 1
934 1
934 1
934 1
934 1
934 1
934 1
934 1
934 1
934 1
934 1
934 1
934 1
934 1
934 1
934 1
934 1
934 1
934 1
934 1
934 1
934 1
934 1
934 1
934 1
934 1
934 1
934 1
934 1
934 1
934 1
934 1
934 1
934 1
934 1
934 1
934 1
934 1
934 1
934 1
934 1
934 1
934 1
934 1
938 1
938 1
938 1
938 1
938 1
938 1
938 1
938 1
938 1
938 1
938 1
938 1
938 1
938 1
938 1
938 1
938 1
938 1
938 1
938 1
938 1
938 1
938 1
938 1
938 1
938 1
938 1
938 1
938 1
938 1
938 1
938 1
938 1
938 1
938 1
938 1
938 1
938 1
938 1
938 1
938 1
938 1
938 1
938 1
938 1
982 1
982 1
982 1
982 1
982 1
982 1
982 1
982 1
982 1
982 1
982 1
982 1
982 1
982 1
982 1
982 1
982 1
982 1
982 1
982 1
982 1
982 1
982 1
982 1
982 1
982 1
982 1
982 1
982 1
982 1
982 1
982 1
982 1
982 1
982 1
982 1
982 1
982 1
982 1
982 1
982 1
982 1
982 1
982 1
982 1
986 1
986 1
986 1
986 1
986 1
986 1
986 1
986 1
986 1
986 1
986 1
986 1
986 1
986 1
986 1
986 1
986 1
986 1
986 1
986 1
986 1
986 1
986 1
986 1
986 1
986 1
986 1
986 1
986 1
986 1
986 1
986 1
986 1
986 1
986 1
986 1
986 1
986 1
986 1
986 1
986 1
986 1
986 1
986 1
986 1
987 1
987 1
987 1
987 1
987 1
987 1
987 1
987 1
987 1
987 1
987 1
987 1
987 1
987 1
987 1
987 1
987 1
987 1
987 1
987 1
987 1
987 1
987 1
987 1
987 1
987 1
987 1
987 1
987 1
987 1
987 1
987 1
987 1
987 1
987 1
987 1
987 1
987 1
987 1
987 1
987 1
987 1
987 1
987 1
987 1
989 1
989 1
989 1
989 1
989 1
989 1
989 1
989 1
989 1
989 1
989 1
989 1
989 1
989 1
989 1
989 1
989 1
989 1
989 1
989 1
989 1
989 1
989 1
989 1
989 1
989 1
989 1
989 1
989 1
989 1
989 1
989 1
989 1
989 1
989 1
989 1
989 1
989 1
989 1
989 1
989 1
989 1
989 1
989 1
989 1
993 1
993 1
993 1
993 1
993 1
993 1
993 1
993 1
993 1
993 1
993 1
993 1
993 1
993 1
993 1
993 1
993 1
993 1
993 1
993 1
993 1
993 1
993 1
993 1
993 1
993 1
993 1
993 1
993 1
993 1
993 1
993 1
993 1
993 1
993 1
993 1
993 1
993 1
993 1
993 1
993 1
993 1
993 1
993 1
993 1
996 1
996 1
996 1
996 1
996 1
996 1
996 1
996 1
996 1
996 1
996 1
996 1
996 1
996 1
996 1
996 1
996 1
996 1
996 1
996 1
996 1
996 1
996 1
996 1
996 1
996 1
996 1
996 1
996 1
996 1
996 1
996 1
996 1
996 1
996 1
996 1
996 1
996 1
996 1
996 1
996 1
996 1
996 1
996 1
996 1
1040 1
1040 1
1040 1
1040 1
1040 1
1040 1
1040 1
1040 1
1040 1
1040 1
1040 1
1040 1
1040 1
1040 1
1040 1
1040 1
1040 1
1040 1
1040 1
1040 1
1040 1
1040 1
1040 1
1040 1
1040 1
1040 1
1040 1
1040 1
1040 1
1040 1
1040 1
1040 1
1040 1
1040 1
1040 1
1040 1
1040 1
1040 1
1040 1
1040 1
1040 1
1040 1
1040 1
1040 1
1040 1
1042 1
1042 1
1042 1
1042 1
1042 1
1042 1
1042 1
1042 1
1042 1
1042 1
1042 1
1042 1
1042 1
1042 1
1042 1
1042 1
1042 1
1042 1
1042 1
1042 1
1042 1
1042 1
1042 1
1042 1
1042 1
1042 1
1042 1
1042 1
1042 1
1042 1
1042 1
1042 1
1042 1
1042 1
1042 1
1042 1
1042 1
1042 1
1042 1
1042 1
1042 1
1042 1
1042 1
1042 1
1042 1
1047 1
1047 1
1047 1
1047 1
1047 1
1047 1
1047 1
1047 1
1047 1
1047 1
1047 1
1047 1
1047 1
1047 1
1047 1
1047 1
1047 1
1047 1
1047 1
1047 1
1047 1
1047 1
1047 1
1047 1
1047 1
1047 1
1047 1
1047 1
1047 1
1047 1
1047 1
1047 1
1047 1
1047 1
1047 1
1047 1
1047 1
1047 1
1047 1
1047 1
1047 1
1047 1
1047 1
1047 1
1047 1
1048 1
1048 1
1048 1
1048 1
1048 1
1048 1
1048 1
1048 1
1048 1
1048 1
1048 1
1048 1
1048 1
1048 1
1048 1
1048 1
1048 1
1048 1
1048 1
1048 1
1048 1
1048 1
1048 1
1048 1
1048 1
1048 1
1048 1
1048 1
1048 1
1048 1
1048 1
1048 1
1048 1
1048 1
1048 1
1048 1
1048 1
1048 1
1048 1
1048 1
1048 1
1048 1
1048 1
1048 1
1048 1
1089 1
1089 1
1089 1
1089 1
1089 1
1089 1
1089 1
1089 1
1089 1
1089 1
1089 1
1089 1
1089 1
1089 1
1089 1
1089 1
1089 1
1089 1
1089 1
1089 1
1089 1
1089 1
1089 1
1089 1
1089 1
1089 1
1089 1
1089 1
1089 1
1089 1
1089 1
1089 1
1089 1
1089 1
1089 1
1089 1
1089 1
1089 1
1089 1
1089 1
1089 1
1089 1
1089 1
1089 1
1089 1
1096 1
1096 1
1096 1
1096 1
1096 1
1096 1
1096 1
1096 1
1096 1
1096 1
1096 1
1096 1
1096 1
1096 1
1096 1
1096 1
1096 1
1096 1
1096 1
1096 1
1096 1
1096 1
1096 1
1096 1
1096 1
1096 1
1096 1
1096 1
1096 1
1096 1
1096 1
1096 1
1096 1
1096 1
1096 1
1096 1
1096 1
1096 1
1096 1
1096 1
1096 1
1096 1
1096 1
1096 1
1096 1
1101 1
1101 1
1101 1
1101 1
1101 1
1101 1
1101 1
1101 1
1101 1
1101 1
1101 1
1101 1
1101 1
1101 1
1101 1
1101 1
1101 1
1101 1
1101 1
1101 1
1101 1
1101 1
1101 1
1101 1
1101 1
1101 1
1101 1
1101 1
1101 1
1101 1
1101 1
1101 1
1101 1
1101 1
1101 1
1101 1
1101 1
1101 1
1101 1
1101 1
1101 1
1101 1
1101 1
1101 1
1101 1
1104 1
1104 1
1104 1
1104 1
1104 1
1104 1
1104 1
1104 1
1104 1
1104 1
1104 1
1104 1
1104 1
1104 1
1104 1
1104 1
1104 1
1104 1
1104 1
1104 1
1104 1
1104 1
1104 1
1104 1
1104 1
1104 1
1104 1
1104 1
1104 1
1104 1
1104 1
1104 1
1104 1
1104 1
1104 1
1104 1
1104 1
1104 1
1104 1
1104 1
1104 1
1104 1
1104 1
1104 1
1104 1
1105 1
1105 1
1105 1
1105 1
1105 1
1105 1
1105 1
1105 1
1105 1
1105 1
1105 1
1105 1
1105 1
1105 1
1105 1
1105 1
1105 1
1105 1
1105 1
1105 1
1105 1
1105 1
1105 1
1105 1
1105 1
1105 1
1105 1
1105 1
1105 1
1105 1
1105 1
1105 1
1105 1
1105 1
1105 1
1105 1
1105 1
1105 1
1105 1
1105 1
1105 1
1105 1
1105 1
1105 1
1105 1
1106 1
1106 1
1106 1
1106 1
1106 1
1106 1
1106 1
1106 1
1106 1
1106 1
1106 1
1106 1
1106 1
1106 1
1106 1
1106 1
1106 1
1106 1
1106 1
1106 1
1106 1
1106 1
1106 1
1106 1
1106 1
1106 1
1106 1
1106 1
1106 1
1106 1
1106 1
1106 1
1106 1
1106 1
1106 1
1106 1
1106 1
1106 1
1106 1
1106 1
1106 1
1106 1
1106 1
1106 1
1106 1
1158 1
1158 1
1158 1
1158 1
1158 1
1158 1
1158 1
1158 1
1158 1
1158 1
1158 1
1158 1
1158 1
1158 1
1158 1
1158 1
1158 1
1158 1
1158 1
1158 1
1158 1
1158 1
1158 1
1158 1
1158 1
1158 1
1158 1
1158 1
1158 1
1158 1
1158 1
1158 1
1158 1
1158 1
1158 1
1158 1
1158 1
1158 1
1158 1
1158 1
1158 1
1158 1
1158 1
1158 1
1158 1
1161 1
1161 1
1161 1
1161 1
1161 1
1161 1
1161 1
1161 1
1161 1
1161 1
1161 1
1161 1
1161 1
1161 1
1161 1
1161 1
1161 1
1161 1
1161 1
1161 1
1161 1
1161 1
1161 1
1161 1
1161 1
1161 1
1161 1
1161 1
1161 1
1161 1
1161 1
1161 1
1161 1
1161 1
1161 1
1161 1
1161 1
1161 1
1161 1
1161 1
1161 1
1161 1
1161 1
1161 1
1161 1
1170 1
1170 1
1170 1
1170 1
1170 1
1170 1
1170 1
1170 1
1170 1
1170 1
1170 1
1170 1
1170 1
1170 1
1170 1
1170 1
1170 1
1170 1
1170 1
1170 1
1170 1
1170 1
1170 1
1170 1
1170 1
1170 1
1170 1
1170 1
1170 1
1170 1
1170 1
1170 1
1170 1
1170 1
1170 1
1170 1
1170 1
1170 1
1170 1
1170 1
1170 1
1170 1
1170 1
1170 1
1170 1
1214 1
1214 1
1214 1
1214 1
1214 1
1214 1
1214 1
1214 1
1214 1
1214 1
1214 1
1214 1
1214 1
1214 1
1214 1
1214 1
1214 1
1214 1
1214 1
1214 1
1214 1
1214 1
1214 1
1214 1
1214 1
1214 1
1214 1
1214 1
1214 1
1214 1
1214 1
1214 1
1214 1
1214 1
1214 1
1214 1
1214 1
1214 1
1214 1
1214 1
1214 1
1214 1
1214 1
1214 1
1214 1
1221 1
1221 1
1221 1
1221 1
1221 1
1221 1
1221 1
1221 1
1221 1
1221 1
1221 1
1221 1
1221 1
1221 1
1221 1
1221 1
1221 1
1221 1
1221 1
1221 1
1221 1
1221 1
1221 1
1221 1
1221 1
1221 1
1221 1
1221 1
1221 1
1221 1
1221 1
1221 1
1221 1
1221 1
1221 1
1221 1
1221 1
1221 1
1221 1
1221 1
1221 1
1221 1
1221 1
1221 1
1221 1
1282 1
1282 1
1282 1
1282 1
1282 1
1282 1
1282 1
1282 1
1282 1
1282 1
1282 1
1282 1
1282 1
1282 1
1282 1
1282 1
1282 1
1282 1
1282 1
1282 1
1282 1
1282 1
1282 1
1282 1
1282 1
1282 1
1282 1
1282 1
1282 1
1282 1
1282 1
1282 1
1282 1
1282 1
1282 1
1282 1
1282 1
1282 1
1282 1
1282 1
1282 1
1282 1
1282 1
1282 1
1282 1
1285 1
1285 1
1285 1
1285 1
1285 1
1285 1
1285 1
1285 1
1285 1
1285 1
1285 1
1285 1
1285 1
1285 1
1285 1
1285 1
1285 1
1285 1
1285 1
1285 1
1285 1
1285 1
1285 1
1285 1
1285 1
1285 1
1285 1
1285 1
1285 1
1285 1
1285 1
1285 1
1285 1
1285 1
1285 1
1285 1
1285 1
1285 1
1285 1
1285 1
1285 1
1285 1
1285 1
1285 1
1285 1
1286 1
1286 1
1286 1
1286 1
1286 1
1286 1
1286 1
1286 1
1286 1
1286 1
1286 1
1286 1
1286 1
1286 1
1286 1
1286 1
1286 1
1286 1
1286 1
1286 1
1286 1
1286 1
1286 1
1286 1
1286 1
1286 1
1286 1
1286 1
1286 1
1286 1
1286 1
1286 1
1286 1
1286 1
1286 1
1286 1
1286 1
1286 1
1286 1
1286 1
1286 1
1286 1
1286 1
1286 1
1286 1
1293 1
1293 1
1293 1
1293 1
1293 1
1293 1
1293 1
1293 1
1293 1
1293 1
1293 1
1293 1
1293 1
1293 1
1293 1
1293 1
1293 1
1293 1
1293 1
1293 1
1293 1
1293 1
1293 1
1293 1
1293 1
1293 1
1293 1
1293 1
1293 1
1293 1
1293 1
1293 1
1293 1
1293 1
1293 1
1293 1
1293 1
1293 1
1293 1
1293 1
1293 1
1293 1
1293 1
1293 1
1293 1
