pt_graph cpue_kghour
15 0
15 8.7222025914412
15 8.7222025914412
15 8.7222025914412
15 8.7222025914412
15 0
15 1.58523056055308
15 1.58523056055308
15 0
15 0
15 0
15 0
15 3.14136524331908
15 5.55146694890618
15 5.55146694890618
15 5.55146694890618
15 4.74067168734157
15 0.819504629021085
15 2.41903303706797
15 3.19062413724463
15 0
15 4.87908372572933
15 0
15 0
15 0.989830406148645
15 0.989830406148645
15 0
15 10.1379970407855
15 10.1379970407855
15 10.1379970407855
15 12.8482883713924
15 0
15 16.9139013425195
15 690.589551069457
15 0.173847294984795
15 0.173847294984795
15 5.082921374581
15 5.082921374581
15 0.54615229357528
15 0.54615229357528
15 0.54615229357528
15 0.9940880668619
15 0.9940880668619
15 0.9940880668619
15 1.59395212145284
30 0
30 8.7222025914412
30 8.7222025914412
30 8.7222025914412
30 8.7222025914412
30 0
30 1.58523056055308
30 1.58523056055308
30 0
30 0
30 0
30 0
30 3.14136524331908
30 5.55146694890618
30 5.55146694890618
30 5.55146694890618
30 4.74067168734157
30 0.819504629021085
30 2.41903303706797
30 3.19062413724463
30 0
30 4.87908372572933
30 0
30 0
30 0.989830406148645
30 0.989830406148645
30 0
30 10.1379970407855
30 10.1379970407855
30 10.1379970407855
30 12.8482883713924
30 0
30 16.9139013425195
30 690.589551069457
30 0.173847294984795
30 0.173847294984795
30 5.082921374581
30 5.082921374581
30 0.54615229357528
30 0.54615229357528
30 0.54615229357528
30 0.9940880668619
30 0.9940880668619
30 0.9940880668619
30 1.59395212145284
55 0
55 8.7222025914412
55 8.7222025914412
55 8.7222025914412
55 8.7222025914412
55 0
55 1.58523056055308
55 1.58523056055308
55 0
55 0
55 0
55 0
55 3.14136524331908
55 5.55146694890618
55 5.55146694890618
55 5.55146694890618
55 4.74067168734157
55 0.819504629021085
55 2.41903303706797
55 3.19062413724463
55 0
55 4.87908372572933
55 0
55 0
55 0.989830406148645
55 0.989830406148645
55 0
55 10.1379970407855
55 10.1379970407855
55 10.1379970407855
55 12.8482883713924
55 0
55 16.9139013425195
55 690.589551069457
55 0.173847294984795
55 0.173847294984795
55 5.082921374581
55 5.082921374581
55 0.54615229357528
55 0.54615229357528
55 0.54615229357528
55 0.9940880668619
55 0.9940880668619
55 0.9940880668619
55 1.59395212145284
56 0
56 8.7222025914412
56 8.7222025914412
56 8.7222025914412
56 8.7222025914412
56 0
56 1.58523056055308
56 1.58523056055308
56 0
56 0
56 0
56 0
56 3.14136524331908
56 5.55146694890618
56 5.55146694890618
56 5.55146694890618
56 4.74067168734157
56 0.819504629021085
56 2.41903303706797
56 3.19062413724463
56 0
56 4.87908372572933
56 0
56 0
56 0.989830406148645
56 0.989830406148645
56 0
56 10.1379970407855
56 10.1379970407855
56 10.1379970407855
56 12.8482883713924
56 0
56 16.9139013425195
56 690.589551069457
56 0.173847294984795
56 0.173847294984795
56 5.082921374581
56 5.082921374581
56 0.54615229357528
56 0.54615229357528
56 0.54615229357528
56 0.9940880668619
56 0.9940880668619
56 0.9940880668619
56 1.59395212145284
65 0
65 8.7222025914412
65 8.7222025914412
65 8.7222025914412
65 8.7222025914412
65 0
65 1.58523056055308
65 1.58523056055308
65 0
65 0
65 0
65 0
65 3.14136524331908
65 5.55146694890618
65 5.55146694890618
65 5.55146694890618
65 4.74067168734157
65 0.819504629021085
65 2.41903303706797
65 3.19062413724463
65 0
65 4.87908372572933
65 0
65 0
65 0.989830406148645
65 0.989830406148645
65 0
65 10.1379970407855
65 10.1379970407855
65 10.1379970407855
65 12.8482883713924
65 0
65 16.9139013425195
65 690.589551069457
65 0.173847294984795
65 0.173847294984795
65 5.082921374581
65 5.082921374581
65 0.54615229357528
65 0.54615229357528
65 0.54615229357528
65 0.9940880668619
65 0.9940880668619
65 0.9940880668619
65 1.59395212145284
75 0
75 8.7222025914412
75 8.7222025914412
75 8.7222025914412
75 8.7222025914412
75 0
75 1.58523056055308
75 1.58523056055308
75 0
75 0
75 0
75 0
75 3.14136524331908
75 5.55146694890618
75 5.55146694890618
75 5.55146694890618
75 4.74067168734157
75 0.819504629021085
75 2.41903303706797
75 3.19062413724463
75 0
75 4.87908372572933
75 0
75 0
75 0.989830406148645
75 0.989830406148645
75 0
75 10.1379970407855
75 10.1379970407855
75 10.1379970407855
75 12.8482883713924
75 0
75 16.9139013425195
75 690.589551069457
75 0.173847294984795
75 0.173847294984795
75 5.082921374581
75 5.082921374581
75 0.54615229357528
75 0.54615229357528
75 0.54615229357528
75 0.9940880668619
75 0.9940880668619
75 0.9940880668619
75 1.59395212145284
94 0
94 8.7222025914412
94 8.7222025914412
94 8.7222025914412
94 8.7222025914412
94 0
94 1.58523056055308
94 1.58523056055308
94 0
94 0
94 0
94 0
94 3.14136524331908
94 5.55146694890618
94 5.55146694890618
94 5.55146694890618
94 4.74067168734157
94 0.819504629021085
94 2.41903303706797
94 3.19062413724463
94 0
94 4.87908372572933
94 0
94 0
94 0.989830406148645
94 0.989830406148645
94 0
94 10.1379970407855
94 10.1379970407855
94 10.1379970407855
94 12.8482883713924
94 0
94 16.9139013425195
94 690.589551069457
94 0.173847294984795
94 0.173847294984795
94 5.082921374581
94 5.082921374581
94 0.54615229357528
94 0.54615229357528
94 0.54615229357528
94 0.9940880668619
94 0.9940880668619
94 0.9940880668619
94 1.59395212145284
99 0
99 8.7222025914412
99 8.7222025914412
99 8.7222025914412
99 8.7222025914412
99 0
99 1.58523056055308
99 1.58523056055308
99 0
99 0
99 0
99 0
99 3.14136524331908
99 5.55146694890618
99 5.55146694890618
99 5.55146694890618
99 4.74067168734157
99 0.819504629021085
99 2.41903303706797
99 3.19062413724463
99 0
99 4.87908372572933
99 0
99 0
99 0.989830406148645
99 0.989830406148645
99 0
99 10.1379970407855
99 10.1379970407855
99 10.1379970407855
99 12.8482883713924
99 0
99 16.9139013425195
99 690.589551069457
99 0.173847294984795
99 0.173847294984795
99 5.082921374581
99 5.082921374581
99 0.54615229357528
99 0.54615229357528
99 0.54615229357528
99 0.9940880668619
99 0.9940880668619
99 0.9940880668619
99 1.59395212145284
109 0
109 8.7222025914412
109 8.7222025914412
109 8.7222025914412
109 8.7222025914412
109 0
109 1.58523056055308
109 1.58523056055308
109 0
109 0
109 0
109 0
109 3.14136524331908
109 5.55146694890618
109 5.55146694890618
109 5.55146694890618
109 4.74067168734157
109 0.819504629021085
109 2.41903303706797
109 3.19062413724463
109 0
109 4.87908372572933
109 0
109 0
109 0.989830406148645
109 0.989830406148645
109 0
109 10.1379970407855
109 10.1379970407855
109 10.1379970407855
109 12.8482883713924
109 0
109 16.9139013425195
109 690.589551069457
109 0.173847294984795
109 0.173847294984795
109 5.082921374581
109 5.082921374581
109 0.54615229357528
109 0.54615229357528
109 0.54615229357528
109 0.9940880668619
109 0.9940880668619
109 0.9940880668619
109 1.59395212145284
130 0
130 8.7222025914412
130 8.7222025914412
130 8.7222025914412
130 8.7222025914412
130 0
130 1.58523056055308
130 1.58523056055308
130 0
130 0
130 0
130 0
130 3.14136524331908
130 5.55146694890618
130 5.55146694890618
130 5.55146694890618
130 4.74067168734157
130 0.819504629021085
130 2.41903303706797
130 3.19062413724463
130 0
130 4.87908372572933
130 0
130 0
130 0.989830406148645
130 0.989830406148645
130 0
130 10.1379970407855
130 10.1379970407855
130 10.1379970407855
130 12.8482883713924
130 0
130 16.9139013425195
130 690.589551069457
130 0.173847294984795
130 0.173847294984795
130 5.082921374581
130 5.082921374581
130 0.54615229357528
130 0.54615229357528
130 0.54615229357528
130 0.9940880668619
130 0.9940880668619
130 0.9940880668619
130 1.59395212145284
151 0
151 8.7222025914412
151 8.7222025914412
151 8.7222025914412
151 8.7222025914412
151 0
151 1.58523056055308
151 1.58523056055308
151 0
151 0
151 0
151 0
151 3.14136524331908
151 5.55146694890618
151 5.55146694890618
151 5.55146694890618
151 4.74067168734157
151 0.819504629021085
151 2.41903303706797
151 3.19062413724463
151 0
151 4.87908372572933
151 0
151 0
151 0.989830406148645
151 0.989830406148645
151 0
151 10.1379970407855
151 10.1379970407855
151 10.1379970407855
151 12.8482883713924
151 0
151 16.9139013425195
151 690.589551069457
151 0.173847294984795
151 0.173847294984795
151 5.082921374581
151 5.082921374581
151 0.54615229357528
151 0.54615229357528
151 0.54615229357528
151 0.9940880668619
151 0.9940880668619
151 0.9940880668619
151 1.59395212145284
152 0
152 8.7222025914412
152 8.7222025914412
152 8.7222025914412
152 8.7222025914412
152 0
152 1.58523056055308
152 1.58523056055308
152 0
152 0
152 0
152 0
152 3.14136524331908
152 5.55146694890618
152 5.55146694890618
152 5.55146694890618
152 4.74067168734157
152 0.819504629021085
152 2.41903303706797
152 3.19062413724463
152 0
152 4.87908372572933
152 0
152 0
152 0.989830406148645
152 0.989830406148645
152 0
152 10.1379970407855
152 10.1379970407855
152 10.1379970407855
152 12.8482883713924
152 0
152 16.9139013425195
152 690.589551069457
152 0.173847294984795
152 0.173847294984795
152 5.082921374581
152 5.082921374581
152 0.54615229357528
152 0.54615229357528
152 0.54615229357528
152 0.9940880668619
152 0.9940880668619
152 0.9940880668619
152 1.59395212145284
173 0
173 8.7222025914412
173 8.7222025914412
173 8.7222025914412
173 8.7222025914412
173 0
173 1.58523056055308
173 1.58523056055308
173 0
173 0
173 0
173 0
173 3.14136524331908
173 5.55146694890618
173 5.55146694890618
173 5.55146694890618
173 4.74067168734157
173 0.819504629021085
173 2.41903303706797
173 3.19062413724463
173 0
173 4.87908372572933
173 0
173 0
173 0.989830406148645
173 0.989830406148645
173 0
173 10.1379970407855
173 10.1379970407855
173 10.1379970407855
173 12.8482883713924
173 0
173 16.9139013425195
173 690.589551069457
173 0.173847294984795
173 0.173847294984795
173 5.082921374581
173 5.082921374581
173 0.54615229357528
173 0.54615229357528
173 0.54615229357528
173 0.9940880668619
173 0.9940880668619
173 0.9940880668619
173 1.59395212145284
192 0
192 8.7222025914412
192 8.7222025914412
192 8.7222025914412
192 8.7222025914412
192 0
192 1.58523056055308
192 1.58523056055308
192 0
192 0
192 0
192 0
192 3.14136524331908
192 5.55146694890618
192 5.55146694890618
192 5.55146694890618
192 4.74067168734157
192 0.819504629021085
192 2.41903303706797
192 3.19062413724463
192 0
192 4.87908372572933
192 0
192 0
192 0.989830406148645
192 0.989830406148645
192 0
192 10.1379970407855
192 10.1379970407855
192 10.1379970407855
192 12.8482883713924
192 0
192 16.9139013425195
192 690.589551069457
192 0.173847294984795
192 0.173847294984795
192 5.082921374581
192 5.082921374581
192 0.54615229357528
192 0.54615229357528
192 0.54615229357528
192 0.9940880668619
192 0.9940880668619
192 0.9940880668619
192 1.59395212145284
214 0
214 8.7222025914412
214 8.7222025914412
214 8.7222025914412
214 8.7222025914412
214 0
214 1.58523056055308
214 1.58523056055308
214 0
214 0
214 0
214 0
214 3.14136524331908
214 5.55146694890618
214 5.55146694890618
214 5.55146694890618
214 4.74067168734157
214 0.819504629021085
214 2.41903303706797
214 3.19062413724463
214 0
214 4.87908372572933
214 0
214 0
214 0.989830406148645
214 0.989830406148645
214 0
214 10.1379970407855
214 10.1379970407855
214 10.1379970407855
214 12.8482883713924
214 0
214 16.9139013425195
214 690.589551069457
214 0.173847294984795
214 0.173847294984795
214 5.082921374581
214 5.082921374581
214 0.54615229357528
214 0.54615229357528
214 0.54615229357528
214 0.9940880668619
214 0.9940880668619
214 0.9940880668619
214 1.59395212145284
549 0
549 8.7222025914412
549 8.7222025914412
549 8.7222025914412
549 8.7222025914412
549 0
549 1.58523056055308
549 1.58523056055308
549 0
549 0
549 0
549 0
549 3.14136524331908
549 5.55146694890618
549 5.55146694890618
549 5.55146694890618
549 4.74067168734157
549 0.819504629021085
549 2.41903303706797
549 3.19062413724463
549 0
549 4.87908372572933
549 0
549 0
549 0.989830406148645
549 0.989830406148645
549 0
549 10.1379970407855
549 10.1379970407855
549 10.1379970407855
549 12.8482883713924
549 0
549 16.9139013425195
549 690.589551069457
549 0.173847294984795
549 0.173847294984795
549 5.082921374581
549 5.082921374581
549 0.54615229357528
549 0.54615229357528
549 0.54615229357528
549 0.9940880668619
549 0.9940880668619
549 0.9940880668619
549 1.59395212145284
551 0
551 8.7222025914412
551 8.7222025914412
551 8.7222025914412
551 8.7222025914412
551 0
551 1.58523056055308
551 1.58523056055308
551 0
551 0
551 0
551 0
551 3.14136524331908
551 5.55146694890618
551 5.55146694890618
551 5.55146694890618
551 4.74067168734157
551 0.819504629021085
551 2.41903303706797
551 3.19062413724463
551 0
551 4.87908372572933
551 0
551 0
551 0.989830406148645
551 0.989830406148645
551 0
551 10.1379970407855
551 10.1379970407855
551 10.1379970407855
551 12.8482883713924
551 0
551 16.9139013425195
551 690.589551069457
551 0.173847294984795
551 0.173847294984795
551 5.082921374581
551 5.082921374581
551 0.54615229357528
551 0.54615229357528
551 0.54615229357528
551 0.9940880668619
551 0.9940880668619
551 0.9940880668619
551 1.59395212145284
761 0
761 8.7222025914412
761 8.7222025914412
761 8.7222025914412
761 8.7222025914412
761 0
761 1.58523056055308
761 1.58523056055308
761 0
761 0
761 0
761 0
761 3.14136524331908
761 5.55146694890618
761 5.55146694890618
761 5.55146694890618
761 4.74067168734157
761 0.819504629021085
761 2.41903303706797
761 3.19062413724463
761 0
761 4.87908372572933
761 0
761 0
761 0.989830406148645
761 0.989830406148645
761 0
761 10.1379970407855
761 10.1379970407855
761 10.1379970407855
761 12.8482883713924
761 0
761 16.9139013425195
761 690.589551069457
761 0.173847294984795
761 0.173847294984795
761 5.082921374581
761 5.082921374581
761 0.54615229357528
761 0.54615229357528
761 0.54615229357528
761 0.9940880668619
761 0.9940880668619
761 0.9940880668619
761 1.59395212145284
762 0
762 8.7222025914412
762 8.7222025914412
762 8.7222025914412
762 8.7222025914412
762 0
762 1.58523056055308
762 1.58523056055308
762 0
762 0
762 0
762 0
762 3.14136524331908
762 5.55146694890618
762 5.55146694890618
762 5.55146694890618
762 4.74067168734157
762 0.819504629021085
762 2.41903303706797
762 3.19062413724463
762 0
762 4.87908372572933
762 0
762 0
762 0.989830406148645
762 0.989830406148645
762 0
762 10.1379970407855
762 10.1379970407855
762 10.1379970407855
762 12.8482883713924
762 0
762 16.9139013425195
762 690.589551069457
762 0.173847294984795
762 0.173847294984795
762 5.082921374581
762 5.082921374581
762 0.54615229357528
762 0.54615229357528
762 0.54615229357528
762 0.9940880668619
762 0.9940880668619
762 0.9940880668619
762 1.59395212145284
853 0
853 8.7222025914412
853 8.7222025914412
853 8.7222025914412
853 8.7222025914412
853 0
853 1.58523056055308
853 1.58523056055308
853 0
853 0
853 0
853 0
853 3.14136524331908
853 5.55146694890618
853 5.55146694890618
853 5.55146694890618
853 4.74067168734157
853 0.819504629021085
853 2.41903303706797
853 3.19062413724463
853 0
853 4.87908372572933
853 0
853 0
853 0.989830406148645
853 0.989830406148645
853 0
853 10.1379970407855
853 10.1379970407855
853 10.1379970407855
853 12.8482883713924
853 0
853 16.9139013425195
853 690.589551069457
853 0.173847294984795
853 0.173847294984795
853 5.082921374581
853 5.082921374581
853 0.54615229357528
853 0.54615229357528
853 0.54615229357528
853 0.9940880668619
853 0.9940880668619
853 0.9940880668619
853 1.59395212145284
842 0
842 8.7222025914412
842 8.7222025914412
842 8.7222025914412
842 8.7222025914412
842 0
842 1.58523056055308
842 1.58523056055308
842 0
842 0
842 0
842 0
842 3.14136524331908
842 5.55146694890618
842 5.55146694890618
842 5.55146694890618
842 4.74067168734157
842 0.819504629021085
842 2.41903303706797
842 3.19062413724463
842 0
842 4.87908372572933
842 0
842 0
842 0.989830406148645
842 0.989830406148645
842 0
842 10.1379970407855
842 10.1379970407855
842 10.1379970407855
842 12.8482883713924
842 0
842 16.9139013425195
842 690.589551069457
842 0.173847294984795
842 0.173847294984795
842 5.082921374581
842 5.082921374581
842 0.54615229357528
842 0.54615229357528
842 0.54615229357528
842 0.9940880668619
842 0.9940880668619
842 0.9940880668619
842 1.59395212145284
849 0
849 8.7222025914412
849 8.7222025914412
849 8.7222025914412
849 8.7222025914412
849 0
849 1.58523056055308
849 1.58523056055308
849 0
849 0
849 0
849 0
849 3.14136524331908
849 5.55146694890618
849 5.55146694890618
849 5.55146694890618
849 4.74067168734157
849 0.819504629021085
849 2.41903303706797
849 3.19062413724463
849 0
849 4.87908372572933
849 0
849 0
849 0.989830406148645
849 0.989830406148645
849 0
849 10.1379970407855
849 10.1379970407855
849 10.1379970407855
849 12.8482883713924
849 0
849 16.9139013425195
849 690.589551069457
849 0.173847294984795
849 0.173847294984795
849 5.082921374581
849 5.082921374581
849 0.54615229357528
849 0.54615229357528
849 0.54615229357528
849 0.9940880668619
849 0.9940880668619
849 0.9940880668619
849 1.59395212145284
881 0
881 8.7222025914412
881 8.7222025914412
881 8.7222025914412
881 8.7222025914412
881 0
881 1.58523056055308
881 1.58523056055308
881 0
881 0
881 0
881 0
881 3.14136524331908
881 5.55146694890618
881 5.55146694890618
881 5.55146694890618
881 4.74067168734157
881 0.819504629021085
881 2.41903303706797
881 3.19062413724463
881 0
881 4.87908372572933
881 0
881 0
881 0.989830406148645
881 0.989830406148645
881 0
881 10.1379970407855
881 10.1379970407855
881 10.1379970407855
881 12.8482883713924
881 0
881 16.9139013425195
881 690.589551069457
881 0.173847294984795
881 0.173847294984795
881 5.082921374581
881 5.082921374581
881 0.54615229357528
881 0.54615229357528
881 0.54615229357528
881 0.9940880668619
881 0.9940880668619
881 0.9940880668619
881 1.59395212145284
882 0
882 8.7222025914412
882 8.7222025914412
882 8.7222025914412
882 8.7222025914412
882 0
882 1.58523056055308
882 1.58523056055308
882 0
882 0
882 0
882 0
882 3.14136524331908
882 5.55146694890618
882 5.55146694890618
882 5.55146694890618
882 4.74067168734157
882 0.819504629021085
882 2.41903303706797
882 3.19062413724463
882 0
882 4.87908372572933
882 0
882 0
882 0.989830406148645
882 0.989830406148645
882 0
882 10.1379970407855
882 10.1379970407855
882 10.1379970407855
882 12.8482883713924
882 0
882 16.9139013425195
882 690.589551069457
882 0.173847294984795
882 0.173847294984795
882 5.082921374581
882 5.082921374581
882 0.54615229357528
882 0.54615229357528
882 0.54615229357528
882 0.9940880668619
882 0.9940880668619
882 0.9940880668619
882 1.59395212145284
934 0
934 8.7222025914412
934 8.7222025914412
934 8.7222025914412
934 8.7222025914412
934 0
934 1.58523056055308
934 1.58523056055308
934 0
934 0
934 0
934 0
934 3.14136524331908
934 5.55146694890618
934 5.55146694890618
934 5.55146694890618
934 4.74067168734157
934 0.819504629021085
934 2.41903303706797
934 3.19062413724463
934 0
934 4.87908372572933
934 0
934 0
934 0.989830406148645
934 0.989830406148645
934 0
934 10.1379970407855
934 10.1379970407855
934 10.1379970407855
934 12.8482883713924
934 0
934 16.9139013425195
934 690.589551069457
934 0.173847294984795
934 0.173847294984795
934 5.082921374581
934 5.082921374581
934 0.54615229357528
934 0.54615229357528
934 0.54615229357528
934 0.9940880668619
934 0.9940880668619
934 0.9940880668619
934 1.59395212145284
937 0
937 8.7222025914412
937 8.7222025914412
937 8.7222025914412
937 8.7222025914412
937 0
937 1.58523056055308
937 1.58523056055308
937 0
937 0
937 0
937 0
937 3.14136524331908
937 5.55146694890618
937 5.55146694890618
937 5.55146694890618
937 4.74067168734157
937 0.819504629021085
937 2.41903303706797
937 3.19062413724463
937 0
937 4.87908372572933
937 0
937 0
937 0.989830406148645
937 0.989830406148645
937 0
937 10.1379970407855
937 10.1379970407855
937 10.1379970407855
937 12.8482883713924
937 0
937 16.9139013425195
937 690.589551069457
937 0.173847294984795
937 0.173847294984795
937 5.082921374581
937 5.082921374581
937 0.54615229357528
937 0.54615229357528
937 0.54615229357528
937 0.9940880668619
937 0.9940880668619
937 0.9940880668619
937 1.59395212145284
938 0
938 8.7222025914412
938 8.7222025914412
938 8.7222025914412
938 8.7222025914412
938 0
938 1.58523056055308
938 1.58523056055308
938 0
938 0
938 0
938 0
938 3.14136524331908
938 5.55146694890618
938 5.55146694890618
938 5.55146694890618
938 4.74067168734157
938 0.819504629021085
938 2.41903303706797
938 3.19062413724463
938 0
938 4.87908372572933
938 0
938 0
938 0.989830406148645
938 0.989830406148645
938 0
938 10.1379970407855
938 10.1379970407855
938 10.1379970407855
938 12.8482883713924
938 0
938 16.9139013425195
938 690.589551069457
938 0.173847294984795
938 0.173847294984795
938 5.082921374581
938 5.082921374581
938 0.54615229357528
938 0.54615229357528
938 0.54615229357528
938 0.9940880668619
938 0.9940880668619
938 0.9940880668619
938 1.59395212145284
989 0
989 8.7222025914412
989 8.7222025914412
989 8.7222025914412
989 8.7222025914412
989 0
989 1.58523056055308
989 1.58523056055308
989 0
989 0
989 0
989 0
989 3.14136524331908
989 5.55146694890618
989 5.55146694890618
989 5.55146694890618
989 4.74067168734157
989 0.819504629021085
989 2.41903303706797
989 3.19062413724463
989 0
989 4.87908372572933
989 0
989 0
989 0.989830406148645
989 0.989830406148645
989 0
989 10.1379970407855
989 10.1379970407855
989 10.1379970407855
989 12.8482883713924
989 0
989 16.9139013425195
989 690.589551069457
989 0.173847294984795
989 0.173847294984795
989 5.082921374581
989 5.082921374581
989 0.54615229357528
989 0.54615229357528
989 0.54615229357528
989 0.9940880668619
989 0.9940880668619
989 0.9940880668619
989 1.59395212145284
1041 0
1041 8.7222025914412
1041 8.7222025914412
1041 8.7222025914412
1041 8.7222025914412
1041 0
1041 1.58523056055308
1041 1.58523056055308
1041 0
1041 0
1041 0
1041 0
1041 3.14136524331908
1041 5.55146694890618
1041 5.55146694890618
1041 5.55146694890618
1041 4.74067168734157
1041 0.819504629021085
1041 2.41903303706797
1041 3.19062413724463
1041 0
1041 4.87908372572933
1041 0
1041 0
1041 0.989830406148645
1041 0.989830406148645
1041 0
1041 10.1379970407855
1041 10.1379970407855
1041 10.1379970407855
1041 12.8482883713924
1041 0
1041 16.9139013425195
1041 690.589551069457
1041 0.173847294984795
1041 0.173847294984795
1041 5.082921374581
1041 5.082921374581
1041 0.54615229357528
1041 0.54615229357528
1041 0.54615229357528
1041 0.9940880668619
1041 0.9940880668619
1041 0.9940880668619
1041 1.59395212145284
1044 0
1044 8.7222025914412
1044 8.7222025914412
1044 8.7222025914412
1044 8.7222025914412
1044 0
1044 1.58523056055308
1044 1.58523056055308
1044 0
1044 0
1044 0
1044 0
1044 3.14136524331908
1044 5.55146694890618
1044 5.55146694890618
1044 5.55146694890618
1044 4.74067168734157
1044 0.819504629021085
1044 2.41903303706797
1044 3.19062413724463
1044 0
1044 4.87908372572933
1044 0
1044 0
1044 0.989830406148645
1044 0.989830406148645
1044 0
1044 10.1379970407855
1044 10.1379970407855
1044 10.1379970407855
1044 12.8482883713924
1044 0
1044 16.9139013425195
1044 690.589551069457
1044 0.173847294984795
1044 0.173847294984795
1044 5.082921374581
1044 5.082921374581
1044 0.54615229357528
1044 0.54615229357528
1044 0.54615229357528
1044 0.9940880668619
1044 0.9940880668619
1044 0.9940880668619
1044 1.59395212145284
1096 0
1096 8.7222025914412
1096 8.7222025914412
1096 8.7222025914412
1096 8.7222025914412
1096 0
1096 1.58523056055308
1096 1.58523056055308
1096 0
1096 0
1096 0
1096 0
1096 3.14136524331908
1096 5.55146694890618
1096 5.55146694890618
1096 5.55146694890618
1096 4.74067168734157
1096 0.819504629021085
1096 2.41903303706797
1096 3.19062413724463
1096 0
1096 4.87908372572933
1096 0
1096 0
1096 0.989830406148645
1096 0.989830406148645
1096 0
1096 10.1379970407855
1096 10.1379970407855
1096 10.1379970407855
1096 12.8482883713924
1096 0
1096 16.9139013425195
1096 690.589551069457
1096 0.173847294984795
1096 0.173847294984795
1096 5.082921374581
1096 5.082921374581
1096 0.54615229357528
1096 0.54615229357528
1096 0.54615229357528
1096 0.9940880668619
1096 0.9940880668619
1096 0.9940880668619
1096 1.59395212145284
1102 0
1102 8.7222025914412
1102 8.7222025914412
1102 8.7222025914412
1102 8.7222025914412
1102 0
1102 1.58523056055308
1102 1.58523056055308
1102 0
1102 0
1102 0
1102 0
1102 3.14136524331908
1102 5.55146694890618
1102 5.55146694890618
1102 5.55146694890618
1102 4.74067168734157
1102 0.819504629021085
1102 2.41903303706797
1102 3.19062413724463
1102 0
1102 4.87908372572933
1102 0
1102 0
1102 0.989830406148645
1102 0.989830406148645
1102 0
1102 10.1379970407855
1102 10.1379970407855
1102 10.1379970407855
1102 12.8482883713924
1102 0
1102 16.9139013425195
1102 690.589551069457
1102 0.173847294984795
1102 0.173847294984795
1102 5.082921374581
1102 5.082921374581
1102 0.54615229357528
1102 0.54615229357528
1102 0.54615229357528
1102 0.9940880668619
1102 0.9940880668619
1102 0.9940880668619
1102 1.59395212145284
1104 0
1104 8.7222025914412
1104 8.7222025914412
1104 8.7222025914412
1104 8.7222025914412
1104 0
1104 1.58523056055308
1104 1.58523056055308
1104 0
1104 0
1104 0
1104 0
1104 3.14136524331908
1104 5.55146694890618
1104 5.55146694890618
1104 5.55146694890618
1104 4.74067168734157
1104 0.819504629021085
1104 2.41903303706797
1104 3.19062413724463
1104 0
1104 4.87908372572933
1104 0
1104 0
1104 0.989830406148645
1104 0.989830406148645
1104 0
1104 10.1379970407855
1104 10.1379970407855
1104 10.1379970407855
1104 12.8482883713924
1104 0
1104 16.9139013425195
1104 690.589551069457
1104 0.173847294984795
1104 0.173847294984795
1104 5.082921374581
1104 5.082921374581
1104 0.54615229357528
1104 0.54615229357528
1104 0.54615229357528
1104 0.9940880668619
1104 0.9940880668619
1104 0.9940880668619
1104 1.59395212145284
1106 0
1106 8.7222025914412
1106 8.7222025914412
1106 8.7222025914412
1106 8.7222025914412
1106 0
1106 1.58523056055308
1106 1.58523056055308
1106 0
1106 0
1106 0
1106 0
1106 3.14136524331908
1106 5.55146694890618
1106 5.55146694890618
1106 5.55146694890618
1106 4.74067168734157
1106 0.819504629021085
1106 2.41903303706797
1106 3.19062413724463
1106 0
1106 4.87908372572933
1106 0
1106 0
1106 0.989830406148645
1106 0.989830406148645
1106 0
1106 10.1379970407855
1106 10.1379970407855
1106 10.1379970407855
1106 12.8482883713924
1106 0
1106 16.9139013425195
1106 690.589551069457
1106 0.173847294984795
1106 0.173847294984795
1106 5.082921374581
1106 5.082921374581
1106 0.54615229357528
1106 0.54615229357528
1106 0.54615229357528
1106 0.9940880668619
1106 0.9940880668619
1106 0.9940880668619
1106 1.59395212145284
1158 0
1158 8.7222025914412
1158 8.7222025914412
1158 8.7222025914412
1158 8.7222025914412
1158 0
1158 1.58523056055308
1158 1.58523056055308
1158 0
1158 0
1158 0
1158 0
1158 3.14136524331908
1158 5.55146694890618
1158 5.55146694890618
1158 5.55146694890618
1158 4.74067168734157
1158 0.819504629021085
1158 2.41903303706797
1158 3.19062413724463
1158 0
1158 4.87908372572933
1158 0
1158 0
1158 0.989830406148645
1158 0.989830406148645
1158 0
1158 10.1379970407855
1158 10.1379970407855
1158 10.1379970407855
1158 12.8482883713924
1158 0
1158 16.9139013425195
1158 690.589551069457
1158 0.173847294984795
1158 0.173847294984795
1158 5.082921374581
1158 5.082921374581
1158 0.54615229357528
1158 0.54615229357528
1158 0.54615229357528
1158 0.9940880668619
1158 0.9940880668619
1158 0.9940880668619
1158 1.59395212145284
1172 0
1172 8.7222025914412
1172 8.7222025914412
1172 8.7222025914412
1172 8.7222025914412
1172 0
1172 1.58523056055308
1172 1.58523056055308
1172 0
1172 0
1172 0
1172 0
1172 3.14136524331908
1172 5.55146694890618
1172 5.55146694890618
1172 5.55146694890618
1172 4.74067168734157
1172 0.819504629021085
1172 2.41903303706797
1172 3.19062413724463
1172 0
1172 4.87908372572933
1172 0
1172 0
1172 0.989830406148645
1172 0.989830406148645
1172 0
1172 10.1379970407855
1172 10.1379970407855
1172 10.1379970407855
1172 12.8482883713924
1172 0
1172 16.9139013425195
1172 690.589551069457
1172 0.173847294984795
1172 0.173847294984795
1172 5.082921374581
1172 5.082921374581
1172 0.54615229357528
1172 0.54615229357528
1172 0.54615229357528
1172 0.9940880668619
1172 0.9940880668619
1172 0.9940880668619
1172 1.59395212145284
1171 0
1171 8.7222025914412
1171 8.7222025914412
1171 8.7222025914412
1171 8.7222025914412
1171 0
1171 1.58523056055308
1171 1.58523056055308
1171 0
1171 0
1171 0
1171 0
1171 3.14136524331908
1171 5.55146694890618
1171 5.55146694890618
1171 5.55146694890618
1171 4.74067168734157
1171 0.819504629021085
1171 2.41903303706797
1171 3.19062413724463
1171 0
1171 4.87908372572933
1171 0
1171 0
1171 0.989830406148645
1171 0.989830406148645
1171 0
1171 10.1379970407855
1171 10.1379970407855
1171 10.1379970407855
1171 12.8482883713924
1171 0
1171 16.9139013425195
1171 690.589551069457
1171 0.173847294984795
1171 0.173847294984795
1171 5.082921374581
1171 5.082921374581
1171 0.54615229357528
1171 0.54615229357528
1171 0.54615229357528
1171 0.9940880668619
1171 0.9940880668619
1171 0.9940880668619
1171 1.59395212145284
1170 0
1170 8.7222025914412
1170 8.7222025914412
1170 8.7222025914412
1170 8.7222025914412
1170 0
1170 1.58523056055308
1170 1.58523056055308
1170 0
1170 0
1170 0
1170 0
1170 3.14136524331908
1170 5.55146694890618
1170 5.55146694890618
1170 5.55146694890618
1170 4.74067168734157
1170 0.819504629021085
1170 2.41903303706797
1170 3.19062413724463
1170 0
1170 4.87908372572933
1170 0
1170 0
1170 0.989830406148645
1170 0.989830406148645
1170 0
1170 10.1379970407855
1170 10.1379970407855
1170 10.1379970407855
1170 12.8482883713924
1170 0
1170 16.9139013425195
1170 690.589551069457
1170 0.173847294984795
1170 0.173847294984795
1170 5.082921374581
1170 5.082921374581
1170 0.54615229357528
1170 0.54615229357528
1170 0.54615229357528
1170 0.9940880668619
1170 0.9940880668619
1170 0.9940880668619
1170 1.59395212145284
1169 0
1169 8.7222025914412
1169 8.7222025914412
1169 8.7222025914412
1169 8.7222025914412
1169 0
1169 1.58523056055308
1169 1.58523056055308
1169 0
1169 0
1169 0
1169 0
1169 3.14136524331908
1169 5.55146694890618
1169 5.55146694890618
1169 5.55146694890618
1169 4.74067168734157
1169 0.819504629021085
1169 2.41903303706797
1169 3.19062413724463
1169 0
1169 4.87908372572933
1169 0
1169 0
1169 0.989830406148645
1169 0.989830406148645
1169 0
1169 10.1379970407855
1169 10.1379970407855
1169 10.1379970407855
1169 12.8482883713924
1169 0
1169 16.9139013425195
1169 690.589551069457
1169 0.173847294984795
1169 0.173847294984795
1169 5.082921374581
1169 5.082921374581
1169 0.54615229357528
1169 0.54615229357528
1169 0.54615229357528
1169 0.9940880668619
1169 0.9940880668619
1169 0.9940880668619
1169 1.59395212145284
1221 0
1221 8.7222025914412
1221 8.7222025914412
1221 8.7222025914412
1221 8.7222025914412
1221 0
1221 1.58523056055308
1221 1.58523056055308
1221 0
1221 0
1221 0
1221 0
1221 3.14136524331908
1221 5.55146694890618
1221 5.55146694890618
1221 5.55146694890618
1221 4.74067168734157
1221 0.819504629021085
1221 2.41903303706797
1221 3.19062413724463
1221 0
1221 4.87908372572933
1221 0
1221 0
1221 0.989830406148645
1221 0.989830406148645
1221 0
1221 10.1379970407855
1221 10.1379970407855
1221 10.1379970407855
1221 12.8482883713924
1221 0
1221 16.9139013425195
1221 690.589551069457
1221 0.173847294984795
1221 0.173847294984795
1221 5.082921374581
1221 5.082921374581
1221 0.54615229357528
1221 0.54615229357528
1221 0.54615229357528
1221 0.9940880668619
1221 0.9940880668619
1221 0.9940880668619
1221 1.59395212145284
1236 0
1236 8.7222025914412
1236 8.7222025914412
1236 8.7222025914412
1236 8.7222025914412
1236 0
1236 1.58523056055308
1236 1.58523056055308
1236 0
1236 0
1236 0
1236 0
1236 3.14136524331908
1236 5.55146694890618
1236 5.55146694890618
1236 5.55146694890618
1236 4.74067168734157
1236 0.819504629021085
1236 2.41903303706797
1236 3.19062413724463
1236 0
1236 4.87908372572933
1236 0
1236 0
1236 0.989830406148645
1236 0.989830406148645
1236 0
1236 10.1379970407855
1236 10.1379970407855
1236 10.1379970407855
1236 12.8482883713924
1236 0
1236 16.9139013425195
1236 690.589551069457
1236 0.173847294984795
1236 0.173847294984795
1236 5.082921374581
1236 5.082921374581
1236 0.54615229357528
1236 0.54615229357528
1236 0.54615229357528
1236 0.9940880668619
1236 0.9940880668619
1236 0.9940880668619
1236 1.59395212145284
1235 0
1235 8.7222025914412
1235 8.7222025914412
1235 8.7222025914412
1235 8.7222025914412
1235 0
1235 1.58523056055308
1235 1.58523056055308
1235 0
1235 0
1235 0
1235 0
1235 3.14136524331908
1235 5.55146694890618
1235 5.55146694890618
1235 5.55146694890618
1235 4.74067168734157
1235 0.819504629021085
1235 2.41903303706797
1235 3.19062413724463
1235 0
1235 4.87908372572933
1235 0
1235 0
1235 0.989830406148645
1235 0.989830406148645
1235 0
1235 10.1379970407855
1235 10.1379970407855
1235 10.1379970407855
1235 12.8482883713924
1235 0
1235 16.9139013425195
1235 690.589551069457
1235 0.173847294984795
1235 0.173847294984795
1235 5.082921374581
1235 5.082921374581
1235 0.54615229357528
1235 0.54615229357528
1235 0.54615229357528
1235 0.9940880668619
1235 0.9940880668619
1235 0.9940880668619
1235 1.59395212145284
1234 0
1234 8.7222025914412
1234 8.7222025914412
1234 8.7222025914412
1234 8.7222025914412
1234 0
1234 1.58523056055308
1234 1.58523056055308
1234 0
1234 0
1234 0
1234 0
1234 3.14136524331908
1234 5.55146694890618
1234 5.55146694890618
1234 5.55146694890618
1234 4.74067168734157
1234 0.819504629021085
1234 2.41903303706797
1234 3.19062413724463
1234 0
1234 4.87908372572933
1234 0
1234 0
1234 0.989830406148645
1234 0.989830406148645
1234 0
1234 10.1379970407855
1234 10.1379970407855
1234 10.1379970407855
1234 12.8482883713924
1234 0
1234 16.9139013425195
1234 690.589551069457
1234 0.173847294984795
1234 0.173847294984795
1234 5.082921374581
1234 5.082921374581
1234 0.54615229357528
1234 0.54615229357528
1234 0.54615229357528
1234 0.9940880668619
1234 0.9940880668619
1234 0.9940880668619
1234 1.59395212145284
1281 0
1281 8.7222025914412
1281 8.7222025914412
1281 8.7222025914412
1281 8.7222025914412
1281 0
1281 1.58523056055308
1281 1.58523056055308
1281 0
1281 0
1281 0
1281 0
1281 3.14136524331908
1281 5.55146694890618
1281 5.55146694890618
1281 5.55146694890618
1281 4.74067168734157
1281 0.819504629021085
1281 2.41903303706797
1281 3.19062413724463
1281 0
1281 4.87908372572933
1281 0
1281 0
1281 0.989830406148645
1281 0.989830406148645
1281 0
1281 10.1379970407855
1281 10.1379970407855
1281 10.1379970407855
1281 12.8482883713924
1281 0
1281 16.9139013425195
1281 690.589551069457
1281 0.173847294984795
1281 0.173847294984795
1281 5.082921374581
1281 5.082921374581
1281 0.54615229357528
1281 0.54615229357528
1281 0.54615229357528
1281 0.9940880668619
1281 0.9940880668619
1281 0.9940880668619
1281 1.59395212145284
1282 0
1282 8.7222025914412
1282 8.7222025914412
1282 8.7222025914412
1282 8.7222025914412
1282 0
1282 1.58523056055308
1282 1.58523056055308
1282 0
1282 0
1282 0
1282 0
1282 3.14136524331908
1282 5.55146694890618
1282 5.55146694890618
1282 5.55146694890618
1282 4.74067168734157
1282 0.819504629021085
1282 2.41903303706797
1282 3.19062413724463
1282 0
1282 4.87908372572933
1282 0
1282 0
1282 0.989830406148645
1282 0.989830406148645
1282 0
1282 10.1379970407855
1282 10.1379970407855
1282 10.1379970407855
1282 12.8482883713924
1282 0
1282 16.9139013425195
1282 690.589551069457
1282 0.173847294984795
1282 0.173847294984795
1282 5.082921374581
1282 5.082921374581
1282 0.54615229357528
1282 0.54615229357528
1282 0.54615229357528
1282 0.9940880668619
1282 0.9940880668619
1282 0.9940880668619
1282 1.59395212145284
1285 0
1285 8.7222025914412
1285 8.7222025914412
1285 8.7222025914412
1285 8.7222025914412
1285 0
1285 1.58523056055308
1285 1.58523056055308
1285 0
1285 0
1285 0
1285 0
1285 3.14136524331908
1285 5.55146694890618
1285 5.55146694890618
1285 5.55146694890618
1285 4.74067168734157
1285 0.819504629021085
1285 2.41903303706797
1285 3.19062413724463
1285 0
1285 4.87908372572933
1285 0
1285 0
1285 0.989830406148645
1285 0.989830406148645
1285 0
1285 10.1379970407855
1285 10.1379970407855
1285 10.1379970407855
1285 12.8482883713924
1285 0
1285 16.9139013425195
1285 690.589551069457
1285 0.173847294984795
1285 0.173847294984795
1285 5.082921374581
1285 5.082921374581
1285 0.54615229357528
1285 0.54615229357528
1285 0.54615229357528
1285 0.9940880668619
1285 0.9940880668619
1285 0.9940880668619
1285 1.59395212145284
1286 0
1286 8.7222025914412
1286 8.7222025914412
1286 8.7222025914412
1286 8.7222025914412
1286 0
1286 1.58523056055308
1286 1.58523056055308
1286 0
1286 0
1286 0
1286 0
1286 3.14136524331908
1286 5.55146694890618
1286 5.55146694890618
1286 5.55146694890618
1286 4.74067168734157
1286 0.819504629021085
1286 2.41903303706797
1286 3.19062413724463
1286 0
1286 4.87908372572933
1286 0
1286 0
1286 0.989830406148645
1286 0.989830406148645
1286 0
1286 10.1379970407855
1286 10.1379970407855
1286 10.1379970407855
1286 12.8482883713924
1286 0
1286 16.9139013425195
1286 690.589551069457
1286 0.173847294984795
1286 0.173847294984795
1286 5.082921374581
1286 5.082921374581
1286 0.54615229357528
1286 0.54615229357528
1286 0.54615229357528
1286 0.9940880668619
1286 0.9940880668619
1286 0.9940880668619
1286 1.59395212145284
1291 0
1291 8.7222025914412
1291 8.7222025914412
1291 8.7222025914412
1291 8.7222025914412
1291 0
1291 1.58523056055308
1291 1.58523056055308
1291 0
1291 0
1291 0
1291 0
1291 3.14136524331908
1291 5.55146694890618
1291 5.55146694890618
1291 5.55146694890618
1291 4.74067168734157
1291 0.819504629021085
1291 2.41903303706797
1291 3.19062413724463
1291 0
1291 4.87908372572933
1291 0
1291 0
1291 0.989830406148645
1291 0.989830406148645
1291 0
1291 10.1379970407855
1291 10.1379970407855
1291 10.1379970407855
1291 12.8482883713924
1291 0
1291 16.9139013425195
1291 690.589551069457
1291 0.173847294984795
1291 0.173847294984795
1291 5.082921374581
1291 5.082921374581
1291 0.54615229357528
1291 0.54615229357528
1291 0.54615229357528
1291 0.9940880668619
1291 0.9940880668619
1291 0.9940880668619
1291 1.59395212145284
1302 0
1302 8.7222025914412
1302 8.7222025914412
1302 8.7222025914412
1302 8.7222025914412
1302 0
1302 1.58523056055308
1302 1.58523056055308
1302 0
1302 0
1302 0
1302 0
1302 3.14136524331908
1302 5.55146694890618
1302 5.55146694890618
1302 5.55146694890618
1302 4.74067168734157
1302 0.819504629021085
1302 2.41903303706797
1302 3.19062413724463
1302 0
1302 4.87908372572933
1302 0
1302 0
1302 0.989830406148645
1302 0.989830406148645
1302 0
1302 10.1379970407855
1302 10.1379970407855
1302 10.1379970407855
1302 12.8482883713924
1302 0
1302 16.9139013425195
1302 690.589551069457
1302 0.173847294984795
1302 0.173847294984795
1302 5.082921374581
1302 5.082921374581
1302 0.54615229357528
1302 0.54615229357528
1302 0.54615229357528
1302 0.9940880668619
1302 0.9940880668619
1302 0.9940880668619
1302 1.59395212145284
1301 0
1301 8.7222025914412
1301 8.7222025914412
1301 8.7222025914412
1301 8.7222025914412
1301 0
1301 1.58523056055308
1301 1.58523056055308
1301 0
1301 0
1301 0
1301 0
1301 3.14136524331908
1301 5.55146694890618
1301 5.55146694890618
1301 5.55146694890618
1301 4.74067168734157
1301 0.819504629021085
1301 2.41903303706797
1301 3.19062413724463
1301 0
1301 4.87908372572933
1301 0
1301 0
1301 0.989830406148645
1301 0.989830406148645
1301 0
1301 10.1379970407855
1301 10.1379970407855
1301 10.1379970407855
1301 12.8482883713924
1301 0
1301 16.9139013425195
1301 690.589551069457
1301 0.173847294984795
1301 0.173847294984795
1301 5.082921374581
1301 5.082921374581
1301 0.54615229357528
1301 0.54615229357528
1301 0.54615229357528
1301 0.9940880668619
1301 0.9940880668619
1301 0.9940880668619
1301 1.59395212145284
1293 0
1293 8.7222025914412
1293 8.7222025914412
1293 8.7222025914412
1293 8.7222025914412
1293 0
1293 1.58523056055308
1293 1.58523056055308
1293 0
1293 0
1293 0
1293 0
1293 3.14136524331908
1293 5.55146694890618
1293 5.55146694890618
1293 5.55146694890618
1293 4.74067168734157
1293 0.819504629021085
1293 2.41903303706797
1293 3.19062413724463
1293 0
1293 4.87908372572933
1293 0
1293 0
1293 0.989830406148645
1293 0.989830406148645
1293 0
1293 10.1379970407855
1293 10.1379970407855
1293 10.1379970407855
1293 12.8482883713924
1293 0
1293 16.9139013425195
1293 690.589551069457
1293 0.173847294984795
1293 0.173847294984795
1293 5.082921374581
1293 5.082921374581
1293 0.54615229357528
1293 0.54615229357528
1293 0.54615229357528
1293 0.9940880668619
1293 0.9940880668619
1293 0.9940880668619
1293 1.59395212145284
1300 0
1300 8.7222025914412
1300 8.7222025914412
1300 8.7222025914412
1300 8.7222025914412
1300 0
1300 1.58523056055308
1300 1.58523056055308
1300 0
1300 0
1300 0
1300 0
1300 3.14136524331908
1300 5.55146694890618
1300 5.55146694890618
1300 5.55146694890618
1300 4.74067168734157
1300 0.819504629021085
1300 2.41903303706797
1300 3.19062413724463
1300 0
1300 4.87908372572933
1300 0
1300 0
1300 0.989830406148645
1300 0.989830406148645
1300 0
1300 10.1379970407855
1300 10.1379970407855
1300 10.1379970407855
1300 12.8482883713924
1300 0
1300 16.9139013425195
1300 690.589551069457
1300 0.173847294984795
1300 0.173847294984795
1300 5.082921374581
1300 5.082921374581
1300 0.54615229357528
1300 0.54615229357528
1300 0.54615229357528
1300 0.9940880668619
1300 0.9940880668619
1300 0.9940880668619
1300 1.59395212145284
1347 0
1347 8.7222025914412
1347 8.7222025914412
1347 8.7222025914412
1347 8.7222025914412
1347 0
1347 1.58523056055308
1347 1.58523056055308
1347 0
1347 0
1347 0
1347 0
1347 3.14136524331908
1347 5.55146694890618
1347 5.55146694890618
1347 5.55146694890618
1347 4.74067168734157
1347 0.819504629021085
1347 2.41903303706797
1347 3.19062413724463
1347 0
1347 4.87908372572933
1347 0
1347 0
1347 0.989830406148645
1347 0.989830406148645
1347 0
1347 10.1379970407855
1347 10.1379970407855
1347 10.1379970407855
1347 12.8482883713924
1347 0
1347 16.9139013425195
1347 690.589551069457
1347 0.173847294984795
1347 0.173847294984795
1347 5.082921374581
1347 5.082921374581
1347 0.54615229357528
1347 0.54615229357528
1347 0.54615229357528
1347 0.9940880668619
1347 0.9940880668619
1347 0.9940880668619
1347 1.59395212145284
1348 0
1348 8.7222025914412
1348 8.7222025914412
1348 8.7222025914412
1348 8.7222025914412
1348 0
1348 1.58523056055308
1348 1.58523056055308
1348 0
1348 0
1348 0
1348 0
1348 3.14136524331908
1348 5.55146694890618
1348 5.55146694890618
1348 5.55146694890618
1348 4.74067168734157
1348 0.819504629021085
1348 2.41903303706797
1348 3.19062413724463
1348 0
1348 4.87908372572933
1348 0
1348 0
1348 0.989830406148645
1348 0.989830406148645
1348 0
1348 10.1379970407855
1348 10.1379970407855
1348 10.1379970407855
1348 12.8482883713924
1348 0
1348 16.9139013425195
1348 690.589551069457
1348 0.173847294984795
1348 0.173847294984795
1348 5.082921374581
1348 5.082921374581
1348 0.54615229357528
1348 0.54615229357528
1348 0.54615229357528
1348 0.9940880668619
1348 0.9940880668619
1348 0.9940880668619
1348 1.59395212145284
1349 0
1349 8.7222025914412
1349 8.7222025914412
1349 8.7222025914412
1349 8.7222025914412
1349 0
1349 1.58523056055308
1349 1.58523056055308
1349 0
1349 0
1349 0
1349 0
1349 3.14136524331908
1349 5.55146694890618
1349 5.55146694890618
1349 5.55146694890618
1349 4.74067168734157
1349 0.819504629021085
1349 2.41903303706797
1349 3.19062413724463
1349 0
1349 4.87908372572933
1349 0
1349 0
1349 0.989830406148645
1349 0.989830406148645
1349 0
1349 10.1379970407855
1349 10.1379970407855
1349 10.1379970407855
1349 12.8482883713924
1349 0
1349 16.9139013425195
1349 690.589551069457
1349 0.173847294984795
1349 0.173847294984795
1349 5.082921374581
1349 5.082921374581
1349 0.54615229357528
1349 0.54615229357528
1349 0.54615229357528
1349 0.9940880668619
1349 0.9940880668619
1349 0.9940880668619
1349 1.59395212145284
1350 0
1350 8.7222025914412
1350 8.7222025914412
1350 8.7222025914412
1350 8.7222025914412
1350 0
1350 1.58523056055308
1350 1.58523056055308
1350 0
1350 0
1350 0
1350 0
1350 3.14136524331908
1350 5.55146694890618
1350 5.55146694890618
1350 5.55146694890618
1350 4.74067168734157
1350 0.819504629021085
1350 2.41903303706797
1350 3.19062413724463
1350 0
1350 4.87908372572933
1350 0
1350 0
1350 0.989830406148645
1350 0.989830406148645
1350 0
1350 10.1379970407855
1350 10.1379970407855
1350 10.1379970407855
1350 12.8482883713924
1350 0
1350 16.9139013425195
1350 690.589551069457
1350 0.173847294984795
1350 0.173847294984795
1350 5.082921374581
1350 5.082921374581
1350 0.54615229357528
1350 0.54615229357528
1350 0.54615229357528
1350 0.9940880668619
1350 0.9940880668619
1350 0.9940880668619
1350 1.59395212145284
1369 0
1369 8.7222025914412
1369 8.7222025914412
1369 8.7222025914412
1369 8.7222025914412
1369 0
1369 1.58523056055308
1369 1.58523056055308
1369 0
1369 0
1369 0
1369 0
1369 3.14136524331908
1369 5.55146694890618
1369 5.55146694890618
1369 5.55146694890618
1369 4.74067168734157
1369 0.819504629021085
1369 2.41903303706797
1369 3.19062413724463
1369 0
1369 4.87908372572933
1369 0
1369 0
1369 0.989830406148645
1369 0.989830406148645
1369 0
1369 10.1379970407855
1369 10.1379970407855
1369 10.1379970407855
1369 12.8482883713924
1369 0
1369 16.9139013425195
1369 690.589551069457
1369 0.173847294984795
1369 0.173847294984795
1369 5.082921374581
1369 5.082921374581
1369 0.54615229357528
1369 0.54615229357528
1369 0.54615229357528
1369 0.9940880668619
1369 0.9940880668619
1369 0.9940880668619
1369 1.59395212145284
1358 0
1358 8.7222025914412
1358 8.7222025914412
1358 8.7222025914412
1358 8.7222025914412
1358 0
1358 1.58523056055308
1358 1.58523056055308
1358 0
1358 0
1358 0
1358 0
1358 3.14136524331908
1358 5.55146694890618
1358 5.55146694890618
1358 5.55146694890618
1358 4.74067168734157
1358 0.819504629021085
1358 2.41903303706797
1358 3.19062413724463
1358 0
1358 4.87908372572933
1358 0
1358 0
1358 0.989830406148645
1358 0.989830406148645
1358 0
1358 10.1379970407855
1358 10.1379970407855
1358 10.1379970407855
1358 12.8482883713924
1358 0
1358 16.9139013425195
1358 690.589551069457
1358 0.173847294984795
1358 0.173847294984795
1358 5.082921374581
1358 5.082921374581
1358 0.54615229357528
1358 0.54615229357528
1358 0.54615229357528
1358 0.9940880668619
1358 0.9940880668619
1358 0.9940880668619
1358 1.59395212145284
1368 0
1368 8.7222025914412
1368 8.7222025914412
1368 8.7222025914412
1368 8.7222025914412
1368 0
1368 1.58523056055308
1368 1.58523056055308
1368 0
1368 0
1368 0
1368 0
1368 3.14136524331908
1368 5.55146694890618
1368 5.55146694890618
1368 5.55146694890618
1368 4.74067168734157
1368 0.819504629021085
1368 2.41903303706797
1368 3.19062413724463
1368 0
1368 4.87908372572933
1368 0
1368 0
1368 0.989830406148645
1368 0.989830406148645
1368 0
1368 10.1379970407855
1368 10.1379970407855
1368 10.1379970407855
1368 12.8482883713924
1368 0
1368 16.9139013425195
1368 690.589551069457
1368 0.173847294984795
1368 0.173847294984795
1368 5.082921374581
1368 5.082921374581
1368 0.54615229357528
1368 0.54615229357528
1368 0.54615229357528
1368 0.9940880668619
1368 0.9940880668619
1368 0.9940880668619
1368 1.59395212145284
1359 0
1359 8.7222025914412
1359 8.7222025914412
1359 8.7222025914412
1359 8.7222025914412
1359 0
1359 1.58523056055308
1359 1.58523056055308
1359 0
1359 0
1359 0
1359 0
1359 3.14136524331908
1359 5.55146694890618
1359 5.55146694890618
1359 5.55146694890618
1359 4.74067168734157
1359 0.819504629021085
1359 2.41903303706797
1359 3.19062413724463
1359 0
1359 4.87908372572933
1359 0
1359 0
1359 0.989830406148645
1359 0.989830406148645
1359 0
1359 10.1379970407855
1359 10.1379970407855
1359 10.1379970407855
1359 12.8482883713924
1359 0
1359 16.9139013425195
1359 690.589551069457
1359 0.173847294984795
1359 0.173847294984795
1359 5.082921374581
1359 5.082921374581
1359 0.54615229357528
1359 0.54615229357528
1359 0.54615229357528
1359 0.9940880668619
1359 0.9940880668619
1359 0.9940880668619
1359 1.59395212145284
1367 0
1367 8.7222025914412
1367 8.7222025914412
1367 8.7222025914412
1367 8.7222025914412
1367 0
1367 1.58523056055308
1367 1.58523056055308
1367 0
1367 0
1367 0
1367 0
1367 3.14136524331908
1367 5.55146694890618
1367 5.55146694890618
1367 5.55146694890618
1367 4.74067168734157
1367 0.819504629021085
1367 2.41903303706797
1367 3.19062413724463
1367 0
1367 4.87908372572933
1367 0
1367 0
1367 0.989830406148645
1367 0.989830406148645
1367 0
1367 10.1379970407855
1367 10.1379970407855
1367 10.1379970407855
1367 12.8482883713924
1367 0
1367 16.9139013425195
1367 690.589551069457
1367 0.173847294984795
1367 0.173847294984795
1367 5.082921374581
1367 5.082921374581
1367 0.54615229357528
1367 0.54615229357528
1367 0.54615229357528
1367 0.9940880668619
1367 0.9940880668619
1367 0.9940880668619
1367 1.59395212145284
1361 0
1361 8.7222025914412
1361 8.7222025914412
1361 8.7222025914412
1361 8.7222025914412
1361 0
1361 1.58523056055308
1361 1.58523056055308
1361 0
1361 0
1361 0
1361 0
1361 3.14136524331908
1361 5.55146694890618
1361 5.55146694890618
1361 5.55146694890618
1361 4.74067168734157
1361 0.819504629021085
1361 2.41903303706797
1361 3.19062413724463
1361 0
1361 4.87908372572933
1361 0
1361 0
1361 0.989830406148645
1361 0.989830406148645
1361 0
1361 10.1379970407855
1361 10.1379970407855
1361 10.1379970407855
1361 12.8482883713924
1361 0
1361 16.9139013425195
1361 690.589551069457
1361 0.173847294984795
1361 0.173847294984795
1361 5.082921374581
1361 5.082921374581
1361 0.54615229357528
1361 0.54615229357528
1361 0.54615229357528
1361 0.9940880668619
1361 0.9940880668619
1361 0.9940880668619
1361 1.59395212145284
1412 0
1412 8.7222025914412
1412 8.7222025914412
1412 8.7222025914412
1412 8.7222025914412
1412 0
1412 1.58523056055308
1412 1.58523056055308
1412 0
1412 0
1412 0
1412 0
1412 3.14136524331908
1412 5.55146694890618
1412 5.55146694890618
1412 5.55146694890618
1412 4.74067168734157
1412 0.819504629021085
1412 2.41903303706797
1412 3.19062413724463
1412 0
1412 4.87908372572933
1412 0
1412 0
1412 0.989830406148645
1412 0.989830406148645
1412 0
1412 10.1379970407855
1412 10.1379970407855
1412 10.1379970407855
1412 12.8482883713924
1412 0
1412 16.9139013425195
1412 690.589551069457
1412 0.173847294984795
1412 0.173847294984795
1412 5.082921374581
1412 5.082921374581
1412 0.54615229357528
1412 0.54615229357528
1412 0.54615229357528
1412 0.9940880668619
1412 0.9940880668619
1412 0.9940880668619
1412 1.59395212145284
1414 0
1414 8.7222025914412
1414 8.7222025914412
1414 8.7222025914412
1414 8.7222025914412
1414 0
1414 1.58523056055308
1414 1.58523056055308
1414 0
1414 0
1414 0
1414 0
1414 3.14136524331908
1414 5.55146694890618
1414 5.55146694890618
1414 5.55146694890618
1414 4.74067168734157
1414 0.819504629021085
1414 2.41903303706797
1414 3.19062413724463
1414 0
1414 4.87908372572933
1414 0
1414 0
1414 0.989830406148645
1414 0.989830406148645
1414 0
1414 10.1379970407855
1414 10.1379970407855
1414 10.1379970407855
1414 12.8482883713924
1414 0
1414 16.9139013425195
1414 690.589551069457
1414 0.173847294984795
1414 0.173847294984795
1414 5.082921374581
1414 5.082921374581
1414 0.54615229357528
1414 0.54615229357528
1414 0.54615229357528
1414 0.9940880668619
1414 0.9940880668619
1414 0.9940880668619
1414 1.59395212145284
1415 0
1415 8.7222025914412
1415 8.7222025914412
1415 8.7222025914412
1415 8.7222025914412
1415 0
1415 1.58523056055308
1415 1.58523056055308
1415 0
1415 0
1415 0
1415 0
1415 3.14136524331908
1415 5.55146694890618
1415 5.55146694890618
1415 5.55146694890618
1415 4.74067168734157
1415 0.819504629021085
1415 2.41903303706797
1415 3.19062413724463
1415 0
1415 4.87908372572933
1415 0
1415 0
1415 0.989830406148645
1415 0.989830406148645
1415 0
1415 10.1379970407855
1415 10.1379970407855
1415 10.1379970407855
1415 12.8482883713924
1415 0
1415 16.9139013425195
1415 690.589551069457
1415 0.173847294984795
1415 0.173847294984795
1415 5.082921374581
1415 5.082921374581
1415 0.54615229357528
1415 0.54615229357528
1415 0.54615229357528
1415 0.9940880668619
1415 0.9940880668619
1415 0.9940880668619
1415 1.59395212145284
1416 0
1416 8.7222025914412
1416 8.7222025914412
1416 8.7222025914412
1416 8.7222025914412
1416 0
1416 1.58523056055308
1416 1.58523056055308
1416 0
1416 0
1416 0
1416 0
1416 3.14136524331908
1416 5.55146694890618
1416 5.55146694890618
1416 5.55146694890618
1416 4.74067168734157
1416 0.819504629021085
1416 2.41903303706797
1416 3.19062413724463
1416 0
1416 4.87908372572933
1416 0
1416 0
1416 0.989830406148645
1416 0.989830406148645
1416 0
1416 10.1379970407855
1416 10.1379970407855
1416 10.1379970407855
1416 12.8482883713924
1416 0
1416 16.9139013425195
1416 690.589551069457
1416 0.173847294984795
1416 0.173847294984795
1416 5.082921374581
1416 5.082921374581
1416 0.54615229357528
1416 0.54615229357528
1416 0.54615229357528
1416 0.9940880668619
1416 0.9940880668619
1416 0.9940880668619
1416 1.59395212145284
1417 0
1417 8.7222025914412
1417 8.7222025914412
1417 8.7222025914412
1417 8.7222025914412
1417 0
1417 1.58523056055308
1417 1.58523056055308
1417 0
1417 0
1417 0
1417 0
1417 3.14136524331908
1417 5.55146694890618
1417 5.55146694890618
1417 5.55146694890618
1417 4.74067168734157
1417 0.819504629021085
1417 2.41903303706797
1417 3.19062413724463
1417 0
1417 4.87908372572933
1417 0
1417 0
1417 0.989830406148645
1417 0.989830406148645
1417 0
1417 10.1379970407855
1417 10.1379970407855
1417 10.1379970407855
1417 12.8482883713924
1417 0
1417 16.9139013425195
1417 690.589551069457
1417 0.173847294984795
1417 0.173847294984795
1417 5.082921374581
1417 5.082921374581
1417 0.54615229357528
1417 0.54615229357528
1417 0.54615229357528
1417 0.9940880668619
1417 0.9940880668619
1417 0.9940880668619
1417 1.59395212145284
1435 0
1435 8.7222025914412
1435 8.7222025914412
1435 8.7222025914412
1435 8.7222025914412
1435 0
1435 1.58523056055308
1435 1.58523056055308
1435 0
1435 0
1435 0
1435 0
1435 3.14136524331908
1435 5.55146694890618
1435 5.55146694890618
1435 5.55146694890618
1435 4.74067168734157
1435 0.819504629021085
1435 2.41903303706797
1435 3.19062413724463
1435 0
1435 4.87908372572933
1435 0
1435 0
1435 0.989830406148645
1435 0.989830406148645
1435 0
1435 10.1379970407855
1435 10.1379970407855
1435 10.1379970407855
1435 12.8482883713924
1435 0
1435 16.9139013425195
1435 690.589551069457
1435 0.173847294984795
1435 0.173847294984795
1435 5.082921374581
1435 5.082921374581
1435 0.54615229357528
1435 0.54615229357528
1435 0.54615229357528
1435 0.9940880668619
1435 0.9940880668619
1435 0.9940880668619
1435 1.59395212145284
1434 0
1434 8.7222025914412
1434 8.7222025914412
1434 8.7222025914412
1434 8.7222025914412
1434 0
1434 1.58523056055308
1434 1.58523056055308
1434 0
1434 0
1434 0
1434 0
1434 3.14136524331908
1434 5.55146694890618
1434 5.55146694890618
1434 5.55146694890618
1434 4.74067168734157
1434 0.819504629021085
1434 2.41903303706797
1434 3.19062413724463
1434 0
1434 4.87908372572933
1434 0
1434 0
1434 0.989830406148645
1434 0.989830406148645
1434 0
1434 10.1379970407855
1434 10.1379970407855
1434 10.1379970407855
1434 12.8482883713924
1434 0
1434 16.9139013425195
1434 690.589551069457
1434 0.173847294984795
1434 0.173847294984795
1434 5.082921374581
1434 5.082921374581
1434 0.54615229357528
1434 0.54615229357528
1434 0.54615229357528
1434 0.9940880668619
1434 0.9940880668619
1434 0.9940880668619
1434 1.59395212145284
1478 0
1478 8.7222025914412
1478 8.7222025914412
1478 8.7222025914412
1478 8.7222025914412
1478 0
1478 1.58523056055308
1478 1.58523056055308
1478 0
1478 0
1478 0
1478 0
1478 3.14136524331908
1478 5.55146694890618
1478 5.55146694890618
1478 5.55146694890618
1478 4.74067168734157
1478 0.819504629021085
1478 2.41903303706797
1478 3.19062413724463
1478 0
1478 4.87908372572933
1478 0
1478 0
1478 0.989830406148645
1478 0.989830406148645
1478 0
1478 10.1379970407855
1478 10.1379970407855
1478 10.1379970407855
1478 12.8482883713924
1478 0
1478 16.9139013425195
1478 690.589551069457
1478 0.173847294984795
1478 0.173847294984795
1478 5.082921374581
1478 5.082921374581
1478 0.54615229357528
1478 0.54615229357528
1478 0.54615229357528
1478 0.9940880668619
1478 0.9940880668619
1478 0.9940880668619
1478 1.59395212145284
1480 0
1480 8.7222025914412
1480 8.7222025914412
1480 8.7222025914412
1480 8.7222025914412
1480 0
1480 1.58523056055308
1480 1.58523056055308
1480 0
1480 0
1480 0
1480 0
1480 3.14136524331908
1480 5.55146694890618
1480 5.55146694890618
1480 5.55146694890618
1480 4.74067168734157
1480 0.819504629021085
1480 2.41903303706797
1480 3.19062413724463
1480 0
1480 4.87908372572933
1480 0
1480 0
1480 0.989830406148645
1480 0.989830406148645
1480 0
1480 10.1379970407855
1480 10.1379970407855
1480 10.1379970407855
1480 12.8482883713924
1480 0
1480 16.9139013425195
1480 690.589551069457
1480 0.173847294984795
1480 0.173847294984795
1480 5.082921374581
1480 5.082921374581
1480 0.54615229357528
1480 0.54615229357528
1480 0.54615229357528
1480 0.9940880668619
1480 0.9940880668619
1480 0.9940880668619
1480 1.59395212145284
1482 0
1482 8.7222025914412
1482 8.7222025914412
1482 8.7222025914412
1482 8.7222025914412
1482 0
1482 1.58523056055308
1482 1.58523056055308
1482 0
1482 0
1482 0
1482 0
1482 3.14136524331908
1482 5.55146694890618
1482 5.55146694890618
1482 5.55146694890618
1482 4.74067168734157
1482 0.819504629021085
1482 2.41903303706797
1482 3.19062413724463
1482 0
1482 4.87908372572933
1482 0
1482 0
1482 0.989830406148645
1482 0.989830406148645
1482 0
1482 10.1379970407855
1482 10.1379970407855
1482 10.1379970407855
1482 12.8482883713924
1482 0
1482 16.9139013425195
1482 690.589551069457
1482 0.173847294984795
1482 0.173847294984795
1482 5.082921374581
1482 5.082921374581
1482 0.54615229357528
1482 0.54615229357528
1482 0.54615229357528
1482 0.9940880668619
1482 0.9940880668619
1482 0.9940880668619
1482 1.59395212145284
1483 0
1483 8.7222025914412
1483 8.7222025914412
1483 8.7222025914412
1483 8.7222025914412
1483 0
1483 1.58523056055308
1483 1.58523056055308
1483 0
1483 0
1483 0
1483 0
1483 3.14136524331908
1483 5.55146694890618
1483 5.55146694890618
1483 5.55146694890618
1483 4.74067168734157
1483 0.819504629021085
1483 2.41903303706797
1483 3.19062413724463
1483 0
1483 4.87908372572933
1483 0
1483 0
1483 0.989830406148645
1483 0.989830406148645
1483 0
1483 10.1379970407855
1483 10.1379970407855
1483 10.1379970407855
1483 12.8482883713924
1483 0
1483 16.9139013425195
1483 690.589551069457
1483 0.173847294984795
1483 0.173847294984795
1483 5.082921374581
1483 5.082921374581
1483 0.54615229357528
1483 0.54615229357528
1483 0.54615229357528
1483 0.9940880668619
1483 0.9940880668619
1483 0.9940880668619
1483 1.59395212145284
1484 0
1484 8.7222025914412
1484 8.7222025914412
1484 8.7222025914412
1484 8.7222025914412
1484 0
1484 1.58523056055308
1484 1.58523056055308
1484 0
1484 0
1484 0
1484 0
1484 3.14136524331908
1484 5.55146694890618
1484 5.55146694890618
1484 5.55146694890618
1484 4.74067168734157
1484 0.819504629021085
1484 2.41903303706797
1484 3.19062413724463
1484 0
1484 4.87908372572933
1484 0
1484 0
1484 0.989830406148645
1484 0.989830406148645
1484 0
1484 10.1379970407855
1484 10.1379970407855
1484 10.1379970407855
1484 12.8482883713924
1484 0
1484 16.9139013425195
1484 690.589551069457
1484 0.173847294984795
1484 0.173847294984795
1484 5.082921374581
1484 5.082921374581
1484 0.54615229357528
1484 0.54615229357528
1484 0.54615229357528
1484 0.9940880668619
1484 0.9940880668619
1484 0.9940880668619
1484 1.59395212145284
1485 0
1485 8.7222025914412
1485 8.7222025914412
1485 8.7222025914412
1485 8.7222025914412
1485 0
1485 1.58523056055308
1485 1.58523056055308
1485 0
1485 0
1485 0
1485 0
1485 3.14136524331908
1485 5.55146694890618
1485 5.55146694890618
1485 5.55146694890618
1485 4.74067168734157
1485 0.819504629021085
1485 2.41903303706797
1485 3.19062413724463
1485 0
1485 4.87908372572933
1485 0
1485 0
1485 0.989830406148645
1485 0.989830406148645
1485 0
1485 10.1379970407855
1485 10.1379970407855
1485 10.1379970407855
1485 12.8482883713924
1485 0
1485 16.9139013425195
1485 690.589551069457
1485 0.173847294984795
1485 0.173847294984795
1485 5.082921374581
1485 5.082921374581
1485 0.54615229357528
1485 0.54615229357528
1485 0.54615229357528
1485 0.9940880668619
1485 0.9940880668619
1485 0.9940880668619
1485 1.59395212145284
1504 0
1504 8.7222025914412
1504 8.7222025914412
1504 8.7222025914412
1504 8.7222025914412
1504 0
1504 1.58523056055308
1504 1.58523056055308
1504 0
1504 0
1504 0
1504 0
1504 3.14136524331908
1504 5.55146694890618
1504 5.55146694890618
1504 5.55146694890618
1504 4.74067168734157
1504 0.819504629021085
1504 2.41903303706797
1504 3.19062413724463
1504 0
1504 4.87908372572933
1504 0
1504 0
1504 0.989830406148645
1504 0.989830406148645
1504 0
1504 10.1379970407855
1504 10.1379970407855
1504 10.1379970407855
1504 12.8482883713924
1504 0
1504 16.9139013425195
1504 690.589551069457
1504 0.173847294984795
1504 0.173847294984795
1504 5.082921374581
1504 5.082921374581
1504 0.54615229357528
1504 0.54615229357528
1504 0.54615229357528
1504 0.9940880668619
1504 0.9940880668619
1504 0.9940880668619
1504 1.59395212145284
1495 0
1495 8.7222025914412
1495 8.7222025914412
1495 8.7222025914412
1495 8.7222025914412
1495 0
1495 1.58523056055308
1495 1.58523056055308
1495 0
1495 0
1495 0
1495 0
1495 3.14136524331908
1495 5.55146694890618
1495 5.55146694890618
1495 5.55146694890618
1495 4.74067168734157
1495 0.819504629021085
1495 2.41903303706797
1495 3.19062413724463
1495 0
1495 4.87908372572933
1495 0
1495 0
1495 0.989830406148645
1495 0.989830406148645
1495 0
1495 10.1379970407855
1495 10.1379970407855
1495 10.1379970407855
1495 12.8482883713924
1495 0
1495 16.9139013425195
1495 690.589551069457
1495 0.173847294984795
1495 0.173847294984795
1495 5.082921374581
1495 5.082921374581
1495 0.54615229357528
1495 0.54615229357528
1495 0.54615229357528
1495 0.9940880668619
1495 0.9940880668619
1495 0.9940880668619
1495 1.59395212145284
1496 0
1496 8.7222025914412
1496 8.7222025914412
1496 8.7222025914412
1496 8.7222025914412
1496 0
1496 1.58523056055308
1496 1.58523056055308
1496 0
1496 0
1496 0
1496 0
1496 3.14136524331908
1496 5.55146694890618
1496 5.55146694890618
1496 5.55146694890618
1496 4.74067168734157
1496 0.819504629021085
1496 2.41903303706797
1496 3.19062413724463
1496 0
1496 4.87908372572933
1496 0
1496 0
1496 0.989830406148645
1496 0.989830406148645
1496 0
1496 10.1379970407855
1496 10.1379970407855
1496 10.1379970407855
1496 12.8482883713924
1496 0
1496 16.9139013425195
1496 690.589551069457
1496 0.173847294984795
1496 0.173847294984795
1496 5.082921374581
1496 5.082921374581
1496 0.54615229357528
1496 0.54615229357528
1496 0.54615229357528
1496 0.9940880668619
1496 0.9940880668619
1496 0.9940880668619
1496 1.59395212145284
1498 0
1498 8.7222025914412
1498 8.7222025914412
1498 8.7222025914412
1498 8.7222025914412
1498 0
1498 1.58523056055308
1498 1.58523056055308
1498 0
1498 0
1498 0
1498 0
1498 3.14136524331908
1498 5.55146694890618
1498 5.55146694890618
1498 5.55146694890618
1498 4.74067168734157
1498 0.819504629021085
1498 2.41903303706797
1498 3.19062413724463
1498 0
1498 4.87908372572933
1498 0
1498 0
1498 0.989830406148645
1498 0.989830406148645
1498 0
1498 10.1379970407855
1498 10.1379970407855
1498 10.1379970407855
1498 12.8482883713924
1498 0
1498 16.9139013425195
1498 690.589551069457
1498 0.173847294984795
1498 0.173847294984795
1498 5.082921374581
1498 5.082921374581
1498 0.54615229357528
1498 0.54615229357528
1498 0.54615229357528
1498 0.9940880668619
1498 0.9940880668619
1498 0.9940880668619
1498 1.59395212145284
1497 0
1497 8.7222025914412
1497 8.7222025914412
1497 8.7222025914412
1497 8.7222025914412
1497 0
1497 1.58523056055308
1497 1.58523056055308
1497 0
1497 0
1497 0
1497 0
1497 3.14136524331908
1497 5.55146694890618
1497 5.55146694890618
1497 5.55146694890618
1497 4.74067168734157
1497 0.819504629021085
1497 2.41903303706797
1497 3.19062413724463
1497 0
1497 4.87908372572933
1497 0
1497 0
1497 0.989830406148645
1497 0.989830406148645
1497 0
1497 10.1379970407855
1497 10.1379970407855
1497 10.1379970407855
1497 12.8482883713924
1497 0
1497 16.9139013425195
1497 690.589551069457
1497 0.173847294984795
1497 0.173847294984795
1497 5.082921374581
1497 5.082921374581
1497 0.54615229357528
1497 0.54615229357528
1497 0.54615229357528
1497 0.9940880668619
1497 0.9940880668619
1497 0.9940880668619
1497 1.59395212145284
1579 0
1579 8.7222025914412
1579 8.7222025914412
1579 8.7222025914412
1579 8.7222025914412
1579 0
1579 1.58523056055308
1579 1.58523056055308
1579 0
1579 0
1579 0
1579 0
1579 3.14136524331908
1579 5.55146694890618
1579 5.55146694890618
1579 5.55146694890618
1579 4.74067168734157
1579 0.819504629021085
1579 2.41903303706797
1579 3.19062413724463
1579 0
1579 4.87908372572933
1579 0
1579 0
1579 0.989830406148645
1579 0.989830406148645
1579 0
1579 10.1379970407855
1579 10.1379970407855
1579 10.1379970407855
1579 12.8482883713924
1579 0
1579 16.9139013425195
1579 690.589551069457
1579 0.173847294984795
1579 0.173847294984795
1579 5.082921374581
1579 5.082921374581
1579 0.54615229357528
1579 0.54615229357528
1579 0.54615229357528
1579 0.9940880668619
1579 0.9940880668619
1579 0.9940880668619
1579 1.59395212145284
1570 0
1570 8.7222025914412
1570 8.7222025914412
1570 8.7222025914412
1570 8.7222025914412
1570 0
1570 1.58523056055308
1570 1.58523056055308
1570 0
1570 0
1570 0
1570 0
1570 3.14136524331908
1570 5.55146694890618
1570 5.55146694890618
1570 5.55146694890618
1570 4.74067168734157
1570 0.819504629021085
1570 2.41903303706797
1570 3.19062413724463
1570 0
1570 4.87908372572933
1570 0
1570 0
1570 0.989830406148645
1570 0.989830406148645
1570 0
1570 10.1379970407855
1570 10.1379970407855
1570 10.1379970407855
1570 12.8482883713924
1570 0
1570 16.9139013425195
1570 690.589551069457
1570 0.173847294984795
1570 0.173847294984795
1570 5.082921374581
1570 5.082921374581
1570 0.54615229357528
1570 0.54615229357528
1570 0.54615229357528
1570 0.9940880668619
1570 0.9940880668619
1570 0.9940880668619
1570 1.59395212145284
1569 0
1569 8.7222025914412
1569 8.7222025914412
1569 8.7222025914412
1569 8.7222025914412
1569 0
1569 1.58523056055308
1569 1.58523056055308
1569 0
1569 0
1569 0
1569 0
1569 3.14136524331908
1569 5.55146694890618
1569 5.55146694890618
1569 5.55146694890618
1569 4.74067168734157
1569 0.819504629021085
1569 2.41903303706797
1569 3.19062413724463
1569 0
1569 4.87908372572933
1569 0
1569 0
1569 0.989830406148645
1569 0.989830406148645
1569 0
1569 10.1379970407855
1569 10.1379970407855
1569 10.1379970407855
1569 12.8482883713924
1569 0
1569 16.9139013425195
1569 690.589551069457
1569 0.173847294984795
1569 0.173847294984795
1569 5.082921374581
1569 5.082921374581
1569 0.54615229357528
1569 0.54615229357528
1569 0.54615229357528
1569 0.9940880668619
1569 0.9940880668619
1569 0.9940880668619
1569 1.59395212145284
1644 0
1644 8.7222025914412
1644 8.7222025914412
1644 8.7222025914412
1644 8.7222025914412
1644 0
1644 1.58523056055308
1644 1.58523056055308
1644 0
1644 0
1644 0
1644 0
1644 3.14136524331908
1644 5.55146694890618
1644 5.55146694890618
1644 5.55146694890618
1644 4.74067168734157
1644 0.819504629021085
1644 2.41903303706797
1644 3.19062413724463
1644 0
1644 4.87908372572933
1644 0
1644 0
1644 0.989830406148645
1644 0.989830406148645
1644 0
1644 10.1379970407855
1644 10.1379970407855
1644 10.1379970407855
1644 12.8482883713924
1644 0
1644 16.9139013425195
1644 690.589551069457
1644 0.173847294984795
1644 0.173847294984795
1644 5.082921374581
1644 5.082921374581
1644 0.54615229357528
1644 0.54615229357528
1644 0.54615229357528
1644 0.9940880668619
1644 0.9940880668619
1644 0.9940880668619
1644 1.59395212145284
1643 0
1643 8.7222025914412
1643 8.7222025914412
1643 8.7222025914412
1643 8.7222025914412
1643 0
1643 1.58523056055308
1643 1.58523056055308
1643 0
1643 0
1643 0
1643 0
1643 3.14136524331908
1643 5.55146694890618
1643 5.55146694890618
1643 5.55146694890618
1643 4.74067168734157
1643 0.819504629021085
1643 2.41903303706797
1643 3.19062413724463
1643 0
1643 4.87908372572933
1643 0
1643 0
1643 0.989830406148645
1643 0.989830406148645
1643 0
1643 10.1379970407855
1643 10.1379970407855
1643 10.1379970407855
1643 12.8482883713924
1643 0
1643 16.9139013425195
1643 690.589551069457
1643 0.173847294984795
1643 0.173847294984795
1643 5.082921374581
1643 5.082921374581
1643 0.54615229357528
1643 0.54615229357528
1643 0.54615229357528
1643 0.9940880668619
1643 0.9940880668619
1643 0.9940880668619
1643 1.59395212145284
1638 0
1638 8.7222025914412
1638 8.7222025914412
1638 8.7222025914412
1638 8.7222025914412
1638 0
1638 1.58523056055308
1638 1.58523056055308
1638 0
1638 0
1638 0
1638 0
1638 3.14136524331908
1638 5.55146694890618
1638 5.55146694890618
1638 5.55146694890618
1638 4.74067168734157
1638 0.819504629021085
1638 2.41903303706797
1638 3.19062413724463
1638 0
1638 4.87908372572933
1638 0
1638 0
1638 0.989830406148645
1638 0.989830406148645
1638 0
1638 10.1379970407855
1638 10.1379970407855
1638 10.1379970407855
1638 12.8482883713924
1638 0
1638 16.9139013425195
1638 690.589551069457
1638 0.173847294984795
1638 0.173847294984795
1638 5.082921374581
1638 5.082921374581
1638 0.54615229357528
1638 0.54615229357528
1638 0.54615229357528
1638 0.9940880668619
1638 0.9940880668619
1638 0.9940880668619
1638 1.59395212145284
1736 0
1736 8.7222025914412
1736 8.7222025914412
1736 8.7222025914412
1736 8.7222025914412
1736 0
1736 1.58523056055308
1736 1.58523056055308
1736 0
1736 0
1736 0
1736 0
1736 3.14136524331908
1736 5.55146694890618
1736 5.55146694890618
1736 5.55146694890618
1736 4.74067168734157
1736 0.819504629021085
1736 2.41903303706797
1736 3.19062413724463
1736 0
1736 4.87908372572933
1736 0
1736 0
1736 0.989830406148645
1736 0.989830406148645
1736 0
1736 10.1379970407855
1736 10.1379970407855
1736 10.1379970407855
1736 12.8482883713924
1736 0
1736 16.9139013425195
1736 690.589551069457
1736 0.173847294984795
1736 0.173847294984795
1736 5.082921374581
1736 5.082921374581
1736 0.54615229357528
1736 0.54615229357528
1736 0.54615229357528
1736 0.9940880668619
1736 0.9940880668619
1736 0.9940880668619
1736 1.59395212145284
1693 0
1693 8.7222025914412
1693 8.7222025914412
1693 8.7222025914412
1693 8.7222025914412
1693 0
1693 1.58523056055308
1693 1.58523056055308
1693 0
1693 0
1693 0
1693 0
1693 3.14136524331908
1693 5.55146694890618
1693 5.55146694890618
1693 5.55146694890618
1693 4.74067168734157
1693 0.819504629021085
1693 2.41903303706797
1693 3.19062413724463
1693 0
1693 4.87908372572933
1693 0
1693 0
1693 0.989830406148645
1693 0.989830406148645
1693 0
1693 10.1379970407855
1693 10.1379970407855
1693 10.1379970407855
1693 12.8482883713924
1693 0
1693 16.9139013425195
1693 690.589551069457
1693 0.173847294984795
1693 0.173847294984795
1693 5.082921374581
1693 5.082921374581
1693 0.54615229357528
1693 0.54615229357528
1693 0.54615229357528
1693 0.9940880668619
1693 0.9940880668619
1693 0.9940880668619
1693 1.59395212145284
1719 0
1719 8.7222025914412
1719 8.7222025914412
1719 8.7222025914412
1719 8.7222025914412
1719 0
1719 1.58523056055308
1719 1.58523056055308
1719 0
1719 0
1719 0
1719 0
1719 3.14136524331908
1719 5.55146694890618
1719 5.55146694890618
1719 5.55146694890618
1719 4.74067168734157
1719 0.819504629021085
1719 2.41903303706797
1719 3.19062413724463
1719 0
1719 4.87908372572933
1719 0
1719 0
1719 0.989830406148645
1719 0.989830406148645
1719 0
1719 10.1379970407855
1719 10.1379970407855
1719 10.1379970407855
1719 12.8482883713924
1719 0
1719 16.9139013425195
1719 690.589551069457
1719 0.173847294984795
1719 0.173847294984795
1719 5.082921374581
1719 5.082921374581
1719 0.54615229357528
1719 0.54615229357528
1719 0.54615229357528
1719 0.9940880668619
1719 0.9940880668619
1719 0.9940880668619
1719 1.59395212145284
1707 0
1707 8.7222025914412
1707 8.7222025914412
1707 8.7222025914412
1707 8.7222025914412
1707 0
1707 1.58523056055308
1707 1.58523056055308
1707 0
1707 0
1707 0
1707 0
1707 3.14136524331908
1707 5.55146694890618
1707 5.55146694890618
1707 5.55146694890618
1707 4.74067168734157
1707 0.819504629021085
1707 2.41903303706797
1707 3.19062413724463
1707 0
1707 4.87908372572933
1707 0
1707 0
1707 0.989830406148645
1707 0.989830406148645
1707 0
1707 10.1379970407855
1707 10.1379970407855
1707 10.1379970407855
1707 12.8482883713924
1707 0
1707 16.9139013425195
1707 690.589551069457
1707 0.173847294984795
1707 0.173847294984795
1707 5.082921374581
1707 5.082921374581
1707 0.54615229357528
1707 0.54615229357528
1707 0.54615229357528
1707 0.9940880668619
1707 0.9940880668619
1707 0.9940880668619
1707 1.59395212145284
1711 0
1711 8.7222025914412
1711 8.7222025914412
1711 8.7222025914412
1711 8.7222025914412
1711 0
1711 1.58523056055308
1711 1.58523056055308
1711 0
1711 0
1711 0
1711 0
1711 3.14136524331908
1711 5.55146694890618
1711 5.55146694890618
1711 5.55146694890618
1711 4.74067168734157
1711 0.819504629021085
1711 2.41903303706797
1711 3.19062413724463
1711 0
1711 4.87908372572933
1711 0
1711 0
1711 0.989830406148645
1711 0.989830406148645
1711 0
1711 10.1379970407855
1711 10.1379970407855
1711 10.1379970407855
1711 12.8482883713924
1711 0
1711 16.9139013425195
1711 690.589551069457
1711 0.173847294984795
1711 0.173847294984795
1711 5.082921374581
1711 5.082921374581
1711 0.54615229357528
1711 0.54615229357528
1711 0.54615229357528
1711 0.9940880668619
1711 0.9940880668619
1711 0.9940880668619
1711 1.59395212145284
1771 0
1771 8.7222025914412
1771 8.7222025914412
1771 8.7222025914412
1771 8.7222025914412
1771 0
1771 1.58523056055308
1771 1.58523056055308
1771 0
1771 0
1771 0
1771 0
1771 3.14136524331908
1771 5.55146694890618
1771 5.55146694890618
1771 5.55146694890618
1771 4.74067168734157
1771 0.819504629021085
1771 2.41903303706797
1771 3.19062413724463
1771 0
1771 4.87908372572933
1771 0
1771 0
1771 0.989830406148645
1771 0.989830406148645
1771 0
1771 10.1379970407855
1771 10.1379970407855
1771 10.1379970407855
1771 12.8482883713924
1771 0
1771 16.9139013425195
1771 690.589551069457
1771 0.173847294984795
1771 0.173847294984795
1771 5.082921374581
1771 5.082921374581
1771 0.54615229357528
1771 0.54615229357528
1771 0.54615229357528
1771 0.9940880668619
1771 0.9940880668619
1771 0.9940880668619
1771 1.59395212145284
1781 0
1781 8.7222025914412
1781 8.7222025914412
1781 8.7222025914412
1781 8.7222025914412
1781 0
1781 1.58523056055308
1781 1.58523056055308
1781 0
1781 0
1781 0
1781 0
1781 3.14136524331908
1781 5.55146694890618
1781 5.55146694890618
1781 5.55146694890618
1781 4.74067168734157
1781 0.819504629021085
1781 2.41903303706797
1781 3.19062413724463
1781 0
1781 4.87908372572933
1781 0
1781 0
1781 0.989830406148645
1781 0.989830406148645
1781 0
1781 10.1379970407855
1781 10.1379970407855
1781 10.1379970407855
1781 12.8482883713924
1781 0
1781 16.9139013425195
1781 690.589551069457
1781 0.173847294984795
1781 0.173847294984795
1781 5.082921374581
1781 5.082921374581
1781 0.54615229357528
1781 0.54615229357528
1781 0.54615229357528
1781 0.9940880668619
1781 0.9940880668619
1781 0.9940880668619
1781 1.59395212145284
1782 0
1782 8.7222025914412
1782 8.7222025914412
1782 8.7222025914412
1782 8.7222025914412
1782 0
1782 1.58523056055308
1782 1.58523056055308
1782 0
1782 0
1782 0
1782 0
1782 3.14136524331908
1782 5.55146694890618
1782 5.55146694890618
1782 5.55146694890618
1782 4.74067168734157
1782 0.819504629021085
1782 2.41903303706797
1782 3.19062413724463
1782 0
1782 4.87908372572933
1782 0
1782 0
1782 0.989830406148645
1782 0.989830406148645
1782 0
1782 10.1379970407855
1782 10.1379970407855
1782 10.1379970407855
1782 12.8482883713924
1782 0
1782 16.9139013425195
1782 690.589551069457
1782 0.173847294984795
1782 0.173847294984795
1782 5.082921374581
1782 5.082921374581
1782 0.54615229357528
1782 0.54615229357528
1782 0.54615229357528
1782 0.9940880668619
1782 0.9940880668619
1782 0.9940880668619
1782 1.59395212145284
1844 0
1844 8.7222025914412
1844 8.7222025914412
1844 8.7222025914412
1844 8.7222025914412
1844 0
1844 1.58523056055308
1844 1.58523056055308
1844 0
1844 0
1844 0
1844 0
1844 3.14136524331908
1844 5.55146694890618
1844 5.55146694890618
1844 5.55146694890618
1844 4.74067168734157
1844 0.819504629021085
1844 2.41903303706797
1844 3.19062413724463
1844 0
1844 4.87908372572933
1844 0
1844 0
1844 0.989830406148645
1844 0.989830406148645
1844 0
1844 10.1379970407855
1844 10.1379970407855
1844 10.1379970407855
1844 12.8482883713924
1844 0
1844 16.9139013425195
1844 690.589551069457
1844 0.173847294984795
1844 0.173847294984795
1844 5.082921374581
1844 5.082921374581
1844 0.54615229357528
1844 0.54615229357528
1844 0.54615229357528
1844 0.9940880668619
1844 0.9940880668619
1844 0.9940880668619
1844 1.59395212145284
1928 0
1928 8.7222025914412
1928 8.7222025914412
1928 8.7222025914412
1928 8.7222025914412
1928 0
1928 1.58523056055308
1928 1.58523056055308
1928 0
1928 0
1928 0
1928 0
1928 3.14136524331908
1928 5.55146694890618
1928 5.55146694890618
1928 5.55146694890618
1928 4.74067168734157
1928 0.819504629021085
1928 2.41903303706797
1928 3.19062413724463
1928 0
1928 4.87908372572933
1928 0
1928 0
1928 0.989830406148645
1928 0.989830406148645
1928 0
1928 10.1379970407855
1928 10.1379970407855
1928 10.1379970407855
1928 12.8482883713924
1928 0
1928 16.9139013425195
1928 690.589551069457
1928 0.173847294984795
1928 0.173847294984795
1928 5.082921374581
1928 5.082921374581
1928 0.54615229357528
1928 0.54615229357528
1928 0.54615229357528
1928 0.9940880668619
1928 0.9940880668619
1928 0.9940880668619
1928 1.59395212145284
1947 0
1947 8.7222025914412
1947 8.7222025914412
1947 8.7222025914412
1947 8.7222025914412
1947 0
1947 1.58523056055308
1947 1.58523056055308
1947 0
1947 0
1947 0
1947 0
1947 3.14136524331908
1947 5.55146694890618
1947 5.55146694890618
1947 5.55146694890618
1947 4.74067168734157
1947 0.819504629021085
1947 2.41903303706797
1947 3.19062413724463
1947 0
1947 4.87908372572933
1947 0
1947 0
1947 0.989830406148645
1947 0.989830406148645
1947 0
1947 10.1379970407855
1947 10.1379970407855
1947 10.1379970407855
1947 12.8482883713924
1947 0
1947 16.9139013425195
1947 690.589551069457
1947 0.173847294984795
1947 0.173847294984795
1947 5.082921374581
1947 5.082921374581
1947 0.54615229357528
1947 0.54615229357528
1947 0.54615229357528
1947 0.9940880668619
1947 0.9940880668619
1947 0.9940880668619
1947 1.59395212145284
1939 0
1939 8.7222025914412
1939 8.7222025914412
1939 8.7222025914412
1939 8.7222025914412
1939 0
1939 1.58523056055308
1939 1.58523056055308
1939 0
1939 0
1939 0
1939 0
1939 3.14136524331908
1939 5.55146694890618
1939 5.55146694890618
1939 5.55146694890618
1939 4.74067168734157
1939 0.819504629021085
1939 2.41903303706797
1939 3.19062413724463
1939 0
1939 4.87908372572933
1939 0
1939 0
1939 0.989830406148645
1939 0.989830406148645
1939 0
1939 10.1379970407855
1939 10.1379970407855
1939 10.1379970407855
1939 12.8482883713924
1939 0
1939 16.9139013425195
1939 690.589551069457
1939 0.173847294984795
1939 0.173847294984795
1939 5.082921374581
1939 5.082921374581
1939 0.54615229357528
1939 0.54615229357528
1939 0.54615229357528
1939 0.9940880668619
1939 0.9940880668619
1939 0.9940880668619
1939 1.59395212145284
2038 0
2038 8.7222025914412
2038 8.7222025914412
2038 8.7222025914412
2038 8.7222025914412
2038 0
2038 1.58523056055308
2038 1.58523056055308
2038 0
2038 0
2038 0
2038 0
2038 3.14136524331908
2038 5.55146694890618
2038 5.55146694890618
2038 5.55146694890618
2038 4.74067168734157
2038 0.819504629021085
2038 2.41903303706797
2038 3.19062413724463
2038 0
2038 4.87908372572933
2038 0
2038 0
2038 0.989830406148645
2038 0.989830406148645
2038 0
2038 10.1379970407855
2038 10.1379970407855
2038 10.1379970407855
2038 12.8482883713924
2038 0
2038 16.9139013425195
2038 690.589551069457
2038 0.173847294984795
2038 0.173847294984795
2038 5.082921374581
2038 5.082921374581
2038 0.54615229357528
2038 0.54615229357528
2038 0.54615229357528
2038 0.9940880668619
2038 0.9940880668619
2038 0.9940880668619
2038 1.59395212145284
2035 0
2035 8.7222025914412
2035 8.7222025914412
2035 8.7222025914412
2035 8.7222025914412
2035 0
2035 1.58523056055308
2035 1.58523056055308
2035 0
2035 0
2035 0
2035 0
2035 3.14136524331908
2035 5.55146694890618
2035 5.55146694890618
2035 5.55146694890618
2035 4.74067168734157
2035 0.819504629021085
2035 2.41903303706797
2035 3.19062413724463
2035 0
2035 4.87908372572933
2035 0
2035 0
2035 0.989830406148645
2035 0.989830406148645
2035 0
2035 10.1379970407855
2035 10.1379970407855
2035 10.1379970407855
2035 12.8482883713924
2035 0
2035 16.9139013425195
2035 690.589551069457
2035 0.173847294984795
2035 0.173847294984795
2035 5.082921374581
2035 5.082921374581
2035 0.54615229357528
2035 0.54615229357528
2035 0.54615229357528
2035 0.9940880668619
2035 0.9940880668619
2035 0.9940880668619
2035 1.59395212145284
2018 0
2018 8.7222025914412
2018 8.7222025914412
2018 8.7222025914412
2018 8.7222025914412
2018 0
2018 1.58523056055308
2018 1.58523056055308
2018 0
2018 0
2018 0
2018 0
2018 3.14136524331908
2018 5.55146694890618
2018 5.55146694890618
2018 5.55146694890618
2018 4.74067168734157
2018 0.819504629021085
2018 2.41903303706797
2018 3.19062413724463
2018 0
2018 4.87908372572933
2018 0
2018 0
2018 0.989830406148645
2018 0.989830406148645
2018 0
2018 10.1379970407855
2018 10.1379970407855
2018 10.1379970407855
2018 12.8482883713924
2018 0
2018 16.9139013425195
2018 690.589551069457
2018 0.173847294984795
2018 0.173847294984795
2018 5.082921374581
2018 5.082921374581
2018 0.54615229357528
2018 0.54615229357528
2018 0.54615229357528
2018 0.9940880668619
2018 0.9940880668619
2018 0.9940880668619
2018 1.59395212145284
2019 0
2019 8.7222025914412
2019 8.7222025914412
2019 8.7222025914412
2019 8.7222025914412
2019 0
2019 1.58523056055308
2019 1.58523056055308
2019 0
2019 0
2019 0
2019 0
2019 3.14136524331908
2019 5.55146694890618
2019 5.55146694890618
2019 5.55146694890618
2019 4.74067168734157
2019 0.819504629021085
2019 2.41903303706797
2019 3.19062413724463
2019 0
2019 4.87908372572933
2019 0
2019 0
2019 0.989830406148645
2019 0.989830406148645
2019 0
2019 10.1379970407855
2019 10.1379970407855
2019 10.1379970407855
2019 12.8482883713924
2019 0
2019 16.9139013425195
2019 690.589551069457
2019 0.173847294984795
2019 0.173847294984795
2019 5.082921374581
2019 5.082921374581
2019 0.54615229357528
2019 0.54615229357528
2019 0.54615229357528
2019 0.9940880668619
2019 0.9940880668619
2019 0.9940880668619
2019 1.59395212145284
2099 0
2099 8.7222025914412
2099 8.7222025914412
2099 8.7222025914412
2099 8.7222025914412
2099 0
2099 1.58523056055308
2099 1.58523056055308
2099 0
2099 0
2099 0
2099 0
2099 3.14136524331908
2099 5.55146694890618
2099 5.55146694890618
2099 5.55146694890618
2099 4.74067168734157
2099 0.819504629021085
2099 2.41903303706797
2099 3.19062413724463
2099 0
2099 4.87908372572933
2099 0
2099 0
2099 0.989830406148645
2099 0.989830406148645
2099 0
2099 10.1379970407855
2099 10.1379970407855
2099 10.1379970407855
2099 12.8482883713924
2099 0
2099 16.9139013425195
2099 690.589551069457
2099 0.173847294984795
2099 0.173847294984795
2099 5.082921374581
2099 5.082921374581
2099 0.54615229357528
2099 0.54615229357528
2099 0.54615229357528
2099 0.9940880668619
2099 0.9940880668619
2099 0.9940880668619
2099 1.59395212145284
2186 0
2186 8.7222025914412
2186 8.7222025914412
2186 8.7222025914412
2186 8.7222025914412
2186 0
2186 1.58523056055308
2186 1.58523056055308
2186 0
2186 0
2186 0
2186 0
2186 3.14136524331908
2186 5.55146694890618
2186 5.55146694890618
2186 5.55146694890618
2186 4.74067168734157
2186 0.819504629021085
2186 2.41903303706797
2186 3.19062413724463
2186 0
2186 4.87908372572933
2186 0
2186 0
2186 0.989830406148645
2186 0.989830406148645
2186 0
2186 10.1379970407855
2186 10.1379970407855
2186 10.1379970407855
2186 12.8482883713924
2186 0
2186 16.9139013425195
2186 690.589551069457
2186 0.173847294984795
2186 0.173847294984795
2186 5.082921374581
2186 5.082921374581
2186 0.54615229357528
2186 0.54615229357528
2186 0.54615229357528
2186 0.9940880668619
2186 0.9940880668619
2186 0.9940880668619
2186 1.59395212145284
2187 0
2187 8.7222025914412
2187 8.7222025914412
2187 8.7222025914412
2187 8.7222025914412
2187 0
2187 1.58523056055308
2187 1.58523056055308
2187 0
2187 0
2187 0
2187 0
2187 3.14136524331908
2187 5.55146694890618
2187 5.55146694890618
2187 5.55146694890618
2187 4.74067168734157
2187 0.819504629021085
2187 2.41903303706797
2187 3.19062413724463
2187 0
2187 4.87908372572933
2187 0
2187 0
2187 0.989830406148645
2187 0.989830406148645
2187 0
2187 10.1379970407855
2187 10.1379970407855
2187 10.1379970407855
2187 12.8482883713924
2187 0
2187 16.9139013425195
2187 690.589551069457
2187 0.173847294984795
2187 0.173847294984795
2187 5.082921374581
2187 5.082921374581
2187 0.54615229357528
2187 0.54615229357528
2187 0.54615229357528
2187 0.9940880668619
2187 0.9940880668619
2187 0.9940880668619
2187 1.59395212145284
2284 0
2284 8.7222025914412
2284 8.7222025914412
2284 8.7222025914412
2284 8.7222025914412
2284 0
2284 1.58523056055308
2284 1.58523056055308
2284 0
2284 0
2284 0
2284 0
2284 3.14136524331908
2284 5.55146694890618
2284 5.55146694890618
2284 5.55146694890618
2284 4.74067168734157
2284 0.819504629021085
2284 2.41903303706797
2284 3.19062413724463
2284 0
2284 4.87908372572933
2284 0
2284 0
2284 0.989830406148645
2284 0.989830406148645
2284 0
2284 10.1379970407855
2284 10.1379970407855
2284 10.1379970407855
2284 12.8482883713924
2284 0
2284 16.9139013425195
2284 690.589551069457
2284 0.173847294984795
2284 0.173847294984795
2284 5.082921374581
2284 5.082921374581
2284 0.54615229357528
2284 0.54615229357528
2284 0.54615229357528
2284 0.9940880668619
2284 0.9940880668619
2284 0.9940880668619
2284 1.59395212145284
2270 0
2270 8.7222025914412
2270 8.7222025914412
2270 8.7222025914412
2270 8.7222025914412
2270 0
2270 1.58523056055308
2270 1.58523056055308
2270 0
2270 0
2270 0
2270 0
2270 3.14136524331908
2270 5.55146694890618
2270 5.55146694890618
2270 5.55146694890618
2270 4.74067168734157
2270 0.819504629021085
2270 2.41903303706797
2270 3.19062413724463
2270 0
2270 4.87908372572933
2270 0
2270 0
2270 0.989830406148645
2270 0.989830406148645
2270 0
2270 10.1379970407855
2270 10.1379970407855
2270 10.1379970407855
2270 12.8482883713924
2270 0
2270 16.9139013425195
2270 690.589551069457
2270 0.173847294984795
2270 0.173847294984795
2270 5.082921374581
2270 5.082921374581
2270 0.54615229357528
2270 0.54615229357528
2270 0.54615229357528
2270 0.9940880668619
2270 0.9940880668619
2270 0.9940880668619
2270 1.59395212145284
2271 0
2271 8.7222025914412
2271 8.7222025914412
2271 8.7222025914412
2271 8.7222025914412
2271 0
2271 1.58523056055308
2271 1.58523056055308
2271 0
2271 0
2271 0
2271 0
2271 3.14136524331908
2271 5.55146694890618
2271 5.55146694890618
2271 5.55146694890618
2271 4.74067168734157
2271 0.819504629021085
2271 2.41903303706797
2271 3.19062413724463
2271 0
2271 4.87908372572933
2271 0
2271 0
2271 0.989830406148645
2271 0.989830406148645
2271 0
2271 10.1379970407855
2271 10.1379970407855
2271 10.1379970407855
2271 12.8482883713924
2271 0
2271 16.9139013425195
2271 690.589551069457
2271 0.173847294984795
2271 0.173847294984795
2271 5.082921374581
2271 5.082921374581
2271 0.54615229357528
2271 0.54615229357528
2271 0.54615229357528
2271 0.9940880668619
2271 0.9940880668619
2271 0.9940880668619
2271 1.59395212145284
2272 0
2272 8.7222025914412
2272 8.7222025914412
2272 8.7222025914412
2272 8.7222025914412
2272 0
2272 1.58523056055308
2272 1.58523056055308
2272 0
2272 0
2272 0
2272 0
2272 3.14136524331908
2272 5.55146694890618
2272 5.55146694890618
2272 5.55146694890618
2272 4.74067168734157
2272 0.819504629021085
2272 2.41903303706797
2272 3.19062413724463
2272 0
2272 4.87908372572933
2272 0
2272 0
2272 0.989830406148645
2272 0.989830406148645
2272 0
2272 10.1379970407855
2272 10.1379970407855
2272 10.1379970407855
2272 12.8482883713924
2272 0
2272 16.9139013425195
2272 690.589551069457
2272 0.173847294984795
2272 0.173847294984795
2272 5.082921374581
2272 5.082921374581
2272 0.54615229357528
2272 0.54615229357528
2272 0.54615229357528
2272 0.9940880668619
2272 0.9940880668619
2272 0.9940880668619
2272 1.59395212145284
2352 0
2352 8.7222025914412
2352 8.7222025914412
2352 8.7222025914412
2352 8.7222025914412
2352 0
2352 1.58523056055308
2352 1.58523056055308
2352 0
2352 0
2352 0
2352 0
2352 3.14136524331908
2352 5.55146694890618
2352 5.55146694890618
2352 5.55146694890618
2352 4.74067168734157
2352 0.819504629021085
2352 2.41903303706797
2352 3.19062413724463
2352 0
2352 4.87908372572933
2352 0
2352 0
2352 0.989830406148645
2352 0.989830406148645
2352 0
2352 10.1379970407855
2352 10.1379970407855
2352 10.1379970407855
2352 12.8482883713924
2352 0
2352 16.9139013425195
2352 690.589551069457
2352 0.173847294984795
2352 0.173847294984795
2352 5.082921374581
2352 5.082921374581
2352 0.54615229357528
2352 0.54615229357528
2352 0.54615229357528
2352 0.9940880668619
2352 0.9940880668619
2352 0.9940880668619
2352 1.59395212145284
2430 0
2430 8.7222025914412
2430 8.7222025914412
2430 8.7222025914412
2430 8.7222025914412
2430 0
2430 1.58523056055308
2430 1.58523056055308
2430 0
2430 0
2430 0
2430 0
2430 3.14136524331908
2430 5.55146694890618
2430 5.55146694890618
2430 5.55146694890618
2430 4.74067168734157
2430 0.819504629021085
2430 2.41903303706797
2430 3.19062413724463
2430 0
2430 4.87908372572933
2430 0
2430 0
2430 0.989830406148645
2430 0.989830406148645
2430 0
2430 10.1379970407855
2430 10.1379970407855
2430 10.1379970407855
2430 12.8482883713924
2430 0
2430 16.9139013425195
2430 690.589551069457
2430 0.173847294984795
2430 0.173847294984795
2430 5.082921374581
2430 5.082921374581
2430 0.54615229357528
2430 0.54615229357528
2430 0.54615229357528
2430 0.9940880668619
2430 0.9940880668619
2430 0.9940880668619
2430 1.59395212145284
2522 0
2522 8.7222025914412
2522 8.7222025914412
2522 8.7222025914412
2522 8.7222025914412
2522 0
2522 1.58523056055308
2522 1.58523056055308
2522 0
2522 0
2522 0
2522 0
2522 3.14136524331908
2522 5.55146694890618
2522 5.55146694890618
2522 5.55146694890618
2522 4.74067168734157
2522 0.819504629021085
2522 2.41903303706797
2522 3.19062413724463
2522 0
2522 4.87908372572933
2522 0
2522 0
2522 0.989830406148645
2522 0.989830406148645
2522 0
2522 10.1379970407855
2522 10.1379970407855
2522 10.1379970407855
2522 12.8482883713924
2522 0
2522 16.9139013425195
2522 690.589551069457
2522 0.173847294984795
2522 0.173847294984795
2522 5.082921374581
2522 5.082921374581
2522 0.54615229357528
2522 0.54615229357528
2522 0.54615229357528
2522 0.9940880668619
2522 0.9940880668619
2522 0.9940880668619
2522 1.59395212145284
2509 0
2509 8.7222025914412
2509 8.7222025914412
2509 8.7222025914412
2509 8.7222025914412
2509 0
2509 1.58523056055308
2509 1.58523056055308
2509 0
2509 0
2509 0
2509 0
2509 3.14136524331908
2509 5.55146694890618
2509 5.55146694890618
2509 5.55146694890618
2509 4.74067168734157
2509 0.819504629021085
2509 2.41903303706797
2509 3.19062413724463
2509 0
2509 4.87908372572933
2509 0
2509 0
2509 0.989830406148645
2509 0.989830406148645
2509 0
2509 10.1379970407855
2509 10.1379970407855
2509 10.1379970407855
2509 12.8482883713924
2509 0
2509 16.9139013425195
2509 690.589551069457
2509 0.173847294984795
2509 0.173847294984795
2509 5.082921374581
2509 5.082921374581
2509 0.54615229357528
2509 0.54615229357528
2509 0.54615229357528
2509 0.9940880668619
2509 0.9940880668619
2509 0.9940880668619
2509 1.59395212145284
2608 0
2608 8.7222025914412
2608 8.7222025914412
2608 8.7222025914412
2608 8.7222025914412
2608 0
2608 1.58523056055308
2608 1.58523056055308
2608 0
2608 0
2608 0
2608 0
2608 3.14136524331908
2608 5.55146694890618
2608 5.55146694890618
2608 5.55146694890618
2608 4.74067168734157
2608 0.819504629021085
2608 2.41903303706797
2608 3.19062413724463
2608 0
2608 4.87908372572933
2608 0
2608 0
2608 0.989830406148645
2608 0.989830406148645
2608 0
2608 10.1379970407855
2608 10.1379970407855
2608 10.1379970407855
2608 12.8482883713924
2608 0
2608 16.9139013425195
2608 690.589551069457
2608 0.173847294984795
2608 0.173847294984795
2608 5.082921374581
2608 5.082921374581
2608 0.54615229357528
2608 0.54615229357528
2608 0.54615229357528
2608 0.9940880668619
2608 0.9940880668619
2608 0.9940880668619
2608 1.59395212145284
2607 0
2607 8.7222025914412
2607 8.7222025914412
2607 8.7222025914412
2607 8.7222025914412
2607 0
2607 1.58523056055308
2607 1.58523056055308
2607 0
2607 0
2607 0
2607 0
2607 3.14136524331908
2607 5.55146694890618
2607 5.55146694890618
2607 5.55146694890618
2607 4.74067168734157
2607 0.819504629021085
2607 2.41903303706797
2607 3.19062413724463
2607 0
2607 4.87908372572933
2607 0
2607 0
2607 0.989830406148645
2607 0.989830406148645
2607 0
2607 10.1379970407855
2607 10.1379970407855
2607 10.1379970407855
2607 12.8482883713924
2607 0
2607 16.9139013425195
2607 690.589551069457
2607 0.173847294984795
2607 0.173847294984795
2607 5.082921374581
2607 5.082921374581
2607 0.54615229357528
2607 0.54615229357528
2607 0.54615229357528
2607 0.9940880668619
2607 0.9940880668619
2607 0.9940880668619
2607 1.59395212145284
2601 0
2601 8.7222025914412
2601 8.7222025914412
2601 8.7222025914412
2601 8.7222025914412
2601 0
2601 1.58523056055308
2601 1.58523056055308
2601 0
2601 0
2601 0
2601 0
2601 3.14136524331908
2601 5.55146694890618
2601 5.55146694890618
2601 5.55146694890618
2601 4.74067168734157
2601 0.819504629021085
2601 2.41903303706797
2601 3.19062413724463
2601 0
2601 4.87908372572933
2601 0
2601 0
2601 0.989830406148645
2601 0.989830406148645
2601 0
2601 10.1379970407855
2601 10.1379970407855
2601 10.1379970407855
2601 12.8482883713924
2601 0
2601 16.9139013425195
2601 690.589551069457
2601 0.173847294984795
2601 0.173847294984795
2601 5.082921374581
2601 5.082921374581
2601 0.54615229357528
2601 0.54615229357528
2601 0.54615229357528
2601 0.9940880668619
2601 0.9940880668619
2601 0.9940880668619
2601 1.59395212145284
2687 0
2687 8.7222025914412
2687 8.7222025914412
2687 8.7222025914412
2687 8.7222025914412
2687 0
2687 1.58523056055308
2687 1.58523056055308
2687 0
2687 0
2687 0
2687 0
2687 3.14136524331908
2687 5.55146694890618
2687 5.55146694890618
2687 5.55146694890618
2687 4.74067168734157
2687 0.819504629021085
2687 2.41903303706797
2687 3.19062413724463
2687 0
2687 4.87908372572933
2687 0
2687 0
2687 0.989830406148645
2687 0.989830406148645
2687 0
2687 10.1379970407855
2687 10.1379970407855
2687 10.1379970407855
2687 12.8482883713924
2687 0
2687 16.9139013425195
2687 690.589551069457
2687 0.173847294984795
2687 0.173847294984795
2687 5.082921374581
2687 5.082921374581
2687 0.54615229357528
2687 0.54615229357528
2687 0.54615229357528
2687 0.9940880668619
2687 0.9940880668619
2687 0.9940880668619
2687 1.59395212145284
2686 0
2686 8.7222025914412
2686 8.7222025914412
2686 8.7222025914412
2686 8.7222025914412
2686 0
2686 1.58523056055308
2686 1.58523056055308
2686 0
2686 0
2686 0
2686 0
2686 3.14136524331908
2686 5.55146694890618
2686 5.55146694890618
2686 5.55146694890618
2686 4.74067168734157
2686 0.819504629021085
2686 2.41903303706797
2686 3.19062413724463
2686 0
2686 4.87908372572933
2686 0
2686 0
2686 0.989830406148645
2686 0.989830406148645
2686 0
2686 10.1379970407855
2686 10.1379970407855
2686 10.1379970407855
2686 12.8482883713924
2686 0
2686 16.9139013425195
2686 690.589551069457
2686 0.173847294984795
2686 0.173847294984795
2686 5.082921374581
2686 5.082921374581
2686 0.54615229357528
2686 0.54615229357528
2686 0.54615229357528
2686 0.9940880668619
2686 0.9940880668619
2686 0.9940880668619
2686 1.59395212145284
2679 0
2679 8.7222025914412
2679 8.7222025914412
2679 8.7222025914412
2679 8.7222025914412
2679 0
2679 1.58523056055308
2679 1.58523056055308
2679 0
2679 0
2679 0
2679 0
2679 3.14136524331908
2679 5.55146694890618
2679 5.55146694890618
2679 5.55146694890618
2679 4.74067168734157
2679 0.819504629021085
2679 2.41903303706797
2679 3.19062413724463
2679 0
2679 4.87908372572933
2679 0
2679 0
2679 0.989830406148645
2679 0.989830406148645
2679 0
2679 10.1379970407855
2679 10.1379970407855
2679 10.1379970407855
2679 12.8482883713924
2679 0
2679 16.9139013425195
2679 690.589551069457
2679 0.173847294984795
2679 0.173847294984795
2679 5.082921374581
2679 5.082921374581
2679 0.54615229357528
2679 0.54615229357528
2679 0.54615229357528
2679 0.9940880668619
2679 0.9940880668619
2679 0.9940880668619
2679 1.59395212145284
2677 0
2677 8.7222025914412
2677 8.7222025914412
2677 8.7222025914412
2677 8.7222025914412
2677 0
2677 1.58523056055308
2677 1.58523056055308
2677 0
2677 0
2677 0
2677 0
2677 3.14136524331908
2677 5.55146694890618
2677 5.55146694890618
2677 5.55146694890618
2677 4.74067168734157
2677 0.819504629021085
2677 2.41903303706797
2677 3.19062413724463
2677 0
2677 4.87908372572933
2677 0
2677 0
2677 0.989830406148645
2677 0.989830406148645
2677 0
2677 10.1379970407855
2677 10.1379970407855
2677 10.1379970407855
2677 12.8482883713924
2677 0
2677 16.9139013425195
2677 690.589551069457
2677 0.173847294984795
2677 0.173847294984795
2677 5.082921374581
2677 5.082921374581
2677 0.54615229357528
2677 0.54615229357528
2677 0.54615229357528
2677 0.9940880668619
2677 0.9940880668619
2677 0.9940880668619
2677 1.59395212145284
2673 0
2673 8.7222025914412
2673 8.7222025914412
2673 8.7222025914412
2673 8.7222025914412
2673 0
2673 1.58523056055308
2673 1.58523056055308
2673 0
2673 0
2673 0
2673 0
2673 3.14136524331908
2673 5.55146694890618
2673 5.55146694890618
2673 5.55146694890618
2673 4.74067168734157
2673 0.819504629021085
2673 2.41903303706797
2673 3.19062413724463
2673 0
2673 4.87908372572933
2673 0
2673 0
2673 0.989830406148645
2673 0.989830406148645
2673 0
2673 10.1379970407855
2673 10.1379970407855
2673 10.1379970407855
2673 12.8482883713924
2673 0
2673 16.9139013425195
2673 690.589551069457
2673 0.173847294984795
2673 0.173847294984795
2673 5.082921374581
2673 5.082921374581
2673 0.54615229357528
2673 0.54615229357528
2673 0.54615229357528
2673 0.9940880668619
2673 0.9940880668619
2673 0.9940880668619
2673 1.59395212145284
2769 0
2769 8.7222025914412
2769 8.7222025914412
2769 8.7222025914412
2769 8.7222025914412
2769 0
2769 1.58523056055308
2769 1.58523056055308
2769 0
2769 0
2769 0
2769 0
2769 3.14136524331908
2769 5.55146694890618
2769 5.55146694890618
2769 5.55146694890618
2769 4.74067168734157
2769 0.819504629021085
2769 2.41903303706797
2769 3.19062413724463
2769 0
2769 4.87908372572933
2769 0
2769 0
2769 0.989830406148645
2769 0.989830406148645
2769 0
2769 10.1379970407855
2769 10.1379970407855
2769 10.1379970407855
2769 12.8482883713924
2769 0
2769 16.9139013425195
2769 690.589551069457
2769 0.173847294984795
2769 0.173847294984795
2769 5.082921374581
2769 5.082921374581
2769 0.54615229357528
2769 0.54615229357528
2769 0.54615229357528
2769 0.9940880668619
2769 0.9940880668619
2769 0.9940880668619
2769 1.59395212145284
2768 0
2768 8.7222025914412
2768 8.7222025914412
2768 8.7222025914412
2768 8.7222025914412
2768 0
2768 1.58523056055308
2768 1.58523056055308
2768 0
2768 0
2768 0
2768 0
2768 3.14136524331908
2768 5.55146694890618
2768 5.55146694890618
2768 5.55146694890618
2768 4.74067168734157
2768 0.819504629021085
2768 2.41903303706797
2768 3.19062413724463
2768 0
2768 4.87908372572933
2768 0
2768 0
2768 0.989830406148645
2768 0.989830406148645
2768 0
2768 10.1379970407855
2768 10.1379970407855
2768 10.1379970407855
2768 12.8482883713924
2768 0
2768 16.9139013425195
2768 690.589551069457
2768 0.173847294984795
2768 0.173847294984795
2768 5.082921374581
2768 5.082921374581
2768 0.54615229357528
2768 0.54615229357528
2768 0.54615229357528
2768 0.9940880668619
2768 0.9940880668619
2768 0.9940880668619
2768 1.59395212145284
2764 0
2764 8.7222025914412
2764 8.7222025914412
2764 8.7222025914412
2764 8.7222025914412
2764 0
2764 1.58523056055308
2764 1.58523056055308
2764 0
2764 0
2764 0
2764 0
2764 3.14136524331908
2764 5.55146694890618
2764 5.55146694890618
2764 5.55146694890618
2764 4.74067168734157
2764 0.819504629021085
2764 2.41903303706797
2764 3.19062413724463
2764 0
2764 4.87908372572933
2764 0
2764 0
2764 0.989830406148645
2764 0.989830406148645
2764 0
2764 10.1379970407855
2764 10.1379970407855
2764 10.1379970407855
2764 12.8482883713924
2764 0
2764 16.9139013425195
2764 690.589551069457
2764 0.173847294984795
2764 0.173847294984795
2764 5.082921374581
2764 5.082921374581
2764 0.54615229357528
2764 0.54615229357528
2764 0.54615229357528
2764 0.9940880668619
2764 0.9940880668619
2764 0.9940880668619
2764 1.59395212145284
