pt_graph shape
2043 1
2043 1
2043 1
2043 1
2043 1
2043 1
2043 1
2043 1
2043 1
2043 1
2043 1
2043 1
2043 1
2043 1
2043 1
2043 1
2043 1
2043 1
2043 1
2043 1
2043 1
2043 1
2043 1
2043 1
2043 1
2043 1
2043 1
2043 1
2043 1
2043 1
2043 1
2043 1
2043 1
2043 1
2043 1
2043 1
2043 1
2043 1
2043 1
2043 1
2043 1
2043 1
2043 1
2043 1
2043 1
2607 1
2607 1
2607 1
2607 1
2607 1
2607 1
2607 1
2607 1
2607 1
2607 1
2607 1
2607 1
2607 1
2607 1
2607 1
2607 1
2607 1
2607 1
2607 1
2607 1
2607 1
2607 1
2607 1
2607 1
2607 1
2607 1
2607 1
2607 1
2607 1
2607 1
2607 1
2607 1
2607 1
2607 1
2607 1
2607 1
2607 1
2607 1
2607 1
2607 1
2607 1
2607 1
2607 1
2607 1
2607 1
2775 1
2775 1
2775 1
2775 1
2775 1
2775 1
2775 1
2775 1
2775 1
2775 1
2775 1
2775 1
2775 1
2775 1
2775 1
2775 1
2775 1
2775 1
2775 1
2775 1
2775 1
2775 1
2775 1
2775 1
2775 1
2775 1
2775 1
2775 1
2775 1
2775 1
2775 1
2775 1
2775 1
2775 1
2775 1
2775 1
2775 1
2775 1
2775 1
2775 1
2775 1
2775 1
2775 1
2775 1
2775 1
3007 1
3007 1
3007 1
3007 1
3007 1
3007 1
3007 1
3007 1
3007 1
3007 1
3007 1
3007 1
3007 1
3007 1
3007 1
3007 1
3007 1
3007 1
3007 1
3007 1
3007 1
3007 1
3007 1
3007 1
3007 1
3007 1
3007 1
3007 1
3007 1
3007 1
3007 1
3007 1
3007 1
3007 1
3007 1
3007 1
3007 1
3007 1
3007 1
3007 1
3007 1
3007 1
3007 1
3007 1
3007 1
3084 1
3084 1
3084 1
3084 1
3084 1
3084 1
3084 1
3084 1
3084 1
3084 1
3084 1
3084 1
3084 1
3084 1
3084 1
3084 1
3084 1
3084 1
3084 1
3084 1
3084 1
3084 1
3084 1
3084 1
3084 1
3084 1
3084 1
3084 1
3084 1
3084 1
3084 1
3084 1
3084 1
3084 1
3084 1
3084 1
3084 1
3084 1
3084 1
3084 1
3084 1
3084 1
3084 1
3084 1
3084 1
3324 1
3324 1
3324 1
3324 1
3324 1
3324 1
3324 1
3324 1
3324 1
3324 1
3324 1
3324 1
3324 1
3324 1
3324 1
3324 1
3324 1
3324 1
3324 1
3324 1
3324 1
3324 1
3324 1
3324 1
3324 1
3324 1
3324 1
3324 1
3324 1
3324 1
3324 1
3324 1
3324 1
3324 1
3324 1
3324 1
3324 1
3324 1
3324 1
3324 1
3324 1
3324 1
3324 1
3324 1
3324 1
3321 1
3321 1
3321 1
3321 1
3321 1
3321 1
3321 1
3321 1
3321 1
3321 1
3321 1
3321 1
3321 1
3321 1
3321 1
3321 1
3321 1
3321 1
3321 1
3321 1
3321 1
3321 1
3321 1
3321 1
3321 1
3321 1
3321 1
3321 1
3321 1
3321 1
3321 1
3321 1
3321 1
3321 1
3321 1
3321 1
3321 1
3321 1
3321 1
3321 1
3321 1
3321 1
3321 1
3321 1
3321 1
3403 1
3403 1
3403 1
3403 1
3403 1
3403 1
3403 1
3403 1
3403 1
3403 1
3403 1
3403 1
3403 1
3403 1
3403 1
3403 1
3403 1
3403 1
3403 1
3403 1
3403 1
3403 1
3403 1
3403 1
3403 1
3403 1
3403 1
3403 1
3403 1
3403 1
3403 1
3403 1
3403 1
3403 1
3403 1
3403 1
3403 1
3403 1
3403 1
3403 1
3403 1
3403 1
3403 1
3403 1
3403 1
3733 1
3733 1
3733 1
3733 1
3733 1
3733 1
3733 1
3733 1
3733 1
3733 1
3733 1
3733 1
3733 1
3733 1
3733 1
3733 1
3733 1
3733 1
3733 1
3733 1
3733 1
3733 1
3733 1
3733 1
3733 1
3733 1
3733 1
3733 1
3733 1
3733 1
3733 1
3733 1
3733 1
3733 1
3733 1
3733 1
3733 1
3733 1
3733 1
3733 1
3733 1
3733 1
3733 1
3733 1
3733 1
4013 1
4013 1
4013 1
4013 1
4013 1
4013 1
4013 1
4013 1
4013 1
4013 1
4013 1
4013 1
4013 1
4013 1
4013 1
4013 1
4013 1
4013 1
4013 1
4013 1
4013 1
4013 1
4013 1
4013 1
4013 1
4013 1
4013 1
4013 1
4013 1
4013 1
4013 1
4013 1
4013 1
4013 1
4013 1
4013 1
4013 1
4013 1
4013 1
4013 1
4013 1
4013 1
4013 1
4013 1
4013 1
4011 1
4011 1
4011 1
4011 1
4011 1
4011 1
4011 1
4011 1
4011 1
4011 1
4011 1
4011 1
4011 1
4011 1
4011 1
4011 1
4011 1
4011 1
4011 1
4011 1
4011 1
4011 1
4011 1
4011 1
4011 1
4011 1
4011 1
4011 1
4011 1
4011 1
4011 1
4011 1
4011 1
4011 1
4011 1
4011 1
4011 1
4011 1
4011 1
4011 1
4011 1
4011 1
4011 1
4011 1
4011 1
3811 1
3811 1
3811 1
3811 1
3811 1
3811 1
3811 1
3811 1
3811 1
3811 1
3811 1
3811 1
3811 1
3811 1
3811 1
3811 1
3811 1
3811 1
3811 1
3811 1
3811 1
3811 1
3811 1
3811 1
3811 1
3811 1
3811 1
3811 1
3811 1
3811 1
3811 1
3811 1
3811 1
3811 1
3811 1
3811 1
3811 1
3811 1
3811 1
3811 1
3811 1
3811 1
3811 1
3811 1
3811 1
4099 1
4099 1
4099 1
4099 1
4099 1
4099 1
4099 1
4099 1
4099 1
4099 1
4099 1
4099 1
4099 1
4099 1
4099 1
4099 1
4099 1
4099 1
4099 1
4099 1
4099 1
4099 1
4099 1
4099 1
4099 1
4099 1
4099 1
4099 1
4099 1
4099 1
4099 1
4099 1
4099 1
4099 1
4099 1
4099 1
4099 1
4099 1
4099 1
4099 1
4099 1
4099 1
4099 1
4099 1
4099 1
4092 1
4092 1
4092 1
4092 1
4092 1
4092 1
4092 1
4092 1
4092 1
4092 1
4092 1
4092 1
4092 1
4092 1
4092 1
4092 1
4092 1
4092 1
4092 1
4092 1
4092 1
4092 1
4092 1
4092 1
4092 1
4092 1
4092 1
4092 1
4092 1
4092 1
4092 1
4092 1
4092 1
4092 1
4092 1
4092 1
4092 1
4092 1
4092 1
4092 1
4092 1
4092 1
4092 1
4092 1
4092 1
4080 1
4080 1
4080 1
4080 1
4080 1
4080 1
4080 1
4080 1
4080 1
4080 1
4080 1
4080 1
4080 1
4080 1
4080 1
4080 1
4080 1
4080 1
4080 1
4080 1
4080 1
4080 1
4080 1
4080 1
4080 1
4080 1
4080 1
4080 1
4080 1
4080 1
4080 1
4080 1
4080 1
4080 1
4080 1
4080 1
4080 1
4080 1
4080 1
4080 1
4080 1
4080 1
4080 1
4080 1
4080 1
4169 1
4169 1
4169 1
4169 1
4169 1
4169 1
4169 1
4169 1
4169 1
4169 1
4169 1
4169 1
4169 1
4169 1
4169 1
4169 1
4169 1
4169 1
4169 1
4169 1
4169 1
4169 1
4169 1
4169 1
4169 1
4169 1
4169 1
4169 1
4169 1
4169 1
4169 1
4169 1
4169 1
4169 1
4169 1
4169 1
4169 1
4169 1
4169 1
4169 1
4169 1
4169 1
4169 1
4169 1
4169 1
4167 1
4167 1
4167 1
4167 1
4167 1
4167 1
4167 1
4167 1
4167 1
4167 1
4167 1
4167 1
4167 1
4167 1
4167 1
4167 1
4167 1
4167 1
4167 1
4167 1
4167 1
4167 1
4167 1
4167 1
4167 1
4167 1
4167 1
4167 1
4167 1
4167 1
4167 1
4167 1
4167 1
4167 1
4167 1
4167 1
4167 1
4167 1
4167 1
4167 1
4167 1
4167 1
4167 1
4167 1
4167 1
4640 1
4640 1
4640 1
4640 1
4640 1
4640 1
4640 1
4640 1
4640 1
4640 1
4640 1
4640 1
4640 1
4640 1
4640 1
4640 1
4640 1
4640 1
4640 1
4640 1
4640 1
4640 1
4640 1
4640 1
4640 1
4640 1
4640 1
4640 1
4640 1
4640 1
4640 1
4640 1
4640 1
4640 1
4640 1
4640 1
4640 1
4640 1
4640 1
4640 1
4640 1
4640 1
4640 1
4640 1
4640 1
4635 1
4635 1
4635 1
4635 1
4635 1
4635 1
4635 1
4635 1
4635 1
4635 1
4635 1
4635 1
4635 1
4635 1
4635 1
4635 1
4635 1
4635 1
4635 1
4635 1
4635 1
4635 1
4635 1
4635 1
4635 1
4635 1
4635 1
4635 1
4635 1
4635 1
4635 1
4635 1
4635 1
4635 1
4635 1
4635 1
4635 1
4635 1
4635 1
4635 1
4635 1
4635 1
4635 1
4635 1
4635 1
4728 1
4728 1
4728 1
4728 1
4728 1
4728 1
4728 1
4728 1
4728 1
4728 1
4728 1
4728 1
4728 1
4728 1
4728 1
4728 1
4728 1
4728 1
4728 1
4728 1
4728 1
4728 1
4728 1
4728 1
4728 1
4728 1
4728 1
4728 1
4728 1
4728 1
4728 1
4728 1
4728 1
4728 1
4728 1
4728 1
4728 1
4728 1
4728 1
4728 1
4728 1
4728 1
4728 1
4728 1
4728 1
4820 1
4820 1
4820 1
4820 1
4820 1
4820 1
4820 1
4820 1
4820 1
4820 1
4820 1
4820 1
4820 1
4820 1
4820 1
4820 1
4820 1
4820 1
4820 1
4820 1
4820 1
4820 1
4820 1
4820 1
4820 1
4820 1
4820 1
4820 1
4820 1
4820 1
4820 1
4820 1
4820 1
4820 1
4820 1
4820 1
4820 1
4820 1
4820 1
4820 1
4820 1
4820 1
4820 1
4820 1
4820 1
4897 1
4897 1
4897 1
4897 1
4897 1
4897 1
4897 1
4897 1
4897 1
4897 1
4897 1
4897 1
4897 1
4897 1
4897 1
4897 1
4897 1
4897 1
4897 1
4897 1
4897 1
4897 1
4897 1
4897 1
4897 1
4897 1
4897 1
4897 1
4897 1
4897 1
4897 1
4897 1
4897 1
4897 1
4897 1
4897 1
4897 1
4897 1
4897 1
4897 1
4897 1
4897 1
4897 1
4897 1
4897 1
4890 1
4890 1
4890 1
4890 1
4890 1
4890 1
4890 1
4890 1
4890 1
4890 1
4890 1
4890 1
4890 1
4890 1
4890 1
4890 1
4890 1
4890 1
4890 1
4890 1
4890 1
4890 1
4890 1
4890 1
4890 1
4890 1
4890 1
4890 1
4890 1
4890 1
4890 1
4890 1
4890 1
4890 1
4890 1
4890 1
4890 1
4890 1
4890 1
4890 1
4890 1
4890 1
4890 1
4890 1
4890 1
4888 1
4888 1
4888 1
4888 1
4888 1
4888 1
4888 1
4888 1
4888 1
4888 1
4888 1
4888 1
4888 1
4888 1
4888 1
4888 1
4888 1
4888 1
4888 1
4888 1
4888 1
4888 1
4888 1
4888 1
4888 1
4888 1
4888 1
4888 1
4888 1
4888 1
4888 1
4888 1
4888 1
4888 1
4888 1
4888 1
4888 1
4888 1
4888 1
4888 1
4888 1
4888 1
4888 1
4888 1
4888 1
4987 1
4987 1
4987 1
4987 1
4987 1
4987 1
4987 1
4987 1
4987 1
4987 1
4987 1
4987 1
4987 1
4987 1
4987 1
4987 1
4987 1
4987 1
4987 1
4987 1
4987 1
4987 1
4987 1
4987 1
4987 1
4987 1
4987 1
4987 1
4987 1
4987 1
4987 1
4987 1
4987 1
4987 1
4987 1
4987 1
4987 1
4987 1
4987 1
4987 1
4987 1
4987 1
4987 1
4987 1
4987 1
4981 1
4981 1
4981 1
4981 1
4981 1
4981 1
4981 1
4981 1
4981 1
4981 1
4981 1
4981 1
4981 1
4981 1
4981 1
4981 1
4981 1
4981 1
4981 1
4981 1
4981 1
4981 1
4981 1
4981 1
4981 1
4981 1
4981 1
4981 1
4981 1
4981 1
4981 1
4981 1
4981 1
4981 1
4981 1
4981 1
4981 1
4981 1
4981 1
4981 1
4981 1
4981 1
4981 1
4981 1
4981 1
4980 1
4980 1
4980 1
4980 1
4980 1
4980 1
4980 1
4980 1
4980 1
4980 1
4980 1
4980 1
4980 1
4980 1
4980 1
4980 1
4980 1
4980 1
4980 1
4980 1
4980 1
4980 1
4980 1
4980 1
4980 1
4980 1
4980 1
4980 1
4980 1
4980 1
4980 1
4980 1
4980 1
4980 1
4980 1
4980 1
4980 1
4980 1
4980 1
4980 1
4980 1
4980 1
4980 1
4980 1
4980 1
5075 1
5075 1
5075 1
5075 1
5075 1
5075 1
5075 1
5075 1
5075 1
5075 1
5075 1
5075 1
5075 1
5075 1
5075 1
5075 1
5075 1
5075 1
5075 1
5075 1
5075 1
5075 1
5075 1
5075 1
5075 1
5075 1
5075 1
5075 1
5075 1
5075 1
5075 1
5075 1
5075 1
5075 1
5075 1
5075 1
5075 1
5075 1
5075 1
5075 1
5075 1
5075 1
5075 1
5075 1
5075 1
5073 1
5073 1
5073 1
5073 1
5073 1
5073 1
5073 1
5073 1
5073 1
5073 1
5073 1
5073 1
5073 1
5073 1
5073 1
5073 1
5073 1
5073 1
5073 1
5073 1
5073 1
5073 1
5073 1
5073 1
5073 1
5073 1
5073 1
5073 1
5073 1
5073 1
5073 1
5073 1
5073 1
5073 1
5073 1
5073 1
5073 1
5073 1
5073 1
5073 1
5073 1
5073 1
5073 1
5073 1
5073 1
5358 1
5358 1
5358 1
5358 1
5358 1
5358 1
5358 1
5358 1
5358 1
5358 1
5358 1
5358 1
5358 1
5358 1
5358 1
5358 1
5358 1
5358 1
5358 1
5358 1
5358 1
5358 1
5358 1
5358 1
5358 1
5358 1
5358 1
5358 1
5358 1
5358 1
5358 1
5358 1
5358 1
5358 1
5358 1
5358 1
5358 1
5358 1
5358 1
5358 1
5358 1
5358 1
5358 1
5358 1
5358 1
5355 1
5355 1
5355 1
5355 1
5355 1
5355 1
5355 1
5355 1
5355 1
5355 1
5355 1
5355 1
5355 1
5355 1
5355 1
5355 1
5355 1
5355 1
5355 1
5355 1
5355 1
5355 1
5355 1
5355 1
5355 1
5355 1
5355 1
5355 1
5355 1
5355 1
5355 1
5355 1
5355 1
5355 1
5355 1
5355 1
5355 1
5355 1
5355 1
5355 1
5355 1
5355 1
5355 1
5355 1
5355 1
5151 1
5151 1
5151 1
5151 1
5151 1
5151 1
5151 1
5151 1
5151 1
5151 1
5151 1
5151 1
5151 1
5151 1
5151 1
5151 1
5151 1
5151 1
5151 1
5151 1
5151 1
5151 1
5151 1
5151 1
5151 1
5151 1
5151 1
5151 1
5151 1
5151 1
5151 1
5151 1
5151 1
5151 1
5151 1
5151 1
5151 1
5151 1
5151 1
5151 1
5151 1
5151 1
5151 1
5151 1
5151 1
5150 1
5150 1
5150 1
5150 1
5150 1
5150 1
5150 1
5150 1
5150 1
5150 1
5150 1
5150 1
5150 1
5150 1
5150 1
5150 1
5150 1
5150 1
5150 1
5150 1
5150 1
5150 1
5150 1
5150 1
5150 1
5150 1
5150 1
5150 1
5150 1
5150 1
5150 1
5150 1
5150 1
5150 1
5150 1
5150 1
5150 1
5150 1
5150 1
5150 1
5150 1
5150 1
5150 1
5150 1
5150 1
5240 1
5240 1
5240 1
5240 1
5240 1
5240 1
5240 1
5240 1
5240 1
5240 1
5240 1
5240 1
5240 1
5240 1
5240 1
5240 1
5240 1
5240 1
5240 1
5240 1
5240 1
5240 1
5240 1
5240 1
5240 1
5240 1
5240 1
5240 1
5240 1
5240 1
5240 1
5240 1
5240 1
5240 1
5240 1
5240 1
5240 1
5240 1
5240 1
5240 1
5240 1
5240 1
5240 1
5240 1
5240 1
5345 1
5345 1
5345 1
5345 1
5345 1
5345 1
5345 1
5345 1
5345 1
5345 1
5345 1
5345 1
5345 1
5345 1
5345 1
5345 1
5345 1
5345 1
5345 1
5345 1
5345 1
5345 1
5345 1
5345 1
5345 1
5345 1
5345 1
5345 1
5345 1
5345 1
5345 1
5345 1
5345 1
5345 1
5345 1
5345 1
5345 1
5345 1
5345 1
5345 1
5345 1
5345 1
5345 1
5345 1
5345 1
5326 1
5326 1
5326 1
5326 1
5326 1
5326 1
5326 1
5326 1
5326 1
5326 1
5326 1
5326 1
5326 1
5326 1
5326 1
5326 1
5326 1
5326 1
5326 1
5326 1
5326 1
5326 1
5326 1
5326 1
5326 1
5326 1
5326 1
5326 1
5326 1
5326 1
5326 1
5326 1
5326 1
5326 1
5326 1
5326 1
5326 1
5326 1
5326 1
5326 1
5326 1
5326 1
5326 1
5326 1
5326 1
5325 1
5325 1
5325 1
5325 1
5325 1
5325 1
5325 1
5325 1
5325 1
5325 1
5325 1
5325 1
5325 1
5325 1
5325 1
5325 1
5325 1
5325 1
5325 1
5325 1
5325 1
5325 1
5325 1
5325 1
5325 1
5325 1
5325 1
5325 1
5325 1
5325 1
5325 1
5325 1
5325 1
5325 1
5325 1
5325 1
5325 1
5325 1
5325 1
5325 1
5325 1
5325 1
5325 1
5325 1
5325 1
5427 1
5427 1
5427 1
5427 1
5427 1
5427 1
5427 1
5427 1
5427 1
5427 1
5427 1
5427 1
5427 1
5427 1
5427 1
5427 1
5427 1
5427 1
5427 1
5427 1
5427 1
5427 1
5427 1
5427 1
5427 1
5427 1
5427 1
5427 1
5427 1
5427 1
5427 1
5427 1
5427 1
5427 1
5427 1
5427 1
5427 1
5427 1
5427 1
5427 1
5427 1
5427 1
5427 1
5427 1
5427 1
5426 1
5426 1
5426 1
5426 1
5426 1
5426 1
5426 1
5426 1
5426 1
5426 1
5426 1
5426 1
5426 1
5426 1
5426 1
5426 1
5426 1
5426 1
5426 1
5426 1
5426 1
5426 1
5426 1
5426 1
5426 1
5426 1
5426 1
5426 1
5426 1
5426 1
5426 1
5426 1
5426 1
5426 1
5426 1
5426 1
5426 1
5426 1
5426 1
5426 1
5426 1
5426 1
5426 1
5426 1
5426 1
5618 1
5618 1
5618 1
5618 1
5618 1
5618 1
5618 1
5618 1
5618 1
5618 1
5618 1
5618 1
5618 1
5618 1
5618 1
5618 1
5618 1
5618 1
5618 1
5618 1
5618 1
5618 1
5618 1
5618 1
5618 1
5618 1
5618 1
5618 1
5618 1
5618 1
5618 1
5618 1
5618 1
5618 1
5618 1
5618 1
5618 1
5618 1
5618 1
5618 1
5618 1
5618 1
5618 1
5618 1
5618 1
5425 1
5425 1
5425 1
5425 1
5425 1
5425 1
5425 1
5425 1
5425 1
5425 1
5425 1
5425 1
5425 1
5425 1
5425 1
5425 1
5425 1
5425 1
5425 1
5425 1
5425 1
5425 1
5425 1
5425 1
5425 1
5425 1
5425 1
5425 1
5425 1
5425 1
5425 1
5425 1
5425 1
5425 1
5425 1
5425 1
5425 1
5425 1
5425 1
5425 1
5425 1
5425 1
5425 1
5425 1
5425 1
5423 1
5423 1
5423 1
5423 1
5423 1
5423 1
5423 1
5423 1
5423 1
5423 1
5423 1
5423 1
5423 1
5423 1
5423 1
5423 1
5423 1
5423 1
5423 1
5423 1
5423 1
5423 1
5423 1
5423 1
5423 1
5423 1
5423 1
5423 1
5423 1
5423 1
5423 1
5423 1
5423 1
5423 1
5423 1
5423 1
5423 1
5423 1
5423 1
5423 1
5423 1
5423 1
5423 1
5423 1
5423 1
5615 1
5615 1
5615 1
5615 1
5615 1
5615 1
5615 1
5615 1
5615 1
5615 1
5615 1
5615 1
5615 1
5615 1
5615 1
5615 1
5615 1
5615 1
5615 1
5615 1
5615 1
5615 1
5615 1
5615 1
5615 1
5615 1
5615 1
5615 1
5615 1
5615 1
5615 1
5615 1
5615 1
5615 1
5615 1
5615 1
5615 1
5615 1
5615 1
5615 1
5615 1
5615 1
5615 1
5615 1
5615 1
5419 1
5419 1
5419 1
5419 1
5419 1
5419 1
5419 1
5419 1
5419 1
5419 1
5419 1
5419 1
5419 1
5419 1
5419 1
5419 1
5419 1
5419 1
5419 1
5419 1
5419 1
5419 1
5419 1
5419 1
5419 1
5419 1
5419 1
5419 1
5419 1
5419 1
5419 1
5419 1
5419 1
5419 1
5419 1
5419 1
5419 1
5419 1
5419 1
5419 1
5419 1
5419 1
5419 1
5419 1
5419 1
5614 1
5614 1
5614 1
5614 1
5614 1
5614 1
5614 1
5614 1
5614 1
5614 1
5614 1
5614 1
5614 1
5614 1
5614 1
5614 1
5614 1
5614 1
5614 1
5614 1
5614 1
5614 1
5614 1
5614 1
5614 1
5614 1
5614 1
5614 1
5614 1
5614 1
5614 1
5614 1
5614 1
5614 1
5614 1
5614 1
5614 1
5614 1
5614 1
5614 1
5614 1
5614 1
5614 1
5614 1
5614 1
5518 1
5518 1
5518 1
5518 1
5518 1
5518 1
5518 1
5518 1
5518 1
5518 1
5518 1
5518 1
5518 1
5518 1
5518 1
5518 1
5518 1
5518 1
5518 1
5518 1
5518 1
5518 1
5518 1
5518 1
5518 1
5518 1
5518 1
5518 1
5518 1
5518 1
5518 1
5518 1
5518 1
5518 1
5518 1
5518 1
5518 1
5518 1
5518 1
5518 1
5518 1
5518 1
5518 1
5518 1
5518 1
5517 1
5517 1
5517 1
5517 1
5517 1
5517 1
5517 1
5517 1
5517 1
5517 1
5517 1
5517 1
5517 1
5517 1
5517 1
5517 1
5517 1
5517 1
5517 1
5517 1
5517 1
5517 1
5517 1
5517 1
5517 1
5517 1
5517 1
5517 1
5517 1
5517 1
5517 1
5517 1
5517 1
5517 1
5517 1
5517 1
5517 1
5517 1
5517 1
5517 1
5517 1
5517 1
5517 1
5517 1
5517 1
5516 1
5516 1
5516 1
5516 1
5516 1
5516 1
5516 1
5516 1
5516 1
5516 1
5516 1
5516 1
5516 1
5516 1
5516 1
5516 1
5516 1
5516 1
5516 1
5516 1
5516 1
5516 1
5516 1
5516 1
5516 1
5516 1
5516 1
5516 1
5516 1
5516 1
5516 1
5516 1
5516 1
5516 1
5516 1
5516 1
5516 1
5516 1
5516 1
5516 1
5516 1
5516 1
5516 1
5516 1
5516 1
5511 1
5511 1
5511 1
5511 1
5511 1
5511 1
5511 1
5511 1
5511 1
5511 1
5511 1
5511 1
5511 1
5511 1
5511 1
5511 1
5511 1
5511 1
5511 1
5511 1
5511 1
5511 1
5511 1
5511 1
5511 1
5511 1
5511 1
5511 1
5511 1
5511 1
5511 1
5511 1
5511 1
5511 1
5511 1
5511 1
5511 1
5511 1
5511 1
5511 1
5511 1
5511 1
5511 1
5511 1
5511 1
5704 1
5704 1
5704 1
5704 1
5704 1
5704 1
5704 1
5704 1
5704 1
5704 1
5704 1
5704 1
5704 1
5704 1
5704 1
5704 1
5704 1
5704 1
5704 1
5704 1
5704 1
5704 1
5704 1
5704 1
5704 1
5704 1
5704 1
5704 1
5704 1
5704 1
5704 1
5704 1
5704 1
5704 1
5704 1
5704 1
5704 1
5704 1
5704 1
5704 1
5704 1
5704 1
5704 1
5704 1
5704 1
5505 1
5505 1
5505 1
5505 1
5505 1
5505 1
5505 1
5505 1
5505 1
5505 1
5505 1
5505 1
5505 1
5505 1
5505 1
5505 1
5505 1
5505 1
5505 1
5505 1
5505 1
5505 1
5505 1
5505 1
5505 1
5505 1
5505 1
5505 1
5505 1
5505 1
5505 1
5505 1
5505 1
5505 1
5505 1
5505 1
5505 1
5505 1
5505 1
5505 1
5505 1
5505 1
5505 1
5505 1
5505 1
5502 1
5502 1
5502 1
5502 1
5502 1
5502 1
5502 1
5502 1
5502 1
5502 1
5502 1
5502 1
5502 1
5502 1
5502 1
5502 1
5502 1
5502 1
5502 1
5502 1
5502 1
5502 1
5502 1
5502 1
5502 1
5502 1
5502 1
5502 1
5502 1
5502 1
5502 1
5502 1
5502 1
5502 1
5502 1
5502 1
5502 1
5502 1
5502 1
5502 1
5502 1
5502 1
5502 1
5502 1
5502 1
5606 1
5606 1
5606 1
5606 1
5606 1
5606 1
5606 1
5606 1
5606 1
5606 1
5606 1
5606 1
5606 1
5606 1
5606 1
5606 1
5606 1
5606 1
5606 1
5606 1
5606 1
5606 1
5606 1
5606 1
5606 1
5606 1
5606 1
5606 1
5606 1
5606 1
5606 1
5606 1
5606 1
5606 1
5606 1
5606 1
5606 1
5606 1
5606 1
5606 1
5606 1
5606 1
5606 1
5606 1
5606 1
5605 1
5605 1
5605 1
5605 1
5605 1
5605 1
5605 1
5605 1
5605 1
5605 1
5605 1
5605 1
5605 1
5605 1
5605 1
5605 1
5605 1
5605 1
5605 1
5605 1
5605 1
5605 1
5605 1
5605 1
5605 1
5605 1
5605 1
5605 1
5605 1
5605 1
5605 1
5605 1
5605 1
5605 1
5605 1
5605 1
5605 1
5605 1
5605 1
5605 1
5605 1
5605 1
5605 1
5605 1
5605 1
5601 1
5601 1
5601 1
5601 1
5601 1
5601 1
5601 1
5601 1
5601 1
5601 1
5601 1
5601 1
5601 1
5601 1
5601 1
5601 1
5601 1
5601 1
5601 1
5601 1
5601 1
5601 1
5601 1
5601 1
5601 1
5601 1
5601 1
5601 1
5601 1
5601 1
5601 1
5601 1
5601 1
5601 1
5601 1
5601 1
5601 1
5601 1
5601 1
5601 1
5601 1
5601 1
5601 1
5601 1
5601 1
5796 1
5796 1
5796 1
5796 1
5796 1
5796 1
5796 1
5796 1
5796 1
5796 1
5796 1
5796 1
5796 1
5796 1
5796 1
5796 1
5796 1
5796 1
5796 1
5796 1
5796 1
5796 1
5796 1
5796 1
5796 1
5796 1
5796 1
5796 1
5796 1
5796 1
5796 1
5796 1
5796 1
5796 1
5796 1
5796 1
5796 1
5796 1
5796 1
5796 1
5796 1
5796 1
5796 1
5796 1
5796 1
5794 1
5794 1
5794 1
5794 1
5794 1
5794 1
5794 1
5794 1
5794 1
5794 1
5794 1
5794 1
5794 1
5794 1
5794 1
5794 1
5794 1
5794 1
5794 1
5794 1
5794 1
5794 1
5794 1
5794 1
5794 1
5794 1
5794 1
5794 1
5794 1
5794 1
5794 1
5794 1
5794 1
5794 1
5794 1
5794 1
5794 1
5794 1
5794 1
5794 1
5794 1
5794 1
5794 1
5794 1
5794 1
5590 1
5590 1
5590 1
5590 1
5590 1
5590 1
5590 1
5590 1
5590 1
5590 1
5590 1
5590 1
5590 1
5590 1
5590 1
5590 1
5590 1
5590 1
5590 1
5590 1
5590 1
5590 1
5590 1
5590 1
5590 1
5590 1
5590 1
5590 1
5590 1
5590 1
5590 1
5590 1
5590 1
5590 1
5590 1
5590 1
5590 1
5590 1
5590 1
5590 1
5590 1
5590 1
5590 1
5590 1
5590 1
5694 1
5694 1
5694 1
5694 1
5694 1
5694 1
5694 1
5694 1
5694 1
5694 1
5694 1
5694 1
5694 1
5694 1
5694 1
5694 1
5694 1
5694 1
5694 1
5694 1
5694 1
5694 1
5694 1
5694 1
5694 1
5694 1
5694 1
5694 1
5694 1
5694 1
5694 1
5694 1
5694 1
5694 1
5694 1
5694 1
5694 1
5694 1
5694 1
5694 1
5694 1
5694 1
5694 1
5694 1
5694 1
5692 1
5692 1
5692 1
5692 1
5692 1
5692 1
5692 1
5692 1
5692 1
5692 1
5692 1
5692 1
5692 1
5692 1
5692 1
5692 1
5692 1
5692 1
5692 1
5692 1
5692 1
5692 1
5692 1
5692 1
5692 1
5692 1
5692 1
5692 1
5692 1
5692 1
5692 1
5692 1
5692 1
5692 1
5692 1
5692 1
5692 1
5692 1
5692 1
5692 1
5692 1
5692 1
5692 1
5692 1
5692 1
5887 1
5887 1
5887 1
5887 1
5887 1
5887 1
5887 1
5887 1
5887 1
5887 1
5887 1
5887 1
5887 1
5887 1
5887 1
5887 1
5887 1
5887 1
5887 1
5887 1
5887 1
5887 1
5887 1
5887 1
5887 1
5887 1
5887 1
5887 1
5887 1
5887 1
5887 1
5887 1
5887 1
5887 1
5887 1
5887 1
5887 1
5887 1
5887 1
5887 1
5887 1
5887 1
5887 1
5887 1
5887 1
5886 1
5886 1
5886 1
5886 1
5886 1
5886 1
5886 1
5886 1
5886 1
5886 1
5886 1
5886 1
5886 1
5886 1
5886 1
5886 1
5886 1
5886 1
5886 1
5886 1
5886 1
5886 1
5886 1
5886 1
5886 1
5886 1
5886 1
5886 1
5886 1
5886 1
5886 1
5886 1
5886 1
5886 1
5886 1
5886 1
5886 1
5886 1
5886 1
5886 1
5886 1
5886 1
5886 1
5886 1
5886 1
5681 1
5681 1
5681 1
5681 1
5681 1
5681 1
5681 1
5681 1
5681 1
5681 1
5681 1
5681 1
5681 1
5681 1
5681 1
5681 1
5681 1
5681 1
5681 1
5681 1
5681 1
5681 1
5681 1
5681 1
5681 1
5681 1
5681 1
5681 1
5681 1
5681 1
5681 1
5681 1
5681 1
5681 1
5681 1
5681 1
5681 1
5681 1
5681 1
5681 1
5681 1
5681 1
5681 1
5681 1
5681 1
5784 1
5784 1
5784 1
5784 1
5784 1
5784 1
5784 1
5784 1
5784 1
5784 1
5784 1
5784 1
5784 1
5784 1
5784 1
5784 1
5784 1
5784 1
5784 1
5784 1
5784 1
5784 1
5784 1
5784 1
5784 1
5784 1
5784 1
5784 1
5784 1
5784 1
5784 1
5784 1
5784 1
5784 1
5784 1
5784 1
5784 1
5784 1
5784 1
5784 1
5784 1
5784 1
5784 1
5784 1
5784 1
5783 1
5783 1
5783 1
5783 1
5783 1
5783 1
5783 1
5783 1
5783 1
5783 1
5783 1
5783 1
5783 1
5783 1
5783 1
5783 1
5783 1
5783 1
5783 1
5783 1
5783 1
5783 1
5783 1
5783 1
5783 1
5783 1
5783 1
5783 1
5783 1
5783 1
5783 1
5783 1
5783 1
5783 1
5783 1
5783 1
5783 1
5783 1
5783 1
5783 1
5783 1
5783 1
5783 1
5783 1
5783 1
5677 1
5677 1
5677 1
5677 1
5677 1
5677 1
5677 1
5677 1
5677 1
5677 1
5677 1
5677 1
5677 1
5677 1
5677 1
5677 1
5677 1
5677 1
5677 1
5677 1
5677 1
5677 1
5677 1
5677 1
5677 1
5677 1
5677 1
5677 1
5677 1
5677 1
5677 1
5677 1
5677 1
5677 1
5677 1
5677 1
5677 1
5677 1
5677 1
5677 1
5677 1
5677 1
5677 1
5677 1
5677 1
5676 1
5676 1
5676 1
5676 1
5676 1
5676 1
5676 1
5676 1
5676 1
5676 1
5676 1
5676 1
5676 1
5676 1
5676 1
5676 1
5676 1
5676 1
5676 1
5676 1
5676 1
5676 1
5676 1
5676 1
5676 1
5676 1
5676 1
5676 1
5676 1
5676 1
5676 1
5676 1
5676 1
5676 1
5676 1
5676 1
5676 1
5676 1
5676 1
5676 1
5676 1
5676 1
5676 1
5676 1
5676 1
5675 1
5675 1
5675 1
5675 1
5675 1
5675 1
5675 1
5675 1
5675 1
5675 1
5675 1
5675 1
5675 1
5675 1
5675 1
5675 1
5675 1
5675 1
5675 1
5675 1
5675 1
5675 1
5675 1
5675 1
5675 1
5675 1
5675 1
5675 1
5675 1
5675 1
5675 1
5675 1
5675 1
5675 1
5675 1
5675 1
5675 1
5675 1
5675 1
5675 1
5675 1
5675 1
5675 1
5675 1
5675 1
5674 1
5674 1
5674 1
5674 1
5674 1
5674 1
5674 1
5674 1
5674 1
5674 1
5674 1
5674 1
5674 1
5674 1
5674 1
5674 1
5674 1
5674 1
5674 1
5674 1
5674 1
5674 1
5674 1
5674 1
5674 1
5674 1
5674 1
5674 1
5674 1
5674 1
5674 1
5674 1
5674 1
5674 1
5674 1
5674 1
5674 1
5674 1
5674 1
5674 1
5674 1
5674 1
5674 1
5674 1
5674 1
5671 1
5671 1
5671 1
5671 1
5671 1
5671 1
5671 1
5671 1
5671 1
5671 1
5671 1
5671 1
5671 1
5671 1
5671 1
5671 1
5671 1
5671 1
5671 1
5671 1
5671 1
5671 1
5671 1
5671 1
5671 1
5671 1
5671 1
5671 1
5671 1
5671 1
5671 1
5671 1
5671 1
5671 1
5671 1
5671 1
5671 1
5671 1
5671 1
5671 1
5671 1
5671 1
5671 1
5671 1
5671 1
5778 1
5778 1
5778 1
5778 1
5778 1
5778 1
5778 1
5778 1
5778 1
5778 1
5778 1
5778 1
5778 1
5778 1
5778 1
5778 1
5778 1
5778 1
5778 1
5778 1
5778 1
5778 1
5778 1
5778 1
5778 1
5778 1
5778 1
5778 1
5778 1
5778 1
5778 1
5778 1
5778 1
5778 1
5778 1
5778 1
5778 1
5778 1
5778 1
5778 1
5778 1
5778 1
5778 1
5778 1
5778 1
5881 1
5881 1
5881 1
5881 1
5881 1
5881 1
5881 1
5881 1
5881 1
5881 1
5881 1
5881 1
5881 1
5881 1
5881 1
5881 1
5881 1
5881 1
5881 1
5881 1
5881 1
5881 1
5881 1
5881 1
5881 1
5881 1
5881 1
5881 1
5881 1
5881 1
5881 1
5881 1
5881 1
5881 1
5881 1
5881 1
5881 1
5881 1
5881 1
5881 1
5881 1
5881 1
5881 1
5881 1
5881 1
5777 1
5777 1
5777 1
5777 1
5777 1
5777 1
5777 1
5777 1
5777 1
5777 1
5777 1
5777 1
5777 1
5777 1
5777 1
5777 1
5777 1
5777 1
5777 1
5777 1
5777 1
5777 1
5777 1
5777 1
5777 1
5777 1
5777 1
5777 1
5777 1
5777 1
5777 1
5777 1
5777 1
5777 1
5777 1
5777 1
5777 1
5777 1
5777 1
5777 1
5777 1
5777 1
5777 1
5777 1
5777 1
5880 1
5880 1
5880 1
5880 1
5880 1
5880 1
5880 1
5880 1
5880 1
5880 1
5880 1
5880 1
5880 1
5880 1
5880 1
5880 1
5880 1
5880 1
5880 1
5880 1
5880 1
5880 1
5880 1
5880 1
5880 1
5880 1
5880 1
5880 1
5880 1
5880 1
5880 1
5880 1
5880 1
5880 1
5880 1
5880 1
5880 1
5880 1
5880 1
5880 1
5880 1
5880 1
5880 1
5880 1
5880 1
5776 1
5776 1
5776 1
5776 1
5776 1
5776 1
5776 1
5776 1
5776 1
5776 1
5776 1
5776 1
5776 1
5776 1
5776 1
5776 1
5776 1
5776 1
5776 1
5776 1
5776 1
5776 1
5776 1
5776 1
5776 1
5776 1
5776 1
5776 1
5776 1
5776 1
5776 1
5776 1
5776 1
5776 1
5776 1
5776 1
5776 1
5776 1
5776 1
5776 1
5776 1
5776 1
5776 1
5776 1
5776 1
5879 1
5879 1
5879 1
5879 1
5879 1
5879 1
5879 1
5879 1
5879 1
5879 1
5879 1
5879 1
5879 1
5879 1
5879 1
5879 1
5879 1
5879 1
5879 1
5879 1
5879 1
5879 1
5879 1
5879 1
5879 1
5879 1
5879 1
5879 1
5879 1
5879 1
5879 1
5879 1
5879 1
5879 1
5879 1
5879 1
5879 1
5879 1
5879 1
5879 1
5879 1
5879 1
5879 1
5879 1
5879 1
5878 1
5878 1
5878 1
5878 1
5878 1
5878 1
5878 1
5878 1
5878 1
5878 1
5878 1
5878 1
5878 1
5878 1
5878 1
5878 1
5878 1
5878 1
5878 1
5878 1
5878 1
5878 1
5878 1
5878 1
5878 1
5878 1
5878 1
5878 1
5878 1
5878 1
5878 1
5878 1
5878 1
5878 1
5878 1
5878 1
5878 1
5878 1
5878 1
5878 1
5878 1
5878 1
5878 1
5878 1
5878 1
5984 1
5984 1
5984 1
5984 1
5984 1
5984 1
5984 1
5984 1
5984 1
5984 1
5984 1
5984 1
5984 1
5984 1
5984 1
5984 1
5984 1
5984 1
5984 1
5984 1
5984 1
5984 1
5984 1
5984 1
5984 1
5984 1
5984 1
5984 1
5984 1
5984 1
5984 1
5984 1
5984 1
5984 1
5984 1
5984 1
5984 1
5984 1
5984 1
5984 1
5984 1
5984 1
5984 1
5984 1
5984 1
5761 1
5761 1
5761 1
5761 1
5761 1
5761 1
5761 1
5761 1
5761 1
5761 1
5761 1
5761 1
5761 1
5761 1
5761 1
5761 1
5761 1
5761 1
5761 1
5761 1
5761 1
5761 1
5761 1
5761 1
5761 1
5761 1
5761 1
5761 1
5761 1
5761 1
5761 1
5761 1
5761 1
5761 1
5761 1
5761 1
5761 1
5761 1
5761 1
5761 1
5761 1
5761 1
5761 1
5761 1
5761 1
5871 1
5871 1
5871 1
5871 1
5871 1
5871 1
5871 1
5871 1
5871 1
5871 1
5871 1
5871 1
5871 1
5871 1
5871 1
5871 1
5871 1
5871 1
5871 1
5871 1
5871 1
5871 1
5871 1
5871 1
5871 1
5871 1
5871 1
5871 1
5871 1
5871 1
5871 1
5871 1
5871 1
5871 1
5871 1
5871 1
5871 1
5871 1
5871 1
5871 1
5871 1
5871 1
5871 1
5871 1
5871 1
5975 1
5975 1
5975 1
5975 1
5975 1
5975 1
5975 1
5975 1
5975 1
5975 1
5975 1
5975 1
5975 1
5975 1
5975 1
5975 1
5975 1
5975 1
5975 1
5975 1
5975 1
5975 1
5975 1
5975 1
5975 1
5975 1
5975 1
5975 1
5975 1
5975 1
5975 1
5975 1
5975 1
5975 1
5975 1
5975 1
5975 1
5975 1
5975 1
5975 1
5975 1
5975 1
5975 1
5975 1
5975 1
5969 1
5969 1
5969 1
5969 1
5969 1
5969 1
5969 1
5969 1
5969 1
5969 1
5969 1
5969 1
5969 1
5969 1
5969 1
5969 1
5969 1
5969 1
5969 1
5969 1
5969 1
5969 1
5969 1
5969 1
5969 1
5969 1
5969 1
5969 1
5969 1
5969 1
5969 1
5969 1
5969 1
5969 1
5969 1
5969 1
5969 1
5969 1
5969 1
5969 1
5969 1
5969 1
5969 1
5969 1
5969 1
5851 1
5851 1
5851 1
5851 1
5851 1
5851 1
5851 1
5851 1
5851 1
5851 1
5851 1
5851 1
5851 1
5851 1
5851 1
5851 1
5851 1
5851 1
5851 1
5851 1
5851 1
5851 1
5851 1
5851 1
5851 1
5851 1
5851 1
5851 1
5851 1
5851 1
5851 1
5851 1
5851 1
5851 1
5851 1
5851 1
5851 1
5851 1
5851 1
5851 1
5851 1
5851 1
5851 1
5851 1
5851 1
5850 1
5850 1
5850 1
5850 1
5850 1
5850 1
5850 1
5850 1
5850 1
5850 1
5850 1
5850 1
5850 1
5850 1
5850 1
5850 1
5850 1
5850 1
5850 1
5850 1
5850 1
5850 1
5850 1
5850 1
5850 1
5850 1
5850 1
5850 1
5850 1
5850 1
5850 1
5850 1
5850 1
5850 1
5850 1
5850 1
5850 1
5850 1
5850 1
5850 1
5850 1
5850 1
5850 1
5850 1
5850 1
6081 1
6081 1
6081 1
6081 1
6081 1
6081 1
6081 1
6081 1
6081 1
6081 1
6081 1
6081 1
6081 1
6081 1
6081 1
6081 1
6081 1
6081 1
6081 1
6081 1
6081 1
6081 1
6081 1
6081 1
6081 1
6081 1
6081 1
6081 1
6081 1
6081 1
6081 1
6081 1
6081 1
6081 1
6081 1
6081 1
6081 1
6081 1
6081 1
6081 1
6081 1
6081 1
6081 1
6081 1
6081 1
6080 1
6080 1
6080 1
6080 1
6080 1
6080 1
6080 1
6080 1
6080 1
6080 1
6080 1
6080 1
6080 1
6080 1
6080 1
6080 1
6080 1
6080 1
6080 1
6080 1
6080 1
6080 1
6080 1
6080 1
6080 1
6080 1
6080 1
6080 1
6080 1
6080 1
6080 1
6080 1
6080 1
6080 1
6080 1
6080 1
6080 1
6080 1
6080 1
6080 1
6080 1
6080 1
6080 1
6080 1
6080 1
6079 1
6079 1
6079 1
6079 1
6079 1
6079 1
6079 1
6079 1
6079 1
6079 1
6079 1
6079 1
6079 1
6079 1
6079 1
6079 1
6079 1
6079 1
6079 1
6079 1
6079 1
6079 1
6079 1
6079 1
6079 1
6079 1
6079 1
6079 1
6079 1
6079 1
6079 1
6079 1
6079 1
6079 1
6079 1
6079 1
6079 1
6079 1
6079 1
6079 1
6079 1
6079 1
6079 1
6079 1
6079 1
6186 1
6186 1
6186 1
6186 1
6186 1
6186 1
6186 1
6186 1
6186 1
6186 1
6186 1
6186 1
6186 1
6186 1
6186 1
6186 1
6186 1
6186 1
6186 1
6186 1
6186 1
6186 1
6186 1
6186 1
6186 1
6186 1
6186 1
6186 1
6186 1
6186 1
6186 1
6186 1
6186 1
6186 1
6186 1
6186 1
6186 1
6186 1
6186 1
6186 1
6186 1
6186 1
6186 1
6186 1
6186 1
6074 1
6074 1
6074 1
6074 1
6074 1
6074 1
6074 1
6074 1
6074 1
6074 1
6074 1
6074 1
6074 1
6074 1
6074 1
6074 1
6074 1
6074 1
6074 1
6074 1
6074 1
6074 1
6074 1
6074 1
6074 1
6074 1
6074 1
6074 1
6074 1
6074 1
6074 1
6074 1
6074 1
6074 1
6074 1
6074 1
6074 1
6074 1
6074 1
6074 1
6074 1
6074 1
6074 1
6074 1
6074 1
6073 1
6073 1
6073 1
6073 1
6073 1
6073 1
6073 1
6073 1
6073 1
6073 1
6073 1
6073 1
6073 1
6073 1
6073 1
6073 1
6073 1
6073 1
6073 1
6073 1
6073 1
6073 1
6073 1
6073 1
6073 1
6073 1
6073 1
6073 1
6073 1
6073 1
6073 1
6073 1
6073 1
6073 1
6073 1
6073 1
6073 1
6073 1
6073 1
6073 1
6073 1
6073 1
6073 1
6073 1
6073 1
5948 1
5948 1
5948 1
5948 1
5948 1
5948 1
5948 1
5948 1
5948 1
5948 1
5948 1
5948 1
5948 1
5948 1
5948 1
5948 1
5948 1
5948 1
5948 1
5948 1
5948 1
5948 1
5948 1
5948 1
5948 1
5948 1
5948 1
5948 1
5948 1
5948 1
5948 1
5948 1
5948 1
5948 1
5948 1
5948 1
5948 1
5948 1
5948 1
5948 1
5948 1
5948 1
5948 1
5948 1
5948 1
6180 1
6180 1
6180 1
6180 1
6180 1
6180 1
6180 1
6180 1
6180 1
6180 1
6180 1
6180 1
6180 1
6180 1
6180 1
6180 1
6180 1
6180 1
6180 1
6180 1
6180 1
6180 1
6180 1
6180 1
6180 1
6180 1
6180 1
6180 1
6180 1
6180 1
6180 1
6180 1
6180 1
6180 1
6180 1
6180 1
6180 1
6180 1
6180 1
6180 1
6180 1
6180 1
6180 1
6180 1
6180 1
6179 1
6179 1
6179 1
6179 1
6179 1
6179 1
6179 1
6179 1
6179 1
6179 1
6179 1
6179 1
6179 1
6179 1
6179 1
6179 1
6179 1
6179 1
6179 1
6179 1
6179 1
6179 1
6179 1
6179 1
6179 1
6179 1
6179 1
6179 1
6179 1
6179 1
6179 1
6179 1
6179 1
6179 1
6179 1
6179 1
6179 1
6179 1
6179 1
6179 1
6179 1
6179 1
6179 1
6179 1
6179 1
6178 1
6178 1
6178 1
6178 1
6178 1
6178 1
6178 1
6178 1
6178 1
6178 1
6178 1
6178 1
6178 1
6178 1
6178 1
6178 1
6178 1
6178 1
6178 1
6178 1
6178 1
6178 1
6178 1
6178 1
6178 1
6178 1
6178 1
6178 1
6178 1
6178 1
6178 1
6178 1
6178 1
6178 1
6178 1
6178 1
6178 1
6178 1
6178 1
6178 1
6178 1
6178 1
6178 1
6178 1
6178 1
6279 1
6279 1
6279 1
6279 1
6279 1
6279 1
6279 1
6279 1
6279 1
6279 1
6279 1
6279 1
6279 1
6279 1
6279 1
6279 1
6279 1
6279 1
6279 1
6279 1
6279 1
6279 1
6279 1
6279 1
6279 1
6279 1
6279 1
6279 1
6279 1
6279 1
6279 1
6279 1
6279 1
6279 1
6279 1
6279 1
6279 1
6279 1
6279 1
6279 1
6279 1
6279 1
6279 1
6279 1
6279 1
6177 1
6177 1
6177 1
6177 1
6177 1
6177 1
6177 1
6177 1
6177 1
6177 1
6177 1
6177 1
6177 1
6177 1
6177 1
6177 1
6177 1
6177 1
6177 1
6177 1
6177 1
6177 1
6177 1
6177 1
6177 1
6177 1
6177 1
6177 1
6177 1
6177 1
6177 1
6177 1
6177 1
6177 1
6177 1
6177 1
6177 1
6177 1
6177 1
6177 1
6177 1
6177 1
6177 1
6177 1
6177 1
6175 1
6175 1
6175 1
6175 1
6175 1
6175 1
6175 1
6175 1
6175 1
6175 1
6175 1
6175 1
6175 1
6175 1
6175 1
6175 1
6175 1
6175 1
6175 1
6175 1
6175 1
6175 1
6175 1
6175 1
6175 1
6175 1
6175 1
6175 1
6175 1
6175 1
6175 1
6175 1
6175 1
6175 1
6175 1
6175 1
6175 1
6175 1
6175 1
6175 1
6175 1
6175 1
6175 1
6175 1
6175 1
6174 1
6174 1
6174 1
6174 1
6174 1
6174 1
6174 1
6174 1
6174 1
6174 1
6174 1
6174 1
6174 1
6174 1
6174 1
6174 1
6174 1
6174 1
6174 1
6174 1
6174 1
6174 1
6174 1
6174 1
6174 1
6174 1
6174 1
6174 1
6174 1
6174 1
6174 1
6174 1
6174 1
6174 1
6174 1
6174 1
6174 1
6174 1
6174 1
6174 1
6174 1
6174 1
6174 1
6174 1
6174 1
6274 1
6274 1
6274 1
6274 1
6274 1
6274 1
6274 1
6274 1
6274 1
6274 1
6274 1
6274 1
6274 1
6274 1
6274 1
6274 1
6274 1
6274 1
6274 1
6274 1
6274 1
6274 1
6274 1
6274 1
6274 1
6274 1
6274 1
6274 1
6274 1
6274 1
6274 1
6274 1
6274 1
6274 1
6274 1
6274 1
6274 1
6274 1
6274 1
6274 1
6274 1
6274 1
6274 1
6274 1
6274 1
6271 1
6271 1
6271 1
6271 1
6271 1
6271 1
6271 1
6271 1
6271 1
6271 1
6271 1
6271 1
6271 1
6271 1
6271 1
6271 1
6271 1
6271 1
6271 1
6271 1
6271 1
6271 1
6271 1
6271 1
6271 1
6271 1
6271 1
6271 1
6271 1
6271 1
6271 1
6271 1
6271 1
6271 1
6271 1
6271 1
6271 1
6271 1
6271 1
6271 1
6271 1
6271 1
6271 1
6271 1
6271 1
6270 1
6270 1
6270 1
6270 1
6270 1
6270 1
6270 1
6270 1
6270 1
6270 1
6270 1
6270 1
6270 1
6270 1
6270 1
6270 1
6270 1
6270 1
6270 1
6270 1
6270 1
6270 1
6270 1
6270 1
6270 1
6270 1
6270 1
6270 1
6270 1
6270 1
6270 1
6270 1
6270 1
6270 1
6270 1
6270 1
6270 1
6270 1
6270 1
6270 1
6270 1
6270 1
6270 1
6270 1
6270 1
6268 1
6268 1
6268 1
6268 1
6268 1
6268 1
6268 1
6268 1
6268 1
6268 1
6268 1
6268 1
6268 1
6268 1
6268 1
6268 1
6268 1
6268 1
6268 1
6268 1
6268 1
6268 1
6268 1
6268 1
6268 1
6268 1
6268 1
6268 1
6268 1
6268 1
6268 1
6268 1
6268 1
6268 1
6268 1
6268 1
6268 1
6268 1
6268 1
6268 1
6268 1
6268 1
6268 1
6268 1
6268 1
6367 1
6367 1
6367 1
6367 1
6367 1
6367 1
6367 1
6367 1
6367 1
6367 1
6367 1
6367 1
6367 1
6367 1
6367 1
6367 1
6367 1
6367 1
6367 1
6367 1
6367 1
6367 1
6367 1
6367 1
6367 1
6367 1
6367 1
6367 1
6367 1
6367 1
6367 1
6367 1
6367 1
6367 1
6367 1
6367 1
6367 1
6367 1
6367 1
6367 1
6367 1
6367 1
6367 1
6367 1
6367 1
6364 1
6364 1
6364 1
6364 1
6364 1
6364 1
6364 1
6364 1
6364 1
6364 1
6364 1
6364 1
6364 1
6364 1
6364 1
6364 1
6364 1
6364 1
6364 1
6364 1
6364 1
6364 1
6364 1
6364 1
6364 1
6364 1
6364 1
6364 1
6364 1
6364 1
6364 1
6364 1
6364 1
6364 1
6364 1
6364 1
6364 1
6364 1
6364 1
6364 1
6364 1
6364 1
6364 1
6364 1
6364 1
6361 1
6361 1
6361 1
6361 1
6361 1
6361 1
6361 1
6361 1
6361 1
6361 1
6361 1
6361 1
6361 1
6361 1
6361 1
6361 1
6361 1
6361 1
6361 1
6361 1
6361 1
6361 1
6361 1
6361 1
6361 1
6361 1
6361 1
6361 1
6361 1
6361 1
6361 1
6361 1
6361 1
6361 1
6361 1
6361 1
6361 1
6361 1
6361 1
6361 1
6361 1
6361 1
6361 1
6361 1
6361 1
6360 1
6360 1
6360 1
6360 1
6360 1
6360 1
6360 1
6360 1
6360 1
6360 1
6360 1
6360 1
6360 1
6360 1
6360 1
6360 1
6360 1
6360 1
6360 1
6360 1
6360 1
6360 1
6360 1
6360 1
6360 1
6360 1
6360 1
6360 1
6360 1
6360 1
6360 1
6360 1
6360 1
6360 1
6360 1
6360 1
6360 1
6360 1
6360 1
6360 1
6360 1
6360 1
6360 1
6360 1
6360 1
6359 1
6359 1
6359 1
6359 1
6359 1
6359 1
6359 1
6359 1
6359 1
6359 1
6359 1
6359 1
6359 1
6359 1
6359 1
6359 1
6359 1
6359 1
6359 1
6359 1
6359 1
6359 1
6359 1
6359 1
6359 1
6359 1
6359 1
6359 1
6359 1
6359 1
6359 1
6359 1
6359 1
6359 1
6359 1
6359 1
6359 1
6359 1
6359 1
6359 1
6359 1
6359 1
6359 1
6359 1
6359 1
6456 1
6456 1
6456 1
6456 1
6456 1
6456 1
6456 1
6456 1
6456 1
6456 1
6456 1
6456 1
6456 1
6456 1
6456 1
6456 1
6456 1
6456 1
6456 1
6456 1
6456 1
6456 1
6456 1
6456 1
6456 1
6456 1
6456 1
6456 1
6456 1
6456 1
6456 1
6456 1
6456 1
6456 1
6456 1
6456 1
6456 1
6456 1
6456 1
6456 1
6456 1
6456 1
6456 1
6456 1
6456 1
6453 1
6453 1
6453 1
6453 1
6453 1
6453 1
6453 1
6453 1
6453 1
6453 1
6453 1
6453 1
6453 1
6453 1
6453 1
6453 1
6453 1
6453 1
6453 1
6453 1
6453 1
6453 1
6453 1
6453 1
6453 1
6453 1
6453 1
6453 1
6453 1
6453 1
6453 1
6453 1
6453 1
6453 1
6453 1
6453 1
6453 1
6453 1
6453 1
6453 1
6453 1
6453 1
6453 1
6453 1
6453 1
6452 1
6452 1
6452 1
6452 1
6452 1
6452 1
6452 1
6452 1
6452 1
6452 1
6452 1
6452 1
6452 1
6452 1
6452 1
6452 1
6452 1
6452 1
6452 1
6452 1
6452 1
6452 1
6452 1
6452 1
6452 1
6452 1
6452 1
6452 1
6452 1
6452 1
6452 1
6452 1
6452 1
6452 1
6452 1
6452 1
6452 1
6452 1
6452 1
6452 1
6452 1
6452 1
6452 1
6452 1
6452 1
6451 1
6451 1
6451 1
6451 1
6451 1
6451 1
6451 1
6451 1
6451 1
6451 1
6451 1
6451 1
6451 1
6451 1
6451 1
6451 1
6451 1
6451 1
6451 1
6451 1
6451 1
6451 1
6451 1
6451 1
6451 1
6451 1
6451 1
6451 1
6451 1
6451 1
6451 1
6451 1
6451 1
6451 1
6451 1
6451 1
6451 1
6451 1
6451 1
6451 1
6451 1
6451 1
6451 1
6451 1
6451 1
6541 1
6541 1
6541 1
6541 1
6541 1
6541 1
6541 1
6541 1
6541 1
6541 1
6541 1
6541 1
6541 1
6541 1
6541 1
6541 1
6541 1
6541 1
6541 1
6541 1
6541 1
6541 1
6541 1
6541 1
6541 1
6541 1
6541 1
6541 1
6541 1
6541 1
6541 1
6541 1
6541 1
6541 1
6541 1
6541 1
6541 1
6541 1
6541 1
6541 1
6541 1
6541 1
6541 1
6541 1
6541 1
6625 1
6625 1
6625 1
6625 1
6625 1
6625 1
6625 1
6625 1
6625 1
6625 1
6625 1
6625 1
6625 1
6625 1
6625 1
6625 1
6625 1
6625 1
6625 1
6625 1
6625 1
6625 1
6625 1
6625 1
6625 1
6625 1
6625 1
6625 1
6625 1
6625 1
6625 1
6625 1
6625 1
6625 1
6625 1
6625 1
6625 1
6625 1
6625 1
6625 1
6625 1
6625 1
6625 1
6625 1
6625 1
6622 1
6622 1
6622 1
6622 1
6622 1
6622 1
6622 1
6622 1
6622 1
6622 1
6622 1
6622 1
6622 1
6622 1
6622 1
6622 1
6622 1
6622 1
6622 1
6622 1
6622 1
6622 1
6622 1
6622 1
6622 1
6622 1
6622 1
6622 1
6622 1
6622 1
6622 1
6622 1
6622 1
6622 1
6622 1
6622 1
6622 1
6622 1
6622 1
6622 1
6622 1
6622 1
6622 1
6622 1
6622 1
6527 1
6527 1
6527 1
6527 1
6527 1
6527 1
6527 1
6527 1
6527 1
6527 1
6527 1
6527 1
6527 1
6527 1
6527 1
6527 1
6527 1
6527 1
6527 1
6527 1
6527 1
6527 1
6527 1
6527 1
6527 1
6527 1
6527 1
6527 1
6527 1
6527 1
6527 1
6527 1
6527 1
6527 1
6527 1
6527 1
6527 1
6527 1
6527 1
6527 1
6527 1
6527 1
6527 1
6527 1
6527 1
6988 1
6988 1
6988 1
6988 1
6988 1
6988 1
6988 1
6988 1
6988 1
6988 1
6988 1
6988 1
6988 1
6988 1
6988 1
6988 1
6988 1
6988 1
6988 1
6988 1
6988 1
6988 1
6988 1
6988 1
6988 1
6988 1
6988 1
6988 1
6988 1
6988 1
6988 1
6988 1
6988 1
6988 1
6988 1
6988 1
6988 1
6988 1
6988 1
6988 1
6988 1
6988 1
6988 1
6988 1
6988 1
6985 1
6985 1
6985 1
6985 1
6985 1
6985 1
6985 1
6985 1
6985 1
6985 1
6985 1
6985 1
6985 1
6985 1
6985 1
6985 1
6985 1
6985 1
6985 1
6985 1
6985 1
6985 1
6985 1
6985 1
6985 1
6985 1
6985 1
6985 1
6985 1
6985 1
6985 1
6985 1
6985 1
6985 1
6985 1
6985 1
6985 1
6985 1
6985 1
6985 1
6985 1
6985 1
6985 1
6985 1
6985 1
7046 1
7046 1
7046 1
7046 1
7046 1
7046 1
7046 1
7046 1
7046 1
7046 1
7046 1
7046 1
7046 1
7046 1
7046 1
7046 1
7046 1
7046 1
7046 1
7046 1
7046 1
7046 1
7046 1
7046 1
7046 1
7046 1
7046 1
7046 1
7046 1
7046 1
7046 1
7046 1
7046 1
7046 1
7046 1
7046 1
7046 1
7046 1
7046 1
7046 1
7046 1
7046 1
7046 1
7046 1
7046 1
7200 1
7200 1
7200 1
7200 1
7200 1
7200 1
7200 1
7200 1
7200 1
7200 1
7200 1
7200 1
7200 1
7200 1
7200 1
7200 1
7200 1
7200 1
7200 1
7200 1
7200 1
7200 1
7200 1
7200 1
7200 1
7200 1
7200 1
7200 1
7200 1
7200 1
7200 1
7200 1
7200 1
7200 1
7200 1
7200 1
7200 1
7200 1
7200 1
7200 1
7200 1
7200 1
7200 1
7200 1
7200 1
7197 1
7197 1
7197 1
7197 1
7197 1
7197 1
7197 1
7197 1
7197 1
7197 1
7197 1
7197 1
7197 1
7197 1
7197 1
7197 1
7197 1
7197 1
7197 1
7197 1
7197 1
7197 1
7197 1
7197 1
7197 1
7197 1
7197 1
7197 1
7197 1
7197 1
7197 1
7197 1
7197 1
7197 1
7197 1
7197 1
7197 1
7197 1
7197 1
7197 1
7197 1
7197 1
7197 1
7197 1
7197 1
7194 1
7194 1
7194 1
7194 1
7194 1
7194 1
7194 1
7194 1
7194 1
7194 1
7194 1
7194 1
7194 1
7194 1
7194 1
7194 1
7194 1
7194 1
7194 1
7194 1
7194 1
7194 1
7194 1
7194 1
7194 1
7194 1
7194 1
7194 1
7194 1
7194 1
7194 1
7194 1
7194 1
7194 1
7194 1
7194 1
7194 1
7194 1
7194 1
7194 1
7194 1
7194 1
7194 1
7194 1
7194 1
7269 1
7269 1
7269 1
7269 1
7269 1
7269 1
7269 1
7269 1
7269 1
7269 1
7269 1
7269 1
7269 1
7269 1
7269 1
7269 1
7269 1
7269 1
7269 1
7269 1
7269 1
7269 1
7269 1
7269 1
7269 1
7269 1
7269 1
7269 1
7269 1
7269 1
7269 1
7269 1
7269 1
7269 1
7269 1
7269 1
7269 1
7269 1
7269 1
7269 1
7269 1
7269 1
7269 1
7269 1
7269 1
7267 1
7267 1
7267 1
7267 1
7267 1
7267 1
7267 1
7267 1
7267 1
7267 1
7267 1
7267 1
7267 1
7267 1
7267 1
7267 1
7267 1
7267 1
7267 1
7267 1
7267 1
7267 1
7267 1
7267 1
7267 1
7267 1
7267 1
7267 1
7267 1
7267 1
7267 1
7267 1
7267 1
7267 1
7267 1
7267 1
7267 1
7267 1
7267 1
7267 1
7267 1
7267 1
7267 1
7267 1
7267 1
7264 1
7264 1
7264 1
7264 1
7264 1
7264 1
7264 1
7264 1
7264 1
7264 1
7264 1
7264 1
7264 1
7264 1
7264 1
7264 1
7264 1
7264 1
7264 1
7264 1
7264 1
7264 1
7264 1
7264 1
7264 1
7264 1
7264 1
7264 1
7264 1
7264 1
7264 1
7264 1
7264 1
7264 1
7264 1
7264 1
7264 1
7264 1
7264 1
7264 1
7264 1
7264 1
7264 1
7264 1
7264 1
