pt_graph scale
4455 0.00823665114246236
4455 0.0232511857857576
4455 0.0232511857857576
4455 0.0232511857857576
4455 0.0232511857857576
4455 0
4455 0.0110674751535946
4455 0.0110674751535946
4455 0
4455 0
4455 0
4455 0.00823665114246236
4455 0.017091379740519
4455 0
4455 0
4455 0
4455 0.000350512591421565
4455 0
4455 0.000552024211124864
4455 3.62196732869273e-05
4455 0.00823665114246236
4455 0.00222320297114436
4455 0
4455 0
4455 0.304810275054428
4455 0.304810275054428
4455 0
4455 0.0434356583023993
4455 0.0434356583023993
4455 0.0434356583023993
4455 0.0051958582834332
4455 0.00823665114246236
4455 0
4455 0
4455 0.014172292979223
4455 0.014172292979223
4455 0
4455 0
4455 0.00124501887995648
4455 0.00124501887995648
4455 0.00124501887995648
4455 0.00104946796696577
4455 0.00104946796696577
4455 0.00104946796696577
4455 0.00290374136235446
4732 0.00823665114246236
4732 0.0232511857857576
4732 0.0232511857857576
4732 0.0232511857857576
4732 0.0232511857857576
4732 0
4732 0.0110674751535946
4732 0.0110674751535946
4732 0
4732 0
4732 0
4732 0.00823665114246236
4732 0.017091379740519
4732 0
4732 0
4732 0
4732 0.000350512591421565
4732 0
4732 0.000552024211124864
4732 3.62196732869273e-05
4732 0.00823665114246236
4732 0.00222320297114436
4732 0
4732 0
4732 0.304810275054428
4732 0.304810275054428
4732 0
4732 0.0434356583023993
4732 0.0434356583023993
4732 0.0434356583023993
4732 0.0051958582834332
4732 0.00823665114246236
4732 0
4732 0
4732 0.014172292979223
4732 0.014172292979223
4732 0
4732 0
4732 0.00124501887995648
4732 0.00124501887995648
4732 0.00124501887995648
4732 0.00104946796696577
4732 0.00104946796696577
4732 0.00104946796696577
4732 0.00290374136235446
4727 0.00823665114246236
4727 0.0232511857857576
4727 0.0232511857857576
4727 0.0232511857857576
4727 0.0232511857857576
4727 0
4727 0.0110674751535946
4727 0.0110674751535946
4727 0
4727 0
4727 0
4727 0.00823665114246236
4727 0.017091379740519
4727 0
4727 0
4727 0
4727 0.000350512591421565
4727 0
4727 0.000552024211124864
4727 3.62196732869273e-05
4727 0.00823665114246236
4727 0.00222320297114436
4727 0
4727 0
4727 0.304810275054428
4727 0.304810275054428
4727 0
4727 0.0434356583023993
4727 0.0434356583023993
4727 0.0434356583023993
4727 0.0051958582834332
4727 0.00823665114246236
4727 0
4727 0
4727 0.014172292979223
4727 0.014172292979223
4727 0
4727 0
4727 0.00124501887995648
4727 0.00124501887995648
4727 0.00124501887995648
4727 0.00104946796696577
4727 0.00104946796696577
4727 0.00104946796696577
4727 0.00290374136235446
5092 0.00823665114246236
5092 0.0232511857857576
5092 0.0232511857857576
5092 0.0232511857857576
5092 0.0232511857857576
5092 0
5092 0.0110674751535946
5092 0.0110674751535946
5092 0
5092 0
5092 0
5092 0.00823665114246236
5092 0.017091379740519
5092 0
5092 0
5092 0
5092 0.000350512591421565
5092 0
5092 0.000552024211124864
5092 3.62196732869273e-05
5092 0.00823665114246236
5092 0.00222320297114436
5092 0
5092 0
5092 0.304810275054428
5092 0.304810275054428
5092 0
5092 0.0434356583023993
5092 0.0434356583023993
5092 0.0434356583023993
5092 0.0051958582834332
5092 0.00823665114246236
5092 0
5092 0
5092 0.014172292979223
5092 0.014172292979223
5092 0
5092 0
5092 0.00124501887995648
5092 0.00124501887995648
5092 0.00124501887995648
5092 0.00104946796696577
5092 0.00104946796696577
5092 0.00104946796696577
5092 0.00290374136235446
4988 0.00823665114246236
4988 0.0232511857857576
4988 0.0232511857857576
4988 0.0232511857857576
4988 0.0232511857857576
4988 0
4988 0.0110674751535946
4988 0.0110674751535946
4988 0
4988 0
4988 0
4988 0.00823665114246236
4988 0.017091379740519
4988 0
4988 0
4988 0
4988 0.000350512591421565
4988 0
4988 0.000552024211124864
4988 3.62196732869273e-05
4988 0.00823665114246236
4988 0.00222320297114436
4988 0
4988 0
4988 0.304810275054428
4988 0.304810275054428
4988 0
4988 0.0434356583023993
4988 0.0434356583023993
4988 0.0434356583023993
4988 0.0051958582834332
4988 0.00823665114246236
4988 0
4988 0
4988 0.014172292979223
4988 0.014172292979223
4988 0
4988 0
4988 0.00124501887995648
4988 0.00124501887995648
4988 0.00124501887995648
4988 0.00104946796696577
4988 0.00104946796696577
4988 0.00104946796696577
4988 0.00290374136235446
5270 0.00823665114246236
5270 0.0232511857857576
5270 0.0232511857857576
5270 0.0232511857857576
5270 0.0232511857857576
5270 0
5270 0.0110674751535946
5270 0.0110674751535946
5270 0
5270 0
5270 0
5270 0.00823665114246236
5270 0.017091379740519
5270 0
5270 0
5270 0
5270 0.000350512591421565
5270 0
5270 0.000552024211124864
5270 3.62196732869273e-05
5270 0.00823665114246236
5270 0.00222320297114436
5270 0
5270 0
5270 0.304810275054428
5270 0.304810275054428
5270 0
5270 0.0434356583023993
5270 0.0434356583023993
5270 0.0434356583023993
5270 0.0051958582834332
5270 0.00823665114246236
5270 0
5270 0
5270 0.014172292979223
5270 0.014172292979223
5270 0
5270 0
5270 0.00124501887995648
5270 0.00124501887995648
5270 0.00124501887995648
5270 0.00104946796696577
5270 0.00104946796696577
5270 0.00104946796696577
5270 0.00290374136235446
5269 0.00823665114246236
5269 0.0232511857857576
5269 0.0232511857857576
5269 0.0232511857857576
5269 0.0232511857857576
5269 0
5269 0.0110674751535946
5269 0.0110674751535946
5269 0
5269 0
5269 0
5269 0.00823665114246236
5269 0.017091379740519
5269 0
5269 0
5269 0
5269 0.000350512591421565
5269 0
5269 0.000552024211124864
5269 3.62196732869273e-05
5269 0.00823665114246236
5269 0.00222320297114436
5269 0
5269 0
5269 0.304810275054428
5269 0.304810275054428
5269 0
5269 0.0434356583023993
5269 0.0434356583023993
5269 0.0434356583023993
5269 0.0051958582834332
5269 0.00823665114246236
5269 0
5269 0
5269 0.014172292979223
5269 0.014172292979223
5269 0
5269 0
5269 0.00124501887995648
5269 0.00124501887995648
5269 0.00124501887995648
5269 0.00104946796696577
5269 0.00104946796696577
5269 0.00104946796696577
5269 0.00290374136235446
5355 0.00823665114246236
5355 0.0232511857857576
5355 0.0232511857857576
5355 0.0232511857857576
5355 0.0232511857857576
5355 0
5355 0.0110674751535946
5355 0.0110674751535946
5355 0
5355 0
5355 0
5355 0.00823665114246236
5355 0.017091379740519
5355 0
5355 0
5355 0
5355 0.000350512591421565
5355 0
5355 0.000552024211124864
5355 3.62196732869273e-05
5355 0.00823665114246236
5355 0.00222320297114436
5355 0
5355 0
5355 0.304810275054428
5355 0.304810275054428
5355 0
5355 0.0434356583023993
5355 0.0434356583023993
5355 0.0434356583023993
5355 0.0051958582834332
5355 0.00823665114246236
5355 0
5355 0
5355 0.014172292979223
5355 0.014172292979223
5355 0
5355 0
5355 0.00124501887995648
5355 0.00124501887995648
5355 0.00124501887995648
5355 0.00104946796696577
5355 0.00104946796696577
5355 0.00104946796696577
5355 0.00290374136235446
5535 0.00823665114246236
5535 0.0232511857857576
5535 0.0232511857857576
5535 0.0232511857857576
5535 0.0232511857857576
5535 0
5535 0.0110674751535946
5535 0.0110674751535946
5535 0
5535 0
5535 0
5535 0.00823665114246236
5535 0.017091379740519
5535 0
5535 0
5535 0
5535 0.000350512591421565
5535 0
5535 0.000552024211124864
5535 3.62196732869273e-05
5535 0.00823665114246236
5535 0.00222320297114436
5535 0
5535 0
5535 0.304810275054428
5535 0.304810275054428
5535 0
5535 0.0434356583023993
5535 0.0434356583023993
5535 0.0434356583023993
5535 0.0051958582834332
5535 0.00823665114246236
5535 0
5535 0
5535 0.014172292979223
5535 0.014172292979223
5535 0
5535 0
5535 0.00124501887995648
5535 0.00124501887995648
5535 0.00124501887995648
5535 0.00104946796696577
5535 0.00104946796696577
5535 0.00104946796696577
5535 0.00290374136235446
5531 0.00823665114246236
5531 0.0232511857857576
5531 0.0232511857857576
5531 0.0232511857857576
5531 0.0232511857857576
5531 0
5531 0.0110674751535946
5531 0.0110674751535946
5531 0
5531 0
5531 0
5531 0.00823665114246236
5531 0.017091379740519
5531 0
5531 0
5531 0
5531 0.000350512591421565
5531 0
5531 0.000552024211124864
5531 3.62196732869273e-05
5531 0.00823665114246236
5531 0.00222320297114436
5531 0
5531 0
5531 0.304810275054428
5531 0.304810275054428
5531 0
5531 0.0434356583023993
5531 0.0434356583023993
5531 0.0434356583023993
5531 0.0051958582834332
5531 0.00823665114246236
5531 0
5531 0
5531 0.014172292979223
5531 0.014172292979223
5531 0
5531 0
5531 0.00124501887995648
5531 0.00124501887995648
5531 0.00124501887995648
5531 0.00104946796696577
5531 0.00104946796696577
5531 0.00104946796696577
5531 0.00290374136235446
5427 0.00823665114246236
5427 0.0232511857857576
5427 0.0232511857857576
5427 0.0232511857857576
5427 0.0232511857857576
5427 0
5427 0.0110674751535946
5427 0.0110674751535946
5427 0
5427 0
5427 0
5427 0.00823665114246236
5427 0.017091379740519
5427 0
5427 0
5427 0
5427 0.000350512591421565
5427 0
5427 0.000552024211124864
5427 3.62196732869273e-05
5427 0.00823665114246236
5427 0.00222320297114436
5427 0
5427 0
5427 0.304810275054428
5427 0.304810275054428
5427 0
5427 0.0434356583023993
5427 0.0434356583023993
5427 0.0434356583023993
5427 0.0051958582834332
5427 0.00823665114246236
5427 0
5427 0
5427 0.014172292979223
5427 0.014172292979223
5427 0
5427 0
5427 0.00124501887995648
5427 0.00124501887995648
5427 0.00124501887995648
5427 0.00104946796696577
5427 0.00104946796696577
5427 0.00104946796696577
5427 0.00290374136235446
5618 0.00823665114246236
5618 0.0232511857857576
5618 0.0232511857857576
5618 0.0232511857857576
5618 0.0232511857857576
5618 0
5618 0.0110674751535946
5618 0.0110674751535946
5618 0
5618 0
5618 0
5618 0.00823665114246236
5618 0.017091379740519
5618 0
5618 0
5618 0
5618 0.000350512591421565
5618 0
5618 0.000552024211124864
5618 3.62196732869273e-05
5618 0.00823665114246236
5618 0.00222320297114436
5618 0
5618 0
5618 0.304810275054428
5618 0.304810275054428
5618 0
5618 0.0434356583023993
5618 0.0434356583023993
5618 0.0434356583023993
5618 0.0051958582834332
5618 0.00823665114246236
5618 0
5618 0
5618 0.014172292979223
5618 0.014172292979223
5618 0
5618 0
5618 0.00124501887995648
5618 0.00124501887995648
5618 0.00124501887995648
5618 0.00104946796696577
5618 0.00104946796696577
5618 0.00104946796696577
5618 0.00290374136235446
5615 0.00823665114246236
5615 0.0232511857857576
5615 0.0232511857857576
5615 0.0232511857857576
5615 0.0232511857857576
5615 0
5615 0.0110674751535946
5615 0.0110674751535946
5615 0
5615 0
5615 0
5615 0.00823665114246236
5615 0.017091379740519
5615 0
5615 0
5615 0
5615 0.000350512591421565
5615 0
5615 0.000552024211124864
5615 3.62196732869273e-05
5615 0.00823665114246236
5615 0.00222320297114436
5615 0
5615 0
5615 0.304810275054428
5615 0.304810275054428
5615 0
5615 0.0434356583023993
5615 0.0434356583023993
5615 0.0434356583023993
5615 0.0051958582834332
5615 0.00823665114246236
5615 0
5615 0
5615 0.014172292979223
5615 0.014172292979223
5615 0
5615 0
5615 0.00124501887995648
5615 0.00124501887995648
5615 0.00124501887995648
5615 0.00104946796696577
5615 0.00104946796696577
5615 0.00104946796696577
5615 0.00290374136235446
5522 0.00823665114246236
5522 0.0232511857857576
5522 0.0232511857857576
5522 0.0232511857857576
5522 0.0232511857857576
5522 0
5522 0.0110674751535946
5522 0.0110674751535946
5522 0
5522 0
5522 0
5522 0.00823665114246236
5522 0.017091379740519
5522 0
5522 0
5522 0
5522 0.000350512591421565
5522 0
5522 0.000552024211124864
5522 3.62196732869273e-05
5522 0.00823665114246236
5522 0.00222320297114436
5522 0
5522 0
5522 0.304810275054428
5522 0.304810275054428
5522 0
5522 0.0434356583023993
5522 0.0434356583023993
5522 0.0434356583023993
5522 0.0051958582834332
5522 0.00823665114246236
5522 0
5522 0
5522 0.014172292979223
5522 0.014172292979223
5522 0
5522 0
5522 0.00124501887995648
5522 0.00124501887995648
5522 0.00124501887995648
5522 0.00104946796696577
5522 0.00104946796696577
5522 0.00104946796696577
5522 0.00290374136235446
5517 0.00823665114246236
5517 0.0232511857857576
5517 0.0232511857857576
5517 0.0232511857857576
5517 0.0232511857857576
5517 0
5517 0.0110674751535946
5517 0.0110674751535946
5517 0
5517 0
5517 0
5517 0.00823665114246236
5517 0.017091379740519
5517 0
5517 0
5517 0
5517 0.000350512591421565
5517 0
5517 0.000552024211124864
5517 3.62196732869273e-05
5517 0.00823665114246236
5517 0.00222320297114436
5517 0
5517 0
5517 0.304810275054428
5517 0.304810275054428
5517 0
5517 0.0434356583023993
5517 0.0434356583023993
5517 0.0434356583023993
5517 0.0051958582834332
5517 0.00823665114246236
5517 0
5517 0
5517 0.014172292979223
5517 0.014172292979223
5517 0
5517 0
5517 0.00124501887995648
5517 0.00124501887995648
5517 0.00124501887995648
5517 0.00104946796696577
5517 0.00104946796696577
5517 0.00104946796696577
5517 0.00290374136235446
5516 0.00823665114246236
5516 0.0232511857857576
5516 0.0232511857857576
5516 0.0232511857857576
5516 0.0232511857857576
5516 0
5516 0.0110674751535946
5516 0.0110674751535946
5516 0
5516 0
5516 0
5516 0.00823665114246236
5516 0.017091379740519
5516 0
5516 0
5516 0
5516 0.000350512591421565
5516 0
5516 0.000552024211124864
5516 3.62196732869273e-05
5516 0.00823665114246236
5516 0.00222320297114436
5516 0
5516 0
5516 0.304810275054428
5516 0.304810275054428
5516 0
5516 0.0434356583023993
5516 0.0434356583023993
5516 0.0434356583023993
5516 0.0051958582834332
5516 0.00823665114246236
5516 0
5516 0
5516 0.014172292979223
5516 0.014172292979223
5516 0
5516 0
5516 0.00124501887995648
5516 0.00124501887995648
5516 0.00124501887995648
5516 0.00104946796696577
5516 0.00104946796696577
5516 0.00104946796696577
5516 0.00290374136235446
5704 0.00823665114246236
5704 0.0232511857857576
5704 0.0232511857857576
5704 0.0232511857857576
5704 0.0232511857857576
5704 0
5704 0.0110674751535946
5704 0.0110674751535946
5704 0
5704 0
5704 0
5704 0.00823665114246236
5704 0.017091379740519
5704 0
5704 0
5704 0
5704 0.000350512591421565
5704 0
5704 0.000552024211124864
5704 3.62196732869273e-05
5704 0.00823665114246236
5704 0.00222320297114436
5704 0
5704 0
5704 0.304810275054428
5704 0.304810275054428
5704 0
5704 0.0434356583023993
5704 0.0434356583023993
5704 0.0434356583023993
5704 0.0051958582834332
5704 0.00823665114246236
5704 0
5704 0
5704 0.014172292979223
5704 0.014172292979223
5704 0
5704 0
5704 0.00124501887995648
5704 0.00124501887995648
5704 0.00124501887995648
5704 0.00104946796696577
5704 0.00104946796696577
5704 0.00104946796696577
5704 0.00290374136235446
5702 0.00823665114246236
5702 0.0232511857857576
5702 0.0232511857857576
5702 0.0232511857857576
5702 0.0232511857857576
5702 0
5702 0.0110674751535946
5702 0.0110674751535946
5702 0
5702 0
5702 0
5702 0.00823665114246236
5702 0.017091379740519
5702 0
5702 0
5702 0
5702 0.000350512591421565
5702 0
5702 0.000552024211124864
5702 3.62196732869273e-05
5702 0.00823665114246236
5702 0.00222320297114436
5702 0
5702 0
5702 0.304810275054428
5702 0.304810275054428
5702 0
5702 0.0434356583023993
5702 0.0434356583023993
5702 0.0434356583023993
5702 0.0051958582834332
5702 0.00823665114246236
5702 0
5702 0
5702 0.014172292979223
5702 0.014172292979223
5702 0
5702 0
5702 0.00124501887995648
5702 0.00124501887995648
5702 0.00124501887995648
5702 0.00104946796696577
5702 0.00104946796696577
5702 0.00104946796696577
5702 0.00290374136235446
5607 0.00823665114246236
5607 0.0232511857857576
5607 0.0232511857857576
5607 0.0232511857857576
5607 0.0232511857857576
5607 0
5607 0.0110674751535946
5607 0.0110674751535946
5607 0
5607 0
5607 0
5607 0.00823665114246236
5607 0.017091379740519
5607 0
5607 0
5607 0
5607 0.000350512591421565
5607 0
5607 0.000552024211124864
5607 3.62196732869273e-05
5607 0.00823665114246236
5607 0.00222320297114436
5607 0
5607 0
5607 0.304810275054428
5607 0.304810275054428
5607 0
5607 0.0434356583023993
5607 0.0434356583023993
5607 0.0434356583023993
5607 0.0051958582834332
5607 0.00823665114246236
5607 0
5607 0
5607 0.014172292979223
5607 0.014172292979223
5607 0
5607 0
5607 0.00124501887995648
5607 0.00124501887995648
5607 0.00124501887995648
5607 0.00104946796696577
5607 0.00104946796696577
5607 0.00104946796696577
5607 0.00290374136235446
5606 0.00823665114246236
5606 0.0232511857857576
5606 0.0232511857857576
5606 0.0232511857857576
5606 0.0232511857857576
5606 0
5606 0.0110674751535946
5606 0.0110674751535946
5606 0
5606 0
5606 0
5606 0.00823665114246236
5606 0.017091379740519
5606 0
5606 0
5606 0
5606 0.000350512591421565
5606 0
5606 0.000552024211124864
5606 3.62196732869273e-05
5606 0.00823665114246236
5606 0.00222320297114436
5606 0
5606 0
5606 0.304810275054428
5606 0.304810275054428
5606 0
5606 0.0434356583023993
5606 0.0434356583023993
5606 0.0434356583023993
5606 0.0051958582834332
5606 0.00823665114246236
5606 0
5606 0
5606 0.014172292979223
5606 0.014172292979223
5606 0
5606 0
5606 0.00124501887995648
5606 0.00124501887995648
5606 0.00124501887995648
5606 0.00104946796696577
5606 0.00104946796696577
5606 0.00104946796696577
5606 0.00290374136235446
5605 0.00823665114246236
5605 0.0232511857857576
5605 0.0232511857857576
5605 0.0232511857857576
5605 0.0232511857857576
5605 0
5605 0.0110674751535946
5605 0.0110674751535946
5605 0
5605 0
5605 0
5605 0.00823665114246236
5605 0.017091379740519
5605 0
5605 0
5605 0
5605 0.000350512591421565
5605 0
5605 0.000552024211124864
5605 3.62196732869273e-05
5605 0.00823665114246236
5605 0.00222320297114436
5605 0
5605 0
5605 0.304810275054428
5605 0.304810275054428
5605 0
5605 0.0434356583023993
5605 0.0434356583023993
5605 0.0434356583023993
5605 0.0051958582834332
5605 0.00823665114246236
5605 0
5605 0
5605 0.014172292979223
5605 0.014172292979223
5605 0
5605 0
5605 0.00124501887995648
5605 0.00124501887995648
5605 0.00124501887995648
5605 0.00104946796696577
5605 0.00104946796696577
5605 0.00104946796696577
5605 0.00290374136235446
5796 0.00823665114246236
5796 0.0232511857857576
5796 0.0232511857857576
5796 0.0232511857857576
5796 0.0232511857857576
5796 0
5796 0.0110674751535946
5796 0.0110674751535946
5796 0
5796 0
5796 0
5796 0.00823665114246236
5796 0.017091379740519
5796 0
5796 0
5796 0
5796 0.000350512591421565
5796 0
5796 0.000552024211124864
5796 3.62196732869273e-05
5796 0.00823665114246236
5796 0.00222320297114436
5796 0
5796 0
5796 0.304810275054428
5796 0.304810275054428
5796 0
5796 0.0434356583023993
5796 0.0434356583023993
5796 0.0434356583023993
5796 0.0051958582834332
5796 0.00823665114246236
5796 0
5796 0
5796 0.014172292979223
5796 0.014172292979223
5796 0
5796 0
5796 0.00124501887995648
5796 0.00124501887995648
5796 0.00124501887995648
5796 0.00104946796696577
5796 0.00104946796696577
5796 0.00104946796696577
5796 0.00290374136235446
5694 0.00823665114246236
5694 0.0232511857857576
5694 0.0232511857857576
5694 0.0232511857857576
5694 0.0232511857857576
5694 0
5694 0.0110674751535946
5694 0.0110674751535946
5694 0
5694 0
5694 0
5694 0.00823665114246236
5694 0.017091379740519
5694 0
5694 0
5694 0
5694 0.000350512591421565
5694 0
5694 0.000552024211124864
5694 3.62196732869273e-05
5694 0.00823665114246236
5694 0.00222320297114436
5694 0
5694 0
5694 0.304810275054428
5694 0.304810275054428
5694 0
5694 0.0434356583023993
5694 0.0434356583023993
5694 0.0434356583023993
5694 0.0051958582834332
5694 0.00823665114246236
5694 0
5694 0
5694 0.014172292979223
5694 0.014172292979223
5694 0
5694 0
5694 0.00124501887995648
5694 0.00124501887995648
5694 0.00124501887995648
5694 0.00104946796696577
5694 0.00104946796696577
5694 0.00104946796696577
5694 0.00290374136235446
5791 0.00823665114246236
5791 0.0232511857857576
5791 0.0232511857857576
5791 0.0232511857857576
5791 0.0232511857857576
5791 0
5791 0.0110674751535946
5791 0.0110674751535946
5791 0
5791 0
5791 0
5791 0.00823665114246236
5791 0.017091379740519
5791 0
5791 0
5791 0
5791 0.000350512591421565
5791 0
5791 0.000552024211124864
5791 3.62196732869273e-05
5791 0.00823665114246236
5791 0.00222320297114436
5791 0
5791 0
5791 0.304810275054428
5791 0.304810275054428
5791 0
5791 0.0434356583023993
5791 0.0434356583023993
5791 0.0434356583023993
5791 0.0051958582834332
5791 0.00823665114246236
5791 0
5791 0
5791 0.014172292979223
5791 0.014172292979223
5791 0
5791 0
5791 0.00124501887995648
5791 0.00124501887995648
5791 0.00124501887995648
5791 0.00104946796696577
5791 0.00104946796696577
5791 0.00104946796696577
5791 0.00290374136235446
5689 0.00823665114246236
5689 0.0232511857857576
5689 0.0232511857857576
5689 0.0232511857857576
5689 0.0232511857857576
5689 0
5689 0.0110674751535946
5689 0.0110674751535946
5689 0
5689 0
5689 0
5689 0.00823665114246236
5689 0.017091379740519
5689 0
5689 0
5689 0
5689 0.000350512591421565
5689 0
5689 0.000552024211124864
5689 3.62196732869273e-05
5689 0.00823665114246236
5689 0.00222320297114436
5689 0
5689 0
5689 0.304810275054428
5689 0.304810275054428
5689 0
5689 0.0434356583023993
5689 0.0434356583023993
5689 0.0434356583023993
5689 0.0051958582834332
5689 0.00823665114246236
5689 0
5689 0
5689 0.014172292979223
5689 0.014172292979223
5689 0
5689 0
5689 0.00124501887995648
5689 0.00124501887995648
5689 0.00124501887995648
5689 0.00104946796696577
5689 0.00104946796696577
5689 0.00104946796696577
5689 0.00290374136235446
5788 0.00823665114246236
5788 0.0232511857857576
5788 0.0232511857857576
5788 0.0232511857857576
5788 0.0232511857857576
5788 0
5788 0.0110674751535946
5788 0.0110674751535946
5788 0
5788 0
5788 0
5788 0.00823665114246236
5788 0.017091379740519
5788 0
5788 0
5788 0
5788 0.000350512591421565
5788 0
5788 0.000552024211124864
5788 3.62196732869273e-05
5788 0.00823665114246236
5788 0.00222320297114436
5788 0
5788 0
5788 0.304810275054428
5788 0.304810275054428
5788 0
5788 0.0434356583023993
5788 0.0434356583023993
5788 0.0434356583023993
5788 0.0051958582834332
5788 0.00823665114246236
5788 0
5788 0
5788 0.014172292979223
5788 0.014172292979223
5788 0
5788 0
5788 0.00124501887995648
5788 0.00124501887995648
5788 0.00124501887995648
5788 0.00104946796696577
5788 0.00104946796696577
5788 0.00104946796696577
5788 0.00290374136235446
5887 0.00823665114246236
5887 0.0232511857857576
5887 0.0232511857857576
5887 0.0232511857857576
5887 0.0232511857857576
5887 0
5887 0.0110674751535946
5887 0.0110674751535946
5887 0
5887 0
5887 0
5887 0.00823665114246236
5887 0.017091379740519
5887 0
5887 0
5887 0
5887 0.000350512591421565
5887 0
5887 0.000552024211124864
5887 3.62196732869273e-05
5887 0.00823665114246236
5887 0.00222320297114436
5887 0
5887 0
5887 0.304810275054428
5887 0.304810275054428
5887 0
5887 0.0434356583023993
5887 0.0434356583023993
5887 0.0434356583023993
5887 0.0051958582834332
5887 0.00823665114246236
5887 0
5887 0
5887 0.014172292979223
5887 0.014172292979223
5887 0
5887 0
5887 0.00124501887995648
5887 0.00124501887995648
5887 0.00124501887995648
5887 0.00104946796696577
5887 0.00104946796696577
5887 0.00104946796696577
5887 0.00290374136235446
5783 0.00823665114246236
5783 0.0232511857857576
5783 0.0232511857857576
5783 0.0232511857857576
5783 0.0232511857857576
5783 0
5783 0.0110674751535946
5783 0.0110674751535946
5783 0
5783 0
5783 0
5783 0.00823665114246236
5783 0.017091379740519
5783 0
5783 0
5783 0
5783 0.000350512591421565
5783 0
5783 0.000552024211124864
5783 3.62196732869273e-05
5783 0.00823665114246236
5783 0.00222320297114436
5783 0
5783 0
5783 0.304810275054428
5783 0.304810275054428
5783 0
5783 0.0434356583023993
5783 0.0434356583023993
5783 0.0434356583023993
5783 0.0051958582834332
5783 0.00823665114246236
5783 0
5783 0
5783 0.014172292979223
5783 0.014172292979223
5783 0
5783 0
5783 0.00124501887995648
5783 0.00124501887995648
5783 0.00124501887995648
5783 0.00104946796696577
5783 0.00104946796696577
5783 0.00104946796696577
5783 0.00290374136235446
5881 0.00823665114246236
5881 0.0232511857857576
5881 0.0232511857857576
5881 0.0232511857857576
5881 0.0232511857857576
5881 0
5881 0.0110674751535946
5881 0.0110674751535946
5881 0
5881 0
5881 0
5881 0.00823665114246236
5881 0.017091379740519
5881 0
5881 0
5881 0
5881 0.000350512591421565
5881 0
5881 0.000552024211124864
5881 3.62196732869273e-05
5881 0.00823665114246236
5881 0.00222320297114436
5881 0
5881 0
5881 0.304810275054428
5881 0.304810275054428
5881 0
5881 0.0434356583023993
5881 0.0434356583023993
5881 0.0434356583023993
5881 0.0051958582834332
5881 0.00823665114246236
5881 0
5881 0
5881 0.014172292979223
5881 0.014172292979223
5881 0
5881 0
5881 0.00124501887995648
5881 0.00124501887995648
5881 0.00124501887995648
5881 0.00104946796696577
5881 0.00104946796696577
5881 0.00104946796696577
5881 0.00290374136235446
5986 0.00823665114246236
5986 0.0232511857857576
5986 0.0232511857857576
5986 0.0232511857857576
5986 0.0232511857857576
5986 0
5986 0.0110674751535946
5986 0.0110674751535946
5986 0
5986 0
5986 0
5986 0.00823665114246236
5986 0.017091379740519
5986 0
5986 0
5986 0
5986 0.000350512591421565
5986 0
5986 0.000552024211124864
5986 3.62196732869273e-05
5986 0.00823665114246236
5986 0.00222320297114436
5986 0
5986 0
5986 0.304810275054428
5986 0.304810275054428
5986 0
5986 0.0434356583023993
5986 0.0434356583023993
5986 0.0434356583023993
5986 0.0051958582834332
5986 0.00823665114246236
5986 0
5986 0
5986 0.014172292979223
5986 0.014172292979223
5986 0
5986 0
5986 0.00124501887995648
5986 0.00124501887995648
5986 0.00124501887995648
5986 0.00104946796696577
5986 0.00104946796696577
5986 0.00104946796696577
5986 0.00290374136235446
5976 0.00823665114246236
5976 0.0232511857857576
5976 0.0232511857857576
5976 0.0232511857857576
5976 0.0232511857857576
5976 0
5976 0.0110674751535946
5976 0.0110674751535946
5976 0
5976 0
5976 0
5976 0.00823665114246236
5976 0.017091379740519
5976 0
5976 0
5976 0
5976 0.000350512591421565
5976 0
5976 0.000552024211124864
5976 3.62196732869273e-05
5976 0.00823665114246236
5976 0.00222320297114436
5976 0
5976 0
5976 0.304810275054428
5976 0.304810275054428
5976 0
5976 0.0434356583023993
5976 0.0434356583023993
5976 0.0434356583023993
5976 0.0051958582834332
5976 0.00823665114246236
5976 0
5976 0
5976 0.014172292979223
5976 0.014172292979223
5976 0
5976 0
5976 0.00124501887995648
5976 0.00124501887995648
5976 0.00124501887995648
5976 0.00104946796696577
5976 0.00104946796696577
5976 0.00104946796696577
5976 0.00290374136235446
6084 0.00823665114246236
6084 0.0232511857857576
6084 0.0232511857857576
6084 0.0232511857857576
6084 0.0232511857857576
6084 0
6084 0.0110674751535946
6084 0.0110674751535946
6084 0
6084 0
6084 0
6084 0.00823665114246236
6084 0.017091379740519
6084 0
6084 0
6084 0
6084 0.000350512591421565
6084 0
6084 0.000552024211124864
6084 3.62196732869273e-05
6084 0.00823665114246236
6084 0.00222320297114436
6084 0
6084 0
6084 0.304810275054428
6084 0.304810275054428
6084 0
6084 0.0434356583023993
6084 0.0434356583023993
6084 0.0434356583023993
6084 0.0051958582834332
6084 0.00823665114246236
6084 0
6084 0
6084 0.014172292979223
6084 0.014172292979223
6084 0
6084 0
6084 0.00124501887995648
6084 0.00124501887995648
6084 0.00124501887995648
6084 0.00104946796696577
6084 0.00104946796696577
6084 0.00104946796696577
6084 0.00290374136235446
5970 0.00823665114246236
5970 0.0232511857857576
5970 0.0232511857857576
5970 0.0232511857857576
5970 0.0232511857857576
5970 0
5970 0.0110674751535946
5970 0.0110674751535946
5970 0
5970 0
5970 0
5970 0.00823665114246236
5970 0.017091379740519
5970 0
5970 0
5970 0
5970 0.000350512591421565
5970 0
5970 0.000552024211124864
5970 3.62196732869273e-05
5970 0.00823665114246236
5970 0.00222320297114436
5970 0
5970 0
5970 0.304810275054428
5970 0.304810275054428
5970 0
5970 0.0434356583023993
5970 0.0434356583023993
5970 0.0434356583023993
5970 0.0051958582834332
5970 0.00823665114246236
5970 0
5970 0
5970 0.014172292979223
5970 0.014172292979223
5970 0
5970 0
5970 0.00124501887995648
5970 0.00124501887995648
5970 0.00124501887995648
5970 0.00104946796696577
5970 0.00104946796696577
5970 0.00104946796696577
5970 0.00290374136235446
6080 0.00823665114246236
6080 0.0232511857857576
6080 0.0232511857857576
6080 0.0232511857857576
6080 0.0232511857857576
6080 0
6080 0.0110674751535946
6080 0.0110674751535946
6080 0
6080 0
6080 0
6080 0.00823665114246236
6080 0.017091379740519
6080 0
6080 0
6080 0
6080 0.000350512591421565
6080 0
6080 0.000552024211124864
6080 3.62196732869273e-05
6080 0.00823665114246236
6080 0.00222320297114436
6080 0
6080 0
6080 0.304810275054428
6080 0.304810275054428
6080 0
6080 0.0434356583023993
6080 0.0434356583023993
6080 0.0434356583023993
6080 0.0051958582834332
6080 0.00823665114246236
6080 0
6080 0
6080 0.014172292979223
6080 0.014172292979223
6080 0
6080 0
6080 0.00124501887995648
6080 0.00124501887995648
6080 0.00124501887995648
6080 0.00104946796696577
6080 0.00104946796696577
6080 0.00104946796696577
6080 0.00290374136235446
6079 0.00823665114246236
6079 0.0232511857857576
6079 0.0232511857857576
6079 0.0232511857857576
6079 0.0232511857857576
6079 0
6079 0.0110674751535946
6079 0.0110674751535946
6079 0
6079 0
6079 0
6079 0.00823665114246236
6079 0.017091379740519
6079 0
6079 0
6079 0
6079 0.000350512591421565
6079 0
6079 0.000552024211124864
6079 3.62196732869273e-05
6079 0.00823665114246236
6079 0.00222320297114436
6079 0
6079 0
6079 0.304810275054428
6079 0.304810275054428
6079 0
6079 0.0434356583023993
6079 0.0434356583023993
6079 0.0434356583023993
6079 0.0051958582834332
6079 0.00823665114246236
6079 0
6079 0
6079 0.014172292979223
6079 0.014172292979223
6079 0
6079 0
6079 0.00124501887995648
6079 0.00124501887995648
6079 0.00124501887995648
6079 0.00104946796696577
6079 0.00104946796696577
6079 0.00104946796696577
6079 0.00290374136235446
6073 0.00823665114246236
6073 0.0232511857857576
6073 0.0232511857857576
6073 0.0232511857857576
6073 0.0232511857857576
6073 0
6073 0.0110674751535946
6073 0.0110674751535946
6073 0
6073 0
6073 0
6073 0.00823665114246236
6073 0.017091379740519
6073 0
6073 0
6073 0
6073 0.000350512591421565
6073 0
6073 0.000552024211124864
6073 3.62196732869273e-05
6073 0.00823665114246236
6073 0.00222320297114436
6073 0
6073 0
6073 0.304810275054428
6073 0.304810275054428
6073 0
6073 0.0434356583023993
6073 0.0434356583023993
6073 0.0434356583023993
6073 0.0051958582834332
6073 0.00823665114246236
6073 0
6073 0
6073 0.014172292979223
6073 0.014172292979223
6073 0
6073 0
6073 0.00124501887995648
6073 0.00124501887995648
6073 0.00124501887995648
6073 0.00104946796696577
6073 0.00104946796696577
6073 0.00104946796696577
6073 0.00290374136235446
6178 0.00823665114246236
6178 0.0232511857857576
6178 0.0232511857857576
6178 0.0232511857857576
6178 0.0232511857857576
6178 0
6178 0.0110674751535946
6178 0.0110674751535946
6178 0
6178 0
6178 0
6178 0.00823665114246236
6178 0.017091379740519
6178 0
6178 0
6178 0
6178 0.000350512591421565
6178 0
6178 0.000552024211124864
6178 3.62196732869273e-05
6178 0.00823665114246236
6178 0.00222320297114436
6178 0
6178 0
6178 0.304810275054428
6178 0.304810275054428
6178 0
6178 0.0434356583023993
6178 0.0434356583023993
6178 0.0434356583023993
6178 0.0051958582834332
6178 0.00823665114246236
6178 0
6178 0
6178 0.014172292979223
6178 0.014172292979223
6178 0
6178 0
6178 0.00124501887995648
6178 0.00124501887995648
6178 0.00124501887995648
6178 0.00104946796696577
6178 0.00104946796696577
6178 0.00104946796696577
6178 0.00290374136235446
6177 0.00823665114246236
6177 0.0232511857857576
6177 0.0232511857857576
6177 0.0232511857857576
6177 0.0232511857857576
6177 0
6177 0.0110674751535946
6177 0.0110674751535946
6177 0
6177 0
6177 0
6177 0.00823665114246236
6177 0.017091379740519
6177 0
6177 0
6177 0
6177 0.000350512591421565
6177 0
6177 0.000552024211124864
6177 3.62196732869273e-05
6177 0.00823665114246236
6177 0.00222320297114436
6177 0
6177 0
6177 0.304810275054428
6177 0.304810275054428
6177 0
6177 0.0434356583023993
6177 0.0434356583023993
6177 0.0434356583023993
6177 0.0051958582834332
6177 0.00823665114246236
6177 0
6177 0
6177 0.014172292979223
6177 0.014172292979223
6177 0
6177 0
6177 0.00124501887995648
6177 0.00124501887995648
6177 0.00124501887995648
6177 0.00104946796696577
6177 0.00104946796696577
6177 0.00104946796696577
6177 0.00290374136235446
6175 0.00823665114246236
6175 0.0232511857857576
6175 0.0232511857857576
6175 0.0232511857857576
6175 0.0232511857857576
6175 0
6175 0.0110674751535946
6175 0.0110674751535946
6175 0
6175 0
6175 0
6175 0.00823665114246236
6175 0.017091379740519
6175 0
6175 0
6175 0
6175 0.000350512591421565
6175 0
6175 0.000552024211124864
6175 3.62196732869273e-05
6175 0.00823665114246236
6175 0.00222320297114436
6175 0
6175 0
6175 0.304810275054428
6175 0.304810275054428
6175 0
6175 0.0434356583023993
6175 0.0434356583023993
6175 0.0434356583023993
6175 0.0051958582834332
6175 0.00823665114246236
6175 0
6175 0
6175 0.014172292979223
6175 0.014172292979223
6175 0
6175 0
6175 0.00124501887995648
6175 0.00124501887995648
6175 0.00124501887995648
6175 0.00104946796696577
6175 0.00104946796696577
6175 0.00104946796696577
6175 0.00290374136235446
6174 0.00823665114246236
6174 0.0232511857857576
6174 0.0232511857857576
6174 0.0232511857857576
6174 0.0232511857857576
6174 0
6174 0.0110674751535946
6174 0.0110674751535946
6174 0
6174 0
6174 0
6174 0.00823665114246236
6174 0.017091379740519
6174 0
6174 0
6174 0
6174 0.000350512591421565
6174 0
6174 0.000552024211124864
6174 3.62196732869273e-05
6174 0.00823665114246236
6174 0.00222320297114436
6174 0
6174 0
6174 0.304810275054428
6174 0.304810275054428
6174 0
6174 0.0434356583023993
6174 0.0434356583023993
6174 0.0434356583023993
6174 0.0051958582834332
6174 0.00823665114246236
6174 0
6174 0
6174 0.014172292979223
6174 0.014172292979223
6174 0
6174 0
6174 0.00124501887995648
6174 0.00124501887995648
6174 0.00124501887995648
6174 0.00104946796696577
6174 0.00104946796696577
6174 0.00104946796696577
6174 0.00290374136235446
6274 0.00823665114246236
6274 0.0232511857857576
6274 0.0232511857857576
6274 0.0232511857857576
6274 0.0232511857857576
6274 0
6274 0.0110674751535946
6274 0.0110674751535946
6274 0
6274 0
6274 0
6274 0.00823665114246236
6274 0.017091379740519
6274 0
6274 0
6274 0
6274 0.000350512591421565
6274 0
6274 0.000552024211124864
6274 3.62196732869273e-05
6274 0.00823665114246236
6274 0.00222320297114436
6274 0
6274 0
6274 0.304810275054428
6274 0.304810275054428
6274 0
6274 0.0434356583023993
6274 0.0434356583023993
6274 0.0434356583023993
6274 0.0051958582834332
6274 0.00823665114246236
6274 0
6274 0
6274 0.014172292979223
6274 0.014172292979223
6274 0
6274 0
6274 0.00124501887995648
6274 0.00124501887995648
6274 0.00124501887995648
6274 0.00104946796696577
6274 0.00104946796696577
6274 0.00104946796696577
6274 0.00290374136235446
6271 0.00823665114246236
6271 0.0232511857857576
6271 0.0232511857857576
6271 0.0232511857857576
6271 0.0232511857857576
6271 0
6271 0.0110674751535946
6271 0.0110674751535946
6271 0
6271 0
6271 0
6271 0.00823665114246236
6271 0.017091379740519
6271 0
6271 0
6271 0
6271 0.000350512591421565
6271 0
6271 0.000552024211124864
6271 3.62196732869273e-05
6271 0.00823665114246236
6271 0.00222320297114436
6271 0
6271 0
6271 0.304810275054428
6271 0.304810275054428
6271 0
6271 0.0434356583023993
6271 0.0434356583023993
6271 0.0434356583023993
6271 0.0051958582834332
6271 0.00823665114246236
6271 0
6271 0
6271 0.014172292979223
6271 0.014172292979223
6271 0
6271 0
6271 0.00124501887995648
6271 0.00124501887995648
6271 0.00124501887995648
6271 0.00104946796696577
6271 0.00104946796696577
6271 0.00104946796696577
6271 0.00290374136235446
6270 0.00823665114246236
6270 0.0232511857857576
6270 0.0232511857857576
6270 0.0232511857857576
6270 0.0232511857857576
6270 0
6270 0.0110674751535946
6270 0.0110674751535946
6270 0
6270 0
6270 0
6270 0.00823665114246236
6270 0.017091379740519
6270 0
6270 0
6270 0
6270 0.000350512591421565
6270 0
6270 0.000552024211124864
6270 3.62196732869273e-05
6270 0.00823665114246236
6270 0.00222320297114436
6270 0
6270 0
6270 0.304810275054428
6270 0.304810275054428
6270 0
6270 0.0434356583023993
6270 0.0434356583023993
6270 0.0434356583023993
6270 0.0051958582834332
6270 0.00823665114246236
6270 0
6270 0
6270 0.014172292979223
6270 0.014172292979223
6270 0
6270 0
6270 0.00124501887995648
6270 0.00124501887995648
6270 0.00124501887995648
6270 0.00104946796696577
6270 0.00104946796696577
6270 0.00104946796696577
6270 0.00290374136235446
6269 0.00823665114246236
6269 0.0232511857857576
6269 0.0232511857857576
6269 0.0232511857857576
6269 0.0232511857857576
6269 0
6269 0.0110674751535946
6269 0.0110674751535946
6269 0
6269 0
6269 0
6269 0.00823665114246236
6269 0.017091379740519
6269 0
6269 0
6269 0
6269 0.000350512591421565
6269 0
6269 0.000552024211124864
6269 3.62196732869273e-05
6269 0.00823665114246236
6269 0.00222320297114436
6269 0
6269 0
6269 0.304810275054428
6269 0.304810275054428
6269 0
6269 0.0434356583023993
6269 0.0434356583023993
6269 0.0434356583023993
6269 0.0051958582834332
6269 0.00823665114246236
6269 0
6269 0
6269 0.014172292979223
6269 0.014172292979223
6269 0
6269 0
6269 0.00124501887995648
6269 0.00124501887995648
6269 0.00124501887995648
6269 0.00104946796696577
6269 0.00104946796696577
6269 0.00104946796696577
6269 0.00290374136235446
6268 0.00823665114246236
6268 0.0232511857857576
6268 0.0232511857857576
6268 0.0232511857857576
6268 0.0232511857857576
6268 0
6268 0.0110674751535946
6268 0.0110674751535946
6268 0
6268 0
6268 0
6268 0.00823665114246236
6268 0.017091379740519
6268 0
6268 0
6268 0
6268 0.000350512591421565
6268 0
6268 0.000552024211124864
6268 3.62196732869273e-05
6268 0.00823665114246236
6268 0.00222320297114436
6268 0
6268 0
6268 0.304810275054428
6268 0.304810275054428
6268 0
6268 0.0434356583023993
6268 0.0434356583023993
6268 0.0434356583023993
6268 0.0051958582834332
6268 0.00823665114246236
6268 0
6268 0
6268 0.014172292979223
6268 0.014172292979223
6268 0
6268 0
6268 0.00124501887995648
6268 0.00124501887995648
6268 0.00124501887995648
6268 0.00104946796696577
6268 0.00104946796696577
6268 0.00104946796696577
6268 0.00290374136235446
6364 0.00823665114246236
6364 0.0232511857857576
6364 0.0232511857857576
6364 0.0232511857857576
6364 0.0232511857857576
6364 0
6364 0.0110674751535946
6364 0.0110674751535946
6364 0
6364 0
6364 0
6364 0.00823665114246236
6364 0.017091379740519
6364 0
6364 0
6364 0
6364 0.000350512591421565
6364 0
6364 0.000552024211124864
6364 3.62196732869273e-05
6364 0.00823665114246236
6364 0.00222320297114436
6364 0
6364 0
6364 0.304810275054428
6364 0.304810275054428
6364 0
6364 0.0434356583023993
6364 0.0434356583023993
6364 0.0434356583023993
6364 0.0051958582834332
6364 0.00823665114246236
6364 0
6364 0
6364 0.014172292979223
6364 0.014172292979223
6364 0
6364 0
6364 0.00124501887995648
6364 0.00124501887995648
6364 0.00124501887995648
6364 0.00104946796696577
6364 0.00104946796696577
6364 0.00104946796696577
6364 0.00290374136235446
6363 0.00823665114246236
6363 0.0232511857857576
6363 0.0232511857857576
6363 0.0232511857857576
6363 0.0232511857857576
6363 0
6363 0.0110674751535946
6363 0.0110674751535946
6363 0
6363 0
6363 0
6363 0.00823665114246236
6363 0.017091379740519
6363 0
6363 0
6363 0
6363 0.000350512591421565
6363 0
6363 0.000552024211124864
6363 3.62196732869273e-05
6363 0.00823665114246236
6363 0.00222320297114436
6363 0
6363 0
6363 0.304810275054428
6363 0.304810275054428
6363 0
6363 0.0434356583023993
6363 0.0434356583023993
6363 0.0434356583023993
6363 0.0051958582834332
6363 0.00823665114246236
6363 0
6363 0
6363 0.014172292979223
6363 0.014172292979223
6363 0
6363 0
6363 0.00124501887995648
6363 0.00124501887995648
6363 0.00124501887995648
6363 0.00104946796696577
6363 0.00104946796696577
6363 0.00104946796696577
6363 0.00290374136235446
6361 0.00823665114246236
6361 0.0232511857857576
6361 0.0232511857857576
6361 0.0232511857857576
6361 0.0232511857857576
6361 0
6361 0.0110674751535946
6361 0.0110674751535946
6361 0
6361 0
6361 0
6361 0.00823665114246236
6361 0.017091379740519
6361 0
6361 0
6361 0
6361 0.000350512591421565
6361 0
6361 0.000552024211124864
6361 3.62196732869273e-05
6361 0.00823665114246236
6361 0.00222320297114436
6361 0
6361 0
6361 0.304810275054428
6361 0.304810275054428
6361 0
6361 0.0434356583023993
6361 0.0434356583023993
6361 0.0434356583023993
6361 0.0051958582834332
6361 0.00823665114246236
6361 0
6361 0
6361 0.014172292979223
6361 0.014172292979223
6361 0
6361 0
6361 0.00124501887995648
6361 0.00124501887995648
6361 0.00124501887995648
6361 0.00104946796696577
6361 0.00104946796696577
6361 0.00104946796696577
6361 0.00290374136235446
6360 0.00823665114246236
6360 0.0232511857857576
6360 0.0232511857857576
6360 0.0232511857857576
6360 0.0232511857857576
6360 0
6360 0.0110674751535946
6360 0.0110674751535946
6360 0
6360 0
6360 0
6360 0.00823665114246236
6360 0.017091379740519
6360 0
6360 0
6360 0
6360 0.000350512591421565
6360 0
6360 0.000552024211124864
6360 3.62196732869273e-05
6360 0.00823665114246236
6360 0.00222320297114436
6360 0
6360 0
6360 0.304810275054428
6360 0.304810275054428
6360 0
6360 0.0434356583023993
6360 0.0434356583023993
6360 0.0434356583023993
6360 0.0051958582834332
6360 0.00823665114246236
6360 0
6360 0
6360 0.014172292979223
6360 0.014172292979223
6360 0
6360 0
6360 0.00124501887995648
6360 0.00124501887995648
6360 0.00124501887995648
6360 0.00104946796696577
6360 0.00104946796696577
6360 0.00104946796696577
6360 0.00290374136235446
6458 0.00823665114246236
6458 0.0232511857857576
6458 0.0232511857857576
6458 0.0232511857857576
6458 0.0232511857857576
6458 0
6458 0.0110674751535946
6458 0.0110674751535946
6458 0
6458 0
6458 0
6458 0.00823665114246236
6458 0.017091379740519
6458 0
6458 0
6458 0
6458 0.000350512591421565
6458 0
6458 0.000552024211124864
6458 3.62196732869273e-05
6458 0.00823665114246236
6458 0.00222320297114436
6458 0
6458 0
6458 0.304810275054428
6458 0.304810275054428
6458 0
6458 0.0434356583023993
6458 0.0434356583023993
6458 0.0434356583023993
6458 0.0051958582834332
6458 0.00823665114246236
6458 0
6458 0
6458 0.014172292979223
6458 0.014172292979223
6458 0
6458 0
6458 0.00124501887995648
6458 0.00124501887995648
6458 0.00124501887995648
6458 0.00104946796696577
6458 0.00104946796696577
6458 0.00104946796696577
6458 0.00290374136235446
6453 0.00823665114246236
6453 0.0232511857857576
6453 0.0232511857857576
6453 0.0232511857857576
6453 0.0232511857857576
6453 0
6453 0.0110674751535946
6453 0.0110674751535946
6453 0
6453 0
6453 0
6453 0.00823665114246236
6453 0.017091379740519
6453 0
6453 0
6453 0
6453 0.000350512591421565
6453 0
6453 0.000552024211124864
6453 3.62196732869273e-05
6453 0.00823665114246236
6453 0.00222320297114436
6453 0
6453 0
6453 0.304810275054428
6453 0.304810275054428
6453 0
6453 0.0434356583023993
6453 0.0434356583023993
6453 0.0434356583023993
6453 0.0051958582834332
6453 0.00823665114246236
6453 0
6453 0
6453 0.014172292979223
6453 0.014172292979223
6453 0
6453 0
6453 0.00124501887995648
6453 0.00124501887995648
6453 0.00124501887995648
6453 0.00104946796696577
6453 0.00104946796696577
6453 0.00104946796696577
6453 0.00290374136235446
6452 0.00823665114246236
6452 0.0232511857857576
6452 0.0232511857857576
6452 0.0232511857857576
6452 0.0232511857857576
6452 0
6452 0.0110674751535946
6452 0.0110674751535946
6452 0
6452 0
6452 0
6452 0.00823665114246236
6452 0.017091379740519
6452 0
6452 0
6452 0
6452 0.000350512591421565
6452 0
6452 0.000552024211124864
6452 3.62196732869273e-05
6452 0.00823665114246236
6452 0.00222320297114436
6452 0
6452 0
6452 0.304810275054428
6452 0.304810275054428
6452 0
6452 0.0434356583023993
6452 0.0434356583023993
6452 0.0434356583023993
6452 0.0051958582834332
6452 0.00823665114246236
6452 0
6452 0
6452 0.014172292979223
6452 0.014172292979223
6452 0
6452 0
6452 0.00124501887995648
6452 0.00124501887995648
6452 0.00124501887995648
6452 0.00104946796696577
6452 0.00104946796696577
6452 0.00104946796696577
6452 0.00290374136235446
6451 0.00823665114246236
6451 0.0232511857857576
6451 0.0232511857857576
6451 0.0232511857857576
6451 0.0232511857857576
6451 0
6451 0.0110674751535946
6451 0.0110674751535946
6451 0
6451 0
6451 0
6451 0.00823665114246236
6451 0.017091379740519
6451 0
6451 0
6451 0
6451 0.000350512591421565
6451 0
6451 0.000552024211124864
6451 3.62196732869273e-05
6451 0.00823665114246236
6451 0.00222320297114436
6451 0
6451 0
6451 0.304810275054428
6451 0.304810275054428
6451 0
6451 0.0434356583023993
6451 0.0434356583023993
6451 0.0434356583023993
6451 0.0051958582834332
6451 0.00823665114246236
6451 0
6451 0
6451 0.014172292979223
6451 0.014172292979223
6451 0
6451 0
6451 0.00124501887995648
6451 0.00124501887995648
6451 0.00124501887995648
6451 0.00104946796696577
6451 0.00104946796696577
6451 0.00104946796696577
6451 0.00290374136235446
6776 0.00823665114246236
6776 0.0232511857857576
6776 0.0232511857857576
6776 0.0232511857857576
6776 0.0232511857857576
6776 0
6776 0.0110674751535946
6776 0.0110674751535946
6776 0
6776 0
6776 0
6776 0.00823665114246236
6776 0.017091379740519
6776 0
6776 0
6776 0
6776 0.000350512591421565
6776 0
6776 0.000552024211124864
6776 3.62196732869273e-05
6776 0.00823665114246236
6776 0.00222320297114436
6776 0
6776 0
6776 0.304810275054428
6776 0.304810275054428
6776 0
6776 0.0434356583023993
6776 0.0434356583023993
6776 0.0434356583023993
6776 0.0051958582834332
6776 0.00823665114246236
6776 0
6776 0
6776 0.014172292979223
6776 0.014172292979223
6776 0
6776 0
6776 0.00124501887995648
6776 0.00124501887995648
6776 0.00124501887995648
6776 0.00104946796696577
6776 0.00104946796696577
6776 0.00104946796696577
6776 0.00290374136235446
6915 0.00823665114246236
6915 0.0232511857857576
6915 0.0232511857857576
6915 0.0232511857857576
6915 0.0232511857857576
6915 0
6915 0.0110674751535946
6915 0.0110674751535946
6915 0
6915 0
6915 0
6915 0.00823665114246236
6915 0.017091379740519
6915 0
6915 0
6915 0
6915 0.000350512591421565
6915 0
6915 0.000552024211124864
6915 3.62196732869273e-05
6915 0.00823665114246236
6915 0.00222320297114436
6915 0
6915 0
6915 0.304810275054428
6915 0.304810275054428
6915 0
6915 0.0434356583023993
6915 0.0434356583023993
6915 0.0434356583023993
6915 0.0051958582834332
6915 0.00823665114246236
6915 0
6915 0
6915 0.014172292979223
6915 0.014172292979223
6915 0
6915 0
6915 0.00124501887995648
6915 0.00124501887995648
6915 0.00124501887995648
6915 0.00104946796696577
6915 0.00104946796696577
6915 0.00104946796696577
6915 0.00290374136235446
6985 0.00823665114246236
6985 0.0232511857857576
6985 0.0232511857857576
6985 0.0232511857857576
6985 0.0232511857857576
6985 0
6985 0.0110674751535946
6985 0.0110674751535946
6985 0
6985 0
6985 0
6985 0.00823665114246236
6985 0.017091379740519
6985 0
6985 0
6985 0
6985 0.000350512591421565
6985 0
6985 0.000552024211124864
6985 3.62196732869273e-05
6985 0.00823665114246236
6985 0.00222320297114436
6985 0
6985 0
6985 0.304810275054428
6985 0.304810275054428
6985 0
6985 0.0434356583023993
6985 0.0434356583023993
6985 0.0434356583023993
6985 0.0051958582834332
6985 0.00823665114246236
6985 0
6985 0
6985 0.014172292979223
6985 0.014172292979223
6985 0
6985 0
6985 0.00124501887995648
6985 0.00124501887995648
6985 0.00124501887995648
6985 0.00104946796696577
6985 0.00104946796696577
6985 0.00104946796696577
6985 0.00290374136235446
7052 0.00823665114246236
7052 0.0232511857857576
7052 0.0232511857857576
7052 0.0232511857857576
7052 0.0232511857857576
7052 0
7052 0.0110674751535946
7052 0.0110674751535946
7052 0
7052 0
7052 0
7052 0.00823665114246236
7052 0.017091379740519
7052 0
7052 0
7052 0
7052 0.000350512591421565
7052 0
7052 0.000552024211124864
7052 3.62196732869273e-05
7052 0.00823665114246236
7052 0.00222320297114436
7052 0
7052 0
7052 0.304810275054428
7052 0.304810275054428
7052 0
7052 0.0434356583023993
7052 0.0434356583023993
7052 0.0434356583023993
7052 0.0051958582834332
7052 0.00823665114246236
7052 0
7052 0
7052 0.014172292979223
7052 0.014172292979223
7052 0
7052 0
7052 0.00124501887995648
7052 0.00124501887995648
7052 0.00124501887995648
7052 0.00104946796696577
7052 0.00104946796696577
7052 0.00104946796696577
7052 0.00290374136235446
7125 0.00823665114246236
7125 0.0232511857857576
7125 0.0232511857857576
7125 0.0232511857857576
7125 0.0232511857857576
7125 0
7125 0.0110674751535946
7125 0.0110674751535946
7125 0
7125 0
7125 0
7125 0.00823665114246236
7125 0.017091379740519
7125 0
7125 0
7125 0
7125 0.000350512591421565
7125 0
7125 0.000552024211124864
7125 3.62196732869273e-05
7125 0.00823665114246236
7125 0.00222320297114436
7125 0
7125 0
7125 0.304810275054428
7125 0.304810275054428
7125 0
7125 0.0434356583023993
7125 0.0434356583023993
7125 0.0434356583023993
7125 0.0051958582834332
7125 0.00823665114246236
7125 0
7125 0
7125 0.014172292979223
7125 0.014172292979223
7125 0
7125 0
7125 0.00124501887995648
7125 0.00124501887995648
7125 0.00124501887995648
7125 0.00104946796696577
7125 0.00104946796696577
7125 0.00104946796696577
7125 0.00290374136235446
7200 0.00823665114246236
7200 0.0232511857857576
7200 0.0232511857857576
7200 0.0232511857857576
7200 0.0232511857857576
7200 0
7200 0.0110674751535946
7200 0.0110674751535946
7200 0
7200 0
7200 0
7200 0.00823665114246236
7200 0.017091379740519
7200 0
7200 0
7200 0
7200 0.000350512591421565
7200 0
7200 0.000552024211124864
7200 3.62196732869273e-05
7200 0.00823665114246236
7200 0.00222320297114436
7200 0
7200 0
7200 0.304810275054428
7200 0.304810275054428
7200 0
7200 0.0434356583023993
7200 0.0434356583023993
7200 0.0434356583023993
7200 0.0051958582834332
7200 0.00823665114246236
7200 0
7200 0
7200 0.014172292979223
7200 0.014172292979223
7200 0
7200 0
7200 0.00124501887995648
7200 0.00124501887995648
7200 0.00124501887995648
7200 0.00104946796696577
7200 0.00104946796696577
7200 0.00104946796696577
7200 0.00290374136235446
7199 0.00823665114246236
7199 0.0232511857857576
7199 0.0232511857857576
7199 0.0232511857857576
7199 0.0232511857857576
7199 0
7199 0.0110674751535946
7199 0.0110674751535946
7199 0
7199 0
7199 0
7199 0.00823665114246236
7199 0.017091379740519
7199 0
7199 0
7199 0
7199 0.000350512591421565
7199 0
7199 0.000552024211124864
7199 3.62196732869273e-05
7199 0.00823665114246236
7199 0.00222320297114436
7199 0
7199 0
7199 0.304810275054428
7199 0.304810275054428
7199 0
7199 0.0434356583023993
7199 0.0434356583023993
7199 0.0434356583023993
7199 0.0051958582834332
7199 0.00823665114246236
7199 0
7199 0
7199 0.014172292979223
7199 0.014172292979223
7199 0
7199 0
7199 0.00124501887995648
7199 0.00124501887995648
7199 0.00124501887995648
7199 0.00104946796696577
7199 0.00104946796696577
7199 0.00104946796696577
7199 0.00290374136235446
