pt_graph freq
1454 0.06410335
1454 0.37324270
1454 0.42158160
1589 0.06410335
1589 0.37324270
1589 0.42158160
1879 0.14107230
1879 0.37324270
1879 0.42158160
1956 0.06410335
1956 0.37324270
1956 0.42158160
2043 0.06410335
2043 0.37324270
2043 0.42158160
2130 0.06410335
2130 0.37324270
2130 0.42158160
2276 0.06410335
2276 0.37324270
2276 0.42158160
2287 0.06410335
2287 0.37324270
2287 0.42158160
2296 0.06410335
2296 0.37324270
2296 0.42158160
2446 0.06410335
2446 0.37324270
2446 0.42158160
2510 0.06410335
2510 0.37324270
2510 0.42158160
2519 0.06410335
2519 0.37324270
2519 0.42158160
2523 0.06410335
2523 0.37324270
2523 0.42158160
2601 0.06410335
2601 0.37324270
2601 0.42158160
2607 0.06410335
2607 0.37324270
2607 0.42158160
2608 0.06410335
2608 0.37324270
2608 0.42158160
2676 0.06410335
2676 0.37324270
2676 0.42158160
2775 0.06410335
2775 0.37324270
2775 0.42158160
2849 0.06410335
2849 0.37324270
2849 0.42158160
2857 0.06410335
2857 0.37324270
2857 0.42158160
2911 0.06410335
2911 0.37324270
2911 0.42158160
2915 0.06410335
2915 0.37324270
2915 0.42158160
2926 0.06410335
2926 0.37324270
2926 0.42158160
2998 0.06410335
2998 0.37324270
2998 0.42158160
3000 0.06410335
3000 0.37324270
3000 0.42158160
3004 0.06410335
3004 0.37324270
3004 0.42158160
3085 0.06410335
3085 0.37324270
3085 0.42158160
3086 0.06410335
3086 0.37324270
3086 0.42158160
3141 0.06410335
3141 0.37324270
3141 0.42158160
3144 0.06410335
3144 0.37324270
3144 0.42158160
3145 0.06410335
3145 0.37324270
3145 0.42158160
3222 0.06410335
3222 0.37324270
3222 0.42158160
3223 0.06410335
3223 0.37324270
3223 0.42158160
3304 0.06410335
3304 0.37324270
3304 0.42158160
3403 0.06410335
3403 0.37324270
3403 0.42158160
3543 0.06410335
3543 0.37324270
3543 0.42158160
3552 0.06410335
3552 0.37324270
3552 0.42158160
3554 0.06410335
3554 0.37324270
3554 0.42158160
3564 0.14107230
3564 0.37324270
3564 0.42158160
3569 0.06410335
3569 0.37324270
3569 0.42158160
3635 0.06410335
3635 0.37324270
3635 0.42158160
3645 0.06410335
3645 0.37324270
3645 0.42158160
3649 0.06410335
3649 0.37324270
3649 0.42158160
3718 0.06410335
3718 0.37324270
3718 0.42158160
3804 0.06410335
3804 0.37324270
3804 0.42158160
3896 0.06410335
3896 0.37324270
3896 0.42158160
3919 0.06410335
3919 0.37324270
3919 0.42158160
3978 0.06410335
3978 0.37324270
3978 0.42158160
4013 0.06410335
4013 0.37324270
4013 0.42158160
4073 0.06410335
4073 0.37324270
4073 0.42158160
4271 0.06410335
4271 0.37324270
4271 0.42158160
4334 0.06410335
4334 0.37324270
4334 0.42158160
4339 0.06410335
4339 0.37324270
4339 0.42158160
4360 0.06410335
4360 0.37324270
4360 0.42158160
4439 0.06410335
4439 0.37324270
4439 0.42158160
4516 0.06410335
4516 0.37324270
4516 0.42158160
4544 0.06410335
4544 0.37324270
4544 0.42158160
4597 0.06410335
4597 0.37324270
4597 0.42158160
4635 0.06410335
4635 0.37324270
4635 0.42158160
4785 0.06410335
4785 0.37324270
4785 0.42158160
4787 0.06410335
4787 0.37324270
4787 0.42158160
4973 0.06410335
4973 0.37324270
4973 0.42158160
4980 0.06410335
4980 0.37324270
4980 0.42158160
4981 0.06410335
4981 0.37324270
4981 0.42158160
4984 0.06410335
4984 0.37324270
4984 0.42158160
5089 0.06410335
5089 0.37324270
5089 0.42158160
5145 0.06410335
5145 0.37324270
5145 0.42158160
5158 0.06410335
5158 0.37324270
5158 0.42158160
5166 0.06410335
5166 0.37324270
5166 0.42158160
5179 0.06410335
5179 0.37324270
5179 0.42158160
5181 0.06410335
5181 0.37324270
5181 0.42158160
5269 0.06410335
5269 0.37324270
5269 0.42158160
5333 0.06410335
5333 0.37324270
5333 0.42158160
5355 0.06410335
5355 0.37324270
5355 0.42158160
5418 0.06410335
5418 0.37324270
5418 0.42158160
5419 0.06410335
5419 0.37324270
5419 0.42158160
5426 0.06410335
5426 0.37324270
5426 0.42158160
5427 0.06410335
5427 0.37324270
5427 0.42158160
5429 0.06410335
5429 0.37324270
5429 0.42158160
5431 0.06410335
5431 0.37324270
5431 0.42158160
5445 0.06410335
5445 0.37324270
5445 0.42158160
5497 0.06410335
5497 0.37324270
5497 0.42158160
5505 0.06410335
5505 0.37324270
5505 0.42158160
5510 0.06410335
5510 0.37324270
5510 0.42158160
5511 0.06410335
5511 0.37324270
5511 0.42158160
5512 0.06410335
5512 0.37324270
5512 0.42158160
5513 0.06410335
5513 0.37324270
5513 0.42158160
5516 0.06410335
5516 0.37324270
5516 0.42158160
5517 0.06410335
5517 0.37324270
5517 0.42158160
5518 0.06410335
5518 0.37324270
5518 0.42158160
5527 0.06410335
5527 0.37324270
5527 0.42158160
5600 0.06410335
5600 0.37324270
5600 0.42158160
5601 0.06410335
5601 0.37324270
5601 0.42158160
5602 0.06410335
5602 0.37324270
5602 0.42158160
5605 0.06410335
5605 0.37324270
5605 0.42158160
5606 0.06410335
5606 0.37324270
5606 0.42158160
5613 0.06410335
5613 0.37324270
5613 0.42158160
5614 0.06410335
5614 0.37324270
5614 0.42158160
5615 0.06410335
5615 0.37324270
5615 0.42158160
5618 0.06410335
5618 0.37324270
5618 0.42158160
5619 0.06410335
5619 0.37324270
5619 0.42158160
5658 0.06410335
5658 0.37324270
5658 0.42158160
5675 0.06410335
5675 0.37324270
5675 0.42158160
5676 0.06410335
5676 0.37324270
5676 0.42158160
5677 0.06410335
5677 0.37324270
5677 0.42158160
5687 0.06410335
5687 0.37324270
5687 0.42158160
5688 0.06410335
5688 0.37324270
5688 0.42158160
5689 0.06410335
5689 0.37324270
5689 0.42158160
5690 0.06410335
5690 0.37324270
5690 0.42158160
5692 0.06410335
5692 0.37324270
5692 0.42158160
5694 0.06410335
5694 0.37324270
5694 0.42158160
5698 0.06410335
5698 0.37324270
5698 0.42158160
5701 0.06410335
5701 0.37324270
5701 0.42158160
5704 0.06410335
5704 0.37324270
5704 0.42158160
5706 0.06410335
5706 0.37324270
5706 0.42158160
5707 0.06410335
5707 0.37324270
5707 0.42158160
5761 0.06410335
5761 0.37324270
5761 0.42158160
5777 0.06410335
5777 0.37324270
5777 0.42158160
5778 0.06410335
5778 0.37324270
5778 0.42158160
5780 0.06410335
5780 0.37324270
5780 0.42158160
5782 0.06410335
5782 0.37324270
5782 0.42158160
5783 0.06410335
5783 0.37324270
5783 0.42158160
5784 0.06410335
5784 0.37324270
5784 0.42158160
5785 0.06410335
5785 0.37324270
5785 0.42158160
5791 0.06410335
5791 0.37324270
5791 0.42158160
5792 0.06410335
5792 0.37324270
5792 0.42158160
5794 0.06410335
5794 0.37324270
5794 0.42158160
5795 0.06410335
5795 0.37324270
5795 0.42158160
5796 0.06410335
5796 0.37324270
5796 0.42158160
5798 0.06410335
5798 0.37324270
5798 0.42158160
5842 0.06410335
5842 0.37324270
5842 0.42158160
5850 0.06410335
5850 0.37324270
5850 0.42158160
5851 0.06410335
5851 0.37324270
5851 0.42158160
5870 0.06410335
5870 0.37324270
5870 0.42158160
5872 0.06410335
5872 0.37324270
5872 0.42158160
5878 0.06410335
5878 0.37324270
5878 0.42158160
5879 0.06410335
5879 0.37324270
5879 0.42158160
5887 0.06410335
5887 0.37324270
5887 0.42158160
5946 0.06410335
5946 0.37324270
5946 0.42158160
5968 0.06410335
5968 0.37324270
5968 0.42158160
5969 0.06410335
5969 0.37324270
5969 0.42158160
5970 0.06410335
5970 0.37324270
5970 0.42158160
5975 0.06410335
5975 0.37324270
5975 0.42158160
5976 0.06410335
5976 0.37324270
5976 0.42158160
5978 0.06410335
5978 0.37324270
5978 0.42158160
5984 0.06410335
5984 0.37324270
5984 0.42158160
6043 0.06410335
6043 0.37324270
6043 0.42158160
6048 0.06410335
6048 0.37324270
6048 0.42158160
6073 0.06410335
6073 0.37324270
6073 0.42158160
6074 0.06410335
6074 0.37324270
6074 0.42158160
6078 0.06410335
6078 0.37324270
6078 0.42158160
6079 0.06410335
6079 0.37324270
6079 0.42158160
6080 0.06410335
6080 0.37324270
6080 0.42158160
6081 0.06410335
6081 0.37324270
6081 0.42158160
6088 0.06410335
6088 0.37324270
6088 0.42158160
6148 0.06410335
6148 0.37324270
6148 0.42158160
6149 0.06410335
6149 0.37324270
6149 0.42158160
6151 0.06410335
6151 0.37324270
6151 0.42158160
6156 0.06410335
6156 0.37324270
6156 0.42158160
6163 0.06410335
6163 0.37324270
6163 0.42158160
6166 0.06410335
6166 0.37324270
6166 0.42158160
6173 0.06410335
6173 0.37324270
6173 0.42158160
6174 0.06410335
6174 0.37324270
6174 0.42158160
6175 0.06410335
6175 0.37324270
6175 0.42158160
6177 0.06410335
6177 0.37324270
6177 0.42158160
6178 0.06410335
6178 0.37324270
6178 0.42158160
6179 0.06410335
6179 0.37324270
6179 0.42158160
6180 0.06410335
6180 0.37324270
6180 0.42158160
6188 0.06410335
6188 0.37324270
6188 0.42158160
6244 0.06410335
6244 0.37324270
6244 0.42158160
6267 0.06410335
6267 0.37324270
6267 0.42158160
6268 0.06410335
6268 0.37324270
6268 0.42158160
6269 0.06410335
6269 0.37324270
6269 0.42158160
6270 0.06410335
6270 0.37324270
6270 0.42158160
6271 0.06410335
6271 0.37324270
6271 0.42158160
6273 0.06410335
6273 0.37324270
6273 0.42158160
6333 0.06410335
6333 0.37324270
6333 0.42158160
6334 0.06410335
6334 0.37324270
6334 0.42158160
6335 0.06410335
6335 0.37324270
6335 0.42158160
6340 0.06410335
6340 0.37324270
6340 0.42158160
6359 0.06410335
6359 0.37324270
6359 0.42158160
6360 0.06410335
6360 0.37324270
6360 0.42158160
6361 0.06410335
6361 0.37324270
6361 0.42158160
6362 0.06410335
6362 0.37324270
6362 0.42158160
6363 0.06410335
6363 0.37324270
6363 0.42158160
6364 0.06410335
6364 0.37324270
6364 0.42158160
6425 0.06410335
6425 0.37324270
6425 0.42158160
6429 0.06410335
6429 0.37324270
6429 0.42158160
6449 0.06410335
6449 0.37324270
6449 0.42158160
6450 0.06410335
6450 0.37324270
6450 0.42158160
6452 0.06410335
6452 0.37324270
6452 0.42158160
6453 0.06410335
6453 0.37324270
6453 0.42158160
6455 0.06410335
6455 0.37324270
6455 0.42158160
6513 0.06410335
6513 0.37324270
6513 0.42158160
6535 0.06410335
6535 0.37324270
6535 0.42158160
6536 0.06410335
6536 0.37324270
6536 0.42158160
6538 0.06410335
6538 0.37324270
6538 0.42158160
6540 0.06410335
6540 0.37324270
6540 0.42158160
6682 0.06410335
6682 0.37324270
6682 0.42158160
6685 0.06410335
6685 0.37324270
6685 0.42158160
6704 0.06410335
6704 0.37324270
6704 0.42158160
6848 0.06410335
6848 0.37324270
6848 0.42158160
6851 0.06410335
6851 0.37324270
6851 0.42158160
6917 0.06410335
6917 0.37324270
6917 0.42158160
6985 0.06410335
6985 0.37324270
6985 0.42158160
7048 0.06410335
7048 0.37324270
7048 0.42158160
7052 0.06410335
7052 0.37324270
7052 0.42158160
7053 0.06410335
7053 0.37324270
7053 0.42158160
7055 0.06410335
7055 0.37324270
7055 0.42158160
7057 0.06410335
7057 0.37324270
7057 0.42158160
7122 0.06410335
7122 0.37324270
7122 0.42158160
7125 0.06410335
7125 0.37324270
7125 0.42158160
7126 0.06410335
7126 0.37324270
7126 0.42158160
7197 0.06410335
7197 0.37324270
7197 0.42158160
7199 0.06410335
7199 0.37324270
7199 0.42158160
7200 0.06410335
7200 0.37324270
7200 0.42158160
7262 0.06410335
7262 0.37324270
7262 0.42158160
7269 0.06410335
7269 0.37324270
7269 0.42158160
9901 0.06410335
9901 0.37324270
9901 0.42158160
10000 0.14107230
10000 0.37324270
10000 0.42158160
