pt_graph shape
3085 1
3085 1
3085 1
3085 1
3085 1
3085 1
3085 1
3085 1
3085 1
3085 1
3085 1
3085 1
3085 1
3085 1
3085 1
3085 1
3085 1
3085 1
3085 1
3085 1
3085 1
3085 1
3085 1
3085 1
3085 1
3085 1
3085 1
3085 1
3085 1
3085 1
3085 1
3085 1
3085 1
3085 1
3085 1
3085 1
3085 1
3085 1
3085 1
3085 1
3085 1
3085 1
3085 1
3085 1
3085 1
3156 1
3156 1
3156 1
3156 1
3156 1
3156 1
3156 1
3156 1
3156 1
3156 1
3156 1
3156 1
3156 1
3156 1
3156 1
3156 1
3156 1
3156 1
3156 1
3156 1
3156 1
3156 1
3156 1
3156 1
3156 1
3156 1
3156 1
3156 1
3156 1
3156 1
3156 1
3156 1
3156 1
3156 1
3156 1
3156 1
3156 1
3156 1
3156 1
3156 1
3156 1
3156 1
3156 1
3156 1
3156 1
3810 1
3810 1
3810 1
3810 1
3810 1
3810 1
3810 1
3810 1
3810 1
3810 1
3810 1
3810 1
3810 1
3810 1
3810 1
3810 1
3810 1
3810 1
3810 1
3810 1
3810 1
3810 1
3810 1
3810 1
3810 1
3810 1
3810 1
3810 1
3810 1
3810 1
3810 1
3810 1
3810 1
3810 1
3810 1
3810 1
3810 1
3810 1
3810 1
3810 1
3810 1
3810 1
3810 1
3810 1
3810 1
4269 1
4269 1
4269 1
4269 1
4269 1
4269 1
4269 1
4269 1
4269 1
4269 1
4269 1
4269 1
4269 1
4269 1
4269 1
4269 1
4269 1
4269 1
4269 1
4269 1
4269 1
4269 1
4269 1
4269 1
4269 1
4269 1
4269 1
4269 1
4269 1
4269 1
4269 1
4269 1
4269 1
4269 1
4269 1
4269 1
4269 1
4269 1
4269 1
4269 1
4269 1
4269 1
4269 1
4269 1
4269 1
4544 1
4544 1
4544 1
4544 1
4544 1
4544 1
4544 1
4544 1
4544 1
4544 1
4544 1
4544 1
4544 1
4544 1
4544 1
4544 1
4544 1
4544 1
4544 1
4544 1
4544 1
4544 1
4544 1
4544 1
4544 1
4544 1
4544 1
4544 1
4544 1
4544 1
4544 1
4544 1
4544 1
4544 1
4544 1
4544 1
4544 1
4544 1
4544 1
4544 1
4544 1
4544 1
4544 1
4544 1
4544 1
4529 1
4529 1
4529 1
4529 1
4529 1
4529 1
4529 1
4529 1
4529 1
4529 1
4529 1
4529 1
4529 1
4529 1
4529 1
4529 1
4529 1
4529 1
4529 1
4529 1
4529 1
4529 1
4529 1
4529 1
4529 1
4529 1
4529 1
4529 1
4529 1
4529 1
4529 1
4529 1
4529 1
4529 1
4529 1
4529 1
4529 1
4529 1
4529 1
4529 1
4529 1
4529 1
4529 1
4529 1
4529 1
4914 1
4914 1
4914 1
4914 1
4914 1
4914 1
4914 1
4914 1
4914 1
4914 1
4914 1
4914 1
4914 1
4914 1
4914 1
4914 1
4914 1
4914 1
4914 1
4914 1
4914 1
4914 1
4914 1
4914 1
4914 1
4914 1
4914 1
4914 1
4914 1
4914 1
4914 1
4914 1
4914 1
4914 1
4914 1
4914 1
4914 1
4914 1
4914 1
4914 1
4914 1
4914 1
4914 1
4914 1
4914 1
4911 1
4911 1
4911 1
4911 1
4911 1
4911 1
4911 1
4911 1
4911 1
4911 1
4911 1
4911 1
4911 1
4911 1
4911 1
4911 1
4911 1
4911 1
4911 1
4911 1
4911 1
4911 1
4911 1
4911 1
4911 1
4911 1
4911 1
4911 1
4911 1
4911 1
4911 1
4911 1
4911 1
4911 1
4911 1
4911 1
4911 1
4911 1
4911 1
4911 1
4911 1
4911 1
4911 1
4911 1
4911 1
4711 1
4711 1
4711 1
4711 1
4711 1
4711 1
4711 1
4711 1
4711 1
4711 1
4711 1
4711 1
4711 1
4711 1
4711 1
4711 1
4711 1
4711 1
4711 1
4711 1
4711 1
4711 1
4711 1
4711 1
4711 1
4711 1
4711 1
4711 1
4711 1
4711 1
4711 1
4711 1
4711 1
4711 1
4711 1
4711 1
4711 1
4711 1
4711 1
4711 1
4711 1
4711 1
4711 1
4711 1
4711 1
4795 1
4795 1
4795 1
4795 1
4795 1
4795 1
4795 1
4795 1
4795 1
4795 1
4795 1
4795 1
4795 1
4795 1
4795 1
4795 1
4795 1
4795 1
4795 1
4795 1
4795 1
4795 1
4795 1
4795 1
4795 1
4795 1
4795 1
4795 1
4795 1
4795 1
4795 1
4795 1
4795 1
4795 1
4795 1
4795 1
4795 1
4795 1
4795 1
4795 1
4795 1
4795 1
4795 1
4795 1
4795 1
4890 1
4890 1
4890 1
4890 1
4890 1
4890 1
4890 1
4890 1
4890 1
4890 1
4890 1
4890 1
4890 1
4890 1
4890 1
4890 1
4890 1
4890 1
4890 1
4890 1
4890 1
4890 1
4890 1
4890 1
4890 1
4890 1
4890 1
4890 1
4890 1
4890 1
4890 1
4890 1
4890 1
4890 1
4890 1
4890 1
4890 1
4890 1
4890 1
4890 1
4890 1
4890 1
4890 1
4890 1
4890 1
4988 1
4988 1
4988 1
4988 1
4988 1
4988 1
4988 1
4988 1
4988 1
4988 1
4988 1
4988 1
4988 1
4988 1
4988 1
4988 1
4988 1
4988 1
4988 1
4988 1
4988 1
4988 1
4988 1
4988 1
4988 1
4988 1
4988 1
4988 1
4988 1
4988 1
4988 1
4988 1
4988 1
4988 1
4988 1
4988 1
4988 1
4988 1
4988 1
4988 1
4988 1
4988 1
4988 1
4988 1
4988 1
4981 1
4981 1
4981 1
4981 1
4981 1
4981 1
4981 1
4981 1
4981 1
4981 1
4981 1
4981 1
4981 1
4981 1
4981 1
4981 1
4981 1
4981 1
4981 1
4981 1
4981 1
4981 1
4981 1
4981 1
4981 1
4981 1
4981 1
4981 1
4981 1
4981 1
4981 1
4981 1
4981 1
4981 1
4981 1
4981 1
4981 1
4981 1
4981 1
4981 1
4981 1
4981 1
4981 1
4981 1
4981 1
4980 1
4980 1
4980 1
4980 1
4980 1
4980 1
4980 1
4980 1
4980 1
4980 1
4980 1
4980 1
4980 1
4980 1
4980 1
4980 1
4980 1
4980 1
4980 1
4980 1
4980 1
4980 1
4980 1
4980 1
4980 1
4980 1
4980 1
4980 1
4980 1
4980 1
4980 1
4980 1
4980 1
4980 1
4980 1
4980 1
4980 1
4980 1
4980 1
4980 1
4980 1
4980 1
4980 1
4980 1
4980 1
4975 1
4975 1
4975 1
4975 1
4975 1
4975 1
4975 1
4975 1
4975 1
4975 1
4975 1
4975 1
4975 1
4975 1
4975 1
4975 1
4975 1
4975 1
4975 1
4975 1
4975 1
4975 1
4975 1
4975 1
4975 1
4975 1
4975 1
4975 1
4975 1
4975 1
4975 1
4975 1
4975 1
4975 1
4975 1
4975 1
4975 1
4975 1
4975 1
4975 1
4975 1
4975 1
4975 1
4975 1
4975 1
5359 1
5359 1
5359 1
5359 1
5359 1
5359 1
5359 1
5359 1
5359 1
5359 1
5359 1
5359 1
5359 1
5359 1
5359 1
5359 1
5359 1
5359 1
5359 1
5359 1
5359 1
5359 1
5359 1
5359 1
5359 1
5359 1
5359 1
5359 1
5359 1
5359 1
5359 1
5359 1
5359 1
5359 1
5359 1
5359 1
5359 1
5359 1
5359 1
5359 1
5359 1
5359 1
5359 1
5359 1
5359 1
5059 1
5059 1
5059 1
5059 1
5059 1
5059 1
5059 1
5059 1
5059 1
5059 1
5059 1
5059 1
5059 1
5059 1
5059 1
5059 1
5059 1
5059 1
5059 1
5059 1
5059 1
5059 1
5059 1
5059 1
5059 1
5059 1
5059 1
5059 1
5059 1
5059 1
5059 1
5059 1
5059 1
5059 1
5059 1
5059 1
5059 1
5059 1
5059 1
5059 1
5059 1
5059 1
5059 1
5059 1
5059 1
5355 1
5355 1
5355 1
5355 1
5355 1
5355 1
5355 1
5355 1
5355 1
5355 1
5355 1
5355 1
5355 1
5355 1
5355 1
5355 1
5355 1
5355 1
5355 1
5355 1
5355 1
5355 1
5355 1
5355 1
5355 1
5355 1
5355 1
5355 1
5355 1
5355 1
5355 1
5355 1
5355 1
5355 1
5355 1
5355 1
5355 1
5355 1
5355 1
5355 1
5355 1
5355 1
5355 1
5355 1
5355 1
5246 1
5246 1
5246 1
5246 1
5246 1
5246 1
5246 1
5246 1
5246 1
5246 1
5246 1
5246 1
5246 1
5246 1
5246 1
5246 1
5246 1
5246 1
5246 1
5246 1
5246 1
5246 1
5246 1
5246 1
5246 1
5246 1
5246 1
5246 1
5246 1
5246 1
5246 1
5246 1
5246 1
5246 1
5246 1
5246 1
5246 1
5246 1
5246 1
5246 1
5246 1
5246 1
5246 1
5246 1
5246 1
5339 1
5339 1
5339 1
5339 1
5339 1
5339 1
5339 1
5339 1
5339 1
5339 1
5339 1
5339 1
5339 1
5339 1
5339 1
5339 1
5339 1
5339 1
5339 1
5339 1
5339 1
5339 1
5339 1
5339 1
5339 1
5339 1
5339 1
5339 1
5339 1
5339 1
5339 1
5339 1
5339 1
5339 1
5339 1
5339 1
5339 1
5339 1
5339 1
5339 1
5339 1
5339 1
5339 1
5339 1
5339 1
5337 1
5337 1
5337 1
5337 1
5337 1
5337 1
5337 1
5337 1
5337 1
5337 1
5337 1
5337 1
5337 1
5337 1
5337 1
5337 1
5337 1
5337 1
5337 1
5337 1
5337 1
5337 1
5337 1
5337 1
5337 1
5337 1
5337 1
5337 1
5337 1
5337 1
5337 1
5337 1
5337 1
5337 1
5337 1
5337 1
5337 1
5337 1
5337 1
5337 1
5337 1
5337 1
5337 1
5337 1
5337 1
5435 1
5435 1
5435 1
5435 1
5435 1
5435 1
5435 1
5435 1
5435 1
5435 1
5435 1
5435 1
5435 1
5435 1
5435 1
5435 1
5435 1
5435 1
5435 1
5435 1
5435 1
5435 1
5435 1
5435 1
5435 1
5435 1
5435 1
5435 1
5435 1
5435 1
5435 1
5435 1
5435 1
5435 1
5435 1
5435 1
5435 1
5435 1
5435 1
5435 1
5435 1
5435 1
5435 1
5435 1
5435 1
5325 1
5325 1
5325 1
5325 1
5325 1
5325 1
5325 1
5325 1
5325 1
5325 1
5325 1
5325 1
5325 1
5325 1
5325 1
5325 1
5325 1
5325 1
5325 1
5325 1
5325 1
5325 1
5325 1
5325 1
5325 1
5325 1
5325 1
5325 1
5325 1
5325 1
5325 1
5325 1
5325 1
5325 1
5325 1
5325 1
5325 1
5325 1
5325 1
5325 1
5325 1
5325 1
5325 1
5325 1
5325 1
5430 1
5430 1
5430 1
5430 1
5430 1
5430 1
5430 1
5430 1
5430 1
5430 1
5430 1
5430 1
5430 1
5430 1
5430 1
5430 1
5430 1
5430 1
5430 1
5430 1
5430 1
5430 1
5430 1
5430 1
5430 1
5430 1
5430 1
5430 1
5430 1
5430 1
5430 1
5430 1
5430 1
5430 1
5430 1
5430 1
5430 1
5430 1
5430 1
5430 1
5430 1
5430 1
5430 1
5430 1
5430 1
5426 1
5426 1
5426 1
5426 1
5426 1
5426 1
5426 1
5426 1
5426 1
5426 1
5426 1
5426 1
5426 1
5426 1
5426 1
5426 1
5426 1
5426 1
5426 1
5426 1
5426 1
5426 1
5426 1
5426 1
5426 1
5426 1
5426 1
5426 1
5426 1
5426 1
5426 1
5426 1
5426 1
5426 1
5426 1
5426 1
5426 1
5426 1
5426 1
5426 1
5426 1
5426 1
5426 1
5426 1
5426 1
5618 1
5618 1
5618 1
5618 1
5618 1
5618 1
5618 1
5618 1
5618 1
5618 1
5618 1
5618 1
5618 1
5618 1
5618 1
5618 1
5618 1
5618 1
5618 1
5618 1
5618 1
5618 1
5618 1
5618 1
5618 1
5618 1
5618 1
5618 1
5618 1
5618 1
5618 1
5618 1
5618 1
5618 1
5618 1
5618 1
5618 1
5618 1
5618 1
5618 1
5618 1
5618 1
5618 1
5618 1
5618 1
5425 1
5425 1
5425 1
5425 1
5425 1
5425 1
5425 1
5425 1
5425 1
5425 1
5425 1
5425 1
5425 1
5425 1
5425 1
5425 1
5425 1
5425 1
5425 1
5425 1
5425 1
5425 1
5425 1
5425 1
5425 1
5425 1
5425 1
5425 1
5425 1
5425 1
5425 1
5425 1
5425 1
5425 1
5425 1
5425 1
5425 1
5425 1
5425 1
5425 1
5425 1
5425 1
5425 1
5425 1
5425 1
5421 1
5421 1
5421 1
5421 1
5421 1
5421 1
5421 1
5421 1
5421 1
5421 1
5421 1
5421 1
5421 1
5421 1
5421 1
5421 1
5421 1
5421 1
5421 1
5421 1
5421 1
5421 1
5421 1
5421 1
5421 1
5421 1
5421 1
5421 1
5421 1
5421 1
5421 1
5421 1
5421 1
5421 1
5421 1
5421 1
5421 1
5421 1
5421 1
5421 1
5421 1
5421 1
5421 1
5421 1
5421 1
5615 1
5615 1
5615 1
5615 1
5615 1
5615 1
5615 1
5615 1
5615 1
5615 1
5615 1
5615 1
5615 1
5615 1
5615 1
5615 1
5615 1
5615 1
5615 1
5615 1
5615 1
5615 1
5615 1
5615 1
5615 1
5615 1
5615 1
5615 1
5615 1
5615 1
5615 1
5615 1
5615 1
5615 1
5615 1
5615 1
5615 1
5615 1
5615 1
5615 1
5615 1
5615 1
5615 1
5615 1
5615 1
5419 1
5419 1
5419 1
5419 1
5419 1
5419 1
5419 1
5419 1
5419 1
5419 1
5419 1
5419 1
5419 1
5419 1
5419 1
5419 1
5419 1
5419 1
5419 1
5419 1
5419 1
5419 1
5419 1
5419 1
5419 1
5419 1
5419 1
5419 1
5419 1
5419 1
5419 1
5419 1
5419 1
5419 1
5419 1
5419 1
5419 1
5419 1
5419 1
5419 1
5419 1
5419 1
5419 1
5419 1
5419 1
5614 1
5614 1
5614 1
5614 1
5614 1
5614 1
5614 1
5614 1
5614 1
5614 1
5614 1
5614 1
5614 1
5614 1
5614 1
5614 1
5614 1
5614 1
5614 1
5614 1
5614 1
5614 1
5614 1
5614 1
5614 1
5614 1
5614 1
5614 1
5614 1
5614 1
5614 1
5614 1
5614 1
5614 1
5614 1
5614 1
5614 1
5614 1
5614 1
5614 1
5614 1
5614 1
5614 1
5614 1
5614 1
5518 1
5518 1
5518 1
5518 1
5518 1
5518 1
5518 1
5518 1
5518 1
5518 1
5518 1
5518 1
5518 1
5518 1
5518 1
5518 1
5518 1
5518 1
5518 1
5518 1
5518 1
5518 1
5518 1
5518 1
5518 1
5518 1
5518 1
5518 1
5518 1
5518 1
5518 1
5518 1
5518 1
5518 1
5518 1
5518 1
5518 1
5518 1
5518 1
5518 1
5518 1
5518 1
5518 1
5518 1
5518 1
5517 1
5517 1
5517 1
5517 1
5517 1
5517 1
5517 1
5517 1
5517 1
5517 1
5517 1
5517 1
5517 1
5517 1
5517 1
5517 1
5517 1
5517 1
5517 1
5517 1
5517 1
5517 1
5517 1
5517 1
5517 1
5517 1
5517 1
5517 1
5517 1
5517 1
5517 1
5517 1
5517 1
5517 1
5517 1
5517 1
5517 1
5517 1
5517 1
5517 1
5517 1
5517 1
5517 1
5517 1
5517 1
5513 1
5513 1
5513 1
5513 1
5513 1
5513 1
5513 1
5513 1
5513 1
5513 1
5513 1
5513 1
5513 1
5513 1
5513 1
5513 1
5513 1
5513 1
5513 1
5513 1
5513 1
5513 1
5513 1
5513 1
5513 1
5513 1
5513 1
5513 1
5513 1
5513 1
5513 1
5513 1
5513 1
5513 1
5513 1
5513 1
5513 1
5513 1
5513 1
5513 1
5513 1
5513 1
5513 1
5513 1
5513 1
5511 1
5511 1
5511 1
5511 1
5511 1
5511 1
5511 1
5511 1
5511 1
5511 1
5511 1
5511 1
5511 1
5511 1
5511 1
5511 1
5511 1
5511 1
5511 1
5511 1
5511 1
5511 1
5511 1
5511 1
5511 1
5511 1
5511 1
5511 1
5511 1
5511 1
5511 1
5511 1
5511 1
5511 1
5511 1
5511 1
5511 1
5511 1
5511 1
5511 1
5511 1
5511 1
5511 1
5511 1
5511 1
5609 1
5609 1
5609 1
5609 1
5609 1
5609 1
5609 1
5609 1
5609 1
5609 1
5609 1
5609 1
5609 1
5609 1
5609 1
5609 1
5609 1
5609 1
5609 1
5609 1
5609 1
5609 1
5609 1
5609 1
5609 1
5609 1
5609 1
5609 1
5609 1
5609 1
5609 1
5609 1
5609 1
5609 1
5609 1
5609 1
5609 1
5609 1
5609 1
5609 1
5609 1
5609 1
5609 1
5609 1
5609 1
5701 1
5701 1
5701 1
5701 1
5701 1
5701 1
5701 1
5701 1
5701 1
5701 1
5701 1
5701 1
5701 1
5701 1
5701 1
5701 1
5701 1
5701 1
5701 1
5701 1
5701 1
5701 1
5701 1
5701 1
5701 1
5701 1
5701 1
5701 1
5701 1
5701 1
5701 1
5701 1
5701 1
5701 1
5701 1
5701 1
5701 1
5701 1
5701 1
5701 1
5701 1
5701 1
5701 1
5701 1
5701 1
5606 1
5606 1
5606 1
5606 1
5606 1
5606 1
5606 1
5606 1
5606 1
5606 1
5606 1
5606 1
5606 1
5606 1
5606 1
5606 1
5606 1
5606 1
5606 1
5606 1
5606 1
5606 1
5606 1
5606 1
5606 1
5606 1
5606 1
5606 1
5606 1
5606 1
5606 1
5606 1
5606 1
5606 1
5606 1
5606 1
5606 1
5606 1
5606 1
5606 1
5606 1
5606 1
5606 1
5606 1
5606 1
5602 1
5602 1
5602 1
5602 1
5602 1
5602 1
5602 1
5602 1
5602 1
5602 1
5602 1
5602 1
5602 1
5602 1
5602 1
5602 1
5602 1
5602 1
5602 1
5602 1
5602 1
5602 1
5602 1
5602 1
5602 1
5602 1
5602 1
5602 1
5602 1
5602 1
5602 1
5602 1
5602 1
5602 1
5602 1
5602 1
5602 1
5602 1
5602 1
5602 1
5602 1
5602 1
5602 1
5602 1
5602 1
5601 1
5601 1
5601 1
5601 1
5601 1
5601 1
5601 1
5601 1
5601 1
5601 1
5601 1
5601 1
5601 1
5601 1
5601 1
5601 1
5601 1
5601 1
5601 1
5601 1
5601 1
5601 1
5601 1
5601 1
5601 1
5601 1
5601 1
5601 1
5601 1
5601 1
5601 1
5601 1
5601 1
5601 1
5601 1
5601 1
5601 1
5601 1
5601 1
5601 1
5601 1
5601 1
5601 1
5601 1
5601 1
5600 1
5600 1
5600 1
5600 1
5600 1
5600 1
5600 1
5600 1
5600 1
5600 1
5600 1
5600 1
5600 1
5600 1
5600 1
5600 1
5600 1
5600 1
5600 1
5600 1
5600 1
5600 1
5600 1
5600 1
5600 1
5600 1
5600 1
5600 1
5600 1
5600 1
5600 1
5600 1
5600 1
5600 1
5600 1
5600 1
5600 1
5600 1
5600 1
5600 1
5600 1
5600 1
5600 1
5600 1
5600 1
5694 1
5694 1
5694 1
5694 1
5694 1
5694 1
5694 1
5694 1
5694 1
5694 1
5694 1
5694 1
5694 1
5694 1
5694 1
5694 1
5694 1
5694 1
5694 1
5694 1
5694 1
5694 1
5694 1
5694 1
5694 1
5694 1
5694 1
5694 1
5694 1
5694 1
5694 1
5694 1
5694 1
5694 1
5694 1
5694 1
5694 1
5694 1
5694 1
5694 1
5694 1
5694 1
5694 1
5694 1
5694 1
5790 1
5790 1
5790 1
5790 1
5790 1
5790 1
5790 1
5790 1
5790 1
5790 1
5790 1
5790 1
5790 1
5790 1
5790 1
5790 1
5790 1
5790 1
5790 1
5790 1
5790 1
5790 1
5790 1
5790 1
5790 1
5790 1
5790 1
5790 1
5790 1
5790 1
5790 1
5790 1
5790 1
5790 1
5790 1
5790 1
5790 1
5790 1
5790 1
5790 1
5790 1
5790 1
5790 1
5790 1
5790 1
5690 1
5690 1
5690 1
5690 1
5690 1
5690 1
5690 1
5690 1
5690 1
5690 1
5690 1
5690 1
5690 1
5690 1
5690 1
5690 1
5690 1
5690 1
5690 1
5690 1
5690 1
5690 1
5690 1
5690 1
5690 1
5690 1
5690 1
5690 1
5690 1
5690 1
5690 1
5690 1
5690 1
5690 1
5690 1
5690 1
5690 1
5690 1
5690 1
5690 1
5690 1
5690 1
5690 1
5690 1
5690 1
5689 1
5689 1
5689 1
5689 1
5689 1
5689 1
5689 1
5689 1
5689 1
5689 1
5689 1
5689 1
5689 1
5689 1
5689 1
5689 1
5689 1
5689 1
5689 1
5689 1
5689 1
5689 1
5689 1
5689 1
5689 1
5689 1
5689 1
5689 1
5689 1
5689 1
5689 1
5689 1
5689 1
5689 1
5689 1
5689 1
5689 1
5689 1
5689 1
5689 1
5689 1
5689 1
5689 1
5689 1
5689 1
5887 1
5887 1
5887 1
5887 1
5887 1
5887 1
5887 1
5887 1
5887 1
5887 1
5887 1
5887 1
5887 1
5887 1
5887 1
5887 1
5887 1
5887 1
5887 1
5887 1
5887 1
5887 1
5887 1
5887 1
5887 1
5887 1
5887 1
5887 1
5887 1
5887 1
5887 1
5887 1
5887 1
5887 1
5887 1
5887 1
5887 1
5887 1
5887 1
5887 1
5887 1
5887 1
5887 1
5887 1
5887 1
5677 1
5677 1
5677 1
5677 1
5677 1
5677 1
5677 1
5677 1
5677 1
5677 1
5677 1
5677 1
5677 1
5677 1
5677 1
5677 1
5677 1
5677 1
5677 1
5677 1
5677 1
5677 1
5677 1
5677 1
5677 1
5677 1
5677 1
5677 1
5677 1
5677 1
5677 1
5677 1
5677 1
5677 1
5677 1
5677 1
5677 1
5677 1
5677 1
5677 1
5677 1
5677 1
5677 1
5677 1
5677 1
5676 1
5676 1
5676 1
5676 1
5676 1
5676 1
5676 1
5676 1
5676 1
5676 1
5676 1
5676 1
5676 1
5676 1
5676 1
5676 1
5676 1
5676 1
5676 1
5676 1
5676 1
5676 1
5676 1
5676 1
5676 1
5676 1
5676 1
5676 1
5676 1
5676 1
5676 1
5676 1
5676 1
5676 1
5676 1
5676 1
5676 1
5676 1
5676 1
5676 1
5676 1
5676 1
5676 1
5676 1
5676 1
5675 1
5675 1
5675 1
5675 1
5675 1
5675 1
5675 1
5675 1
5675 1
5675 1
5675 1
5675 1
5675 1
5675 1
5675 1
5675 1
5675 1
5675 1
5675 1
5675 1
5675 1
5675 1
5675 1
5675 1
5675 1
5675 1
5675 1
5675 1
5675 1
5675 1
5675 1
5675 1
5675 1
5675 1
5675 1
5675 1
5675 1
5675 1
5675 1
5675 1
5675 1
5675 1
5675 1
5675 1
5675 1
5882 1
5882 1
5882 1
5882 1
5882 1
5882 1
5882 1
5882 1
5882 1
5882 1
5882 1
5882 1
5882 1
5882 1
5882 1
5882 1
5882 1
5882 1
5882 1
5882 1
5882 1
5882 1
5882 1
5882 1
5882 1
5882 1
5882 1
5882 1
5882 1
5882 1
5882 1
5882 1
5882 1
5882 1
5882 1
5882 1
5882 1
5882 1
5882 1
5882 1
5882 1
5882 1
5882 1
5882 1
5882 1
5673 1
5673 1
5673 1
5673 1
5673 1
5673 1
5673 1
5673 1
5673 1
5673 1
5673 1
5673 1
5673 1
5673 1
5673 1
5673 1
5673 1
5673 1
5673 1
5673 1
5673 1
5673 1
5673 1
5673 1
5673 1
5673 1
5673 1
5673 1
5673 1
5673 1
5673 1
5673 1
5673 1
5673 1
5673 1
5673 1
5673 1
5673 1
5673 1
5673 1
5673 1
5673 1
5673 1
5673 1
5673 1
5671 1
5671 1
5671 1
5671 1
5671 1
5671 1
5671 1
5671 1
5671 1
5671 1
5671 1
5671 1
5671 1
5671 1
5671 1
5671 1
5671 1
5671 1
5671 1
5671 1
5671 1
5671 1
5671 1
5671 1
5671 1
5671 1
5671 1
5671 1
5671 1
5671 1
5671 1
5671 1
5671 1
5671 1
5671 1
5671 1
5671 1
5671 1
5671 1
5671 1
5671 1
5671 1
5671 1
5671 1
5671 1
5780 1
5780 1
5780 1
5780 1
5780 1
5780 1
5780 1
5780 1
5780 1
5780 1
5780 1
5780 1
5780 1
5780 1
5780 1
5780 1
5780 1
5780 1
5780 1
5780 1
5780 1
5780 1
5780 1
5780 1
5780 1
5780 1
5780 1
5780 1
5780 1
5780 1
5780 1
5780 1
5780 1
5780 1
5780 1
5780 1
5780 1
5780 1
5780 1
5780 1
5780 1
5780 1
5780 1
5780 1
5780 1
5778 1
5778 1
5778 1
5778 1
5778 1
5778 1
5778 1
5778 1
5778 1
5778 1
5778 1
5778 1
5778 1
5778 1
5778 1
5778 1
5778 1
5778 1
5778 1
5778 1
5778 1
5778 1
5778 1
5778 1
5778 1
5778 1
5778 1
5778 1
5778 1
5778 1
5778 1
5778 1
5778 1
5778 1
5778 1
5778 1
5778 1
5778 1
5778 1
5778 1
5778 1
5778 1
5778 1
5778 1
5778 1
5879 1
5879 1
5879 1
5879 1
5879 1
5879 1
5879 1
5879 1
5879 1
5879 1
5879 1
5879 1
5879 1
5879 1
5879 1
5879 1
5879 1
5879 1
5879 1
5879 1
5879 1
5879 1
5879 1
5879 1
5879 1
5879 1
5879 1
5879 1
5879 1
5879 1
5879 1
5879 1
5879 1
5879 1
5879 1
5879 1
5879 1
5879 1
5879 1
5879 1
5879 1
5879 1
5879 1
5879 1
5879 1
5878 1
5878 1
5878 1
5878 1
5878 1
5878 1
5878 1
5878 1
5878 1
5878 1
5878 1
5878 1
5878 1
5878 1
5878 1
5878 1
5878 1
5878 1
5878 1
5878 1
5878 1
5878 1
5878 1
5878 1
5878 1
5878 1
5878 1
5878 1
5878 1
5878 1
5878 1
5878 1
5878 1
5878 1
5878 1
5878 1
5878 1
5878 1
5878 1
5878 1
5878 1
5878 1
5878 1
5878 1
5878 1
5984 1
5984 1
5984 1
5984 1
5984 1
5984 1
5984 1
5984 1
5984 1
5984 1
5984 1
5984 1
5984 1
5984 1
5984 1
5984 1
5984 1
5984 1
5984 1
5984 1
5984 1
5984 1
5984 1
5984 1
5984 1
5984 1
5984 1
5984 1
5984 1
5984 1
5984 1
5984 1
5984 1
5984 1
5984 1
5984 1
5984 1
5984 1
5984 1
5984 1
5984 1
5984 1
5984 1
5984 1
5984 1
5771 1
5771 1
5771 1
5771 1
5771 1
5771 1
5771 1
5771 1
5771 1
5771 1
5771 1
5771 1
5771 1
5771 1
5771 1
5771 1
5771 1
5771 1
5771 1
5771 1
5771 1
5771 1
5771 1
5771 1
5771 1
5771 1
5771 1
5771 1
5771 1
5771 1
5771 1
5771 1
5771 1
5771 1
5771 1
5771 1
5771 1
5771 1
5771 1
5771 1
5771 1
5771 1
5771 1
5771 1
5771 1
5761 1
5761 1
5761 1
5761 1
5761 1
5761 1
5761 1
5761 1
5761 1
5761 1
5761 1
5761 1
5761 1
5761 1
5761 1
5761 1
5761 1
5761 1
5761 1
5761 1
5761 1
5761 1
5761 1
5761 1
5761 1
5761 1
5761 1
5761 1
5761 1
5761 1
5761 1
5761 1
5761 1
5761 1
5761 1
5761 1
5761 1
5761 1
5761 1
5761 1
5761 1
5761 1
5761 1
5761 1
5761 1
5870 1
5870 1
5870 1
5870 1
5870 1
5870 1
5870 1
5870 1
5870 1
5870 1
5870 1
5870 1
5870 1
5870 1
5870 1
5870 1
5870 1
5870 1
5870 1
5870 1
5870 1
5870 1
5870 1
5870 1
5870 1
5870 1
5870 1
5870 1
5870 1
5870 1
5870 1
5870 1
5870 1
5870 1
5870 1
5870 1
5870 1
5870 1
5870 1
5870 1
5870 1
5870 1
5870 1
5870 1
5870 1
5976 1
5976 1
5976 1
5976 1
5976 1
5976 1
5976 1
5976 1
5976 1
5976 1
5976 1
5976 1
5976 1
5976 1
5976 1
5976 1
5976 1
5976 1
5976 1
5976 1
5976 1
5976 1
5976 1
5976 1
5976 1
5976 1
5976 1
5976 1
5976 1
5976 1
5976 1
5976 1
5976 1
5976 1
5976 1
5976 1
5976 1
5976 1
5976 1
5976 1
5976 1
5976 1
5976 1
5976 1
5976 1
5856 1
5856 1
5856 1
5856 1
5856 1
5856 1
5856 1
5856 1
5856 1
5856 1
5856 1
5856 1
5856 1
5856 1
5856 1
5856 1
5856 1
5856 1
5856 1
5856 1
5856 1
5856 1
5856 1
5856 1
5856 1
5856 1
5856 1
5856 1
5856 1
5856 1
5856 1
5856 1
5856 1
5856 1
5856 1
5856 1
5856 1
5856 1
5856 1
5856 1
5856 1
5856 1
5856 1
5856 1
5856 1
5969 1
5969 1
5969 1
5969 1
5969 1
5969 1
5969 1
5969 1
5969 1
5969 1
5969 1
5969 1
5969 1
5969 1
5969 1
5969 1
5969 1
5969 1
5969 1
5969 1
5969 1
5969 1
5969 1
5969 1
5969 1
5969 1
5969 1
5969 1
5969 1
5969 1
5969 1
5969 1
5969 1
5969 1
5969 1
5969 1
5969 1
5969 1
5969 1
5969 1
5969 1
5969 1
5969 1
5969 1
5969 1
6083 1
6083 1
6083 1
6083 1
6083 1
6083 1
6083 1
6083 1
6083 1
6083 1
6083 1
6083 1
6083 1
6083 1
6083 1
6083 1
6083 1
6083 1
6083 1
6083 1
6083 1
6083 1
6083 1
6083 1
6083 1
6083 1
6083 1
6083 1
6083 1
6083 1
6083 1
6083 1
6083 1
6083 1
6083 1
6083 1
6083 1
6083 1
6083 1
6083 1
6083 1
6083 1
6083 1
6083 1
6083 1
5851 1
5851 1
5851 1
5851 1
5851 1
5851 1
5851 1
5851 1
5851 1
5851 1
5851 1
5851 1
5851 1
5851 1
5851 1
5851 1
5851 1
5851 1
5851 1
5851 1
5851 1
5851 1
5851 1
5851 1
5851 1
5851 1
5851 1
5851 1
5851 1
5851 1
5851 1
5851 1
5851 1
5851 1
5851 1
5851 1
5851 1
5851 1
5851 1
5851 1
5851 1
5851 1
5851 1
5851 1
5851 1
5850 1
5850 1
5850 1
5850 1
5850 1
5850 1
5850 1
5850 1
5850 1
5850 1
5850 1
5850 1
5850 1
5850 1
5850 1
5850 1
5850 1
5850 1
5850 1
5850 1
5850 1
5850 1
5850 1
5850 1
5850 1
5850 1
5850 1
5850 1
5850 1
5850 1
5850 1
5850 1
5850 1
5850 1
5850 1
5850 1
5850 1
5850 1
5850 1
5850 1
5850 1
5850 1
5850 1
5850 1
5850 1
6080 1
6080 1
6080 1
6080 1
6080 1
6080 1
6080 1
6080 1
6080 1
6080 1
6080 1
6080 1
6080 1
6080 1
6080 1
6080 1
6080 1
6080 1
6080 1
6080 1
6080 1
6080 1
6080 1
6080 1
6080 1
6080 1
6080 1
6080 1
6080 1
6080 1
6080 1
6080 1
6080 1
6080 1
6080 1
6080 1
6080 1
6080 1
6080 1
6080 1
6080 1
6080 1
6080 1
6080 1
6080 1
6079 1
6079 1
6079 1
6079 1
6079 1
6079 1
6079 1
6079 1
6079 1
6079 1
6079 1
6079 1
6079 1
6079 1
6079 1
6079 1
6079 1
6079 1
6079 1
6079 1
6079 1
6079 1
6079 1
6079 1
6079 1
6079 1
6079 1
6079 1
6079 1
6079 1
6079 1
6079 1
6079 1
6079 1
6079 1
6079 1
6079 1
6079 1
6079 1
6079 1
6079 1
6079 1
6079 1
6079 1
6079 1
6074 1
6074 1
6074 1
6074 1
6074 1
6074 1
6074 1
6074 1
6074 1
6074 1
6074 1
6074 1
6074 1
6074 1
6074 1
6074 1
6074 1
6074 1
6074 1
6074 1
6074 1
6074 1
6074 1
6074 1
6074 1
6074 1
6074 1
6074 1
6074 1
6074 1
6074 1
6074 1
6074 1
6074 1
6074 1
6074 1
6074 1
6074 1
6074 1
6074 1
6074 1
6074 1
6074 1
6074 1
6074 1
6073 1
6073 1
6073 1
6073 1
6073 1
6073 1
6073 1
6073 1
6073 1
6073 1
6073 1
6073 1
6073 1
6073 1
6073 1
6073 1
6073 1
6073 1
6073 1
6073 1
6073 1
6073 1
6073 1
6073 1
6073 1
6073 1
6073 1
6073 1
6073 1
6073 1
6073 1
6073 1
6073 1
6073 1
6073 1
6073 1
6073 1
6073 1
6073 1
6073 1
6073 1
6073 1
6073 1
6073 1
6073 1
5946 1
5946 1
5946 1
5946 1
5946 1
5946 1
5946 1
5946 1
5946 1
5946 1
5946 1
5946 1
5946 1
5946 1
5946 1
5946 1
5946 1
5946 1
5946 1
5946 1
5946 1
5946 1
5946 1
5946 1
5946 1
5946 1
5946 1
5946 1
5946 1
5946 1
5946 1
5946 1
5946 1
5946 1
5946 1
5946 1
5946 1
5946 1
5946 1
5946 1
5946 1
5946 1
5946 1
5946 1
5946 1
6180 1
6180 1
6180 1
6180 1
6180 1
6180 1
6180 1
6180 1
6180 1
6180 1
6180 1
6180 1
6180 1
6180 1
6180 1
6180 1
6180 1
6180 1
6180 1
6180 1
6180 1
6180 1
6180 1
6180 1
6180 1
6180 1
6180 1
6180 1
6180 1
6180 1
6180 1
6180 1
6180 1
6180 1
6180 1
6180 1
6180 1
6180 1
6180 1
6180 1
6180 1
6180 1
6180 1
6180 1
6180 1
6179 1
6179 1
6179 1
6179 1
6179 1
6179 1
6179 1
6179 1
6179 1
6179 1
6179 1
6179 1
6179 1
6179 1
6179 1
6179 1
6179 1
6179 1
6179 1
6179 1
6179 1
6179 1
6179 1
6179 1
6179 1
6179 1
6179 1
6179 1
6179 1
6179 1
6179 1
6179 1
6179 1
6179 1
6179 1
6179 1
6179 1
6179 1
6179 1
6179 1
6179 1
6179 1
6179 1
6179 1
6179 1
6178 1
6178 1
6178 1
6178 1
6178 1
6178 1
6178 1
6178 1
6178 1
6178 1
6178 1
6178 1
6178 1
6178 1
6178 1
6178 1
6178 1
6178 1
6178 1
6178 1
6178 1
6178 1
6178 1
6178 1
6178 1
6178 1
6178 1
6178 1
6178 1
6178 1
6178 1
6178 1
6178 1
6178 1
6178 1
6178 1
6178 1
6178 1
6178 1
6178 1
6178 1
6178 1
6178 1
6178 1
6178 1
6177 1
6177 1
6177 1
6177 1
6177 1
6177 1
6177 1
6177 1
6177 1
6177 1
6177 1
6177 1
6177 1
6177 1
6177 1
6177 1
6177 1
6177 1
6177 1
6177 1
6177 1
6177 1
6177 1
6177 1
6177 1
6177 1
6177 1
6177 1
6177 1
6177 1
6177 1
6177 1
6177 1
6177 1
6177 1
6177 1
6177 1
6177 1
6177 1
6177 1
6177 1
6177 1
6177 1
6177 1
6177 1
6175 1
6175 1
6175 1
6175 1
6175 1
6175 1
6175 1
6175 1
6175 1
6175 1
6175 1
6175 1
6175 1
6175 1
6175 1
6175 1
6175 1
6175 1
6175 1
6175 1
6175 1
6175 1
6175 1
6175 1
6175 1
6175 1
6175 1
6175 1
6175 1
6175 1
6175 1
6175 1
6175 1
6175 1
6175 1
6175 1
6175 1
6175 1
6175 1
6175 1
6175 1
6175 1
6175 1
6175 1
6175 1
6174 1
6174 1
6174 1
6174 1
6174 1
6174 1
6174 1
6174 1
6174 1
6174 1
6174 1
6174 1
6174 1
6174 1
6174 1
6174 1
6174 1
6174 1
6174 1
6174 1
6174 1
6174 1
6174 1
6174 1
6174 1
6174 1
6174 1
6174 1
6174 1
6174 1
6174 1
6174 1
6174 1
6174 1
6174 1
6174 1
6174 1
6174 1
6174 1
6174 1
6174 1
6174 1
6174 1
6174 1
6174 1
6274 1
6274 1
6274 1
6274 1
6274 1
6274 1
6274 1
6274 1
6274 1
6274 1
6274 1
6274 1
6274 1
6274 1
6274 1
6274 1
6274 1
6274 1
6274 1
6274 1
6274 1
6274 1
6274 1
6274 1
6274 1
6274 1
6274 1
6274 1
6274 1
6274 1
6274 1
6274 1
6274 1
6274 1
6274 1
6274 1
6274 1
6274 1
6274 1
6274 1
6274 1
6274 1
6274 1
6274 1
6274 1
6272 1
6272 1
6272 1
6272 1
6272 1
6272 1
6272 1
6272 1
6272 1
6272 1
6272 1
6272 1
6272 1
6272 1
6272 1
6272 1
6272 1
6272 1
6272 1
6272 1
6272 1
6272 1
6272 1
6272 1
6272 1
6272 1
6272 1
6272 1
6272 1
6272 1
6272 1
6272 1
6272 1
6272 1
6272 1
6272 1
6272 1
6272 1
6272 1
6272 1
6272 1
6272 1
6272 1
6272 1
6272 1
6271 1
6271 1
6271 1
6271 1
6271 1
6271 1
6271 1
6271 1
6271 1
6271 1
6271 1
6271 1
6271 1
6271 1
6271 1
6271 1
6271 1
6271 1
6271 1
6271 1
6271 1
6271 1
6271 1
6271 1
6271 1
6271 1
6271 1
6271 1
6271 1
6271 1
6271 1
6271 1
6271 1
6271 1
6271 1
6271 1
6271 1
6271 1
6271 1
6271 1
6271 1
6271 1
6271 1
6271 1
6271 1
6165 1
6165 1
6165 1
6165 1
6165 1
6165 1
6165 1
6165 1
6165 1
6165 1
6165 1
6165 1
6165 1
6165 1
6165 1
6165 1
6165 1
6165 1
6165 1
6165 1
6165 1
6165 1
6165 1
6165 1
6165 1
6165 1
6165 1
6165 1
6165 1
6165 1
6165 1
6165 1
6165 1
6165 1
6165 1
6165 1
6165 1
6165 1
6165 1
6165 1
6165 1
6165 1
6165 1
6165 1
6165 1
6270 1
6270 1
6270 1
6270 1
6270 1
6270 1
6270 1
6270 1
6270 1
6270 1
6270 1
6270 1
6270 1
6270 1
6270 1
6270 1
6270 1
6270 1
6270 1
6270 1
6270 1
6270 1
6270 1
6270 1
6270 1
6270 1
6270 1
6270 1
6270 1
6270 1
6270 1
6270 1
6270 1
6270 1
6270 1
6270 1
6270 1
6270 1
6270 1
6270 1
6270 1
6270 1
6270 1
6270 1
6270 1
6269 1
6269 1
6269 1
6269 1
6269 1
6269 1
6269 1
6269 1
6269 1
6269 1
6269 1
6269 1
6269 1
6269 1
6269 1
6269 1
6269 1
6269 1
6269 1
6269 1
6269 1
6269 1
6269 1
6269 1
6269 1
6269 1
6269 1
6269 1
6269 1
6269 1
6269 1
6269 1
6269 1
6269 1
6269 1
6269 1
6269 1
6269 1
6269 1
6269 1
6269 1
6269 1
6269 1
6269 1
6269 1
6268 1
6268 1
6268 1
6268 1
6268 1
6268 1
6268 1
6268 1
6268 1
6268 1
6268 1
6268 1
6268 1
6268 1
6268 1
6268 1
6268 1
6268 1
6268 1
6268 1
6268 1
6268 1
6268 1
6268 1
6268 1
6268 1
6268 1
6268 1
6268 1
6268 1
6268 1
6268 1
6268 1
6268 1
6268 1
6268 1
6268 1
6268 1
6268 1
6268 1
6268 1
6268 1
6268 1
6268 1
6268 1
6368 1
6368 1
6368 1
6368 1
6368 1
6368 1
6368 1
6368 1
6368 1
6368 1
6368 1
6368 1
6368 1
6368 1
6368 1
6368 1
6368 1
6368 1
6368 1
6368 1
6368 1
6368 1
6368 1
6368 1
6368 1
6368 1
6368 1
6368 1
6368 1
6368 1
6368 1
6368 1
6368 1
6368 1
6368 1
6368 1
6368 1
6368 1
6368 1
6368 1
6368 1
6368 1
6368 1
6368 1
6368 1
6366 1
6366 1
6366 1
6366 1
6366 1
6366 1
6366 1
6366 1
6366 1
6366 1
6366 1
6366 1
6366 1
6366 1
6366 1
6366 1
6366 1
6366 1
6366 1
6366 1
6366 1
6366 1
6366 1
6366 1
6366 1
6366 1
6366 1
6366 1
6366 1
6366 1
6366 1
6366 1
6366 1
6366 1
6366 1
6366 1
6366 1
6366 1
6366 1
6366 1
6366 1
6366 1
6366 1
6366 1
6366 1
6364 1
6364 1
6364 1
6364 1
6364 1
6364 1
6364 1
6364 1
6364 1
6364 1
6364 1
6364 1
6364 1
6364 1
6364 1
6364 1
6364 1
6364 1
6364 1
6364 1
6364 1
6364 1
6364 1
6364 1
6364 1
6364 1
6364 1
6364 1
6364 1
6364 1
6364 1
6364 1
6364 1
6364 1
6364 1
6364 1
6364 1
6364 1
6364 1
6364 1
6364 1
6364 1
6364 1
6364 1
6364 1
6363 1
6363 1
6363 1
6363 1
6363 1
6363 1
6363 1
6363 1
6363 1
6363 1
6363 1
6363 1
6363 1
6363 1
6363 1
6363 1
6363 1
6363 1
6363 1
6363 1
6363 1
6363 1
6363 1
6363 1
6363 1
6363 1
6363 1
6363 1
6363 1
6363 1
6363 1
6363 1
6363 1
6363 1
6363 1
6363 1
6363 1
6363 1
6363 1
6363 1
6363 1
6363 1
6363 1
6363 1
6363 1
6361 1
6361 1
6361 1
6361 1
6361 1
6361 1
6361 1
6361 1
6361 1
6361 1
6361 1
6361 1
6361 1
6361 1
6361 1
6361 1
6361 1
6361 1
6361 1
6361 1
6361 1
6361 1
6361 1
6361 1
6361 1
6361 1
6361 1
6361 1
6361 1
6361 1
6361 1
6361 1
6361 1
6361 1
6361 1
6361 1
6361 1
6361 1
6361 1
6361 1
6361 1
6361 1
6361 1
6361 1
6361 1
6360 1
6360 1
6360 1
6360 1
6360 1
6360 1
6360 1
6360 1
6360 1
6360 1
6360 1
6360 1
6360 1
6360 1
6360 1
6360 1
6360 1
6360 1
6360 1
6360 1
6360 1
6360 1
6360 1
6360 1
6360 1
6360 1
6360 1
6360 1
6360 1
6360 1
6360 1
6360 1
6360 1
6360 1
6360 1
6360 1
6360 1
6360 1
6360 1
6360 1
6360 1
6360 1
6360 1
6360 1
6360 1
6455 1
6455 1
6455 1
6455 1
6455 1
6455 1
6455 1
6455 1
6455 1
6455 1
6455 1
6455 1
6455 1
6455 1
6455 1
6455 1
6455 1
6455 1
6455 1
6455 1
6455 1
6455 1
6455 1
6455 1
6455 1
6455 1
6455 1
6455 1
6455 1
6455 1
6455 1
6455 1
6455 1
6455 1
6455 1
6455 1
6455 1
6455 1
6455 1
6455 1
6455 1
6455 1
6455 1
6455 1
6455 1
6252 1
6252 1
6252 1
6252 1
6252 1
6252 1
6252 1
6252 1
6252 1
6252 1
6252 1
6252 1
6252 1
6252 1
6252 1
6252 1
6252 1
6252 1
6252 1
6252 1
6252 1
6252 1
6252 1
6252 1
6252 1
6252 1
6252 1
6252 1
6252 1
6252 1
6252 1
6252 1
6252 1
6252 1
6252 1
6252 1
6252 1
6252 1
6252 1
6252 1
6252 1
6252 1
6252 1
6252 1
6252 1
6454 1
6454 1
6454 1
6454 1
6454 1
6454 1
6454 1
6454 1
6454 1
6454 1
6454 1
6454 1
6454 1
6454 1
6454 1
6454 1
6454 1
6454 1
6454 1
6454 1
6454 1
6454 1
6454 1
6454 1
6454 1
6454 1
6454 1
6454 1
6454 1
6454 1
6454 1
6454 1
6454 1
6454 1
6454 1
6454 1
6454 1
6454 1
6454 1
6454 1
6454 1
6454 1
6454 1
6454 1
6454 1
6453 1
6453 1
6453 1
6453 1
6453 1
6453 1
6453 1
6453 1
6453 1
6453 1
6453 1
6453 1
6453 1
6453 1
6453 1
6453 1
6453 1
6453 1
6453 1
6453 1
6453 1
6453 1
6453 1
6453 1
6453 1
6453 1
6453 1
6453 1
6453 1
6453 1
6453 1
6453 1
6453 1
6453 1
6453 1
6453 1
6453 1
6453 1
6453 1
6453 1
6453 1
6453 1
6453 1
6453 1
6453 1
6452 1
6452 1
6452 1
6452 1
6452 1
6452 1
6452 1
6452 1
6452 1
6452 1
6452 1
6452 1
6452 1
6452 1
6452 1
6452 1
6452 1
6452 1
6452 1
6452 1
6452 1
6452 1
6452 1
6452 1
6452 1
6452 1
6452 1
6452 1
6452 1
6452 1
6452 1
6452 1
6452 1
6452 1
6452 1
6452 1
6452 1
6452 1
6452 1
6452 1
6452 1
6452 1
6452 1
6452 1
6452 1
6451 1
6451 1
6451 1
6451 1
6451 1
6451 1
6451 1
6451 1
6451 1
6451 1
6451 1
6451 1
6451 1
6451 1
6451 1
6451 1
6451 1
6451 1
6451 1
6451 1
6451 1
6451 1
6451 1
6451 1
6451 1
6451 1
6451 1
6451 1
6451 1
6451 1
6451 1
6451 1
6451 1
6451 1
6451 1
6451 1
6451 1
6451 1
6451 1
6451 1
6451 1
6451 1
6451 1
6451 1
6451 1
6540 1
6540 1
6540 1
6540 1
6540 1
6540 1
6540 1
6540 1
6540 1
6540 1
6540 1
6540 1
6540 1
6540 1
6540 1
6540 1
6540 1
6540 1
6540 1
6540 1
6540 1
6540 1
6540 1
6540 1
6540 1
6540 1
6540 1
6540 1
6540 1
6540 1
6540 1
6540 1
6540 1
6540 1
6540 1
6540 1
6540 1
6540 1
6540 1
6540 1
6540 1
6540 1
6540 1
6540 1
6540 1
6441 1
6441 1
6441 1
6441 1
6441 1
6441 1
6441 1
6441 1
6441 1
6441 1
6441 1
6441 1
6441 1
6441 1
6441 1
6441 1
6441 1
6441 1
6441 1
6441 1
6441 1
6441 1
6441 1
6441 1
6441 1
6441 1
6441 1
6441 1
6441 1
6441 1
6441 1
6441 1
6441 1
6441 1
6441 1
6441 1
6441 1
6441 1
6441 1
6441 1
6441 1
6441 1
6441 1
6441 1
6441 1
6849 1
6849 1
6849 1
6849 1
6849 1
6849 1
6849 1
6849 1
6849 1
6849 1
6849 1
6849 1
6849 1
6849 1
6849 1
6849 1
6849 1
6849 1
6849 1
6849 1
6849 1
6849 1
6849 1
6849 1
6849 1
6849 1
6849 1
6849 1
6849 1
6849 1
6849 1
6849 1
6849 1
6849 1
6849 1
6849 1
6849 1
6849 1
6849 1
6849 1
6849 1
6849 1
6849 1
6849 1
6849 1
6848 1
6848 1
6848 1
6848 1
6848 1
6848 1
6848 1
6848 1
6848 1
6848 1
6848 1
6848 1
6848 1
6848 1
6848 1
6848 1
6848 1
6848 1
6848 1
6848 1
6848 1
6848 1
6848 1
6848 1
6848 1
6848 1
6848 1
6848 1
6848 1
6848 1
6848 1
6848 1
6848 1
6848 1
6848 1
6848 1
6848 1
6848 1
6848 1
6848 1
6848 1
6848 1
6848 1
6848 1
6848 1
6919 1
6919 1
6919 1
6919 1
6919 1
6919 1
6919 1
6919 1
6919 1
6919 1
6919 1
6919 1
6919 1
6919 1
6919 1
6919 1
6919 1
6919 1
6919 1
6919 1
6919 1
6919 1
6919 1
6919 1
6919 1
6919 1
6919 1
6919 1
6919 1
6919 1
6919 1
6919 1
6919 1
6919 1
6919 1
6919 1
6919 1
6919 1
6919 1
6919 1
6919 1
6919 1
6919 1
6919 1
6919 1
6985 1
6985 1
6985 1
6985 1
6985 1
6985 1
6985 1
6985 1
6985 1
6985 1
6985 1
6985 1
6985 1
6985 1
6985 1
6985 1
6985 1
6985 1
6985 1
6985 1
6985 1
6985 1
6985 1
6985 1
6985 1
6985 1
6985 1
6985 1
6985 1
6985 1
6985 1
6985 1
6985 1
6985 1
6985 1
6985 1
6985 1
6985 1
6985 1
6985 1
6985 1
6985 1
6985 1
6985 1
6985 1
7057 1
7057 1
7057 1
7057 1
7057 1
7057 1
7057 1
7057 1
7057 1
7057 1
7057 1
7057 1
7057 1
7057 1
7057 1
7057 1
7057 1
7057 1
7057 1
7057 1
7057 1
7057 1
7057 1
7057 1
7057 1
7057 1
7057 1
7057 1
7057 1
7057 1
7057 1
7057 1
7057 1
7057 1
7057 1
7057 1
7057 1
7057 1
7057 1
7057 1
7057 1
7057 1
7057 1
7057 1
7057 1
7052 1
7052 1
7052 1
7052 1
7052 1
7052 1
7052 1
7052 1
7052 1
7052 1
7052 1
7052 1
7052 1
7052 1
7052 1
7052 1
7052 1
7052 1
7052 1
7052 1
7052 1
7052 1
7052 1
7052 1
7052 1
7052 1
7052 1
7052 1
7052 1
7052 1
7052 1
7052 1
7052 1
7052 1
7052 1
7052 1
7052 1
7052 1
7052 1
7052 1
7052 1
7052 1
7052 1
7052 1
7052 1
7051 1
7051 1
7051 1
7051 1
7051 1
7051 1
7051 1
7051 1
7051 1
7051 1
7051 1
7051 1
7051 1
7051 1
7051 1
7051 1
7051 1
7051 1
7051 1
7051 1
7051 1
7051 1
7051 1
7051 1
7051 1
7051 1
7051 1
7051 1
7051 1
7051 1
7051 1
7051 1
7051 1
7051 1
7051 1
7051 1
7051 1
7051 1
7051 1
7051 1
7051 1
7051 1
7051 1
7051 1
7051 1
7128 1
7128 1
7128 1
7128 1
7128 1
7128 1
7128 1
7128 1
7128 1
7128 1
7128 1
7128 1
7128 1
7128 1
7128 1
7128 1
7128 1
7128 1
7128 1
7128 1
7128 1
7128 1
7128 1
7128 1
7128 1
7128 1
7128 1
7128 1
7128 1
7128 1
7128 1
7128 1
7128 1
7128 1
7128 1
7128 1
7128 1
7128 1
7128 1
7128 1
7128 1
7128 1
7128 1
7128 1
7128 1
7122 1
7122 1
7122 1
7122 1
7122 1
7122 1
7122 1
7122 1
7122 1
7122 1
7122 1
7122 1
7122 1
7122 1
7122 1
7122 1
7122 1
7122 1
7122 1
7122 1
7122 1
7122 1
7122 1
7122 1
7122 1
7122 1
7122 1
7122 1
7122 1
7122 1
7122 1
7122 1
7122 1
7122 1
7122 1
7122 1
7122 1
7122 1
7122 1
7122 1
7122 1
7122 1
7122 1
7122 1
7122 1
7120 1
7120 1
7120 1
7120 1
7120 1
7120 1
7120 1
7120 1
7120 1
7120 1
7120 1
7120 1
7120 1
7120 1
7120 1
7120 1
7120 1
7120 1
7120 1
7120 1
7120 1
7120 1
7120 1
7120 1
7120 1
7120 1
7120 1
7120 1
7120 1
7120 1
7120 1
7120 1
7120 1
7120 1
7120 1
7120 1
7120 1
7120 1
7120 1
7120 1
7120 1
7120 1
7120 1
7120 1
7120 1
7200 1
7200 1
7200 1
7200 1
7200 1
7200 1
7200 1
7200 1
7200 1
7200 1
7200 1
7200 1
7200 1
7200 1
7200 1
7200 1
7200 1
7200 1
7200 1
7200 1
7200 1
7200 1
7200 1
7200 1
7200 1
7200 1
7200 1
7200 1
7200 1
7200 1
7200 1
7200 1
7200 1
7200 1
7200 1
7200 1
7200 1
7200 1
7200 1
7200 1
7200 1
7200 1
7200 1
7200 1
7200 1
7270 1
7270 1
7270 1
7270 1
7270 1
7270 1
7270 1
7270 1
7270 1
7270 1
7270 1
7270 1
7270 1
7270 1
7270 1
7270 1
7270 1
7270 1
7270 1
7270 1
7270 1
7270 1
7270 1
7270 1
7270 1
7270 1
7270 1
7270 1
7270 1
7270 1
7270 1
7270 1
7270 1
7270 1
7270 1
7270 1
7270 1
7270 1
7270 1
7270 1
7270 1
7270 1
7270 1
7270 1
7270 1
7269 1
7269 1
7269 1
7269 1
7269 1
7269 1
7269 1
7269 1
7269 1
7269 1
7269 1
7269 1
7269 1
7269 1
7269 1
7269 1
7269 1
7269 1
7269 1
7269 1
7269 1
7269 1
7269 1
7269 1
7269 1
7269 1
7269 1
7269 1
7269 1
7269 1
7269 1
7269 1
7269 1
7269 1
7269 1
7269 1
7269 1
7269 1
7269 1
7269 1
7269 1
7269 1
7269 1
7269 1
7269 1
7397 1
7397 1
7397 1
7397 1
7397 1
7397 1
7397 1
7397 1
7397 1
7397 1
7397 1
7397 1
7397 1
7397 1
7397 1
7397 1
7397 1
7397 1
7397 1
7397 1
7397 1
7397 1
7397 1
7397 1
7397 1
7397 1
7397 1
7397 1
7397 1
7397 1
7397 1
7397 1
7397 1
7397 1
7397 1
7397 1
7397 1
7397 1
7397 1
7397 1
7397 1
7397 1
7397 1
7397 1
7397 1
