pt_graph shape
2043 1
2043 1
2043 1
2043 1
2043 1
2043 1
2043 1
2043 1
2043 1
2043 1
2043 1
2043 1
2043 1
2043 1
2043 1
2043 1
2043 1
2043 1
2043 1
2043 1
2043 1
2043 1
2043 1
2043 1
2043 1
2043 1
2043 1
2043 1
2043 1
2043 1
2043 1
2043 1
2043 1
2043 1
2043 1
2043 1
2043 1
2043 1
2043 1
2043 1
2043 1
2043 1
2043 1
2043 1
2043 1
2366 1
2366 1
2366 1
2366 1
2366 1
2366 1
2366 1
2366 1
2366 1
2366 1
2366 1
2366 1
2366 1
2366 1
2366 1
2366 1
2366 1
2366 1
2366 1
2366 1
2366 1
2366 1
2366 1
2366 1
2366 1
2366 1
2366 1
2366 1
2366 1
2366 1
2366 1
2366 1
2366 1
2366 1
2366 1
2366 1
2366 1
2366 1
2366 1
2366 1
2366 1
2366 1
2366 1
2366 1
2366 1
2594 1
2594 1
2594 1
2594 1
2594 1
2594 1
2594 1
2594 1
2594 1
2594 1
2594 1
2594 1
2594 1
2594 1
2594 1
2594 1
2594 1
2594 1
2594 1
2594 1
2594 1
2594 1
2594 1
2594 1
2594 1
2594 1
2594 1
2594 1
2594 1
2594 1
2594 1
2594 1
2594 1
2594 1
2594 1
2594 1
2594 1
2594 1
2594 1
2594 1
2594 1
2594 1
2594 1
2594 1
2594 1
2693 1
2693 1
2693 1
2693 1
2693 1
2693 1
2693 1
2693 1
2693 1
2693 1
2693 1
2693 1
2693 1
2693 1
2693 1
2693 1
2693 1
2693 1
2693 1
2693 1
2693 1
2693 1
2693 1
2693 1
2693 1
2693 1
2693 1
2693 1
2693 1
2693 1
2693 1
2693 1
2693 1
2693 1
2693 1
2693 1
2693 1
2693 1
2693 1
2693 1
2693 1
2693 1
2693 1
2693 1
2693 1
2775 1
2775 1
2775 1
2775 1
2775 1
2775 1
2775 1
2775 1
2775 1
2775 1
2775 1
2775 1
2775 1
2775 1
2775 1
2775 1
2775 1
2775 1
2775 1
2775 1
2775 1
2775 1
2775 1
2775 1
2775 1
2775 1
2775 1
2775 1
2775 1
2775 1
2775 1
2775 1
2775 1
2775 1
2775 1
2775 1
2775 1
2775 1
2775 1
2775 1
2775 1
2775 1
2775 1
2775 1
2775 1
2764 1
2764 1
2764 1
2764 1
2764 1
2764 1
2764 1
2764 1
2764 1
2764 1
2764 1
2764 1
2764 1
2764 1
2764 1
2764 1
2764 1
2764 1
2764 1
2764 1
2764 1
2764 1
2764 1
2764 1
2764 1
2764 1
2764 1
2764 1
2764 1
2764 1
2764 1
2764 1
2764 1
2764 1
2764 1
2764 1
2764 1
2764 1
2764 1
2764 1
2764 1
2764 1
2764 1
2764 1
2764 1
2850 1
2850 1
2850 1
2850 1
2850 1
2850 1
2850 1
2850 1
2850 1
2850 1
2850 1
2850 1
2850 1
2850 1
2850 1
2850 1
2850 1
2850 1
2850 1
2850 1
2850 1
2850 1
2850 1
2850 1
2850 1
2850 1
2850 1
2850 1
2850 1
2850 1
2850 1
2850 1
2850 1
2850 1
2850 1
2850 1
2850 1
2850 1
2850 1
2850 1
2850 1
2850 1
2850 1
2850 1
2850 1
2849 1
2849 1
2849 1
2849 1
2849 1
2849 1
2849 1
2849 1
2849 1
2849 1
2849 1
2849 1
2849 1
2849 1
2849 1
2849 1
2849 1
2849 1
2849 1
2849 1
2849 1
2849 1
2849 1
2849 1
2849 1
2849 1
2849 1
2849 1
2849 1
2849 1
2849 1
2849 1
2849 1
2849 1
2849 1
2849 1
2849 1
2849 1
2849 1
2849 1
2849 1
2849 1
2849 1
2849 1
2849 1
2918 1
2918 1
2918 1
2918 1
2918 1
2918 1
2918 1
2918 1
2918 1
2918 1
2918 1
2918 1
2918 1
2918 1
2918 1
2918 1
2918 1
2918 1
2918 1
2918 1
2918 1
2918 1
2918 1
2918 1
2918 1
2918 1
2918 1
2918 1
2918 1
2918 1
2918 1
2918 1
2918 1
2918 1
2918 1
2918 1
2918 1
2918 1
2918 1
2918 1
2918 1
2918 1
2918 1
2918 1
2918 1
3086 1
3086 1
3086 1
3086 1
3086 1
3086 1
3086 1
3086 1
3086 1
3086 1
3086 1
3086 1
3086 1
3086 1
3086 1
3086 1
3086 1
3086 1
3086 1
3086 1
3086 1
3086 1
3086 1
3086 1
3086 1
3086 1
3086 1
3086 1
3086 1
3086 1
3086 1
3086 1
3086 1
3086 1
3086 1
3086 1
3086 1
3086 1
3086 1
3086 1
3086 1
3086 1
3086 1
3086 1
3086 1
3085 1
3085 1
3085 1
3085 1
3085 1
3085 1
3085 1
3085 1
3085 1
3085 1
3085 1
3085 1
3085 1
3085 1
3085 1
3085 1
3085 1
3085 1
3085 1
3085 1
3085 1
3085 1
3085 1
3085 1
3085 1
3085 1
3085 1
3085 1
3085 1
3085 1
3085 1
3085 1
3085 1
3085 1
3085 1
3085 1
3085 1
3085 1
3085 1
3085 1
3085 1
3085 1
3085 1
3085 1
3085 1
3074 1
3074 1
3074 1
3074 1
3074 1
3074 1
3074 1
3074 1
3074 1
3074 1
3074 1
3074 1
3074 1
3074 1
3074 1
3074 1
3074 1
3074 1
3074 1
3074 1
3074 1
3074 1
3074 1
3074 1
3074 1
3074 1
3074 1
3074 1
3074 1
3074 1
3074 1
3074 1
3074 1
3074 1
3074 1
3074 1
3074 1
3074 1
3074 1
3074 1
3074 1
3074 1
3074 1
3074 1
3074 1
3147 1
3147 1
3147 1
3147 1
3147 1
3147 1
3147 1
3147 1
3147 1
3147 1
3147 1
3147 1
3147 1
3147 1
3147 1
3147 1
3147 1
3147 1
3147 1
3147 1
3147 1
3147 1
3147 1
3147 1
3147 1
3147 1
3147 1
3147 1
3147 1
3147 1
3147 1
3147 1
3147 1
3147 1
3147 1
3147 1
3147 1
3147 1
3147 1
3147 1
3147 1
3147 1
3147 1
3147 1
3147 1
3144 1
3144 1
3144 1
3144 1
3144 1
3144 1
3144 1
3144 1
3144 1
3144 1
3144 1
3144 1
3144 1
3144 1
3144 1
3144 1
3144 1
3144 1
3144 1
3144 1
3144 1
3144 1
3144 1
3144 1
3144 1
3144 1
3144 1
3144 1
3144 1
3144 1
3144 1
3144 1
3144 1
3144 1
3144 1
3144 1
3144 1
3144 1
3144 1
3144 1
3144 1
3144 1
3144 1
3144 1
3144 1
3236 1
3236 1
3236 1
3236 1
3236 1
3236 1
3236 1
3236 1
3236 1
3236 1
3236 1
3236 1
3236 1
3236 1
3236 1
3236 1
3236 1
3236 1
3236 1
3236 1
3236 1
3236 1
3236 1
3236 1
3236 1
3236 1
3236 1
3236 1
3236 1
3236 1
3236 1
3236 1
3236 1
3236 1
3236 1
3236 1
3236 1
3236 1
3236 1
3236 1
3236 1
3236 1
3236 1
3236 1
3236 1
3234 1
3234 1
3234 1
3234 1
3234 1
3234 1
3234 1
3234 1
3234 1
3234 1
3234 1
3234 1
3234 1
3234 1
3234 1
3234 1
3234 1
3234 1
3234 1
3234 1
3234 1
3234 1
3234 1
3234 1
3234 1
3234 1
3234 1
3234 1
3234 1
3234 1
3234 1
3234 1
3234 1
3234 1
3234 1
3234 1
3234 1
3234 1
3234 1
3234 1
3234 1
3234 1
3234 1
3234 1
3234 1
3222 1
3222 1
3222 1
3222 1
3222 1
3222 1
3222 1
3222 1
3222 1
3222 1
3222 1
3222 1
3222 1
3222 1
3222 1
3222 1
3222 1
3222 1
3222 1
3222 1
3222 1
3222 1
3222 1
3222 1
3222 1
3222 1
3222 1
3222 1
3222 1
3222 1
3222 1
3222 1
3222 1
3222 1
3222 1
3222 1
3222 1
3222 1
3222 1
3222 1
3222 1
3222 1
3222 1
3222 1
3222 1
3219 1
3219 1
3219 1
3219 1
3219 1
3219 1
3219 1
3219 1
3219 1
3219 1
3219 1
3219 1
3219 1
3219 1
3219 1
3219 1
3219 1
3219 1
3219 1
3219 1
3219 1
3219 1
3219 1
3219 1
3219 1
3219 1
3219 1
3219 1
3219 1
3219 1
3219 1
3219 1
3219 1
3219 1
3219 1
3219 1
3219 1
3219 1
3219 1
3219 1
3219 1
3219 1
3219 1
3219 1
3219 1
3403 1
3403 1
3403 1
3403 1
3403 1
3403 1
3403 1
3403 1
3403 1
3403 1
3403 1
3403 1
3403 1
3403 1
3403 1
3403 1
3403 1
3403 1
3403 1
3403 1
3403 1
3403 1
3403 1
3403 1
3403 1
3403 1
3403 1
3403 1
3403 1
3403 1
3403 1
3403 1
3403 1
3403 1
3403 1
3403 1
3403 1
3403 1
3403 1
3403 1
3403 1
3403 1
3403 1
3403 1
3403 1
3398 1
3398 1
3398 1
3398 1
3398 1
3398 1
3398 1
3398 1
3398 1
3398 1
3398 1
3398 1
3398 1
3398 1
3398 1
3398 1
3398 1
3398 1
3398 1
3398 1
3398 1
3398 1
3398 1
3398 1
3398 1
3398 1
3398 1
3398 1
3398 1
3398 1
3398 1
3398 1
3398 1
3398 1
3398 1
3398 1
3398 1
3398 1
3398 1
3398 1
3398 1
3398 1
3398 1
3398 1
3398 1
3389 1
3389 1
3389 1
3389 1
3389 1
3389 1
3389 1
3389 1
3389 1
3389 1
3389 1
3389 1
3389 1
3389 1
3389 1
3389 1
3389 1
3389 1
3389 1
3389 1
3389 1
3389 1
3389 1
3389 1
3389 1
3389 1
3389 1
3389 1
3389 1
3389 1
3389 1
3389 1
3389 1
3389 1
3389 1
3389 1
3389 1
3389 1
3389 1
3389 1
3389 1
3389 1
3389 1
3389 1
3389 1
3545 1
3545 1
3545 1
3545 1
3545 1
3545 1
3545 1
3545 1
3545 1
3545 1
3545 1
3545 1
3545 1
3545 1
3545 1
3545 1
3545 1
3545 1
3545 1
3545 1
3545 1
3545 1
3545 1
3545 1
3545 1
3545 1
3545 1
3545 1
3545 1
3545 1
3545 1
3545 1
3545 1
3545 1
3545 1
3545 1
3545 1
3545 1
3545 1
3545 1
3545 1
3545 1
3545 1
3545 1
3545 1
3649 1
3649 1
3649 1
3649 1
3649 1
3649 1
3649 1
3649 1
3649 1
3649 1
3649 1
3649 1
3649 1
3649 1
3649 1
3649 1
3649 1
3649 1
3649 1
3649 1
3649 1
3649 1
3649 1
3649 1
3649 1
3649 1
3649 1
3649 1
3649 1
3649 1
3649 1
3649 1
3649 1
3649 1
3649 1
3649 1
3649 1
3649 1
3649 1
3649 1
3649 1
3649 1
3649 1
3649 1
3649 1
3635 1
3635 1
3635 1
3635 1
3635 1
3635 1
3635 1
3635 1
3635 1
3635 1
3635 1
3635 1
3635 1
3635 1
3635 1
3635 1
3635 1
3635 1
3635 1
3635 1
3635 1
3635 1
3635 1
3635 1
3635 1
3635 1
3635 1
3635 1
3635 1
3635 1
3635 1
3635 1
3635 1
3635 1
3635 1
3635 1
3635 1
3635 1
3635 1
3635 1
3635 1
3635 1
3635 1
3635 1
3635 1
4007 1
4007 1
4007 1
4007 1
4007 1
4007 1
4007 1
4007 1
4007 1
4007 1
4007 1
4007 1
4007 1
4007 1
4007 1
4007 1
4007 1
4007 1
4007 1
4007 1
4007 1
4007 1
4007 1
4007 1
4007 1
4007 1
4007 1
4007 1
4007 1
4007 1
4007 1
4007 1
4007 1
4007 1
4007 1
4007 1
4007 1
4007 1
4007 1
4007 1
4007 1
4007 1
4007 1
4007 1
4007 1
3809 1
3809 1
3809 1
3809 1
3809 1
3809 1
3809 1
3809 1
3809 1
3809 1
3809 1
3809 1
3809 1
3809 1
3809 1
3809 1
3809 1
3809 1
3809 1
3809 1
3809 1
3809 1
3809 1
3809 1
3809 1
3809 1
3809 1
3809 1
3809 1
3809 1
3809 1
3809 1
3809 1
3809 1
3809 1
3809 1
3809 1
3809 1
3809 1
3809 1
3809 1
3809 1
3809 1
3809 1
3809 1
3805 1
3805 1
3805 1
3805 1
3805 1
3805 1
3805 1
3805 1
3805 1
3805 1
3805 1
3805 1
3805 1
3805 1
3805 1
3805 1
3805 1
3805 1
3805 1
3805 1
3805 1
3805 1
3805 1
3805 1
3805 1
3805 1
3805 1
3805 1
3805 1
3805 1
3805 1
3805 1
3805 1
3805 1
3805 1
3805 1
3805 1
3805 1
3805 1
3805 1
3805 1
3805 1
3805 1
3805 1
3805 1
3804 1
3804 1
3804 1
3804 1
3804 1
3804 1
3804 1
3804 1
3804 1
3804 1
3804 1
3804 1
3804 1
3804 1
3804 1
3804 1
3804 1
3804 1
3804 1
3804 1
3804 1
3804 1
3804 1
3804 1
3804 1
3804 1
3804 1
3804 1
3804 1
3804 1
3804 1
3804 1
3804 1
3804 1
3804 1
3804 1
3804 1
3804 1
3804 1
3804 1
3804 1
3804 1
3804 1
3804 1
3804 1
3896 1
3896 1
3896 1
3896 1
3896 1
3896 1
3896 1
3896 1
3896 1
3896 1
3896 1
3896 1
3896 1
3896 1
3896 1
3896 1
3896 1
3896 1
3896 1
3896 1
3896 1
3896 1
3896 1
3896 1
3896 1
3896 1
3896 1
3896 1
3896 1
3896 1
3896 1
3896 1
3896 1
3896 1
3896 1
3896 1
3896 1
3896 1
3896 1
3896 1
3896 1
3896 1
3896 1
3896 1
3896 1
3887 1
3887 1
3887 1
3887 1
3887 1
3887 1
3887 1
3887 1
3887 1
3887 1
3887 1
3887 1
3887 1
3887 1
3887 1
3887 1
3887 1
3887 1
3887 1
3887 1
3887 1
3887 1
3887 1
3887 1
3887 1
3887 1
3887 1
3887 1
3887 1
3887 1
3887 1
3887 1
3887 1
3887 1
3887 1
3887 1
3887 1
3887 1
3887 1
3887 1
3887 1
3887 1
3887 1
3887 1
3887 1
4274 1
4274 1
4274 1
4274 1
4274 1
4274 1
4274 1
4274 1
4274 1
4274 1
4274 1
4274 1
4274 1
4274 1
4274 1
4274 1
4274 1
4274 1
4274 1
4274 1
4274 1
4274 1
4274 1
4274 1
4274 1
4274 1
4274 1
4274 1
4274 1
4274 1
4274 1
4274 1
4274 1
4274 1
4274 1
4274 1
4274 1
4274 1
4274 1
4274 1
4274 1
4274 1
4274 1
4274 1
4274 1
4077 1
4077 1
4077 1
4077 1
4077 1
4077 1
4077 1
4077 1
4077 1
4077 1
4077 1
4077 1
4077 1
4077 1
4077 1
4077 1
4077 1
4077 1
4077 1
4077 1
4077 1
4077 1
4077 1
4077 1
4077 1
4077 1
4077 1
4077 1
4077 1
4077 1
4077 1
4077 1
4077 1
4077 1
4077 1
4077 1
4077 1
4077 1
4077 1
4077 1
4077 1
4077 1
4077 1
4077 1
4077 1
4167 1
4167 1
4167 1
4167 1
4167 1
4167 1
4167 1
4167 1
4167 1
4167 1
4167 1
4167 1
4167 1
4167 1
4167 1
4167 1
4167 1
4167 1
4167 1
4167 1
4167 1
4167 1
4167 1
4167 1
4167 1
4167 1
4167 1
4167 1
4167 1
4167 1
4167 1
4167 1
4167 1
4167 1
4167 1
4167 1
4167 1
4167 1
4167 1
4167 1
4167 1
4167 1
4167 1
4167 1
4167 1
4155 1
4155 1
4155 1
4155 1
4155 1
4155 1
4155 1
4155 1
4155 1
4155 1
4155 1
4155 1
4155 1
4155 1
4155 1
4155 1
4155 1
4155 1
4155 1
4155 1
4155 1
4155 1
4155 1
4155 1
4155 1
4155 1
4155 1
4155 1
4155 1
4155 1
4155 1
4155 1
4155 1
4155 1
4155 1
4155 1
4155 1
4155 1
4155 1
4155 1
4155 1
4155 1
4155 1
4155 1
4155 1
4254 1
4254 1
4254 1
4254 1
4254 1
4254 1
4254 1
4254 1
4254 1
4254 1
4254 1
4254 1
4254 1
4254 1
4254 1
4254 1
4254 1
4254 1
4254 1
4254 1
4254 1
4254 1
4254 1
4254 1
4254 1
4254 1
4254 1
4254 1
4254 1
4254 1
4254 1
4254 1
4254 1
4254 1
4254 1
4254 1
4254 1
4254 1
4254 1
4254 1
4254 1
4254 1
4254 1
4254 1
4254 1
4242 1
4242 1
4242 1
4242 1
4242 1
4242 1
4242 1
4242 1
4242 1
4242 1
4242 1
4242 1
4242 1
4242 1
4242 1
4242 1
4242 1
4242 1
4242 1
4242 1
4242 1
4242 1
4242 1
4242 1
4242 1
4242 1
4242 1
4242 1
4242 1
4242 1
4242 1
4242 1
4242 1
4242 1
4242 1
4242 1
4242 1
4242 1
4242 1
4242 1
4242 1
4242 1
4242 1
4242 1
4242 1
4237 1
4237 1
4237 1
4237 1
4237 1
4237 1
4237 1
4237 1
4237 1
4237 1
4237 1
4237 1
4237 1
4237 1
4237 1
4237 1
4237 1
4237 1
4237 1
4237 1
4237 1
4237 1
4237 1
4237 1
4237 1
4237 1
4237 1
4237 1
4237 1
4237 1
4237 1
4237 1
4237 1
4237 1
4237 1
4237 1
4237 1
4237 1
4237 1
4237 1
4237 1
4237 1
4237 1
4237 1
4237 1
4544 1
4544 1
4544 1
4544 1
4544 1
4544 1
4544 1
4544 1
4544 1
4544 1
4544 1
4544 1
4544 1
4544 1
4544 1
4544 1
4544 1
4544 1
4544 1
4544 1
4544 1
4544 1
4544 1
4544 1
4544 1
4544 1
4544 1
4544 1
4544 1
4544 1
4544 1
4544 1
4544 1
4544 1
4544 1
4544 1
4544 1
4544 1
4544 1
4544 1
4544 1
4544 1
4544 1
4544 1
4544 1
4337 1
4337 1
4337 1
4337 1
4337 1
4337 1
4337 1
4337 1
4337 1
4337 1
4337 1
4337 1
4337 1
4337 1
4337 1
4337 1
4337 1
4337 1
4337 1
4337 1
4337 1
4337 1
4337 1
4337 1
4337 1
4337 1
4337 1
4337 1
4337 1
4337 1
4337 1
4337 1
4337 1
4337 1
4337 1
4337 1
4337 1
4337 1
4337 1
4337 1
4337 1
4337 1
4337 1
4337 1
4337 1
4331 1
4331 1
4331 1
4331 1
4331 1
4331 1
4331 1
4331 1
4331 1
4331 1
4331 1
4331 1
4331 1
4331 1
4331 1
4331 1
4331 1
4331 1
4331 1
4331 1
4331 1
4331 1
4331 1
4331 1
4331 1
4331 1
4331 1
4331 1
4331 1
4331 1
4331 1
4331 1
4331 1
4331 1
4331 1
4331 1
4331 1
4331 1
4331 1
4331 1
4331 1
4331 1
4331 1
4331 1
4331 1
4635 1
4635 1
4635 1
4635 1
4635 1
4635 1
4635 1
4635 1
4635 1
4635 1
4635 1
4635 1
4635 1
4635 1
4635 1
4635 1
4635 1
4635 1
4635 1
4635 1
4635 1
4635 1
4635 1
4635 1
4635 1
4635 1
4635 1
4635 1
4635 1
4635 1
4635 1
4635 1
4635 1
4635 1
4635 1
4635 1
4635 1
4635 1
4635 1
4635 1
4635 1
4635 1
4635 1
4635 1
4635 1
4422 1
4422 1
4422 1
4422 1
4422 1
4422 1
4422 1
4422 1
4422 1
4422 1
4422 1
4422 1
4422 1
4422 1
4422 1
4422 1
4422 1
4422 1
4422 1
4422 1
4422 1
4422 1
4422 1
4422 1
4422 1
4422 1
4422 1
4422 1
4422 1
4422 1
4422 1
4422 1
4422 1
4422 1
4422 1
4422 1
4422 1
4422 1
4422 1
4422 1
4422 1
4422 1
4422 1
4422 1
4422 1
4727 1
4727 1
4727 1
4727 1
4727 1
4727 1
4727 1
4727 1
4727 1
4727 1
4727 1
4727 1
4727 1
4727 1
4727 1
4727 1
4727 1
4727 1
4727 1
4727 1
4727 1
4727 1
4727 1
4727 1
4727 1
4727 1
4727 1
4727 1
4727 1
4727 1
4727 1
4727 1
4727 1
4727 1
4727 1
4727 1
4727 1
4727 1
4727 1
4727 1
4727 1
4727 1
4727 1
4727 1
4727 1
4821 1
4821 1
4821 1
4821 1
4821 1
4821 1
4821 1
4821 1
4821 1
4821 1
4821 1
4821 1
4821 1
4821 1
4821 1
4821 1
4821 1
4821 1
4821 1
4821 1
4821 1
4821 1
4821 1
4821 1
4821 1
4821 1
4821 1
4821 1
4821 1
4821 1
4821 1
4821 1
4821 1
4821 1
4821 1
4821 1
4821 1
4821 1
4821 1
4821 1
4821 1
4821 1
4821 1
4821 1
4821 1
4603 1
4603 1
4603 1
4603 1
4603 1
4603 1
4603 1
4603 1
4603 1
4603 1
4603 1
4603 1
4603 1
4603 1
4603 1
4603 1
4603 1
4603 1
4603 1
4603 1
4603 1
4603 1
4603 1
4603 1
4603 1
4603 1
4603 1
4603 1
4603 1
4603 1
4603 1
4603 1
4603 1
4603 1
4603 1
4603 1
4603 1
4603 1
4603 1
4603 1
4603 1
4603 1
4603 1
4603 1
4603 1
4601 1
4601 1
4601 1
4601 1
4601 1
4601 1
4601 1
4601 1
4601 1
4601 1
4601 1
4601 1
4601 1
4601 1
4601 1
4601 1
4601 1
4601 1
4601 1
4601 1
4601 1
4601 1
4601 1
4601 1
4601 1
4601 1
4601 1
4601 1
4601 1
4601 1
4601 1
4601 1
4601 1
4601 1
4601 1
4601 1
4601 1
4601 1
4601 1
4601 1
4601 1
4601 1
4601 1
4601 1
4601 1
4795 1
4795 1
4795 1
4795 1
4795 1
4795 1
4795 1
4795 1
4795 1
4795 1
4795 1
4795 1
4795 1
4795 1
4795 1
4795 1
4795 1
4795 1
4795 1
4795 1
4795 1
4795 1
4795 1
4795 1
4795 1
4795 1
4795 1
4795 1
4795 1
4795 1
4795 1
4795 1
4795 1
4795 1
4795 1
4795 1
4795 1
4795 1
4795 1
4795 1
4795 1
4795 1
4795 1
4795 1
4795 1
5089 1
5089 1
5089 1
5089 1
5089 1
5089 1
5089 1
5089 1
5089 1
5089 1
5089 1
5089 1
5089 1
5089 1
5089 1
5089 1
5089 1
5089 1
5089 1
5089 1
5089 1
5089 1
5089 1
5089 1
5089 1
5089 1
5089 1
5089 1
5089 1
5089 1
5089 1
5089 1
5089 1
5089 1
5089 1
5089 1
5089 1
5089 1
5089 1
5089 1
5089 1
5089 1
5089 1
5089 1
5089 1
4779 1
4779 1
4779 1
4779 1
4779 1
4779 1
4779 1
4779 1
4779 1
4779 1
4779 1
4779 1
4779 1
4779 1
4779 1
4779 1
4779 1
4779 1
4779 1
4779 1
4779 1
4779 1
4779 1
4779 1
4779 1
4779 1
4779 1
4779 1
4779 1
4779 1
4779 1
4779 1
4779 1
4779 1
4779 1
4779 1
4779 1
4779 1
4779 1
4779 1
4779 1
4779 1
4779 1
4779 1
4779 1
4890 1
4890 1
4890 1
4890 1
4890 1
4890 1
4890 1
4890 1
4890 1
4890 1
4890 1
4890 1
4890 1
4890 1
4890 1
4890 1
4890 1
4890 1
4890 1
4890 1
4890 1
4890 1
4890 1
4890 1
4890 1
4890 1
4890 1
4890 1
4890 1
4890 1
4890 1
4890 1
4890 1
4890 1
4890 1
4890 1
4890 1
4890 1
4890 1
4890 1
4890 1
4890 1
4890 1
4890 1
4890 1
5181 1
5181 1
5181 1
5181 1
5181 1
5181 1
5181 1
5181 1
5181 1
5181 1
5181 1
5181 1
5181 1
5181 1
5181 1
5181 1
5181 1
5181 1
5181 1
5181 1
5181 1
5181 1
5181 1
5181 1
5181 1
5181 1
5181 1
5181 1
5181 1
5181 1
5181 1
5181 1
5181 1
5181 1
5181 1
5181 1
5181 1
5181 1
5181 1
5181 1
5181 1
5181 1
5181 1
5181 1
5181 1
5180 1
5180 1
5180 1
5180 1
5180 1
5180 1
5180 1
5180 1
5180 1
5180 1
5180 1
5180 1
5180 1
5180 1
5180 1
5180 1
5180 1
5180 1
5180 1
5180 1
5180 1
5180 1
5180 1
5180 1
5180 1
5180 1
5180 1
5180 1
5180 1
5180 1
5180 1
5180 1
5180 1
5180 1
5180 1
5180 1
5180 1
5180 1
5180 1
5180 1
5180 1
5180 1
5180 1
5180 1
5180 1
4868 1
4868 1
4868 1
4868 1
4868 1
4868 1
4868 1
4868 1
4868 1
4868 1
4868 1
4868 1
4868 1
4868 1
4868 1
4868 1
4868 1
4868 1
4868 1
4868 1
4868 1
4868 1
4868 1
4868 1
4868 1
4868 1
4868 1
4868 1
4868 1
4868 1
4868 1
4868 1
4868 1
4868 1
4868 1
4868 1
4868 1
4868 1
4868 1
4868 1
4868 1
4868 1
4868 1
4868 1
4868 1
4869 1
4869 1
4869 1
4869 1
4869 1
4869 1
4869 1
4869 1
4869 1
4869 1
4869 1
4869 1
4869 1
4869 1
4869 1
4869 1
4869 1
4869 1
4869 1
4869 1
4869 1
4869 1
4869 1
4869 1
4869 1
4869 1
4869 1
4869 1
4869 1
4869 1
4869 1
4869 1
4869 1
4869 1
4869 1
4869 1
4869 1
4869 1
4869 1
4869 1
4869 1
4869 1
4869 1
4869 1
4869 1
4985 1
4985 1
4985 1
4985 1
4985 1
4985 1
4985 1
4985 1
4985 1
4985 1
4985 1
4985 1
4985 1
4985 1
4985 1
4985 1
4985 1
4985 1
4985 1
4985 1
4985 1
4985 1
4985 1
4985 1
4985 1
4985 1
4985 1
4985 1
4985 1
4985 1
4985 1
4985 1
4985 1
4985 1
4985 1
4985 1
4985 1
4985 1
4985 1
4985 1
4985 1
4985 1
4985 1
4985 1
4985 1
4981 1
4981 1
4981 1
4981 1
4981 1
4981 1
4981 1
4981 1
4981 1
4981 1
4981 1
4981 1
4981 1
4981 1
4981 1
4981 1
4981 1
4981 1
4981 1
4981 1
4981 1
4981 1
4981 1
4981 1
4981 1
4981 1
4981 1
4981 1
4981 1
4981 1
4981 1
4981 1
4981 1
4981 1
4981 1
4981 1
4981 1
4981 1
4981 1
4981 1
4981 1
4981 1
4981 1
4981 1
4981 1
4980 1
4980 1
4980 1
4980 1
4980 1
4980 1
4980 1
4980 1
4980 1
4980 1
4980 1
4980 1
4980 1
4980 1
4980 1
4980 1
4980 1
4980 1
4980 1
4980 1
4980 1
4980 1
4980 1
4980 1
4980 1
4980 1
4980 1
4980 1
4980 1
4980 1
4980 1
4980 1
4980 1
4980 1
4980 1
4980 1
4980 1
4980 1
4980 1
4980 1
4980 1
4980 1
4980 1
4980 1
4980 1
5270 1
5270 1
5270 1
5270 1
5270 1
5270 1
5270 1
5270 1
5270 1
5270 1
5270 1
5270 1
5270 1
5270 1
5270 1
5270 1
5270 1
5270 1
5270 1
5270 1
5270 1
5270 1
5270 1
5270 1
5270 1
5270 1
5270 1
5270 1
5270 1
5270 1
5270 1
5270 1
5270 1
5270 1
5270 1
5270 1
5270 1
5270 1
5270 1
5270 1
5270 1
5270 1
5270 1
5270 1
5270 1
5070 1
5070 1
5070 1
5070 1
5070 1
5070 1
5070 1
5070 1
5070 1
5070 1
5070 1
5070 1
5070 1
5070 1
5070 1
5070 1
5070 1
5070 1
5070 1
5070 1
5070 1
5070 1
5070 1
5070 1
5070 1
5070 1
5070 1
5070 1
5070 1
5070 1
5070 1
5070 1
5070 1
5070 1
5070 1
5070 1
5070 1
5070 1
5070 1
5070 1
5070 1
5070 1
5070 1
5070 1
5070 1
5055 1
5055 1
5055 1
5055 1
5055 1
5055 1
5055 1
5055 1
5055 1
5055 1
5055 1
5055 1
5055 1
5055 1
5055 1
5055 1
5055 1
5055 1
5055 1
5055 1
5055 1
5055 1
5055 1
5055 1
5055 1
5055 1
5055 1
5055 1
5055 1
5055 1
5055 1
5055 1
5055 1
5055 1
5055 1
5055 1
5055 1
5055 1
5055 1
5055 1
5055 1
5055 1
5055 1
5055 1
5055 1
5045 1
5045 1
5045 1
5045 1
5045 1
5045 1
5045 1
5045 1
5045 1
5045 1
5045 1
5045 1
5045 1
5045 1
5045 1
5045 1
5045 1
5045 1
5045 1
5045 1
5045 1
5045 1
5045 1
5045 1
5045 1
5045 1
5045 1
5045 1
5045 1
5045 1
5045 1
5045 1
5045 1
5045 1
5045 1
5045 1
5045 1
5045 1
5045 1
5045 1
5045 1
5045 1
5045 1
5045 1
5045 1
5162 1
5162 1
5162 1
5162 1
5162 1
5162 1
5162 1
5162 1
5162 1
5162 1
5162 1
5162 1
5162 1
5162 1
5162 1
5162 1
5162 1
5162 1
5162 1
5162 1
5162 1
5162 1
5162 1
5162 1
5162 1
5162 1
5162 1
5162 1
5162 1
5162 1
5162 1
5162 1
5162 1
5162 1
5162 1
5162 1
5162 1
5162 1
5162 1
5162 1
5162 1
5162 1
5162 1
5162 1
5162 1
5157 1
5157 1
5157 1
5157 1
5157 1
5157 1
5157 1
5157 1
5157 1
5157 1
5157 1
5157 1
5157 1
5157 1
5157 1
5157 1
5157 1
5157 1
5157 1
5157 1
5157 1
5157 1
5157 1
5157 1
5157 1
5157 1
5157 1
5157 1
5157 1
5157 1
5157 1
5157 1
5157 1
5157 1
5157 1
5157 1
5157 1
5157 1
5157 1
5157 1
5157 1
5157 1
5157 1
5157 1
5157 1
5154 1
5154 1
5154 1
5154 1
5154 1
5154 1
5154 1
5154 1
5154 1
5154 1
5154 1
5154 1
5154 1
5154 1
5154 1
5154 1
5154 1
5154 1
5154 1
5154 1
5154 1
5154 1
5154 1
5154 1
5154 1
5154 1
5154 1
5154 1
5154 1
5154 1
5154 1
5154 1
5154 1
5154 1
5154 1
5154 1
5154 1
5154 1
5154 1
5154 1
5154 1
5154 1
5154 1
5154 1
5154 1
5151 1
5151 1
5151 1
5151 1
5151 1
5151 1
5151 1
5151 1
5151 1
5151 1
5151 1
5151 1
5151 1
5151 1
5151 1
5151 1
5151 1
5151 1
5151 1
5151 1
5151 1
5151 1
5151 1
5151 1
5151 1
5151 1
5151 1
5151 1
5151 1
5151 1
5151 1
5151 1
5151 1
5151 1
5151 1
5151 1
5151 1
5151 1
5151 1
5151 1
5151 1
5151 1
5151 1
5151 1
5151 1
5234 1
5234 1
5234 1
5234 1
5234 1
5234 1
5234 1
5234 1
5234 1
5234 1
5234 1
5234 1
5234 1
5234 1
5234 1
5234 1
5234 1
5234 1
5234 1
5234 1
5234 1
5234 1
5234 1
5234 1
5234 1
5234 1
5234 1
5234 1
5234 1
5234 1
5234 1
5234 1
5234 1
5234 1
5234 1
5234 1
5234 1
5234 1
5234 1
5234 1
5234 1
5234 1
5234 1
5234 1
5234 1
5533 1
5533 1
5533 1
5533 1
5533 1
5533 1
5533 1
5533 1
5533 1
5533 1
5533 1
5533 1
5533 1
5533 1
5533 1
5533 1
5533 1
5533 1
5533 1
5533 1
5533 1
5533 1
5533 1
5533 1
5533 1
5533 1
5533 1
5533 1
5533 1
5533 1
5533 1
5533 1
5533 1
5533 1
5533 1
5533 1
5533 1
5533 1
5533 1
5533 1
5533 1
5533 1
5533 1
5533 1
5533 1
5527 1
5527 1
5527 1
5527 1
5527 1
5527 1
5527 1
5527 1
5527 1
5527 1
5527 1
5527 1
5527 1
5527 1
5527 1
5527 1
5527 1
5527 1
5527 1
5527 1
5527 1
5527 1
5527 1
5527 1
5527 1
5527 1
5527 1
5527 1
5527 1
5527 1
5527 1
5527 1
5527 1
5527 1
5527 1
5527 1
5527 1
5527 1
5527 1
5527 1
5527 1
5527 1
5527 1
5527 1
5527 1
5310 1
5310 1
5310 1
5310 1
5310 1
5310 1
5310 1
5310 1
5310 1
5310 1
5310 1
5310 1
5310 1
5310 1
5310 1
5310 1
5310 1
5310 1
5310 1
5310 1
5310 1
5310 1
5310 1
5310 1
5310 1
5310 1
5310 1
5310 1
5310 1
5310 1
5310 1
5310 1
5310 1
5310 1
5310 1
5310 1
5310 1
5310 1
5310 1
5310 1
5310 1
5310 1
5310 1
5310 1
5310 1
5320 1
5320 1
5320 1
5320 1
5320 1
5320 1
5320 1
5320 1
5320 1
5320 1
5320 1
5320 1
5320 1
5320 1
5320 1
5320 1
5320 1
5320 1
5320 1
5320 1
5320 1
5320 1
5320 1
5320 1
5320 1
5320 1
5320 1
5320 1
5320 1
5320 1
5320 1
5320 1
5320 1
5320 1
5320 1
5320 1
5320 1
5320 1
5320 1
5320 1
5320 1
5320 1
5320 1
5320 1
5320 1
5430 1
5430 1
5430 1
5430 1
5430 1
5430 1
5430 1
5430 1
5430 1
5430 1
5430 1
5430 1
5430 1
5430 1
5430 1
5430 1
5430 1
5430 1
5430 1
5430 1
5430 1
5430 1
5430 1
5430 1
5430 1
5430 1
5430 1
5430 1
5430 1
5430 1
5430 1
5430 1
5430 1
5430 1
5430 1
5430 1
5430 1
5430 1
5430 1
5430 1
5430 1
5430 1
5430 1
5430 1
5430 1
5427 1
5427 1
5427 1
5427 1
5427 1
5427 1
5427 1
5427 1
5427 1
5427 1
5427 1
5427 1
5427 1
5427 1
5427 1
5427 1
5427 1
5427 1
5427 1
5427 1
5427 1
5427 1
5427 1
5427 1
5427 1
5427 1
5427 1
5427 1
5427 1
5427 1
5427 1
5427 1
5427 1
5427 1
5427 1
5427 1
5427 1
5427 1
5427 1
5427 1
5427 1
5427 1
5427 1
5427 1
5427 1
5426 1
5426 1
5426 1
5426 1
5426 1
5426 1
5426 1
5426 1
5426 1
5426 1
5426 1
5426 1
5426 1
5426 1
5426 1
5426 1
5426 1
5426 1
5426 1
5426 1
5426 1
5426 1
5426 1
5426 1
5426 1
5426 1
5426 1
5426 1
5426 1
5426 1
5426 1
5426 1
5426 1
5426 1
5426 1
5426 1
5426 1
5426 1
5426 1
5426 1
5426 1
5426 1
5426 1
5426 1
5426 1
5618 1
5618 1
5618 1
5618 1
5618 1
5618 1
5618 1
5618 1
5618 1
5618 1
5618 1
5618 1
5618 1
5618 1
5618 1
5618 1
5618 1
5618 1
5618 1
5618 1
5618 1
5618 1
5618 1
5618 1
5618 1
5618 1
5618 1
5618 1
5618 1
5618 1
5618 1
5618 1
5618 1
5618 1
5618 1
5618 1
5618 1
5618 1
5618 1
5618 1
5618 1
5618 1
5618 1
5618 1
5618 1
5425 1
5425 1
5425 1
5425 1
5425 1
5425 1
5425 1
5425 1
5425 1
5425 1
5425 1
5425 1
5425 1
5425 1
5425 1
5425 1
5425 1
5425 1
5425 1
5425 1
5425 1
5425 1
5425 1
5425 1
5425 1
5425 1
5425 1
5425 1
5425 1
5425 1
5425 1
5425 1
5425 1
5425 1
5425 1
5425 1
5425 1
5425 1
5425 1
5425 1
5425 1
5425 1
5425 1
5425 1
5425 1
5423 1
5423 1
5423 1
5423 1
5423 1
5423 1
5423 1
5423 1
5423 1
5423 1
5423 1
5423 1
5423 1
5423 1
5423 1
5423 1
5423 1
5423 1
5423 1
5423 1
5423 1
5423 1
5423 1
5423 1
5423 1
5423 1
5423 1
5423 1
5423 1
5423 1
5423 1
5423 1
5423 1
5423 1
5423 1
5423 1
5423 1
5423 1
5423 1
5423 1
5423 1
5423 1
5423 1
5423 1
5423 1
5615 1
5615 1
5615 1
5615 1
5615 1
5615 1
5615 1
5615 1
5615 1
5615 1
5615 1
5615 1
5615 1
5615 1
5615 1
5615 1
5615 1
5615 1
5615 1
5615 1
5615 1
5615 1
5615 1
5615 1
5615 1
5615 1
5615 1
5615 1
5615 1
5615 1
5615 1
5615 1
5615 1
5615 1
5615 1
5615 1
5615 1
5615 1
5615 1
5615 1
5615 1
5615 1
5615 1
5615 1
5615 1
5419 1
5419 1
5419 1
5419 1
5419 1
5419 1
5419 1
5419 1
5419 1
5419 1
5419 1
5419 1
5419 1
5419 1
5419 1
5419 1
5419 1
5419 1
5419 1
5419 1
5419 1
5419 1
5419 1
5419 1
5419 1
5419 1
5419 1
5419 1
5419 1
5419 1
5419 1
5419 1
5419 1
5419 1
5419 1
5419 1
5419 1
5419 1
5419 1
5419 1
5419 1
5419 1
5419 1
5419 1
5419 1
5418 1
5418 1
5418 1
5418 1
5418 1
5418 1
5418 1
5418 1
5418 1
5418 1
5418 1
5418 1
5418 1
5418 1
5418 1
5418 1
5418 1
5418 1
5418 1
5418 1
5418 1
5418 1
5418 1
5418 1
5418 1
5418 1
5418 1
5418 1
5418 1
5418 1
5418 1
5418 1
5418 1
5418 1
5418 1
5418 1
5418 1
5418 1
5418 1
5418 1
5418 1
5418 1
5418 1
5418 1
5418 1
5614 1
5614 1
5614 1
5614 1
5614 1
5614 1
5614 1
5614 1
5614 1
5614 1
5614 1
5614 1
5614 1
5614 1
5614 1
5614 1
5614 1
5614 1
5614 1
5614 1
5614 1
5614 1
5614 1
5614 1
5614 1
5614 1
5614 1
5614 1
5614 1
5614 1
5614 1
5614 1
5614 1
5614 1
5614 1
5614 1
5614 1
5614 1
5614 1
5614 1
5614 1
5614 1
5614 1
5614 1
5614 1
5517 1
5517 1
5517 1
5517 1
5517 1
5517 1
5517 1
5517 1
5517 1
5517 1
5517 1
5517 1
5517 1
5517 1
5517 1
5517 1
5517 1
5517 1
5517 1
5517 1
5517 1
5517 1
5517 1
5517 1
5517 1
5517 1
5517 1
5517 1
5517 1
5517 1
5517 1
5517 1
5517 1
5517 1
5517 1
5517 1
5517 1
5517 1
5517 1
5517 1
5517 1
5517 1
5517 1
5517 1
5517 1
5516 1
5516 1
5516 1
5516 1
5516 1
5516 1
5516 1
5516 1
5516 1
5516 1
5516 1
5516 1
5516 1
5516 1
5516 1
5516 1
5516 1
5516 1
5516 1
5516 1
5516 1
5516 1
5516 1
5516 1
5516 1
5516 1
5516 1
5516 1
5516 1
5516 1
5516 1
5516 1
5516 1
5516 1
5516 1
5516 1
5516 1
5516 1
5516 1
5516 1
5516 1
5516 1
5516 1
5516 1
5516 1
5511 1
5511 1
5511 1
5511 1
5511 1
5511 1
5511 1
5511 1
5511 1
5511 1
5511 1
5511 1
5511 1
5511 1
5511 1
5511 1
5511 1
5511 1
5511 1
5511 1
5511 1
5511 1
5511 1
5511 1
5511 1
5511 1
5511 1
5511 1
5511 1
5511 1
5511 1
5511 1
5511 1
5511 1
5511 1
5511 1
5511 1
5511 1
5511 1
5511 1
5511 1
5511 1
5511 1
5511 1
5511 1
5704 1
5704 1
5704 1
5704 1
5704 1
5704 1
5704 1
5704 1
5704 1
5704 1
5704 1
5704 1
5704 1
5704 1
5704 1
5704 1
5704 1
5704 1
5704 1
5704 1
5704 1
5704 1
5704 1
5704 1
5704 1
5704 1
5704 1
5704 1
5704 1
5704 1
5704 1
5704 1
5704 1
5704 1
5704 1
5704 1
5704 1
5704 1
5704 1
5704 1
5704 1
5704 1
5704 1
5704 1
5704 1
5508 1
5508 1
5508 1
5508 1
5508 1
5508 1
5508 1
5508 1
5508 1
5508 1
5508 1
5508 1
5508 1
5508 1
5508 1
5508 1
5508 1
5508 1
5508 1
5508 1
5508 1
5508 1
5508 1
5508 1
5508 1
5508 1
5508 1
5508 1
5508 1
5508 1
5508 1
5508 1
5508 1
5508 1
5508 1
5508 1
5508 1
5508 1
5508 1
5508 1
5508 1
5508 1
5508 1
5508 1
5508 1
5703 1
5703 1
5703 1
5703 1
5703 1
5703 1
5703 1
5703 1
5703 1
5703 1
5703 1
5703 1
5703 1
5703 1
5703 1
5703 1
5703 1
5703 1
5703 1
5703 1
5703 1
5703 1
5703 1
5703 1
5703 1
5703 1
5703 1
5703 1
5703 1
5703 1
5703 1
5703 1
5703 1
5703 1
5703 1
5703 1
5703 1
5703 1
5703 1
5703 1
5703 1
5703 1
5703 1
5703 1
5703 1
5507 1
5507 1
5507 1
5507 1
5507 1
5507 1
5507 1
5507 1
5507 1
5507 1
5507 1
5507 1
5507 1
5507 1
5507 1
5507 1
5507 1
5507 1
5507 1
5507 1
5507 1
5507 1
5507 1
5507 1
5507 1
5507 1
5507 1
5507 1
5507 1
5507 1
5507 1
5507 1
5507 1
5507 1
5507 1
5507 1
5507 1
5507 1
5507 1
5507 1
5507 1
5507 1
5507 1
5507 1
5507 1
5702 1
5702 1
5702 1
5702 1
5702 1
5702 1
5702 1
5702 1
5702 1
5702 1
5702 1
5702 1
5702 1
5702 1
5702 1
5702 1
5702 1
5702 1
5702 1
5702 1
5702 1
5702 1
5702 1
5702 1
5702 1
5702 1
5702 1
5702 1
5702 1
5702 1
5702 1
5702 1
5702 1
5702 1
5702 1
5702 1
5702 1
5702 1
5702 1
5702 1
5702 1
5702 1
5702 1
5702 1
5702 1
5701 1
5701 1
5701 1
5701 1
5701 1
5701 1
5701 1
5701 1
5701 1
5701 1
5701 1
5701 1
5701 1
5701 1
5701 1
5701 1
5701 1
5701 1
5701 1
5701 1
5701 1
5701 1
5701 1
5701 1
5701 1
5701 1
5701 1
5701 1
5701 1
5701 1
5701 1
5701 1
5701 1
5701 1
5701 1
5701 1
5701 1
5701 1
5701 1
5701 1
5701 1
5701 1
5701 1
5701 1
5701 1
5605 1
5605 1
5605 1
5605 1
5605 1
5605 1
5605 1
5605 1
5605 1
5605 1
5605 1
5605 1
5605 1
5605 1
5605 1
5605 1
5605 1
5605 1
5605 1
5605 1
5605 1
5605 1
5605 1
5605 1
5605 1
5605 1
5605 1
5605 1
5605 1
5605 1
5605 1
5605 1
5605 1
5605 1
5605 1
5605 1
5605 1
5605 1
5605 1
5605 1
5605 1
5605 1
5605 1
5605 1
5605 1
5798 1
5798 1
5798 1
5798 1
5798 1
5798 1
5798 1
5798 1
5798 1
5798 1
5798 1
5798 1
5798 1
5798 1
5798 1
5798 1
5798 1
5798 1
5798 1
5798 1
5798 1
5798 1
5798 1
5798 1
5798 1
5798 1
5798 1
5798 1
5798 1
5798 1
5798 1
5798 1
5798 1
5798 1
5798 1
5798 1
5798 1
5798 1
5798 1
5798 1
5798 1
5798 1
5798 1
5798 1
5798 1
5602 1
5602 1
5602 1
5602 1
5602 1
5602 1
5602 1
5602 1
5602 1
5602 1
5602 1
5602 1
5602 1
5602 1
5602 1
5602 1
5602 1
5602 1
5602 1
5602 1
5602 1
5602 1
5602 1
5602 1
5602 1
5602 1
5602 1
5602 1
5602 1
5602 1
5602 1
5602 1
5602 1
5602 1
5602 1
5602 1
5602 1
5602 1
5602 1
5602 1
5602 1
5602 1
5602 1
5602 1
5602 1
5601 1
5601 1
5601 1
5601 1
5601 1
5601 1
5601 1
5601 1
5601 1
5601 1
5601 1
5601 1
5601 1
5601 1
5601 1
5601 1
5601 1
5601 1
5601 1
5601 1
5601 1
5601 1
5601 1
5601 1
5601 1
5601 1
5601 1
5601 1
5601 1
5601 1
5601 1
5601 1
5601 1
5601 1
5601 1
5601 1
5601 1
5601 1
5601 1
5601 1
5601 1
5601 1
5601 1
5601 1
5601 1
5796 1
5796 1
5796 1
5796 1
5796 1
5796 1
5796 1
5796 1
5796 1
5796 1
5796 1
5796 1
5796 1
5796 1
5796 1
5796 1
5796 1
5796 1
5796 1
5796 1
5796 1
5796 1
5796 1
5796 1
5796 1
5796 1
5796 1
5796 1
5796 1
5796 1
5796 1
5796 1
5796 1
5796 1
5796 1
5796 1
5796 1
5796 1
5796 1
5796 1
5796 1
5796 1
5796 1
5796 1
5796 1
5600 1
5600 1
5600 1
5600 1
5600 1
5600 1
5600 1
5600 1
5600 1
5600 1
5600 1
5600 1
5600 1
5600 1
5600 1
5600 1
5600 1
5600 1
5600 1
5600 1
5600 1
5600 1
5600 1
5600 1
5600 1
5600 1
5600 1
5600 1
5600 1
5600 1
5600 1
5600 1
5600 1
5600 1
5600 1
5600 1
5600 1
5600 1
5600 1
5600 1
5600 1
5600 1
5600 1
5600 1
5600 1
5795 1
5795 1
5795 1
5795 1
5795 1
5795 1
5795 1
5795 1
5795 1
5795 1
5795 1
5795 1
5795 1
5795 1
5795 1
5795 1
5795 1
5795 1
5795 1
5795 1
5795 1
5795 1
5795 1
5795 1
5795 1
5795 1
5795 1
5795 1
5795 1
5795 1
5795 1
5795 1
5795 1
5795 1
5795 1
5795 1
5795 1
5795 1
5795 1
5795 1
5795 1
5795 1
5795 1
5795 1
5795 1
9810 1
9810 1
9810 1
9810 1
9810 1
9810 1
9810 1
9810 1
9810 1
9810 1
9810 1
9810 1
9810 1
9810 1
9810 1
9810 1
9810 1
9810 1
9810 1
9810 1
9810 1
9810 1
9810 1
9810 1
9810 1
9810 1
9810 1
9810 1
9810 1
9810 1
9810 1
9810 1
9810 1
9810 1
9810 1
9810 1
9810 1
9810 1
9810 1
9810 1
9810 1
9810 1
9810 1
9810 1
9810 1
5793 1
5793 1
5793 1
5793 1
5793 1
5793 1
5793 1
5793 1
5793 1
5793 1
5793 1
5793 1
5793 1
5793 1
5793 1
5793 1
5793 1
5793 1
5793 1
5793 1
5793 1
5793 1
5793 1
5793 1
5793 1
5793 1
5793 1
5793 1
5793 1
5793 1
5793 1
5793 1
5793 1
5793 1
5793 1
5793 1
5793 1
5793 1
5793 1
5793 1
5793 1
5793 1
5793 1
5793 1
5793 1
5592 1
5592 1
5592 1
5592 1
5592 1
5592 1
5592 1
5592 1
5592 1
5592 1
5592 1
5592 1
5592 1
5592 1
5592 1
5592 1
5592 1
5592 1
5592 1
5592 1
5592 1
5592 1
5592 1
5592 1
5592 1
5592 1
5592 1
5592 1
5592 1
5592 1
5592 1
5592 1
5592 1
5592 1
5592 1
5592 1
5592 1
5592 1
5592 1
5592 1
5592 1
5592 1
5592 1
5592 1
5592 1
5591 1
5591 1
5591 1
5591 1
5591 1
5591 1
5591 1
5591 1
5591 1
5591 1
5591 1
5591 1
5591 1
5591 1
5591 1
5591 1
5591 1
5591 1
5591 1
5591 1
5591 1
5591 1
5591 1
5591 1
5591 1
5591 1
5591 1
5591 1
5591 1
5591 1
5591 1
5591 1
5591 1
5591 1
5591 1
5591 1
5591 1
5591 1
5591 1
5591 1
5591 1
5591 1
5591 1
5591 1
5591 1
5792 1
5792 1
5792 1
5792 1
5792 1
5792 1
5792 1
5792 1
5792 1
5792 1
5792 1
5792 1
5792 1
5792 1
5792 1
5792 1
5792 1
5792 1
5792 1
5792 1
5792 1
5792 1
5792 1
5792 1
5792 1
5792 1
5792 1
5792 1
5792 1
5792 1
5792 1
5792 1
5792 1
5792 1
5792 1
5792 1
5792 1
5792 1
5792 1
5792 1
5792 1
5792 1
5792 1
5792 1
5792 1
5694 1
5694 1
5694 1
5694 1
5694 1
5694 1
5694 1
5694 1
5694 1
5694 1
5694 1
5694 1
5694 1
5694 1
5694 1
5694 1
5694 1
5694 1
5694 1
5694 1
5694 1
5694 1
5694 1
5694 1
5694 1
5694 1
5694 1
5694 1
5694 1
5694 1
5694 1
5694 1
5694 1
5694 1
5694 1
5694 1
5694 1
5694 1
5694 1
5694 1
5694 1
5694 1
5694 1
5694 1
5694 1
5572 1
5572 1
5572 1
5572 1
5572 1
5572 1
5572 1
5572 1
5572 1
5572 1
5572 1
5572 1
5572 1
5572 1
5572 1
5572 1
5572 1
5572 1
5572 1
5572 1
5572 1
5572 1
5572 1
5572 1
5572 1
5572 1
5572 1
5572 1
5572 1
5572 1
5572 1
5572 1
5572 1
5572 1
5572 1
5572 1
5572 1
5572 1
5572 1
5572 1
5572 1
5572 1
5572 1
5572 1
5572 1
5692 1
5692 1
5692 1
5692 1
5692 1
5692 1
5692 1
5692 1
5692 1
5692 1
5692 1
5692 1
5692 1
5692 1
5692 1
5692 1
5692 1
5692 1
5692 1
5692 1
5692 1
5692 1
5692 1
5692 1
5692 1
5692 1
5692 1
5692 1
5692 1
5692 1
5692 1
5692 1
5692 1
5692 1
5692 1
5692 1
5692 1
5692 1
5692 1
5692 1
5692 1
5692 1
5692 1
5692 1
5692 1
5689 1
5689 1
5689 1
5689 1
5689 1
5689 1
5689 1
5689 1
5689 1
5689 1
5689 1
5689 1
5689 1
5689 1
5689 1
5689 1
5689 1
5689 1
5689 1
5689 1
5689 1
5689 1
5689 1
5689 1
5689 1
5689 1
5689 1
5689 1
5689 1
5689 1
5689 1
5689 1
5689 1
5689 1
5689 1
5689 1
5689 1
5689 1
5689 1
5689 1
5689 1
5689 1
5689 1
5689 1
5689 1
5688 1
5688 1
5688 1
5688 1
5688 1
5688 1
5688 1
5688 1
5688 1
5688 1
5688 1
5688 1
5688 1
5688 1
5688 1
5688 1
5688 1
5688 1
5688 1
5688 1
5688 1
5688 1
5688 1
5688 1
5688 1
5688 1
5688 1
5688 1
5688 1
5688 1
5688 1
5688 1
5688 1
5688 1
5688 1
5688 1
5688 1
5688 1
5688 1
5688 1
5688 1
5688 1
5688 1
5688 1
5688 1
5887 1
5887 1
5887 1
5887 1
5887 1
5887 1
5887 1
5887 1
5887 1
5887 1
5887 1
5887 1
5887 1
5887 1
5887 1
5887 1
5887 1
5887 1
5887 1
5887 1
5887 1
5887 1
5887 1
5887 1
5887 1
5887 1
5887 1
5887 1
5887 1
5887 1
5887 1
5887 1
5887 1
5887 1
5887 1
5887 1
5887 1
5887 1
5887 1
5887 1
5887 1
5887 1
5887 1
5887 1
5887 1
5787 1
5787 1
5787 1
5787 1
5787 1
5787 1
5787 1
5787 1
5787 1
5787 1
5787 1
5787 1
5787 1
5787 1
5787 1
5787 1
5787 1
5787 1
5787 1
5787 1
5787 1
5787 1
5787 1
5787 1
5787 1
5787 1
5787 1
5787 1
5787 1
5787 1
5787 1
5787 1
5787 1
5787 1
5787 1
5787 1
5787 1
5787 1
5787 1
5787 1
5787 1
5787 1
5787 1
5787 1
5787 1
5786 1
5786 1
5786 1
5786 1
5786 1
5786 1
5786 1
5786 1
5786 1
5786 1
5786 1
5786 1
5786 1
5786 1
5786 1
5786 1
5786 1
5786 1
5786 1
5786 1
5786 1
5786 1
5786 1
5786 1
5786 1
5786 1
5786 1
5786 1
5786 1
5786 1
5786 1
5786 1
5786 1
5786 1
5786 1
5786 1
5786 1
5786 1
5786 1
5786 1
5786 1
5786 1
5786 1
5786 1
5786 1
5678 1
5678 1
5678 1
5678 1
5678 1
5678 1
5678 1
5678 1
5678 1
5678 1
5678 1
5678 1
5678 1
5678 1
5678 1
5678 1
5678 1
5678 1
5678 1
5678 1
5678 1
5678 1
5678 1
5678 1
5678 1
5678 1
5678 1
5678 1
5678 1
5678 1
5678 1
5678 1
5678 1
5678 1
5678 1
5678 1
5678 1
5678 1
5678 1
5678 1
5678 1
5678 1
5678 1
5678 1
5678 1
5677 1
5677 1
5677 1
5677 1
5677 1
5677 1
5677 1
5677 1
5677 1
5677 1
5677 1
5677 1
5677 1
5677 1
5677 1
5677 1
5677 1
5677 1
5677 1
5677 1
5677 1
5677 1
5677 1
5677 1
5677 1
5677 1
5677 1
5677 1
5677 1
5677 1
5677 1
5677 1
5677 1
5677 1
5677 1
5677 1
5677 1
5677 1
5677 1
5677 1
5677 1
5677 1
5677 1
5677 1
5677 1
5676 1
5676 1
5676 1
5676 1
5676 1
5676 1
5676 1
5676 1
5676 1
5676 1
5676 1
5676 1
5676 1
5676 1
5676 1
5676 1
5676 1
5676 1
5676 1
5676 1
5676 1
5676 1
5676 1
5676 1
5676 1
5676 1
5676 1
5676 1
5676 1
5676 1
5676 1
5676 1
5676 1
5676 1
5676 1
5676 1
5676 1
5676 1
5676 1
5676 1
5676 1
5676 1
5676 1
5676 1
5676 1
5675 1
5675 1
5675 1
5675 1
5675 1
5675 1
5675 1
5675 1
5675 1
5675 1
5675 1
5675 1
5675 1
5675 1
5675 1
5675 1
5675 1
5675 1
5675 1
5675 1
5675 1
5675 1
5675 1
5675 1
5675 1
5675 1
5675 1
5675 1
5675 1
5675 1
5675 1
5675 1
5675 1
5675 1
5675 1
5675 1
5675 1
5675 1
5675 1
5675 1
5675 1
5675 1
5675 1
5675 1
5675 1
5667 1
5667 1
5667 1
5667 1
5667 1
5667 1
5667 1
5667 1
5667 1
5667 1
5667 1
5667 1
5667 1
5667 1
5667 1
5667 1
5667 1
5667 1
5667 1
5667 1
5667 1
5667 1
5667 1
5667 1
5667 1
5667 1
5667 1
5667 1
5667 1
5667 1
5667 1
5667 1
5667 1
5667 1
5667 1
5667 1
5667 1
5667 1
5667 1
5667 1
5667 1
5667 1
5667 1
5667 1
5667 1
5662 1
5662 1
5662 1
5662 1
5662 1
5662 1
5662 1
5662 1
5662 1
5662 1
5662 1
5662 1
5662 1
5662 1
5662 1
5662 1
5662 1
5662 1
5662 1
5662 1
5662 1
5662 1
5662 1
5662 1
5662 1
5662 1
5662 1
5662 1
5662 1
5662 1
5662 1
5662 1
5662 1
5662 1
5662 1
5662 1
5662 1
5662 1
5662 1
5662 1
5662 1
5662 1
5662 1
5662 1
5662 1
5663 1
5663 1
5663 1
5663 1
5663 1
5663 1
5663 1
5663 1
5663 1
5663 1
5663 1
5663 1
5663 1
5663 1
5663 1
5663 1
5663 1
5663 1
5663 1
5663 1
5663 1
5663 1
5663 1
5663 1
5663 1
5663 1
5663 1
5663 1
5663 1
5663 1
5663 1
5663 1
5663 1
5663 1
5663 1
5663 1
5663 1
5663 1
5663 1
5663 1
5663 1
5663 1
5663 1
5663 1
5663 1
5778 1
5778 1
5778 1
5778 1
5778 1
5778 1
5778 1
5778 1
5778 1
5778 1
5778 1
5778 1
5778 1
5778 1
5778 1
5778 1
5778 1
5778 1
5778 1
5778 1
5778 1
5778 1
5778 1
5778 1
5778 1
5778 1
5778 1
5778 1
5778 1
5778 1
5778 1
5778 1
5778 1
5778 1
5778 1
5778 1
5778 1
5778 1
5778 1
5778 1
5778 1
5778 1
5778 1
5778 1
5778 1
5777 1
5777 1
5777 1
5777 1
5777 1
5777 1
5777 1
5777 1
5777 1
5777 1
5777 1
5777 1
5777 1
5777 1
5777 1
5777 1
5777 1
5777 1
5777 1
5777 1
5777 1
5777 1
5777 1
5777 1
5777 1
5777 1
5777 1
5777 1
5777 1
5777 1
5777 1
5777 1
5777 1
5777 1
5777 1
5777 1
5777 1
5777 1
5777 1
5777 1
5777 1
5777 1
5777 1
5777 1
5777 1
5879 1
5879 1
5879 1
5879 1
5879 1
5879 1
5879 1
5879 1
5879 1
5879 1
5879 1
5879 1
5879 1
5879 1
5879 1
5879 1
5879 1
5879 1
5879 1
5879 1
5879 1
5879 1
5879 1
5879 1
5879 1
5879 1
5879 1
5879 1
5879 1
5879 1
5879 1
5879 1
5879 1
5879 1
5879 1
5879 1
5879 1
5879 1
5879 1
5879 1
5879 1
5879 1
5879 1
5879 1
5879 1
5984 1
5984 1
5984 1
5984 1
5984 1
5984 1
5984 1
5984 1
5984 1
5984 1
5984 1
5984 1
5984 1
5984 1
5984 1
5984 1
5984 1
5984 1
5984 1
5984 1
5984 1
5984 1
5984 1
5984 1
5984 1
5984 1
5984 1
5984 1
5984 1
5984 1
5984 1
5984 1
5984 1
5984 1
5984 1
5984 1
5984 1
5984 1
5984 1
5984 1
5984 1
5984 1
5984 1
5984 1
5984 1
10947 1
10947 1
10947 1
10947 1
10947 1
10947 1
10947 1
10947 1
10947 1
10947 1
10947 1
10947 1
10947 1
10947 1
10947 1
10947 1
10947 1
10947 1
10947 1
10947 1
10947 1
10947 1
10947 1
10947 1
10947 1
10947 1
10947 1
10947 1
10947 1
10947 1
10947 1
10947 1
10947 1
10947 1
10947 1
10947 1
10947 1
10947 1
10947 1
10947 1
10947 1
10947 1
10947 1
10947 1
10947 1
5761 1
5761 1
5761 1
5761 1
5761 1
5761 1
5761 1
5761 1
5761 1
5761 1
5761 1
5761 1
5761 1
5761 1
5761 1
5761 1
5761 1
5761 1
5761 1
5761 1
5761 1
5761 1
5761 1
5761 1
5761 1
5761 1
5761 1
5761 1
5761 1
5761 1
5761 1
5761 1
5761 1
5761 1
5761 1
5761 1
5761 1
5761 1
5761 1
5761 1
5761 1
5761 1
5761 1
5761 1
5761 1
5871 1
5871 1
5871 1
5871 1
5871 1
5871 1
5871 1
5871 1
5871 1
5871 1
5871 1
5871 1
5871 1
5871 1
5871 1
5871 1
5871 1
5871 1
5871 1
5871 1
5871 1
5871 1
5871 1
5871 1
5871 1
5871 1
5871 1
5871 1
5871 1
5871 1
5871 1
5871 1
5871 1
5871 1
5871 1
5871 1
5871 1
5871 1
5871 1
5871 1
5871 1
5871 1
5871 1
5871 1
5871 1
5978 1
5978 1
5978 1
5978 1
5978 1
5978 1
5978 1
5978 1
5978 1
5978 1
5978 1
5978 1
5978 1
5978 1
5978 1
5978 1
5978 1
5978 1
5978 1
5978 1
5978 1
5978 1
5978 1
5978 1
5978 1
5978 1
5978 1
5978 1
5978 1
5978 1
5978 1
5978 1
5978 1
5978 1
5978 1
5978 1
5978 1
5978 1
5978 1
5978 1
5978 1
5978 1
5978 1
5978 1
5978 1
5976 1
5976 1
5976 1
5976 1
5976 1
5976 1
5976 1
5976 1
5976 1
5976 1
5976 1
5976 1
5976 1
5976 1
5976 1
5976 1
5976 1
5976 1
5976 1
5976 1
5976 1
5976 1
5976 1
5976 1
5976 1
5976 1
5976 1
5976 1
5976 1
5976 1
5976 1
5976 1
5976 1
5976 1
5976 1
5976 1
5976 1
5976 1
5976 1
5976 1
5976 1
5976 1
5976 1
5976 1
5976 1
5975 1
5975 1
5975 1
5975 1
5975 1
5975 1
5975 1
5975 1
5975 1
5975 1
5975 1
5975 1
5975 1
5975 1
5975 1
5975 1
5975 1
5975 1
5975 1
5975 1
5975 1
5975 1
5975 1
5975 1
5975 1
5975 1
5975 1
5975 1
5975 1
5975 1
5975 1
5975 1
5975 1
5975 1
5975 1
5975 1
5975 1
5975 1
5975 1
5975 1
5975 1
5975 1
5975 1
5975 1
5975 1
6084 1
6084 1
6084 1
6084 1
6084 1
6084 1
6084 1
6084 1
6084 1
6084 1
6084 1
6084 1
6084 1
6084 1
6084 1
6084 1
6084 1
6084 1
6084 1
6084 1
6084 1
6084 1
6084 1
6084 1
6084 1
6084 1
6084 1
6084 1
6084 1
6084 1
6084 1
6084 1
6084 1
6084 1
6084 1
6084 1
6084 1
6084 1
6084 1
6084 1
6084 1
6084 1
6084 1
6084 1
6084 1
5969 1
5969 1
5969 1
5969 1
5969 1
5969 1
5969 1
5969 1
5969 1
5969 1
5969 1
5969 1
5969 1
5969 1
5969 1
5969 1
5969 1
5969 1
5969 1
5969 1
5969 1
5969 1
5969 1
5969 1
5969 1
5969 1
5969 1
5969 1
5969 1
5969 1
5969 1
5969 1
5969 1
5969 1
5969 1
5969 1
5969 1
5969 1
5969 1
5969 1
5969 1
5969 1
5969 1
5969 1
5969 1
5851 1
5851 1
5851 1
5851 1
5851 1
5851 1
5851 1
5851 1
5851 1
5851 1
5851 1
5851 1
5851 1
5851 1
5851 1
5851 1
5851 1
5851 1
5851 1
5851 1
5851 1
5851 1
5851 1
5851 1
5851 1
5851 1
5851 1
5851 1
5851 1
5851 1
5851 1
5851 1
5851 1
5851 1
5851 1
5851 1
5851 1
5851 1
5851 1
5851 1
5851 1
5851 1
5851 1
5851 1
5851 1
5968 1
5968 1
5968 1
5968 1
5968 1
5968 1
5968 1
5968 1
5968 1
5968 1
5968 1
5968 1
5968 1
5968 1
5968 1
5968 1
5968 1
5968 1
5968 1
5968 1
5968 1
5968 1
5968 1
5968 1
5968 1
5968 1
5968 1
5968 1
5968 1
5968 1
5968 1
5968 1
5968 1
5968 1
5968 1
5968 1
5968 1
5968 1
5968 1
5968 1
5968 1
5968 1
5968 1
5968 1
5968 1
5850 1
5850 1
5850 1
5850 1
5850 1
5850 1
5850 1
5850 1
5850 1
5850 1
5850 1
5850 1
5850 1
5850 1
5850 1
5850 1
5850 1
5850 1
5850 1
5850 1
5850 1
5850 1
5850 1
5850 1
5850 1
5850 1
5850 1
5850 1
5850 1
5850 1
5850 1
5850 1
5850 1
5850 1
5850 1
5850 1
5850 1
5850 1
5850 1
5850 1
5850 1
5850 1
5850 1
5850 1
5850 1
5847 1
5847 1
5847 1
5847 1
5847 1
5847 1
5847 1
5847 1
5847 1
5847 1
5847 1
5847 1
5847 1
5847 1
5847 1
5847 1
5847 1
5847 1
5847 1
5847 1
5847 1
5847 1
5847 1
5847 1
5847 1
5847 1
5847 1
5847 1
5847 1
5847 1
5847 1
5847 1
5847 1
5847 1
5847 1
5847 1
5847 1
5847 1
5847 1
5847 1
5847 1
5847 1
5847 1
5847 1
5847 1
6081 1
6081 1
6081 1
6081 1
6081 1
6081 1
6081 1
6081 1
6081 1
6081 1
6081 1
6081 1
6081 1
6081 1
6081 1
6081 1
6081 1
6081 1
6081 1
6081 1
6081 1
6081 1
6081 1
6081 1
6081 1
6081 1
6081 1
6081 1
6081 1
6081 1
6081 1
6081 1
6081 1
6081 1
6081 1
6081 1
6081 1
6081 1
6081 1
6081 1
6081 1
6081 1
6081 1
6081 1
6081 1
6079 1
6079 1
6079 1
6079 1
6079 1
6079 1
6079 1
6079 1
6079 1
6079 1
6079 1
6079 1
6079 1
6079 1
6079 1
6079 1
6079 1
6079 1
6079 1
6079 1
6079 1
6079 1
6079 1
6079 1
6079 1
6079 1
6079 1
6079 1
6079 1
6079 1
6079 1
6079 1
6079 1
6079 1
6079 1
6079 1
6079 1
6079 1
6079 1
6079 1
6079 1
6079 1
6079 1
6079 1
6079 1
6077 1
6077 1
6077 1
6077 1
6077 1
6077 1
6077 1
6077 1
6077 1
6077 1
6077 1
6077 1
6077 1
6077 1
6077 1
6077 1
6077 1
6077 1
6077 1
6077 1
6077 1
6077 1
6077 1
6077 1
6077 1
6077 1
6077 1
6077 1
6077 1
6077 1
6077 1
6077 1
6077 1
6077 1
6077 1
6077 1
6077 1
6077 1
6077 1
6077 1
6077 1
6077 1
6077 1
6077 1
6077 1
6074 1
6074 1
6074 1
6074 1
6074 1
6074 1
6074 1
6074 1
6074 1
6074 1
6074 1
6074 1
6074 1
6074 1
6074 1
6074 1
6074 1
6074 1
6074 1
6074 1
6074 1
6074 1
6074 1
6074 1
6074 1
6074 1
6074 1
6074 1
6074 1
6074 1
6074 1
6074 1
6074 1
6074 1
6074 1
6074 1
6074 1
6074 1
6074 1
6074 1
6074 1
6074 1
6074 1
6074 1
6074 1
5946 1
5946 1
5946 1
5946 1
5946 1
5946 1
5946 1
5946 1
5946 1
5946 1
5946 1
5946 1
5946 1
5946 1
5946 1
5946 1
5946 1
5946 1
5946 1
5946 1
5946 1
5946 1
5946 1
5946 1
5946 1
5946 1
5946 1
5946 1
5946 1
5946 1
5946 1
5946 1
5946 1
5946 1
5946 1
5946 1
5946 1
5946 1
5946 1
5946 1
5946 1
5946 1
5946 1
5946 1
5946 1
5945 1
5945 1
5945 1
5945 1
5945 1
5945 1
5945 1
5945 1
5945 1
5945 1
5945 1
5945 1
5945 1
5945 1
5945 1
5945 1
5945 1
5945 1
5945 1
5945 1
5945 1
5945 1
5945 1
5945 1
5945 1
5945 1
5945 1
5945 1
5945 1
5945 1
5945 1
5945 1
5945 1
5945 1
5945 1
5945 1
5945 1
5945 1
5945 1
5945 1
5945 1
5945 1
5945 1
5945 1
5945 1
6180 1
6180 1
6180 1
6180 1
6180 1
6180 1
6180 1
6180 1
6180 1
6180 1
6180 1
6180 1
6180 1
6180 1
6180 1
6180 1
6180 1
6180 1
6180 1
6180 1
6180 1
6180 1
6180 1
6180 1
6180 1
6180 1
6180 1
6180 1
6180 1
6180 1
6180 1
6180 1
6180 1
6180 1
6180 1
6180 1
6180 1
6180 1
6180 1
6180 1
6180 1
6180 1
6180 1
6180 1
6180 1
6179 1
6179 1
6179 1
6179 1
6179 1
6179 1
6179 1
6179 1
6179 1
6179 1
6179 1
6179 1
6179 1
6179 1
6179 1
6179 1
6179 1
6179 1
6179 1
6179 1
6179 1
6179 1
6179 1
6179 1
6179 1
6179 1
6179 1
6179 1
6179 1
6179 1
6179 1
6179 1
6179 1
6179 1
6179 1
6179 1
6179 1
6179 1
6179 1
6179 1
6179 1
6179 1
6179 1
6179 1
6179 1
6178 1
6178 1
6178 1
6178 1
6178 1
6178 1
6178 1
6178 1
6178 1
6178 1
6178 1
6178 1
6178 1
6178 1
6178 1
6178 1
6178 1
6178 1
6178 1
6178 1
6178 1
6178 1
6178 1
6178 1
6178 1
6178 1
6178 1
6178 1
6178 1
6178 1
6178 1
6178 1
6178 1
6178 1
6178 1
6178 1
6178 1
6178 1
6178 1
6178 1
6178 1
6178 1
6178 1
6178 1
6178 1
6177 1
6177 1
6177 1
6177 1
6177 1
6177 1
6177 1
6177 1
6177 1
6177 1
6177 1
6177 1
6177 1
6177 1
6177 1
6177 1
6177 1
6177 1
6177 1
6177 1
6177 1
6177 1
6177 1
6177 1
6177 1
6177 1
6177 1
6177 1
6177 1
6177 1
6177 1
6177 1
6177 1
6177 1
6177 1
6177 1
6177 1
6177 1
6177 1
6177 1
6177 1
6177 1
6177 1
6177 1
6177 1
6061 1
6061 1
6061 1
6061 1
6061 1
6061 1
6061 1
6061 1
6061 1
6061 1
6061 1
6061 1
6061 1
6061 1
6061 1
6061 1
6061 1
6061 1
6061 1
6061 1
6061 1
6061 1
6061 1
6061 1
6061 1
6061 1
6061 1
6061 1
6061 1
6061 1
6061 1
6061 1
6061 1
6061 1
6061 1
6061 1
6061 1
6061 1
6061 1
6061 1
6061 1
6061 1
6061 1
6061 1
6061 1
6175 1
6175 1
6175 1
6175 1
6175 1
6175 1
6175 1
6175 1
6175 1
6175 1
6175 1
6175 1
6175 1
6175 1
6175 1
6175 1
6175 1
6175 1
6175 1
6175 1
6175 1
6175 1
6175 1
6175 1
6175 1
6175 1
6175 1
6175 1
6175 1
6175 1
6175 1
6175 1
6175 1
6175 1
6175 1
6175 1
6175 1
6175 1
6175 1
6175 1
6175 1
6175 1
6175 1
6175 1
6175 1
6174 1
6174 1
6174 1
6174 1
6174 1
6174 1
6174 1
6174 1
6174 1
6174 1
6174 1
6174 1
6174 1
6174 1
6174 1
6174 1
6174 1
6174 1
6174 1
6174 1
6174 1
6174 1
6174 1
6174 1
6174 1
6174 1
6174 1
6174 1
6174 1
6174 1
6174 1
6174 1
6174 1
6174 1
6174 1
6174 1
6174 1
6174 1
6174 1
6174 1
6174 1
6174 1
6174 1
6174 1
6174 1
6052 1
6052 1
6052 1
6052 1
6052 1
6052 1
6052 1
6052 1
6052 1
6052 1
6052 1
6052 1
6052 1
6052 1
6052 1
6052 1
6052 1
6052 1
6052 1
6052 1
6052 1
6052 1
6052 1
6052 1
6052 1
6052 1
6052 1
6052 1
6052 1
6052 1
6052 1
6052 1
6052 1
6052 1
6052 1
6052 1
6052 1
6052 1
6052 1
6052 1
6052 1
6052 1
6052 1
6052 1
6052 1
6274 1
6274 1
6274 1
6274 1
6274 1
6274 1
6274 1
6274 1
6274 1
6274 1
6274 1
6274 1
6274 1
6274 1
6274 1
6274 1
6274 1
6274 1
6274 1
6274 1
6274 1
6274 1
6274 1
6274 1
6274 1
6274 1
6274 1
6274 1
6274 1
6274 1
6274 1
6274 1
6274 1
6274 1
6274 1
6274 1
6274 1
6274 1
6274 1
6274 1
6274 1
6274 1
6274 1
6274 1
6274 1
6051 1
6051 1
6051 1
6051 1
6051 1
6051 1
6051 1
6051 1
6051 1
6051 1
6051 1
6051 1
6051 1
6051 1
6051 1
6051 1
6051 1
6051 1
6051 1
6051 1
6051 1
6051 1
6051 1
6051 1
6051 1
6051 1
6051 1
6051 1
6051 1
6051 1
6051 1
6051 1
6051 1
6051 1
6051 1
6051 1
6051 1
6051 1
6051 1
6051 1
6051 1
6051 1
6051 1
6051 1
6051 1
6048 1
6048 1
6048 1
6048 1
6048 1
6048 1
6048 1
6048 1
6048 1
6048 1
6048 1
6048 1
6048 1
6048 1
6048 1
6048 1
6048 1
6048 1
6048 1
6048 1
6048 1
6048 1
6048 1
6048 1
6048 1
6048 1
6048 1
6048 1
6048 1
6048 1
6048 1
6048 1
6048 1
6048 1
6048 1
6048 1
6048 1
6048 1
6048 1
6048 1
6048 1
6048 1
6048 1
6048 1
6048 1
6047 1
6047 1
6047 1
6047 1
6047 1
6047 1
6047 1
6047 1
6047 1
6047 1
6047 1
6047 1
6047 1
6047 1
6047 1
6047 1
6047 1
6047 1
6047 1
6047 1
6047 1
6047 1
6047 1
6047 1
6047 1
6047 1
6047 1
6047 1
6047 1
6047 1
6047 1
6047 1
6047 1
6047 1
6047 1
6047 1
6047 1
6047 1
6047 1
6047 1
6047 1
6047 1
6047 1
6047 1
6047 1
6271 1
6271 1
6271 1
6271 1
6271 1
6271 1
6271 1
6271 1
6271 1
6271 1
6271 1
6271 1
6271 1
6271 1
6271 1
6271 1
6271 1
6271 1
6271 1
6271 1
6271 1
6271 1
6271 1
6271 1
6271 1
6271 1
6271 1
6271 1
6271 1
6271 1
6271 1
6271 1
6271 1
6271 1
6271 1
6271 1
6271 1
6271 1
6271 1
6271 1
6271 1
6271 1
6271 1
6271 1
6271 1
6270 1
6270 1
6270 1
6270 1
6270 1
6270 1
6270 1
6270 1
6270 1
6270 1
6270 1
6270 1
6270 1
6270 1
6270 1
6270 1
6270 1
6270 1
6270 1
6270 1
6270 1
6270 1
6270 1
6270 1
6270 1
6270 1
6270 1
6270 1
6270 1
6270 1
6270 1
6270 1
6270 1
6270 1
6270 1
6270 1
6270 1
6270 1
6270 1
6270 1
6270 1
6270 1
6270 1
6270 1
6270 1
6269 1
6269 1
6269 1
6269 1
6269 1
6269 1
6269 1
6269 1
6269 1
6269 1
6269 1
6269 1
6269 1
6269 1
6269 1
6269 1
6269 1
6269 1
6269 1
6269 1
6269 1
6269 1
6269 1
6269 1
6269 1
6269 1
6269 1
6269 1
6269 1
6269 1
6269 1
6269 1
6269 1
6269 1
6269 1
6269 1
6269 1
6269 1
6269 1
6269 1
6269 1
6269 1
6269 1
6269 1
6269 1
6268 1
6268 1
6268 1
6268 1
6268 1
6268 1
6268 1
6268 1
6268 1
6268 1
6268 1
6268 1
6268 1
6268 1
6268 1
6268 1
6268 1
6268 1
6268 1
6268 1
6268 1
6268 1
6268 1
6268 1
6268 1
6268 1
6268 1
6268 1
6268 1
6268 1
6268 1
6268 1
6268 1
6268 1
6268 1
6268 1
6268 1
6268 1
6268 1
6268 1
6268 1
6268 1
6268 1
6268 1
6268 1
6267 1
6267 1
6267 1
6267 1
6267 1
6267 1
6267 1
6267 1
6267 1
6267 1
6267 1
6267 1
6267 1
6267 1
6267 1
6267 1
6267 1
6267 1
6267 1
6267 1
6267 1
6267 1
6267 1
6267 1
6267 1
6267 1
6267 1
6267 1
6267 1
6267 1
6267 1
6267 1
6267 1
6267 1
6267 1
6267 1
6267 1
6267 1
6267 1
6267 1
6267 1
6267 1
6267 1
6267 1
6267 1
6152 1
6152 1
6152 1
6152 1
6152 1
6152 1
6152 1
6152 1
6152 1
6152 1
6152 1
6152 1
6152 1
6152 1
6152 1
6152 1
6152 1
6152 1
6152 1
6152 1
6152 1
6152 1
6152 1
6152 1
6152 1
6152 1
6152 1
6152 1
6152 1
6152 1
6152 1
6152 1
6152 1
6152 1
6152 1
6152 1
6152 1
6152 1
6152 1
6152 1
6152 1
6152 1
6152 1
6152 1
6152 1
6364 1
6364 1
6364 1
6364 1
6364 1
6364 1
6364 1
6364 1
6364 1
6364 1
6364 1
6364 1
6364 1
6364 1
6364 1
6364 1
6364 1
6364 1
6364 1
6364 1
6364 1
6364 1
6364 1
6364 1
6364 1
6364 1
6364 1
6364 1
6364 1
6364 1
6364 1
6364 1
6364 1
6364 1
6364 1
6364 1
6364 1
6364 1
6364 1
6364 1
6364 1
6364 1
6364 1
6364 1
6364 1
6148 1
6148 1
6148 1
6148 1
6148 1
6148 1
6148 1
6148 1
6148 1
6148 1
6148 1
6148 1
6148 1
6148 1
6148 1
6148 1
6148 1
6148 1
6148 1
6148 1
6148 1
6148 1
6148 1
6148 1
6148 1
6148 1
6148 1
6148 1
6148 1
6148 1
6148 1
6148 1
6148 1
6148 1
6148 1
6148 1
6148 1
6148 1
6148 1
6148 1
6148 1
6148 1
6148 1
6148 1
6148 1
6363 1
6363 1
6363 1
6363 1
6363 1
6363 1
6363 1
6363 1
6363 1
6363 1
6363 1
6363 1
6363 1
6363 1
6363 1
6363 1
6363 1
6363 1
6363 1
6363 1
6363 1
6363 1
6363 1
6363 1
6363 1
6363 1
6363 1
6363 1
6363 1
6363 1
6363 1
6363 1
6363 1
6363 1
6363 1
6363 1
6363 1
6363 1
6363 1
6363 1
6363 1
6363 1
6363 1
6363 1
6363 1
6361 1
6361 1
6361 1
6361 1
6361 1
6361 1
6361 1
6361 1
6361 1
6361 1
6361 1
6361 1
6361 1
6361 1
6361 1
6361 1
6361 1
6361 1
6361 1
6361 1
6361 1
6361 1
6361 1
6361 1
6361 1
6361 1
6361 1
6361 1
6361 1
6361 1
6361 1
6361 1
6361 1
6361 1
6361 1
6361 1
6361 1
6361 1
6361 1
6361 1
6361 1
6361 1
6361 1
6361 1
6361 1
6360 1
6360 1
6360 1
6360 1
6360 1
6360 1
6360 1
6360 1
6360 1
6360 1
6360 1
6360 1
6360 1
6360 1
6360 1
6360 1
6360 1
6360 1
6360 1
6360 1
6360 1
6360 1
6360 1
6360 1
6360 1
6360 1
6360 1
6360 1
6360 1
6360 1
6360 1
6360 1
6360 1
6360 1
6360 1
6360 1
6360 1
6360 1
6360 1
6360 1
6360 1
6360 1
6360 1
6360 1
6360 1
6244 1
6244 1
6244 1
6244 1
6244 1
6244 1
6244 1
6244 1
6244 1
6244 1
6244 1
6244 1
6244 1
6244 1
6244 1
6244 1
6244 1
6244 1
6244 1
6244 1
6244 1
6244 1
6244 1
6244 1
6244 1
6244 1
6244 1
6244 1
6244 1
6244 1
6244 1
6244 1
6244 1
6244 1
6244 1
6244 1
6244 1
6244 1
6244 1
6244 1
6244 1
6244 1
6244 1
6244 1
6244 1
6352 1
6352 1
6352 1
6352 1
6352 1
6352 1
6352 1
6352 1
6352 1
6352 1
6352 1
6352 1
6352 1
6352 1
6352 1
6352 1
6352 1
6352 1
6352 1
6352 1
6352 1
6352 1
6352 1
6352 1
6352 1
6352 1
6352 1
6352 1
6352 1
6352 1
6352 1
6352 1
6352 1
6352 1
6352 1
6352 1
6352 1
6352 1
6352 1
6352 1
6352 1
6352 1
6352 1
6352 1
6352 1
6453 1
6453 1
6453 1
6453 1
6453 1
6453 1
6453 1
6453 1
6453 1
6453 1
6453 1
6453 1
6453 1
6453 1
6453 1
6453 1
6453 1
6453 1
6453 1
6453 1
6453 1
6453 1
6453 1
6453 1
6453 1
6453 1
6453 1
6453 1
6453 1
6453 1
6453 1
6453 1
6453 1
6453 1
6453 1
6453 1
6453 1
6453 1
6453 1
6453 1
6453 1
6453 1
6453 1
6453 1
6453 1
6452 1
6452 1
6452 1
6452 1
6452 1
6452 1
6452 1
6452 1
6452 1
6452 1
6452 1
6452 1
6452 1
6452 1
6452 1
6452 1
6452 1
6452 1
6452 1
6452 1
6452 1
6452 1
6452 1
6452 1
6452 1
6452 1
6452 1
6452 1
6452 1
6452 1
6452 1
6452 1
6452 1
6452 1
6452 1
6452 1
6452 1
6452 1
6452 1
6452 1
6452 1
6452 1
6452 1
6452 1
6452 1
6451 1
6451 1
6451 1
6451 1
6451 1
6451 1
6451 1
6451 1
6451 1
6451 1
6451 1
6451 1
6451 1
6451 1
6451 1
6451 1
6451 1
6451 1
6451 1
6451 1
6451 1
6451 1
6451 1
6451 1
6451 1
6451 1
6451 1
6451 1
6451 1
6451 1
6451 1
6451 1
6451 1
6451 1
6451 1
6451 1
6451 1
6451 1
6451 1
6451 1
6451 1
6451 1
6451 1
6451 1
6451 1
6450 1
6450 1
6450 1
6450 1
6450 1
6450 1
6450 1
6450 1
6450 1
6450 1
6450 1
6450 1
6450 1
6450 1
6450 1
6450 1
6450 1
6450 1
6450 1
6450 1
6450 1
6450 1
6450 1
6450 1
6450 1
6450 1
6450 1
6450 1
6450 1
6450 1
6450 1
6450 1
6450 1
6450 1
6450 1
6450 1
6450 1
6450 1
6450 1
6450 1
6450 1
6450 1
6450 1
6450 1
6450 1
6542 1
6542 1
6542 1
6542 1
6542 1
6542 1
6542 1
6542 1
6542 1
6542 1
6542 1
6542 1
6542 1
6542 1
6542 1
6542 1
6542 1
6542 1
6542 1
6542 1
6542 1
6542 1
6542 1
6542 1
6542 1
6542 1
6542 1
6542 1
6542 1
6542 1
6542 1
6542 1
6542 1
6542 1
6542 1
6542 1
6542 1
6542 1
6542 1
6542 1
6542 1
6542 1
6542 1
6542 1
6542 1
6540 1
6540 1
6540 1
6540 1
6540 1
6540 1
6540 1
6540 1
6540 1
6540 1
6540 1
6540 1
6540 1
6540 1
6540 1
6540 1
6540 1
6540 1
6540 1
6540 1
6540 1
6540 1
6540 1
6540 1
6540 1
6540 1
6540 1
6540 1
6540 1
6540 1
6540 1
6540 1
6540 1
6540 1
6540 1
6540 1
6540 1
6540 1
6540 1
6540 1
6540 1
6540 1
6540 1
6540 1
6540 1
6339 1
6339 1
6339 1
6339 1
6339 1
6339 1
6339 1
6339 1
6339 1
6339 1
6339 1
6339 1
6339 1
6339 1
6339 1
6339 1
6339 1
6339 1
6339 1
6339 1
6339 1
6339 1
6339 1
6339 1
6339 1
6339 1
6339 1
6339 1
6339 1
6339 1
6339 1
6339 1
6339 1
6339 1
6339 1
6339 1
6339 1
6339 1
6339 1
6339 1
6339 1
6339 1
6339 1
6339 1
6339 1
6335 1
6335 1
6335 1
6335 1
6335 1
6335 1
6335 1
6335 1
6335 1
6335 1
6335 1
6335 1
6335 1
6335 1
6335 1
6335 1
6335 1
6335 1
6335 1
6335 1
6335 1
6335 1
6335 1
6335 1
6335 1
6335 1
6335 1
6335 1
6335 1
6335 1
6335 1
6335 1
6335 1
6335 1
6335 1
6335 1
6335 1
6335 1
6335 1
6335 1
6335 1
6335 1
6335 1
6335 1
6335 1
6336 1
6336 1
6336 1
6336 1
6336 1
6336 1
6336 1
6336 1
6336 1
6336 1
6336 1
6336 1
6336 1
6336 1
6336 1
6336 1
6336 1
6336 1
6336 1
6336 1
6336 1
6336 1
6336 1
6336 1
6336 1
6336 1
6336 1
6336 1
6336 1
6336 1
6336 1
6336 1
6336 1
6336 1
6336 1
6336 1
6336 1
6336 1
6336 1
6336 1
6336 1
6336 1
6336 1
6336 1
6336 1
6538 1
6538 1
6538 1
6538 1
6538 1
6538 1
6538 1
6538 1
6538 1
6538 1
6538 1
6538 1
6538 1
6538 1
6538 1
6538 1
6538 1
6538 1
6538 1
6538 1
6538 1
6538 1
6538 1
6538 1
6538 1
6538 1
6538 1
6538 1
6538 1
6538 1
6538 1
6538 1
6538 1
6538 1
6538 1
6538 1
6538 1
6538 1
6538 1
6538 1
6538 1
6538 1
6538 1
6538 1
6538 1
6622 1
6622 1
6622 1
6622 1
6622 1
6622 1
6622 1
6622 1
6622 1
6622 1
6622 1
6622 1
6622 1
6622 1
6622 1
6622 1
6622 1
6622 1
6622 1
6622 1
6622 1
6622 1
6622 1
6622 1
6622 1
6622 1
6622 1
6622 1
6622 1
6622 1
6622 1
6622 1
6622 1
6622 1
6622 1
6622 1
6622 1
6622 1
6622 1
6622 1
6622 1
6622 1
6622 1
6622 1
6622 1
6612 1
6612 1
6612 1
6612 1
6612 1
6612 1
6612 1
6612 1
6612 1
6612 1
6612 1
6612 1
6612 1
6612 1
6612 1
6612 1
6612 1
6612 1
6612 1
6612 1
6612 1
6612 1
6612 1
6612 1
6612 1
6612 1
6612 1
6612 1
6612 1
6612 1
6612 1
6612 1
6612 1
6612 1
6612 1
6612 1
6612 1
6612 1
6612 1
6612 1
6612 1
6612 1
6612 1
6612 1
6612 1
6847 1
6847 1
6847 1
6847 1
6847 1
6847 1
6847 1
6847 1
6847 1
6847 1
6847 1
6847 1
6847 1
6847 1
6847 1
6847 1
6847 1
6847 1
6847 1
6847 1
6847 1
6847 1
6847 1
6847 1
6847 1
6847 1
6847 1
6847 1
6847 1
6847 1
6847 1
6847 1
6847 1
6847 1
6847 1
6847 1
6847 1
6847 1
6847 1
6847 1
6847 1
6847 1
6847 1
6847 1
6847 1
6838 1
6838 1
6838 1
6838 1
6838 1
6838 1
6838 1
6838 1
6838 1
6838 1
6838 1
6838 1
6838 1
6838 1
6838 1
6838 1
6838 1
6838 1
6838 1
6838 1
6838 1
6838 1
6838 1
6838 1
6838 1
6838 1
6838 1
6838 1
6838 1
6838 1
6838 1
6838 1
6838 1
6838 1
6838 1
6838 1
6838 1
6838 1
6838 1
6838 1
6838 1
6838 1
6838 1
6838 1
6838 1
6917 1
6917 1
6917 1
6917 1
6917 1
6917 1
6917 1
6917 1
6917 1
6917 1
6917 1
6917 1
6917 1
6917 1
6917 1
6917 1
6917 1
6917 1
6917 1
6917 1
6917 1
6917 1
6917 1
6917 1
6917 1
6917 1
6917 1
6917 1
6917 1
6917 1
6917 1
6917 1
6917 1
6917 1
6917 1
6917 1
6917 1
6917 1
6917 1
6917 1
6917 1
6917 1
6917 1
6917 1
6917 1
6988 1
6988 1
6988 1
6988 1
6988 1
6988 1
6988 1
6988 1
6988 1
6988 1
6988 1
6988 1
6988 1
6988 1
6988 1
6988 1
6988 1
6988 1
6988 1
6988 1
6988 1
6988 1
6988 1
6988 1
6988 1
6988 1
6988 1
6988 1
6988 1
6988 1
6988 1
6988 1
6988 1
6988 1
6988 1
6988 1
6988 1
6988 1
6988 1
6988 1
6988 1
6988 1
6988 1
6988 1
6988 1
6986 1
6986 1
6986 1
6986 1
6986 1
6986 1
6986 1
6986 1
6986 1
6986 1
6986 1
6986 1
6986 1
6986 1
6986 1
6986 1
6986 1
6986 1
6986 1
6986 1
6986 1
6986 1
6986 1
6986 1
6986 1
6986 1
6986 1
6986 1
6986 1
6986 1
6986 1
6986 1
6986 1
6986 1
6986 1
6986 1
6986 1
6986 1
6986 1
6986 1
6986 1
6986 1
6986 1
6986 1
6986 1
6985 1
6985 1
6985 1
6985 1
6985 1
6985 1
6985 1
6985 1
6985 1
6985 1
6985 1
6985 1
6985 1
6985 1
6985 1
6985 1
6985 1
6985 1
6985 1
6985 1
6985 1
6985 1
6985 1
6985 1
6985 1
6985 1
6985 1
6985 1
6985 1
6985 1
6985 1
6985 1
6985 1
6985 1
6985 1
6985 1
6985 1
6985 1
6985 1
6985 1
6985 1
6985 1
6985 1
6985 1
6985 1
7057 1
7057 1
7057 1
7057 1
7057 1
7057 1
7057 1
7057 1
7057 1
7057 1
7057 1
7057 1
7057 1
7057 1
7057 1
7057 1
7057 1
7057 1
7057 1
7057 1
7057 1
7057 1
7057 1
7057 1
7057 1
7057 1
7057 1
7057 1
7057 1
7057 1
7057 1
7057 1
7057 1
7057 1
7057 1
7057 1
7057 1
7057 1
7057 1
7057 1
7057 1
7057 1
7057 1
7057 1
7057 1
7052 1
7052 1
7052 1
7052 1
7052 1
7052 1
7052 1
7052 1
7052 1
7052 1
7052 1
7052 1
7052 1
7052 1
7052 1
7052 1
7052 1
7052 1
7052 1
7052 1
7052 1
7052 1
7052 1
7052 1
7052 1
7052 1
7052 1
7052 1
7052 1
7052 1
7052 1
7052 1
7052 1
7052 1
7052 1
7052 1
7052 1
7052 1
7052 1
7052 1
7052 1
7052 1
7052 1
7052 1
7052 1
7126 1
7126 1
7126 1
7126 1
7126 1
7126 1
7126 1
7126 1
7126 1
7126 1
7126 1
7126 1
7126 1
7126 1
7126 1
7126 1
7126 1
7126 1
7126 1
7126 1
7126 1
7126 1
7126 1
7126 1
7126 1
7126 1
7126 1
7126 1
7126 1
7126 1
7126 1
7126 1
7126 1
7126 1
7126 1
7126 1
7126 1
7126 1
7126 1
7126 1
7126 1
7126 1
7126 1
7126 1
7126 1
7123 1
7123 1
7123 1
7123 1
7123 1
7123 1
7123 1
7123 1
7123 1
7123 1
7123 1
7123 1
7123 1
7123 1
7123 1
7123 1
7123 1
7123 1
7123 1
7123 1
7123 1
7123 1
7123 1
7123 1
7123 1
7123 1
7123 1
7123 1
7123 1
7123 1
7123 1
7123 1
7123 1
7123 1
7123 1
7123 1
7123 1
7123 1
7123 1
7123 1
7123 1
7123 1
7123 1
7123 1
7123 1
7122 1
7122 1
7122 1
7122 1
7122 1
7122 1
7122 1
7122 1
7122 1
7122 1
7122 1
7122 1
7122 1
7122 1
7122 1
7122 1
7122 1
7122 1
7122 1
7122 1
7122 1
7122 1
7122 1
7122 1
7122 1
7122 1
7122 1
7122 1
7122 1
7122 1
7122 1
7122 1
7122 1
7122 1
7122 1
7122 1
7122 1
7122 1
7122 1
7122 1
7122 1
7122 1
7122 1
7122 1
7122 1
7200 1
7200 1
7200 1
7200 1
7200 1
7200 1
7200 1
7200 1
7200 1
7200 1
7200 1
7200 1
7200 1
7200 1
7200 1
7200 1
7200 1
7200 1
7200 1
7200 1
7200 1
7200 1
7200 1
7200 1
7200 1
7200 1
7200 1
7200 1
7200 1
7200 1
7200 1
7200 1
7200 1
7200 1
7200 1
7200 1
7200 1
7200 1
7200 1
7200 1
7200 1
7200 1
7200 1
7200 1
7200 1
7198 1
7198 1
7198 1
7198 1
7198 1
7198 1
7198 1
7198 1
7198 1
7198 1
7198 1
7198 1
7198 1
7198 1
7198 1
7198 1
7198 1
7198 1
7198 1
7198 1
7198 1
7198 1
7198 1
7198 1
7198 1
7198 1
7198 1
7198 1
7198 1
7198 1
7198 1
7198 1
7198 1
7198 1
7198 1
7198 1
7198 1
7198 1
7198 1
7198 1
7198 1
7198 1
7198 1
7198 1
7198 1
7197 1
7197 1
7197 1
7197 1
7197 1
7197 1
7197 1
7197 1
7197 1
7197 1
7197 1
7197 1
7197 1
7197 1
7197 1
7197 1
7197 1
7197 1
7197 1
7197 1
7197 1
7197 1
7197 1
7197 1
7197 1
7197 1
7197 1
7197 1
7197 1
7197 1
7197 1
7197 1
7197 1
7197 1
7197 1
7197 1
7197 1
7197 1
7197 1
7197 1
7197 1
7197 1
7197 1
7197 1
7197 1
7269 1
7269 1
7269 1
7269 1
7269 1
7269 1
7269 1
7269 1
7269 1
7269 1
7269 1
7269 1
7269 1
7269 1
7269 1
7269 1
7269 1
7269 1
7269 1
7269 1
7269 1
7269 1
7269 1
7269 1
7269 1
7269 1
7269 1
7269 1
7269 1
7269 1
7269 1
7269 1
7269 1
7269 1
7269 1
7269 1
7269 1
7269 1
7269 1
7269 1
7269 1
7269 1
7269 1
7269 1
7269 1
