pt_graph freq
2038 0.1141725
2043 0.2147039
2043 0.6711236
2125 0.6711236
2440 0.2147039
2443 0.6711236
2519 0.1141725
2607 0.1141725
2764 0.2147039
2767 0.1141725
2775 0.2147039
2775 0.1141725
2775 0.6711236
2841 0.1141725
2846 0.2147039
2849 0.2147039
2849 0.1141725
2850 0.1141725
2850 0.6711236
2856 0.2147039
2927 0.1141725
2932 0.2147039
2941 0.6711236
2991 0.2147039
3000 0.2147039
3000 0.6711236
3014 0.6711236
3069 0.6711236
3070 0.2147039
3071 0.6711236
3072 0.2147039
3074 0.2147039
3074 0.6711236
3075 0.2147039
3085 0.2147039
3085 0.1141725
3085 0.6711236
3141 0.6711236
3142 0.6711236
3144 0.2147039
3144 0.1141725
3144 0.6711236
3145 0.1141725
3145 0.6711236
3149 0.2147039
3154 0.6711236
3157 0.1141725
3219 0.2147039
3219 0.1141725
3223 0.2147039
3223 0.6711236
3224 0.1141725
3225 0.1141725
3305 0.2147039
3307 0.1141725
3308 0.6711236
3311 0.2147039
3311 0.6711236
3312 0.2147039
3390 0.1141725
3397 0.2147039
3402 0.2147039
3468 0.2147039
3468 0.1141725
3469 0.6711236
3470 0.6711236
3473 0.1141725
3546 0.1141725
3552 0.2147039
3552 0.1141725
3555 0.2147039
3557 0.6711236
3629 0.2147039
3635 0.6711236
3645 0.1141725
3713 0.2147039
3717 0.2147039
3717 0.1141725
3718 0.2147039
3718 0.1141725
3718 0.6711236
3720 0.2147039
3804 0.1141725
3804 0.6711236
3806 0.6711236
3808 0.2147039
3818 0.2147039
3892 0.6711236
3893 0.1141725
3896 0.2147039
3896 0.1141725
3896 0.6711236
3902 0.6711236
3912 0.2147039
3986 0.2147039
3998 0.1141725
4007 0.1141725
4007 0.6711236
4072 0.1141725
4086 0.6711236
4182 0.6711236
4235 0.6711236
4236 0.1141725
4250 0.1141725
4258 0.6711236
4327 0.1141725
4332 0.6711236
4333 0.1141725
4335 0.1141725
4337 0.1141725
4343 0.2147039
4359 0.6711236
4360 0.2147039
4360 0.6711236
4413 0.2147039
4415 0.2147039
4420 0.1141725
4424 0.1141725
4436 0.1141725
4452 0.6711236
4506 0.2147039
4513 0.1141725
4528 0.6711236
4531 0.6711236
4544 0.6711236
4545 0.1141725
4634 0.2147039
4635 0.2147039
4691 0.1141725
4697 0.1141725
4702 0.2147039
4727 0.2147039
4732 0.2147039
4780 0.2147039
4781 0.6711236
4788 0.2147039
4794 0.1141725
4795 0.2147039
4795 0.1141725
4799 0.1141725
4801 0.6711236
4802 0.6711236
4820 0.1141725
4821 0.6711236
4822 0.6711236
4871 0.2147039
4873 0.6711236
4888 0.2147039
4890 0.2147039
4890 0.1141725
4890 0.6711236
4891 0.6711236
4911 0.2147039
4911 0.1141725
4911 0.6711236
4968 0.2147039
4972 0.1141725
4973 0.1141725
4974 0.2147039
4977 0.1141725
4980 0.2147039
4980 0.1141725
4981 0.2147039
4981 0.1141725
4981 0.6711236
4982 0.6711236
4987 0.2147039
4987 0.6711236
4999 0.2147039
4999 0.6711236
5002 0.6711236
5059 0.6711236
5063 0.2147039
5067 0.1141725
5071 0.6711236
5075 0.1141725
5078 0.1141725
5089 0.2147039
5089 0.1141725
5089 0.6711236
5143 0.1141725
5145 0.1141725
5179 0.2147039
5179 0.6711236
5227 0.1141725
5232 0.1141725
5233 0.2147039
5235 0.2147039
5238 0.6711236
5246 0.2147039
5250 0.2147039
5271 0.6711236
5318 0.1141725
5319 0.6711236
5327 0.6711236
5333 0.2147039
5339 0.6711236
5351 0.1141725
5355 0.2147039
5355 0.1141725
5355 0.6711236
5356 0.6711236
5358 0.2147039
5406 0.1141725
5408 0.6711236
5409 0.2147039
5417 0.6711236
5418 0.2147039
5418 0.6711236
5419 0.2147039
5419 0.1141725
5419 0.6711236
5422 0.2147039
5425 0.2147039
5426 0.2147039
5426 0.6711236
5427 0.2147039
5427 0.1141725
5427 0.6711236
5430 0.2147039
5430 0.6711236
5486 0.1141725
5492 0.2147039
5502 0.2147039
5504 0.1141725
5507 0.6711236
5508 0.2147039
5508 0.1141725
5508 0.6711236
5511 0.1141725
5511 0.6711236
5513 0.2147039
5513 0.6711236
5515 0.1141725
5516 0.2147039
5517 0.2147039
5517 0.1141725
5517 0.6711236
5518 0.2147039
5518 0.1141725
5518 0.6711236
5520 0.2147039
5520 0.6711236
5523 0.2147039
5529 0.1141725
5530 0.6711236
5533 0.2147039
5533 0.1141725
5533 0.6711236
5577 0.2147039
5590 0.2147039
5591 0.2147039
5593 0.1141725
5600 0.2147039
5600 0.1141725
5600 0.6711236
5601 0.1141725
5601 0.6711236
5602 0.2147039
5605 0.2147039
5605 0.1141725
5605 0.6711236
5606 0.2147039
5606 0.1141725
5606 0.6711236
5610 0.2147039
5614 0.2147039
5614 0.1141725
5614 0.6711236
5615 0.2147039
5615 0.1141725
5615 0.6711236
5618 0.2147039
5618 0.1141725
5618 0.6711236
5619 0.1141725
5672 0.6711236
5674 0.2147039
5675 0.2147039
5675 0.1141725
5676 0.2147039
5676 0.1141725
5676 0.6711236
5677 0.2147039
5677 0.1141725
5677 0.6711236
5679 0.6711236
5686 0.1141725
5688 0.2147039
5688 0.1141725
5688 0.6711236
5689 0.2147039
5689 0.6711236
5691 0.2147039
5691 0.6711236
5692 0.6711236
5694 0.2147039
5694 0.1141725
5694 0.6711236
5695 0.6711236
5700 0.1141725
5701 0.2147039
5701 0.1141725
5701 0.6711236
5702 0.2147039
5702 0.1141725
5702 0.6711236
5703 0.2147039
5704 0.2147039
5704 0.1141725
5704 0.6711236
5706 0.6711236
5751 0.6711236
5755 0.6711236
5760 0.1141725
5761 0.1141725
5761 0.6711236
5764 0.1141725
5776 0.1141725
5777 0.2147039
5777 0.6711236
5778 0.2147039
5781 0.1141725
5782 0.6711236
5783 0.1141725
5784 0.2147039
5784 0.1141725
5784 0.6711236
5788 0.1141725
5789 0.1141725
5791 0.2147039
5791 0.1141725
5791 0.6711236
5792 0.6711236
5793 0.1141725
5793 0.6711236
5795 0.2147039
5795 0.1141725
5795 0.6711236
5796 0.1141725
5796 0.6711236
5798 0.1141725
5845 0.1141725
5847 0.2147039
5850 0.2147039
5850 0.1141725
5850 0.6711236
5851 0.2147039
5851 0.1141725
5851 0.6711236
5869 0.6711236
5870 0.2147039
5870 0.1141725
5870 0.6711236
5871 0.2147039
5871 0.1141725
5871 0.6711236
5872 0.2147039
5878 0.1141725
5878 0.6711236
5879 0.2147039
5879 0.1141725
5886 0.2147039
5887 0.2147039
5887 0.1141725
5887 0.6711236
5936 0.2147039
5943 0.6711236
5944 0.6711236
5945 0.1141725
5946 0.2147039
5946 0.1141725
5946 0.6711236
5968 0.2147039
5969 0.2147039
5969 0.1141725
5969 0.6711236
5970 0.1141725
5975 0.2147039
5975 0.1141725
5975 0.6711236
5976 0.2147039
5976 0.1141725
5976 0.6711236
5978 0.1141725
5978 0.6711236
5982 0.2147039
5982 0.6711236
5984 0.2147039
5984 0.1141725
5984 0.6711236
5985 0.6711236
6039 0.1141725
6045 0.6711236
6046 0.1141725
6047 0.2147039
6047 0.1141725
6048 0.2147039
6056 0.6711236
6072 0.2147039
6072 0.1141725
6072 0.6711236
6073 0.2147039
6073 0.6711236
6074 0.2147039
6074 0.1141725
6074 0.6711236
6077 0.2147039
6077 0.1141725
6077 0.6711236
6079 0.2147039
6079 0.1141725
6079 0.6711236
6080 0.2147039
6080 0.1141725
6080 0.6711236
6081 0.2147039
6081 0.1141725
6081 0.6711236
6082 0.6711236
6086 0.2147039
6086 0.1141725
6087 0.2147039
6087 0.1141725
6141 0.2147039
6148 0.2147039
6148 0.1141725
6149 0.1141725
6149 0.6711236
6153 0.2147039
6154 0.2147039
6164 0.2147039
6173 0.1141725
6174 0.2147039
6174 0.1141725
6174 0.6711236
6175 0.2147039
6175 0.1141725
6175 0.6711236
6177 0.2147039
6177 0.1141725
6177 0.6711236
6178 0.2147039
6178 0.6711236
6179 0.2147039
6179 0.1141725
6179 0.6711236
6180 0.2147039
6180 0.1141725
6180 0.6711236
6240 0.2147039
6243 0.6711236
6244 0.2147039
6244 0.1141725
6244 0.6711236
6245 0.2147039
6245 0.1141725
6250 0.1141725
6255 0.6711236
6268 0.2147039
6268 0.1141725
6269 0.2147039
6269 0.1141725
6269 0.6711236
6270 0.1141725
6270 0.6711236
6271 0.2147039
6271 0.1141725
6271 0.6711236
6273 0.1141725
6273 0.6711236
6274 0.2147039
6274 0.1141725
6274 0.6711236
6275 0.1141725
6279 0.6711236
6333 0.1141725
6336 0.2147039
6339 0.6711236
6360 0.2147039
6360 0.1141725
6360 0.6711236
6361 0.2147039
6361 0.1141725
6361 0.6711236
6363 0.2147039
6363 0.1141725
6363 0.6711236
6364 0.2147039
6364 0.1141725
6364 0.6711236
6450 0.1141725
6451 0.2147039
6451 0.1141725
6451 0.6711236
6452 0.2147039
6452 0.1141725
6452 0.6711236
6453 0.2147039
6453 0.1141725
6453 0.6711236
6519 0.6711236
6523 0.1141725
6528 0.1141725
6538 0.2147039
6538 0.1141725
6538 0.6711236
6539 0.2147039
6541 0.6711236
6542 0.1141725
6612 0.2147039
6612 0.6711236
6620 0.6711236
6622 0.2147039
6622 0.1141725
6622 0.6711236
6623 0.1141725
6624 0.2147039
6624 0.6711236
6682 0.6711236
6701 0.2147039
6702 0.1141725
6839 0.2147039
6847 0.1141725
6848 0.2147039
6906 0.6711236
6917 0.2147039
6917 0.1141725
6919 0.1141725
6919 0.6711236
6985 0.2147039
6985 0.1141725
7040 0.1141725
7048 0.6711236
7052 0.2147039
7052 0.1141725
7052 0.6711236
7053 0.6711236
7056 0.1141725
7056 0.6711236
7057 0.6711236
7119 0.2147039
7122 0.2147039
7122 0.1141725
7122 0.6711236
7123 0.2147039
7123 0.1141725
7124 0.6711236
7193 0.1141725
7197 0.2147039
7197 0.6711236
7199 0.1141725
7200 0.2147039
7200 0.1141725
7200 0.6711236
7259 0.2147039
7269 0.1141725
7269 0.6711236
7328 0.1141725
7456 0.6711236
7627 0.1141725
9866 0.6711236
9890 0.1141725
10342 0.2147039
