pt_graph shape
904 1
904 1
904 1
904 1
904 1
904 1
904 1
904 1
904 1
904 1
904 1
904 1
904 1
904 1
904 1
904 1
904 1
904 1
904 1
904 1
904 1
904 1
904 1
904 1
904 1
904 1
904 1
904 1
904 1
904 1
904 1
904 1
904 1
904 1
904 1
904 1
904 1
904 1
904 1
904 1
904 1
904 1
904 1
904 1
904 1
958 1
958 1
958 1
958 1
958 1
958 1
958 1
958 1
958 1
958 1
958 1
958 1
958 1
958 1
958 1
958 1
958 1
958 1
958 1
958 1
958 1
958 1
958 1
958 1
958 1
958 1
958 1
958 1
958 1
958 1
958 1
958 1
958 1
958 1
958 1
958 1
958 1
958 1
958 1
958 1
958 1
958 1
958 1
958 1
958 1
957 1
957 1
957 1
957 1
957 1
957 1
957 1
957 1
957 1
957 1
957 1
957 1
957 1
957 1
957 1
957 1
957 1
957 1
957 1
957 1
957 1
957 1
957 1
957 1
957 1
957 1
957 1
957 1
957 1
957 1
957 1
957 1
957 1
957 1
957 1
957 1
957 1
957 1
957 1
957 1
957 1
957 1
957 1
957 1
957 1
1013 1
1013 1
1013 1
1013 1
1013 1
1013 1
1013 1
1013 1
1013 1
1013 1
1013 1
1013 1
1013 1
1013 1
1013 1
1013 1
1013 1
1013 1
1013 1
1013 1
1013 1
1013 1
1013 1
1013 1
1013 1
1013 1
1013 1
1013 1
1013 1
1013 1
1013 1
1013 1
1013 1
1013 1
1013 1
1013 1
1013 1
1013 1
1013 1
1013 1
1013 1
1013 1
1013 1
1013 1
1013 1
1063 1
1063 1
1063 1
1063 1
1063 1
1063 1
1063 1
1063 1
1063 1
1063 1
1063 1
1063 1
1063 1
1063 1
1063 1
1063 1
1063 1
1063 1
1063 1
1063 1
1063 1
1063 1
1063 1
1063 1
1063 1
1063 1
1063 1
1063 1
1063 1
1063 1
1063 1
1063 1
1063 1
1063 1
1063 1
1063 1
1063 1
1063 1
1063 1
1063 1
1063 1
1063 1
1063 1
1063 1
1063 1
1127 1
1127 1
1127 1
1127 1
1127 1
1127 1
1127 1
1127 1
1127 1
1127 1
1127 1
1127 1
1127 1
1127 1
1127 1
1127 1
1127 1
1127 1
1127 1
1127 1
1127 1
1127 1
1127 1
1127 1
1127 1
1127 1
1127 1
1127 1
1127 1
1127 1
1127 1
1127 1
1127 1
1127 1
1127 1
1127 1
1127 1
1127 1
1127 1
1127 1
1127 1
1127 1
1127 1
1127 1
1127 1
1195 1
1195 1
1195 1
1195 1
1195 1
1195 1
1195 1
1195 1
1195 1
1195 1
1195 1
1195 1
1195 1
1195 1
1195 1
1195 1
1195 1
1195 1
1195 1
1195 1
1195 1
1195 1
1195 1
1195 1
1195 1
1195 1
1195 1
1195 1
1195 1
1195 1
1195 1
1195 1
1195 1
1195 1
1195 1
1195 1
1195 1
1195 1
1195 1
1195 1
1195 1
1195 1
1195 1
1195 1
1195 1
1194 1
1194 1
1194 1
1194 1
1194 1
1194 1
1194 1
1194 1
1194 1
1194 1
1194 1
1194 1
1194 1
1194 1
1194 1
1194 1
1194 1
1194 1
1194 1
1194 1
1194 1
1194 1
1194 1
1194 1
1194 1
1194 1
1194 1
1194 1
1194 1
1194 1
1194 1
1194 1
1194 1
1194 1
1194 1
1194 1
1194 1
1194 1
1194 1
1194 1
1194 1
1194 1
1194 1
1194 1
1194 1
1191 1
1191 1
1191 1
1191 1
1191 1
1191 1
1191 1
1191 1
1191 1
1191 1
1191 1
1191 1
1191 1
1191 1
1191 1
1191 1
1191 1
1191 1
1191 1
1191 1
1191 1
1191 1
1191 1
1191 1
1191 1
1191 1
1191 1
1191 1
1191 1
1191 1
1191 1
1191 1
1191 1
1191 1
1191 1
1191 1
1191 1
1191 1
1191 1
1191 1
1191 1
1191 1
1191 1
1191 1
1191 1
1254 1
1254 1
1254 1
1254 1
1254 1
1254 1
1254 1
1254 1
1254 1
1254 1
1254 1
1254 1
1254 1
1254 1
1254 1
1254 1
1254 1
1254 1
1254 1
1254 1
1254 1
1254 1
1254 1
1254 1
1254 1
1254 1
1254 1
1254 1
1254 1
1254 1
1254 1
1254 1
1254 1
1254 1
1254 1
1254 1
1254 1
1254 1
1254 1
1254 1
1254 1
1254 1
1254 1
1254 1
1254 1
1251 1
1251 1
1251 1
1251 1
1251 1
1251 1
1251 1
1251 1
1251 1
1251 1
1251 1
1251 1
1251 1
1251 1
1251 1
1251 1
1251 1
1251 1
1251 1
1251 1
1251 1
1251 1
1251 1
1251 1
1251 1
1251 1
1251 1
1251 1
1251 1
1251 1
1251 1
1251 1
1251 1
1251 1
1251 1
1251 1
1251 1
1251 1
1251 1
1251 1
1251 1
1251 1
1251 1
1251 1
1251 1
1236 1
1236 1
1236 1
1236 1
1236 1
1236 1
1236 1
1236 1
1236 1
1236 1
1236 1
1236 1
1236 1
1236 1
1236 1
1236 1
1236 1
1236 1
1236 1
1236 1
1236 1
1236 1
1236 1
1236 1
1236 1
1236 1
1236 1
1236 1
1236 1
1236 1
1236 1
1236 1
1236 1
1236 1
1236 1
1236 1
1236 1
1236 1
1236 1
1236 1
1236 1
1236 1
1236 1
1236 1
1236 1
1301 1
1301 1
1301 1
1301 1
1301 1
1301 1
1301 1
1301 1
1301 1
1301 1
1301 1
1301 1
1301 1
1301 1
1301 1
1301 1
1301 1
1301 1
1301 1
1301 1
1301 1
1301 1
1301 1
1301 1
1301 1
1301 1
1301 1
1301 1
1301 1
1301 1
1301 1
1301 1
1301 1
1301 1
1301 1
1301 1
1301 1
1301 1
1301 1
1301 1
1301 1
1301 1
1301 1
1301 1
1301 1
1370 1
1370 1
1370 1
1370 1
1370 1
1370 1
1370 1
1370 1
1370 1
1370 1
1370 1
1370 1
1370 1
1370 1
1370 1
1370 1
1370 1
1370 1
1370 1
1370 1
1370 1
1370 1
1370 1
1370 1
1370 1
1370 1
1370 1
1370 1
1370 1
1370 1
1370 1
1370 1
1370 1
1370 1
1370 1
1370 1
1370 1
1370 1
1370 1
1370 1
1370 1
1370 1
1370 1
1370 1
1370 1
1369 1
1369 1
1369 1
1369 1
1369 1
1369 1
1369 1
1369 1
1369 1
1369 1
1369 1
1369 1
1369 1
1369 1
1369 1
1369 1
1369 1
1369 1
1369 1
1369 1
1369 1
1369 1
1369 1
1369 1
1369 1
1369 1
1369 1
1369 1
1369 1
1369 1
1369 1
1369 1
1369 1
1369 1
1369 1
1369 1
1369 1
1369 1
1369 1
1369 1
1369 1
1369 1
1369 1
1369 1
1369 1
1460 1
1460 1
1460 1
1460 1
1460 1
1460 1
1460 1
1460 1
1460 1
1460 1
1460 1
1460 1
1460 1
1460 1
1460 1
1460 1
1460 1
1460 1
1460 1
1460 1
1460 1
1460 1
1460 1
1460 1
1460 1
1460 1
1460 1
1460 1
1460 1
1460 1
1460 1
1460 1
1460 1
1460 1
1460 1
1460 1
1460 1
1460 1
1460 1
1460 1
1460 1
1460 1
1460 1
1460 1
1460 1
1368 1
1368 1
1368 1
1368 1
1368 1
1368 1
1368 1
1368 1
1368 1
1368 1
1368 1
1368 1
1368 1
1368 1
1368 1
1368 1
1368 1
1368 1
1368 1
1368 1
1368 1
1368 1
1368 1
1368 1
1368 1
1368 1
1368 1
1368 1
1368 1
1368 1
1368 1
1368 1
1368 1
1368 1
1368 1
1368 1
1368 1
1368 1
1368 1
1368 1
1368 1
1368 1
1368 1
1368 1
1368 1
1367 1
1367 1
1367 1
1367 1
1367 1
1367 1
1367 1
1367 1
1367 1
1367 1
1367 1
1367 1
1367 1
1367 1
1367 1
1367 1
1367 1
1367 1
1367 1
1367 1
1367 1
1367 1
1367 1
1367 1
1367 1
1367 1
1367 1
1367 1
1367 1
1367 1
1367 1
1367 1
1367 1
1367 1
1367 1
1367 1
1367 1
1367 1
1367 1
1367 1
1367 1
1367 1
1367 1
1367 1
1367 1
1459 1
1459 1
1459 1
1459 1
1459 1
1459 1
1459 1
1459 1
1459 1
1459 1
1459 1
1459 1
1459 1
1459 1
1459 1
1459 1
1459 1
1459 1
1459 1
1459 1
1459 1
1459 1
1459 1
1459 1
1459 1
1459 1
1459 1
1459 1
1459 1
1459 1
1459 1
1459 1
1459 1
1459 1
1459 1
1459 1
1459 1
1459 1
1459 1
1459 1
1459 1
1459 1
1459 1
1459 1
1459 1
1436 1
1436 1
1436 1
1436 1
1436 1
1436 1
1436 1
1436 1
1436 1
1436 1
1436 1
1436 1
1436 1
1436 1
1436 1
1436 1
1436 1
1436 1
1436 1
1436 1
1436 1
1436 1
1436 1
1436 1
1436 1
1436 1
1436 1
1436 1
1436 1
1436 1
1436 1
1436 1
1436 1
1436 1
1436 1
1436 1
1436 1
1436 1
1436 1
1436 1
1436 1
1436 1
1436 1
1436 1
1436 1
1517 1
1517 1
1517 1
1517 1
1517 1
1517 1
1517 1
1517 1
1517 1
1517 1
1517 1
1517 1
1517 1
1517 1
1517 1
1517 1
1517 1
1517 1
1517 1
1517 1
1517 1
1517 1
1517 1
1517 1
1517 1
1517 1
1517 1
1517 1
1517 1
1517 1
1517 1
1517 1
1517 1
1517 1
1517 1
1517 1
1517 1
1517 1
1517 1
1517 1
1517 1
1517 1
1517 1
1517 1
1517 1
1501 1
1501 1
1501 1
1501 1
1501 1
1501 1
1501 1
1501 1
1501 1
1501 1
1501 1
1501 1
1501 1
1501 1
1501 1
1501 1
1501 1
1501 1
1501 1
1501 1
1501 1
1501 1
1501 1
1501 1
1501 1
1501 1
1501 1
1501 1
1501 1
1501 1
1501 1
1501 1
1501 1
1501 1
1501 1
1501 1
1501 1
1501 1
1501 1
1501 1
1501 1
1501 1
1501 1
1501 1
1501 1
1597 1
1597 1
1597 1
1597 1
1597 1
1597 1
1597 1
1597 1
1597 1
1597 1
1597 1
1597 1
1597 1
1597 1
1597 1
1597 1
1597 1
1597 1
1597 1
1597 1
1597 1
1597 1
1597 1
1597 1
1597 1
1597 1
1597 1
1597 1
1597 1
1597 1
1597 1
1597 1
1597 1
1597 1
1597 1
1597 1
1597 1
1597 1
1597 1
1597 1
1597 1
1597 1
1597 1
1597 1
1597 1
1586 1
1586 1
1586 1
1586 1
1586 1
1586 1
1586 1
1586 1
1586 1
1586 1
1586 1
1586 1
1586 1
1586 1
1586 1
1586 1
1586 1
1586 1
1586 1
1586 1
1586 1
1586 1
1586 1
1586 1
1586 1
1586 1
1586 1
1586 1
1586 1
1586 1
1586 1
1586 1
1586 1
1586 1
1586 1
1586 1
1586 1
1586 1
1586 1
1586 1
1586 1
1586 1
1586 1
1586 1
1586 1
1572 1
1572 1
1572 1
1572 1
1572 1
1572 1
1572 1
1572 1
1572 1
1572 1
1572 1
1572 1
1572 1
1572 1
1572 1
1572 1
1572 1
1572 1
1572 1
1572 1
1572 1
1572 1
1572 1
1572 1
1572 1
1572 1
1572 1
1572 1
1572 1
1572 1
1572 1
1572 1
1572 1
1572 1
1572 1
1572 1
1572 1
1572 1
1572 1
1572 1
1572 1
1572 1
1572 1
1572 1
1572 1
1569 1
1569 1
1569 1
1569 1
1569 1
1569 1
1569 1
1569 1
1569 1
1569 1
1569 1
1569 1
1569 1
1569 1
1569 1
1569 1
1569 1
1569 1
1569 1
1569 1
1569 1
1569 1
1569 1
1569 1
1569 1
1569 1
1569 1
1569 1
1569 1
1569 1
1569 1
1569 1
1569 1
1569 1
1569 1
1569 1
1569 1
1569 1
1569 1
1569 1
1569 1
1569 1
1569 1
1569 1
1569 1
1668 1
1668 1
1668 1
1668 1
1668 1
1668 1
1668 1
1668 1
1668 1
1668 1
1668 1
1668 1
1668 1
1668 1
1668 1
1668 1
1668 1
1668 1
1668 1
1668 1
1668 1
1668 1
1668 1
1668 1
1668 1
1668 1
1668 1
1668 1
1668 1
1668 1
1668 1
1668 1
1668 1
1668 1
1668 1
1668 1
1668 1
1668 1
1668 1
1668 1
1668 1
1668 1
1668 1
1668 1
1668 1
9692 1
9692 1
9692 1
9692 1
9692 1
9692 1
9692 1
9692 1
9692 1
9692 1
9692 1
9692 1
9692 1
9692 1
9692 1
9692 1
9692 1
9692 1
9692 1
9692 1
9692 1
9692 1
9692 1
9692 1
9692 1
9692 1
9692 1
9692 1
9692 1
9692 1
9692 1
9692 1
9692 1
9692 1
9692 1
9692 1
9692 1
9692 1
9692 1
9692 1
9692 1
9692 1
9692 1
9692 1
9692 1
1644 1
1644 1
1644 1
1644 1
1644 1
1644 1
1644 1
1644 1
1644 1
1644 1
1644 1
1644 1
1644 1
1644 1
1644 1
1644 1
1644 1
1644 1
1644 1
1644 1
1644 1
1644 1
1644 1
1644 1
1644 1
1644 1
1644 1
1644 1
1644 1
1644 1
1644 1
1644 1
1644 1
1644 1
1644 1
1644 1
1644 1
1644 1
1644 1
1644 1
1644 1
1644 1
1644 1
1644 1
1644 1
1643 1
1643 1
1643 1
1643 1
1643 1
1643 1
1643 1
1643 1
1643 1
1643 1
1643 1
1643 1
1643 1
1643 1
1643 1
1643 1
1643 1
1643 1
1643 1
1643 1
1643 1
1643 1
1643 1
1643 1
1643 1
1643 1
1643 1
1643 1
1643 1
1643 1
1643 1
1643 1
1643 1
1643 1
1643 1
1643 1
1643 1
1643 1
1643 1
1643 1
1643 1
1643 1
1643 1
1643 1
1643 1
1638 1
1638 1
1638 1
1638 1
1638 1
1638 1
1638 1
1638 1
1638 1
1638 1
1638 1
1638 1
1638 1
1638 1
1638 1
1638 1
1638 1
1638 1
1638 1
1638 1
1638 1
1638 1
1638 1
1638 1
1638 1
1638 1
1638 1
1638 1
1638 1
1638 1
1638 1
1638 1
1638 1
1638 1
1638 1
1638 1
1638 1
1638 1
1638 1
1638 1
1638 1
1638 1
1638 1
1638 1
1638 1
1724 1
1724 1
1724 1
1724 1
1724 1
1724 1
1724 1
1724 1
1724 1
1724 1
1724 1
1724 1
1724 1
1724 1
1724 1
1724 1
1724 1
1724 1
1724 1
1724 1
1724 1
1724 1
1724 1
1724 1
1724 1
1724 1
1724 1
1724 1
1724 1
1724 1
1724 1
1724 1
1724 1
1724 1
1724 1
1724 1
1724 1
1724 1
1724 1
1724 1
1724 1
1724 1
1724 1
1724 1
1724 1
1809 1
1809 1
1809 1
1809 1
1809 1
1809 1
1809 1
1809 1
1809 1
1809 1
1809 1
1809 1
1809 1
1809 1
1809 1
1809 1
1809 1
1809 1
1809 1
1809 1
1809 1
1809 1
1809 1
1809 1
1809 1
1809 1
1809 1
1809 1
1809 1
1809 1
1809 1
1809 1
1809 1
1809 1
1809 1
1809 1
1809 1
1809 1
1809 1
1809 1
1809 1
1809 1
1809 1
1809 1
1809 1
1798 1
1798 1
1798 1
1798 1
1798 1
1798 1
1798 1
1798 1
1798 1
1798 1
1798 1
1798 1
1798 1
1798 1
1798 1
1798 1
1798 1
1798 1
1798 1
1798 1
1798 1
1798 1
1798 1
1798 1
1798 1
1798 1
1798 1
1798 1
1798 1
1798 1
1798 1
1798 1
1798 1
1798 1
1798 1
1798 1
1798 1
1798 1
1798 1
1798 1
1798 1
1798 1
1798 1
1798 1
1798 1
1792 1
1792 1
1792 1
1792 1
1792 1
1792 1
1792 1
1792 1
1792 1
1792 1
1792 1
1792 1
1792 1
1792 1
1792 1
1792 1
1792 1
1792 1
1792 1
1792 1
1792 1
1792 1
1792 1
1792 1
1792 1
1792 1
1792 1
1792 1
1792 1
1792 1
1792 1
1792 1
1792 1
1792 1
1792 1
1792 1
1792 1
1792 1
1792 1
1792 1
1792 1
1792 1
1792 1
1792 1
1792 1
1791 1
1791 1
1791 1
1791 1
1791 1
1791 1
1791 1
1791 1
1791 1
1791 1
1791 1
1791 1
1791 1
1791 1
1791 1
1791 1
1791 1
1791 1
1791 1
1791 1
1791 1
1791 1
1791 1
1791 1
1791 1
1791 1
1791 1
1791 1
1791 1
1791 1
1791 1
1791 1
1791 1
1791 1
1791 1
1791 1
1791 1
1791 1
1791 1
1791 1
1791 1
1791 1
1791 1
1791 1
1791 1
1885 1
1885 1
1885 1
1885 1
1885 1
1885 1
1885 1
1885 1
1885 1
1885 1
1885 1
1885 1
1885 1
1885 1
1885 1
1885 1
1885 1
1885 1
1885 1
1885 1
1885 1
1885 1
1885 1
1885 1
1885 1
1885 1
1885 1
1885 1
1885 1
1885 1
1885 1
1885 1
1885 1
1885 1
1885 1
1885 1
1885 1
1885 1
1885 1
1885 1
1885 1
1885 1
1885 1
1885 1
1885 1
1966 1
1966 1
1966 1
1966 1
1966 1
1966 1
1966 1
1966 1
1966 1
1966 1
1966 1
1966 1
1966 1
1966 1
1966 1
1966 1
1966 1
1966 1
1966 1
1966 1
1966 1
1966 1
1966 1
1966 1
1966 1
1966 1
1966 1
1966 1
1966 1
1966 1
1966 1
1966 1
1966 1
1966 1
1966 1
1966 1
1966 1
1966 1
1966 1
1966 1
1966 1
1966 1
1966 1
1966 1
1966 1
1943 1
1943 1
1943 1
1943 1
1943 1
1943 1
1943 1
1943 1
1943 1
1943 1
1943 1
1943 1
1943 1
1943 1
1943 1
1943 1
1943 1
1943 1
1943 1
1943 1
1943 1
1943 1
1943 1
1943 1
1943 1
1943 1
1943 1
1943 1
1943 1
1943 1
1943 1
1943 1
1943 1
1943 1
1943 1
1943 1
1943 1
1943 1
1943 1
1943 1
1943 1
1943 1
1943 1
1943 1
1943 1
1938 1
1938 1
1938 1
1938 1
1938 1
1938 1
1938 1
1938 1
1938 1
1938 1
1938 1
1938 1
1938 1
1938 1
1938 1
1938 1
1938 1
1938 1
1938 1
1938 1
1938 1
1938 1
1938 1
1938 1
1938 1
1938 1
1938 1
1938 1
1938 1
1938 1
1938 1
1938 1
1938 1
1938 1
1938 1
1938 1
1938 1
1938 1
1938 1
1938 1
1938 1
1938 1
1938 1
1938 1
1938 1
10878 1
10878 1
10878 1
10878 1
10878 1
10878 1
10878 1
10878 1
10878 1
10878 1
10878 1
10878 1
10878 1
10878 1
10878 1
10878 1
10878 1
10878 1
10878 1
10878 1
10878 1
10878 1
10878 1
10878 1
10878 1
10878 1
10878 1
10878 1
10878 1
10878 1
10878 1
10878 1
10878 1
10878 1
10878 1
10878 1
10878 1
10878 1
10878 1
10878 1
10878 1
10878 1
10878 1
10878 1
10878 1
2043 1
2043 1
2043 1
2043 1
2043 1
2043 1
2043 1
2043 1
2043 1
2043 1
2043 1
2043 1
2043 1
2043 1
2043 1
2043 1
2043 1
2043 1
2043 1
2043 1
2043 1
2043 1
2043 1
2043 1
2043 1
2043 1
2043 1
2043 1
2043 1
2043 1
2043 1
2043 1
2043 1
2043 1
2043 1
2043 1
2043 1
2043 1
2043 1
2043 1
2043 1
2043 1
2043 1
2043 1
2043 1
10879 1
10879 1
10879 1
10879 1
10879 1
10879 1
10879 1
10879 1
10879 1
10879 1
10879 1
10879 1
10879 1
10879 1
10879 1
10879 1
10879 1
10879 1
10879 1
10879 1
10879 1
10879 1
10879 1
10879 1
10879 1
10879 1
10879 1
10879 1
10879 1
10879 1
10879 1
10879 1
10879 1
10879 1
10879 1
10879 1
10879 1
10879 1
10879 1
10879 1
10879 1
10879 1
10879 1
10879 1
10879 1
9679 1
9679 1
9679 1
9679 1
9679 1
9679 1
9679 1
9679 1
9679 1
9679 1
9679 1
9679 1
9679 1
9679 1
9679 1
9679 1
9679 1
9679 1
9679 1
9679 1
9679 1
9679 1
9679 1
9679 1
9679 1
9679 1
9679 1
9679 1
9679 1
9679 1
9679 1
9679 1
9679 1
9679 1
9679 1
9679 1
9679 1
9679 1
9679 1
9679 1
9679 1
9679 1
9679 1
9679 1
9679 1
2372 1
2372 1
2372 1
2372 1
2372 1
2372 1
2372 1
2372 1
2372 1
2372 1
2372 1
2372 1
2372 1
2372 1
2372 1
2372 1
2372 1
2372 1
2372 1
2372 1
2372 1
2372 1
2372 1
2372 1
2372 1
2372 1
2372 1
2372 1
2372 1
2372 1
2372 1
2372 1
2372 1
2372 1
2372 1
2372 1
2372 1
2372 1
2372 1
2372 1
2372 1
2372 1
2372 1
2372 1
2372 1
2456 1
2456 1
2456 1
2456 1
2456 1
2456 1
2456 1
2456 1
2456 1
2456 1
2456 1
2456 1
2456 1
2456 1
2456 1
2456 1
2456 1
2456 1
2456 1
2456 1
2456 1
2456 1
2456 1
2456 1
2456 1
2456 1
2456 1
2456 1
2456 1
2456 1
2456 1
2456 1
2456 1
2456 1
2456 1
2456 1
2456 1
2456 1
2456 1
2456 1
2456 1
2456 1
2456 1
2456 1
2456 1
2531 1
2531 1
2531 1
2531 1
2531 1
2531 1
2531 1
2531 1
2531 1
2531 1
2531 1
2531 1
2531 1
2531 1
2531 1
2531 1
2531 1
2531 1
2531 1
2531 1
2531 1
2531 1
2531 1
2531 1
2531 1
2531 1
2531 1
2531 1
2531 1
2531 1
2531 1
2531 1
2531 1
2531 1
2531 1
2531 1
2531 1
2531 1
2531 1
2531 1
2531 1
2531 1
2531 1
2531 1
2531 1
2616 1
2616 1
2616 1
2616 1
2616 1
2616 1
2616 1
2616 1
2616 1
2616 1
2616 1
2616 1
2616 1
2616 1
2616 1
2616 1
2616 1
2616 1
2616 1
2616 1
2616 1
2616 1
2616 1
2616 1
2616 1
2616 1
2616 1
2616 1
2616 1
2616 1
2616 1
2616 1
2616 1
2616 1
2616 1
2616 1
2616 1
2616 1
2616 1
2616 1
2616 1
2616 1
2616 1
2616 1
2616 1
2608 1
2608 1
2608 1
2608 1
2608 1
2608 1
2608 1
2608 1
2608 1
2608 1
2608 1
2608 1
2608 1
2608 1
2608 1
2608 1
2608 1
2608 1
2608 1
2608 1
2608 1
2608 1
2608 1
2608 1
2608 1
2608 1
2608 1
2608 1
2608 1
2608 1
2608 1
2608 1
2608 1
2608 1
2608 1
2608 1
2608 1
2608 1
2608 1
2608 1
2608 1
2608 1
2608 1
2608 1
2608 1
2602 1
2602 1
2602 1
2602 1
2602 1
2602 1
2602 1
2602 1
2602 1
2602 1
2602 1
2602 1
2602 1
2602 1
2602 1
2602 1
2602 1
2602 1
2602 1
2602 1
2602 1
2602 1
2602 1
2602 1
2602 1
2602 1
2602 1
2602 1
2602 1
2602 1
2602 1
2602 1
2602 1
2602 1
2602 1
2602 1
2602 1
2602 1
2602 1
2602 1
2602 1
2602 1
2602 1
2602 1
2602 1
2601 1
2601 1
2601 1
2601 1
2601 1
2601 1
2601 1
2601 1
2601 1
2601 1
2601 1
2601 1
2601 1
2601 1
2601 1
2601 1
2601 1
2601 1
2601 1
2601 1
2601 1
2601 1
2601 1
2601 1
2601 1
2601 1
2601 1
2601 1
2601 1
2601 1
2601 1
2601 1
2601 1
2601 1
2601 1
2601 1
2601 1
2601 1
2601 1
2601 1
2601 1
2601 1
2601 1
2601 1
2601 1
2600 1
2600 1
2600 1
2600 1
2600 1
2600 1
2600 1
2600 1
2600 1
2600 1
2600 1
2600 1
2600 1
2600 1
2600 1
2600 1
2600 1
2600 1
2600 1
2600 1
2600 1
2600 1
2600 1
2600 1
2600 1
2600 1
2600 1
2600 1
2600 1
2600 1
2600 1
2600 1
2600 1
2600 1
2600 1
2600 1
2600 1
2600 1
2600 1
2600 1
2600 1
2600 1
2600 1
2600 1
2600 1
2585 1
2585 1
2585 1
2585 1
2585 1
2585 1
2585 1
2585 1
2585 1
2585 1
2585 1
2585 1
2585 1
2585 1
2585 1
2585 1
2585 1
2585 1
2585 1
2585 1
2585 1
2585 1
2585 1
2585 1
2585 1
2585 1
2585 1
2585 1
2585 1
2585 1
2585 1
2585 1
2585 1
2585 1
2585 1
2585 1
2585 1
2585 1
2585 1
2585 1
2585 1
2585 1
2585 1
2585 1
2585 1
2702 1
2702 1
2702 1
2702 1
2702 1
2702 1
2702 1
2702 1
2702 1
2702 1
2702 1
2702 1
2702 1
2702 1
2702 1
2702 1
2702 1
2702 1
2702 1
2702 1
2702 1
2702 1
2702 1
2702 1
2702 1
2702 1
2702 1
2702 1
2702 1
2702 1
2702 1
2702 1
2702 1
2702 1
2702 1
2702 1
2702 1
2702 1
2702 1
2702 1
2702 1
2702 1
2702 1
2702 1
2702 1
2700 1
2700 1
2700 1
2700 1
2700 1
2700 1
2700 1
2700 1
2700 1
2700 1
2700 1
2700 1
2700 1
2700 1
2700 1
2700 1
2700 1
2700 1
2700 1
2700 1
2700 1
2700 1
2700 1
2700 1
2700 1
2700 1
2700 1
2700 1
2700 1
2700 1
2700 1
2700 1
2700 1
2700 1
2700 1
2700 1
2700 1
2700 1
2700 1
2700 1
2700 1
2700 1
2700 1
2700 1
2700 1
2683 1
2683 1
2683 1
2683 1
2683 1
2683 1
2683 1
2683 1
2683 1
2683 1
2683 1
2683 1
2683 1
2683 1
2683 1
2683 1
2683 1
2683 1
2683 1
2683 1
2683 1
2683 1
2683 1
2683 1
2683 1
2683 1
2683 1
2683 1
2683 1
2683 1
2683 1
2683 1
2683 1
2683 1
2683 1
2683 1
2683 1
2683 1
2683 1
2683 1
2683 1
2683 1
2683 1
2683 1
2683 1
2668 1
2668 1
2668 1
2668 1
2668 1
2668 1
2668 1
2668 1
2668 1
2668 1
2668 1
2668 1
2668 1
2668 1
2668 1
2668 1
2668 1
2668 1
2668 1
2668 1
2668 1
2668 1
2668 1
2668 1
2668 1
2668 1
2668 1
2668 1
2668 1
2668 1
2668 1
2668 1
2668 1
2668 1
2668 1
2668 1
2668 1
2668 1
2668 1
2668 1
2668 1
2668 1
2668 1
2668 1
2668 1
2784 1
2784 1
2784 1
2784 1
2784 1
2784 1
2784 1
2784 1
2784 1
2784 1
2784 1
2784 1
2784 1
2784 1
2784 1
2784 1
2784 1
2784 1
2784 1
2784 1
2784 1
2784 1
2784 1
2784 1
2784 1
2784 1
2784 1
2784 1
2784 1
2784 1
2784 1
2784 1
2784 1
2784 1
2784 1
2784 1
2784 1
2784 1
2784 1
2784 1
2784 1
2784 1
2784 1
2784 1
2784 1
2775 1
2775 1
2775 1
2775 1
2775 1
2775 1
2775 1
2775 1
2775 1
2775 1
2775 1
2775 1
2775 1
2775 1
2775 1
2775 1
2775 1
2775 1
2775 1
2775 1
2775 1
2775 1
2775 1
2775 1
2775 1
2775 1
2775 1
2775 1
2775 1
2775 1
2775 1
2775 1
2775 1
2775 1
2775 1
2775 1
2775 1
2775 1
2775 1
2775 1
2775 1
2775 1
2775 1
2775 1
2775 1
2774 1
2774 1
2774 1
2774 1
2774 1
2774 1
2774 1
2774 1
2774 1
2774 1
2774 1
2774 1
2774 1
2774 1
2774 1
2774 1
2774 1
2774 1
2774 1
2774 1
2774 1
2774 1
2774 1
2774 1
2774 1
2774 1
2774 1
2774 1
2774 1
2774 1
2774 1
2774 1
2774 1
2774 1
2774 1
2774 1
2774 1
2774 1
2774 1
2774 1
2774 1
2774 1
2774 1
2774 1
2774 1
2752 1
2752 1
2752 1
2752 1
2752 1
2752 1
2752 1
2752 1
2752 1
2752 1
2752 1
2752 1
2752 1
2752 1
2752 1
2752 1
2752 1
2752 1
2752 1
2752 1
2752 1
2752 1
2752 1
2752 1
2752 1
2752 1
2752 1
2752 1
2752 1
2752 1
2752 1
2752 1
2752 1
2752 1
2752 1
2752 1
2752 1
2752 1
2752 1
2752 1
2752 1
2752 1
2752 1
2752 1
2752 1
2865 1
2865 1
2865 1
2865 1
2865 1
2865 1
2865 1
2865 1
2865 1
2865 1
2865 1
2865 1
2865 1
2865 1
2865 1
2865 1
2865 1
2865 1
2865 1
2865 1
2865 1
2865 1
2865 1
2865 1
2865 1
2865 1
2865 1
2865 1
2865 1
2865 1
2865 1
2865 1
2865 1
2865 1
2865 1
2865 1
2865 1
2865 1
2865 1
2865 1
2865 1
2865 1
2865 1
2865 1
2865 1
2847 1
2847 1
2847 1
2847 1
2847 1
2847 1
2847 1
2847 1
2847 1
2847 1
2847 1
2847 1
2847 1
2847 1
2847 1
2847 1
2847 1
2847 1
2847 1
2847 1
2847 1
2847 1
2847 1
2847 1
2847 1
2847 1
2847 1
2847 1
2847 1
2847 1
2847 1
2847 1
2847 1
2847 1
2847 1
2847 1
2847 1
2847 1
2847 1
2847 1
2847 1
2847 1
2847 1
2847 1
2847 1
2831 1
2831 1
2831 1
2831 1
2831 1
2831 1
2831 1
2831 1
2831 1
2831 1
2831 1
2831 1
2831 1
2831 1
2831 1
2831 1
2831 1
2831 1
2831 1
2831 1
2831 1
2831 1
2831 1
2831 1
2831 1
2831 1
2831 1
2831 1
2831 1
2831 1
2831 1
2831 1
2831 1
2831 1
2831 1
2831 1
2831 1
2831 1
2831 1
2831 1
2831 1
2831 1
2831 1
2831 1
2831 1
2832 1
2832 1
2832 1
2832 1
2832 1
2832 1
2832 1
2832 1
2832 1
2832 1
2832 1
2832 1
2832 1
2832 1
2832 1
2832 1
2832 1
2832 1
2832 1
2832 1
2832 1
2832 1
2832 1
2832 1
2832 1
2832 1
2832 1
2832 1
2832 1
2832 1
2832 1
2832 1
2832 1
2832 1
2832 1
2832 1
2832 1
2832 1
2832 1
2832 1
2832 1
2832 1
2832 1
2832 1
2832 1
2834 1
2834 1
2834 1
2834 1
2834 1
2834 1
2834 1
2834 1
2834 1
2834 1
2834 1
2834 1
2834 1
2834 1
2834 1
2834 1
2834 1
2834 1
2834 1
2834 1
2834 1
2834 1
2834 1
2834 1
2834 1
2834 1
2834 1
2834 1
2834 1
2834 1
2834 1
2834 1
2834 1
2834 1
2834 1
2834 1
2834 1
2834 1
2834 1
2834 1
2834 1
2834 1
2834 1
2834 1
2834 1
2940 1
2940 1
2940 1
2940 1
2940 1
2940 1
2940 1
2940 1
2940 1
2940 1
2940 1
2940 1
2940 1
2940 1
2940 1
2940 1
2940 1
2940 1
2940 1
2940 1
2940 1
2940 1
2940 1
2940 1
2940 1
2940 1
2940 1
2940 1
2940 1
2940 1
2940 1
2940 1
2940 1
2940 1
2940 1
2940 1
2940 1
2940 1
2940 1
2940 1
2940 1
2940 1
2940 1
2940 1
2940 1
2925 1
2925 1
2925 1
2925 1
2925 1
2925 1
2925 1
2925 1
2925 1
2925 1
2925 1
2925 1
2925 1
2925 1
2925 1
2925 1
2925 1
2925 1
2925 1
2925 1
2925 1
2925 1
2925 1
2925 1
2925 1
2925 1
2925 1
2925 1
2925 1
2925 1
2925 1
2925 1
2925 1
2925 1
2925 1
2925 1
2925 1
2925 1
2925 1
2925 1
2925 1
2925 1
2925 1
2925 1
2925 1
2918 1
2918 1
2918 1
2918 1
2918 1
2918 1
2918 1
2918 1
2918 1
2918 1
2918 1
2918 1
2918 1
2918 1
2918 1
2918 1
2918 1
2918 1
2918 1
2918 1
2918 1
2918 1
2918 1
2918 1
2918 1
2918 1
2918 1
2918 1
2918 1
2918 1
2918 1
2918 1
2918 1
2918 1
2918 1
2918 1
2918 1
2918 1
2918 1
2918 1
2918 1
2918 1
2918 1
2918 1
2918 1
3016 1
3016 1
3016 1
3016 1
3016 1
3016 1
3016 1
3016 1
3016 1
3016 1
3016 1
3016 1
3016 1
3016 1
3016 1
3016 1
3016 1
3016 1
3016 1
3016 1
3016 1
3016 1
3016 1
3016 1
3016 1
3016 1
3016 1
3016 1
3016 1
3016 1
3016 1
3016 1
3016 1
3016 1
3016 1
3016 1
3016 1
3016 1
3016 1
3016 1
3016 1
3016 1
3016 1
3016 1
3016 1
3002 1
3002 1
3002 1
3002 1
3002 1
3002 1
3002 1
3002 1
3002 1
3002 1
3002 1
3002 1
3002 1
3002 1
3002 1
3002 1
3002 1
3002 1
3002 1
3002 1
3002 1
3002 1
3002 1
3002 1
3002 1
3002 1
3002 1
3002 1
3002 1
3002 1
3002 1
3002 1
3002 1
3002 1
3002 1
3002 1
3002 1
3002 1
3002 1
3002 1
3002 1
3002 1
3002 1
3002 1
3002 1
3000 1
3000 1
3000 1
3000 1
3000 1
3000 1
3000 1
3000 1
3000 1
3000 1
3000 1
3000 1
3000 1
3000 1
3000 1
3000 1
3000 1
3000 1
3000 1
3000 1
3000 1
3000 1
3000 1
3000 1
3000 1
3000 1
3000 1
3000 1
3000 1
3000 1
3000 1
3000 1
3000 1
3000 1
3000 1
3000 1
3000 1
3000 1
3000 1
3000 1
3000 1
3000 1
3000 1
3000 1
3000 1
2982 1
2982 1
2982 1
2982 1
2982 1
2982 1
2982 1
2982 1
2982 1
2982 1
2982 1
2982 1
2982 1
2982 1
2982 1
2982 1
2982 1
2982 1
2982 1
2982 1
2982 1
2982 1
2982 1
2982 1
2982 1
2982 1
2982 1
2982 1
2982 1
2982 1
2982 1
2982 1
2982 1
2982 1
2982 1
2982 1
2982 1
2982 1
2982 1
2982 1
2982 1
2982 1
2982 1
2982 1
2982 1
2997 1
2997 1
2997 1
2997 1
2997 1
2997 1
2997 1
2997 1
2997 1
2997 1
2997 1
2997 1
2997 1
2997 1
2997 1
2997 1
2997 1
2997 1
2997 1
2997 1
2997 1
2997 1
2997 1
2997 1
2997 1
2997 1
2997 1
2997 1
2997 1
2997 1
2997 1
2997 1
2997 1
2997 1
2997 1
2997 1
2997 1
2997 1
2997 1
2997 1
2997 1
2997 1
2997 1
2997 1
2997 1
3089 1
3089 1
3089 1
3089 1
3089 1
3089 1
3089 1
3089 1
3089 1
3089 1
3089 1
3089 1
3089 1
3089 1
3089 1
3089 1
3089 1
3089 1
3089 1
3089 1
3089 1
3089 1
3089 1
3089 1
3089 1
3089 1
3089 1
3089 1
3089 1
3089 1
3089 1
3089 1
3089 1
3089 1
3089 1
3089 1
3089 1
3089 1
3089 1
3089 1
3089 1
3089 1
3089 1
3089 1
3089 1
3085 1
3085 1
3085 1
3085 1
3085 1
3085 1
3085 1
3085 1
3085 1
3085 1
3085 1
3085 1
3085 1
3085 1
3085 1
3085 1
3085 1
3085 1
3085 1
3085 1
3085 1
3085 1
3085 1
3085 1
3085 1
3085 1
3085 1
3085 1
3085 1
3085 1
3085 1
3085 1
3085 1
3085 1
3085 1
3085 1
3085 1
3085 1
3085 1
3085 1
3085 1
3085 1
3085 1
3085 1
3085 1
3073 1
3073 1
3073 1
3073 1
3073 1
3073 1
3073 1
3073 1
3073 1
3073 1
3073 1
3073 1
3073 1
3073 1
3073 1
3073 1
3073 1
3073 1
3073 1
3073 1
3073 1
3073 1
3073 1
3073 1
3073 1
3073 1
3073 1
3073 1
3073 1
3073 1
3073 1
3073 1
3073 1
3073 1
3073 1
3073 1
3073 1
3073 1
3073 1
3073 1
3073 1
3073 1
3073 1
3073 1
3073 1
3145 1
3145 1
3145 1
3145 1
3145 1
3145 1
3145 1
3145 1
3145 1
3145 1
3145 1
3145 1
3145 1
3145 1
3145 1
3145 1
3145 1
3145 1
3145 1
3145 1
3145 1
3145 1
3145 1
3145 1
3145 1
3145 1
3145 1
3145 1
3145 1
3145 1
3145 1
3145 1
3145 1
3145 1
3145 1
3145 1
3145 1
3145 1
3145 1
3145 1
3145 1
3145 1
3145 1
3145 1
3145 1
3143 1
3143 1
3143 1
3143 1
3143 1
3143 1
3143 1
3143 1
3143 1
3143 1
3143 1
3143 1
3143 1
3143 1
3143 1
3143 1
3143 1
3143 1
3143 1
3143 1
3143 1
3143 1
3143 1
3143 1
3143 1
3143 1
3143 1
3143 1
3143 1
3143 1
3143 1
3143 1
3143 1
3143 1
3143 1
3143 1
3143 1
3143 1
3143 1
3143 1
3143 1
3143 1
3143 1
3143 1
3143 1
3211 1
3211 1
3211 1
3211 1
3211 1
3211 1
3211 1
3211 1
3211 1
3211 1
3211 1
3211 1
3211 1
3211 1
3211 1
3211 1
3211 1
3211 1
3211 1
3211 1
3211 1
3211 1
3211 1
3211 1
3211 1
3211 1
3211 1
3211 1
3211 1
3211 1
3211 1
3211 1
3211 1
3211 1
3211 1
3211 1
3211 1
3211 1
3211 1
3211 1
3211 1
3211 1
3211 1
3211 1
3211 1
3313 1
3313 1
3313 1
3313 1
3313 1
3313 1
3313 1
3313 1
3313 1
3313 1
3313 1
3313 1
3313 1
3313 1
3313 1
3313 1
3313 1
3313 1
3313 1
3313 1
3313 1
3313 1
3313 1
3313 1
3313 1
3313 1
3313 1
3313 1
3313 1
3313 1
3313 1
3313 1
3313 1
3313 1
3313 1
3313 1
3313 1
3313 1
3313 1
3313 1
3313 1
3313 1
3313 1
3313 1
3313 1
3311 1
3311 1
3311 1
3311 1
3311 1
3311 1
3311 1
3311 1
3311 1
3311 1
3311 1
3311 1
3311 1
3311 1
3311 1
3311 1
3311 1
3311 1
3311 1
3311 1
3311 1
3311 1
3311 1
3311 1
3311 1
3311 1
3311 1
3311 1
3311 1
3311 1
3311 1
3311 1
3311 1
3311 1
3311 1
3311 1
3311 1
3311 1
3311 1
3311 1
3311 1
3311 1
3311 1
3311 1
3311 1
3307 1
3307 1
3307 1
3307 1
3307 1
3307 1
3307 1
3307 1
3307 1
3307 1
3307 1
3307 1
3307 1
3307 1
3307 1
3307 1
3307 1
3307 1
3307 1
3307 1
3307 1
3307 1
3307 1
3307 1
3307 1
3307 1
3307 1
3307 1
3307 1
3307 1
3307 1
3307 1
3307 1
3307 1
3307 1
3307 1
3307 1
3307 1
3307 1
3307 1
3307 1
3307 1
3307 1
3307 1
3307 1
3305 1
3305 1
3305 1
3305 1
3305 1
3305 1
3305 1
3305 1
3305 1
3305 1
3305 1
3305 1
3305 1
3305 1
3305 1
3305 1
3305 1
3305 1
3305 1
3305 1
3305 1
3305 1
3305 1
3305 1
3305 1
3305 1
3305 1
3305 1
3305 1
3305 1
3305 1
3305 1
3305 1
3305 1
3305 1
3305 1
3305 1
3305 1
3305 1
3305 1
3305 1
3305 1
3305 1
3305 1
3305 1
3404 1
3404 1
3404 1
3404 1
3404 1
3404 1
3404 1
3404 1
3404 1
3404 1
3404 1
3404 1
3404 1
3404 1
3404 1
3404 1
3404 1
3404 1
3404 1
3404 1
3404 1
3404 1
3404 1
3404 1
3404 1
3404 1
3404 1
3404 1
3404 1
3404 1
3404 1
3404 1
3404 1
3404 1
3404 1
3404 1
3404 1
3404 1
3404 1
3404 1
3404 1
3404 1
3404 1
3404 1
3404 1
3390 1
3390 1
3390 1
3390 1
3390 1
3390 1
3390 1
3390 1
3390 1
3390 1
3390 1
3390 1
3390 1
3390 1
3390 1
3390 1
3390 1
3390 1
3390 1
3390 1
3390 1
3390 1
3390 1
3390 1
3390 1
3390 1
3390 1
3390 1
3390 1
3390 1
3390 1
3390 1
3390 1
3390 1
3390 1
3390 1
3390 1
3390 1
3390 1
3390 1
3390 1
3390 1
3390 1
3390 1
3390 1
3374 1
3374 1
3374 1
3374 1
3374 1
3374 1
3374 1
3374 1
3374 1
3374 1
3374 1
3374 1
3374 1
3374 1
3374 1
3374 1
3374 1
3374 1
3374 1
3374 1
3374 1
3374 1
3374 1
3374 1
3374 1
3374 1
3374 1
3374 1
3374 1
3374 1
3374 1
3374 1
3374 1
3374 1
3374 1
3374 1
3374 1
3374 1
3374 1
3374 1
3374 1
3374 1
3374 1
3374 1
3374 1
3389 1
3389 1
3389 1
3389 1
3389 1
3389 1
3389 1
3389 1
3389 1
3389 1
3389 1
3389 1
3389 1
3389 1
3389 1
3389 1
3389 1
3389 1
3389 1
3389 1
3389 1
3389 1
3389 1
3389 1
3389 1
3389 1
3389 1
3389 1
3389 1
3389 1
3389 1
3389 1
3389 1
3389 1
3389 1
3389 1
3389 1
3389 1
3389 1
3389 1
3389 1
3389 1
3389 1
3389 1
3389 1
3375 1
3375 1
3375 1
3375 1
3375 1
3375 1
3375 1
3375 1
3375 1
3375 1
3375 1
3375 1
3375 1
3375 1
3375 1
3375 1
3375 1
3375 1
3375 1
3375 1
3375 1
3375 1
3375 1
3375 1
3375 1
3375 1
3375 1
3375 1
3375 1
3375 1
3375 1
3375 1
3375 1
3375 1
3375 1
3375 1
3375 1
3375 1
3375 1
3375 1
3375 1
3375 1
3375 1
3375 1
3375 1
3384 1
3384 1
3384 1
3384 1
3384 1
3384 1
3384 1
3384 1
3384 1
3384 1
3384 1
3384 1
3384 1
3384 1
3384 1
3384 1
3384 1
3384 1
3384 1
3384 1
3384 1
3384 1
3384 1
3384 1
3384 1
3384 1
3384 1
3384 1
3384 1
3384 1
3384 1
3384 1
3384 1
3384 1
3384 1
3384 1
3384 1
3384 1
3384 1
3384 1
3384 1
3384 1
3384 1
3384 1
3384 1
3381 1
3381 1
3381 1
3381 1
3381 1
3381 1
3381 1
3381 1
3381 1
3381 1
3381 1
3381 1
3381 1
3381 1
3381 1
3381 1
3381 1
3381 1
3381 1
3381 1
3381 1
3381 1
3381 1
3381 1
3381 1
3381 1
3381 1
3381 1
3381 1
3381 1
3381 1
3381 1
3381 1
3381 1
3381 1
3381 1
3381 1
3381 1
3381 1
3381 1
3381 1
3381 1
3381 1
3381 1
3381 1
3470 1
3470 1
3470 1
3470 1
3470 1
3470 1
3470 1
3470 1
3470 1
3470 1
3470 1
3470 1
3470 1
3470 1
3470 1
3470 1
3470 1
3470 1
3470 1
3470 1
3470 1
3470 1
3470 1
3470 1
3470 1
3470 1
3470 1
3470 1
3470 1
3470 1
3470 1
3470 1
3470 1
3470 1
3470 1
3470 1
3470 1
3470 1
3470 1
3470 1
3470 1
3470 1
3470 1
3470 1
3470 1
3468 1
3468 1
3468 1
3468 1
3468 1
3468 1
3468 1
3468 1
3468 1
3468 1
3468 1
3468 1
3468 1
3468 1
3468 1
3468 1
3468 1
3468 1
3468 1
3468 1
3468 1
3468 1
3468 1
3468 1
3468 1
3468 1
3468 1
3468 1
3468 1
3468 1
3468 1
3468 1
3468 1
3468 1
3468 1
3468 1
3468 1
3468 1
3468 1
3468 1
3468 1
3468 1
3468 1
3468 1
3468 1
3552 1
3552 1
3552 1
3552 1
3552 1
3552 1
3552 1
3552 1
3552 1
3552 1
3552 1
3552 1
3552 1
3552 1
3552 1
3552 1
3552 1
3552 1
3552 1
3552 1
3552 1
3552 1
3552 1
3552 1
3552 1
3552 1
3552 1
3552 1
3552 1
3552 1
3552 1
3552 1
3552 1
3552 1
3552 1
3552 1
3552 1
3552 1
3552 1
3552 1
3552 1
3552 1
3552 1
3552 1
3552 1
3635 1
3635 1
3635 1
3635 1
3635 1
3635 1
3635 1
3635 1
3635 1
3635 1
3635 1
3635 1
3635 1
3635 1
3635 1
3635 1
3635 1
3635 1
3635 1
3635 1
3635 1
3635 1
3635 1
3635 1
3635 1
3635 1
3635 1
3635 1
3635 1
3635 1
3635 1
3635 1
3635 1
3635 1
3635 1
3635 1
3635 1
3635 1
3635 1
3635 1
3635 1
3635 1
3635 1
3635 1
3635 1
3719 1
3719 1
3719 1
3719 1
3719 1
3719 1
3719 1
3719 1
3719 1
3719 1
3719 1
3719 1
3719 1
3719 1
3719 1
3719 1
3719 1
3719 1
3719 1
3719 1
3719 1
3719 1
3719 1
3719 1
3719 1
3719 1
3719 1
3719 1
3719 1
3719 1
3719 1
3719 1
3719 1
3719 1
3719 1
3719 1
3719 1
3719 1
3719 1
3719 1
3719 1
3719 1
3719 1
3719 1
3719 1
3718 1
3718 1
3718 1
3718 1
3718 1
3718 1
3718 1
3718 1
3718 1
3718 1
3718 1
3718 1
3718 1
3718 1
3718 1
3718 1
3718 1
3718 1
3718 1
3718 1
3718 1
3718 1
3718 1
3718 1
3718 1
3718 1
3718 1
3718 1
3718 1
3718 1
3718 1
3718 1
3718 1
3718 1
3718 1
3718 1
3718 1
3718 1
3718 1
3718 1
3718 1
3718 1
3718 1
3718 1
3718 1
3717 1
3717 1
3717 1
3717 1
3717 1
3717 1
3717 1
3717 1
3717 1
3717 1
3717 1
3717 1
3717 1
3717 1
3717 1
3717 1
3717 1
3717 1
3717 1
3717 1
3717 1
3717 1
3717 1
3717 1
3717 1
3717 1
3717 1
3717 1
3717 1
3717 1
3717 1
3717 1
3717 1
3717 1
3717 1
3717 1
3717 1
3717 1
3717 1
3717 1
3717 1
3717 1
3717 1
3717 1
3717 1
4007 1
4007 1
4007 1
4007 1
4007 1
4007 1
4007 1
4007 1
4007 1
4007 1
4007 1
4007 1
4007 1
4007 1
4007 1
4007 1
4007 1
4007 1
4007 1
4007 1
4007 1
4007 1
4007 1
4007 1
4007 1
4007 1
4007 1
4007 1
4007 1
4007 1
4007 1
4007 1
4007 1
4007 1
4007 1
4007 1
4007 1
4007 1
4007 1
4007 1
4007 1
4007 1
4007 1
4007 1
4007 1
4006 1
4006 1
4006 1
4006 1
4006 1
4006 1
4006 1
4006 1
4006 1
4006 1
4006 1
4006 1
4006 1
4006 1
4006 1
4006 1
4006 1
4006 1
4006 1
4006 1
4006 1
4006 1
4006 1
4006 1
4006 1
4006 1
4006 1
4006 1
4006 1
4006 1
4006 1
4006 1
4006 1
4006 1
4006 1
4006 1
4006 1
4006 1
4006 1
4006 1
4006 1
4006 1
4006 1
4006 1
4006 1
3804 1
3804 1
3804 1
3804 1
3804 1
3804 1
3804 1
3804 1
3804 1
3804 1
3804 1
3804 1
3804 1
3804 1
3804 1
3804 1
3804 1
3804 1
3804 1
3804 1
3804 1
3804 1
3804 1
3804 1
3804 1
3804 1
3804 1
3804 1
3804 1
3804 1
3804 1
3804 1
3804 1
3804 1
3804 1
3804 1
3804 1
3804 1
3804 1
3804 1
3804 1
3804 1
3804 1
3804 1
3804 1
3912 1
3912 1
3912 1
3912 1
3912 1
3912 1
3912 1
3912 1
3912 1
3912 1
3912 1
3912 1
3912 1
3912 1
3912 1
3912 1
3912 1
3912 1
3912 1
3912 1
3912 1
3912 1
3912 1
3912 1
3912 1
3912 1
3912 1
3912 1
3912 1
3912 1
3912 1
3912 1
3912 1
3912 1
3912 1
3912 1
3912 1
3912 1
3912 1
3912 1
3912 1
3912 1
3912 1
3912 1
3912 1
3896 1
3896 1
3896 1
3896 1
3896 1
3896 1
3896 1
3896 1
3896 1
3896 1
3896 1
3896 1
3896 1
3896 1
3896 1
3896 1
3896 1
3896 1
3896 1
3896 1
3896 1
3896 1
3896 1
3896 1
3896 1
3896 1
3896 1
3896 1
3896 1
3896 1
3896 1
3896 1
3896 1
3896 1
3896 1
3896 1
3896 1
3896 1
3896 1
3896 1
3896 1
3896 1
3896 1
3896 1
3896 1
4272 1
4272 1
4272 1
4272 1
4272 1
4272 1
4272 1
4272 1
4272 1
4272 1
4272 1
4272 1
4272 1
4272 1
4272 1
4272 1
4272 1
4272 1
4272 1
4272 1
4272 1
4272 1
4272 1
4272 1
4272 1
4272 1
4272 1
4272 1
4272 1
4272 1
4272 1
4272 1
4272 1
4272 1
4272 1
4272 1
4272 1
4272 1
4272 1
4272 1
4272 1
4272 1
4272 1
4272 1
4272 1
3974 1
3974 1
3974 1
3974 1
3974 1
3974 1
3974 1
3974 1
3974 1
3974 1
3974 1
3974 1
3974 1
3974 1
3974 1
3974 1
3974 1
3974 1
3974 1
3974 1
3974 1
3974 1
3974 1
3974 1
3974 1
3974 1
3974 1
3974 1
3974 1
3974 1
3974 1
3974 1
3974 1
3974 1
3974 1
3974 1
3974 1
3974 1
3974 1
3974 1
3974 1
3974 1
3974 1
3974 1
3974 1
4456 1
4456 1
4456 1
4456 1
4456 1
4456 1
4456 1
4456 1
4456 1
4456 1
4456 1
4456 1
4456 1
4456 1
4456 1
4456 1
4456 1
4456 1
4456 1
4456 1
4456 1
4456 1
4456 1
4456 1
4456 1
4456 1
4456 1
4456 1
4456 1
4456 1
4456 1
4456 1
4456 1
4456 1
4456 1
4456 1
4456 1
4456 1
4456 1
4456 1
4456 1
4456 1
4456 1
4456 1
4456 1
4152 1
4152 1
4152 1
4152 1
4152 1
4152 1
4152 1
4152 1
4152 1
4152 1
4152 1
4152 1
4152 1
4152 1
4152 1
4152 1
4152 1
4152 1
4152 1
4152 1
4152 1
4152 1
4152 1
4152 1
4152 1
4152 1
4152 1
4152 1
4152 1
4152 1
4152 1
4152 1
4152 1
4152 1
4152 1
4152 1
4152 1
4152 1
4152 1
4152 1
4152 1
4152 1
4152 1
4152 1
4152 1
4451 1
4451 1
4451 1
4451 1
4451 1
4451 1
4451 1
4451 1
4451 1
4451 1
4451 1
4451 1
4451 1
4451 1
4451 1
4451 1
4451 1
4451 1
4451 1
4451 1
4451 1
4451 1
4451 1
4451 1
4451 1
4451 1
4451 1
4451 1
4451 1
4451 1
4451 1
4451 1
4451 1
4451 1
4451 1
4451 1
4451 1
4451 1
4451 1
4451 1
4451 1
4451 1
4451 1
4451 1
4451 1
4544 1
4544 1
4544 1
4544 1
4544 1
4544 1
4544 1
4544 1
4544 1
4544 1
4544 1
4544 1
4544 1
4544 1
4544 1
4544 1
4544 1
4544 1
4544 1
4544 1
4544 1
4544 1
4544 1
4544 1
4544 1
4544 1
4544 1
4544 1
4544 1
4544 1
4544 1
4544 1
4544 1
4544 1
4544 1
4544 1
4544 1
4544 1
4544 1
4544 1
4544 1
4544 1
4544 1
4544 1
4544 1
4543 1
4543 1
4543 1
4543 1
4543 1
4543 1
4543 1
4543 1
4543 1
4543 1
4543 1
4543 1
4543 1
4543 1
4543 1
4543 1
4543 1
4543 1
4543 1
4543 1
4543 1
4543 1
4543 1
4543 1
4543 1
4543 1
4543 1
4543 1
4543 1
4543 1
4543 1
4543 1
4543 1
4543 1
4543 1
4543 1
4543 1
4543 1
4543 1
4543 1
4543 1
4543 1
4543 1
4543 1
4543 1
4343 1
4343 1
4343 1
4343 1
4343 1
4343 1
4343 1
4343 1
4343 1
4343 1
4343 1
4343 1
4343 1
4343 1
4343 1
4343 1
4343 1
4343 1
4343 1
4343 1
4343 1
4343 1
4343 1
4343 1
4343 1
4343 1
4343 1
4343 1
4343 1
4343 1
4343 1
4343 1
4343 1
4343 1
4343 1
4343 1
4343 1
4343 1
4343 1
4343 1
4343 1
4343 1
4343 1
4343 1
4343 1
4321 1
4321 1
4321 1
4321 1
4321 1
4321 1
4321 1
4321 1
4321 1
4321 1
4321 1
4321 1
4321 1
4321 1
4321 1
4321 1
4321 1
4321 1
4321 1
4321 1
4321 1
4321 1
4321 1
4321 1
4321 1
4321 1
4321 1
4321 1
4321 1
4321 1
4321 1
4321 1
4321 1
4321 1
4321 1
4321 1
4321 1
4321 1
4321 1
4321 1
4321 1
4321 1
4321 1
4321 1
4321 1
4635 1
4635 1
4635 1
4635 1
4635 1
4635 1
4635 1
4635 1
4635 1
4635 1
4635 1
4635 1
4635 1
4635 1
4635 1
4635 1
4635 1
4635 1
4635 1
4635 1
4635 1
4635 1
4635 1
4635 1
4635 1
4635 1
4635 1
4635 1
4635 1
4635 1
4635 1
4635 1
4635 1
4635 1
4635 1
4635 1
4635 1
4635 1
4635 1
4635 1
4635 1
4635 1
4635 1
4635 1
4635 1
4436 1
4436 1
4436 1
4436 1
4436 1
4436 1
4436 1
4436 1
4436 1
4436 1
4436 1
4436 1
4436 1
4436 1
4436 1
4436 1
4436 1
4436 1
4436 1
4436 1
4436 1
4436 1
4436 1
4436 1
4436 1
4436 1
4436 1
4436 1
4436 1
4436 1
4436 1
4436 1
4436 1
4436 1
4436 1
4436 1
4436 1
4436 1
4436 1
4436 1
4436 1
4436 1
4436 1
4436 1
4436 1
4434 1
4434 1
4434 1
4434 1
4434 1
4434 1
4434 1
4434 1
4434 1
4434 1
4434 1
4434 1
4434 1
4434 1
4434 1
4434 1
4434 1
4434 1
4434 1
4434 1
4434 1
4434 1
4434 1
4434 1
4434 1
4434 1
4434 1
4434 1
4434 1
4434 1
4434 1
4434 1
4434 1
4434 1
4434 1
4434 1
4434 1
4434 1
4434 1
4434 1
4434 1
4434 1
4434 1
4434 1
4434 1
4433 1
4433 1
4433 1
4433 1
4433 1
4433 1
4433 1
4433 1
4433 1
4433 1
4433 1
4433 1
4433 1
4433 1
4433 1
4433 1
4433 1
4433 1
4433 1
4433 1
4433 1
4433 1
4433 1
4433 1
4433 1
4433 1
4433 1
4433 1
4433 1
4433 1
4433 1
4433 1
4433 1
4433 1
4433 1
4433 1
4433 1
4433 1
4433 1
4433 1
4433 1
4433 1
4433 1
4433 1
4433 1
4728 1
4728 1
4728 1
4728 1
4728 1
4728 1
4728 1
4728 1
4728 1
4728 1
4728 1
4728 1
4728 1
4728 1
4728 1
4728 1
4728 1
4728 1
4728 1
4728 1
4728 1
4728 1
4728 1
4728 1
4728 1
4728 1
4728 1
4728 1
4728 1
4728 1
4728 1
4728 1
4728 1
4728 1
4728 1
4728 1
4728 1
4728 1
4728 1
4728 1
4728 1
4728 1
4728 1
4728 1
4728 1
4408 1
4408 1
4408 1
4408 1
4408 1
4408 1
4408 1
4408 1
4408 1
4408 1
4408 1
4408 1
4408 1
4408 1
4408 1
4408 1
4408 1
4408 1
4408 1
4408 1
4408 1
4408 1
4408 1
4408 1
4408 1
4408 1
4408 1
4408 1
4408 1
4408 1
4408 1
4408 1
4408 1
4408 1
4408 1
4408 1
4408 1
4408 1
4408 1
4408 1
4408 1
4408 1
4408 1
4408 1
4408 1
4529 1
4529 1
4529 1
4529 1
4529 1
4529 1
4529 1
4529 1
4529 1
4529 1
4529 1
4529 1
4529 1
4529 1
4529 1
4529 1
4529 1
4529 1
4529 1
4529 1
4529 1
4529 1
4529 1
4529 1
4529 1
4529 1
4529 1
4529 1
4529 1
4529 1
4529 1
4529 1
4529 1
4529 1
4529 1
4529 1
4529 1
4529 1
4529 1
4529 1
4529 1
4529 1
4529 1
4529 1
4529 1
4820 1
4820 1
4820 1
4820 1
4820 1
4820 1
4820 1
4820 1
4820 1
4820 1
4820 1
4820 1
4820 1
4820 1
4820 1
4820 1
4820 1
4820 1
4820 1
4820 1
4820 1
4820 1
4820 1
4820 1
4820 1
4820 1
4820 1
4820 1
4820 1
4820 1
4820 1
4820 1
4820 1
4820 1
4820 1
4820 1
4820 1
4820 1
4820 1
4820 1
4820 1
4820 1
4820 1
4820 1
4820 1
4610 1
4610 1
4610 1
4610 1
4610 1
4610 1
4610 1
4610 1
4610 1
4610 1
4610 1
4610 1
4610 1
4610 1
4610 1
4610 1
4610 1
4610 1
4610 1
4610 1
4610 1
4610 1
4610 1
4610 1
4610 1
4610 1
4610 1
4610 1
4610 1
4610 1
4610 1
4610 1
4610 1
4610 1
4610 1
4610 1
4610 1
4610 1
4610 1
4610 1
4610 1
4610 1
4610 1
4610 1
4610 1
4911 1
4911 1
4911 1
4911 1
4911 1
4911 1
4911 1
4911 1
4911 1
4911 1
4911 1
4911 1
4911 1
4911 1
4911 1
4911 1
4911 1
4911 1
4911 1
4911 1
4911 1
4911 1
4911 1
4911 1
4911 1
4911 1
4911 1
4911 1
4911 1
4911 1
4911 1
4911 1
4911 1
4911 1
4911 1
4911 1
4911 1
4911 1
4911 1
4911 1
4911 1
4911 1
4911 1
4911 1
4911 1
4795 1
4795 1
4795 1
4795 1
4795 1
4795 1
4795 1
4795 1
4795 1
4795 1
4795 1
4795 1
4795 1
4795 1
4795 1
4795 1
4795 1
4795 1
4795 1
4795 1
4795 1
4795 1
4795 1
4795 1
4795 1
4795 1
4795 1
4795 1
4795 1
4795 1
4795 1
4795 1
4795 1
4795 1
4795 1
4795 1
4795 1
4795 1
4795 1
4795 1
4795 1
4795 1
4795 1
4795 1
4795 1
4792 1
4792 1
4792 1
4792 1
4792 1
4792 1
4792 1
4792 1
4792 1
4792 1
4792 1
4792 1
4792 1
4792 1
4792 1
4792 1
4792 1
4792 1
4792 1
4792 1
4792 1
4792 1
4792 1
4792 1
4792 1
4792 1
4792 1
4792 1
4792 1
4792 1
4792 1
4792 1
4792 1
4792 1
4792 1
4792 1
4792 1
4792 1
4792 1
4792 1
4792 1
4792 1
4792 1
4792 1
4792 1
5089 1
5089 1
5089 1
5089 1
5089 1
5089 1
5089 1
5089 1
5089 1
5089 1
5089 1
5089 1
5089 1
5089 1
5089 1
5089 1
5089 1
5089 1
5089 1
5089 1
5089 1
5089 1
5089 1
5089 1
5089 1
5089 1
5089 1
5089 1
5089 1
5089 1
5089 1
5089 1
5089 1
5089 1
5089 1
5089 1
5089 1
5089 1
5089 1
5089 1
5089 1
5089 1
5089 1
5089 1
5089 1
4893 1
4893 1
4893 1
4893 1
4893 1
4893 1
4893 1
4893 1
4893 1
4893 1
4893 1
4893 1
4893 1
4893 1
4893 1
4893 1
4893 1
4893 1
4893 1
4893 1
4893 1
4893 1
4893 1
4893 1
4893 1
4893 1
4893 1
4893 1
4893 1
4893 1
4893 1
4893 1
4893 1
4893 1
4893 1
4893 1
4893 1
4893 1
4893 1
4893 1
4893 1
4893 1
4893 1
4893 1
4893 1
4890 1
4890 1
4890 1
4890 1
4890 1
4890 1
4890 1
4890 1
4890 1
4890 1
4890 1
4890 1
4890 1
4890 1
4890 1
4890 1
4890 1
4890 1
4890 1
4890 1
4890 1
4890 1
4890 1
4890 1
4890 1
4890 1
4890 1
4890 1
4890 1
4890 1
4890 1
4890 1
4890 1
4890 1
4890 1
4890 1
4890 1
4890 1
4890 1
4890 1
4890 1
4890 1
4890 1
4890 1
4890 1
5181 1
5181 1
5181 1
5181 1
5181 1
5181 1
5181 1
5181 1
5181 1
5181 1
5181 1
5181 1
5181 1
5181 1
5181 1
5181 1
5181 1
5181 1
5181 1
5181 1
5181 1
5181 1
5181 1
5181 1
5181 1
5181 1
5181 1
5181 1
5181 1
5181 1
5181 1
5181 1
5181 1
5181 1
5181 1
5181 1
5181 1
5181 1
5181 1
5181 1
5181 1
5181 1
5181 1
5181 1
5181 1
4887 1
4887 1
4887 1
4887 1
4887 1
4887 1
4887 1
4887 1
4887 1
4887 1
4887 1
4887 1
4887 1
4887 1
4887 1
4887 1
4887 1
4887 1
4887 1
4887 1
4887 1
4887 1
4887 1
4887 1
4887 1
4887 1
4887 1
4887 1
4887 1
4887 1
4887 1
4887 1
4887 1
4887 1
4887 1
4887 1
4887 1
4887 1
4887 1
4887 1
4887 1
4887 1
4887 1
4887 1
4887 1
5179 1
5179 1
5179 1
5179 1
5179 1
5179 1
5179 1
5179 1
5179 1
5179 1
5179 1
5179 1
5179 1
5179 1
5179 1
5179 1
5179 1
5179 1
5179 1
5179 1
5179 1
5179 1
5179 1
5179 1
5179 1
5179 1
5179 1
5179 1
5179 1
5179 1
5179 1
5179 1
5179 1
5179 1
5179 1
5179 1
5179 1
5179 1
5179 1
5179 1
5179 1
5179 1
5179 1
5179 1
5179 1
4879 1
4879 1
4879 1
4879 1
4879 1
4879 1
4879 1
4879 1
4879 1
4879 1
4879 1
4879 1
4879 1
4879 1
4879 1
4879 1
4879 1
4879 1
4879 1
4879 1
4879 1
4879 1
4879 1
4879 1
4879 1
4879 1
4879 1
4879 1
4879 1
4879 1
4879 1
4879 1
4879 1
4879 1
4879 1
4879 1
4879 1
4879 1
4879 1
4879 1
4879 1
4879 1
4879 1
4879 1
4879 1
4870 1
4870 1
4870 1
4870 1
4870 1
4870 1
4870 1
4870 1
4870 1
4870 1
4870 1
4870 1
4870 1
4870 1
4870 1
4870 1
4870 1
4870 1
4870 1
4870 1
4870 1
4870 1
4870 1
4870 1
4870 1
4870 1
4870 1
4870 1
4870 1
4870 1
4870 1
4870 1
4870 1
4870 1
4870 1
4870 1
4870 1
4870 1
4870 1
4870 1
4870 1
4870 1
4870 1
4870 1
4870 1
4982 1
4982 1
4982 1
4982 1
4982 1
4982 1
4982 1
4982 1
4982 1
4982 1
4982 1
4982 1
4982 1
4982 1
4982 1
4982 1
4982 1
4982 1
4982 1
4982 1
4982 1
4982 1
4982 1
4982 1
4982 1
4982 1
4982 1
4982 1
4982 1
4982 1
4982 1
4982 1
4982 1
4982 1
4982 1
4982 1
4982 1
4982 1
4982 1
4982 1
4982 1
4982 1
4982 1
4982 1
4982 1
4981 1
4981 1
4981 1
4981 1
4981 1
4981 1
4981 1
4981 1
4981 1
4981 1
4981 1
4981 1
4981 1
4981 1
4981 1
4981 1
4981 1
4981 1
4981 1
4981 1
4981 1
4981 1
4981 1
4981 1
4981 1
4981 1
4981 1
4981 1
4981 1
4981 1
4981 1
4981 1
4981 1
4981 1
4981 1
4981 1
4981 1
4981 1
4981 1
4981 1
4981 1
4981 1
4981 1
4981 1
4981 1
4980 1
4980 1
4980 1
4980 1
4980 1
4980 1
4980 1
4980 1
4980 1
4980 1
4980 1
4980 1
4980 1
4980 1
4980 1
4980 1
4980 1
4980 1
4980 1
4980 1
4980 1
4980 1
4980 1
4980 1
4980 1
4980 1
4980 1
4980 1
4980 1
4980 1
4980 1
4980 1
4980 1
4980 1
4980 1
4980 1
4980 1
4980 1
4980 1
4980 1
4980 1
4980 1
4980 1
4980 1
4980 1
10342 1
10342 1
10342 1
10342 1
10342 1
10342 1
10342 1
10342 1
10342 1
10342 1
10342 1
10342 1
10342 1
10342 1
10342 1
10342 1
10342 1
10342 1
10342 1
10342 1
10342 1
10342 1
10342 1
10342 1
10342 1
10342 1
10342 1
10342 1
10342 1
10342 1
10342 1
10342 1
10342 1
10342 1
10342 1
10342 1
10342 1
10342 1
10342 1
10342 1
10342 1
10342 1
10342 1
10342 1
10342 1
4973 1
4973 1
4973 1
4973 1
4973 1
4973 1
4973 1
4973 1
4973 1
4973 1
4973 1
4973 1
4973 1
4973 1
4973 1
4973 1
4973 1
4973 1
4973 1
4973 1
4973 1
4973 1
4973 1
4973 1
4973 1
4973 1
4973 1
4973 1
4973 1
4973 1
4973 1
4973 1
4973 1
4973 1
4973 1
4973 1
4973 1
4973 1
4973 1
4973 1
4973 1
4973 1
4973 1
4973 1
4973 1
10944 1
10944 1
10944 1
10944 1
10944 1
10944 1
10944 1
10944 1
10944 1
10944 1
10944 1
10944 1
10944 1
10944 1
10944 1
10944 1
10944 1
10944 1
10944 1
10944 1
10944 1
10944 1
10944 1
10944 1
10944 1
10944 1
10944 1
10944 1
10944 1
10944 1
10944 1
10944 1
10944 1
10944 1
10944 1
10944 1
10944 1
10944 1
10944 1
10944 1
10944 1
10944 1
10944 1
10944 1
10944 1
5069 1
5069 1
5069 1
5069 1
5069 1
5069 1
5069 1
5069 1
5069 1
5069 1
5069 1
5069 1
5069 1
5069 1
5069 1
5069 1
5069 1
5069 1
5069 1
5069 1
5069 1
5069 1
5069 1
5069 1
5069 1
5069 1
5069 1
5069 1
5069 1
5069 1
5069 1
5069 1
5069 1
5069 1
5069 1
5069 1
5069 1
5069 1
5069 1
5069 1
5069 1
5069 1
5069 1
5069 1
5069 1
5065 1
5065 1
5065 1
5065 1
5065 1
5065 1
5065 1
5065 1
5065 1
5065 1
5065 1
5065 1
5065 1
5065 1
5065 1
5065 1
5065 1
5065 1
5065 1
5065 1
5065 1
5065 1
5065 1
5065 1
5065 1
5065 1
5065 1
5065 1
5065 1
5065 1
5065 1
5065 1
5065 1
5065 1
5065 1
5065 1
5065 1
5065 1
5065 1
5065 1
5065 1
5065 1
5065 1
5065 1
5065 1
5355 1
5355 1
5355 1
5355 1
5355 1
5355 1
5355 1
5355 1
5355 1
5355 1
5355 1
5355 1
5355 1
5355 1
5355 1
5355 1
5355 1
5355 1
5355 1
5355 1
5355 1
5355 1
5355 1
5355 1
5355 1
5355 1
5355 1
5355 1
5355 1
5355 1
5355 1
5355 1
5355 1
5355 1
5355 1
5355 1
5355 1
5355 1
5355 1
5355 1
5355 1
5355 1
5355 1
5355 1
5355 1
5141 1
5141 1
5141 1
5141 1
5141 1
5141 1
5141 1
5141 1
5141 1
5141 1
5141 1
5141 1
5141 1
5141 1
5141 1
5141 1
5141 1
5141 1
5141 1
5141 1
5141 1
5141 1
5141 1
5141 1
5141 1
5141 1
5141 1
5141 1
5141 1
5141 1
5141 1
5141 1
5141 1
5141 1
5141 1
5141 1
5141 1
5141 1
5141 1
5141 1
5141 1
5141 1
5141 1
5141 1
5141 1
5533 1
5533 1
5533 1
5533 1
5533 1
5533 1
5533 1
5533 1
5533 1
5533 1
5533 1
5533 1
5533 1
5533 1
5533 1
5533 1
5533 1
5533 1
5533 1
5533 1
5533 1
5533 1
5533 1
5533 1
5533 1
5533 1
5533 1
5533 1
5533 1
5533 1
5533 1
5533 1
5533 1
5533 1
5533 1
5533 1
5533 1
5533 1
5533 1
5533 1
5533 1
5533 1
5533 1
5533 1
5533 1
5339 1
5339 1
5339 1
5339 1
5339 1
5339 1
5339 1
5339 1
5339 1
5339 1
5339 1
5339 1
5339 1
5339 1
5339 1
5339 1
5339 1
5339 1
5339 1
5339 1
5339 1
5339 1
5339 1
5339 1
5339 1
5339 1
5339 1
5339 1
5339 1
5339 1
5339 1
5339 1
5339 1
5339 1
5339 1
5339 1
5339 1
5339 1
5339 1
5339 1
5339 1
5339 1
5339 1
5339 1
5339 1
5527 1
5527 1
5527 1
5527 1
5527 1
5527 1
5527 1
5527 1
5527 1
5527 1
5527 1
5527 1
5527 1
5527 1
5527 1
5527 1
5527 1
5527 1
5527 1
5527 1
5527 1
5527 1
5527 1
5527 1
5527 1
5527 1
5527 1
5527 1
5527 1
5527 1
5527 1
5527 1
5527 1
5527 1
5527 1
5527 1
5527 1
5527 1
5527 1
5527 1
5527 1
5527 1
5527 1
5527 1
5527 1
5323 1
5323 1
5323 1
5323 1
5323 1
5323 1
5323 1
5323 1
5323 1
5323 1
5323 1
5323 1
5323 1
5323 1
5323 1
5323 1
5323 1
5323 1
5323 1
5323 1
5323 1
5323 1
5323 1
5323 1
5323 1
5323 1
5323 1
5323 1
5323 1
5323 1
5323 1
5323 1
5323 1
5323 1
5323 1
5323 1
5323 1
5323 1
5323 1
5323 1
5323 1
5323 1
5323 1
5323 1
5323 1
5431 1
5431 1
5431 1
5431 1
5431 1
5431 1
5431 1
5431 1
5431 1
5431 1
5431 1
5431 1
5431 1
5431 1
5431 1
5431 1
5431 1
5431 1
5431 1
5431 1
5431 1
5431 1
5431 1
5431 1
5431 1
5431 1
5431 1
5431 1
5431 1
5431 1
5431 1
5431 1
5431 1
5431 1
5431 1
5431 1
5431 1
5431 1
5431 1
5431 1
5431 1
5431 1
5431 1
5431 1
5431 1
5430 1
5430 1
5430 1
5430 1
5430 1
5430 1
5430 1
5430 1
5430 1
5430 1
5430 1
5430 1
5430 1
5430 1
5430 1
5430 1
5430 1
5430 1
5430 1
5430 1
5430 1
5430 1
5430 1
5430 1
5430 1
5430 1
5430 1
5430 1
5430 1
5430 1
5430 1
5430 1
5430 1
5430 1
5430 1
5430 1
5430 1
5430 1
5430 1
5430 1
5430 1
5430 1
5430 1
5430 1
5430 1
5429 1
5429 1
5429 1
5429 1
5429 1
5429 1
5429 1
5429 1
5429 1
5429 1
5429 1
5429 1
5429 1
5429 1
5429 1
5429 1
5429 1
5429 1
5429 1
5429 1
5429 1
5429 1
5429 1
5429 1
5429 1
5429 1
5429 1
5429 1
5429 1
5429 1
5429 1
5429 1
5429 1
5429 1
5429 1
5429 1
5429 1
5429 1
5429 1
5429 1
5429 1
5429 1
5429 1
5429 1
5429 1
5428 1
5428 1
5428 1
5428 1
5428 1
5428 1
5428 1
5428 1
5428 1
5428 1
5428 1
5428 1
5428 1
5428 1
5428 1
5428 1
5428 1
5428 1
5428 1
5428 1
5428 1
5428 1
5428 1
5428 1
5428 1
5428 1
5428 1
5428 1
5428 1
5428 1
5428 1
5428 1
5428 1
5428 1
5428 1
5428 1
5428 1
5428 1
5428 1
5428 1
5428 1
5428 1
5428 1
5428 1
5428 1
5619 1
5619 1
5619 1
5619 1
5619 1
5619 1
5619 1
5619 1
5619 1
5619 1
5619 1
5619 1
5619 1
5619 1
5619 1
5619 1
5619 1
5619 1
5619 1
5619 1
5619 1
5619 1
5619 1
5619 1
5619 1
5619 1
5619 1
5619 1
5619 1
5619 1
5619 1
5619 1
5619 1
5619 1
5619 1
5619 1
5619 1
5619 1
5619 1
5619 1
5619 1
5619 1
5619 1
5619 1
5619 1
5427 1
5427 1
5427 1
5427 1
5427 1
5427 1
5427 1
5427 1
5427 1
5427 1
5427 1
5427 1
5427 1
5427 1
5427 1
5427 1
5427 1
5427 1
5427 1
5427 1
5427 1
5427 1
5427 1
5427 1
5427 1
5427 1
5427 1
5427 1
5427 1
5427 1
5427 1
5427 1
5427 1
5427 1
5427 1
5427 1
5427 1
5427 1
5427 1
5427 1
5427 1
5427 1
5427 1
5427 1
5427 1
5426 1
5426 1
5426 1
5426 1
5426 1
5426 1
5426 1
5426 1
5426 1
5426 1
5426 1
5426 1
5426 1
5426 1
5426 1
5426 1
5426 1
5426 1
5426 1
5426 1
5426 1
5426 1
5426 1
5426 1
5426 1
5426 1
5426 1
5426 1
5426 1
5426 1
5426 1
5426 1
5426 1
5426 1
5426 1
5426 1
5426 1
5426 1
5426 1
5426 1
5426 1
5426 1
5426 1
5426 1
5426 1
5618 1
5618 1
5618 1
5618 1
5618 1
5618 1
5618 1
5618 1
5618 1
5618 1
5618 1
5618 1
5618 1
5618 1
5618 1
5618 1
5618 1
5618 1
5618 1
5618 1
5618 1
5618 1
5618 1
5618 1
5618 1
5618 1
5618 1
5618 1
5618 1
5618 1
5618 1
5618 1
5618 1
5618 1
5618 1
5618 1
5618 1
5618 1
5618 1
5618 1
5618 1
5618 1
5618 1
5618 1
5618 1
5615 1
5615 1
5615 1
5615 1
5615 1
5615 1
5615 1
5615 1
5615 1
5615 1
5615 1
5615 1
5615 1
5615 1
5615 1
5615 1
5615 1
5615 1
5615 1
5615 1
5615 1
5615 1
5615 1
5615 1
5615 1
5615 1
5615 1
5615 1
5615 1
5615 1
5615 1
5615 1
5615 1
5615 1
5615 1
5615 1
5615 1
5615 1
5615 1
5615 1
5615 1
5615 1
5615 1
5615 1
5615 1
5419 1
5419 1
5419 1
5419 1
5419 1
5419 1
5419 1
5419 1
5419 1
5419 1
5419 1
5419 1
5419 1
5419 1
5419 1
5419 1
5419 1
5419 1
5419 1
5419 1
5419 1
5419 1
5419 1
5419 1
5419 1
5419 1
5419 1
5419 1
5419 1
5419 1
5419 1
5419 1
5419 1
5419 1
5419 1
5419 1
5419 1
5419 1
5419 1
5419 1
5419 1
5419 1
5419 1
5419 1
5419 1
5614 1
5614 1
5614 1
5614 1
5614 1
5614 1
5614 1
5614 1
5614 1
5614 1
5614 1
5614 1
5614 1
5614 1
5614 1
5614 1
5614 1
5614 1
5614 1
5614 1
5614 1
5614 1
5614 1
5614 1
5614 1
5614 1
5614 1
5614 1
5614 1
5614 1
5614 1
5614 1
5614 1
5614 1
5614 1
5614 1
5614 1
5614 1
5614 1
5614 1
5614 1
5614 1
5614 1
5614 1
5614 1
5399 1
5399 1
5399 1
5399 1
5399 1
5399 1
5399 1
5399 1
5399 1
5399 1
5399 1
5399 1
5399 1
5399 1
5399 1
5399 1
5399 1
5399 1
5399 1
5399 1
5399 1
5399 1
5399 1
5399 1
5399 1
5399 1
5399 1
5399 1
5399 1
5399 1
5399 1
5399 1
5399 1
5399 1
5399 1
5399 1
5399 1
5399 1
5399 1
5399 1
5399 1
5399 1
5399 1
5399 1
5399 1
5406 1
5406 1
5406 1
5406 1
5406 1
5406 1
5406 1
5406 1
5406 1
5406 1
5406 1
5406 1
5406 1
5406 1
5406 1
5406 1
5406 1
5406 1
5406 1
5406 1
5406 1
5406 1
5406 1
5406 1
5406 1
5406 1
5406 1
5406 1
5406 1
5406 1
5406 1
5406 1
5406 1
5406 1
5406 1
5406 1
5406 1
5406 1
5406 1
5406 1
5406 1
5406 1
5406 1
5406 1
5406 1
5518 1
5518 1
5518 1
5518 1
5518 1
5518 1
5518 1
5518 1
5518 1
5518 1
5518 1
5518 1
5518 1
5518 1
5518 1
5518 1
5518 1
5518 1
5518 1
5518 1
5518 1
5518 1
5518 1
5518 1
5518 1
5518 1
5518 1
5518 1
5518 1
5518 1
5518 1
5518 1
5518 1
5518 1
5518 1
5518 1
5518 1
5518 1
5518 1
5518 1
5518 1
5518 1
5518 1
5518 1
5518 1
5517 1
5517 1
5517 1
5517 1
5517 1
5517 1
5517 1
5517 1
5517 1
5517 1
5517 1
5517 1
5517 1
5517 1
5517 1
5517 1
5517 1
5517 1
5517 1
5517 1
5517 1
5517 1
5517 1
5517 1
5517 1
5517 1
5517 1
5517 1
5517 1
5517 1
5517 1
5517 1
5517 1
5517 1
5517 1
5517 1
5517 1
5517 1
5517 1
5517 1
5517 1
5517 1
5517 1
5517 1
5517 1
5516 1
5516 1
5516 1
5516 1
5516 1
5516 1
5516 1
5516 1
5516 1
5516 1
5516 1
5516 1
5516 1
5516 1
5516 1
5516 1
5516 1
5516 1
5516 1
5516 1
5516 1
5516 1
5516 1
5516 1
5516 1
5516 1
5516 1
5516 1
5516 1
5516 1
5516 1
5516 1
5516 1
5516 1
5516 1
5516 1
5516 1
5516 1
5516 1
5516 1
5516 1
5516 1
5516 1
5516 1
5516 1
5515 1
5515 1
5515 1
5515 1
5515 1
5515 1
5515 1
5515 1
5515 1
5515 1
5515 1
5515 1
5515 1
5515 1
5515 1
5515 1
5515 1
5515 1
5515 1
5515 1
5515 1
5515 1
5515 1
5515 1
5515 1
5515 1
5515 1
5515 1
5515 1
5515 1
5515 1
5515 1
5515 1
5515 1
5515 1
5515 1
5515 1
5515 1
5515 1
5515 1
5515 1
5515 1
5515 1
5515 1
5515 1
5706 1
5706 1
5706 1
5706 1
5706 1
5706 1
5706 1
5706 1
5706 1
5706 1
5706 1
5706 1
5706 1
5706 1
5706 1
5706 1
5706 1
5706 1
5706 1
5706 1
5706 1
5706 1
5706 1
5706 1
5706 1
5706 1
5706 1
5706 1
5706 1
5706 1
5706 1
5706 1
5706 1
5706 1
5706 1
5706 1
5706 1
5706 1
5706 1
5706 1
5706 1
5706 1
5706 1
5706 1
5706 1
5511 1
5511 1
5511 1
5511 1
5511 1
5511 1
5511 1
5511 1
5511 1
5511 1
5511 1
5511 1
5511 1
5511 1
5511 1
5511 1
5511 1
5511 1
5511 1
5511 1
5511 1
5511 1
5511 1
5511 1
5511 1
5511 1
5511 1
5511 1
5511 1
5511 1
5511 1
5511 1
5511 1
5511 1
5511 1
5511 1
5511 1
5511 1
5511 1
5511 1
5511 1
5511 1
5511 1
5511 1
5511 1
5704 1
5704 1
5704 1
5704 1
5704 1
5704 1
5704 1
5704 1
5704 1
5704 1
5704 1
5704 1
5704 1
5704 1
5704 1
5704 1
5704 1
5704 1
5704 1
5704 1
5704 1
5704 1
5704 1
5704 1
5704 1
5704 1
5704 1
5704 1
5704 1
5704 1
5704 1
5704 1
5704 1
5704 1
5704 1
5704 1
5704 1
5704 1
5704 1
5704 1
5704 1
5704 1
5704 1
5704 1
5704 1
5703 1
5703 1
5703 1
5703 1
5703 1
5703 1
5703 1
5703 1
5703 1
5703 1
5703 1
5703 1
5703 1
5703 1
5703 1
5703 1
5703 1
5703 1
5703 1
5703 1
5703 1
5703 1
5703 1
5703 1
5703 1
5703 1
5703 1
5703 1
5703 1
5703 1
5703 1
5703 1
5703 1
5703 1
5703 1
5703 1
5703 1
5703 1
5703 1
5703 1
5703 1
5703 1
5703 1
5703 1
5703 1
5610 1
5610 1
5610 1
5610 1
5610 1
5610 1
5610 1
5610 1
5610 1
5610 1
5610 1
5610 1
5610 1
5610 1
5610 1
5610 1
5610 1
5610 1
5610 1
5610 1
5610 1
5610 1
5610 1
5610 1
5610 1
5610 1
5610 1
5610 1
5610 1
5610 1
5610 1
5610 1
5610 1
5610 1
5610 1
5610 1
5610 1
5610 1
5610 1
5610 1
5610 1
5610 1
5610 1
5610 1
5610 1
5507 1
5507 1
5507 1
5507 1
5507 1
5507 1
5507 1
5507 1
5507 1
5507 1
5507 1
5507 1
5507 1
5507 1
5507 1
5507 1
5507 1
5507 1
5507 1
5507 1
5507 1
5507 1
5507 1
5507 1
5507 1
5507 1
5507 1
5507 1
5507 1
5507 1
5507 1
5507 1
5507 1
5507 1
5507 1
5507 1
5507 1
5507 1
5507 1
5507 1
5507 1
5507 1
5507 1
5507 1
5507 1
5702 1
5702 1
5702 1
5702 1
5702 1
5702 1
5702 1
5702 1
5702 1
5702 1
5702 1
5702 1
5702 1
5702 1
5702 1
5702 1
5702 1
5702 1
5702 1
5702 1
5702 1
5702 1
5702 1
5702 1
5702 1
5702 1
5702 1
5702 1
5702 1
5702 1
5702 1
5702 1
5702 1
5702 1
5702 1
5702 1
5702 1
5702 1
5702 1
5702 1
5702 1
5702 1
5702 1
5702 1
5702 1
5505 1
5505 1
5505 1
5505 1
5505 1
5505 1
5505 1
5505 1
5505 1
5505 1
5505 1
5505 1
5505 1
5505 1
5505 1
5505 1
5505 1
5505 1
5505 1
5505 1
5505 1
5505 1
5505 1
5505 1
5505 1
5505 1
5505 1
5505 1
5505 1
5505 1
5505 1
5505 1
5505 1
5505 1
5505 1
5505 1
5505 1
5505 1
5505 1
5505 1
5505 1
5505 1
5505 1
5505 1
5505 1
5701 1
5701 1
5701 1
5701 1
5701 1
5701 1
5701 1
5701 1
5701 1
5701 1
5701 1
5701 1
5701 1
5701 1
5701 1
5701 1
5701 1
5701 1
5701 1
5701 1
5701 1
5701 1
5701 1
5701 1
5701 1
5701 1
5701 1
5701 1
5701 1
5701 1
5701 1
5701 1
5701 1
5701 1
5701 1
5701 1
5701 1
5701 1
5701 1
5701 1
5701 1
5701 1
5701 1
5701 1
5701 1
5499 1
5499 1
5499 1
5499 1
5499 1
5499 1
5499 1
5499 1
5499 1
5499 1
5499 1
5499 1
5499 1
5499 1
5499 1
5499 1
5499 1
5499 1
5499 1
5499 1
5499 1
5499 1
5499 1
5499 1
5499 1
5499 1
5499 1
5499 1
5499 1
5499 1
5499 1
5499 1
5499 1
5499 1
5499 1
5499 1
5499 1
5499 1
5499 1
5499 1
5499 1
5499 1
5499 1
5499 1
5499 1
5606 1
5606 1
5606 1
5606 1
5606 1
5606 1
5606 1
5606 1
5606 1
5606 1
5606 1
5606 1
5606 1
5606 1
5606 1
5606 1
5606 1
5606 1
5606 1
5606 1
5606 1
5606 1
5606 1
5606 1
5606 1
5606 1
5606 1
5606 1
5606 1
5606 1
5606 1
5606 1
5606 1
5606 1
5606 1
5606 1
5606 1
5606 1
5606 1
5606 1
5606 1
5606 1
5606 1
5606 1
5606 1
5489 1
5489 1
5489 1
5489 1
5489 1
5489 1
5489 1
5489 1
5489 1
5489 1
5489 1
5489 1
5489 1
5489 1
5489 1
5489 1
5489 1
5489 1
5489 1
5489 1
5489 1
5489 1
5489 1
5489 1
5489 1
5489 1
5489 1
5489 1
5489 1
5489 1
5489 1
5489 1
5489 1
5489 1
5489 1
5489 1
5489 1
5489 1
5489 1
5489 1
5489 1
5489 1
5489 1
5489 1
5489 1
5605 1
5605 1
5605 1
5605 1
5605 1
5605 1
5605 1
5605 1
5605 1
5605 1
5605 1
5605 1
5605 1
5605 1
5605 1
5605 1
5605 1
5605 1
5605 1
5605 1
5605 1
5605 1
5605 1
5605 1
5605 1
5605 1
5605 1
5605 1
5605 1
5605 1
5605 1
5605 1
5605 1
5605 1
5605 1
5605 1
5605 1
5605 1
5605 1
5605 1
5605 1
5605 1
5605 1
5605 1
5605 1
5602 1
5602 1
5602 1
5602 1
5602 1
5602 1
5602 1
5602 1
5602 1
5602 1
5602 1
5602 1
5602 1
5602 1
5602 1
5602 1
5602 1
5602 1
5602 1
5602 1
5602 1
5602 1
5602 1
5602 1
5602 1
5602 1
5602 1
5602 1
5602 1
5602 1
5602 1
5602 1
5602 1
5602 1
5602 1
5602 1
5602 1
5602 1
5602 1
5602 1
5602 1
5602 1
5602 1
5602 1
5602 1
5601 1
5601 1
5601 1
5601 1
5601 1
5601 1
5601 1
5601 1
5601 1
5601 1
5601 1
5601 1
5601 1
5601 1
5601 1
5601 1
5601 1
5601 1
5601 1
5601 1
5601 1
5601 1
5601 1
5601 1
5601 1
5601 1
5601 1
5601 1
5601 1
5601 1
5601 1
5601 1
5601 1
5601 1
5601 1
5601 1
5601 1
5601 1
5601 1
5601 1
5601 1
5601 1
5601 1
5601 1
5601 1
5796 1
5796 1
5796 1
5796 1
5796 1
5796 1
5796 1
5796 1
5796 1
5796 1
5796 1
5796 1
5796 1
5796 1
5796 1
5796 1
5796 1
5796 1
5796 1
5796 1
5796 1
5796 1
5796 1
5796 1
5796 1
5796 1
5796 1
5796 1
5796 1
5796 1
5796 1
5796 1
5796 1
5796 1
5796 1
5796 1
5796 1
5796 1
5796 1
5796 1
5796 1
5796 1
5796 1
5796 1
5796 1
5600 1
5600 1
5600 1
5600 1
5600 1
5600 1
5600 1
5600 1
5600 1
5600 1
5600 1
5600 1
5600 1
5600 1
5600 1
5600 1
5600 1
5600 1
5600 1
5600 1
5600 1
5600 1
5600 1
5600 1
5600 1
5600 1
5600 1
5600 1
5600 1
5600 1
5600 1
5600 1
5600 1
5600 1
5600 1
5600 1
5600 1
5600 1
5600 1
5600 1
5600 1
5600 1
5600 1
5600 1
5600 1
5795 1
5795 1
5795 1
5795 1
5795 1
5795 1
5795 1
5795 1
5795 1
5795 1
5795 1
5795 1
5795 1
5795 1
5795 1
5795 1
5795 1
5795 1
5795 1
5795 1
5795 1
5795 1
5795 1
5795 1
5795 1
5795 1
5795 1
5795 1
5795 1
5795 1
5795 1
5795 1
5795 1
5795 1
5795 1
5795 1
5795 1
5795 1
5795 1
5795 1
5795 1
5795 1
5795 1
5795 1
5795 1
5592 1
5592 1
5592 1
5592 1
5592 1
5592 1
5592 1
5592 1
5592 1
5592 1
5592 1
5592 1
5592 1
5592 1
5592 1
5592 1
5592 1
5592 1
5592 1
5592 1
5592 1
5592 1
5592 1
5592 1
5592 1
5592 1
5592 1
5592 1
5592 1
5592 1
5592 1
5592 1
5592 1
5592 1
5592 1
5592 1
5592 1
5592 1
5592 1
5592 1
5592 1
5592 1
5592 1
5592 1
5592 1
5591 1
5591 1
5591 1
5591 1
5591 1
5591 1
5591 1
5591 1
5591 1
5591 1
5591 1
5591 1
5591 1
5591 1
5591 1
5591 1
5591 1
5591 1
5591 1
5591 1
5591 1
5591 1
5591 1
5591 1
5591 1
5591 1
5591 1
5591 1
5591 1
5591 1
5591 1
5591 1
5591 1
5591 1
5591 1
5591 1
5591 1
5591 1
5591 1
5591 1
5591 1
5591 1
5591 1
5591 1
5591 1
5792 1
5792 1
5792 1
5792 1
5792 1
5792 1
5792 1
5792 1
5792 1
5792 1
5792 1
5792 1
5792 1
5792 1
5792 1
5792 1
5792 1
5792 1
5792 1
5792 1
5792 1
5792 1
5792 1
5792 1
5792 1
5792 1
5792 1
5792 1
5792 1
5792 1
5792 1
5792 1
5792 1
5792 1
5792 1
5792 1
5792 1
5792 1
5792 1
5792 1
5792 1
5792 1
5792 1
5792 1
5792 1
5694 1
5694 1
5694 1
5694 1
5694 1
5694 1
5694 1
5694 1
5694 1
5694 1
5694 1
5694 1
5694 1
5694 1
5694 1
5694 1
5694 1
5694 1
5694 1
5694 1
5694 1
5694 1
5694 1
5694 1
5694 1
5694 1
5694 1
5694 1
5694 1
5694 1
5694 1
5694 1
5694 1
5694 1
5694 1
5694 1
5694 1
5694 1
5694 1
5694 1
5694 1
5694 1
5694 1
5694 1
5694 1
5791 1
5791 1
5791 1
5791 1
5791 1
5791 1
5791 1
5791 1
5791 1
5791 1
5791 1
5791 1
5791 1
5791 1
5791 1
5791 1
5791 1
5791 1
5791 1
5791 1
5791 1
5791 1
5791 1
5791 1
5791 1
5791 1
5791 1
5791 1
5791 1
5791 1
5791 1
5791 1
5791 1
5791 1
5791 1
5791 1
5791 1
5791 1
5791 1
5791 1
5791 1
5791 1
5791 1
5791 1
5791 1
5692 1
5692 1
5692 1
5692 1
5692 1
5692 1
5692 1
5692 1
5692 1
5692 1
5692 1
5692 1
5692 1
5692 1
5692 1
5692 1
5692 1
5692 1
5692 1
5692 1
5692 1
5692 1
5692 1
5692 1
5692 1
5692 1
5692 1
5692 1
5692 1
5692 1
5692 1
5692 1
5692 1
5692 1
5692 1
5692 1
5692 1
5692 1
5692 1
5692 1
5692 1
5692 1
5692 1
5692 1
5692 1
5689 1
5689 1
5689 1
5689 1
5689 1
5689 1
5689 1
5689 1
5689 1
5689 1
5689 1
5689 1
5689 1
5689 1
5689 1
5689 1
5689 1
5689 1
5689 1
5689 1
5689 1
5689 1
5689 1
5689 1
5689 1
5689 1
5689 1
5689 1
5689 1
5689 1
5689 1
5689 1
5689 1
5689 1
5689 1
5689 1
5689 1
5689 1
5689 1
5689 1
5689 1
5689 1
5689 1
5689 1
5689 1
5888 1
5888 1
5888 1
5888 1
5888 1
5888 1
5888 1
5888 1
5888 1
5888 1
5888 1
5888 1
5888 1
5888 1
5888 1
5888 1
5888 1
5888 1
5888 1
5888 1
5888 1
5888 1
5888 1
5888 1
5888 1
5888 1
5888 1
5888 1
5888 1
5888 1
5888 1
5888 1
5888 1
5888 1
5888 1
5888 1
5888 1
5888 1
5888 1
5888 1
5888 1
5888 1
5888 1
5888 1
5888 1
5688 1
5688 1
5688 1
5688 1
5688 1
5688 1
5688 1
5688 1
5688 1
5688 1
5688 1
5688 1
5688 1
5688 1
5688 1
5688 1
5688 1
5688 1
5688 1
5688 1
5688 1
5688 1
5688 1
5688 1
5688 1
5688 1
5688 1
5688 1
5688 1
5688 1
5688 1
5688 1
5688 1
5688 1
5688 1
5688 1
5688 1
5688 1
5688 1
5688 1
5688 1
5688 1
5688 1
5688 1
5688 1
5887 1
5887 1
5887 1
5887 1
5887 1
5887 1
5887 1
5887 1
5887 1
5887 1
5887 1
5887 1
5887 1
5887 1
5887 1
5887 1
5887 1
5887 1
5887 1
5887 1
5887 1
5887 1
5887 1
5887 1
5887 1
5887 1
5887 1
5887 1
5887 1
5887 1
5887 1
5887 1
5887 1
5887 1
5887 1
5887 1
5887 1
5887 1
5887 1
5887 1
5887 1
5887 1
5887 1
5887 1
5887 1
5686 1
5686 1
5686 1
5686 1
5686 1
5686 1
5686 1
5686 1
5686 1
5686 1
5686 1
5686 1
5686 1
5686 1
5686 1
5686 1
5686 1
5686 1
5686 1
5686 1
5686 1
5686 1
5686 1
5686 1
5686 1
5686 1
5686 1
5686 1
5686 1
5686 1
5686 1
5686 1
5686 1
5686 1
5686 1
5686 1
5686 1
5686 1
5686 1
5686 1
5686 1
5686 1
5686 1
5686 1
5686 1
5685 1
5685 1
5685 1
5685 1
5685 1
5685 1
5685 1
5685 1
5685 1
5685 1
5685 1
5685 1
5685 1
5685 1
5685 1
5685 1
5685 1
5685 1
5685 1
5685 1
5685 1
5685 1
5685 1
5685 1
5685 1
5685 1
5685 1
5685 1
5685 1
5685 1
5685 1
5685 1
5685 1
5685 1
5685 1
5685 1
5685 1
5685 1
5685 1
5685 1
5685 1
5685 1
5685 1
5685 1
5685 1
5885 1
5885 1
5885 1
5885 1
5885 1
5885 1
5885 1
5885 1
5885 1
5885 1
5885 1
5885 1
5885 1
5885 1
5885 1
5885 1
5885 1
5885 1
5885 1
5885 1
5885 1
5885 1
5885 1
5885 1
5885 1
5885 1
5885 1
5885 1
5885 1
5885 1
5885 1
5885 1
5885 1
5885 1
5885 1
5885 1
5885 1
5885 1
5885 1
5885 1
5885 1
5885 1
5885 1
5885 1
5885 1
5784 1
5784 1
5784 1
5784 1
5784 1
5784 1
5784 1
5784 1
5784 1
5784 1
5784 1
5784 1
5784 1
5784 1
5784 1
5784 1
5784 1
5784 1
5784 1
5784 1
5784 1
5784 1
5784 1
5784 1
5784 1
5784 1
5784 1
5784 1
5784 1
5784 1
5784 1
5784 1
5784 1
5784 1
5784 1
5784 1
5784 1
5784 1
5784 1
5784 1
5784 1
5784 1
5784 1
5784 1
5784 1
5783 1
5783 1
5783 1
5783 1
5783 1
5783 1
5783 1
5783 1
5783 1
5783 1
5783 1
5783 1
5783 1
5783 1
5783 1
5783 1
5783 1
5783 1
5783 1
5783 1
5783 1
5783 1
5783 1
5783 1
5783 1
5783 1
5783 1
5783 1
5783 1
5783 1
5783 1
5783 1
5783 1
5783 1
5783 1
5783 1
5783 1
5783 1
5783 1
5783 1
5783 1
5783 1
5783 1
5783 1
5783 1
5883 1
5883 1
5883 1
5883 1
5883 1
5883 1
5883 1
5883 1
5883 1
5883 1
5883 1
5883 1
5883 1
5883 1
5883 1
5883 1
5883 1
5883 1
5883 1
5883 1
5883 1
5883 1
5883 1
5883 1
5883 1
5883 1
5883 1
5883 1
5883 1
5883 1
5883 1
5883 1
5883 1
5883 1
5883 1
5883 1
5883 1
5883 1
5883 1
5883 1
5883 1
5883 1
5883 1
5883 1
5883 1
5782 1
5782 1
5782 1
5782 1
5782 1
5782 1
5782 1
5782 1
5782 1
5782 1
5782 1
5782 1
5782 1
5782 1
5782 1
5782 1
5782 1
5782 1
5782 1
5782 1
5782 1
5782 1
5782 1
5782 1
5782 1
5782 1
5782 1
5782 1
5782 1
5782 1
5782 1
5782 1
5782 1
5782 1
5782 1
5782 1
5782 1
5782 1
5782 1
5782 1
5782 1
5782 1
5782 1
5782 1
5782 1
5676 1
5676 1
5676 1
5676 1
5676 1
5676 1
5676 1
5676 1
5676 1
5676 1
5676 1
5676 1
5676 1
5676 1
5676 1
5676 1
5676 1
5676 1
5676 1
5676 1
5676 1
5676 1
5676 1
5676 1
5676 1
5676 1
5676 1
5676 1
5676 1
5676 1
5676 1
5676 1
5676 1
5676 1
5676 1
5676 1
5676 1
5676 1
5676 1
5676 1
5676 1
5676 1
5676 1
5676 1
5676 1
5675 1
5675 1
5675 1
5675 1
5675 1
5675 1
5675 1
5675 1
5675 1
5675 1
5675 1
5675 1
5675 1
5675 1
5675 1
5675 1
5675 1
5675 1
5675 1
5675 1
5675 1
5675 1
5675 1
5675 1
5675 1
5675 1
5675 1
5675 1
5675 1
5675 1
5675 1
5675 1
5675 1
5675 1
5675 1
5675 1
5675 1
5675 1
5675 1
5675 1
5675 1
5675 1
5675 1
5675 1
5675 1
5778 1
5778 1
5778 1
5778 1
5778 1
5778 1
5778 1
5778 1
5778 1
5778 1
5778 1
5778 1
5778 1
5778 1
5778 1
5778 1
5778 1
5778 1
5778 1
5778 1
5778 1
5778 1
5778 1
5778 1
5778 1
5778 1
5778 1
5778 1
5778 1
5778 1
5778 1
5778 1
5778 1
5778 1
5778 1
5778 1
5778 1
5778 1
5778 1
5778 1
5778 1
5778 1
5778 1
5778 1
5778 1
5777 1
5777 1
5777 1
5777 1
5777 1
5777 1
5777 1
5777 1
5777 1
5777 1
5777 1
5777 1
5777 1
5777 1
5777 1
5777 1
5777 1
5777 1
5777 1
5777 1
5777 1
5777 1
5777 1
5777 1
5777 1
5777 1
5777 1
5777 1
5777 1
5777 1
5777 1
5777 1
5777 1
5777 1
5777 1
5777 1
5777 1
5777 1
5777 1
5777 1
5777 1
5777 1
5777 1
5777 1
5777 1
5879 1
5879 1
5879 1
5879 1
5879 1
5879 1
5879 1
5879 1
5879 1
5879 1
5879 1
5879 1
5879 1
5879 1
5879 1
5879 1
5879 1
5879 1
5879 1
5879 1
5879 1
5879 1
5879 1
5879 1
5879 1
5879 1
5879 1
5879 1
5879 1
5879 1
5879 1
5879 1
5879 1
5879 1
5879 1
5879 1
5879 1
5879 1
5879 1
5879 1
5879 1
5879 1
5879 1
5879 1
5879 1
5878 1
5878 1
5878 1
5878 1
5878 1
5878 1
5878 1
5878 1
5878 1
5878 1
5878 1
5878 1
5878 1
5878 1
5878 1
5878 1
5878 1
5878 1
5878 1
5878 1
5878 1
5878 1
5878 1
5878 1
5878 1
5878 1
5878 1
5878 1
5878 1
5878 1
5878 1
5878 1
5878 1
5878 1
5878 1
5878 1
5878 1
5878 1
5878 1
5878 1
5878 1
5878 1
5878 1
5878 1
5878 1
5984 1
5984 1
5984 1
5984 1
5984 1
5984 1
5984 1
5984 1
5984 1
5984 1
5984 1
5984 1
5984 1
5984 1
5984 1
5984 1
5984 1
5984 1
5984 1
5984 1
5984 1
5984 1
5984 1
5984 1
5984 1
5984 1
5984 1
5984 1
5984 1
5984 1
5984 1
5984 1
5984 1
5984 1
5984 1
5984 1
5984 1
5984 1
5984 1
5984 1
5984 1
5984 1
5984 1
5984 1
5984 1
5983 1
5983 1
5983 1
5983 1
5983 1
5983 1
5983 1
5983 1
5983 1
5983 1
5983 1
5983 1
5983 1
5983 1
5983 1
5983 1
5983 1
5983 1
5983 1
5983 1
5983 1
5983 1
5983 1
5983 1
5983 1
5983 1
5983 1
5983 1
5983 1
5983 1
5983 1
5983 1
5983 1
5983 1
5983 1
5983 1
5983 1
5983 1
5983 1
5983 1
5983 1
5983 1
5983 1
5983 1
5983 1
5982 1
5982 1
5982 1
5982 1
5982 1
5982 1
5982 1
5982 1
5982 1
5982 1
5982 1
5982 1
5982 1
5982 1
5982 1
5982 1
5982 1
5982 1
5982 1
5982 1
5982 1
5982 1
5982 1
5982 1
5982 1
5982 1
5982 1
5982 1
5982 1
5982 1
5982 1
5982 1
5982 1
5982 1
5982 1
5982 1
5982 1
5982 1
5982 1
5982 1
5982 1
5982 1
5982 1
5982 1
5982 1
5873 1
5873 1
5873 1
5873 1
5873 1
5873 1
5873 1
5873 1
5873 1
5873 1
5873 1
5873 1
5873 1
5873 1
5873 1
5873 1
5873 1
5873 1
5873 1
5873 1
5873 1
5873 1
5873 1
5873 1
5873 1
5873 1
5873 1
5873 1
5873 1
5873 1
5873 1
5873 1
5873 1
5873 1
5873 1
5873 1
5873 1
5873 1
5873 1
5873 1
5873 1
5873 1
5873 1
5873 1
5873 1
5872 1
5872 1
5872 1
5872 1
5872 1
5872 1
5872 1
5872 1
5872 1
5872 1
5872 1
5872 1
5872 1
5872 1
5872 1
5872 1
5872 1
5872 1
5872 1
5872 1
5872 1
5872 1
5872 1
5872 1
5872 1
5872 1
5872 1
5872 1
5872 1
5872 1
5872 1
5872 1
5872 1
5872 1
5872 1
5872 1
5872 1
5872 1
5872 1
5872 1
5872 1
5872 1
5872 1
5872 1
5872 1
5752 1
5752 1
5752 1
5752 1
5752 1
5752 1
5752 1
5752 1
5752 1
5752 1
5752 1
5752 1
5752 1
5752 1
5752 1
5752 1
5752 1
5752 1
5752 1
5752 1
5752 1
5752 1
5752 1
5752 1
5752 1
5752 1
5752 1
5752 1
5752 1
5752 1
5752 1
5752 1
5752 1
5752 1
5752 1
5752 1
5752 1
5752 1
5752 1
5752 1
5752 1
5752 1
5752 1
5752 1
5752 1
5870 1
5870 1
5870 1
5870 1
5870 1
5870 1
5870 1
5870 1
5870 1
5870 1
5870 1
5870 1
5870 1
5870 1
5870 1
5870 1
5870 1
5870 1
5870 1
5870 1
5870 1
5870 1
5870 1
5870 1
5870 1
5870 1
5870 1
5870 1
5870 1
5870 1
5870 1
5870 1
5870 1
5870 1
5870 1
5870 1
5870 1
5870 1
5870 1
5870 1
5870 1
5870 1
5870 1
5870 1
5870 1
5976 1
5976 1
5976 1
5976 1
5976 1
5976 1
5976 1
5976 1
5976 1
5976 1
5976 1
5976 1
5976 1
5976 1
5976 1
5976 1
5976 1
5976 1
5976 1
5976 1
5976 1
5976 1
5976 1
5976 1
5976 1
5976 1
5976 1
5976 1
5976 1
5976 1
5976 1
5976 1
5976 1
5976 1
5976 1
5976 1
5976 1
5976 1
5976 1
5976 1
5976 1
5976 1
5976 1
5976 1
5976 1
5975 1
5975 1
5975 1
5975 1
5975 1
5975 1
5975 1
5975 1
5975 1
5975 1
5975 1
5975 1
5975 1
5975 1
5975 1
5975 1
5975 1
5975 1
5975 1
5975 1
5975 1
5975 1
5975 1
5975 1
5975 1
5975 1
5975 1
5975 1
5975 1
5975 1
5975 1
5975 1
5975 1
5975 1
5975 1
5975 1
5975 1
5975 1
5975 1
5975 1
5975 1
5975 1
5975 1
5975 1
5975 1
6087 1
6087 1
6087 1
6087 1
6087 1
6087 1
6087 1
6087 1
6087 1
6087 1
6087 1
6087 1
6087 1
6087 1
6087 1
6087 1
6087 1
6087 1
6087 1
6087 1
6087 1
6087 1
6087 1
6087 1
6087 1
6087 1
6087 1
6087 1
6087 1
6087 1
6087 1
6087 1
6087 1
6087 1
6087 1
6087 1
6087 1
6087 1
6087 1
6087 1
6087 1
6087 1
6087 1
6087 1
6087 1
5970 1
5970 1
5970 1
5970 1
5970 1
5970 1
5970 1
5970 1
5970 1
5970 1
5970 1
5970 1
5970 1
5970 1
5970 1
5970 1
5970 1
5970 1
5970 1
5970 1
5970 1
5970 1
5970 1
5970 1
5970 1
5970 1
5970 1
5970 1
5970 1
5970 1
5970 1
5970 1
5970 1
5970 1
5970 1
5970 1
5970 1
5970 1
5970 1
5970 1
5970 1
5970 1
5970 1
5970 1
5970 1
5969 1
5969 1
5969 1
5969 1
5969 1
5969 1
5969 1
5969 1
5969 1
5969 1
5969 1
5969 1
5969 1
5969 1
5969 1
5969 1
5969 1
5969 1
5969 1
5969 1
5969 1
5969 1
5969 1
5969 1
5969 1
5969 1
5969 1
5969 1
5969 1
5969 1
5969 1
5969 1
5969 1
5969 1
5969 1
5969 1
5969 1
5969 1
5969 1
5969 1
5969 1
5969 1
5969 1
5969 1
5969 1
5968 1
5968 1
5968 1
5968 1
5968 1
5968 1
5968 1
5968 1
5968 1
5968 1
5968 1
5968 1
5968 1
5968 1
5968 1
5968 1
5968 1
5968 1
5968 1
5968 1
5968 1
5968 1
5968 1
5968 1
5968 1
5968 1
5968 1
5968 1
5968 1
5968 1
5968 1
5968 1
5968 1
5968 1
5968 1
5968 1
5968 1
5968 1
5968 1
5968 1
5968 1
5968 1
5968 1
5968 1
5968 1
5850 1
5850 1
5850 1
5850 1
5850 1
5850 1
5850 1
5850 1
5850 1
5850 1
5850 1
5850 1
5850 1
5850 1
5850 1
5850 1
5850 1
5850 1
5850 1
5850 1
5850 1
5850 1
5850 1
5850 1
5850 1
5850 1
5850 1
5850 1
5850 1
5850 1
5850 1
5850 1
5850 1
5850 1
5850 1
5850 1
5850 1
5850 1
5850 1
5850 1
5850 1
5850 1
5850 1
5850 1
5850 1
6082 1
6082 1
6082 1
6082 1
6082 1
6082 1
6082 1
6082 1
6082 1
6082 1
6082 1
6082 1
6082 1
6082 1
6082 1
6082 1
6082 1
6082 1
6082 1
6082 1
6082 1
6082 1
6082 1
6082 1
6082 1
6082 1
6082 1
6082 1
6082 1
6082 1
6082 1
6082 1
6082 1
6082 1
6082 1
6082 1
6082 1
6082 1
6082 1
6082 1
6082 1
6082 1
6082 1
6082 1
6082 1
5844 1
5844 1
5844 1
5844 1
5844 1
5844 1
5844 1
5844 1
5844 1
5844 1
5844 1
5844 1
5844 1
5844 1
5844 1
5844 1
5844 1
5844 1
5844 1
5844 1
5844 1
5844 1
5844 1
5844 1
5844 1
5844 1
5844 1
5844 1
5844 1
5844 1
5844 1
5844 1
5844 1
5844 1
5844 1
5844 1
5844 1
5844 1
5844 1
5844 1
5844 1
5844 1
5844 1
5844 1
5844 1
6081 1
6081 1
6081 1
6081 1
6081 1
6081 1
6081 1
6081 1
6081 1
6081 1
6081 1
6081 1
6081 1
6081 1
6081 1
6081 1
6081 1
6081 1
6081 1
6081 1
6081 1
6081 1
6081 1
6081 1
6081 1
6081 1
6081 1
6081 1
6081 1
6081 1
6081 1
6081 1
6081 1
6081 1
6081 1
6081 1
6081 1
6081 1
6081 1
6081 1
6081 1
6081 1
6081 1
6081 1
6081 1
6080 1
6080 1
6080 1
6080 1
6080 1
6080 1
6080 1
6080 1
6080 1
6080 1
6080 1
6080 1
6080 1
6080 1
6080 1
6080 1
6080 1
6080 1
6080 1
6080 1
6080 1
6080 1
6080 1
6080 1
6080 1
6080 1
6080 1
6080 1
6080 1
6080 1
6080 1
6080 1
6080 1
6080 1
6080 1
6080 1
6080 1
6080 1
6080 1
6080 1
6080 1
6080 1
6080 1
6080 1
6080 1
6077 1
6077 1
6077 1
6077 1
6077 1
6077 1
6077 1
6077 1
6077 1
6077 1
6077 1
6077 1
6077 1
6077 1
6077 1
6077 1
6077 1
6077 1
6077 1
6077 1
6077 1
6077 1
6077 1
6077 1
6077 1
6077 1
6077 1
6077 1
6077 1
6077 1
6077 1
6077 1
6077 1
6077 1
6077 1
6077 1
6077 1
6077 1
6077 1
6077 1
6077 1
6077 1
6077 1
6077 1
6077 1
6073 1
6073 1
6073 1
6073 1
6073 1
6073 1
6073 1
6073 1
6073 1
6073 1
6073 1
6073 1
6073 1
6073 1
6073 1
6073 1
6073 1
6073 1
6073 1
6073 1
6073 1
6073 1
6073 1
6073 1
6073 1
6073 1
6073 1
6073 1
6073 1
6073 1
6073 1
6073 1
6073 1
6073 1
6073 1
6073 1
6073 1
6073 1
6073 1
6073 1
6073 1
6073 1
6073 1
6073 1
6073 1
5946 1
5946 1
5946 1
5946 1
5946 1
5946 1
5946 1
5946 1
5946 1
5946 1
5946 1
5946 1
5946 1
5946 1
5946 1
5946 1
5946 1
5946 1
5946 1
5946 1
5946 1
5946 1
5946 1
5946 1
5946 1
5946 1
5946 1
5946 1
5946 1
5946 1
5946 1
5946 1
5946 1
5946 1
5946 1
5946 1
5946 1
5946 1
5946 1
5946 1
5946 1
5946 1
5946 1
5946 1
5946 1
6180 1
6180 1
6180 1
6180 1
6180 1
6180 1
6180 1
6180 1
6180 1
6180 1
6180 1
6180 1
6180 1
6180 1
6180 1
6180 1
6180 1
6180 1
6180 1
6180 1
6180 1
6180 1
6180 1
6180 1
6180 1
6180 1
6180 1
6180 1
6180 1
6180 1
6180 1
6180 1
6180 1
6180 1
6180 1
6180 1
6180 1
6180 1
6180 1
6180 1
6180 1
6180 1
6180 1
6180 1
6180 1
6179 1
6179 1
6179 1
6179 1
6179 1
6179 1
6179 1
6179 1
6179 1
6179 1
6179 1
6179 1
6179 1
6179 1
6179 1
6179 1
6179 1
6179 1
6179 1
6179 1
6179 1
6179 1
6179 1
6179 1
6179 1
6179 1
6179 1
6179 1
6179 1
6179 1
6179 1
6179 1
6179 1
6179 1
6179 1
6179 1
6179 1
6179 1
6179 1
6179 1
6179 1
6179 1
6179 1
6179 1
6179 1
6178 1
6178 1
6178 1
6178 1
6178 1
6178 1
6178 1
6178 1
6178 1
6178 1
6178 1
6178 1
6178 1
6178 1
6178 1
6178 1
6178 1
6178 1
6178 1
6178 1
6178 1
6178 1
6178 1
6178 1
6178 1
6178 1
6178 1
6178 1
6178 1
6178 1
6178 1
6178 1
6178 1
6178 1
6178 1
6178 1
6178 1
6178 1
6178 1
6178 1
6178 1
6178 1
6178 1
6178 1
6178 1
6177 1
6177 1
6177 1
6177 1
6177 1
6177 1
6177 1
6177 1
6177 1
6177 1
6177 1
6177 1
6177 1
6177 1
6177 1
6177 1
6177 1
6177 1
6177 1
6177 1
6177 1
6177 1
6177 1
6177 1
6177 1
6177 1
6177 1
6177 1
6177 1
6177 1
6177 1
6177 1
6177 1
6177 1
6177 1
6177 1
6177 1
6177 1
6177 1
6177 1
6177 1
6177 1
6177 1
6177 1
6177 1
6175 1
6175 1
6175 1
6175 1
6175 1
6175 1
6175 1
6175 1
6175 1
6175 1
6175 1
6175 1
6175 1
6175 1
6175 1
6175 1
6175 1
6175 1
6175 1
6175 1
6175 1
6175 1
6175 1
6175 1
6175 1
6175 1
6175 1
6175 1
6175 1
6175 1
6175 1
6175 1
6175 1
6175 1
6175 1
6175 1
6175 1
6175 1
6175 1
6175 1
6175 1
6175 1
6175 1
6175 1
6175 1
6174 1
6174 1
6174 1
6174 1
6174 1
6174 1
6174 1
6174 1
6174 1
6174 1
6174 1
6174 1
6174 1
6174 1
6174 1
6174 1
6174 1
6174 1
6174 1
6174 1
6174 1
6174 1
6174 1
6174 1
6174 1
6174 1
6174 1
6174 1
6174 1
6174 1
6174 1
6174 1
6174 1
6174 1
6174 1
6174 1
6174 1
6174 1
6174 1
6174 1
6174 1
6174 1
6174 1
6174 1
6174 1
6173 1
6173 1
6173 1
6173 1
6173 1
6173 1
6173 1
6173 1
6173 1
6173 1
6173 1
6173 1
6173 1
6173 1
6173 1
6173 1
6173 1
6173 1
6173 1
6173 1
6173 1
6173 1
6173 1
6173 1
6173 1
6173 1
6173 1
6173 1
6173 1
6173 1
6173 1
6173 1
6173 1
6173 1
6173 1
6173 1
6173 1
6173 1
6173 1
6173 1
6173 1
6173 1
6173 1
6173 1
6173 1
6274 1
6274 1
6274 1
6274 1
6274 1
6274 1
6274 1
6274 1
6274 1
6274 1
6274 1
6274 1
6274 1
6274 1
6274 1
6274 1
6274 1
6274 1
6274 1
6274 1
6274 1
6274 1
6274 1
6274 1
6274 1
6274 1
6274 1
6274 1
6274 1
6274 1
6274 1
6274 1
6274 1
6274 1
6274 1
6274 1
6274 1
6274 1
6274 1
6274 1
6274 1
6274 1
6274 1
6274 1
6274 1
6051 1
6051 1
6051 1
6051 1
6051 1
6051 1
6051 1
6051 1
6051 1
6051 1
6051 1
6051 1
6051 1
6051 1
6051 1
6051 1
6051 1
6051 1
6051 1
6051 1
6051 1
6051 1
6051 1
6051 1
6051 1
6051 1
6051 1
6051 1
6051 1
6051 1
6051 1
6051 1
6051 1
6051 1
6051 1
6051 1
6051 1
6051 1
6051 1
6051 1
6051 1
6051 1
6051 1
6051 1
6051 1
6048 1
6048 1
6048 1
6048 1
6048 1
6048 1
6048 1
6048 1
6048 1
6048 1
6048 1
6048 1
6048 1
6048 1
6048 1
6048 1
6048 1
6048 1
6048 1
6048 1
6048 1
6048 1
6048 1
6048 1
6048 1
6048 1
6048 1
6048 1
6048 1
6048 1
6048 1
6048 1
6048 1
6048 1
6048 1
6048 1
6048 1
6048 1
6048 1
6048 1
6048 1
6048 1
6048 1
6048 1
6048 1
6047 1
6047 1
6047 1
6047 1
6047 1
6047 1
6047 1
6047 1
6047 1
6047 1
6047 1
6047 1
6047 1
6047 1
6047 1
6047 1
6047 1
6047 1
6047 1
6047 1
6047 1
6047 1
6047 1
6047 1
6047 1
6047 1
6047 1
6047 1
6047 1
6047 1
6047 1
6047 1
6047 1
6047 1
6047 1
6047 1
6047 1
6047 1
6047 1
6047 1
6047 1
6047 1
6047 1
6047 1
6047 1
6273 1
6273 1
6273 1
6273 1
6273 1
6273 1
6273 1
6273 1
6273 1
6273 1
6273 1
6273 1
6273 1
6273 1
6273 1
6273 1
6273 1
6273 1
6273 1
6273 1
6273 1
6273 1
6273 1
6273 1
6273 1
6273 1
6273 1
6273 1
6273 1
6273 1
6273 1
6273 1
6273 1
6273 1
6273 1
6273 1
6273 1
6273 1
6273 1
6273 1
6273 1
6273 1
6273 1
6273 1
6273 1
6271 1
6271 1
6271 1
6271 1
6271 1
6271 1
6271 1
6271 1
6271 1
6271 1
6271 1
6271 1
6271 1
6271 1
6271 1
6271 1
6271 1
6271 1
6271 1
6271 1
6271 1
6271 1
6271 1
6271 1
6271 1
6271 1
6271 1
6271 1
6271 1
6271 1
6271 1
6271 1
6271 1
6271 1
6271 1
6271 1
6271 1
6271 1
6271 1
6271 1
6271 1
6271 1
6271 1
6271 1
6271 1
6166 1
6166 1
6166 1
6166 1
6166 1
6166 1
6166 1
6166 1
6166 1
6166 1
6166 1
6166 1
6166 1
6166 1
6166 1
6166 1
6166 1
6166 1
6166 1
6166 1
6166 1
6166 1
6166 1
6166 1
6166 1
6166 1
6166 1
6166 1
6166 1
6166 1
6166 1
6166 1
6166 1
6166 1
6166 1
6166 1
6166 1
6166 1
6166 1
6166 1
6166 1
6166 1
6166 1
6166 1
6166 1
6270 1
6270 1
6270 1
6270 1
6270 1
6270 1
6270 1
6270 1
6270 1
6270 1
6270 1
6270 1
6270 1
6270 1
6270 1
6270 1
6270 1
6270 1
6270 1
6270 1
6270 1
6270 1
6270 1
6270 1
6270 1
6270 1
6270 1
6270 1
6270 1
6270 1
6270 1
6270 1
6270 1
6270 1
6270 1
6270 1
6270 1
6270 1
6270 1
6270 1
6270 1
6270 1
6270 1
6270 1
6270 1
6269 1
6269 1
6269 1
6269 1
6269 1
6269 1
6269 1
6269 1
6269 1
6269 1
6269 1
6269 1
6269 1
6269 1
6269 1
6269 1
6269 1
6269 1
6269 1
6269 1
6269 1
6269 1
6269 1
6269 1
6269 1
6269 1
6269 1
6269 1
6269 1
6269 1
6269 1
6269 1
6269 1
6269 1
6269 1
6269 1
6269 1
6269 1
6269 1
6269 1
6269 1
6269 1
6269 1
6269 1
6269 1
6268 1
6268 1
6268 1
6268 1
6268 1
6268 1
6268 1
6268 1
6268 1
6268 1
6268 1
6268 1
6268 1
6268 1
6268 1
6268 1
6268 1
6268 1
6268 1
6268 1
6268 1
6268 1
6268 1
6268 1
6268 1
6268 1
6268 1
6268 1
6268 1
6268 1
6268 1
6268 1
6268 1
6268 1
6268 1
6268 1
6268 1
6268 1
6268 1
6268 1
6268 1
6268 1
6268 1
6268 1
6268 1
6364 1
6364 1
6364 1
6364 1
6364 1
6364 1
6364 1
6364 1
6364 1
6364 1
6364 1
6364 1
6364 1
6364 1
6364 1
6364 1
6364 1
6364 1
6364 1
6364 1
6364 1
6364 1
6364 1
6364 1
6364 1
6364 1
6364 1
6364 1
6364 1
6364 1
6364 1
6364 1
6364 1
6364 1
6364 1
6364 1
6364 1
6364 1
6364 1
6364 1
6364 1
6364 1
6364 1
6364 1
6364 1
6149 1
6149 1
6149 1
6149 1
6149 1
6149 1
6149 1
6149 1
6149 1
6149 1
6149 1
6149 1
6149 1
6149 1
6149 1
6149 1
6149 1
6149 1
6149 1
6149 1
6149 1
6149 1
6149 1
6149 1
6149 1
6149 1
6149 1
6149 1
6149 1
6149 1
6149 1
6149 1
6149 1
6149 1
6149 1
6149 1
6149 1
6149 1
6149 1
6149 1
6149 1
6149 1
6149 1
6149 1
6149 1
6148 1
6148 1
6148 1
6148 1
6148 1
6148 1
6148 1
6148 1
6148 1
6148 1
6148 1
6148 1
6148 1
6148 1
6148 1
6148 1
6148 1
6148 1
6148 1
6148 1
6148 1
6148 1
6148 1
6148 1
6148 1
6148 1
6148 1
6148 1
6148 1
6148 1
6148 1
6148 1
6148 1
6148 1
6148 1
6148 1
6148 1
6148 1
6148 1
6148 1
6148 1
6148 1
6148 1
6148 1
6148 1
6363 1
6363 1
6363 1
6363 1
6363 1
6363 1
6363 1
6363 1
6363 1
6363 1
6363 1
6363 1
6363 1
6363 1
6363 1
6363 1
6363 1
6363 1
6363 1
6363 1
6363 1
6363 1
6363 1
6363 1
6363 1
6363 1
6363 1
6363 1
6363 1
6363 1
6363 1
6363 1
6363 1
6363 1
6363 1
6363 1
6363 1
6363 1
6363 1
6363 1
6363 1
6363 1
6363 1
6363 1
6363 1
6362 1
6362 1
6362 1
6362 1
6362 1
6362 1
6362 1
6362 1
6362 1
6362 1
6362 1
6362 1
6362 1
6362 1
6362 1
6362 1
6362 1
6362 1
6362 1
6362 1
6362 1
6362 1
6362 1
6362 1
6362 1
6362 1
6362 1
6362 1
6362 1
6362 1
6362 1
6362 1
6362 1
6362 1
6362 1
6362 1
6362 1
6362 1
6362 1
6362 1
6362 1
6362 1
6362 1
6362 1
6362 1
6361 1
6361 1
6361 1
6361 1
6361 1
6361 1
6361 1
6361 1
6361 1
6361 1
6361 1
6361 1
6361 1
6361 1
6361 1
6361 1
6361 1
6361 1
6361 1
6361 1
6361 1
6361 1
6361 1
6361 1
6361 1
6361 1
6361 1
6361 1
6361 1
6361 1
6361 1
6361 1
6361 1
6361 1
6361 1
6361 1
6361 1
6361 1
6361 1
6361 1
6361 1
6361 1
6361 1
6361 1
6361 1
6360 1
6360 1
6360 1
6360 1
6360 1
6360 1
6360 1
6360 1
6360 1
6360 1
6360 1
6360 1
6360 1
6360 1
6360 1
6360 1
6360 1
6360 1
6360 1
6360 1
6360 1
6360 1
6360 1
6360 1
6360 1
6360 1
6360 1
6360 1
6360 1
6360 1
6360 1
6360 1
6360 1
6360 1
6360 1
6360 1
6360 1
6360 1
6360 1
6360 1
6360 1
6360 1
6360 1
6360 1
6360 1
6359 1
6359 1
6359 1
6359 1
6359 1
6359 1
6359 1
6359 1
6359 1
6359 1
6359 1
6359 1
6359 1
6359 1
6359 1
6359 1
6359 1
6359 1
6359 1
6359 1
6359 1
6359 1
6359 1
6359 1
6359 1
6359 1
6359 1
6359 1
6359 1
6359 1
6359 1
6359 1
6359 1
6359 1
6359 1
6359 1
6359 1
6359 1
6359 1
6359 1
6359 1
6359 1
6359 1
6359 1
6359 1
6456 1
6456 1
6456 1
6456 1
6456 1
6456 1
6456 1
6456 1
6456 1
6456 1
6456 1
6456 1
6456 1
6456 1
6456 1
6456 1
6456 1
6456 1
6456 1
6456 1
6456 1
6456 1
6456 1
6456 1
6456 1
6456 1
6456 1
6456 1
6456 1
6456 1
6456 1
6456 1
6456 1
6456 1
6456 1
6456 1
6456 1
6456 1
6456 1
6456 1
6456 1
6456 1
6456 1
6456 1
6456 1
6455 1
6455 1
6455 1
6455 1
6455 1
6455 1
6455 1
6455 1
6455 1
6455 1
6455 1
6455 1
6455 1
6455 1
6455 1
6455 1
6455 1
6455 1
6455 1
6455 1
6455 1
6455 1
6455 1
6455 1
6455 1
6455 1
6455 1
6455 1
6455 1
6455 1
6455 1
6455 1
6455 1
6455 1
6455 1
6455 1
6455 1
6455 1
6455 1
6455 1
6455 1
6455 1
6455 1
6455 1
6455 1
6253 1
6253 1
6253 1
6253 1
6253 1
6253 1
6253 1
6253 1
6253 1
6253 1
6253 1
6253 1
6253 1
6253 1
6253 1
6253 1
6253 1
6253 1
6253 1
6253 1
6253 1
6253 1
6253 1
6253 1
6253 1
6253 1
6253 1
6253 1
6253 1
6253 1
6253 1
6253 1
6253 1
6253 1
6253 1
6253 1
6253 1
6253 1
6253 1
6253 1
6253 1
6253 1
6253 1
6253 1
6253 1
6453 1
6453 1
6453 1
6453 1
6453 1
6453 1
6453 1
6453 1
6453 1
6453 1
6453 1
6453 1
6453 1
6453 1
6453 1
6453 1
6453 1
6453 1
6453 1
6453 1
6453 1
6453 1
6453 1
6453 1
6453 1
6453 1
6453 1
6453 1
6453 1
6453 1
6453 1
6453 1
6453 1
6453 1
6453 1
6453 1
6453 1
6453 1
6453 1
6453 1
6453 1
6453 1
6453 1
6453 1
6453 1
6452 1
6452 1
6452 1
6452 1
6452 1
6452 1
6452 1
6452 1
6452 1
6452 1
6452 1
6452 1
6452 1
6452 1
6452 1
6452 1
6452 1
6452 1
6452 1
6452 1
6452 1
6452 1
6452 1
6452 1
6452 1
6452 1
6452 1
6452 1
6452 1
6452 1
6452 1
6452 1
6452 1
6452 1
6452 1
6452 1
6452 1
6452 1
6452 1
6452 1
6452 1
6452 1
6452 1
6452 1
6452 1
6451 1
6451 1
6451 1
6451 1
6451 1
6451 1
6451 1
6451 1
6451 1
6451 1
6451 1
6451 1
6451 1
6451 1
6451 1
6451 1
6451 1
6451 1
6451 1
6451 1
6451 1
6451 1
6451 1
6451 1
6451 1
6451 1
6451 1
6451 1
6451 1
6451 1
6451 1
6451 1
6451 1
6451 1
6451 1
6451 1
6451 1
6451 1
6451 1
6451 1
6451 1
6451 1
6451 1
6451 1
6451 1
6341 1
6341 1
6341 1
6341 1
6341 1
6341 1
6341 1
6341 1
6341 1
6341 1
6341 1
6341 1
6341 1
6341 1
6341 1
6341 1
6341 1
6341 1
6341 1
6341 1
6341 1
6341 1
6341 1
6341 1
6341 1
6341 1
6341 1
6341 1
6341 1
6341 1
6341 1
6341 1
6341 1
6341 1
6341 1
6341 1
6341 1
6341 1
6341 1
6341 1
6341 1
6341 1
6341 1
6341 1
6341 1
6538 1
6538 1
6538 1
6538 1
6538 1
6538 1
6538 1
6538 1
6538 1
6538 1
6538 1
6538 1
6538 1
6538 1
6538 1
6538 1
6538 1
6538 1
6538 1
6538 1
6538 1
6538 1
6538 1
6538 1
6538 1
6538 1
6538 1
6538 1
6538 1
6538 1
6538 1
6538 1
6538 1
6538 1
6538 1
6538 1
6538 1
6538 1
6538 1
6538 1
6538 1
6538 1
6538 1
6538 1
6538 1
6622 1
6622 1
6622 1
6622 1
6622 1
6622 1
6622 1
6622 1
6622 1
6622 1
6622 1
6622 1
6622 1
6622 1
6622 1
6622 1
6622 1
6622 1
6622 1
6622 1
6622 1
6622 1
6622 1
6622 1
6622 1
6622 1
6622 1
6622 1
6622 1
6622 1
6622 1
6622 1
6622 1
6622 1
6622 1
6622 1
6622 1
6622 1
6622 1
6622 1
6622 1
6622 1
6622 1
6622 1
6622 1
6612 1
6612 1
6612 1
6612 1
6612 1
6612 1
6612 1
6612 1
6612 1
6612 1
6612 1
6612 1
6612 1
6612 1
6612 1
6612 1
6612 1
6612 1
6612 1
6612 1
6612 1
6612 1
6612 1
6612 1
6612 1
6612 1
6612 1
6612 1
6612 1
6612 1
6612 1
6612 1
6612 1
6612 1
6612 1
6612 1
6612 1
6612 1
6612 1
6612 1
6612 1
6612 1
6612 1
6612 1
6612 1
6701 1
6701 1
6701 1
6701 1
6701 1
6701 1
6701 1
6701 1
6701 1
6701 1
6701 1
6701 1
6701 1
6701 1
6701 1
6701 1
6701 1
6701 1
6701 1
6701 1
6701 1
6701 1
6701 1
6701 1
6701 1
6701 1
6701 1
6701 1
6701 1
6701 1
6701 1
6701 1
6701 1
6701 1
6701 1
6701 1
6701 1
6701 1
6701 1
6701 1
6701 1
6701 1
6701 1
6701 1
6701 1
6700 1
6700 1
6700 1
6700 1
6700 1
6700 1
6700 1
6700 1
6700 1
6700 1
6700 1
6700 1
6700 1
6700 1
6700 1
6700 1
6700 1
6700 1
6700 1
6700 1
6700 1
6700 1
6700 1
6700 1
6700 1
6700 1
6700 1
6700 1
6700 1
6700 1
6700 1
6700 1
6700 1
6700 1
6700 1
6700 1
6700 1
6700 1
6700 1
6700 1
6700 1
6700 1
6700 1
6700 1
6700 1
6765 1
6765 1
6765 1
6765 1
6765 1
6765 1
6765 1
6765 1
6765 1
6765 1
6765 1
6765 1
6765 1
6765 1
6765 1
6765 1
6765 1
6765 1
6765 1
6765 1
6765 1
6765 1
6765 1
6765 1
6765 1
6765 1
6765 1
6765 1
6765 1
6765 1
6765 1
6765 1
6765 1
6765 1
6765 1
6765 1
6765 1
6765 1
6765 1
6765 1
6765 1
6765 1
6765 1
6765 1
6765 1
6845 1
6845 1
6845 1
6845 1
6845 1
6845 1
6845 1
6845 1
6845 1
6845 1
6845 1
6845 1
6845 1
6845 1
6845 1
6845 1
6845 1
6845 1
6845 1
6845 1
6845 1
6845 1
6845 1
6845 1
6845 1
6845 1
6845 1
6845 1
6845 1
6845 1
6845 1
6845 1
6845 1
6845 1
6845 1
6845 1
6845 1
6845 1
6845 1
6845 1
6845 1
6845 1
6845 1
6845 1
6845 1
