pt_graph cpue_kghour
10389 0
10389 0.503863500369738
10389 0.503863500369738
10389 0.503863500369738
10389 0.503863500369738
10389 0
10389 13.1616129621821
10389 13.1616129621821
10389 0
10389 0
10389 0
10389 0
10389 2.79800178136646
10389 1990.20325067865
10389 1990.20325067865
10389 1990.20325067865
10389 1.32093028300446
10389 661.778127847036
10389 0
10389 965.936521335843
10389 0
10389 0.0516608301266333
10389 0
10389 0
10389 0.0166630345103899
10389 0.0166630345103899
10389 849.025868328005
10389 7.22762067691414
10389 7.22762067691414
10389 7.22762067691414
10389 10.1660450972673
10389 0
10389 1.90187133922965
10389 1388.94118284872
10389 0
10389 0
10389 3865.58347138158
10389 3865.58347138158
10389 0
10389 0
10389 0
10389 31.7251615271088
10389 31.7251615271088
10389 31.7251615271088
10389 1.71441665371288
3 0
3 0.503863500369738
3 0.503863500369738
3 0.503863500369738
3 0.503863500369738
3 0
3 13.1616129621821
3 13.1616129621821
3 0
3 0
3 0
3 0
3 2.79800178136646
3 1990.20325067865
3 1990.20325067865
3 1990.20325067865
3 1.32093028300446
3 661.778127847036
3 0
3 965.936521335843
3 0
3 0.0516608301266333
3 0
3 0
3 0.0166630345103899
3 0.0166630345103899
3 849.025868328005
3 7.22762067691414
3 7.22762067691414
3 7.22762067691414
3 10.1660450972673
3 0
3 1.90187133922965
3 1388.94118284872
3 0
3 0
3 3865.58347138158
3 3865.58347138158
3 0
3 0
3 0
3 31.7251615271088
3 31.7251615271088
3 31.7251615271088
3 1.71441665371288
4 0
4 0.503863500369738
4 0.503863500369738
4 0.503863500369738
4 0.503863500369738
4 0
4 13.1616129621821
4 13.1616129621821
4 0
4 0
4 0
4 0
4 2.79800178136646
4 1990.20325067865
4 1990.20325067865
4 1990.20325067865
4 1.32093028300446
4 661.778127847036
4 0
4 965.936521335843
4 0
4 0.0516608301266333
4 0
4 0
4 0.0166630345103899
4 0.0166630345103899
4 849.025868328005
4 7.22762067691414
4 7.22762067691414
4 7.22762067691414
4 10.1660450972673
4 0
4 1.90187133922965
4 1388.94118284872
4 0
4 0
4 3865.58347138158
4 3865.58347138158
4 0
4 0
4 0
4 31.7251615271088
4 31.7251615271088
4 31.7251615271088
4 1.71441665371288
5 0
5 0.503863500369738
5 0.503863500369738
5 0.503863500369738
5 0.503863500369738
5 0
5 13.1616129621821
5 13.1616129621821
5 0
5 0
5 0
5 0
5 2.79800178136646
5 1990.20325067865
5 1990.20325067865
5 1990.20325067865
5 1.32093028300446
5 661.778127847036
5 0
5 965.936521335843
5 0
5 0.0516608301266333
5 0
5 0
5 0.0166630345103899
5 0.0166630345103899
5 849.025868328005
5 7.22762067691414
5 7.22762067691414
5 7.22762067691414
5 10.1660450972673
5 0
5 1.90187133922965
5 1388.94118284872
5 0
5 0
5 3865.58347138158
5 3865.58347138158
5 0
5 0
5 0
5 31.7251615271088
5 31.7251615271088
5 31.7251615271088
5 1.71441665371288
6 0
6 0.503863500369738
6 0.503863500369738
6 0.503863500369738
6 0.503863500369738
6 0
6 13.1616129621821
6 13.1616129621821
6 0
6 0
6 0
6 0
6 2.79800178136646
6 1990.20325067865
6 1990.20325067865
6 1990.20325067865
6 1.32093028300446
6 661.778127847036
6 0
6 965.936521335843
6 0
6 0.0516608301266333
6 0
6 0
6 0.0166630345103899
6 0.0166630345103899
6 849.025868328005
6 7.22762067691414
6 7.22762067691414
6 7.22762067691414
6 10.1660450972673
6 0
6 1.90187133922965
6 1388.94118284872
6 0
6 0
6 3865.58347138158
6 3865.58347138158
6 0
6 0
6 0
6 31.7251615271088
6 31.7251615271088
6 31.7251615271088
6 1.71441665371288
12 0
12 0.503863500369738
12 0.503863500369738
12 0.503863500369738
12 0.503863500369738
12 0
12 13.1616129621821
12 13.1616129621821
12 0
12 0
12 0
12 0
12 2.79800178136646
12 1990.20325067865
12 1990.20325067865
12 1990.20325067865
12 1.32093028300446
12 661.778127847036
12 0
12 965.936521335843
12 0
12 0.0516608301266333
12 0
12 0
12 0.0166630345103899
12 0.0166630345103899
12 849.025868328005
12 7.22762067691414
12 7.22762067691414
12 7.22762067691414
12 10.1660450972673
12 0
12 1.90187133922965
12 1388.94118284872
12 0
12 0
12 3865.58347138158
12 3865.58347138158
12 0
12 0
12 0
12 31.7251615271088
12 31.7251615271088
12 31.7251615271088
12 1.71441665371288
15 0
15 0.503863500369738
15 0.503863500369738
15 0.503863500369738
15 0.503863500369738
15 0
15 13.1616129621821
15 13.1616129621821
15 0
15 0
15 0
15 0
15 2.79800178136646
15 1990.20325067865
15 1990.20325067865
15 1990.20325067865
15 1.32093028300446
15 661.778127847036
15 0
15 965.936521335843
15 0
15 0.0516608301266333
15 0
15 0
15 0.0166630345103899
15 0.0166630345103899
15 849.025868328005
15 7.22762067691414
15 7.22762067691414
15 7.22762067691414
15 10.1660450972673
15 0
15 1.90187133922965
15 1388.94118284872
15 0
15 0
15 3865.58347138158
15 3865.58347138158
15 0
15 0
15 0
15 31.7251615271088
15 31.7251615271088
15 31.7251615271088
15 1.71441665371288
17 0
17 0.503863500369738
17 0.503863500369738
17 0.503863500369738
17 0.503863500369738
17 0
17 13.1616129621821
17 13.1616129621821
17 0
17 0
17 0
17 0
17 2.79800178136646
17 1990.20325067865
17 1990.20325067865
17 1990.20325067865
17 1.32093028300446
17 661.778127847036
17 0
17 965.936521335843
17 0
17 0.0516608301266333
17 0
17 0
17 0.0166630345103899
17 0.0166630345103899
17 849.025868328005
17 7.22762067691414
17 7.22762067691414
17 7.22762067691414
17 10.1660450972673
17 0
17 1.90187133922965
17 1388.94118284872
17 0
17 0
17 3865.58347138158
17 3865.58347138158
17 0
17 0
17 0
17 31.7251615271088
17 31.7251615271088
17 31.7251615271088
17 1.71441665371288
23 0
23 0.503863500369738
23 0.503863500369738
23 0.503863500369738
23 0.503863500369738
23 0
23 13.1616129621821
23 13.1616129621821
23 0
23 0
23 0
23 0
23 2.79800178136646
23 1990.20325067865
23 1990.20325067865
23 1990.20325067865
23 1.32093028300446
23 661.778127847036
23 0
23 965.936521335843
23 0
23 0.0516608301266333
23 0
23 0
23 0.0166630345103899
23 0.0166630345103899
23 849.025868328005
23 7.22762067691414
23 7.22762067691414
23 7.22762067691414
23 10.1660450972673
23 0
23 1.90187133922965
23 1388.94118284872
23 0
23 0
23 3865.58347138158
23 3865.58347138158
23 0
23 0
23 0
23 31.7251615271088
23 31.7251615271088
23 31.7251615271088
23 1.71441665371288
30 0
30 0.503863500369738
30 0.503863500369738
30 0.503863500369738
30 0.503863500369738
30 0
30 13.1616129621821
30 13.1616129621821
30 0
30 0
30 0
30 0
30 2.79800178136646
30 1990.20325067865
30 1990.20325067865
30 1990.20325067865
30 1.32093028300446
30 661.778127847036
30 0
30 965.936521335843
30 0
30 0.0516608301266333
30 0
30 0
30 0.0166630345103899
30 0.0166630345103899
30 849.025868328005
30 7.22762067691414
30 7.22762067691414
30 7.22762067691414
30 10.1660450972673
30 0
30 1.90187133922965
30 1388.94118284872
30 0
30 0
30 3865.58347138158
30 3865.58347138158
30 0
30 0
30 0
30 31.7251615271088
30 31.7251615271088
30 31.7251615271088
30 1.71441665371288
45 0
45 0.503863500369738
45 0.503863500369738
45 0.503863500369738
45 0.503863500369738
45 0
45 13.1616129621821
45 13.1616129621821
45 0
45 0
45 0
45 0
45 2.79800178136646
45 1990.20325067865
45 1990.20325067865
45 1990.20325067865
45 1.32093028300446
45 661.778127847036
45 0
45 965.936521335843
45 0
45 0.0516608301266333
45 0
45 0
45 0.0166630345103899
45 0.0166630345103899
45 849.025868328005
45 7.22762067691414
45 7.22762067691414
45 7.22762067691414
45 10.1660450972673
45 0
45 1.90187133922965
45 1388.94118284872
45 0
45 0
45 3865.58347138158
45 3865.58347138158
45 0
45 0
45 0
45 31.7251615271088
45 31.7251615271088
45 31.7251615271088
45 1.71441665371288
49 0
49 0.503863500369738
49 0.503863500369738
49 0.503863500369738
49 0.503863500369738
49 0
49 13.1616129621821
49 13.1616129621821
49 0
49 0
49 0
49 0
49 2.79800178136646
49 1990.20325067865
49 1990.20325067865
49 1990.20325067865
49 1.32093028300446
49 661.778127847036
49 0
49 965.936521335843
49 0
49 0.0516608301266333
49 0
49 0
49 0.0166630345103899
49 0.0166630345103899
49 849.025868328005
49 7.22762067691414
49 7.22762067691414
49 7.22762067691414
49 10.1660450972673
49 0
49 1.90187133922965
49 1388.94118284872
49 0
49 0
49 3865.58347138158
49 3865.58347138158
49 0
49 0
49 0
49 31.7251615271088
49 31.7251615271088
49 31.7251615271088
49 1.71441665371288
55 0
55 0.503863500369738
55 0.503863500369738
55 0.503863500369738
55 0.503863500369738
55 0
55 13.1616129621821
55 13.1616129621821
55 0
55 0
55 0
55 0
55 2.79800178136646
55 1990.20325067865
55 1990.20325067865
55 1990.20325067865
55 1.32093028300446
55 661.778127847036
55 0
55 965.936521335843
55 0
55 0.0516608301266333
55 0
55 0
55 0.0166630345103899
55 0.0166630345103899
55 849.025868328005
55 7.22762067691414
55 7.22762067691414
55 7.22762067691414
55 10.1660450972673
55 0
55 1.90187133922965
55 1388.94118284872
55 0
55 0
55 3865.58347138158
55 3865.58347138158
55 0
55 0
55 0
55 31.7251615271088
55 31.7251615271088
55 31.7251615271088
55 1.71441665371288
63 0
63 0.503863500369738
63 0.503863500369738
63 0.503863500369738
63 0.503863500369738
63 0
63 13.1616129621821
63 13.1616129621821
63 0
63 0
63 0
63 0
63 2.79800178136646
63 1990.20325067865
63 1990.20325067865
63 1990.20325067865
63 1.32093028300446
63 661.778127847036
63 0
63 965.936521335843
63 0
63 0.0516608301266333
63 0
63 0
63 0.0166630345103899
63 0.0166630345103899
63 849.025868328005
63 7.22762067691414
63 7.22762067691414
63 7.22762067691414
63 10.1660450972673
63 0
63 1.90187133922965
63 1388.94118284872
63 0
63 0
63 3865.58347138158
63 3865.58347138158
63 0
63 0
63 0
63 31.7251615271088
63 31.7251615271088
63 31.7251615271088
63 1.71441665371288
10477 0
10477 0.503863500369738
10477 0.503863500369738
10477 0.503863500369738
10477 0.503863500369738
10477 0
10477 13.1616129621821
10477 13.1616129621821
10477 0
10477 0
10477 0
10477 0
10477 2.79800178136646
10477 1990.20325067865
10477 1990.20325067865
10477 1990.20325067865
10477 1.32093028300446
10477 661.778127847036
10477 0
10477 965.936521335843
10477 0
10477 0.0516608301266333
10477 0
10477 0
10477 0.0166630345103899
10477 0.0166630345103899
10477 849.025868328005
10477 7.22762067691414
10477 7.22762067691414
10477 7.22762067691414
10477 10.1660450972673
10477 0
10477 1.90187133922965
10477 1388.94118284872
10477 0
10477 0
10477 3865.58347138158
10477 3865.58347138158
10477 0
10477 0
10477 0
10477 31.7251615271088
10477 31.7251615271088
10477 31.7251615271088
10477 1.71441665371288
76 0
76 0.503863500369738
76 0.503863500369738
76 0.503863500369738
76 0.503863500369738
76 0
76 13.1616129621821
76 13.1616129621821
76 0
76 0
76 0
76 0
76 2.79800178136646
76 1990.20325067865
76 1990.20325067865
76 1990.20325067865
76 1.32093028300446
76 661.778127847036
76 0
76 965.936521335843
76 0
76 0.0516608301266333
76 0
76 0
76 0.0166630345103899
76 0.0166630345103899
76 849.025868328005
76 7.22762067691414
76 7.22762067691414
76 7.22762067691414
76 10.1660450972673
76 0
76 1.90187133922965
76 1388.94118284872
76 0
76 0
76 3865.58347138158
76 3865.58347138158
76 0
76 0
76 0
76 31.7251615271088
76 31.7251615271088
76 31.7251615271088
76 1.71441665371288
98 0
98 0.503863500369738
98 0.503863500369738
98 0.503863500369738
98 0.503863500369738
98 0
98 13.1616129621821
98 13.1616129621821
98 0
98 0
98 0
98 0
98 2.79800178136646
98 1990.20325067865
98 1990.20325067865
98 1990.20325067865
98 1.32093028300446
98 661.778127847036
98 0
98 965.936521335843
98 0
98 0.0516608301266333
98 0
98 0
98 0.0166630345103899
98 0.0166630345103899
98 849.025868328005
98 7.22762067691414
98 7.22762067691414
98 7.22762067691414
98 10.1660450972673
98 0
98 1.90187133922965
98 1388.94118284872
98 0
98 0
98 3865.58347138158
98 3865.58347138158
98 0
98 0
98 0
98 31.7251615271088
98 31.7251615271088
98 31.7251615271088
98 1.71441665371288
100 0
100 0.503863500369738
100 0.503863500369738
100 0.503863500369738
100 0.503863500369738
100 0
100 13.1616129621821
100 13.1616129621821
100 0
100 0
100 0
100 0
100 2.79800178136646
100 1990.20325067865
100 1990.20325067865
100 1990.20325067865
100 1.32093028300446
100 661.778127847036
100 0
100 965.936521335843
100 0
100 0.0516608301266333
100 0
100 0
100 0.0166630345103899
100 0.0166630345103899
100 849.025868328005
100 7.22762067691414
100 7.22762067691414
100 7.22762067691414
100 10.1660450972673
100 0
100 1.90187133922965
100 1388.94118284872
100 0
100 0
100 3865.58347138158
100 3865.58347138158
100 0
100 0
100 0
100 31.7251615271088
100 31.7251615271088
100 31.7251615271088
100 1.71441665371288
122 0
122 0.503863500369738
122 0.503863500369738
122 0.503863500369738
122 0.503863500369738
122 0
122 13.1616129621821
122 13.1616129621821
122 0
122 0
122 0
122 0
122 2.79800178136646
122 1990.20325067865
122 1990.20325067865
122 1990.20325067865
122 1.32093028300446
122 661.778127847036
122 0
122 965.936521335843
122 0
122 0.0516608301266333
122 0
122 0
122 0.0166630345103899
122 0.0166630345103899
122 849.025868328005
122 7.22762067691414
122 7.22762067691414
122 7.22762067691414
122 10.1660450972673
122 0
122 1.90187133922965
122 1388.94118284872
122 0
122 0
122 3865.58347138158
122 3865.58347138158
122 0
122 0
122 0
122 31.7251615271088
122 31.7251615271088
122 31.7251615271088
122 1.71441665371288
130 0
130 0.503863500369738
130 0.503863500369738
130 0.503863500369738
130 0.503863500369738
130 0
130 13.1616129621821
130 13.1616129621821
130 0
130 0
130 0
130 0
130 2.79800178136646
130 1990.20325067865
130 1990.20325067865
130 1990.20325067865
130 1.32093028300446
130 661.778127847036
130 0
130 965.936521335843
130 0
130 0.0516608301266333
130 0
130 0
130 0.0166630345103899
130 0.0166630345103899
130 849.025868328005
130 7.22762067691414
130 7.22762067691414
130 7.22762067691414
130 10.1660450972673
130 0
130 1.90187133922965
130 1388.94118284872
130 0
130 0
130 3865.58347138158
130 3865.58347138158
130 0
130 0
130 0
130 31.7251615271088
130 31.7251615271088
130 31.7251615271088
130 1.71441665371288
152 0
152 0.503863500369738
152 0.503863500369738
152 0.503863500369738
152 0.503863500369738
152 0
152 13.1616129621821
152 13.1616129621821
152 0
152 0
152 0
152 0
152 2.79800178136646
152 1990.20325067865
152 1990.20325067865
152 1990.20325067865
152 1.32093028300446
152 661.778127847036
152 0
152 965.936521335843
152 0
152 0.0516608301266333
152 0
152 0
152 0.0166630345103899
152 0.0166630345103899
152 849.025868328005
152 7.22762067691414
152 7.22762067691414
152 7.22762067691414
152 10.1660450972673
152 0
152 1.90187133922965
152 1388.94118284872
152 0
152 0
152 3865.58347138158
152 3865.58347138158
152 0
152 0
152 0
152 31.7251615271088
152 31.7251615271088
152 31.7251615271088
152 1.71441665371288
155 0
155 0.503863500369738
155 0.503863500369738
155 0.503863500369738
155 0.503863500369738
155 0
155 13.1616129621821
155 13.1616129621821
155 0
155 0
155 0
155 0
155 2.79800178136646
155 1990.20325067865
155 1990.20325067865
155 1990.20325067865
155 1.32093028300446
155 661.778127847036
155 0
155 965.936521335843
155 0
155 0.0516608301266333
155 0
155 0
155 0.0166630345103899
155 0.0166630345103899
155 849.025868328005
155 7.22762067691414
155 7.22762067691414
155 7.22762067691414
155 10.1660450972673
155 0
155 1.90187133922965
155 1388.94118284872
155 0
155 0
155 3865.58347138158
155 3865.58347138158
155 0
155 0
155 0
155 31.7251615271088
155 31.7251615271088
155 31.7251615271088
155 1.71441665371288
171 0
171 0.503863500369738
171 0.503863500369738
171 0.503863500369738
171 0.503863500369738
171 0
171 13.1616129621821
171 13.1616129621821
171 0
171 0
171 0
171 0
171 2.79800178136646
171 1990.20325067865
171 1990.20325067865
171 1990.20325067865
171 1.32093028300446
171 661.778127847036
171 0
171 965.936521335843
171 0
171 0.0516608301266333
171 0
171 0
171 0.0166630345103899
171 0.0166630345103899
171 849.025868328005
171 7.22762067691414
171 7.22762067691414
171 7.22762067691414
171 10.1660450972673
171 0
171 1.90187133922965
171 1388.94118284872
171 0
171 0
171 3865.58347138158
171 3865.58347138158
171 0
171 0
171 0
171 31.7251615271088
171 31.7251615271088
171 31.7251615271088
171 1.71441665371288
173 0
173 0.503863500369738
173 0.503863500369738
173 0.503863500369738
173 0.503863500369738
173 0
173 13.1616129621821
173 13.1616129621821
173 0
173 0
173 0
173 0
173 2.79800178136646
173 1990.20325067865
173 1990.20325067865
173 1990.20325067865
173 1.32093028300446
173 661.778127847036
173 0
173 965.936521335843
173 0
173 0.0516608301266333
173 0
173 0
173 0.0166630345103899
173 0.0166630345103899
173 849.025868328005
173 7.22762067691414
173 7.22762067691414
173 7.22762067691414
173 10.1660450972673
173 0
173 1.90187133922965
173 1388.94118284872
173 0
173 0
173 3865.58347138158
173 3865.58347138158
173 0
173 0
173 0
173 31.7251615271088
173 31.7251615271088
173 31.7251615271088
173 1.71441665371288
192 0
192 0.503863500369738
192 0.503863500369738
192 0.503863500369738
192 0.503863500369738
192 0
192 13.1616129621821
192 13.1616129621821
192 0
192 0
192 0
192 0
192 2.79800178136646
192 1990.20325067865
192 1990.20325067865
192 1990.20325067865
192 1.32093028300446
192 661.778127847036
192 0
192 965.936521335843
192 0
192 0.0516608301266333
192 0
192 0
192 0.0166630345103899
192 0.0166630345103899
192 849.025868328005
192 7.22762067691414
192 7.22762067691414
192 7.22762067691414
192 10.1660450972673
192 0
192 1.90187133922965
192 1388.94118284872
192 0
192 0
192 3865.58347138158
192 3865.58347138158
192 0
192 0
192 0
192 31.7251615271088
192 31.7251615271088
192 31.7251615271088
192 1.71441665371288
214 0
214 0.503863500369738
214 0.503863500369738
214 0.503863500369738
214 0.503863500369738
214 0
214 13.1616129621821
214 13.1616129621821
214 0
214 0
214 0
214 0
214 2.79800178136646
214 1990.20325067865
214 1990.20325067865
214 1990.20325067865
214 1.32093028300446
214 661.778127847036
214 0
214 965.936521335843
214 0
214 0.0516608301266333
214 0
214 0
214 0.0166630345103899
214 0.0166630345103899
214 849.025868328005
214 7.22762067691414
214 7.22762067691414
214 7.22762067691414
214 10.1660450972673
214 0
214 1.90187133922965
214 1388.94118284872
214 0
214 0
214 3865.58347138158
214 3865.58347138158
214 0
214 0
214 0
214 31.7251615271088
214 31.7251615271088
214 31.7251615271088
214 1.71441665371288
272 0
272 0.503863500369738
272 0.503863500369738
272 0.503863500369738
272 0.503863500369738
272 0
272 13.1616129621821
272 13.1616129621821
272 0
272 0
272 0
272 0
272 2.79800178136646
272 1990.20325067865
272 1990.20325067865
272 1990.20325067865
272 1.32093028300446
272 661.778127847036
272 0
272 965.936521335843
272 0
272 0.0516608301266333
272 0
272 0
272 0.0166630345103899
272 0.0166630345103899
272 849.025868328005
272 7.22762067691414
272 7.22762067691414
272 7.22762067691414
272 10.1660450972673
272 0
272 1.90187133922965
272 1388.94118284872
272 0
272 0
272 3865.58347138158
272 3865.58347138158
272 0
272 0
272 0
272 31.7251615271088
272 31.7251615271088
272 31.7251615271088
272 1.71441665371288
398 0
398 0.503863500369738
398 0.503863500369738
398 0.503863500369738
398 0.503863500369738
398 0
398 13.1616129621821
398 13.1616129621821
398 0
398 0
398 0
398 0
398 2.79800178136646
398 1990.20325067865
398 1990.20325067865
398 1990.20325067865
398 1.32093028300446
398 661.778127847036
398 0
398 965.936521335843
398 0
398 0.0516608301266333
398 0
398 0
398 0.0166630345103899
398 0.0166630345103899
398 849.025868328005
398 7.22762067691414
398 7.22762067691414
398 7.22762067691414
398 10.1660450972673
398 0
398 1.90187133922965
398 1388.94118284872
398 0
398 0
398 3865.58347138158
398 3865.58347138158
398 0
398 0
398 0
398 31.7251615271088
398 31.7251615271088
398 31.7251615271088
398 1.71441665371288
472 0
472 0.503863500369738
472 0.503863500369738
472 0.503863500369738
472 0.503863500369738
472 0
472 13.1616129621821
472 13.1616129621821
472 0
472 0
472 0
472 0
472 2.79800178136646
472 1990.20325067865
472 1990.20325067865
472 1990.20325067865
472 1.32093028300446
472 661.778127847036
472 0
472 965.936521335843
472 0
472 0.0516608301266333
472 0
472 0
472 0.0166630345103899
472 0.0166630345103899
472 849.025868328005
472 7.22762067691414
472 7.22762067691414
472 7.22762067691414
472 10.1660450972673
472 0
472 1.90187133922965
472 1388.94118284872
472 0
472 0
472 3865.58347138158
472 3865.58347138158
472 0
472 0
472 0
472 31.7251615271088
472 31.7251615271088
472 31.7251615271088
472 1.71441665371288
476 0
476 0.503863500369738
476 0.503863500369738
476 0.503863500369738
476 0.503863500369738
476 0
476 13.1616129621821
476 13.1616129621821
476 0
476 0
476 0
476 0
476 2.79800178136646
476 1990.20325067865
476 1990.20325067865
476 1990.20325067865
476 1.32093028300446
476 661.778127847036
476 0
476 965.936521335843
476 0
476 0.0516608301266333
476 0
476 0
476 0.0166630345103899
476 0.0166630345103899
476 849.025868328005
476 7.22762067691414
476 7.22762067691414
476 7.22762067691414
476 10.1660450972673
476 0
476 1.90187133922965
476 1388.94118284872
476 0
476 0
476 3865.58347138158
476 3865.58347138158
476 0
476 0
476 0
476 31.7251615271088
476 31.7251615271088
476 31.7251615271088
476 1.71441665371288
520 0
520 0.503863500369738
520 0.503863500369738
520 0.503863500369738
520 0.503863500369738
520 0
520 13.1616129621821
520 13.1616129621821
520 0
520 0
520 0
520 0
520 2.79800178136646
520 1990.20325067865
520 1990.20325067865
520 1990.20325067865
520 1.32093028300446
520 661.778127847036
520 0
520 965.936521335843
520 0
520 0.0516608301266333
520 0
520 0
520 0.0166630345103899
520 0.0166630345103899
520 849.025868328005
520 7.22762067691414
520 7.22762067691414
520 7.22762067691414
520 10.1660450972673
520 0
520 1.90187133922965
520 1388.94118284872
520 0
520 0
520 3865.58347138158
520 3865.58347138158
520 0
520 0
520 0
520 31.7251615271088
520 31.7251615271088
520 31.7251615271088
520 1.71441665371288
612 0
612 0.503863500369738
612 0.503863500369738
612 0.503863500369738
612 0.503863500369738
612 0
612 13.1616129621821
612 13.1616129621821
612 0
612 0
612 0
612 0
612 2.79800178136646
612 1990.20325067865
612 1990.20325067865
612 1990.20325067865
612 1.32093028300446
612 661.778127847036
612 0
612 965.936521335843
612 0
612 0.0516608301266333
612 0
612 0
612 0.0166630345103899
612 0.0166630345103899
612 849.025868328005
612 7.22762067691414
612 7.22762067691414
612 7.22762067691414
612 10.1660450972673
612 0
612 1.90187133922965
612 1388.94118284872
612 0
612 0
612 3865.58347138158
612 3865.58347138158
612 0
612 0
612 0
612 31.7251615271088
612 31.7251615271088
612 31.7251615271088
612 1.71441665371288
645 0
645 0.503863500369738
645 0.503863500369738
645 0.503863500369738
645 0.503863500369738
645 0
645 13.1616129621821
645 13.1616129621821
645 0
645 0
645 0
645 0
645 2.79800178136646
645 1990.20325067865
645 1990.20325067865
645 1990.20325067865
645 1.32093028300446
645 661.778127847036
645 0
645 965.936521335843
645 0
645 0.0516608301266333
645 0
645 0
645 0.0166630345103899
645 0.0166630345103899
645 849.025868328005
645 7.22762067691414
645 7.22762067691414
645 7.22762067691414
645 10.1660450972673
645 0
645 1.90187133922965
645 1388.94118284872
645 0
645 0
645 3865.58347138158
645 3865.58347138158
645 0
645 0
645 0
645 31.7251615271088
645 31.7251615271088
645 31.7251615271088
645 1.71441665371288
649 0
649 0.503863500369738
649 0.503863500369738
649 0.503863500369738
649 0.503863500369738
649 0
649 13.1616129621821
649 13.1616129621821
649 0
649 0
649 0
649 0
649 2.79800178136646
649 1990.20325067865
649 1990.20325067865
649 1990.20325067865
649 1.32093028300446
649 661.778127847036
649 0
649 965.936521335843
649 0
649 0.0516608301266333
649 0
649 0
649 0.0166630345103899
649 0.0166630345103899
649 849.025868328005
649 7.22762067691414
649 7.22762067691414
649 7.22762067691414
649 10.1660450972673
649 0
649 1.90187133922965
649 1388.94118284872
649 0
649 0
649 3865.58347138158
649 3865.58347138158
649 0
649 0
649 0
649 31.7251615271088
649 31.7251615271088
649 31.7251615271088
649 1.71441665371288
