pt_graph shape
883 1
883 1
883 1
883 1
883 1
883 1
883 1
883 1
883 1
883 1
883 1
883 1
883 1
883 1
883 1
883 1
883 1
883 1
883 1
883 1
883 1
883 1
883 1
883 1
883 1
883 1
883 1
883 1
883 1
883 1
883 1
883 1
883 1
883 1
883 1
883 1
883 1
883 1
883 1
883 1
883 1
883 1
883 1
883 1
883 1
1413 1
1413 1
1413 1
1413 1
1413 1
1413 1
1413 1
1413 1
1413 1
1413 1
1413 1
1413 1
1413 1
1413 1
1413 1
1413 1
1413 1
1413 1
1413 1
1413 1
1413 1
1413 1
1413 1
1413 1
1413 1
1413 1
1413 1
1413 1
1413 1
1413 1
1413 1
1413 1
1413 1
1413 1
1413 1
1413 1
1413 1
1413 1
1413 1
1413 1
1413 1
1413 1
1413 1
1413 1
1413 1
1834 1
1834 1
1834 1
1834 1
1834 1
1834 1
1834 1
1834 1
1834 1
1834 1
1834 1
1834 1
1834 1
1834 1
1834 1
1834 1
1834 1
1834 1
1834 1
1834 1
1834 1
1834 1
1834 1
1834 1
1834 1
1834 1
1834 1
1834 1
1834 1
1834 1
1834 1
1834 1
1834 1
1834 1
1834 1
1834 1
1834 1
1834 1
1834 1
1834 1
1834 1
1834 1
1834 1
1834 1
1834 1
1914 1
1914 1
1914 1
1914 1
1914 1
1914 1
1914 1
1914 1
1914 1
1914 1
1914 1
1914 1
1914 1
1914 1
1914 1
1914 1
1914 1
1914 1
1914 1
1914 1
1914 1
1914 1
1914 1
1914 1
1914 1
1914 1
1914 1
1914 1
1914 1
1914 1
1914 1
1914 1
1914 1
1914 1
1914 1
1914 1
1914 1
1914 1
1914 1
1914 1
1914 1
1914 1
1914 1
1914 1
1914 1
1915 1
1915 1
1915 1
1915 1
1915 1
1915 1
1915 1
1915 1
1915 1
1915 1
1915 1
1915 1
1915 1
1915 1
1915 1
1915 1
1915 1
1915 1
1915 1
1915 1
1915 1
1915 1
1915 1
1915 1
1915 1
1915 1
1915 1
1915 1
1915 1
1915 1
1915 1
1915 1
1915 1
1915 1
1915 1
1915 1
1915 1
1915 1
1915 1
1915 1
1915 1
1915 1
1915 1
1915 1
1915 1
1962 1
1962 1
1962 1
1962 1
1962 1
1962 1
1962 1
1962 1
1962 1
1962 1
1962 1
1962 1
1962 1
1962 1
1962 1
1962 1
1962 1
1962 1
1962 1
1962 1
1962 1
1962 1
1962 1
1962 1
1962 1
1962 1
1962 1
1962 1
1962 1
1962 1
1962 1
1962 1
1962 1
1962 1
1962 1
1962 1
1962 1
1962 1
1962 1
1962 1
1962 1
1962 1
1962 1
1962 1
1962 1
1920 1
1920 1
1920 1
1920 1
1920 1
1920 1
1920 1
1920 1
1920 1
1920 1
1920 1
1920 1
1920 1
1920 1
1920 1
1920 1
1920 1
1920 1
1920 1
1920 1
1920 1
1920 1
1920 1
1920 1
1920 1
1920 1
1920 1
1920 1
1920 1
1920 1
1920 1
1920 1
1920 1
1920 1
1920 1
1920 1
1920 1
1920 1
1920 1
1920 1
1920 1
1920 1
1920 1
1920 1
1920 1
1997 1
1997 1
1997 1
1997 1
1997 1
1997 1
1997 1
1997 1
1997 1
1997 1
1997 1
1997 1
1997 1
1997 1
1997 1
1997 1
1997 1
1997 1
1997 1
1997 1
1997 1
1997 1
1997 1
1997 1
1997 1
1997 1
1997 1
1997 1
1997 1
1997 1
1997 1
1997 1
1997 1
1997 1
1997 1
1997 1
1997 1
1997 1
1997 1
1997 1
1997 1
1997 1
1997 1
1997 1
1997 1
2000 1
2000 1
2000 1
2000 1
2000 1
2000 1
2000 1
2000 1
2000 1
2000 1
2000 1
2000 1
2000 1
2000 1
2000 1
2000 1
2000 1
2000 1
2000 1
2000 1
2000 1
2000 1
2000 1
2000 1
2000 1
2000 1
2000 1
2000 1
2000 1
2000 1
2000 1
2000 1
2000 1
2000 1
2000 1
2000 1
2000 1
2000 1
2000 1
2000 1
2000 1
2000 1
2000 1
2000 1
2000 1
2250 1
2250 1
2250 1
2250 1
2250 1
2250 1
2250 1
2250 1
2250 1
2250 1
2250 1
2250 1
2250 1
2250 1
2250 1
2250 1
2250 1
2250 1
2250 1
2250 1
2250 1
2250 1
2250 1
2250 1
2250 1
2250 1
2250 1
2250 1
2250 1
2250 1
2250 1
2250 1
2250 1
2250 1
2250 1
2250 1
2250 1
2250 1
2250 1
2250 1
2250 1
2250 1
2250 1
2250 1
2250 1
2296 1
2296 1
2296 1
2296 1
2296 1
2296 1
2296 1
2296 1
2296 1
2296 1
2296 1
2296 1
2296 1
2296 1
2296 1
2296 1
2296 1
2296 1
2296 1
2296 1
2296 1
2296 1
2296 1
2296 1
2296 1
2296 1
2296 1
2296 1
2296 1
2296 1
2296 1
2296 1
2296 1
2296 1
2296 1
2296 1
2296 1
2296 1
2296 1
2296 1
2296 1
2296 1
2296 1
2296 1
2296 1
2502 1
2502 1
2502 1
2502 1
2502 1
2502 1
2502 1
2502 1
2502 1
2502 1
2502 1
2502 1
2502 1
2502 1
2502 1
2502 1
2502 1
2502 1
2502 1
2502 1
2502 1
2502 1
2502 1
2502 1
2502 1
2502 1
2502 1
2502 1
2502 1
2502 1
2502 1
2502 1
2502 1
2502 1
2502 1
2502 1
2502 1
2502 1
2502 1
2502 1
2502 1
2502 1
2502 1
2502 1
2502 1
2566 1
2566 1
2566 1
2566 1
2566 1
2566 1
2566 1
2566 1
2566 1
2566 1
2566 1
2566 1
2566 1
2566 1
2566 1
2566 1
2566 1
2566 1
2566 1
2566 1
2566 1
2566 1
2566 1
2566 1
2566 1
2566 1
2566 1
2566 1
2566 1
2566 1
2566 1
2566 1
2566 1
2566 1
2566 1
2566 1
2566 1
2566 1
2566 1
2566 1
2566 1
2566 1
2566 1
2566 1
2566 1
2650 1
2650 1
2650 1
2650 1
2650 1
2650 1
2650 1
2650 1
2650 1
2650 1
2650 1
2650 1
2650 1
2650 1
2650 1
2650 1
2650 1
2650 1
2650 1
2650 1
2650 1
2650 1
2650 1
2650 1
2650 1
2650 1
2650 1
2650 1
2650 1
2650 1
2650 1
2650 1
2650 1
2650 1
2650 1
2650 1
2650 1
2650 1
2650 1
2650 1
2650 1
2650 1
2650 1
2650 1
2650 1
2652 1
2652 1
2652 1
2652 1
2652 1
2652 1
2652 1
2652 1
2652 1
2652 1
2652 1
2652 1
2652 1
2652 1
2652 1
2652 1
2652 1
2652 1
2652 1
2652 1
2652 1
2652 1
2652 1
2652 1
2652 1
2652 1
2652 1
2652 1
2652 1
2652 1
2652 1
2652 1
2652 1
2652 1
2652 1
2652 1
2652 1
2652 1
2652 1
2652 1
2652 1
2652 1
2652 1
2652 1
2652 1
2732 1
2732 1
2732 1
2732 1
2732 1
2732 1
2732 1
2732 1
2732 1
2732 1
2732 1
2732 1
2732 1
2732 1
2732 1
2732 1
2732 1
2732 1
2732 1
2732 1
2732 1
2732 1
2732 1
2732 1
2732 1
2732 1
2732 1
2732 1
2732 1
2732 1
2732 1
2732 1
2732 1
2732 1
2732 1
2732 1
2732 1
2732 1
2732 1
2732 1
2732 1
2732 1
2732 1
2732 1
2732 1
2734 1
2734 1
2734 1
2734 1
2734 1
2734 1
2734 1
2734 1
2734 1
2734 1
2734 1
2734 1
2734 1
2734 1
2734 1
2734 1
2734 1
2734 1
2734 1
2734 1
2734 1
2734 1
2734 1
2734 1
2734 1
2734 1
2734 1
2734 1
2734 1
2734 1
2734 1
2734 1
2734 1
2734 1
2734 1
2734 1
2734 1
2734 1
2734 1
2734 1
2734 1
2734 1
2734 1
2734 1
2734 1
2735 1
2735 1
2735 1
2735 1
2735 1
2735 1
2735 1
2735 1
2735 1
2735 1
2735 1
2735 1
2735 1
2735 1
2735 1
2735 1
2735 1
2735 1
2735 1
2735 1
2735 1
2735 1
2735 1
2735 1
2735 1
2735 1
2735 1
2735 1
2735 1
2735 1
2735 1
2735 1
2735 1
2735 1
2735 1
2735 1
2735 1
2735 1
2735 1
2735 1
2735 1
2735 1
2735 1
2735 1
2735 1
2775 1
2775 1
2775 1
2775 1
2775 1
2775 1
2775 1
2775 1
2775 1
2775 1
2775 1
2775 1
2775 1
2775 1
2775 1
2775 1
2775 1
2775 1
2775 1
2775 1
2775 1
2775 1
2775 1
2775 1
2775 1
2775 1
2775 1
2775 1
2775 1
2775 1
2775 1
2775 1
2775 1
2775 1
2775 1
2775 1
2775 1
2775 1
2775 1
2775 1
2775 1
2775 1
2775 1
2775 1
2775 1
2813 1
2813 1
2813 1
2813 1
2813 1
2813 1
2813 1
2813 1
2813 1
2813 1
2813 1
2813 1
2813 1
2813 1
2813 1
2813 1
2813 1
2813 1
2813 1
2813 1
2813 1
2813 1
2813 1
2813 1
2813 1
2813 1
2813 1
2813 1
2813 1
2813 1
2813 1
2813 1
2813 1
2813 1
2813 1
2813 1
2813 1
2813 1
2813 1
2813 1
2813 1
2813 1
2813 1
2813 1
2813 1
2815 1
2815 1
2815 1
2815 1
2815 1
2815 1
2815 1
2815 1
2815 1
2815 1
2815 1
2815 1
2815 1
2815 1
2815 1
2815 1
2815 1
2815 1
2815 1
2815 1
2815 1
2815 1
2815 1
2815 1
2815 1
2815 1
2815 1
2815 1
2815 1
2815 1
2815 1
2815 1
2815 1
2815 1
2815 1
2815 1
2815 1
2815 1
2815 1
2815 1
2815 1
2815 1
2815 1
2815 1
2815 1
2816 1
2816 1
2816 1
2816 1
2816 1
2816 1
2816 1
2816 1
2816 1
2816 1
2816 1
2816 1
2816 1
2816 1
2816 1
2816 1
2816 1
2816 1
2816 1
2816 1
2816 1
2816 1
2816 1
2816 1
2816 1
2816 1
2816 1
2816 1
2816 1
2816 1
2816 1
2816 1
2816 1
2816 1
2816 1
2816 1
2816 1
2816 1
2816 1
2816 1
2816 1
2816 1
2816 1
2816 1
2816 1
2834 1
2834 1
2834 1
2834 1
2834 1
2834 1
2834 1
2834 1
2834 1
2834 1
2834 1
2834 1
2834 1
2834 1
2834 1
2834 1
2834 1
2834 1
2834 1
2834 1
2834 1
2834 1
2834 1
2834 1
2834 1
2834 1
2834 1
2834 1
2834 1
2834 1
2834 1
2834 1
2834 1
2834 1
2834 1
2834 1
2834 1
2834 1
2834 1
2834 1
2834 1
2834 1
2834 1
2834 1
2834 1
2899 1
2899 1
2899 1
2899 1
2899 1
2899 1
2899 1
2899 1
2899 1
2899 1
2899 1
2899 1
2899 1
2899 1
2899 1
2899 1
2899 1
2899 1
2899 1
2899 1
2899 1
2899 1
2899 1
2899 1
2899 1
2899 1
2899 1
2899 1
2899 1
2899 1
2899 1
2899 1
2899 1
2899 1
2899 1
2899 1
2899 1
2899 1
2899 1
2899 1
2899 1
2899 1
2899 1
2899 1
2899 1
2965 1
2965 1
2965 1
2965 1
2965 1
2965 1
2965 1
2965 1
2965 1
2965 1
2965 1
2965 1
2965 1
2965 1
2965 1
2965 1
2965 1
2965 1
2965 1
2965 1
2965 1
2965 1
2965 1
2965 1
2965 1
2965 1
2965 1
2965 1
2965 1
2965 1
2965 1
2965 1
2965 1
2965 1
2965 1
2965 1
2965 1
2965 1
2965 1
2965 1
2965 1
2965 1
2965 1
2965 1
2965 1
2974 1
2974 1
2974 1
2974 1
2974 1
2974 1
2974 1
2974 1
2974 1
2974 1
2974 1
2974 1
2974 1
2974 1
2974 1
2974 1
2974 1
2974 1
2974 1
2974 1
2974 1
2974 1
2974 1
2974 1
2974 1
2974 1
2974 1
2974 1
2974 1
2974 1
2974 1
2974 1
2974 1
2974 1
2974 1
2974 1
2974 1
2974 1
2974 1
2974 1
2974 1
2974 1
2974 1
2974 1
2974 1
3086 1
3086 1
3086 1
3086 1
3086 1
3086 1
3086 1
3086 1
3086 1
3086 1
3086 1
3086 1
3086 1
3086 1
3086 1
3086 1
3086 1
3086 1
3086 1
3086 1
3086 1
3086 1
3086 1
3086 1
3086 1
3086 1
3086 1
3086 1
3086 1
3086 1
3086 1
3086 1
3086 1
3086 1
3086 1
3086 1
3086 1
3086 1
3086 1
3086 1
3086 1
3086 1
3086 1
3086 1
3086 1
3085 1
3085 1
3085 1
3085 1
3085 1
3085 1
3085 1
3085 1
3085 1
3085 1
3085 1
3085 1
3085 1
3085 1
3085 1
3085 1
3085 1
3085 1
3085 1
3085 1
3085 1
3085 1
3085 1
3085 1
3085 1
3085 1
3085 1
3085 1
3085 1
3085 1
3085 1
3085 1
3085 1
3085 1
3085 1
3085 1
3085 1
3085 1
3085 1
3085 1
3085 1
3085 1
3085 1
3085 1
3085 1
9751 1
9751 1
9751 1
9751 1
9751 1
9751 1
9751 1
9751 1
9751 1
9751 1
9751 1
9751 1
9751 1
9751 1
9751 1
9751 1
9751 1
9751 1
9751 1
9751 1
9751 1
9751 1
9751 1
9751 1
9751 1
9751 1
9751 1
9751 1
9751 1
9751 1
9751 1
9751 1
9751 1
9751 1
9751 1
9751 1
9751 1
9751 1
9751 1
9751 1
9751 1
9751 1
9751 1
9751 1
9751 1
3157 1
3157 1
3157 1
3157 1
3157 1
3157 1
3157 1
3157 1
3157 1
3157 1
3157 1
3157 1
3157 1
3157 1
3157 1
3157 1
3157 1
3157 1
3157 1
3157 1
3157 1
3157 1
3157 1
3157 1
3157 1
3157 1
3157 1
3157 1
3157 1
3157 1
3157 1
3157 1
3157 1
3157 1
3157 1
3157 1
3157 1
3157 1
3157 1
3157 1
3157 1
3157 1
3157 1
3157 1
3157 1
3234 1
3234 1
3234 1
3234 1
3234 1
3234 1
3234 1
3234 1
3234 1
3234 1
3234 1
3234 1
3234 1
3234 1
3234 1
3234 1
3234 1
3234 1
3234 1
3234 1
3234 1
3234 1
3234 1
3234 1
3234 1
3234 1
3234 1
3234 1
3234 1
3234 1
3234 1
3234 1
3234 1
3234 1
3234 1
3234 1
3234 1
3234 1
3234 1
3234 1
3234 1
3234 1
3234 1
3234 1
3234 1
3319 1
3319 1
3319 1
3319 1
3319 1
3319 1
3319 1
3319 1
3319 1
3319 1
3319 1
3319 1
3319 1
3319 1
3319 1
3319 1
3319 1
3319 1
3319 1
3319 1
3319 1
3319 1
3319 1
3319 1
3319 1
3319 1
3319 1
3319 1
3319 1
3319 1
3319 1
3319 1
3319 1
3319 1
3319 1
3319 1
3319 1
3319 1
3319 1
3319 1
3319 1
3319 1
3319 1
3319 1
3319 1
4801 1
4801 1
4801 1
4801 1
4801 1
4801 1
4801 1
4801 1
4801 1
4801 1
4801 1
4801 1
4801 1
4801 1
4801 1
4801 1
4801 1
4801 1
4801 1
4801 1
4801 1
4801 1
4801 1
4801 1
4801 1
4801 1
4801 1
4801 1
4801 1
4801 1
4801 1
4801 1
4801 1
4801 1
4801 1
4801 1
4801 1
4801 1
4801 1
4801 1
4801 1
4801 1
4801 1
4801 1
4801 1
4897 1
4897 1
4897 1
4897 1
4897 1
4897 1
4897 1
4897 1
4897 1
4897 1
4897 1
4897 1
4897 1
4897 1
4897 1
4897 1
4897 1
4897 1
4897 1
4897 1
4897 1
4897 1
4897 1
4897 1
4897 1
4897 1
4897 1
4897 1
4897 1
4897 1
4897 1
4897 1
4897 1
4897 1
4897 1
4897 1
4897 1
4897 1
4897 1
4897 1
4897 1
4897 1
4897 1
4897 1
4897 1
4894 1
4894 1
4894 1
4894 1
4894 1
4894 1
4894 1
4894 1
4894 1
4894 1
4894 1
4894 1
4894 1
4894 1
4894 1
4894 1
4894 1
4894 1
4894 1
4894 1
4894 1
4894 1
4894 1
4894 1
4894 1
4894 1
4894 1
4894 1
4894 1
4894 1
4894 1
4894 1
4894 1
4894 1
4894 1
4894 1
4894 1
4894 1
4894 1
4894 1
4894 1
4894 1
4894 1
4894 1
4894 1
4890 1
4890 1
4890 1
4890 1
4890 1
4890 1
4890 1
4890 1
4890 1
4890 1
4890 1
4890 1
4890 1
4890 1
4890 1
4890 1
4890 1
4890 1
4890 1
4890 1
4890 1
4890 1
4890 1
4890 1
4890 1
4890 1
4890 1
4890 1
4890 1
4890 1
4890 1
4890 1
4890 1
4890 1
4890 1
4890 1
4890 1
4890 1
4890 1
4890 1
4890 1
4890 1
4890 1
4890 1
4890 1
4987 1
4987 1
4987 1
4987 1
4987 1
4987 1
4987 1
4987 1
4987 1
4987 1
4987 1
4987 1
4987 1
4987 1
4987 1
4987 1
4987 1
4987 1
4987 1
4987 1
4987 1
4987 1
4987 1
4987 1
4987 1
4987 1
4987 1
4987 1
4987 1
4987 1
4987 1
4987 1
4987 1
4987 1
4987 1
4987 1
4987 1
4987 1
4987 1
4987 1
4987 1
4987 1
4987 1
4987 1
4987 1
4982 1
4982 1
4982 1
4982 1
4982 1
4982 1
4982 1
4982 1
4982 1
4982 1
4982 1
4982 1
4982 1
4982 1
4982 1
4982 1
4982 1
4982 1
4982 1
4982 1
4982 1
4982 1
4982 1
4982 1
4982 1
4982 1
4982 1
4982 1
4982 1
4982 1
4982 1
4982 1
4982 1
4982 1
4982 1
4982 1
4982 1
4982 1
4982 1
4982 1
4982 1
4982 1
4982 1
4982 1
4982 1
4981 1
4981 1
4981 1
4981 1
4981 1
4981 1
4981 1
4981 1
4981 1
4981 1
4981 1
4981 1
4981 1
4981 1
4981 1
4981 1
4981 1
4981 1
4981 1
4981 1
4981 1
4981 1
4981 1
4981 1
4981 1
4981 1
4981 1
4981 1
4981 1
4981 1
4981 1
4981 1
4981 1
4981 1
4981 1
4981 1
4981 1
4981 1
4981 1
4981 1
4981 1
4981 1
4981 1
4981 1
4981 1
10342 1
10342 1
10342 1
10342 1
10342 1
10342 1
10342 1
10342 1
10342 1
10342 1
10342 1
10342 1
10342 1
10342 1
10342 1
10342 1
10342 1
10342 1
10342 1
10342 1
10342 1
10342 1
10342 1
10342 1
10342 1
10342 1
10342 1
10342 1
10342 1
10342 1
10342 1
10342 1
10342 1
10342 1
10342 1
10342 1
10342 1
10342 1
10342 1
10342 1
10342 1
10342 1
10342 1
10342 1
10342 1
5165 1
5165 1
5165 1
5165 1
5165 1
5165 1
5165 1
5165 1
5165 1
5165 1
5165 1
5165 1
5165 1
5165 1
5165 1
5165 1
5165 1
5165 1
5165 1
5165 1
5165 1
5165 1
5165 1
5165 1
5165 1
5165 1
5165 1
5165 1
5165 1
5165 1
5165 1
5165 1
5165 1
5165 1
5165 1
5165 1
5165 1
5165 1
5165 1
5165 1
5165 1
5165 1
5165 1
5165 1
5165 1
5430 1
5430 1
5430 1
5430 1
5430 1
5430 1
5430 1
5430 1
5430 1
5430 1
5430 1
5430 1
5430 1
5430 1
5430 1
5430 1
5430 1
5430 1
5430 1
5430 1
5430 1
5430 1
5430 1
5430 1
5430 1
5430 1
5430 1
5430 1
5430 1
5430 1
5430 1
5430 1
5430 1
5430 1
5430 1
5430 1
5430 1
5430 1
5430 1
5430 1
5430 1
5430 1
5430 1
5430 1
5430 1
