pt_graph cpue_kghour
5635 0
5635 44.3344733205023
5635 44.3344733205023
5635 44.3344733205023
5635 44.3344733205023
5635 0
5635 0.71944417634327
5635 0.71944417634327
5635 0
5635 0
5635 0
5635 0
5635 23.0797688911011
5635 0
5635 0
5635 0
5635 94.7685205602473
5635 1.42552439822874
5635 1.36836456976286
5635 0.779599117221135
5635 0
5635 2.5387698967785
5635 0
5635 0
5635 0
5635 0
5635 0
5635 3.27987893311476
5635 3.27987893311476
5635 3.27987893311476
5635 34.2414771789027
5635 0
5635 0
5635 0
5635 0
5635 0
5635 0
5635 0
5635 0.32782084085723
5635 0.32782084085723
5635 0.32782084085723
5635 2.21616975645239
5635 2.21616975645239
5635 2.21616975645239
5635 1.19346172256582
5723 0
5723 44.3344733205023
5723 44.3344733205023
5723 44.3344733205023
5723 44.3344733205023
5723 0
5723 0.71944417634327
5723 0.71944417634327
5723 0
5723 0
5723 0
5723 0
5723 23.0797688911011
5723 0
5723 0
5723 0
5723 94.7685205602473
5723 1.42552439822874
5723 1.36836456976286
5723 0.779599117221135
5723 0
5723 2.5387698967785
5723 0
5723 0
5723 0
5723 0
5723 0
5723 3.27987893311476
5723 3.27987893311476
5723 3.27987893311476
5723 34.2414771789027
5723 0
5723 0
5723 0
5723 0
5723 0
5723 0
5723 0
5723 0.32782084085723
5723 0.32782084085723
5723 0.32782084085723
5723 2.21616975645239
5723 2.21616975645239
5723 2.21616975645239
5723 1.19346172256582
6302 0
6302 44.3344733205023
6302 44.3344733205023
6302 44.3344733205023
6302 44.3344733205023
6302 0
6302 0.71944417634327
6302 0.71944417634327
6302 0
6302 0
6302 0
6302 0
6302 23.0797688911011
6302 0
6302 0
6302 0
6302 94.7685205602473
6302 1.42552439822874
6302 1.36836456976286
6302 0.779599117221135
6302 0
6302 2.5387698967785
6302 0
6302 0
6302 0
6302 0
6302 0
6302 3.27987893311476
6302 3.27987893311476
6302 3.27987893311476
6302 34.2414771789027
6302 0
6302 0
6302 0
6302 0
6302 0
6302 0
6302 0
6302 0.32782084085723
6302 0.32782084085723
6302 0.32782084085723
6302 2.21616975645239
6302 2.21616975645239
6302 2.21616975645239
6302 1.19346172256582
6554 0
6554 44.3344733205023
6554 44.3344733205023
6554 44.3344733205023
6554 44.3344733205023
6554 0
6554 0.71944417634327
6554 0.71944417634327
6554 0
6554 0
6554 0
6554 0
6554 23.0797688911011
6554 0
6554 0
6554 0
6554 94.7685205602473
6554 1.42552439822874
6554 1.36836456976286
6554 0.779599117221135
6554 0
6554 2.5387698967785
6554 0
6554 0
6554 0
6554 0
6554 0
6554 3.27987893311476
6554 3.27987893311476
6554 3.27987893311476
6554 34.2414771789027
6554 0
6554 0
6554 0
6554 0
6554 0
6554 0
6554 0
6554 0.32782084085723
6554 0.32782084085723
6554 0.32782084085723
6554 2.21616975645239
6554 2.21616975645239
6554 2.21616975645239
6554 1.19346172256582
6406 0
6406 44.3344733205023
6406 44.3344733205023
6406 44.3344733205023
6406 44.3344733205023
6406 0
6406 0.71944417634327
6406 0.71944417634327
6406 0
6406 0
6406 0
6406 0
6406 23.0797688911011
6406 0
6406 0
6406 0
6406 94.7685205602473
6406 1.42552439822874
6406 1.36836456976286
6406 0.779599117221135
6406 0
6406 2.5387698967785
6406 0
6406 0
6406 0
6406 0
6406 0
6406 3.27987893311476
6406 3.27987893311476
6406 3.27987893311476
6406 34.2414771789027
6406 0
6406 0
6406 0
6406 0
6406 0
6406 0
6406 0
6406 0.32782084085723
6406 0.32782084085723
6406 0.32782084085723
6406 2.21616975645239
6406 2.21616975645239
6406 2.21616975645239
6406 1.19346172256582
6560 0
6560 44.3344733205023
6560 44.3344733205023
6560 44.3344733205023
6560 44.3344733205023
6560 0
6560 0.71944417634327
6560 0.71944417634327
6560 0
6560 0
6560 0
6560 0
6560 23.0797688911011
6560 0
6560 0
6560 0
6560 94.7685205602473
6560 1.42552439822874
6560 1.36836456976286
6560 0.779599117221135
6560 0
6560 2.5387698967785
6560 0
6560 0
6560 0
6560 0
6560 0
6560 3.27987893311476
6560 3.27987893311476
6560 3.27987893311476
6560 34.2414771789027
6560 0
6560 0
6560 0
6560 0
6560 0
6560 0
6560 0
6560 0.32782084085723
6560 0.32782084085723
6560 0.32782084085723
6560 2.21616975645239
6560 2.21616975645239
6560 2.21616975645239
6560 1.19346172256582
6561 0
6561 44.3344733205023
6561 44.3344733205023
6561 44.3344733205023
6561 44.3344733205023
6561 0
6561 0.71944417634327
6561 0.71944417634327
6561 0
6561 0
6561 0
6561 0
6561 23.0797688911011
6561 0
6561 0
6561 0
6561 94.7685205602473
6561 1.42552439822874
6561 1.36836456976286
6561 0.779599117221135
6561 0
6561 2.5387698967785
6561 0
6561 0
6561 0
6561 0
6561 0
6561 3.27987893311476
6561 3.27987893311476
6561 3.27987893311476
6561 34.2414771789027
6561 0
6561 0
6561 0
6561 0
6561 0
6561 0
6561 0
6561 0.32782084085723
6561 0.32782084085723
6561 0.32782084085723
6561 2.21616975645239
6561 2.21616975645239
6561 2.21616975645239
6561 1.19346172256582
6637 0
6637 44.3344733205023
6637 44.3344733205023
6637 44.3344733205023
6637 44.3344733205023
6637 0
6637 0.71944417634327
6637 0.71944417634327
6637 0
6637 0
6637 0
6637 0
6637 23.0797688911011
6637 0
6637 0
6637 0
6637 94.7685205602473
6637 1.42552439822874
6637 1.36836456976286
6637 0.779599117221135
6637 0
6637 2.5387698967785
6637 0
6637 0
6637 0
6637 0
6637 0
6637 3.27987893311476
6637 3.27987893311476
6637 3.27987893311476
6637 34.2414771789027
6637 0
6637 0
6637 0
6637 0
6637 0
6637 0
6637 0
6637 0.32782084085723
6637 0.32782084085723
6637 0.32782084085723
6637 2.21616975645239
6637 2.21616975645239
6637 2.21616975645239
6637 1.19346172256582
6579 0
6579 44.3344733205023
6579 44.3344733205023
6579 44.3344733205023
6579 44.3344733205023
6579 0
6579 0.71944417634327
6579 0.71944417634327
6579 0
6579 0
6579 0
6579 0
6579 23.0797688911011
6579 0
6579 0
6579 0
6579 94.7685205602473
6579 1.42552439822874
6579 1.36836456976286
6579 0.779599117221135
6579 0
6579 2.5387698967785
6579 0
6579 0
6579 0
6579 0
6579 0
6579 3.27987893311476
6579 3.27987893311476
6579 3.27987893311476
6579 34.2414771789027
6579 0
6579 0
6579 0
6579 0
6579 0
6579 0
6579 0
6579 0.32782084085723
6579 0.32782084085723
6579 0.32782084085723
6579 2.21616975645239
6579 2.21616975645239
6579 2.21616975645239
6579 1.19346172256582
6580 0
6580 44.3344733205023
6580 44.3344733205023
6580 44.3344733205023
6580 44.3344733205023
6580 0
6580 0.71944417634327
6580 0.71944417634327
6580 0
6580 0
6580 0
6580 0
6580 23.0797688911011
6580 0
6580 0
6580 0
6580 94.7685205602473
6580 1.42552439822874
6580 1.36836456976286
6580 0.779599117221135
6580 0
6580 2.5387698967785
6580 0
6580 0
6580 0
6580 0
6580 0
6580 3.27987893311476
6580 3.27987893311476
6580 3.27987893311476
6580 34.2414771789027
6580 0
6580 0
6580 0
6580 0
6580 0
6580 0
6580 0
6580 0.32782084085723
6580 0.32782084085723
6580 0.32782084085723
6580 2.21616975645239
6580 2.21616975645239
6580 2.21616975645239
6580 1.19346172256582
6785 0
6785 44.3344733205023
6785 44.3344733205023
6785 44.3344733205023
6785 44.3344733205023
6785 0
6785 0.71944417634327
6785 0.71944417634327
6785 0
6785 0
6785 0
6785 0
6785 23.0797688911011
6785 0
6785 0
6785 0
6785 94.7685205602473
6785 1.42552439822874
6785 1.36836456976286
6785 0.779599117221135
6785 0
6785 2.5387698967785
6785 0
6785 0
6785 0
6785 0
6785 0
6785 3.27987893311476
6785 3.27987893311476
6785 3.27987893311476
6785 34.2414771789027
6785 0
6785 0
6785 0
6785 0
6785 0
6785 0
6785 0
6785 0.32782084085723
6785 0.32782084085723
6785 0.32782084085723
6785 2.21616975645239
6785 2.21616975645239
6785 2.21616975645239
6785 1.19346172256582
6852 0
6852 44.3344733205023
6852 44.3344733205023
6852 44.3344733205023
6852 44.3344733205023
6852 0
6852 0.71944417634327
6852 0.71944417634327
6852 0
6852 0
6852 0
6852 0
6852 23.0797688911011
6852 0
6852 0
6852 0
6852 94.7685205602473
6852 1.42552439822874
6852 1.36836456976286
6852 0.779599117221135
6852 0
6852 2.5387698967785
6852 0
6852 0
6852 0
6852 0
6852 0
6852 3.27987893311476
6852 3.27987893311476
6852 3.27987893311476
6852 34.2414771789027
6852 0
6852 0
6852 0
6852 0
6852 0
6852 0
6852 0
6852 0.32782084085723
6852 0.32782084085723
6852 0.32782084085723
6852 2.21616975645239
6852 2.21616975645239
6852 2.21616975645239
6852 1.19346172256582
6858 0
6858 44.3344733205023
6858 44.3344733205023
6858 44.3344733205023
6858 44.3344733205023
6858 0
6858 0.71944417634327
6858 0.71944417634327
6858 0
6858 0
6858 0
6858 0
6858 23.0797688911011
6858 0
6858 0
6858 0
6858 94.7685205602473
6858 1.42552439822874
6858 1.36836456976286
6858 0.779599117221135
6858 0
6858 2.5387698967785
6858 0
6858 0
6858 0
6858 0
6858 0
6858 3.27987893311476
6858 3.27987893311476
6858 3.27987893311476
6858 34.2414771789027
6858 0
6858 0
6858 0
6858 0
6858 0
6858 0
6858 0
6858 0.32782084085723
6858 0.32782084085723
6858 0.32782084085723
6858 2.21616975645239
6858 2.21616975645239
6858 2.21616975645239
6858 1.19346172256582
6742 0
6742 44.3344733205023
6742 44.3344733205023
6742 44.3344733205023
6742 44.3344733205023
6742 0
6742 0.71944417634327
6742 0.71944417634327
6742 0
6742 0
6742 0
6742 0
6742 23.0797688911011
6742 0
6742 0
6742 0
6742 94.7685205602473
6742 1.42552439822874
6742 1.36836456976286
6742 0.779599117221135
6742 0
6742 2.5387698967785
6742 0
6742 0
6742 0
6742 0
6742 0
6742 3.27987893311476
6742 3.27987893311476
6742 3.27987893311476
6742 34.2414771789027
6742 0
6742 0
6742 0
6742 0
6742 0
6742 0
6742 0
6742 0.32782084085723
6742 0.32782084085723
6742 0.32782084085723
6742 2.21616975645239
6742 2.21616975645239
6742 2.21616975645239
6742 1.19346172256582
6861 0
6861 44.3344733205023
6861 44.3344733205023
6861 44.3344733205023
6861 44.3344733205023
6861 0
6861 0.71944417634327
6861 0.71944417634327
6861 0
6861 0
6861 0
6861 0
6861 23.0797688911011
6861 0
6861 0
6861 0
6861 94.7685205602473
6861 1.42552439822874
6861 1.36836456976286
6861 0.779599117221135
6861 0
6861 2.5387698967785
6861 0
6861 0
6861 0
6861 0
6861 0
6861 3.27987893311476
6861 3.27987893311476
6861 3.27987893311476
6861 34.2414771789027
6861 0
6861 0
6861 0
6861 0
6861 0
6861 0
6861 0
6861 0.32782084085723
6861 0.32782084085723
6861 0.32782084085723
6861 2.21616975645239
6861 2.21616975645239
6861 2.21616975645239
6861 1.19346172256582
6924 0
6924 44.3344733205023
6924 44.3344733205023
6924 44.3344733205023
6924 44.3344733205023
6924 0
6924 0.71944417634327
6924 0.71944417634327
6924 0
6924 0
6924 0
6924 0
6924 23.0797688911011
6924 0
6924 0
6924 0
6924 94.7685205602473
6924 1.42552439822874
6924 1.36836456976286
6924 0.779599117221135
6924 0
6924 2.5387698967785
6924 0
6924 0
6924 0
6924 0
6924 0
6924 3.27987893311476
6924 3.27987893311476
6924 3.27987893311476
6924 34.2414771789027
6924 0
6924 0
6924 0
6924 0
6924 0
6924 0
6924 0
6924 0.32782084085723
6924 0.32782084085723
6924 0.32782084085723
6924 2.21616975645239
6924 2.21616975645239
6924 2.21616975645239
6924 1.19346172256582
6811 0
6811 44.3344733205023
6811 44.3344733205023
6811 44.3344733205023
6811 44.3344733205023
6811 0
6811 0.71944417634327
6811 0.71944417634327
6811 0
6811 0
6811 0
6811 0
6811 23.0797688911011
6811 0
6811 0
6811 0
6811 94.7685205602473
6811 1.42552439822874
6811 1.36836456976286
6811 0.779599117221135
6811 0
6811 2.5387698967785
6811 0
6811 0
6811 0
6811 0
6811 0
6811 3.27987893311476
6811 3.27987893311476
6811 3.27987893311476
6811 34.2414771789027
6811 0
6811 0
6811 0
6811 0
6811 0
6811 0
6811 0
6811 0.32782084085723
6811 0.32782084085723
6811 0.32782084085723
6811 2.21616975645239
6811 2.21616975645239
6811 2.21616975645239
6811 1.19346172256582
6819 0
6819 44.3344733205023
6819 44.3344733205023
6819 44.3344733205023
6819 44.3344733205023
6819 0
6819 0.71944417634327
6819 0.71944417634327
6819 0
6819 0
6819 0
6819 0
6819 23.0797688911011
6819 0
6819 0
6819 0
6819 94.7685205602473
6819 1.42552439822874
6819 1.36836456976286
6819 0.779599117221135
6819 0
6819 2.5387698967785
6819 0
6819 0
6819 0
6819 0
6819 0
6819 3.27987893311476
6819 3.27987893311476
6819 3.27987893311476
6819 34.2414771789027
6819 0
6819 0
6819 0
6819 0
6819 0
6819 0
6819 0
6819 0.32782084085723
6819 0.32782084085723
6819 0.32782084085723
6819 2.21616975645239
6819 2.21616975645239
6819 2.21616975645239
6819 1.19346172256582
6883 0
6883 44.3344733205023
6883 44.3344733205023
6883 44.3344733205023
6883 44.3344733205023
6883 0
6883 0.71944417634327
6883 0.71944417634327
6883 0
6883 0
6883 0
6883 0
6883 23.0797688911011
6883 0
6883 0
6883 0
6883 94.7685205602473
6883 1.42552439822874
6883 1.36836456976286
6883 0.779599117221135
6883 0
6883 2.5387698967785
6883 0
6883 0
6883 0
6883 0
6883 0
6883 3.27987893311476
6883 3.27987893311476
6883 3.27987893311476
6883 34.2414771789027
6883 0
6883 0
6883 0
6883 0
6883 0
6883 0
6883 0
6883 0.32782084085723
6883 0.32782084085723
6883 0.32782084085723
6883 2.21616975645239
6883 2.21616975645239
6883 2.21616975645239
6883 1.19346172256582
6891 0
6891 44.3344733205023
6891 44.3344733205023
6891 44.3344733205023
6891 44.3344733205023
6891 0
6891 0.71944417634327
6891 0.71944417634327
6891 0
6891 0
6891 0
6891 0
6891 23.0797688911011
6891 0
6891 0
6891 0
6891 94.7685205602473
6891 1.42552439822874
6891 1.36836456976286
6891 0.779599117221135
6891 0
6891 2.5387698967785
6891 0
6891 0
6891 0
6891 0
6891 0
6891 3.27987893311476
6891 3.27987893311476
6891 3.27987893311476
6891 34.2414771789027
6891 0
6891 0
6891 0
6891 0
6891 0
6891 0
6891 0
6891 0.32782084085723
6891 0.32782084085723
6891 0.32782084085723
6891 2.21616975645239
6891 2.21616975645239
6891 2.21616975645239
6891 1.19346172256582
7074 0
7074 44.3344733205023
7074 44.3344733205023
7074 44.3344733205023
7074 44.3344733205023
7074 0
7074 0.71944417634327
7074 0.71944417634327
7074 0
7074 0
7074 0
7074 0
7074 23.0797688911011
7074 0
7074 0
7074 0
7074 94.7685205602473
7074 1.42552439822874
7074 1.36836456976286
7074 0.779599117221135
7074 0
7074 2.5387698967785
7074 0
7074 0
7074 0
7074 0
7074 0
7074 3.27987893311476
7074 3.27987893311476
7074 3.27987893311476
7074 34.2414771789027
7074 0
7074 0
7074 0
7074 0
7074 0
7074 0
7074 0
7074 0.32782084085723
7074 0.32782084085723
7074 0.32782084085723
7074 2.21616975645239
7074 2.21616975645239
7074 2.21616975645239
7074 1.19346172256582
7141 0
7141 44.3344733205023
7141 44.3344733205023
7141 44.3344733205023
7141 44.3344733205023
7141 0
7141 0.71944417634327
7141 0.71944417634327
7141 0
7141 0
7141 0
7141 0
7141 23.0797688911011
7141 0
7141 0
7141 0
7141 94.7685205602473
7141 1.42552439822874
7141 1.36836456976286
7141 0.779599117221135
7141 0
7141 2.5387698967785
7141 0
7141 0
7141 0
7141 0
7141 0
7141 3.27987893311476
7141 3.27987893311476
7141 3.27987893311476
7141 34.2414771789027
7141 0
7141 0
7141 0
7141 0
7141 0
7141 0
7141 0
7141 0.32782084085723
7141 0.32782084085723
7141 0.32782084085723
7141 2.21616975645239
7141 2.21616975645239
7141 2.21616975645239
7141 1.19346172256582
7030 0
7030 44.3344733205023
7030 44.3344733205023
7030 44.3344733205023
7030 44.3344733205023
7030 0
7030 0.71944417634327
7030 0.71944417634327
7030 0
7030 0
7030 0
7030 0
7030 23.0797688911011
7030 0
7030 0
7030 0
7030 94.7685205602473
7030 1.42552439822874
7030 1.36836456976286
7030 0.779599117221135
7030 0
7030 2.5387698967785
7030 0
7030 0
7030 0
7030 0
7030 0
7030 3.27987893311476
7030 3.27987893311476
7030 3.27987893311476
7030 34.2414771789027
7030 0
7030 0
7030 0
7030 0
7030 0
7030 0
7030 0
7030 0.32782084085723
7030 0.32782084085723
7030 0.32782084085723
7030 2.21616975645239
7030 2.21616975645239
7030 2.21616975645239
7030 1.19346172256582
7031 0
7031 44.3344733205023
7031 44.3344733205023
7031 44.3344733205023
7031 44.3344733205023
7031 0
7031 0.71944417634327
7031 0.71944417634327
7031 0
7031 0
7031 0
7031 0
7031 23.0797688911011
7031 0
7031 0
7031 0
7031 94.7685205602473
7031 1.42552439822874
7031 1.36836456976286
7031 0.779599117221135
7031 0
7031 2.5387698967785
7031 0
7031 0
7031 0
7031 0
7031 0
7031 3.27987893311476
7031 3.27987893311476
7031 3.27987893311476
7031 34.2414771789027
7031 0
7031 0
7031 0
7031 0
7031 0
7031 0
7031 0
7031 0.32782084085723
7031 0.32782084085723
7031 0.32782084085723
7031 2.21616975645239
7031 2.21616975645239
7031 2.21616975645239
7031 1.19346172256582
7280 0
7280 44.3344733205023
7280 44.3344733205023
7280 44.3344733205023
7280 44.3344733205023
7280 0
7280 0.71944417634327
7280 0.71944417634327
7280 0
7280 0
7280 0
7280 0
7280 23.0797688911011
7280 0
7280 0
7280 0
7280 94.7685205602473
7280 1.42552439822874
7280 1.36836456976286
7280 0.779599117221135
7280 0
7280 2.5387698967785
7280 0
7280 0
7280 0
7280 0
7280 0
7280 3.27987893311476
7280 3.27987893311476
7280 3.27987893311476
7280 34.2414771789027
7280 0
7280 0
7280 0
7280 0
7280 0
7280 0
7280 0
7280 0.32782084085723
7280 0.32782084085723
7280 0.32782084085723
7280 2.21616975645239
7280 2.21616975645239
7280 2.21616975645239
7280 1.19346172256582
7282 0
7282 44.3344733205023
7282 44.3344733205023
7282 44.3344733205023
7282 44.3344733205023
7282 0
7282 0.71944417634327
7282 0.71944417634327
7282 0
7282 0
7282 0
7282 0
7282 23.0797688911011
7282 0
7282 0
7282 0
7282 94.7685205602473
7282 1.42552439822874
7282 1.36836456976286
7282 0.779599117221135
7282 0
7282 2.5387698967785
7282 0
7282 0
7282 0
7282 0
7282 0
7282 3.27987893311476
7282 3.27987893311476
7282 3.27987893311476
7282 34.2414771789027
7282 0
7282 0
7282 0
7282 0
7282 0
7282 0
7282 0
7282 0.32782084085723
7282 0.32782084085723
7282 0.32782084085723
7282 2.21616975645239
7282 2.21616975645239
7282 2.21616975645239
7282 1.19346172256582
7285 0
7285 44.3344733205023
7285 44.3344733205023
7285 44.3344733205023
7285 44.3344733205023
7285 0
7285 0.71944417634327
7285 0.71944417634327
7285 0
7285 0
7285 0
7285 0
7285 23.0797688911011
7285 0
7285 0
7285 0
7285 94.7685205602473
7285 1.42552439822874
7285 1.36836456976286
7285 0.779599117221135
7285 0
7285 2.5387698967785
7285 0
7285 0
7285 0
7285 0
7285 0
7285 3.27987893311476
7285 3.27987893311476
7285 3.27987893311476
7285 34.2414771789027
7285 0
7285 0
7285 0
7285 0
7285 0
7285 0
7285 0
7285 0.32782084085723
7285 0.32782084085723
7285 0.32782084085723
7285 2.21616975645239
7285 2.21616975645239
7285 2.21616975645239
7285 1.19346172256582
7400 0
7400 44.3344733205023
7400 44.3344733205023
7400 44.3344733205023
7400 44.3344733205023
7400 0
7400 0.71944417634327
7400 0.71944417634327
7400 0
7400 0
7400 0
7400 0
7400 23.0797688911011
7400 0
7400 0
7400 0
7400 94.7685205602473
7400 1.42552439822874
7400 1.36836456976286
7400 0.779599117221135
7400 0
7400 2.5387698967785
7400 0
7400 0
7400 0
7400 0
7400 0
7400 3.27987893311476
7400 3.27987893311476
7400 3.27987893311476
7400 34.2414771789027
7400 0
7400 0
7400 0
7400 0
7400 0
7400 0
7400 0
7400 0.32782084085723
7400 0.32782084085723
7400 0.32782084085723
7400 2.21616975645239
7400 2.21616975645239
7400 2.21616975645239
7400 1.19346172256582
7345 0
7345 44.3344733205023
7345 44.3344733205023
7345 44.3344733205023
7345 44.3344733205023
7345 0
7345 0.71944417634327
7345 0.71944417634327
7345 0
7345 0
7345 0
7345 0
7345 23.0797688911011
7345 0
7345 0
7345 0
7345 94.7685205602473
7345 1.42552439822874
7345 1.36836456976286
7345 0.779599117221135
7345 0
7345 2.5387698967785
7345 0
7345 0
7345 0
7345 0
7345 0
7345 3.27987893311476
7345 3.27987893311476
7345 3.27987893311476
7345 34.2414771789027
7345 0
7345 0
7345 0
7345 0
7345 0
7345 0
7345 0
7345 0.32782084085723
7345 0.32782084085723
7345 0.32782084085723
7345 2.21616975645239
7345 2.21616975645239
7345 2.21616975645239
7345 1.19346172256582
7240 0
7240 44.3344733205023
7240 44.3344733205023
7240 44.3344733205023
7240 44.3344733205023
7240 0
7240 0.71944417634327
7240 0.71944417634327
7240 0
7240 0
7240 0
7240 0
7240 23.0797688911011
7240 0
7240 0
7240 0
7240 94.7685205602473
7240 1.42552439822874
7240 1.36836456976286
7240 0.779599117221135
7240 0
7240 2.5387698967785
7240 0
7240 0
7240 0
7240 0
7240 0
7240 3.27987893311476
7240 3.27987893311476
7240 3.27987893311476
7240 34.2414771789027
7240 0
7240 0
7240 0
7240 0
7240 0
7240 0
7240 0
7240 0.32782084085723
7240 0.32782084085723
7240 0.32782084085723
7240 2.21616975645239
7240 2.21616975645239
7240 2.21616975645239
7240 1.19346172256582
7312 0
7312 44.3344733205023
7312 44.3344733205023
7312 44.3344733205023
7312 44.3344733205023
7312 0
7312 0.71944417634327
7312 0.71944417634327
7312 0
7312 0
7312 0
7312 0
7312 23.0797688911011
7312 0
7312 0
7312 0
7312 94.7685205602473
7312 1.42552439822874
7312 1.36836456976286
7312 0.779599117221135
7312 0
7312 2.5387698967785
7312 0
7312 0
7312 0
7312 0
7312 0
7312 3.27987893311476
7312 3.27987893311476
7312 3.27987893311476
7312 34.2414771789027
7312 0
7312 0
7312 0
7312 0
7312 0
7312 0
7312 0
7312 0.32782084085723
7312 0.32782084085723
7312 0.32782084085723
7312 2.21616975645239
7312 2.21616975645239
7312 2.21616975645239
7312 1.19346172256582
7377 0
7377 44.3344733205023
7377 44.3344733205023
7377 44.3344733205023
7377 44.3344733205023
7377 0
7377 0.71944417634327
7377 0.71944417634327
7377 0
7377 0
7377 0
7377 0
7377 23.0797688911011
7377 0
7377 0
7377 0
7377 94.7685205602473
7377 1.42552439822874
7377 1.36836456976286
7377 0.779599117221135
7377 0
7377 2.5387698967785
7377 0
7377 0
7377 0
7377 0
7377 0
7377 3.27987893311476
7377 3.27987893311476
7377 3.27987893311476
7377 34.2414771789027
7377 0
7377 0
7377 0
7377 0
7377 0
7377 0
7377 0
7377 0.32782084085723
7377 0.32782084085723
7377 0.32782084085723
7377 2.21616975645239
7377 2.21616975645239
7377 2.21616975645239
7377 1.19346172256582
7378 0
7378 44.3344733205023
7378 44.3344733205023
7378 44.3344733205023
7378 44.3344733205023
7378 0
7378 0.71944417634327
7378 0.71944417634327
7378 0
7378 0
7378 0
7378 0
7378 23.0797688911011
7378 0
7378 0
7378 0
7378 94.7685205602473
7378 1.42552439822874
7378 1.36836456976286
7378 0.779599117221135
7378 0
7378 2.5387698967785
7378 0
7378 0
7378 0
7378 0
7378 0
7378 3.27987893311476
7378 3.27987893311476
7378 3.27987893311476
7378 34.2414771789027
7378 0
7378 0
7378 0
7378 0
7378 0
7378 0
7378 0
7378 0.32782084085723
7378 0.32782084085723
7378 0.32782084085723
7378 2.21616975645239
7378 2.21616975645239
7378 2.21616975645239
7378 1.19346172256582
7440 0
7440 44.3344733205023
7440 44.3344733205023
7440 44.3344733205023
7440 44.3344733205023
7440 0
7440 0.71944417634327
7440 0.71944417634327
7440 0
7440 0
7440 0
7440 0
7440 23.0797688911011
7440 0
7440 0
7440 0
7440 94.7685205602473
7440 1.42552439822874
7440 1.36836456976286
7440 0.779599117221135
7440 0
7440 2.5387698967785
7440 0
7440 0
7440 0
7440 0
7440 0
7440 3.27987893311476
7440 3.27987893311476
7440 3.27987893311476
7440 34.2414771789027
7440 0
7440 0
7440 0
7440 0
7440 0
7440 0
7440 0
7440 0.32782084085723
7440 0.32782084085723
7440 0.32782084085723
7440 2.21616975645239
7440 2.21616975645239
7440 2.21616975645239
7440 1.19346172256582
7489 0
7489 44.3344733205023
7489 44.3344733205023
7489 44.3344733205023
7489 44.3344733205023
7489 0
7489 0.71944417634327
7489 0.71944417634327
7489 0
7489 0
7489 0
7489 0
7489 23.0797688911011
7489 0
7489 0
7489 0
7489 94.7685205602473
7489 1.42552439822874
7489 1.36836456976286
7489 0.779599117221135
7489 0
7489 2.5387698967785
7489 0
7489 0
7489 0
7489 0
7489 0
7489 3.27987893311476
7489 3.27987893311476
7489 3.27987893311476
7489 34.2414771789027
7489 0
7489 0
7489 0
7489 0
7489 0
7489 0
7489 0
7489 0.32782084085723
7489 0.32782084085723
7489 0.32782084085723
7489 2.21616975645239
7489 2.21616975645239
7489 2.21616975645239
7489 1.19346172256582
7615 0
7615 44.3344733205023
7615 44.3344733205023
7615 44.3344733205023
7615 44.3344733205023
7615 0
7615 0.71944417634327
7615 0.71944417634327
7615 0
7615 0
7615 0
7615 0
7615 23.0797688911011
7615 0
7615 0
7615 0
7615 94.7685205602473
7615 1.42552439822874
7615 1.36836456976286
7615 0.779599117221135
7615 0
7615 2.5387698967785
7615 0
7615 0
7615 0
7615 0
7615 0
7615 3.27987893311476
7615 3.27987893311476
7615 3.27987893311476
7615 34.2414771789027
7615 0
7615 0
7615 0
7615 0
7615 0
7615 0
7615 0
7615 0.32782084085723
7615 0.32782084085723
7615 0.32782084085723
7615 2.21616975645239
7615 2.21616975645239
7615 2.21616975645239
7615 1.19346172256582
7667 0
7667 44.3344733205023
7667 44.3344733205023
7667 44.3344733205023
7667 44.3344733205023
7667 0
7667 0.71944417634327
7667 0.71944417634327
7667 0
7667 0
7667 0
7667 0
7667 23.0797688911011
7667 0
7667 0
7667 0
7667 94.7685205602473
7667 1.42552439822874
7667 1.36836456976286
7667 0.779599117221135
7667 0
7667 2.5387698967785
7667 0
7667 0
7667 0
7667 0
7667 0
7667 3.27987893311476
7667 3.27987893311476
7667 3.27987893311476
7667 34.2414771789027
7667 0
7667 0
7667 0
7667 0
7667 0
7667 0
7667 0
7667 0.32782084085723
7667 0.32782084085723
7667 0.32782084085723
7667 2.21616975645239
7667 2.21616975645239
7667 2.21616975645239
7667 1.19346172256582
7724 0
7724 44.3344733205023
7724 44.3344733205023
7724 44.3344733205023
7724 44.3344733205023
7724 0
7724 0.71944417634327
7724 0.71944417634327
7724 0
7724 0
7724 0
7724 0
7724 23.0797688911011
7724 0
7724 0
7724 0
7724 94.7685205602473
7724 1.42552439822874
7724 1.36836456976286
7724 0.779599117221135
7724 0
7724 2.5387698967785
7724 0
7724 0
7724 0
7724 0
7724 0
7724 3.27987893311476
7724 3.27987893311476
7724 3.27987893311476
7724 34.2414771789027
7724 0
7724 0
7724 0
7724 0
7724 0
7724 0
7724 0
7724 0.32782084085723
7724 0.32782084085723
7724 0.32782084085723
7724 2.21616975645239
7724 2.21616975645239
7724 2.21616975645239
7724 1.19346172256582
7769 0
7769 44.3344733205023
7769 44.3344733205023
7769 44.3344733205023
7769 44.3344733205023
7769 0
7769 0.71944417634327
7769 0.71944417634327
7769 0
7769 0
7769 0
7769 0
7769 23.0797688911011
7769 0
7769 0
7769 0
7769 94.7685205602473
7769 1.42552439822874
7769 1.36836456976286
7769 0.779599117221135
7769 0
7769 2.5387698967785
7769 0
7769 0
7769 0
7769 0
7769 0
7769 3.27987893311476
7769 3.27987893311476
7769 3.27987893311476
7769 34.2414771789027
7769 0
7769 0
7769 0
7769 0
7769 0
7769 0
7769 0
7769 0.32782084085723
7769 0.32782084085723
7769 0.32782084085723
7769 2.21616975645239
7769 2.21616975645239
7769 2.21616975645239
7769 1.19346172256582
7781 0
7781 44.3344733205023
7781 44.3344733205023
7781 44.3344733205023
7781 44.3344733205023
7781 0
7781 0.71944417634327
7781 0.71944417634327
7781 0
7781 0
7781 0
7781 0
7781 23.0797688911011
7781 0
7781 0
7781 0
7781 94.7685205602473
7781 1.42552439822874
7781 1.36836456976286
7781 0.779599117221135
7781 0
7781 2.5387698967785
7781 0
7781 0
7781 0
7781 0
7781 0
7781 3.27987893311476
7781 3.27987893311476
7781 3.27987893311476
7781 34.2414771789027
7781 0
7781 0
7781 0
7781 0
7781 0
7781 0
7781 0
7781 0.32782084085723
7781 0.32782084085723
7781 0.32782084085723
7781 2.21616975645239
7781 2.21616975645239
7781 2.21616975645239
7781 1.19346172256582
7828 0
7828 44.3344733205023
7828 44.3344733205023
7828 44.3344733205023
7828 44.3344733205023
7828 0
7828 0.71944417634327
7828 0.71944417634327
7828 0
7828 0
7828 0
7828 0
7828 23.0797688911011
7828 0
7828 0
7828 0
7828 94.7685205602473
7828 1.42552439822874
7828 1.36836456976286
7828 0.779599117221135
7828 0
7828 2.5387698967785
7828 0
7828 0
7828 0
7828 0
7828 0
7828 3.27987893311476
7828 3.27987893311476
7828 3.27987893311476
7828 34.2414771789027
7828 0
7828 0
7828 0
7828 0
7828 0
7828 0
7828 0
7828 0.32782084085723
7828 0.32782084085723
7828 0.32782084085723
7828 2.21616975645239
7828 2.21616975645239
7828 2.21616975645239
7828 1.19346172256582
7840 0
7840 44.3344733205023
7840 44.3344733205023
7840 44.3344733205023
7840 44.3344733205023
7840 0
7840 0.71944417634327
7840 0.71944417634327
7840 0
7840 0
7840 0
7840 0
7840 23.0797688911011
7840 0
7840 0
7840 0
7840 94.7685205602473
7840 1.42552439822874
7840 1.36836456976286
7840 0.779599117221135
7840 0
7840 2.5387698967785
7840 0
7840 0
7840 0
7840 0
7840 0
7840 3.27987893311476
7840 3.27987893311476
7840 3.27987893311476
7840 34.2414771789027
7840 0
7840 0
7840 0
7840 0
7840 0
7840 0
7840 0
7840 0.32782084085723
7840 0.32782084085723
7840 0.32782084085723
7840 2.21616975645239
7840 2.21616975645239
7840 2.21616975645239
7840 1.19346172256582
7934 0
7934 44.3344733205023
7934 44.3344733205023
7934 44.3344733205023
7934 44.3344733205023
7934 0
7934 0.71944417634327
7934 0.71944417634327
7934 0
7934 0
7934 0
7934 0
7934 23.0797688911011
7934 0
7934 0
7934 0
7934 94.7685205602473
7934 1.42552439822874
7934 1.36836456976286
7934 0.779599117221135
7934 0
7934 2.5387698967785
7934 0
7934 0
7934 0
7934 0
7934 0
7934 3.27987893311476
7934 3.27987893311476
7934 3.27987893311476
7934 34.2414771789027
7934 0
7934 0
7934 0
7934 0
7934 0
7934 0
7934 0
7934 0.32782084085723
7934 0.32782084085723
7934 0.32782084085723
7934 2.21616975645239
7934 2.21616975645239
7934 2.21616975645239
7934 1.19346172256582
7897 0
7897 44.3344733205023
7897 44.3344733205023
7897 44.3344733205023
7897 44.3344733205023
7897 0
7897 0.71944417634327
7897 0.71944417634327
7897 0
7897 0
7897 0
7897 0
7897 23.0797688911011
7897 0
7897 0
7897 0
7897 94.7685205602473
7897 1.42552439822874
7897 1.36836456976286
7897 0.779599117221135
7897 0
7897 2.5387698967785
7897 0
7897 0
7897 0
7897 0
7897 0
7897 3.27987893311476
7897 3.27987893311476
7897 3.27987893311476
7897 34.2414771789027
7897 0
7897 0
7897 0
7897 0
7897 0
7897 0
7897 0
7897 0.32782084085723
7897 0.32782084085723
7897 0.32782084085723
7897 2.21616975645239
7897 2.21616975645239
7897 2.21616975645239
7897 1.19346172256582
7990 0
7990 44.3344733205023
7990 44.3344733205023
7990 44.3344733205023
7990 44.3344733205023
7990 0
7990 0.71944417634327
7990 0.71944417634327
7990 0
7990 0
7990 0
7990 0
7990 23.0797688911011
7990 0
7990 0
7990 0
7990 94.7685205602473
7990 1.42552439822874
7990 1.36836456976286
7990 0.779599117221135
7990 0
7990 2.5387698967785
7990 0
7990 0
7990 0
7990 0
7990 0
7990 3.27987893311476
7990 3.27987893311476
7990 3.27987893311476
7990 34.2414771789027
7990 0
7990 0
7990 0
7990 0
7990 0
7990 0
7990 0
7990 0.32782084085723
7990 0.32782084085723
7990 0.32782084085723
7990 2.21616975645239
7990 2.21616975645239
7990 2.21616975645239
7990 1.19346172256582
7999 0
7999 44.3344733205023
7999 44.3344733205023
7999 44.3344733205023
7999 44.3344733205023
7999 0
7999 0.71944417634327
7999 0.71944417634327
7999 0
7999 0
7999 0
7999 0
7999 23.0797688911011
7999 0
7999 0
7999 0
7999 94.7685205602473
7999 1.42552439822874
7999 1.36836456976286
7999 0.779599117221135
7999 0
7999 2.5387698967785
7999 0
7999 0
7999 0
7999 0
7999 0
7999 3.27987893311476
7999 3.27987893311476
7999 3.27987893311476
7999 34.2414771789027
7999 0
7999 0
7999 0
7999 0
7999 0
7999 0
7999 0
7999 0.32782084085723
7999 0.32782084085723
7999 0.32782084085723
7999 2.21616975645239
7999 2.21616975645239
7999 2.21616975645239
7999 1.19346172256582
8149 0
8149 44.3344733205023
8149 44.3344733205023
8149 44.3344733205023
8149 44.3344733205023
8149 0
8149 0.71944417634327
8149 0.71944417634327
8149 0
8149 0
8149 0
8149 0
8149 23.0797688911011
8149 0
8149 0
8149 0
8149 94.7685205602473
8149 1.42552439822874
8149 1.36836456976286
8149 0.779599117221135
8149 0
8149 2.5387698967785
8149 0
8149 0
8149 0
8149 0
8149 0
8149 3.27987893311476
8149 3.27987893311476
8149 3.27987893311476
8149 34.2414771789027
8149 0
8149 0
8149 0
8149 0
8149 0
8149 0
8149 0
8149 0.32782084085723
8149 0.32782084085723
8149 0.32782084085723
8149 2.21616975645239
8149 2.21616975645239
8149 2.21616975645239
8149 1.19346172256582
8154 0
8154 44.3344733205023
8154 44.3344733205023
8154 44.3344733205023
8154 44.3344733205023
8154 0
8154 0.71944417634327
8154 0.71944417634327
8154 0
8154 0
8154 0
8154 0
8154 23.0797688911011
8154 0
8154 0
8154 0
8154 94.7685205602473
8154 1.42552439822874
8154 1.36836456976286
8154 0.779599117221135
8154 0
8154 2.5387698967785
8154 0
8154 0
8154 0
8154 0
8154 0
8154 3.27987893311476
8154 3.27987893311476
8154 3.27987893311476
8154 34.2414771789027
8154 0
8154 0
8154 0
8154 0
8154 0
8154 0
8154 0
8154 0.32782084085723
8154 0.32782084085723
8154 0.32782084085723
8154 2.21616975645239
8154 2.21616975645239
8154 2.21616975645239
8154 1.19346172256582
8202 0
8202 44.3344733205023
8202 44.3344733205023
8202 44.3344733205023
8202 44.3344733205023
8202 0
8202 0.71944417634327
8202 0.71944417634327
8202 0
8202 0
8202 0
8202 0
8202 23.0797688911011
8202 0
8202 0
8202 0
8202 94.7685205602473
8202 1.42552439822874
8202 1.36836456976286
8202 0.779599117221135
8202 0
8202 2.5387698967785
8202 0
8202 0
8202 0
8202 0
8202 0
8202 3.27987893311476
8202 3.27987893311476
8202 3.27987893311476
8202 34.2414771789027
8202 0
8202 0
8202 0
8202 0
8202 0
8202 0
8202 0
8202 0.32782084085723
8202 0.32782084085723
8202 0.32782084085723
8202 2.21616975645239
8202 2.21616975645239
8202 2.21616975645239
8202 1.19346172256582
8203 0
8203 44.3344733205023
8203 44.3344733205023
8203 44.3344733205023
8203 44.3344733205023
8203 0
8203 0.71944417634327
8203 0.71944417634327
8203 0
8203 0
8203 0
8203 0
8203 23.0797688911011
8203 0
8203 0
8203 0
8203 94.7685205602473
8203 1.42552439822874
8203 1.36836456976286
8203 0.779599117221135
8203 0
8203 2.5387698967785
8203 0
8203 0
8203 0
8203 0
8203 0
8203 3.27987893311476
8203 3.27987893311476
8203 3.27987893311476
8203 34.2414771789027
8203 0
8203 0
8203 0
8203 0
8203 0
8203 0
8203 0
8203 0.32782084085723
8203 0.32782084085723
8203 0.32782084085723
8203 2.21616975645239
8203 2.21616975645239
8203 2.21616975645239
8203 1.19346172256582
10703 0
10703 44.3344733205023
10703 44.3344733205023
10703 44.3344733205023
10703 44.3344733205023
10703 0
10703 0.71944417634327
10703 0.71944417634327
10703 0
10703 0
10703 0
10703 0
10703 23.0797688911011
10703 0
10703 0
10703 0
10703 94.7685205602473
10703 1.42552439822874
10703 1.36836456976286
10703 0.779599117221135
10703 0
10703 2.5387698967785
10703 0
10703 0
10703 0
10703 0
10703 0
10703 3.27987893311476
10703 3.27987893311476
10703 3.27987893311476
10703 34.2414771789027
10703 0
10703 0
10703 0
10703 0
10703 0
10703 0
10703 0
10703 0.32782084085723
10703 0.32782084085723
10703 0.32782084085723
10703 2.21616975645239
10703 2.21616975645239
10703 2.21616975645239
10703 1.19346172256582
10704 0
10704 44.3344733205023
10704 44.3344733205023
10704 44.3344733205023
10704 44.3344733205023
10704 0
10704 0.71944417634327
10704 0.71944417634327
10704 0
10704 0
10704 0
10704 0
10704 23.0797688911011
10704 0
10704 0
10704 0
10704 94.7685205602473
10704 1.42552439822874
10704 1.36836456976286
10704 0.779599117221135
10704 0
10704 2.5387698967785
10704 0
10704 0
10704 0
10704 0
10704 0
10704 3.27987893311476
10704 3.27987893311476
10704 3.27987893311476
10704 34.2414771789027
10704 0
10704 0
10704 0
10704 0
10704 0
10704 0
10704 0
10704 0.32782084085723
10704 0.32782084085723
10704 0.32782084085723
10704 2.21616975645239
10704 2.21616975645239
10704 2.21616975645239
10704 1.19346172256582
8263 0
8263 44.3344733205023
8263 44.3344733205023
8263 44.3344733205023
8263 44.3344733205023
8263 0
8263 0.71944417634327
8263 0.71944417634327
8263 0
8263 0
8263 0
8263 0
8263 23.0797688911011
8263 0
8263 0
8263 0
8263 94.7685205602473
8263 1.42552439822874
8263 1.36836456976286
8263 0.779599117221135
8263 0
8263 2.5387698967785
8263 0
8263 0
8263 0
8263 0
8263 0
8263 3.27987893311476
8263 3.27987893311476
8263 3.27987893311476
8263 34.2414771789027
8263 0
8263 0
8263 0
8263 0
8263 0
8263 0
8263 0
8263 0.32782084085723
8263 0.32782084085723
8263 0.32782084085723
8263 2.21616975645239
8263 2.21616975645239
8263 2.21616975645239
8263 1.19346172256582
8275 0
8275 44.3344733205023
8275 44.3344733205023
8275 44.3344733205023
8275 44.3344733205023
8275 0
8275 0.71944417634327
8275 0.71944417634327
8275 0
8275 0
8275 0
8275 0
8275 23.0797688911011
8275 0
8275 0
8275 0
8275 94.7685205602473
8275 1.42552439822874
8275 1.36836456976286
8275 0.779599117221135
8275 0
8275 2.5387698967785
8275 0
8275 0
8275 0
8275 0
8275 0
8275 3.27987893311476
8275 3.27987893311476
8275 3.27987893311476
8275 34.2414771789027
8275 0
8275 0
8275 0
8275 0
8275 0
8275 0
8275 0
8275 0.32782084085723
8275 0.32782084085723
8275 0.32782084085723
8275 2.21616975645239
8275 2.21616975645239
8275 2.21616975645239
8275 1.19346172256582
10215 0
10215 44.3344733205023
10215 44.3344733205023
10215 44.3344733205023
10215 44.3344733205023
10215 0
10215 0.71944417634327
10215 0.71944417634327
10215 0
10215 0
10215 0
10215 0
10215 23.0797688911011
10215 0
10215 0
10215 0
10215 94.7685205602473
10215 1.42552439822874
10215 1.36836456976286
10215 0.779599117221135
10215 0
10215 2.5387698967785
10215 0
10215 0
10215 0
10215 0
10215 0
10215 3.27987893311476
10215 3.27987893311476
10215 3.27987893311476
10215 34.2414771789027
10215 0
10215 0
10215 0
10215 0
10215 0
10215 0
10215 0
10215 0.32782084085723
10215 0.32782084085723
10215 0.32782084085723
10215 2.21616975645239
10215 2.21616975645239
10215 2.21616975645239
10215 1.19346172256582
8458 0
8458 44.3344733205023
8458 44.3344733205023
8458 44.3344733205023
8458 44.3344733205023
8458 0
8458 0.71944417634327
8458 0.71944417634327
8458 0
8458 0
8458 0
8458 0
8458 23.0797688911011
8458 0
8458 0
8458 0
8458 94.7685205602473
8458 1.42552439822874
8458 1.36836456976286
8458 0.779599117221135
8458 0
8458 2.5387698967785
8458 0
8458 0
8458 0
8458 0
8458 0
8458 3.27987893311476
8458 3.27987893311476
8458 3.27987893311476
8458 34.2414771789027
8458 0
8458 0
8458 0
8458 0
8458 0
8458 0
8458 0
8458 0.32782084085723
8458 0.32782084085723
8458 0.32782084085723
8458 2.21616975645239
8458 2.21616975645239
8458 2.21616975645239
8458 1.19346172256582
8509 0
8509 44.3344733205023
8509 44.3344733205023
8509 44.3344733205023
8509 44.3344733205023
8509 0
8509 0.71944417634327
8509 0.71944417634327
8509 0
8509 0
8509 0
8509 0
8509 23.0797688911011
8509 0
8509 0
8509 0
8509 94.7685205602473
8509 1.42552439822874
8509 1.36836456976286
8509 0.779599117221135
8509 0
8509 2.5387698967785
8509 0
8509 0
8509 0
8509 0
8509 0
8509 3.27987893311476
8509 3.27987893311476
8509 3.27987893311476
8509 34.2414771789027
8509 0
8509 0
8509 0
8509 0
8509 0
8509 0
8509 0
8509 0.32782084085723
8509 0.32782084085723
8509 0.32782084085723
8509 2.21616975645239
8509 2.21616975645239
8509 2.21616975645239
8509 1.19346172256582
8423 0
8423 44.3344733205023
8423 44.3344733205023
8423 44.3344733205023
8423 44.3344733205023
8423 0
8423 0.71944417634327
8423 0.71944417634327
8423 0
8423 0
8423 0
8423 0
8423 23.0797688911011
8423 0
8423 0
8423 0
8423 94.7685205602473
8423 1.42552439822874
8423 1.36836456976286
8423 0.779599117221135
8423 0
8423 2.5387698967785
8423 0
8423 0
8423 0
8423 0
8423 0
8423 3.27987893311476
8423 3.27987893311476
8423 3.27987893311476
8423 34.2414771789027
8423 0
8423 0
8423 0
8423 0
8423 0
8423 0
8423 0
8423 0.32782084085723
8423 0.32782084085723
8423 0.32782084085723
8423 2.21616975645239
8423 2.21616975645239
8423 2.21616975645239
8423 1.19346172256582
8512 0
8512 44.3344733205023
8512 44.3344733205023
8512 44.3344733205023
8512 44.3344733205023
8512 0
8512 0.71944417634327
8512 0.71944417634327
8512 0
8512 0
8512 0
8512 0
8512 23.0797688911011
8512 0
8512 0
8512 0
8512 94.7685205602473
8512 1.42552439822874
8512 1.36836456976286
8512 0.779599117221135
8512 0
8512 2.5387698967785
8512 0
8512 0
8512 0
8512 0
8512 0
8512 3.27987893311476
8512 3.27987893311476
8512 3.27987893311476
8512 34.2414771789027
8512 0
8512 0
8512 0
8512 0
8512 0
8512 0
8512 0
8512 0.32782084085723
8512 0.32782084085723
8512 0.32782084085723
8512 2.21616975645239
8512 2.21616975645239
8512 2.21616975645239
8512 1.19346172256582
8513 0
8513 44.3344733205023
8513 44.3344733205023
8513 44.3344733205023
8513 44.3344733205023
8513 0
8513 0.71944417634327
8513 0.71944417634327
8513 0
8513 0
8513 0
8513 0
8513 23.0797688911011
8513 0
8513 0
8513 0
8513 94.7685205602473
8513 1.42552439822874
8513 1.36836456976286
8513 0.779599117221135
8513 0
8513 2.5387698967785
8513 0
8513 0
8513 0
8513 0
8513 0
8513 3.27987893311476
8513 3.27987893311476
8513 3.27987893311476
8513 34.2414771789027
8513 0
8513 0
8513 0
8513 0
8513 0
8513 0
8513 0
8513 0.32782084085723
8513 0.32782084085723
8513 0.32782084085723
8513 2.21616975645239
8513 2.21616975645239
8513 2.21616975645239
8513 1.19346172256582
8519 0
8519 44.3344733205023
8519 44.3344733205023
8519 44.3344733205023
8519 44.3344733205023
8519 0
8519 0.71944417634327
8519 0.71944417634327
8519 0
8519 0
8519 0
8519 0
8519 23.0797688911011
8519 0
8519 0
8519 0
8519 94.7685205602473
8519 1.42552439822874
8519 1.36836456976286
8519 0.779599117221135
8519 0
8519 2.5387698967785
8519 0
8519 0
8519 0
8519 0
8519 0
8519 3.27987893311476
8519 3.27987893311476
8519 3.27987893311476
8519 34.2414771789027
8519 0
8519 0
8519 0
8519 0
8519 0
8519 0
8519 0
8519 0.32782084085723
8519 0.32782084085723
8519 0.32782084085723
8519 2.21616975645239
8519 2.21616975645239
8519 2.21616975645239
8519 1.19346172256582
8521 0
8521 44.3344733205023
8521 44.3344733205023
8521 44.3344733205023
8521 44.3344733205023
8521 0
8521 0.71944417634327
8521 0.71944417634327
8521 0
8521 0
8521 0
8521 0
8521 23.0797688911011
8521 0
8521 0
8521 0
8521 94.7685205602473
8521 1.42552439822874
8521 1.36836456976286
8521 0.779599117221135
8521 0
8521 2.5387698967785
8521 0
8521 0
8521 0
8521 0
8521 0
8521 3.27987893311476
8521 3.27987893311476
8521 3.27987893311476
8521 34.2414771789027
8521 0
8521 0
8521 0
8521 0
8521 0
8521 0
8521 0
8521 0.32782084085723
8521 0.32782084085723
8521 0.32782084085723
8521 2.21616975645239
8521 2.21616975645239
8521 2.21616975645239
8521 1.19346172256582
8578 0
8578 44.3344733205023
8578 44.3344733205023
8578 44.3344733205023
8578 44.3344733205023
8578 0
8578 0.71944417634327
8578 0.71944417634327
8578 0
8578 0
8578 0
8578 0
8578 23.0797688911011
8578 0
8578 0
8578 0
8578 94.7685205602473
8578 1.42552439822874
8578 1.36836456976286
8578 0.779599117221135
8578 0
8578 2.5387698967785
8578 0
8578 0
8578 0
8578 0
8578 0
8578 3.27987893311476
8578 3.27987893311476
8578 3.27987893311476
8578 34.2414771789027
8578 0
8578 0
8578 0
8578 0
8578 0
8578 0
8578 0
8578 0.32782084085723
8578 0.32782084085723
8578 0.32782084085723
8578 2.21616975645239
8578 2.21616975645239
8578 2.21616975645239
8578 1.19346172256582
8619 0
8619 44.3344733205023
8619 44.3344733205023
8619 44.3344733205023
8619 44.3344733205023
8619 0
8619 0.71944417634327
8619 0.71944417634327
8619 0
8619 0
8619 0
8619 0
8619 23.0797688911011
8619 0
8619 0
8619 0
8619 94.7685205602473
8619 1.42552439822874
8619 1.36836456976286
8619 0.779599117221135
8619 0
8619 2.5387698967785
8619 0
8619 0
8619 0
8619 0
8619 0
8619 3.27987893311476
8619 3.27987893311476
8619 3.27987893311476
8619 34.2414771789027
8619 0
8619 0
8619 0
8619 0
8619 0
8619 0
8619 0
8619 0.32782084085723
8619 0.32782084085723
8619 0.32782084085723
8619 2.21616975645239
8619 2.21616975645239
8619 2.21616975645239
8619 1.19346172256582
