pt_graph scale
1412 0
1412 2.4540692504216
1412 2.4540692504216
1412 2.4540692504216
1412 2.4540692504216
1412 0
1412 39.2513579392301
1412 39.2513579392301
1412 0
1412 0
1412 0
1412 0
1412 3.28859935179241
1412 11657.2566432305
1412 11657.2566432305
1412 11657.2566432305
1412 2.06957983337202
1412 3957.7726678515
1412 0
1412 5682.95290015024
1412 0
1412 0.1549824903799
1412 0
1412 0
1412 0
1412 0
1412 98.046815457339
1412 8.78970279054195
1412 8.78970279054195
1412 8.78970279054195
1412 30.498135291802
1412 0
1412 0
1412 0.370638638802016
1412 0
1412 0
1412 11714.8857685522
1412 11714.8857685522
1412 0
1412 0
1412 0
1412 77.7354237742118
1412 77.7354237742118
1412 77.7354237742118
1412 0.190349513685179
1413 0
1413 2.4540692504216
1413 2.4540692504216
1413 2.4540692504216
1413 2.4540692504216
1413 0
1413 39.2513579392301
1413 39.2513579392301
1413 0
1413 0
1413 0
1413 0
1413 3.28859935179241
1413 11657.2566432305
1413 11657.2566432305
1413 11657.2566432305
1413 2.06957983337202
1413 3957.7726678515
1413 0
1413 5682.95290015024
1413 0
1413 0.1549824903799
1413 0
1413 0
1413 0
1413 0
1413 98.046815457339
1413 8.78970279054195
1413 8.78970279054195
1413 8.78970279054195
1413 30.498135291802
1413 0
1413 0
1413 0.370638638802016
1413 0
1413 0
1413 11714.8857685522
1413 11714.8857685522
1413 0
1413 0
1413 0
1413 77.7354237742118
1413 77.7354237742118
1413 77.7354237742118
1413 0.190349513685179
1475 0
1475 2.4540692504216
1475 2.4540692504216
1475 2.4540692504216
1475 2.4540692504216
1475 0
1475 39.2513579392301
1475 39.2513579392301
1475 0
1475 0
1475 0
1475 0
1475 3.28859935179241
1475 11657.2566432305
1475 11657.2566432305
1475 11657.2566432305
1475 2.06957983337202
1475 3957.7726678515
1475 0
1475 5682.95290015024
1475 0
1475 0.1549824903799
1475 0
1475 0
1475 0
1475 0
1475 98.046815457339
1475 8.78970279054195
1475 8.78970279054195
1475 8.78970279054195
1475 30.498135291802
1475 0
1475 0
1475 0.370638638802016
1475 0
1475 0
1475 11714.8857685522
1475 11714.8857685522
1475 0
1475 0
1475 0
1475 77.7354237742118
1475 77.7354237742118
1475 77.7354237742118
1475 0.190349513685179
1546 0
1546 2.4540692504216
1546 2.4540692504216
1546 2.4540692504216
1546 2.4540692504216
1546 0
1546 39.2513579392301
1546 39.2513579392301
1546 0
1546 0
1546 0
1546 0
1546 3.28859935179241
1546 11657.2566432305
1546 11657.2566432305
1546 11657.2566432305
1546 2.06957983337202
1546 3957.7726678515
1546 0
1546 5682.95290015024
1546 0
1546 0.1549824903799
1546 0
1546 0
1546 0
1546 0
1546 98.046815457339
1546 8.78970279054195
1546 8.78970279054195
1546 8.78970279054195
1546 30.498135291802
1546 0
1546 0
1546 0.370638638802016
1546 0
1546 0
1546 11714.8857685522
1546 11714.8857685522
1546 0
1546 0
1546 0
1546 77.7354237742118
1546 77.7354237742118
1546 77.7354237742118
1546 0.190349513685179
1612 0
1612 2.4540692504216
1612 2.4540692504216
1612 2.4540692504216
1612 2.4540692504216
1612 0
1612 39.2513579392301
1612 39.2513579392301
1612 0
1612 0
1612 0
1612 0
1612 3.28859935179241
1612 11657.2566432305
1612 11657.2566432305
1612 11657.2566432305
1612 2.06957983337202
1612 3957.7726678515
1612 0
1612 5682.95290015024
1612 0
1612 0.1549824903799
1612 0
1612 0
1612 0
1612 0
1612 98.046815457339
1612 8.78970279054195
1612 8.78970279054195
1612 8.78970279054195
1612 30.498135291802
1612 0
1612 0
1612 0.370638638802016
1612 0
1612 0
1612 11714.8857685522
1612 11714.8857685522
1612 0
1612 0
1612 0
1612 77.7354237742118
1612 77.7354237742118
1612 77.7354237742118
1612 0.190349513685179
1614 0
1614 2.4540692504216
1614 2.4540692504216
1614 2.4540692504216
1614 2.4540692504216
1614 0
1614 39.2513579392301
1614 39.2513579392301
1614 0
1614 0
1614 0
1614 0
1614 3.28859935179241
1614 11657.2566432305
1614 11657.2566432305
1614 11657.2566432305
1614 2.06957983337202
1614 3957.7726678515
1614 0
1614 5682.95290015024
1614 0
1614 0.1549824903799
1614 0
1614 0
1614 0
1614 0
1614 98.046815457339
1614 8.78970279054195
1614 8.78970279054195
1614 8.78970279054195
1614 30.498135291802
1614 0
1614 0
1614 0.370638638802016
1614 0
1614 0
1614 11714.8857685522
1614 11714.8857685522
1614 0
1614 0
1614 0
1614 77.7354237742118
1614 77.7354237742118
1614 77.7354237742118
1614 0.190349513685179
1690 0
1690 2.4540692504216
1690 2.4540692504216
1690 2.4540692504216
1690 2.4540692504216
1690 0
1690 39.2513579392301
1690 39.2513579392301
1690 0
1690 0
1690 0
1690 0
1690 3.28859935179241
1690 11657.2566432305
1690 11657.2566432305
1690 11657.2566432305
1690 2.06957983337202
1690 3957.7726678515
1690 0
1690 5682.95290015024
1690 0
1690 0.1549824903799
1690 0
1690 0
1690 0
1690 0
1690 98.046815457339
1690 8.78970279054195
1690 8.78970279054195
1690 8.78970279054195
1690 30.498135291802
1690 0
1690 0
1690 0.370638638802016
1690 0
1690 0
1690 11714.8857685522
1690 11714.8857685522
1690 0
1690 0
1690 0
1690 77.7354237742118
1690 77.7354237742118
1690 77.7354237742118
1690 0.190349513685179
1834 0
1834 2.4540692504216
1834 2.4540692504216
1834 2.4540692504216
1834 2.4540692504216
1834 0
1834 39.2513579392301
1834 39.2513579392301
1834 0
1834 0
1834 0
1834 0
1834 3.28859935179241
1834 11657.2566432305
1834 11657.2566432305
1834 11657.2566432305
1834 2.06957983337202
1834 3957.7726678515
1834 0
1834 5682.95290015024
1834 0
1834 0.1549824903799
1834 0
1834 0
1834 0
1834 0
1834 98.046815457339
1834 8.78970279054195
1834 8.78970279054195
1834 8.78970279054195
1834 30.498135291802
1834 0
1834 0
1834 0.370638638802016
1834 0
1834 0
1834 11714.8857685522
1834 11714.8857685522
1834 0
1834 0
1834 0
1834 77.7354237742118
1834 77.7354237742118
1834 77.7354237742118
1834 0.190349513685179
1914 0
1914 2.4540692504216
1914 2.4540692504216
1914 2.4540692504216
1914 2.4540692504216
1914 0
1914 39.2513579392301
1914 39.2513579392301
1914 0
1914 0
1914 0
1914 0
1914 3.28859935179241
1914 11657.2566432305
1914 11657.2566432305
1914 11657.2566432305
1914 2.06957983337202
1914 3957.7726678515
1914 0
1914 5682.95290015024
1914 0
1914 0.1549824903799
1914 0
1914 0
1914 0
1914 0
1914 98.046815457339
1914 8.78970279054195
1914 8.78970279054195
1914 8.78970279054195
1914 30.498135291802
1914 0
1914 0
1914 0.370638638802016
1914 0
1914 0
1914 11714.8857685522
1914 11714.8857685522
1914 0
1914 0
1914 0
1914 77.7354237742118
1914 77.7354237742118
1914 77.7354237742118
1914 0.190349513685179
1915 0
1915 2.4540692504216
1915 2.4540692504216
1915 2.4540692504216
1915 2.4540692504216
1915 0
1915 39.2513579392301
1915 39.2513579392301
1915 0
1915 0
1915 0
1915 0
1915 3.28859935179241
1915 11657.2566432305
1915 11657.2566432305
1915 11657.2566432305
1915 2.06957983337202
1915 3957.7726678515
1915 0
1915 5682.95290015024
1915 0
1915 0.1549824903799
1915 0
1915 0
1915 0
1915 0
1915 98.046815457339
1915 8.78970279054195
1915 8.78970279054195
1915 8.78970279054195
1915 30.498135291802
1915 0
1915 0
1915 0.370638638802016
1915 0
1915 0
1915 11714.8857685522
1915 11714.8857685522
1915 0
1915 0
1915 0
1915 77.7354237742118
1915 77.7354237742118
1915 77.7354237742118
1915 0.190349513685179
1996 0
1996 2.4540692504216
1996 2.4540692504216
1996 2.4540692504216
1996 2.4540692504216
1996 0
1996 39.2513579392301
1996 39.2513579392301
1996 0
1996 0
1996 0
1996 0
1996 3.28859935179241
1996 11657.2566432305
1996 11657.2566432305
1996 11657.2566432305
1996 2.06957983337202
1996 3957.7726678515
1996 0
1996 5682.95290015024
1996 0
1996 0.1549824903799
1996 0
1996 0
1996 0
1996 0
1996 98.046815457339
1996 8.78970279054195
1996 8.78970279054195
1996 8.78970279054195
1996 30.498135291802
1996 0
1996 0
1996 0.370638638802016
1996 0
1996 0
1996 11714.8857685522
1996 11714.8857685522
1996 0
1996 0
1996 0
1996 77.7354237742118
1996 77.7354237742118
1996 77.7354237742118
1996 0.190349513685179
1997 0
1997 2.4540692504216
1997 2.4540692504216
1997 2.4540692504216
1997 2.4540692504216
1997 0
1997 39.2513579392301
1997 39.2513579392301
1997 0
1997 0
1997 0
1997 0
1997 3.28859935179241
1997 11657.2566432305
1997 11657.2566432305
1997 11657.2566432305
1997 2.06957983337202
1997 3957.7726678515
1997 0
1997 5682.95290015024
1997 0
1997 0.1549824903799
1997 0
1997 0
1997 0
1997 0
1997 98.046815457339
1997 8.78970279054195
1997 8.78970279054195
1997 8.78970279054195
1997 30.498135291802
1997 0
1997 0
1997 0.370638638802016
1997 0
1997 0
1997 11714.8857685522
1997 11714.8857685522
1997 0
1997 0
1997 0
1997 77.7354237742118
1997 77.7354237742118
1997 77.7354237742118
1997 0.190349513685179
2044 0
2044 2.4540692504216
2044 2.4540692504216
2044 2.4540692504216
2044 2.4540692504216
2044 0
2044 39.2513579392301
2044 39.2513579392301
2044 0
2044 0
2044 0
2044 0
2044 3.28859935179241
2044 11657.2566432305
2044 11657.2566432305
2044 11657.2566432305
2044 2.06957983337202
2044 3957.7726678515
2044 0
2044 5682.95290015024
2044 0
2044 0.1549824903799
2044 0
2044 0
2044 0
2044 0
2044 98.046815457339
2044 8.78970279054195
2044 8.78970279054195
2044 8.78970279054195
2044 30.498135291802
2044 0
2044 0
2044 0.370638638802016
2044 0
2044 0
2044 11714.8857685522
2044 11714.8857685522
2044 0
2044 0
2044 0
2044 77.7354237742118
2044 77.7354237742118
2044 77.7354237742118
2044 0.190349513685179
2079 0
2079 2.4540692504216
2079 2.4540692504216
2079 2.4540692504216
2079 2.4540692504216
2079 0
2079 39.2513579392301
2079 39.2513579392301
2079 0
2079 0
2079 0
2079 0
2079 3.28859935179241
2079 11657.2566432305
2079 11657.2566432305
2079 11657.2566432305
2079 2.06957983337202
2079 3957.7726678515
2079 0
2079 5682.95290015024
2079 0
2079 0.1549824903799
2079 0
2079 0
2079 0
2079 0
2079 98.046815457339
2079 8.78970279054195
2079 8.78970279054195
2079 8.78970279054195
2079 30.498135291802
2079 0
2079 0
2079 0.370638638802016
2079 0
2079 0
2079 11714.8857685522
2079 11714.8857685522
2079 0
2079 0
2079 0
2079 77.7354237742118
2079 77.7354237742118
2079 77.7354237742118
2079 0.190349513685179
2080 0
2080 2.4540692504216
2080 2.4540692504216
2080 2.4540692504216
2080 2.4540692504216
2080 0
2080 39.2513579392301
2080 39.2513579392301
2080 0
2080 0
2080 0
2080 0
2080 3.28859935179241
2080 11657.2566432305
2080 11657.2566432305
2080 11657.2566432305
2080 2.06957983337202
2080 3957.7726678515
2080 0
2080 5682.95290015024
2080 0
2080 0.1549824903799
2080 0
2080 0
2080 0
2080 0
2080 98.046815457339
2080 8.78970279054195
2080 8.78970279054195
2080 8.78970279054195
2080 30.498135291802
2080 0
2080 0
2080 0.370638638802016
2080 0
2080 0
2080 11714.8857685522
2080 11714.8857685522
2080 0
2080 0
2080 0
2080 77.7354237742118
2080 77.7354237742118
2080 77.7354237742118
2080 0.190349513685179
2167 0
2167 2.4540692504216
2167 2.4540692504216
2167 2.4540692504216
2167 2.4540692504216
2167 0
2167 39.2513579392301
2167 39.2513579392301
2167 0
2167 0
2167 0
2167 0
2167 3.28859935179241
2167 11657.2566432305
2167 11657.2566432305
2167 11657.2566432305
2167 2.06957983337202
2167 3957.7726678515
2167 0
2167 5682.95290015024
2167 0
2167 0.1549824903799
2167 0
2167 0
2167 0
2167 0
2167 98.046815457339
2167 8.78970279054195
2167 8.78970279054195
2167 8.78970279054195
2167 30.498135291802
2167 0
2167 0
2167 0.370638638802016
2167 0
2167 0
2167 11714.8857685522
2167 11714.8857685522
2167 0
2167 0
2167 0
2167 77.7354237742118
2167 77.7354237742118
2167 77.7354237742118
2167 0.190349513685179
2566 0
2566 2.4540692504216
2566 2.4540692504216
2566 2.4540692504216
2566 2.4540692504216
2566 0
2566 39.2513579392301
2566 39.2513579392301
2566 0
2566 0
2566 0
2566 0
2566 3.28859935179241
2566 11657.2566432305
2566 11657.2566432305
2566 11657.2566432305
2566 2.06957983337202
2566 3957.7726678515
2566 0
2566 5682.95290015024
2566 0
2566 0.1549824903799
2566 0
2566 0
2566 0
2566 0
2566 98.046815457339
2566 8.78970279054195
2566 8.78970279054195
2566 8.78970279054195
2566 30.498135291802
2566 0
2566 0
2566 0.370638638802016
2566 0
2566 0
2566 11714.8857685522
2566 11714.8857685522
2566 0
2566 0
2566 0
2566 77.7354237742118
2566 77.7354237742118
2566 77.7354237742118
2566 0.190349513685179
2582 0
2582 2.4540692504216
2582 2.4540692504216
2582 2.4540692504216
2582 2.4540692504216
2582 0
2582 39.2513579392301
2582 39.2513579392301
2582 0
2582 0
2582 0
2582 0
2582 3.28859935179241
2582 11657.2566432305
2582 11657.2566432305
2582 11657.2566432305
2582 2.06957983337202
2582 3957.7726678515
2582 0
2582 5682.95290015024
2582 0
2582 0.1549824903799
2582 0
2582 0
2582 0
2582 0
2582 98.046815457339
2582 8.78970279054195
2582 8.78970279054195
2582 8.78970279054195
2582 30.498135291802
2582 0
2582 0
2582 0.370638638802016
2582 0
2582 0
2582 11714.8857685522
2582 11714.8857685522
2582 0
2582 0
2582 0
2582 77.7354237742118
2582 77.7354237742118
2582 77.7354237742118
2582 0.190349513685179
2650 0
2650 2.4540692504216
2650 2.4540692504216
2650 2.4540692504216
2650 2.4540692504216
2650 0
2650 39.2513579392301
2650 39.2513579392301
2650 0
2650 0
2650 0
2650 0
2650 3.28859935179241
2650 11657.2566432305
2650 11657.2566432305
2650 11657.2566432305
2650 2.06957983337202
2650 3957.7726678515
2650 0
2650 5682.95290015024
2650 0
2650 0.1549824903799
2650 0
2650 0
2650 0
2650 0
2650 98.046815457339
2650 8.78970279054195
2650 8.78970279054195
2650 8.78970279054195
2650 30.498135291802
2650 0
2650 0
2650 0.370638638802016
2650 0
2650 0
2650 11714.8857685522
2650 11714.8857685522
2650 0
2650 0
2650 0
2650 77.7354237742118
2650 77.7354237742118
2650 77.7354237742118
2650 0.190349513685179
2652 0
2652 2.4540692504216
2652 2.4540692504216
2652 2.4540692504216
2652 2.4540692504216
2652 0
2652 39.2513579392301
2652 39.2513579392301
2652 0
2652 0
2652 0
2652 0
2652 3.28859935179241
2652 11657.2566432305
2652 11657.2566432305
2652 11657.2566432305
2652 2.06957983337202
2652 3957.7726678515
2652 0
2652 5682.95290015024
2652 0
2652 0.1549824903799
2652 0
2652 0
2652 0
2652 0
2652 98.046815457339
2652 8.78970279054195
2652 8.78970279054195
2652 8.78970279054195
2652 30.498135291802
2652 0
2652 0
2652 0.370638638802016
2652 0
2652 0
2652 11714.8857685522
2652 11714.8857685522
2652 0
2652 0
2652 0
2652 77.7354237742118
2652 77.7354237742118
2652 77.7354237742118
2652 0.190349513685179
2732 0
2732 2.4540692504216
2732 2.4540692504216
2732 2.4540692504216
2732 2.4540692504216
2732 0
2732 39.2513579392301
2732 39.2513579392301
2732 0
2732 0
2732 0
2732 0
2732 3.28859935179241
2732 11657.2566432305
2732 11657.2566432305
2732 11657.2566432305
2732 2.06957983337202
2732 3957.7726678515
2732 0
2732 5682.95290015024
2732 0
2732 0.1549824903799
2732 0
2732 0
2732 0
2732 0
2732 98.046815457339
2732 8.78970279054195
2732 8.78970279054195
2732 8.78970279054195
2732 30.498135291802
2732 0
2732 0
2732 0.370638638802016
2732 0
2732 0
2732 11714.8857685522
2732 11714.8857685522
2732 0
2732 0
2732 0
2732 77.7354237742118
2732 77.7354237742118
2732 77.7354237742118
2732 0.190349513685179
2735 0
2735 2.4540692504216
2735 2.4540692504216
2735 2.4540692504216
2735 2.4540692504216
2735 0
2735 39.2513579392301
2735 39.2513579392301
2735 0
2735 0
2735 0
2735 0
2735 3.28859935179241
2735 11657.2566432305
2735 11657.2566432305
2735 11657.2566432305
2735 2.06957983337202
2735 3957.7726678515
2735 0
2735 5682.95290015024
2735 0
2735 0.1549824903799
2735 0
2735 0
2735 0
2735 0
2735 98.046815457339
2735 8.78970279054195
2735 8.78970279054195
2735 8.78970279054195
2735 30.498135291802
2735 0
2735 0
2735 0.370638638802016
2735 0
2735 0
2735 11714.8857685522
2735 11714.8857685522
2735 0
2735 0
2735 0
2735 77.7354237742118
2735 77.7354237742118
2735 77.7354237742118
2735 0.190349513685179
2775 0
2775 2.4540692504216
2775 2.4540692504216
2775 2.4540692504216
2775 2.4540692504216
2775 0
2775 39.2513579392301
2775 39.2513579392301
2775 0
2775 0
2775 0
2775 0
2775 3.28859935179241
2775 11657.2566432305
2775 11657.2566432305
2775 11657.2566432305
2775 2.06957983337202
2775 3957.7726678515
2775 0
2775 5682.95290015024
2775 0
2775 0.1549824903799
2775 0
2775 0
2775 0
2775 0
2775 98.046815457339
2775 8.78970279054195
2775 8.78970279054195
2775 8.78970279054195
2775 30.498135291802
2775 0
2775 0
2775 0.370638638802016
2775 0
2775 0
2775 11714.8857685522
2775 11714.8857685522
2775 0
2775 0
2775 0
2775 77.7354237742118
2775 77.7354237742118
2775 77.7354237742118
2775 0.190349513685179
2814 0
2814 2.4540692504216
2814 2.4540692504216
2814 2.4540692504216
2814 2.4540692504216
2814 0
2814 39.2513579392301
2814 39.2513579392301
2814 0
2814 0
2814 0
2814 0
2814 3.28859935179241
2814 11657.2566432305
2814 11657.2566432305
2814 11657.2566432305
2814 2.06957983337202
2814 3957.7726678515
2814 0
2814 5682.95290015024
2814 0
2814 0.1549824903799
2814 0
2814 0
2814 0
2814 0
2814 98.046815457339
2814 8.78970279054195
2814 8.78970279054195
2814 8.78970279054195
2814 30.498135291802
2814 0
2814 0
2814 0.370638638802016
2814 0
2814 0
2814 11714.8857685522
2814 11714.8857685522
2814 0
2814 0
2814 0
2814 77.7354237742118
2814 77.7354237742118
2814 77.7354237742118
2814 0.190349513685179
2816 0
2816 2.4540692504216
2816 2.4540692504216
2816 2.4540692504216
2816 2.4540692504216
2816 0
2816 39.2513579392301
2816 39.2513579392301
2816 0
2816 0
2816 0
2816 0
2816 3.28859935179241
2816 11657.2566432305
2816 11657.2566432305
2816 11657.2566432305
2816 2.06957983337202
2816 3957.7726678515
2816 0
2816 5682.95290015024
2816 0
2816 0.1549824903799
2816 0
2816 0
2816 0
2816 0
2816 98.046815457339
2816 8.78970279054195
2816 8.78970279054195
2816 8.78970279054195
2816 30.498135291802
2816 0
2816 0
2816 0.370638638802016
2816 0
2816 0
2816 11714.8857685522
2816 11714.8857685522
2816 0
2816 0
2816 0
2816 77.7354237742118
2816 77.7354237742118
2816 77.7354237742118
2816 0.190349513685179
2821 0
2821 2.4540692504216
2821 2.4540692504216
2821 2.4540692504216
2821 2.4540692504216
2821 0
2821 39.2513579392301
2821 39.2513579392301
2821 0
2821 0
2821 0
2821 0
2821 3.28859935179241
2821 11657.2566432305
2821 11657.2566432305
2821 11657.2566432305
2821 2.06957983337202
2821 3957.7726678515
2821 0
2821 5682.95290015024
2821 0
2821 0.1549824903799
2821 0
2821 0
2821 0
2821 0
2821 98.046815457339
2821 8.78970279054195
2821 8.78970279054195
2821 8.78970279054195
2821 30.498135291802
2821 0
2821 0
2821 0.370638638802016
2821 0
2821 0
2821 11714.8857685522
2821 11714.8857685522
2821 0
2821 0
2821 0
2821 77.7354237742118
2821 77.7354237742118
2821 77.7354237742118
2821 0.190349513685179
2890 0
2890 2.4540692504216
2890 2.4540692504216
2890 2.4540692504216
2890 2.4540692504216
2890 0
2890 39.2513579392301
2890 39.2513579392301
2890 0
2890 0
2890 0
2890 0
2890 3.28859935179241
2890 11657.2566432305
2890 11657.2566432305
2890 11657.2566432305
2890 2.06957983337202
2890 3957.7726678515
2890 0
2890 5682.95290015024
2890 0
2890 0.1549824903799
2890 0
2890 0
2890 0
2890 0
2890 98.046815457339
2890 8.78970279054195
2890 8.78970279054195
2890 8.78970279054195
2890 30.498135291802
2890 0
2890 0
2890 0.370638638802016
2890 0
2890 0
2890 11714.8857685522
2890 11714.8857685522
2890 0
2890 0
2890 0
2890 77.7354237742118
2890 77.7354237742118
2890 77.7354237742118
2890 0.190349513685179
2935 0
2935 2.4540692504216
2935 2.4540692504216
2935 2.4540692504216
2935 2.4540692504216
2935 0
2935 39.2513579392301
2935 39.2513579392301
2935 0
2935 0
2935 0
2935 0
2935 3.28859935179241
2935 11657.2566432305
2935 11657.2566432305
2935 11657.2566432305
2935 2.06957983337202
2935 3957.7726678515
2935 0
2935 5682.95290015024
2935 0
2935 0.1549824903799
2935 0
2935 0
2935 0
2935 0
2935 98.046815457339
2935 8.78970279054195
2935 8.78970279054195
2935 8.78970279054195
2935 30.498135291802
2935 0
2935 0
2935 0.370638638802016
2935 0
2935 0
2935 11714.8857685522
2935 11714.8857685522
2935 0
2935 0
2935 0
2935 77.7354237742118
2935 77.7354237742118
2935 77.7354237742118
2935 0.190349513685179
3086 0
3086 2.4540692504216
3086 2.4540692504216
3086 2.4540692504216
3086 2.4540692504216
3086 0
3086 39.2513579392301
3086 39.2513579392301
3086 0
3086 0
3086 0
3086 0
3086 3.28859935179241
3086 11657.2566432305
3086 11657.2566432305
3086 11657.2566432305
3086 2.06957983337202
3086 3957.7726678515
3086 0
3086 5682.95290015024
3086 0
3086 0.1549824903799
3086 0
3086 0
3086 0
3086 0
3086 98.046815457339
3086 8.78970279054195
3086 8.78970279054195
3086 8.78970279054195
3086 30.498135291802
3086 0
3086 0
3086 0.370638638802016
3086 0
3086 0
3086 11714.8857685522
3086 11714.8857685522
3086 0
3086 0
3086 0
3086 77.7354237742118
3086 77.7354237742118
3086 77.7354237742118
3086 0.190349513685179
3085 0
3085 2.4540692504216
3085 2.4540692504216
3085 2.4540692504216
3085 2.4540692504216
3085 0
3085 39.2513579392301
3085 39.2513579392301
3085 0
3085 0
3085 0
3085 0
3085 3.28859935179241
3085 11657.2566432305
3085 11657.2566432305
3085 11657.2566432305
3085 2.06957983337202
3085 3957.7726678515
3085 0
3085 5682.95290015024
3085 0
3085 0.1549824903799
3085 0
3085 0
3085 0
3085 0
3085 98.046815457339
3085 8.78970279054195
3085 8.78970279054195
3085 8.78970279054195
3085 30.498135291802
3085 0
3085 0
3085 0.370638638802016
3085 0
3085 0
3085 11714.8857685522
3085 11714.8857685522
3085 0
3085 0
3085 0
3085 77.7354237742118
3085 77.7354237742118
3085 77.7354237742118
3085 0.190349513685179
3157 0
3157 2.4540692504216
3157 2.4540692504216
3157 2.4540692504216
3157 2.4540692504216
3157 0
3157 39.2513579392301
3157 39.2513579392301
3157 0
3157 0
3157 0
3157 0
3157 3.28859935179241
3157 11657.2566432305
3157 11657.2566432305
3157 11657.2566432305
3157 2.06957983337202
3157 3957.7726678515
3157 0
3157 5682.95290015024
3157 0
3157 0.1549824903799
3157 0
3157 0
3157 0
3157 0
3157 98.046815457339
3157 8.78970279054195
3157 8.78970279054195
3157 8.78970279054195
3157 30.498135291802
3157 0
3157 0
3157 0.370638638802016
3157 0
3157 0
3157 11714.8857685522
3157 11714.8857685522
3157 0
3157 0
3157 0
3157 77.7354237742118
3157 77.7354237742118
3157 77.7354237742118
3157 0.190349513685179
3236 0
3236 2.4540692504216
3236 2.4540692504216
3236 2.4540692504216
3236 2.4540692504216
3236 0
3236 39.2513579392301
3236 39.2513579392301
3236 0
3236 0
3236 0
3236 0
3236 3.28859935179241
3236 11657.2566432305
3236 11657.2566432305
3236 11657.2566432305
3236 2.06957983337202
3236 3957.7726678515
3236 0
3236 5682.95290015024
3236 0
3236 0.1549824903799
3236 0
3236 0
3236 0
3236 0
3236 98.046815457339
3236 8.78970279054195
3236 8.78970279054195
3236 8.78970279054195
3236 30.498135291802
3236 0
3236 0
3236 0.370638638802016
3236 0
3236 0
3236 11714.8857685522
3236 11714.8857685522
3236 0
3236 0
3236 0
3236 77.7354237742118
3236 77.7354237742118
3236 77.7354237742118
3236 0.190349513685179
3569 0
3569 2.4540692504216
3569 2.4540692504216
3569 2.4540692504216
3569 2.4540692504216
3569 0
3569 39.2513579392301
3569 39.2513579392301
3569 0
3569 0
3569 0
3569 0
3569 3.28859935179241
3569 11657.2566432305
3569 11657.2566432305
3569 11657.2566432305
3569 2.06957983337202
3569 3957.7726678515
3569 0
3569 5682.95290015024
3569 0
3569 0.1549824903799
3569 0
3569 0
3569 0
3569 0
3569 98.046815457339
3569 8.78970279054195
3569 8.78970279054195
3569 8.78970279054195
3569 30.498135291802
3569 0
3569 0
3569 0.370638638802016
3569 0
3569 0
3569 11714.8857685522
3569 11714.8857685522
3569 0
3569 0
3569 0
3569 77.7354237742118
3569 77.7354237742118
3569 77.7354237742118
3569 0.190349513685179
4167 0
4167 2.4540692504216
4167 2.4540692504216
4167 2.4540692504216
4167 2.4540692504216
4167 0
4167 39.2513579392301
4167 39.2513579392301
4167 0
4167 0
4167 0
4167 0
4167 3.28859935179241
4167 11657.2566432305
4167 11657.2566432305
4167 11657.2566432305
4167 2.06957983337202
4167 3957.7726678515
4167 0
4167 5682.95290015024
4167 0
4167 0.1549824903799
4167 0
4167 0
4167 0
4167 0
4167 98.046815457339
4167 8.78970279054195
4167 8.78970279054195
4167 8.78970279054195
4167 30.498135291802
4167 0
4167 0
4167 0.370638638802016
4167 0
4167 0
4167 11714.8857685522
4167 11714.8857685522
4167 0
4167 0
4167 0
4167 77.7354237742118
4167 77.7354237742118
4167 77.7354237742118
4167 0.190349513685179
4716 0
4716 2.4540692504216
4716 2.4540692504216
4716 2.4540692504216
4716 2.4540692504216
4716 0
4716 39.2513579392301
4716 39.2513579392301
4716 0
4716 0
4716 0
4716 0
4716 3.28859935179241
4716 11657.2566432305
4716 11657.2566432305
4716 11657.2566432305
4716 2.06957983337202
4716 3957.7726678515
4716 0
4716 5682.95290015024
4716 0
4716 0.1549824903799
4716 0
4716 0
4716 0
4716 0
4716 98.046815457339
4716 8.78970279054195
4716 8.78970279054195
4716 8.78970279054195
4716 30.498135291802
4716 0
4716 0
4716 0.370638638802016
4716 0
4716 0
4716 11714.8857685522
4716 11714.8857685522
4716 0
4716 0
4716 0
4716 77.7354237742118
4716 77.7354237742118
4716 77.7354237742118
4716 0.190349513685179
4890 0
4890 2.4540692504216
4890 2.4540692504216
4890 2.4540692504216
4890 2.4540692504216
4890 0
4890 39.2513579392301
4890 39.2513579392301
4890 0
4890 0
4890 0
4890 0
4890 3.28859935179241
4890 11657.2566432305
4890 11657.2566432305
4890 11657.2566432305
4890 2.06957983337202
4890 3957.7726678515
4890 0
4890 5682.95290015024
4890 0
4890 0.1549824903799
4890 0
4890 0
4890 0
4890 0
4890 98.046815457339
4890 8.78970279054195
4890 8.78970279054195
4890 8.78970279054195
4890 30.498135291802
4890 0
4890 0
4890 0.370638638802016
4890 0
4890 0
4890 11714.8857685522
4890 11714.8857685522
4890 0
4890 0
4890 0
4890 77.7354237742118
4890 77.7354237742118
4890 77.7354237742118
4890 0.190349513685179
4981 0
4981 2.4540692504216
4981 2.4540692504216
4981 2.4540692504216
4981 2.4540692504216
4981 0
4981 39.2513579392301
4981 39.2513579392301
4981 0
4981 0
4981 0
4981 0
4981 3.28859935179241
4981 11657.2566432305
4981 11657.2566432305
4981 11657.2566432305
4981 2.06957983337202
4981 3957.7726678515
4981 0
4981 5682.95290015024
4981 0
4981 0.1549824903799
4981 0
4981 0
4981 0
4981 0
4981 98.046815457339
4981 8.78970279054195
4981 8.78970279054195
4981 8.78970279054195
4981 30.498135291802
4981 0
4981 0
4981 0.370638638802016
4981 0
4981 0
4981 11714.8857685522
4981 11714.8857685522
4981 0
4981 0
4981 0
4981 77.7354237742118
4981 77.7354237742118
4981 77.7354237742118
4981 0.190349513685179
9794 0
9794 2.4540692504216
9794 2.4540692504216
9794 2.4540692504216
9794 2.4540692504216
9794 0
9794 39.2513579392301
9794 39.2513579392301
9794 0
9794 0
9794 0
9794 0
9794 3.28859935179241
9794 11657.2566432305
9794 11657.2566432305
9794 11657.2566432305
9794 2.06957983337202
9794 3957.7726678515
9794 0
9794 5682.95290015024
9794 0
9794 0.1549824903799
9794 0
9794 0
9794 0
9794 0
9794 98.046815457339
9794 8.78970279054195
9794 8.78970279054195
9794 8.78970279054195
9794 30.498135291802
9794 0
9794 0
9794 0.370638638802016
9794 0
9794 0
9794 11714.8857685522
9794 11714.8857685522
9794 0
9794 0
9794 0
9794 77.7354237742118
9794 77.7354237742118
9794 77.7354237742118
9794 0.190349513685179
5163 0
5163 2.4540692504216
5163 2.4540692504216
5163 2.4540692504216
5163 2.4540692504216
5163 0
5163 39.2513579392301
5163 39.2513579392301
5163 0
5163 0
5163 0
5163 0
5163 3.28859935179241
5163 11657.2566432305
5163 11657.2566432305
5163 11657.2566432305
5163 2.06957983337202
5163 3957.7726678515
5163 0
5163 5682.95290015024
5163 0
5163 0.1549824903799
5163 0
5163 0
5163 0
5163 0
5163 98.046815457339
5163 8.78970279054195
5163 8.78970279054195
5163 8.78970279054195
5163 30.498135291802
5163 0
5163 0
5163 0.370638638802016
5163 0
5163 0
5163 11714.8857685522
5163 11714.8857685522
5163 0
5163 0
5163 0
5163 77.7354237742118
5163 77.7354237742118
5163 77.7354237742118
5163 0.190349513685179
5430 0
5430 2.4540692504216
5430 2.4540692504216
5430 2.4540692504216
5430 2.4540692504216
5430 0
5430 39.2513579392301
5430 39.2513579392301
5430 0
5430 0
5430 0
5430 0
5430 3.28859935179241
5430 11657.2566432305
5430 11657.2566432305
5430 11657.2566432305
5430 2.06957983337202
5430 3957.7726678515
5430 0
5430 5682.95290015024
5430 0
5430 0.1549824903799
5430 0
5430 0
5430 0
5430 0
5430 98.046815457339
5430 8.78970279054195
5430 8.78970279054195
5430 8.78970279054195
5430 30.498135291802
5430 0
5430 0
5430 0.370638638802016
5430 0
5430 0
5430 11714.8857685522
5430 11714.8857685522
5430 0
5430 0
5430 0
5430 77.7354237742118
5430 77.7354237742118
5430 77.7354237742118
5430 0.190349513685179
5608 0
5608 2.4540692504216
5608 2.4540692504216
5608 2.4540692504216
5608 2.4540692504216
5608 0
5608 39.2513579392301
5608 39.2513579392301
5608 0
5608 0
5608 0
5608 0
5608 3.28859935179241
5608 11657.2566432305
5608 11657.2566432305
5608 11657.2566432305
5608 2.06957983337202
5608 3957.7726678515
5608 0
5608 5682.95290015024
5608 0
5608 0.1549824903799
5608 0
5608 0
5608 0
5608 0
5608 98.046815457339
5608 8.78970279054195
5608 8.78970279054195
5608 8.78970279054195
5608 30.498135291802
5608 0
5608 0
5608 0.370638638802016
5608 0
5608 0
5608 11714.8857685522
5608 11714.8857685522
5608 0
5608 0
5608 0
5608 77.7354237742118
5608 77.7354237742118
5608 77.7354237742118
5608 0.190349513685179
5879 0
5879 2.4540692504216
5879 2.4540692504216
5879 2.4540692504216
5879 2.4540692504216
5879 0
5879 39.2513579392301
5879 39.2513579392301
5879 0
5879 0
5879 0
5879 0
5879 3.28859935179241
5879 11657.2566432305
5879 11657.2566432305
5879 11657.2566432305
5879 2.06957983337202
5879 3957.7726678515
5879 0
5879 5682.95290015024
5879 0
5879 0.1549824903799
5879 0
5879 0
5879 0
5879 0
5879 98.046815457339
5879 8.78970279054195
5879 8.78970279054195
5879 8.78970279054195
5879 30.498135291802
5879 0
5879 0
5879 0.370638638802016
5879 0
5879 0
5879 11714.8857685522
5879 11714.8857685522
5879 0
5879 0
5879 0
5879 77.7354237742118
5879 77.7354237742118
5879 77.7354237742118
5879 0.190349513685179
