pt_graph cpue_kghour
1824 0
1824 52.4575418965593
1824 52.4575418965593
1824 52.4575418965593
1824 52.4575418965593
1824 0
1824 4.31806184596379
1824 4.31806184596379
1824 17.6262098114515
1824 17.6262098114515
1824 17.6262098114515
1824 0
1824 1.20997765409178
1824 6.34181050716048
1824 6.34181050716048
1824 6.34181050716048
1824 0.73452343271322
1824 0.319952407068434
1824 0.831783600927938
1824 2.36653655913599
1824 0
1824 1.38872753580014
1824 0
1824 0
1824 13.2285772528462
1824 13.2285772528462
1824 0
1824 13.9912208257612
1824 13.9912208257612
1824 13.9912208257612
1824 2.82057729300058
1824 0
1824 0
1824 964.358135011162
1824 1.00962340647607
1824 1.00962340647607
1824 8.46827030493397
1824 8.46827030493397
1824 0.65693225042096
1824 0.65693225042096
1824 0.65693225042096
1824 1.13483962413451
1824 1.13483962413451
1824 1.13483962413451
1824 0.621681871783126
1827 0
1827 52.4575418965593
1827 52.4575418965593
1827 52.4575418965593
1827 52.4575418965593
1827 0
1827 4.31806184596379
1827 4.31806184596379
1827 17.6262098114515
1827 17.6262098114515
1827 17.6262098114515
1827 0
1827 1.20997765409178
1827 6.34181050716048
1827 6.34181050716048
1827 6.34181050716048
1827 0.73452343271322
1827 0.319952407068434
1827 0.831783600927938
1827 2.36653655913599
1827 0
1827 1.38872753580014
1827 0
1827 0
1827 13.2285772528462
1827 13.2285772528462
1827 0
1827 13.9912208257612
1827 13.9912208257612
1827 13.9912208257612
1827 2.82057729300058
1827 0
1827 0
1827 964.358135011162
1827 1.00962340647607
1827 1.00962340647607
1827 8.46827030493397
1827 8.46827030493397
1827 0.65693225042096
1827 0.65693225042096
1827 0.65693225042096
1827 1.13483962413451
1827 1.13483962413451
1827 1.13483962413451
1827 0.621681871783126
2236 0
2236 52.4575418965593
2236 52.4575418965593
2236 52.4575418965593
2236 52.4575418965593
2236 0
2236 4.31806184596379
2236 4.31806184596379
2236 17.6262098114515
2236 17.6262098114515
2236 17.6262098114515
2236 0
2236 1.20997765409178
2236 6.34181050716048
2236 6.34181050716048
2236 6.34181050716048
2236 0.73452343271322
2236 0.319952407068434
2236 0.831783600927938
2236 2.36653655913599
2236 0
2236 1.38872753580014
2236 0
2236 0
2236 13.2285772528462
2236 13.2285772528462
2236 0
2236 13.9912208257612
2236 13.9912208257612
2236 13.9912208257612
2236 2.82057729300058
2236 0
2236 0
2236 964.358135011162
2236 1.00962340647607
2236 1.00962340647607
2236 8.46827030493397
2236 8.46827030493397
2236 0.65693225042096
2236 0.65693225042096
2236 0.65693225042096
2236 1.13483962413451
2236 1.13483962413451
2236 1.13483962413451
2236 0.621681871783126
2240 0
2240 52.4575418965593
2240 52.4575418965593
2240 52.4575418965593
2240 52.4575418965593
2240 0
2240 4.31806184596379
2240 4.31806184596379
2240 17.6262098114515
2240 17.6262098114515
2240 17.6262098114515
2240 0
2240 1.20997765409178
2240 6.34181050716048
2240 6.34181050716048
2240 6.34181050716048
2240 0.73452343271322
2240 0.319952407068434
2240 0.831783600927938
2240 2.36653655913599
2240 0
2240 1.38872753580014
2240 0
2240 0
2240 13.2285772528462
2240 13.2285772528462
2240 0
2240 13.9912208257612
2240 13.9912208257612
2240 13.9912208257612
2240 2.82057729300058
2240 0
2240 0
2240 964.358135011162
2240 1.00962340647607
2240 1.00962340647607
2240 8.46827030493397
2240 8.46827030493397
2240 0.65693225042096
2240 0.65693225042096
2240 0.65693225042096
2240 1.13483962413451
2240 1.13483962413451
2240 1.13483962413451
2240 0.621681871783126
2391 0
2391 52.4575418965593
2391 52.4575418965593
2391 52.4575418965593
2391 52.4575418965593
2391 0
2391 4.31806184596379
2391 4.31806184596379
2391 17.6262098114515
2391 17.6262098114515
2391 17.6262098114515
2391 0
2391 1.20997765409178
2391 6.34181050716048
2391 6.34181050716048
2391 6.34181050716048
2391 0.73452343271322
2391 0.319952407068434
2391 0.831783600927938
2391 2.36653655913599
2391 0
2391 1.38872753580014
2391 0
2391 0
2391 13.2285772528462
2391 13.2285772528462
2391 0
2391 13.9912208257612
2391 13.9912208257612
2391 13.9912208257612
2391 2.82057729300058
2391 0
2391 0
2391 964.358135011162
2391 1.00962340647607
2391 1.00962340647607
2391 8.46827030493397
2391 8.46827030493397
2391 0.65693225042096
2391 0.65693225042096
2391 0.65693225042096
2391 1.13483962413451
2391 1.13483962413451
2391 1.13483962413451
2391 0.621681871783126
2469 0
2469 52.4575418965593
2469 52.4575418965593
2469 52.4575418965593
2469 52.4575418965593
2469 0
2469 4.31806184596379
2469 4.31806184596379
2469 17.6262098114515
2469 17.6262098114515
2469 17.6262098114515
2469 0
2469 1.20997765409178
2469 6.34181050716048
2469 6.34181050716048
2469 6.34181050716048
2469 0.73452343271322
2469 0.319952407068434
2469 0.831783600927938
2469 2.36653655913599
2469 0
2469 1.38872753580014
2469 0
2469 0
2469 13.2285772528462
2469 13.2285772528462
2469 0
2469 13.9912208257612
2469 13.9912208257612
2469 13.9912208257612
2469 2.82057729300058
2469 0
2469 0
2469 964.358135011162
2469 1.00962340647607
2469 1.00962340647607
2469 8.46827030493397
2469 8.46827030493397
2469 0.65693225042096
2469 0.65693225042096
2469 0.65693225042096
2469 1.13483962413451
2469 1.13483962413451
2469 1.13483962413451
2469 0.621681871783126
10662 0
10662 52.4575418965593
10662 52.4575418965593
10662 52.4575418965593
10662 52.4575418965593
10662 0
10662 4.31806184596379
10662 4.31806184596379
10662 17.6262098114515
10662 17.6262098114515
10662 17.6262098114515
10662 0
10662 1.20997765409178
10662 6.34181050716048
10662 6.34181050716048
10662 6.34181050716048
10662 0.73452343271322
10662 0.319952407068434
10662 0.831783600927938
10662 2.36653655913599
10662 0
10662 1.38872753580014
10662 0
10662 0
10662 13.2285772528462
10662 13.2285772528462
10662 0
10662 13.9912208257612
10662 13.9912208257612
10662 13.9912208257612
10662 2.82057729300058
10662 0
10662 0
10662 964.358135011162
10662 1.00962340647607
10662 1.00962340647607
10662 8.46827030493397
10662 8.46827030493397
10662 0.65693225042096
10662 0.65693225042096
10662 0.65693225042096
10662 1.13483962413451
10662 1.13483962413451
10662 1.13483962413451
10662 0.621681871783126
2547 0
2547 52.4575418965593
2547 52.4575418965593
2547 52.4575418965593
2547 52.4575418965593
2547 0
2547 4.31806184596379
2547 4.31806184596379
2547 17.6262098114515
2547 17.6262098114515
2547 17.6262098114515
2547 0
2547 1.20997765409178
2547 6.34181050716048
2547 6.34181050716048
2547 6.34181050716048
2547 0.73452343271322
2547 0.319952407068434
2547 0.831783600927938
2547 2.36653655913599
2547 0
2547 1.38872753580014
2547 0
2547 0
2547 13.2285772528462
2547 13.2285772528462
2547 0
2547 13.9912208257612
2547 13.9912208257612
2547 13.9912208257612
2547 2.82057729300058
2547 0
2547 0
2547 964.358135011162
2547 1.00962340647607
2547 1.00962340647607
2547 8.46827030493397
2547 8.46827030493397
2547 0.65693225042096
2547 0.65693225042096
2547 0.65693225042096
2547 1.13483962413451
2547 1.13483962413451
2547 1.13483962413451
2547 0.621681871783126
2480 0
2480 52.4575418965593
2480 52.4575418965593
2480 52.4575418965593
2480 52.4575418965593
2480 0
2480 4.31806184596379
2480 4.31806184596379
2480 17.6262098114515
2480 17.6262098114515
2480 17.6262098114515
2480 0
2480 1.20997765409178
2480 6.34181050716048
2480 6.34181050716048
2480 6.34181050716048
2480 0.73452343271322
2480 0.319952407068434
2480 0.831783600927938
2480 2.36653655913599
2480 0
2480 1.38872753580014
2480 0
2480 0
2480 13.2285772528462
2480 13.2285772528462
2480 0
2480 13.9912208257612
2480 13.9912208257612
2480 13.9912208257612
2480 2.82057729300058
2480 0
2480 0
2480 964.358135011162
2480 1.00962340647607
2480 1.00962340647607
2480 8.46827030493397
2480 8.46827030493397
2480 0.65693225042096
2480 0.65693225042096
2480 0.65693225042096
2480 1.13483962413451
2480 1.13483962413451
2480 1.13483962413451
2480 0.621681871783126
2548 0
2548 52.4575418965593
2548 52.4575418965593
2548 52.4575418965593
2548 52.4575418965593
2548 0
2548 4.31806184596379
2548 4.31806184596379
2548 17.6262098114515
2548 17.6262098114515
2548 17.6262098114515
2548 0
2548 1.20997765409178
2548 6.34181050716048
2548 6.34181050716048
2548 6.34181050716048
2548 0.73452343271322
2548 0.319952407068434
2548 0.831783600927938
2548 2.36653655913599
2548 0
2548 1.38872753580014
2548 0
2548 0
2548 13.2285772528462
2548 13.2285772528462
2548 0
2548 13.9912208257612
2548 13.9912208257612
2548 13.9912208257612
2548 2.82057729300058
2548 0
2548 0
2548 964.358135011162
2548 1.00962340647607
2548 1.00962340647607
2548 8.46827030493397
2548 8.46827030493397
2548 0.65693225042096
2548 0.65693225042096
2548 0.65693225042096
2548 1.13483962413451
2548 1.13483962413451
2548 1.13483962413451
2548 0.621681871783126
2549 0
2549 52.4575418965593
2549 52.4575418965593
2549 52.4575418965593
2549 52.4575418965593
2549 0
2549 4.31806184596379
2549 4.31806184596379
2549 17.6262098114515
2549 17.6262098114515
2549 17.6262098114515
2549 0
2549 1.20997765409178
2549 6.34181050716048
2549 6.34181050716048
2549 6.34181050716048
2549 0.73452343271322
2549 0.319952407068434
2549 0.831783600927938
2549 2.36653655913599
2549 0
2549 1.38872753580014
2549 0
2549 0
2549 13.2285772528462
2549 13.2285772528462
2549 0
2549 13.9912208257612
2549 13.9912208257612
2549 13.9912208257612
2549 2.82057729300058
2549 0
2549 0
2549 964.358135011162
2549 1.00962340647607
2549 1.00962340647607
2549 8.46827030493397
2549 8.46827030493397
2549 0.65693225042096
2549 0.65693225042096
2549 0.65693225042096
2549 1.13483962413451
2549 1.13483962413451
2549 1.13483962413451
2549 0.621681871783126
2486 0
2486 52.4575418965593
2486 52.4575418965593
2486 52.4575418965593
2486 52.4575418965593
2486 0
2486 4.31806184596379
2486 4.31806184596379
2486 17.6262098114515
2486 17.6262098114515
2486 17.6262098114515
2486 0
2486 1.20997765409178
2486 6.34181050716048
2486 6.34181050716048
2486 6.34181050716048
2486 0.73452343271322
2486 0.319952407068434
2486 0.831783600927938
2486 2.36653655913599
2486 0
2486 1.38872753580014
2486 0
2486 0
2486 13.2285772528462
2486 13.2285772528462
2486 0
2486 13.9912208257612
2486 13.9912208257612
2486 13.9912208257612
2486 2.82057729300058
2486 0
2486 0
2486 964.358135011162
2486 1.00962340647607
2486 1.00962340647607
2486 8.46827030493397
2486 8.46827030493397
2486 0.65693225042096
2486 0.65693225042096
2486 0.65693225042096
2486 1.13483962413451
2486 1.13483962413451
2486 1.13483962413451
2486 0.621681871783126
2633 0
2633 52.4575418965593
2633 52.4575418965593
2633 52.4575418965593
2633 52.4575418965593
2633 0
2633 4.31806184596379
2633 4.31806184596379
2633 17.6262098114515
2633 17.6262098114515
2633 17.6262098114515
2633 0
2633 1.20997765409178
2633 6.34181050716048
2633 6.34181050716048
2633 6.34181050716048
2633 0.73452343271322
2633 0.319952407068434
2633 0.831783600927938
2633 2.36653655913599
2633 0
2633 1.38872753580014
2633 0
2633 0
2633 13.2285772528462
2633 13.2285772528462
2633 0
2633 13.9912208257612
2633 13.9912208257612
2633 13.9912208257612
2633 2.82057729300058
2633 0
2633 0
2633 964.358135011162
2633 1.00962340647607
2633 1.00962340647607
2633 8.46827030493397
2633 8.46827030493397
2633 0.65693225042096
2633 0.65693225042096
2633 0.65693225042096
2633 1.13483962413451
2633 1.13483962413451
2633 1.13483962413451
2633 0.621681871783126
2566 0
2566 52.4575418965593
2566 52.4575418965593
2566 52.4575418965593
2566 52.4575418965593
2566 0
2566 4.31806184596379
2566 4.31806184596379
2566 17.6262098114515
2566 17.6262098114515
2566 17.6262098114515
2566 0
2566 1.20997765409178
2566 6.34181050716048
2566 6.34181050716048
2566 6.34181050716048
2566 0.73452343271322
2566 0.319952407068434
2566 0.831783600927938
2566 2.36653655913599
2566 0
2566 1.38872753580014
2566 0
2566 0
2566 13.2285772528462
2566 13.2285772528462
2566 0
2566 13.9912208257612
2566 13.9912208257612
2566 13.9912208257612
2566 2.82057729300058
2566 0
2566 0
2566 964.358135011162
2566 1.00962340647607
2566 1.00962340647607
2566 8.46827030493397
2566 8.46827030493397
2566 0.65693225042096
2566 0.65693225042096
2566 0.65693225042096
2566 1.13483962413451
2566 1.13483962413451
2566 1.13483962413451
2566 0.621681871783126
2716 0
2716 52.4575418965593
2716 52.4575418965593
2716 52.4575418965593
2716 52.4575418965593
2716 0
2716 4.31806184596379
2716 4.31806184596379
2716 17.6262098114515
2716 17.6262098114515
2716 17.6262098114515
2716 0
2716 1.20997765409178
2716 6.34181050716048
2716 6.34181050716048
2716 6.34181050716048
2716 0.73452343271322
2716 0.319952407068434
2716 0.831783600927938
2716 2.36653655913599
2716 0
2716 1.38872753580014
2716 0
2716 0
2716 13.2285772528462
2716 13.2285772528462
2716 0
2716 13.9912208257612
2716 13.9912208257612
2716 13.9912208257612
2716 2.82057729300058
2716 0
2716 0
2716 964.358135011162
2716 1.00962340647607
2716 1.00962340647607
2716 8.46827030493397
2716 8.46827030493397
2716 0.65693225042096
2716 0.65693225042096
2716 0.65693225042096
2716 1.13483962413451
2716 1.13483962413451
2716 1.13483962413451
2716 0.621681871783126
2717 0
2717 52.4575418965593
2717 52.4575418965593
2717 52.4575418965593
2717 52.4575418965593
2717 0
2717 4.31806184596379
2717 4.31806184596379
2717 17.6262098114515
2717 17.6262098114515
2717 17.6262098114515
2717 0
2717 1.20997765409178
2717 6.34181050716048
2717 6.34181050716048
2717 6.34181050716048
2717 0.73452343271322
2717 0.319952407068434
2717 0.831783600927938
2717 2.36653655913599
2717 0
2717 1.38872753580014
2717 0
2717 0
2717 13.2285772528462
2717 13.2285772528462
2717 0
2717 13.9912208257612
2717 13.9912208257612
2717 13.9912208257612
2717 2.82057729300058
2717 0
2717 0
2717 964.358135011162
2717 1.00962340647607
2717 1.00962340647607
2717 8.46827030493397
2717 8.46827030493397
2717 0.65693225042096
2717 0.65693225042096
2717 0.65693225042096
2717 1.13483962413451
2717 1.13483962413451
2717 1.13483962413451
2717 0.621681871783126
2650 0
2650 52.4575418965593
2650 52.4575418965593
2650 52.4575418965593
2650 52.4575418965593
2650 0
2650 4.31806184596379
2650 4.31806184596379
2650 17.6262098114515
2650 17.6262098114515
2650 17.6262098114515
2650 0
2650 1.20997765409178
2650 6.34181050716048
2650 6.34181050716048
2650 6.34181050716048
2650 0.73452343271322
2650 0.319952407068434
2650 0.831783600927938
2650 2.36653655913599
2650 0
2650 1.38872753580014
2650 0
2650 0
2650 13.2285772528462
2650 13.2285772528462
2650 0
2650 13.9912208257612
2650 13.9912208257612
2650 13.9912208257612
2650 2.82057729300058
2650 0
2650 0
2650 964.358135011162
2650 1.00962340647607
2650 1.00962340647607
2650 8.46827030493397
2650 8.46827030493397
2650 0.65693225042096
2650 0.65693225042096
2650 0.65693225042096
2650 1.13483962413451
2650 1.13483962413451
2650 1.13483962413451
2650 0.621681871783126
2652 0
2652 52.4575418965593
2652 52.4575418965593
2652 52.4575418965593
2652 52.4575418965593
2652 0
2652 4.31806184596379
2652 4.31806184596379
2652 17.6262098114515
2652 17.6262098114515
2652 17.6262098114515
2652 0
2652 1.20997765409178
2652 6.34181050716048
2652 6.34181050716048
2652 6.34181050716048
2652 0.73452343271322
2652 0.319952407068434
2652 0.831783600927938
2652 2.36653655913599
2652 0
2652 1.38872753580014
2652 0
2652 0
2652 13.2285772528462
2652 13.2285772528462
2652 0
2652 13.9912208257612
2652 13.9912208257612
2652 13.9912208257612
2652 2.82057729300058
2652 0
2652 0
2652 964.358135011162
2652 1.00962340647607
2652 1.00962340647607
2652 8.46827030493397
2652 8.46827030493397
2652 0.65693225042096
2652 0.65693225042096
2652 0.65693225042096
2652 1.13483962413451
2652 1.13483962413451
2652 1.13483962413451
2652 0.621681871783126
2798 0
2798 52.4575418965593
2798 52.4575418965593
2798 52.4575418965593
2798 52.4575418965593
2798 0
2798 4.31806184596379
2798 4.31806184596379
2798 17.6262098114515
2798 17.6262098114515
2798 17.6262098114515
2798 0
2798 1.20997765409178
2798 6.34181050716048
2798 6.34181050716048
2798 6.34181050716048
2798 0.73452343271322
2798 0.319952407068434
2798 0.831783600927938
2798 2.36653655913599
2798 0
2798 1.38872753580014
2798 0
2798 0
2798 13.2285772528462
2798 13.2285772528462
2798 0
2798 13.9912208257612
2798 13.9912208257612
2798 13.9912208257612
2798 2.82057729300058
2798 0
2798 0
2798 964.358135011162
2798 1.00962340647607
2798 1.00962340647607
2798 8.46827030493397
2798 8.46827030493397
2798 0.65693225042096
2798 0.65693225042096
2798 0.65693225042096
2798 1.13483962413451
2798 1.13483962413451
2798 1.13483962413451
2798 0.621681871783126
2731 0
2731 52.4575418965593
2731 52.4575418965593
2731 52.4575418965593
2731 52.4575418965593
2731 0
2731 4.31806184596379
2731 4.31806184596379
2731 17.6262098114515
2731 17.6262098114515
2731 17.6262098114515
2731 0
2731 1.20997765409178
2731 6.34181050716048
2731 6.34181050716048
2731 6.34181050716048
2731 0.73452343271322
2731 0.319952407068434
2731 0.831783600927938
2731 2.36653655913599
2731 0
2731 1.38872753580014
2731 0
2731 0
2731 13.2285772528462
2731 13.2285772528462
2731 0
2731 13.9912208257612
2731 13.9912208257612
2731 13.9912208257612
2731 2.82057729300058
2731 0
2731 0
2731 964.358135011162
2731 1.00962340647607
2731 1.00962340647607
2731 8.46827030493397
2731 8.46827030493397
2731 0.65693225042096
2731 0.65693225042096
2731 0.65693225042096
2731 1.13483962413451
2731 1.13483962413451
2731 1.13483962413451
2731 0.621681871783126
2732 0
2732 52.4575418965593
2732 52.4575418965593
2732 52.4575418965593
2732 52.4575418965593
2732 0
2732 4.31806184596379
2732 4.31806184596379
2732 17.6262098114515
2732 17.6262098114515
2732 17.6262098114515
2732 0
2732 1.20997765409178
2732 6.34181050716048
2732 6.34181050716048
2732 6.34181050716048
2732 0.73452343271322
2732 0.319952407068434
2732 0.831783600927938
2732 2.36653655913599
2732 0
2732 1.38872753580014
2732 0
2732 0
2732 13.2285772528462
2732 13.2285772528462
2732 0
2732 13.9912208257612
2732 13.9912208257612
2732 13.9912208257612
2732 2.82057729300058
2732 0
2732 0
2732 964.358135011162
2732 1.00962340647607
2732 1.00962340647607
2732 8.46827030493397
2732 8.46827030493397
2732 0.65693225042096
2732 0.65693225042096
2732 0.65693225042096
2732 1.13483962413451
2732 1.13483962413451
2732 1.13483962413451
2732 0.621681871783126
2734 0
2734 52.4575418965593
2734 52.4575418965593
2734 52.4575418965593
2734 52.4575418965593
2734 0
2734 4.31806184596379
2734 4.31806184596379
2734 17.6262098114515
2734 17.6262098114515
2734 17.6262098114515
2734 0
2734 1.20997765409178
2734 6.34181050716048
2734 6.34181050716048
2734 6.34181050716048
2734 0.73452343271322
2734 0.319952407068434
2734 0.831783600927938
2734 2.36653655913599
2734 0
2734 1.38872753580014
2734 0
2734 0
2734 13.2285772528462
2734 13.2285772528462
2734 0
2734 13.9912208257612
2734 13.9912208257612
2734 13.9912208257612
2734 2.82057729300058
2734 0
2734 0
2734 964.358135011162
2734 1.00962340647607
2734 1.00962340647607
2734 8.46827030493397
2734 8.46827030493397
2734 0.65693225042096
2734 0.65693225042096
2734 0.65693225042096
2734 1.13483962413451
2734 1.13483962413451
2734 1.13483962413451
2734 0.621681871783126
2808 0
2808 52.4575418965593
2808 52.4575418965593
2808 52.4575418965593
2808 52.4575418965593
2808 0
2808 4.31806184596379
2808 4.31806184596379
2808 17.6262098114515
2808 17.6262098114515
2808 17.6262098114515
2808 0
2808 1.20997765409178
2808 6.34181050716048
2808 6.34181050716048
2808 6.34181050716048
2808 0.73452343271322
2808 0.319952407068434
2808 0.831783600927938
2808 2.36653655913599
2808 0
2808 1.38872753580014
2808 0
2808 0
2808 13.2285772528462
2808 13.2285772528462
2808 0
2808 13.9912208257612
2808 13.9912208257612
2808 13.9912208257612
2808 2.82057729300058
2808 0
2808 0
2808 964.358135011162
2808 1.00962340647607
2808 1.00962340647607
2808 8.46827030493397
2808 8.46827030493397
2808 0.65693225042096
2808 0.65693225042096
2808 0.65693225042096
2808 1.13483962413451
2808 1.13483962413451
2808 1.13483962413451
2808 0.621681871783126
2875 0
2875 52.4575418965593
2875 52.4575418965593
2875 52.4575418965593
2875 52.4575418965593
2875 0
2875 4.31806184596379
2875 4.31806184596379
2875 17.6262098114515
2875 17.6262098114515
2875 17.6262098114515
2875 0
2875 1.20997765409178
2875 6.34181050716048
2875 6.34181050716048
2875 6.34181050716048
2875 0.73452343271322
2875 0.319952407068434
2875 0.831783600927938
2875 2.36653655913599
2875 0
2875 1.38872753580014
2875 0
2875 0
2875 13.2285772528462
2875 13.2285772528462
2875 0
2875 13.9912208257612
2875 13.9912208257612
2875 13.9912208257612
2875 2.82057729300058
2875 0
2875 0
2875 964.358135011162
2875 1.00962340647607
2875 1.00962340647607
2875 8.46827030493397
2875 8.46827030493397
2875 0.65693225042096
2875 0.65693225042096
2875 0.65693225042096
2875 1.13483962413451
2875 1.13483962413451
2875 1.13483962413451
2875 0.621681871783126
2812 0
2812 52.4575418965593
2812 52.4575418965593
2812 52.4575418965593
2812 52.4575418965593
2812 0
2812 4.31806184596379
2812 4.31806184596379
2812 17.6262098114515
2812 17.6262098114515
2812 17.6262098114515
2812 0
2812 1.20997765409178
2812 6.34181050716048
2812 6.34181050716048
2812 6.34181050716048
2812 0.73452343271322
2812 0.319952407068434
2812 0.831783600927938
2812 2.36653655913599
2812 0
2812 1.38872753580014
2812 0
2812 0
2812 13.2285772528462
2812 13.2285772528462
2812 0
2812 13.9912208257612
2812 13.9912208257612
2812 13.9912208257612
2812 2.82057729300058
2812 0
2812 0
2812 964.358135011162
2812 1.00962340647607
2812 1.00962340647607
2812 8.46827030493397
2812 8.46827030493397
2812 0.65693225042096
2812 0.65693225042096
2812 0.65693225042096
2812 1.13483962413451
2812 1.13483962413451
2812 1.13483962413451
2812 0.621681871783126
2813 0
2813 52.4575418965593
2813 52.4575418965593
2813 52.4575418965593
2813 52.4575418965593
2813 0
2813 4.31806184596379
2813 4.31806184596379
2813 17.6262098114515
2813 17.6262098114515
2813 17.6262098114515
2813 0
2813 1.20997765409178
2813 6.34181050716048
2813 6.34181050716048
2813 6.34181050716048
2813 0.73452343271322
2813 0.319952407068434
2813 0.831783600927938
2813 2.36653655913599
2813 0
2813 1.38872753580014
2813 0
2813 0
2813 13.2285772528462
2813 13.2285772528462
2813 0
2813 13.9912208257612
2813 13.9912208257612
2813 13.9912208257612
2813 2.82057729300058
2813 0
2813 0
2813 964.358135011162
2813 1.00962340647607
2813 1.00962340647607
2813 8.46827030493397
2813 8.46827030493397
2813 0.65693225042096
2813 0.65693225042096
2813 0.65693225042096
2813 1.13483962413451
2813 1.13483962413451
2813 1.13483962413451
2813 0.621681871783126
2816 0
2816 52.4575418965593
2816 52.4575418965593
2816 52.4575418965593
2816 52.4575418965593
2816 0
2816 4.31806184596379
2816 4.31806184596379
2816 17.6262098114515
2816 17.6262098114515
2816 17.6262098114515
2816 0
2816 1.20997765409178
2816 6.34181050716048
2816 6.34181050716048
2816 6.34181050716048
2816 0.73452343271322
2816 0.319952407068434
2816 0.831783600927938
2816 2.36653655913599
2816 0
2816 1.38872753580014
2816 0
2816 0
2816 13.2285772528462
2816 13.2285772528462
2816 0
2816 13.9912208257612
2816 13.9912208257612
2816 13.9912208257612
2816 2.82057729300058
2816 0
2816 0
2816 964.358135011162
2816 1.00962340647607
2816 1.00962340647607
2816 8.46827030493397
2816 8.46827030493397
2816 0.65693225042096
2816 0.65693225042096
2816 0.65693225042096
2816 1.13483962413451
2816 1.13483962413451
2816 1.13483962413451
2816 0.621681871783126
2950 0
2950 52.4575418965593
2950 52.4575418965593
2950 52.4575418965593
2950 52.4575418965593
2950 0
2950 4.31806184596379
2950 4.31806184596379
2950 17.6262098114515
2950 17.6262098114515
2950 17.6262098114515
2950 0
2950 1.20997765409178
2950 6.34181050716048
2950 6.34181050716048
2950 6.34181050716048
2950 0.73452343271322
2950 0.319952407068434
2950 0.831783600927938
2950 2.36653655913599
2950 0
2950 1.38872753580014
2950 0
2950 0
2950 13.2285772528462
2950 13.2285772528462
2950 0
2950 13.9912208257612
2950 13.9912208257612
2950 13.9912208257612
2950 2.82057729300058
2950 0
2950 0
2950 964.358135011162
2950 1.00962340647607
2950 1.00962340647607
2950 8.46827030493397
2950 8.46827030493397
2950 0.65693225042096
2950 0.65693225042096
2950 0.65693225042096
2950 1.13483962413451
2950 1.13483962413451
2950 1.13483962413451
2950 0.621681871783126
2890 0
2890 52.4575418965593
2890 52.4575418965593
2890 52.4575418965593
2890 52.4575418965593
2890 0
2890 4.31806184596379
2890 4.31806184596379
2890 17.6262098114515
2890 17.6262098114515
2890 17.6262098114515
2890 0
2890 1.20997765409178
2890 6.34181050716048
2890 6.34181050716048
2890 6.34181050716048
2890 0.73452343271322
2890 0.319952407068434
2890 0.831783600927938
2890 2.36653655913599
2890 0
2890 1.38872753580014
2890 0
2890 0
2890 13.2285772528462
2890 13.2285772528462
2890 0
2890 13.9912208257612
2890 13.9912208257612
2890 13.9912208257612
2890 2.82057729300058
2890 0
2890 0
2890 964.358135011162
2890 1.00962340647607
2890 1.00962340647607
2890 8.46827030493397
2890 8.46827030493397
2890 0.65693225042096
2890 0.65693225042096
2890 0.65693225042096
2890 1.13483962413451
2890 1.13483962413451
2890 1.13483962413451
2890 0.621681871783126
2893 0
2893 52.4575418965593
2893 52.4575418965593
2893 52.4575418965593
2893 52.4575418965593
2893 0
2893 4.31806184596379
2893 4.31806184596379
2893 17.6262098114515
2893 17.6262098114515
2893 17.6262098114515
2893 0
2893 1.20997765409178
2893 6.34181050716048
2893 6.34181050716048
2893 6.34181050716048
2893 0.73452343271322
2893 0.319952407068434
2893 0.831783600927938
2893 2.36653655913599
2893 0
2893 1.38872753580014
2893 0
2893 0
2893 13.2285772528462
2893 13.2285772528462
2893 0
2893 13.9912208257612
2893 13.9912208257612
2893 13.9912208257612
2893 2.82057729300058
2893 0
2893 0
2893 964.358135011162
2893 1.00962340647607
2893 1.00962340647607
2893 8.46827030493397
2893 8.46827030493397
2893 0.65693225042096
2893 0.65693225042096
2893 0.65693225042096
2893 1.13483962413451
2893 1.13483962413451
2893 1.13483962413451
2893 0.621681871783126
2894 0
2894 52.4575418965593
2894 52.4575418965593
2894 52.4575418965593
2894 52.4575418965593
2894 0
2894 4.31806184596379
2894 4.31806184596379
2894 17.6262098114515
2894 17.6262098114515
2894 17.6262098114515
2894 0
2894 1.20997765409178
2894 6.34181050716048
2894 6.34181050716048
2894 6.34181050716048
2894 0.73452343271322
2894 0.319952407068434
2894 0.831783600927938
2894 2.36653655913599
2894 0
2894 1.38872753580014
2894 0
2894 0
2894 13.2285772528462
2894 13.2285772528462
2894 0
2894 13.9912208257612
2894 13.9912208257612
2894 13.9912208257612
2894 2.82057729300058
2894 0
2894 0
2894 964.358135011162
2894 1.00962340647607
2894 1.00962340647607
2894 8.46827030493397
2894 8.46827030493397
2894 0.65693225042096
2894 0.65693225042096
2894 0.65693225042096
2894 1.13483962413451
2894 1.13483962413451
2894 1.13483962413451
2894 0.621681871783126
3023 0
3023 52.4575418965593
3023 52.4575418965593
3023 52.4575418965593
3023 52.4575418965593
3023 0
3023 4.31806184596379
3023 4.31806184596379
3023 17.6262098114515
3023 17.6262098114515
3023 17.6262098114515
3023 0
3023 1.20997765409178
3023 6.34181050716048
3023 6.34181050716048
3023 6.34181050716048
3023 0.73452343271322
3023 0.319952407068434
3023 0.831783600927938
3023 2.36653655913599
3023 0
3023 1.38872753580014
3023 0
3023 0
3023 13.2285772528462
3023 13.2285772528462
3023 0
3023 13.9912208257612
3023 13.9912208257612
3023 13.9912208257612
3023 2.82057729300058
3023 0
3023 0
3023 964.358135011162
3023 1.00962340647607
3023 1.00962340647607
3023 8.46827030493397
3023 8.46827030493397
3023 0.65693225042096
3023 0.65693225042096
3023 0.65693225042096
3023 1.13483962413451
3023 1.13483962413451
3023 1.13483962413451
3023 0.621681871783126
3025 0
3025 52.4575418965593
3025 52.4575418965593
3025 52.4575418965593
3025 52.4575418965593
3025 0
3025 4.31806184596379
3025 4.31806184596379
3025 17.6262098114515
3025 17.6262098114515
3025 17.6262098114515
3025 0
3025 1.20997765409178
3025 6.34181050716048
3025 6.34181050716048
3025 6.34181050716048
3025 0.73452343271322
3025 0.319952407068434
3025 0.831783600927938
3025 2.36653655913599
3025 0
3025 1.38872753580014
3025 0
3025 0
3025 13.2285772528462
3025 13.2285772528462
3025 0
3025 13.9912208257612
3025 13.9912208257612
3025 13.9912208257612
3025 2.82057729300058
3025 0
3025 0
3025 964.358135011162
3025 1.00962340647607
3025 1.00962340647607
3025 8.46827030493397
3025 8.46827030493397
3025 0.65693225042096
3025 0.65693225042096
3025 0.65693225042096
3025 1.13483962413451
3025 1.13483962413451
3025 1.13483962413451
3025 0.621681871783126
3027 0
3027 52.4575418965593
3027 52.4575418965593
3027 52.4575418965593
3027 52.4575418965593
3027 0
3027 4.31806184596379
3027 4.31806184596379
3027 17.6262098114515
3027 17.6262098114515
3027 17.6262098114515
3027 0
3027 1.20997765409178
3027 6.34181050716048
3027 6.34181050716048
3027 6.34181050716048
3027 0.73452343271322
3027 0.319952407068434
3027 0.831783600927938
3027 2.36653655913599
3027 0
3027 1.38872753580014
3027 0
3027 0
3027 13.2285772528462
3027 13.2285772528462
3027 0
3027 13.9912208257612
3027 13.9912208257612
3027 13.9912208257612
3027 2.82057729300058
3027 0
3027 0
3027 964.358135011162
3027 1.00962340647607
3027 1.00962340647607
3027 8.46827030493397
3027 8.46827030493397
3027 0.65693225042096
3027 0.65693225042096
3027 0.65693225042096
3027 1.13483962413451
3027 1.13483962413451
3027 1.13483962413451
3027 0.621681871783126
10063 0
10063 52.4575418965593
10063 52.4575418965593
10063 52.4575418965593
10063 52.4575418965593
10063 0
10063 4.31806184596379
10063 4.31806184596379
10063 17.6262098114515
10063 17.6262098114515
10063 17.6262098114515
10063 0
10063 1.20997765409178
10063 6.34181050716048
10063 6.34181050716048
10063 6.34181050716048
10063 0.73452343271322
10063 0.319952407068434
10063 0.831783600927938
10063 2.36653655913599
10063 0
10063 1.38872753580014
10063 0
10063 0
10063 13.2285772528462
10063 13.2285772528462
10063 0
10063 13.9912208257612
10063 13.9912208257612
10063 13.9912208257612
10063 2.82057729300058
10063 0
10063 0
10063 964.358135011162
10063 1.00962340647607
10063 1.00962340647607
10063 8.46827030493397
10063 8.46827030493397
10063 0.65693225042096
10063 0.65693225042096
10063 0.65693225042096
10063 1.13483962413451
10063 1.13483962413451
10063 1.13483962413451
10063 0.621681871783126
10095 0
10095 52.4575418965593
10095 52.4575418965593
10095 52.4575418965593
10095 52.4575418965593
10095 0
10095 4.31806184596379
10095 4.31806184596379
10095 17.6262098114515
10095 17.6262098114515
10095 17.6262098114515
10095 0
10095 1.20997765409178
10095 6.34181050716048
10095 6.34181050716048
10095 6.34181050716048
10095 0.73452343271322
10095 0.319952407068434
10095 0.831783600927938
10095 2.36653655913599
10095 0
10095 1.38872753580014
10095 0
10095 0
10095 13.2285772528462
10095 13.2285772528462
10095 0
10095 13.9912208257612
10095 13.9912208257612
10095 13.9912208257612
10095 2.82057729300058
10095 0
10095 0
10095 964.358135011162
10095 1.00962340647607
10095 1.00962340647607
10095 8.46827030493397
10095 8.46827030493397
10095 0.65693225042096
10095 0.65693225042096
10095 0.65693225042096
10095 1.13483962413451
10095 1.13483962413451
10095 1.13483962413451
10095 0.621681871783126
3750 0
3750 52.4575418965593
3750 52.4575418965593
3750 52.4575418965593
3750 52.4575418965593
3750 0
3750 4.31806184596379
3750 4.31806184596379
3750 17.6262098114515
3750 17.6262098114515
3750 17.6262098114515
3750 0
3750 1.20997765409178
3750 6.34181050716048
3750 6.34181050716048
3750 6.34181050716048
3750 0.73452343271322
3750 0.319952407068434
3750 0.831783600927938
3750 2.36653655913599
3750 0
3750 1.38872753580014
3750 0
3750 0
3750 13.2285772528462
3750 13.2285772528462
3750 0
3750 13.9912208257612
3750 13.9912208257612
3750 13.9912208257612
3750 2.82057729300058
3750 0
3750 0
3750 964.358135011162
3750 1.00962340647607
3750 1.00962340647607
3750 8.46827030493397
3750 8.46827030493397
3750 0.65693225042096
3750 0.65693225042096
3750 0.65693225042096
3750 1.13483962413451
3750 1.13483962413451
3750 1.13483962413451
3750 0.621681871783126
3756 0
3756 52.4575418965593
3756 52.4575418965593
3756 52.4575418965593
3756 52.4575418965593
3756 0
3756 4.31806184596379
3756 4.31806184596379
3756 17.6262098114515
3756 17.6262098114515
3756 17.6262098114515
3756 0
3756 1.20997765409178
3756 6.34181050716048
3756 6.34181050716048
3756 6.34181050716048
3756 0.73452343271322
3756 0.319952407068434
3756 0.831783600927938
3756 2.36653655913599
3756 0
3756 1.38872753580014
3756 0
3756 0
3756 13.2285772528462
3756 13.2285772528462
3756 0
3756 13.9912208257612
3756 13.9912208257612
3756 13.9912208257612
3756 2.82057729300058
3756 0
3756 0
3756 964.358135011162
3756 1.00962340647607
3756 1.00962340647607
3756 8.46827030493397
3756 8.46827030493397
3756 0.65693225042096
3756 0.65693225042096
3756 0.65693225042096
3756 1.13483962413451
3756 1.13483962413451
3756 1.13483962413451
3756 0.621681871783126
3841 0
3841 52.4575418965593
3841 52.4575418965593
3841 52.4575418965593
3841 52.4575418965593
3841 0
3841 4.31806184596379
3841 4.31806184596379
3841 17.6262098114515
3841 17.6262098114515
3841 17.6262098114515
3841 0
3841 1.20997765409178
3841 6.34181050716048
3841 6.34181050716048
3841 6.34181050716048
3841 0.73452343271322
3841 0.319952407068434
3841 0.831783600927938
3841 2.36653655913599
3841 0
3841 1.38872753580014
3841 0
3841 0
3841 13.2285772528462
3841 13.2285772528462
3841 0
3841 13.9912208257612
3841 13.9912208257612
3841 13.9912208257612
3841 2.82057729300058
3841 0
3841 0
3841 964.358135011162
3841 1.00962340647607
3841 1.00962340647607
3841 8.46827030493397
3841 8.46827030493397
3841 0.65693225042096
3841 0.65693225042096
3841 0.65693225042096
3841 1.13483962413451
3841 1.13483962413451
3841 1.13483962413451
3841 0.621681871783126
3842 0
3842 52.4575418965593
3842 52.4575418965593
3842 52.4575418965593
3842 52.4575418965593
3842 0
3842 4.31806184596379
3842 4.31806184596379
3842 17.6262098114515
3842 17.6262098114515
3842 17.6262098114515
3842 0
3842 1.20997765409178
3842 6.34181050716048
3842 6.34181050716048
3842 6.34181050716048
3842 0.73452343271322
3842 0.319952407068434
3842 0.831783600927938
3842 2.36653655913599
3842 0
3842 1.38872753580014
3842 0
3842 0
3842 13.2285772528462
3842 13.2285772528462
3842 0
3842 13.9912208257612
3842 13.9912208257612
3842 13.9912208257612
3842 2.82057729300058
3842 0
3842 0
3842 964.358135011162
3842 1.00962340647607
3842 1.00962340647607
3842 8.46827030493397
3842 8.46827030493397
3842 0.65693225042096
3842 0.65693225042096
3842 0.65693225042096
3842 1.13483962413451
3842 1.13483962413451
3842 1.13483962413451
3842 0.621681871783126
3931 0
3931 52.4575418965593
3931 52.4575418965593
3931 52.4575418965593
3931 52.4575418965593
3931 0
3931 4.31806184596379
3931 4.31806184596379
3931 17.6262098114515
3931 17.6262098114515
3931 17.6262098114515
3931 0
3931 1.20997765409178
3931 6.34181050716048
3931 6.34181050716048
3931 6.34181050716048
3931 0.73452343271322
3931 0.319952407068434
3931 0.831783600927938
3931 2.36653655913599
3931 0
3931 1.38872753580014
3931 0
3931 0
3931 13.2285772528462
3931 13.2285772528462
3931 0
3931 13.9912208257612
3931 13.9912208257612
3931 13.9912208257612
3931 2.82057729300058
3931 0
3931 0
3931 964.358135011162
3931 1.00962340647607
3931 1.00962340647607
3931 8.46827030493397
3931 8.46827030493397
3931 0.65693225042096
3931 0.65693225042096
3931 0.65693225042096
3931 1.13483962413451
3931 1.13483962413451
3931 1.13483962413451
3931 0.621681871783126
3932 0
3932 52.4575418965593
3932 52.4575418965593
3932 52.4575418965593
3932 52.4575418965593
3932 0
3932 4.31806184596379
3932 4.31806184596379
3932 17.6262098114515
3932 17.6262098114515
3932 17.6262098114515
3932 0
3932 1.20997765409178
3932 6.34181050716048
3932 6.34181050716048
3932 6.34181050716048
3932 0.73452343271322
3932 0.319952407068434
3932 0.831783600927938
3932 2.36653655913599
3932 0
3932 1.38872753580014
3932 0
3932 0
3932 13.2285772528462
3932 13.2285772528462
3932 0
3932 13.9912208257612
3932 13.9912208257612
3932 13.9912208257612
3932 2.82057729300058
3932 0
3932 0
3932 964.358135011162
3932 1.00962340647607
3932 1.00962340647607
3932 8.46827030493397
3932 8.46827030493397
3932 0.65693225042096
3932 0.65693225042096
3932 0.65693225042096
3932 1.13483962413451
3932 1.13483962413451
3932 1.13483962413451
3932 0.621681871783126
10092 0
10092 52.4575418965593
10092 52.4575418965593
10092 52.4575418965593
10092 52.4575418965593
10092 0
10092 4.31806184596379
10092 4.31806184596379
10092 17.6262098114515
10092 17.6262098114515
10092 17.6262098114515
10092 0
10092 1.20997765409178
10092 6.34181050716048
10092 6.34181050716048
10092 6.34181050716048
10092 0.73452343271322
10092 0.319952407068434
10092 0.831783600927938
10092 2.36653655913599
10092 0
10092 1.38872753580014
10092 0
10092 0
10092 13.2285772528462
10092 13.2285772528462
10092 0
10092 13.9912208257612
10092 13.9912208257612
10092 13.9912208257612
10092 2.82057729300058
10092 0
10092 0
10092 964.358135011162
10092 1.00962340647607
10092 1.00962340647607
10092 8.46827030493397
10092 8.46827030493397
10092 0.65693225042096
10092 0.65693225042096
10092 0.65693225042096
10092 1.13483962413451
10092 1.13483962413451
10092 1.13483962413451
10092 0.621681871783126
4019 0
4019 52.4575418965593
4019 52.4575418965593
4019 52.4575418965593
4019 52.4575418965593
4019 0
4019 4.31806184596379
4019 4.31806184596379
4019 17.6262098114515
4019 17.6262098114515
4019 17.6262098114515
4019 0
4019 1.20997765409178
4019 6.34181050716048
4019 6.34181050716048
4019 6.34181050716048
4019 0.73452343271322
4019 0.319952407068434
4019 0.831783600927938
4019 2.36653655913599
4019 0
4019 1.38872753580014
4019 0
4019 0
4019 13.2285772528462
4019 13.2285772528462
4019 0
4019 13.9912208257612
4019 13.9912208257612
4019 13.9912208257612
4019 2.82057729300058
4019 0
4019 0
4019 964.358135011162
4019 1.00962340647607
4019 1.00962340647607
4019 8.46827030493397
4019 8.46827030493397
4019 0.65693225042096
4019 0.65693225042096
4019 0.65693225042096
4019 1.13483962413451
4019 1.13483962413451
4019 1.13483962413451
4019 0.621681871783126
3952 0
3952 52.4575418965593
3952 52.4575418965593
3952 52.4575418965593
3952 52.4575418965593
3952 0
3952 4.31806184596379
3952 4.31806184596379
3952 17.6262098114515
3952 17.6262098114515
3952 17.6262098114515
3952 0
3952 1.20997765409178
3952 6.34181050716048
3952 6.34181050716048
3952 6.34181050716048
3952 0.73452343271322
3952 0.319952407068434
3952 0.831783600927938
3952 2.36653655913599
3952 0
3952 1.38872753580014
3952 0
3952 0
3952 13.2285772528462
3952 13.2285772528462
3952 0
3952 13.9912208257612
3952 13.9912208257612
3952 13.9912208257612
3952 2.82057729300058
3952 0
3952 0
3952 964.358135011162
3952 1.00962340647607
3952 1.00962340647607
3952 8.46827030493397
3952 8.46827030493397
3952 0.65693225042096
3952 0.65693225042096
3952 0.65693225042096
3952 1.13483962413451
3952 1.13483962413451
3952 1.13483962413451
3952 0.621681871783126
3959 0
3959 52.4575418965593
3959 52.4575418965593
3959 52.4575418965593
3959 52.4575418965593
3959 0
3959 4.31806184596379
3959 4.31806184596379
3959 17.6262098114515
3959 17.6262098114515
3959 17.6262098114515
3959 0
3959 1.20997765409178
3959 6.34181050716048
3959 6.34181050716048
3959 6.34181050716048
3959 0.73452343271322
3959 0.319952407068434
3959 0.831783600927938
3959 2.36653655913599
3959 0
3959 1.38872753580014
3959 0
3959 0
3959 13.2285772528462
3959 13.2285772528462
3959 0
3959 13.9912208257612
3959 13.9912208257612
3959 13.9912208257612
3959 2.82057729300058
3959 0
3959 0
3959 964.358135011162
3959 1.00962340647607
3959 1.00962340647607
3959 8.46827030493397
3959 8.46827030493397
3959 0.65693225042096
3959 0.65693225042096
3959 0.65693225042096
3959 1.13483962413451
3959 1.13483962413451
3959 1.13483962413451
3959 0.621681871783126
4206 0
4206 52.4575418965593
4206 52.4575418965593
4206 52.4575418965593
4206 52.4575418965593
4206 0
4206 4.31806184596379
4206 4.31806184596379
4206 17.6262098114515
4206 17.6262098114515
4206 17.6262098114515
4206 0
4206 1.20997765409178
4206 6.34181050716048
4206 6.34181050716048
4206 6.34181050716048
4206 0.73452343271322
4206 0.319952407068434
4206 0.831783600927938
4206 2.36653655913599
4206 0
4206 1.38872753580014
4206 0
4206 0
4206 13.2285772528462
4206 13.2285772528462
4206 0
4206 13.9912208257612
4206 13.9912208257612
4206 13.9912208257612
4206 2.82057729300058
4206 0
4206 0
4206 964.358135011162
4206 1.00962340647607
4206 1.00962340647607
4206 8.46827030493397
4206 8.46827030493397
4206 0.65693225042096
4206 0.65693225042096
4206 0.65693225042096
4206 1.13483962413451
4206 1.13483962413451
4206 1.13483962413451
4206 0.621681871783126
4479 0
4479 52.4575418965593
4479 52.4575418965593
4479 52.4575418965593
4479 52.4575418965593
4479 0
4479 4.31806184596379
4479 4.31806184596379
4479 17.6262098114515
4479 17.6262098114515
4479 17.6262098114515
4479 0
4479 1.20997765409178
4479 6.34181050716048
4479 6.34181050716048
4479 6.34181050716048
4479 0.73452343271322
4479 0.319952407068434
4479 0.831783600927938
4479 2.36653655913599
4479 0
4479 1.38872753580014
4479 0
4479 0
4479 13.2285772528462
4479 13.2285772528462
4479 0
4479 13.9912208257612
4479 13.9912208257612
4479 13.9912208257612
4479 2.82057729300058
4479 0
4479 0
4479 964.358135011162
4479 1.00962340647607
4479 1.00962340647607
4479 8.46827030493397
4479 8.46827030493397
4479 0.65693225042096
4479 0.65693225042096
4479 0.65693225042096
4479 1.13483962413451
4479 1.13483962413451
4479 1.13483962413451
4479 0.621681871783126
4663 0
4663 52.4575418965593
4663 52.4575418965593
4663 52.4575418965593
4663 52.4575418965593
4663 0
4663 4.31806184596379
4663 4.31806184596379
4663 17.6262098114515
4663 17.6262098114515
4663 17.6262098114515
4663 0
4663 1.20997765409178
4663 6.34181050716048
4663 6.34181050716048
4663 6.34181050716048
4663 0.73452343271322
4663 0.319952407068434
4663 0.831783600927938
4663 2.36653655913599
4663 0
4663 1.38872753580014
4663 0
4663 0
4663 13.2285772528462
4663 13.2285772528462
4663 0
4663 13.9912208257612
4663 13.9912208257612
4663 13.9912208257612
4663 2.82057729300058
4663 0
4663 0
4663 964.358135011162
4663 1.00962340647607
4663 1.00962340647607
4663 8.46827030493397
4663 8.46827030493397
4663 0.65693225042096
4663 0.65693225042096
4663 0.65693225042096
4663 1.13483962413451
4663 1.13483962413451
4663 1.13483962413451
4663 0.621681871783126
4750 0
4750 52.4575418965593
4750 52.4575418965593
4750 52.4575418965593
4750 52.4575418965593
4750 0
4750 4.31806184596379
4750 4.31806184596379
4750 17.6262098114515
4750 17.6262098114515
4750 17.6262098114515
4750 0
4750 1.20997765409178
4750 6.34181050716048
4750 6.34181050716048
4750 6.34181050716048
4750 0.73452343271322
4750 0.319952407068434
4750 0.831783600927938
4750 2.36653655913599
4750 0
4750 1.38872753580014
4750 0
4750 0
4750 13.2285772528462
4750 13.2285772528462
4750 0
4750 13.9912208257612
4750 13.9912208257612
4750 13.9912208257612
4750 2.82057729300058
4750 0
4750 0
4750 964.358135011162
4750 1.00962340647607
4750 1.00962340647607
4750 8.46827030493397
4750 8.46827030493397
4750 0.65693225042096
4750 0.65693225042096
4750 0.65693225042096
4750 1.13483962413451
4750 1.13483962413451
4750 1.13483962413451
4750 0.621681871783126
4751 0
4751 52.4575418965593
4751 52.4575418965593
4751 52.4575418965593
4751 52.4575418965593
4751 0
4751 4.31806184596379
4751 4.31806184596379
4751 17.6262098114515
4751 17.6262098114515
4751 17.6262098114515
4751 0
4751 1.20997765409178
4751 6.34181050716048
4751 6.34181050716048
4751 6.34181050716048
4751 0.73452343271322
4751 0.319952407068434
4751 0.831783600927938
4751 2.36653655913599
4751 0
4751 1.38872753580014
4751 0
4751 0
4751 13.2285772528462
4751 13.2285772528462
4751 0
4751 13.9912208257612
4751 13.9912208257612
4751 13.9912208257612
4751 2.82057729300058
4751 0
4751 0
4751 964.358135011162
4751 1.00962340647607
4751 1.00962340647607
4751 8.46827030493397
4751 8.46827030493397
4751 0.65693225042096
4751 0.65693225042096
4751 0.65693225042096
4751 1.13483962413451
4751 1.13483962413451
4751 1.13483962413451
4751 0.621681871783126
4756 0
4756 52.4575418965593
4756 52.4575418965593
4756 52.4575418965593
4756 52.4575418965593
4756 0
4756 4.31806184596379
4756 4.31806184596379
4756 17.6262098114515
4756 17.6262098114515
4756 17.6262098114515
4756 0
4756 1.20997765409178
4756 6.34181050716048
4756 6.34181050716048
4756 6.34181050716048
4756 0.73452343271322
4756 0.319952407068434
4756 0.831783600927938
4756 2.36653655913599
4756 0
4756 1.38872753580014
4756 0
4756 0
4756 13.2285772528462
4756 13.2285772528462
4756 0
4756 13.9912208257612
4756 13.9912208257612
4756 13.9912208257612
4756 2.82057729300058
4756 0
4756 0
4756 964.358135011162
4756 1.00962340647607
4756 1.00962340647607
4756 8.46827030493397
4756 8.46827030493397
4756 0.65693225042096
4756 0.65693225042096
4756 0.65693225042096
4756 1.13483962413451
4756 1.13483962413451
4756 1.13483962413451
4756 0.621681871783126
5022 0
5022 52.4575418965593
5022 52.4575418965593
5022 52.4575418965593
5022 52.4575418965593
5022 0
5022 4.31806184596379
5022 4.31806184596379
5022 17.6262098114515
5022 17.6262098114515
5022 17.6262098114515
5022 0
5022 1.20997765409178
5022 6.34181050716048
5022 6.34181050716048
5022 6.34181050716048
5022 0.73452343271322
5022 0.319952407068434
5022 0.831783600927938
5022 2.36653655913599
5022 0
5022 1.38872753580014
5022 0
5022 0
5022 13.2285772528462
5022 13.2285772528462
5022 0
5022 13.9912208257612
5022 13.9912208257612
5022 13.9912208257612
5022 2.82057729300058
5022 0
5022 0
5022 964.358135011162
5022 1.00962340647607
5022 1.00962340647607
5022 8.46827030493397
5022 8.46827030493397
5022 0.65693225042096
5022 0.65693225042096
5022 0.65693225042096
5022 1.13483962413451
5022 1.13483962413451
5022 1.13483962413451
5022 0.621681871783126
5112 0
5112 52.4575418965593
5112 52.4575418965593
5112 52.4575418965593
5112 52.4575418965593
5112 0
5112 4.31806184596379
5112 4.31806184596379
5112 17.6262098114515
5112 17.6262098114515
5112 17.6262098114515
5112 0
5112 1.20997765409178
5112 6.34181050716048
5112 6.34181050716048
5112 6.34181050716048
5112 0.73452343271322
5112 0.319952407068434
5112 0.831783600927938
5112 2.36653655913599
5112 0
5112 1.38872753580014
5112 0
5112 0
5112 13.2285772528462
5112 13.2285772528462
5112 0
5112 13.9912208257612
5112 13.9912208257612
5112 13.9912208257612
5112 2.82057729300058
5112 0
5112 0
5112 964.358135011162
5112 1.00962340647607
5112 1.00962340647607
5112 8.46827030493397
5112 8.46827030493397
5112 0.65693225042096
5112 0.65693225042096
5112 0.65693225042096
5112 1.13483962413451
5112 1.13483962413451
5112 1.13483962413451
5112 0.621681871783126
5283 0
5283 52.4575418965593
5283 52.4575418965593
5283 52.4575418965593
5283 52.4575418965593
5283 0
5283 4.31806184596379
5283 4.31806184596379
5283 17.6262098114515
5283 17.6262098114515
5283 17.6262098114515
5283 0
5283 1.20997765409178
5283 6.34181050716048
5283 6.34181050716048
5283 6.34181050716048
5283 0.73452343271322
5283 0.319952407068434
5283 0.831783600927938
5283 2.36653655913599
5283 0
5283 1.38872753580014
5283 0
5283 0
5283 13.2285772528462
5283 13.2285772528462
5283 0
5283 13.9912208257612
5283 13.9912208257612
5283 13.9912208257612
5283 2.82057729300058
5283 0
5283 0
5283 964.358135011162
5283 1.00962340647607
5283 1.00962340647607
5283 8.46827030493397
5283 8.46827030493397
5283 0.65693225042096
5283 0.65693225042096
5283 0.65693225042096
5283 1.13483962413451
5283 1.13483962413451
5283 1.13483962413451
5283 0.621681871783126
5367 0
5367 52.4575418965593
5367 52.4575418965593
5367 52.4575418965593
5367 52.4575418965593
5367 0
5367 4.31806184596379
5367 4.31806184596379
5367 17.6262098114515
5367 17.6262098114515
5367 17.6262098114515
5367 0
5367 1.20997765409178
5367 6.34181050716048
5367 6.34181050716048
5367 6.34181050716048
5367 0.73452343271322
5367 0.319952407068434
5367 0.831783600927938
5367 2.36653655913599
5367 0
5367 1.38872753580014
5367 0
5367 0
5367 13.2285772528462
5367 13.2285772528462
5367 0
5367 13.9912208257612
5367 13.9912208257612
5367 13.9912208257612
5367 2.82057729300058
5367 0
5367 0
5367 964.358135011162
5367 1.00962340647607
5367 1.00962340647607
5367 8.46827030493397
5367 8.46827030493397
5367 0.65693225042096
5367 0.65693225042096
5367 0.65693225042096
5367 1.13483962413451
5367 1.13483962413451
5367 1.13483962413451
5367 0.621681871783126
5369 0
5369 52.4575418965593
5369 52.4575418965593
5369 52.4575418965593
5369 52.4575418965593
5369 0
5369 4.31806184596379
5369 4.31806184596379
5369 17.6262098114515
5369 17.6262098114515
5369 17.6262098114515
5369 0
5369 1.20997765409178
5369 6.34181050716048
5369 6.34181050716048
5369 6.34181050716048
5369 0.73452343271322
5369 0.319952407068434
5369 0.831783600927938
5369 2.36653655913599
5369 0
5369 1.38872753580014
5369 0
5369 0
5369 13.2285772528462
5369 13.2285772528462
5369 0
5369 13.9912208257612
5369 13.9912208257612
5369 13.9912208257612
5369 2.82057729300058
5369 0
5369 0
5369 964.358135011162
5369 1.00962340647607
5369 1.00962340647607
5369 8.46827030493397
5369 8.46827030493397
5369 0.65693225042096
5369 0.65693225042096
5369 0.65693225042096
5369 1.13483962413451
5369 1.13483962413451
5369 1.13483962413451
5369 0.621681871783126
5542 0
5542 52.4575418965593
5542 52.4575418965593
5542 52.4575418965593
5542 52.4575418965593
5542 0
5542 4.31806184596379
5542 4.31806184596379
5542 17.6262098114515
5542 17.6262098114515
5542 17.6262098114515
5542 0
5542 1.20997765409178
5542 6.34181050716048
5542 6.34181050716048
5542 6.34181050716048
5542 0.73452343271322
5542 0.319952407068434
5542 0.831783600927938
5542 2.36653655913599
5542 0
5542 1.38872753580014
5542 0
5542 0
5542 13.2285772528462
5542 13.2285772528462
5542 0
5542 13.9912208257612
5542 13.9912208257612
5542 13.9912208257612
5542 2.82057729300058
5542 0
5542 0
5542 964.358135011162
5542 1.00962340647607
5542 1.00962340647607
5542 8.46827030493397
5542 8.46827030493397
5542 0.65693225042096
5542 0.65693225042096
5542 0.65693225042096
5542 1.13483962413451
5542 1.13483962413451
5542 1.13483962413451
5542 0.621681871783126
5716 0
5716 52.4575418965593
5716 52.4575418965593
5716 52.4575418965593
5716 52.4575418965593
5716 0
5716 4.31806184596379
5716 4.31806184596379
5716 17.6262098114515
5716 17.6262098114515
5716 17.6262098114515
5716 0
5716 1.20997765409178
5716 6.34181050716048
5716 6.34181050716048
5716 6.34181050716048
5716 0.73452343271322
5716 0.319952407068434
5716 0.831783600927938
5716 2.36653655913599
5716 0
5716 1.38872753580014
5716 0
5716 0
5716 13.2285772528462
5716 13.2285772528462
5716 0
5716 13.9912208257612
5716 13.9912208257612
5716 13.9912208257612
5716 2.82057729300058
5716 0
5716 0
5716 964.358135011162
5716 1.00962340647607
5716 1.00962340647607
5716 8.46827030493397
5716 8.46827030493397
5716 0.65693225042096
5716 0.65693225042096
5716 0.65693225042096
5716 1.13483962413451
5716 1.13483962413451
5716 1.13483962413451
5716 0.621681871783126
10108 0
10108 52.4575418965593
10108 52.4575418965593
10108 52.4575418965593
10108 52.4575418965593
10108 0
10108 4.31806184596379
10108 4.31806184596379
10108 17.6262098114515
10108 17.6262098114515
10108 17.6262098114515
10108 0
10108 1.20997765409178
10108 6.34181050716048
10108 6.34181050716048
10108 6.34181050716048
10108 0.73452343271322
10108 0.319952407068434
10108 0.831783600927938
10108 2.36653655913599
10108 0
10108 1.38872753580014
10108 0
10108 0
10108 13.2285772528462
10108 13.2285772528462
10108 0
10108 13.9912208257612
10108 13.9912208257612
10108 13.9912208257612
10108 2.82057729300058
10108 0
10108 0
10108 964.358135011162
10108 1.00962340647607
10108 1.00962340647607
10108 8.46827030493397
10108 8.46827030493397
10108 0.65693225042096
10108 0.65693225042096
10108 0.65693225042096
10108 1.13483962413451
10108 1.13483962413451
10108 1.13483962413451
10108 0.621681871783126
5805 0
5805 52.4575418965593
5805 52.4575418965593
5805 52.4575418965593
5805 52.4575418965593
5805 0
5805 4.31806184596379
5805 4.31806184596379
5805 17.6262098114515
5805 17.6262098114515
5805 17.6262098114515
5805 0
5805 1.20997765409178
5805 6.34181050716048
5805 6.34181050716048
5805 6.34181050716048
5805 0.73452343271322
5805 0.319952407068434
5805 0.831783600927938
5805 2.36653655913599
5805 0
5805 1.38872753580014
5805 0
5805 0
5805 13.2285772528462
5805 13.2285772528462
5805 0
5805 13.9912208257612
5805 13.9912208257612
5805 13.9912208257612
5805 2.82057729300058
5805 0
5805 0
5805 964.358135011162
5805 1.00962340647607
5805 1.00962340647607
5805 8.46827030493397
5805 8.46827030493397
5805 0.65693225042096
5805 0.65693225042096
5805 0.65693225042096
5805 1.13483962413451
5805 1.13483962413451
5805 1.13483962413451
5805 0.621681871783126
10166 0
10166 52.4575418965593
10166 52.4575418965593
10166 52.4575418965593
10166 52.4575418965593
10166 0
10166 4.31806184596379
10166 4.31806184596379
10166 17.6262098114515
10166 17.6262098114515
10166 17.6262098114515
10166 0
10166 1.20997765409178
10166 6.34181050716048
10166 6.34181050716048
10166 6.34181050716048
10166 0.73452343271322
10166 0.319952407068434
10166 0.831783600927938
10166 2.36653655913599
10166 0
10166 1.38872753580014
10166 0
10166 0
10166 13.2285772528462
10166 13.2285772528462
10166 0
10166 13.9912208257612
10166 13.9912208257612
10166 13.9912208257612
10166 2.82057729300058
10166 0
10166 0
10166 964.358135011162
10166 1.00962340647607
10166 1.00962340647607
10166 8.46827030493397
10166 8.46827030493397
10166 0.65693225042096
10166 0.65693225042096
10166 0.65693225042096
10166 1.13483962413451
10166 1.13483962413451
10166 1.13483962413451
10166 0.621681871783126
10452 0
10452 52.4575418965593
10452 52.4575418965593
10452 52.4575418965593
10452 52.4575418965593
10452 0
10452 4.31806184596379
10452 4.31806184596379
10452 17.6262098114515
10452 17.6262098114515
10452 17.6262098114515
10452 0
10452 1.20997765409178
10452 6.34181050716048
10452 6.34181050716048
10452 6.34181050716048
10452 0.73452343271322
10452 0.319952407068434
10452 0.831783600927938
10452 2.36653655913599
10452 0
10452 1.38872753580014
10452 0
10452 0
10452 13.2285772528462
10452 13.2285772528462
10452 0
10452 13.9912208257612
10452 13.9912208257612
10452 13.9912208257612
10452 2.82057729300058
10452 0
10452 0
10452 964.358135011162
10452 1.00962340647607
10452 1.00962340647607
10452 8.46827030493397
10452 8.46827030493397
10452 0.65693225042096
10452 0.65693225042096
10452 0.65693225042096
10452 1.13483962413451
10452 1.13483962413451
10452 1.13483962413451
10452 0.621681871783126
5807 0
5807 52.4575418965593
5807 52.4575418965593
5807 52.4575418965593
5807 52.4575418965593
5807 0
5807 4.31806184596379
5807 4.31806184596379
5807 17.6262098114515
5807 17.6262098114515
5807 17.6262098114515
5807 0
5807 1.20997765409178
5807 6.34181050716048
5807 6.34181050716048
5807 6.34181050716048
5807 0.73452343271322
5807 0.319952407068434
5807 0.831783600927938
5807 2.36653655913599
5807 0
5807 1.38872753580014
5807 0
5807 0
5807 13.2285772528462
5807 13.2285772528462
5807 0
5807 13.9912208257612
5807 13.9912208257612
5807 13.9912208257612
5807 2.82057729300058
5807 0
5807 0
5807 964.358135011162
5807 1.00962340647607
5807 1.00962340647607
5807 8.46827030493397
5807 8.46827030493397
5807 0.65693225042096
5807 0.65693225042096
5807 0.65693225042096
5807 1.13483962413451
5807 1.13483962413451
5807 1.13483962413451
5807 0.621681871783126
5894 0
5894 52.4575418965593
5894 52.4575418965593
5894 52.4575418965593
5894 52.4575418965593
5894 0
5894 4.31806184596379
5894 4.31806184596379
5894 17.6262098114515
5894 17.6262098114515
5894 17.6262098114515
5894 0
5894 1.20997765409178
5894 6.34181050716048
5894 6.34181050716048
5894 6.34181050716048
5894 0.73452343271322
5894 0.319952407068434
5894 0.831783600927938
5894 2.36653655913599
5894 0
5894 1.38872753580014
5894 0
5894 0
5894 13.2285772528462
5894 13.2285772528462
5894 0
5894 13.9912208257612
5894 13.9912208257612
5894 13.9912208257612
5894 2.82057729300058
5894 0
5894 0
5894 964.358135011162
5894 1.00962340647607
5894 1.00962340647607
5894 8.46827030493397
5894 8.46827030493397
5894 0.65693225042096
5894 0.65693225042096
5894 0.65693225042096
5894 1.13483962413451
5894 1.13483962413451
5894 1.13483962413451
5894 0.621681871783126
5808 0
5808 52.4575418965593
5808 52.4575418965593
5808 52.4575418965593
5808 52.4575418965593
5808 0
5808 4.31806184596379
5808 4.31806184596379
5808 17.6262098114515
5808 17.6262098114515
5808 17.6262098114515
5808 0
5808 1.20997765409178
5808 6.34181050716048
5808 6.34181050716048
5808 6.34181050716048
5808 0.73452343271322
5808 0.319952407068434
5808 0.831783600927938
5808 2.36653655913599
5808 0
5808 1.38872753580014
5808 0
5808 0
5808 13.2285772528462
5808 13.2285772528462
5808 0
5808 13.9912208257612
5808 13.9912208257612
5808 13.9912208257612
5808 2.82057729300058
5808 0
5808 0
5808 964.358135011162
5808 1.00962340647607
5808 1.00962340647607
5808 8.46827030493397
5808 8.46827030493397
5808 0.65693225042096
5808 0.65693225042096
5808 0.65693225042096
5808 1.13483962413451
5808 1.13483962413451
5808 1.13483962413451
5808 0.621681871783126
5810 0
5810 52.4575418965593
5810 52.4575418965593
5810 52.4575418965593
5810 52.4575418965593
5810 0
5810 4.31806184596379
5810 4.31806184596379
5810 17.6262098114515
5810 17.6262098114515
5810 17.6262098114515
5810 0
5810 1.20997765409178
5810 6.34181050716048
5810 6.34181050716048
5810 6.34181050716048
5810 0.73452343271322
5810 0.319952407068434
5810 0.831783600927938
5810 2.36653655913599
5810 0
5810 1.38872753580014
5810 0
5810 0
5810 13.2285772528462
5810 13.2285772528462
5810 0
5810 13.9912208257612
5810 13.9912208257612
5810 13.9912208257612
5810 2.82057729300058
5810 0
5810 0
5810 964.358135011162
5810 1.00962340647607
5810 1.00962340647607
5810 8.46827030493397
5810 8.46827030493397
5810 0.65693225042096
5810 0.65693225042096
5810 0.65693225042096
5810 1.13483962413451
5810 1.13483962413451
5810 1.13483962413451
5810 0.621681871783126
5993 0
5993 52.4575418965593
5993 52.4575418965593
5993 52.4575418965593
5993 52.4575418965593
5993 0
5993 4.31806184596379
5993 4.31806184596379
5993 17.6262098114515
5993 17.6262098114515
5993 17.6262098114515
5993 0
5993 1.20997765409178
5993 6.34181050716048
5993 6.34181050716048
5993 6.34181050716048
5993 0.73452343271322
5993 0.319952407068434
5993 0.831783600927938
5993 2.36653655913599
5993 0
5993 1.38872753580014
5993 0
5993 0
5993 13.2285772528462
5993 13.2285772528462
5993 0
5993 13.9912208257612
5993 13.9912208257612
5993 13.9912208257612
5993 2.82057729300058
5993 0
5993 0
5993 964.358135011162
5993 1.00962340647607
5993 1.00962340647607
5993 8.46827030493397
5993 8.46827030493397
5993 0.65693225042096
5993 0.65693225042096
5993 0.65693225042096
5993 1.13483962413451
5993 1.13483962413451
5993 1.13483962413451
5993 0.621681871783126
5813 0
5813 52.4575418965593
5813 52.4575418965593
5813 52.4575418965593
5813 52.4575418965593
5813 0
5813 4.31806184596379
5813 4.31806184596379
5813 17.6262098114515
5813 17.6262098114515
5813 17.6262098114515
5813 0
5813 1.20997765409178
5813 6.34181050716048
5813 6.34181050716048
5813 6.34181050716048
5813 0.73452343271322
5813 0.319952407068434
5813 0.831783600927938
5813 2.36653655913599
5813 0
5813 1.38872753580014
5813 0
5813 0
5813 13.2285772528462
5813 13.2285772528462
5813 0
5813 13.9912208257612
5813 13.9912208257612
5813 13.9912208257612
5813 2.82057729300058
5813 0
5813 0
5813 964.358135011162
5813 1.00962340647607
5813 1.00962340647607
5813 8.46827030493397
5813 8.46827030493397
5813 0.65693225042096
5813 0.65693225042096
5813 0.65693225042096
5813 1.13483962413451
5813 1.13483962413451
5813 1.13483962413451
5813 0.621681871783126
5814 0
5814 52.4575418965593
5814 52.4575418965593
5814 52.4575418965593
5814 52.4575418965593
5814 0
5814 4.31806184596379
5814 4.31806184596379
5814 17.6262098114515
5814 17.6262098114515
5814 17.6262098114515
5814 0
5814 1.20997765409178
5814 6.34181050716048
5814 6.34181050716048
5814 6.34181050716048
5814 0.73452343271322
5814 0.319952407068434
5814 0.831783600927938
5814 2.36653655913599
5814 0
5814 1.38872753580014
5814 0
5814 0
5814 13.2285772528462
5814 13.2285772528462
5814 0
5814 13.9912208257612
5814 13.9912208257612
5814 13.9912208257612
5814 2.82057729300058
5814 0
5814 0
5814 964.358135011162
5814 1.00962340647607
5814 1.00962340647607
5814 8.46827030493397
5814 8.46827030493397
5814 0.65693225042096
5814 0.65693225042096
5814 0.65693225042096
5814 1.13483962413451
5814 1.13483962413451
5814 1.13483962413451
5814 0.621681871783126
5997 0
5997 52.4575418965593
5997 52.4575418965593
5997 52.4575418965593
5997 52.4575418965593
5997 0
5997 4.31806184596379
5997 4.31806184596379
5997 17.6262098114515
5997 17.6262098114515
5997 17.6262098114515
5997 0
5997 1.20997765409178
5997 6.34181050716048
5997 6.34181050716048
5997 6.34181050716048
5997 0.73452343271322
5997 0.319952407068434
5997 0.831783600927938
5997 2.36653655913599
5997 0
5997 1.38872753580014
5997 0
5997 0
5997 13.2285772528462
5997 13.2285772528462
5997 0
5997 13.9912208257612
5997 13.9912208257612
5997 13.9912208257612
5997 2.82057729300058
5997 0
5997 0
5997 964.358135011162
5997 1.00962340647607
5997 1.00962340647607
5997 8.46827030493397
5997 8.46827030493397
5997 0.65693225042096
5997 0.65693225042096
5997 0.65693225042096
5997 1.13483962413451
5997 1.13483962413451
5997 1.13483962413451
5997 0.621681871783126
5998 0
5998 52.4575418965593
5998 52.4575418965593
5998 52.4575418965593
5998 52.4575418965593
5998 0
5998 4.31806184596379
5998 4.31806184596379
5998 17.6262098114515
5998 17.6262098114515
5998 17.6262098114515
5998 0
5998 1.20997765409178
5998 6.34181050716048
5998 6.34181050716048
5998 6.34181050716048
5998 0.73452343271322
5998 0.319952407068434
5998 0.831783600927938
5998 2.36653655913599
5998 0
5998 1.38872753580014
5998 0
5998 0
5998 13.2285772528462
5998 13.2285772528462
5998 0
5998 13.9912208257612
5998 13.9912208257612
5998 13.9912208257612
5998 2.82057729300058
5998 0
5998 0
5998 964.358135011162
5998 1.00962340647607
5998 1.00962340647607
5998 8.46827030493397
5998 8.46827030493397
5998 0.65693225042096
5998 0.65693225042096
5998 0.65693225042096
5998 1.13483962413451
5998 1.13483962413451
5998 1.13483962413451
5998 0.621681871783126
6095 0
6095 52.4575418965593
6095 52.4575418965593
6095 52.4575418965593
6095 52.4575418965593
6095 0
6095 4.31806184596379
6095 4.31806184596379
6095 17.6262098114515
6095 17.6262098114515
6095 17.6262098114515
6095 0
6095 1.20997765409178
6095 6.34181050716048
6095 6.34181050716048
6095 6.34181050716048
6095 0.73452343271322
6095 0.319952407068434
6095 0.831783600927938
6095 2.36653655913599
6095 0
6095 1.38872753580014
6095 0
6095 0
6095 13.2285772528462
6095 13.2285772528462
6095 0
6095 13.9912208257612
6095 13.9912208257612
6095 13.9912208257612
6095 2.82057729300058
6095 0
6095 0
6095 964.358135011162
6095 1.00962340647607
6095 1.00962340647607
6095 8.46827030493397
6095 8.46827030493397
6095 0.65693225042096
6095 0.65693225042096
6095 0.65693225042096
6095 1.13483962413451
6095 1.13483962413451
6095 1.13483962413451
6095 0.621681871783126
6098 0
6098 52.4575418965593
6098 52.4575418965593
6098 52.4575418965593
6098 52.4575418965593
6098 0
6098 4.31806184596379
6098 4.31806184596379
6098 17.6262098114515
6098 17.6262098114515
6098 17.6262098114515
6098 0
6098 1.20997765409178
6098 6.34181050716048
6098 6.34181050716048
6098 6.34181050716048
6098 0.73452343271322
6098 0.319952407068434
6098 0.831783600927938
6098 2.36653655913599
6098 0
6098 1.38872753580014
6098 0
6098 0
6098 13.2285772528462
6098 13.2285772528462
6098 0
6098 13.9912208257612
6098 13.9912208257612
6098 13.9912208257612
6098 2.82057729300058
6098 0
6098 0
6098 964.358135011162
6098 1.00962340647607
6098 1.00962340647607
6098 8.46827030493397
6098 8.46827030493397
6098 0.65693225042096
6098 0.65693225042096
6098 0.65693225042096
6098 1.13483962413451
6098 1.13483962413451
6098 1.13483962413451
6098 0.621681871783126
6099 0
6099 52.4575418965593
6099 52.4575418965593
6099 52.4575418965593
6099 52.4575418965593
6099 0
6099 4.31806184596379
6099 4.31806184596379
6099 17.6262098114515
6099 17.6262098114515
6099 17.6262098114515
6099 0
6099 1.20997765409178
6099 6.34181050716048
6099 6.34181050716048
6099 6.34181050716048
6099 0.73452343271322
6099 0.319952407068434
6099 0.831783600927938
6099 2.36653655913599
6099 0
6099 1.38872753580014
6099 0
6099 0
6099 13.2285772528462
6099 13.2285772528462
6099 0
6099 13.9912208257612
6099 13.9912208257612
6099 13.9912208257612
6099 2.82057729300058
6099 0
6099 0
6099 964.358135011162
6099 1.00962340647607
6099 1.00962340647607
6099 8.46827030493397
6099 8.46827030493397
6099 0.65693225042096
6099 0.65693225042096
6099 0.65693225042096
6099 1.13483962413451
6099 1.13483962413451
6099 1.13483962413451
6099 0.621681871783126
6100 0
6100 52.4575418965593
6100 52.4575418965593
6100 52.4575418965593
6100 52.4575418965593
6100 0
6100 4.31806184596379
6100 4.31806184596379
6100 17.6262098114515
6100 17.6262098114515
6100 17.6262098114515
6100 0
6100 1.20997765409178
6100 6.34181050716048
6100 6.34181050716048
6100 6.34181050716048
6100 0.73452343271322
6100 0.319952407068434
6100 0.831783600927938
6100 2.36653655913599
6100 0
6100 1.38872753580014
6100 0
6100 0
6100 13.2285772528462
6100 13.2285772528462
6100 0
6100 13.9912208257612
6100 13.9912208257612
6100 13.9912208257612
6100 2.82057729300058
6100 0
6100 0
6100 964.358135011162
6100 1.00962340647607
6100 1.00962340647607
6100 8.46827030493397
6100 8.46827030493397
6100 0.65693225042096
6100 0.65693225042096
6100 0.65693225042096
6100 1.13483962413451
6100 1.13483962413451
6100 1.13483962413451
6100 0.621681871783126
6192 0
6192 52.4575418965593
6192 52.4575418965593
6192 52.4575418965593
6192 52.4575418965593
6192 0
6192 4.31806184596379
6192 4.31806184596379
6192 17.6262098114515
6192 17.6262098114515
6192 17.6262098114515
6192 0
6192 1.20997765409178
6192 6.34181050716048
6192 6.34181050716048
6192 6.34181050716048
6192 0.73452343271322
6192 0.319952407068434
6192 0.831783600927938
6192 2.36653655913599
6192 0
6192 1.38872753580014
6192 0
6192 0
6192 13.2285772528462
6192 13.2285772528462
6192 0
6192 13.9912208257612
6192 13.9912208257612
6192 13.9912208257612
6192 2.82057729300058
6192 0
6192 0
6192 964.358135011162
6192 1.00962340647607
6192 1.00962340647607
6192 8.46827030493397
6192 8.46827030493397
6192 0.65693225042096
6192 0.65693225042096
6192 0.65693225042096
6192 1.13483962413451
6192 1.13483962413451
6192 1.13483962413451
6192 0.621681871783126
6195 0
6195 52.4575418965593
6195 52.4575418965593
6195 52.4575418965593
6195 52.4575418965593
6195 0
6195 4.31806184596379
6195 4.31806184596379
6195 17.6262098114515
6195 17.6262098114515
6195 17.6262098114515
6195 0
6195 1.20997765409178
6195 6.34181050716048
6195 6.34181050716048
6195 6.34181050716048
6195 0.73452343271322
6195 0.319952407068434
6195 0.831783600927938
6195 2.36653655913599
6195 0
6195 1.38872753580014
6195 0
6195 0
6195 13.2285772528462
6195 13.2285772528462
6195 0
6195 13.9912208257612
6195 13.9912208257612
6195 13.9912208257612
6195 2.82057729300058
6195 0
6195 0
6195 964.358135011162
6195 1.00962340647607
6195 1.00962340647607
6195 8.46827030493397
6195 8.46827030493397
6195 0.65693225042096
6195 0.65693225042096
6195 0.65693225042096
6195 1.13483962413451
6195 1.13483962413451
6195 1.13483962413451
6195 0.621681871783126
6196 0
6196 52.4575418965593
6196 52.4575418965593
6196 52.4575418965593
6196 52.4575418965593
6196 0
6196 4.31806184596379
6196 4.31806184596379
6196 17.6262098114515
6196 17.6262098114515
6196 17.6262098114515
6196 0
6196 1.20997765409178
6196 6.34181050716048
6196 6.34181050716048
6196 6.34181050716048
6196 0.73452343271322
6196 0.319952407068434
6196 0.831783600927938
6196 2.36653655913599
6196 0
6196 1.38872753580014
6196 0
6196 0
6196 13.2285772528462
6196 13.2285772528462
6196 0
6196 13.9912208257612
6196 13.9912208257612
6196 13.9912208257612
6196 2.82057729300058
6196 0
6196 0
6196 964.358135011162
6196 1.00962340647607
6196 1.00962340647607
6196 8.46827030493397
6196 8.46827030493397
6196 0.65693225042096
6196 0.65693225042096
6196 0.65693225042096
6196 1.13483962413451
6196 1.13483962413451
6196 1.13483962413451
6196 0.621681871783126
6197 0
6197 52.4575418965593
6197 52.4575418965593
6197 52.4575418965593
6197 52.4575418965593
6197 0
6197 4.31806184596379
6197 4.31806184596379
6197 17.6262098114515
6197 17.6262098114515
6197 17.6262098114515
6197 0
6197 1.20997765409178
6197 6.34181050716048
6197 6.34181050716048
6197 6.34181050716048
6197 0.73452343271322
6197 0.319952407068434
6197 0.831783600927938
6197 2.36653655913599
6197 0
6197 1.38872753580014
6197 0
6197 0
6197 13.2285772528462
6197 13.2285772528462
6197 0
6197 13.9912208257612
6197 13.9912208257612
6197 13.9912208257612
6197 2.82057729300058
6197 0
6197 0
6197 964.358135011162
6197 1.00962340647607
6197 1.00962340647607
6197 8.46827030493397
6197 8.46827030493397
6197 0.65693225042096
6197 0.65693225042096
6197 0.65693225042096
6197 1.13483962413451
6197 1.13483962413451
6197 1.13483962413451
6197 0.621681871783126
6108 0
6108 52.4575418965593
6108 52.4575418965593
6108 52.4575418965593
6108 52.4575418965593
6108 0
6108 4.31806184596379
6108 4.31806184596379
6108 17.6262098114515
6108 17.6262098114515
6108 17.6262098114515
6108 0
6108 1.20997765409178
6108 6.34181050716048
6108 6.34181050716048
6108 6.34181050716048
6108 0.73452343271322
6108 0.319952407068434
6108 0.831783600927938
6108 2.36653655913599
6108 0
6108 1.38872753580014
6108 0
6108 0
6108 13.2285772528462
6108 13.2285772528462
6108 0
6108 13.9912208257612
6108 13.9912208257612
6108 13.9912208257612
6108 2.82057729300058
6108 0
6108 0
6108 964.358135011162
6108 1.00962340647607
6108 1.00962340647607
6108 8.46827030493397
6108 8.46827030493397
6108 0.65693225042096
6108 0.65693225042096
6108 0.65693225042096
6108 1.13483962413451
6108 1.13483962413451
6108 1.13483962413451
6108 0.621681871783126
6289 0
6289 52.4575418965593
6289 52.4575418965593
6289 52.4575418965593
6289 52.4575418965593
6289 0
6289 4.31806184596379
6289 4.31806184596379
6289 17.6262098114515
6289 17.6262098114515
6289 17.6262098114515
6289 0
6289 1.20997765409178
6289 6.34181050716048
6289 6.34181050716048
6289 6.34181050716048
6289 0.73452343271322
6289 0.319952407068434
6289 0.831783600927938
6289 2.36653655913599
6289 0
6289 1.38872753580014
6289 0
6289 0
6289 13.2285772528462
6289 13.2285772528462
6289 0
6289 13.9912208257612
6289 13.9912208257612
6289 13.9912208257612
6289 2.82057729300058
6289 0
6289 0
6289 964.358135011162
6289 1.00962340647607
6289 1.00962340647607
6289 8.46827030493397
6289 8.46827030493397
6289 0.65693225042096
6289 0.65693225042096
6289 0.65693225042096
6289 1.13483962413451
6289 1.13483962413451
6289 1.13483962413451
6289 0.621681871783126
6211 0
6211 52.4575418965593
6211 52.4575418965593
6211 52.4575418965593
6211 52.4575418965593
6211 0
6211 4.31806184596379
6211 4.31806184596379
6211 17.6262098114515
6211 17.6262098114515
6211 17.6262098114515
6211 0
6211 1.20997765409178
6211 6.34181050716048
6211 6.34181050716048
6211 6.34181050716048
6211 0.73452343271322
6211 0.319952407068434
6211 0.831783600927938
6211 2.36653655913599
6211 0
6211 1.38872753580014
6211 0
6211 0
6211 13.2285772528462
6211 13.2285772528462
6211 0
6211 13.9912208257612
6211 13.9912208257612
6211 13.9912208257612
6211 2.82057729300058
6211 0
6211 0
6211 964.358135011162
6211 1.00962340647607
6211 1.00962340647607
6211 8.46827030493397
6211 8.46827030493397
6211 0.65693225042096
6211 0.65693225042096
6211 0.65693225042096
6211 1.13483962413451
6211 1.13483962413451
6211 1.13483962413451
6211 0.621681871783126
6390 0
6390 52.4575418965593
6390 52.4575418965593
6390 52.4575418965593
6390 52.4575418965593
6390 0
6390 4.31806184596379
6390 4.31806184596379
6390 17.6262098114515
6390 17.6262098114515
6390 17.6262098114515
6390 0
6390 1.20997765409178
6390 6.34181050716048
6390 6.34181050716048
6390 6.34181050716048
6390 0.73452343271322
6390 0.319952407068434
6390 0.831783600927938
6390 2.36653655913599
6390 0
6390 1.38872753580014
6390 0
6390 0
6390 13.2285772528462
6390 13.2285772528462
6390 0
6390 13.9912208257612
6390 13.9912208257612
6390 13.9912208257612
6390 2.82057729300058
6390 0
6390 0
6390 964.358135011162
6390 1.00962340647607
6390 1.00962340647607
6390 8.46827030493397
6390 8.46827030493397
6390 0.65693225042096
6390 0.65693225042096
6390 0.65693225042096
6390 1.13483962413451
6390 1.13483962413451
6390 1.13483962413451
6390 0.621681871783126
6551 0
6551 52.4575418965593
6551 52.4575418965593
6551 52.4575418965593
6551 52.4575418965593
6551 0
6551 4.31806184596379
6551 4.31806184596379
6551 17.6262098114515
6551 17.6262098114515
6551 17.6262098114515
6551 0
6551 1.20997765409178
6551 6.34181050716048
6551 6.34181050716048
6551 6.34181050716048
6551 0.73452343271322
6551 0.319952407068434
6551 0.831783600927938
6551 2.36653655913599
6551 0
6551 1.38872753580014
6551 0
6551 0
6551 13.2285772528462
6551 13.2285772528462
6551 0
6551 13.9912208257612
6551 13.9912208257612
6551 13.9912208257612
6551 2.82057729300058
6551 0
6551 0
6551 964.358135011162
6551 1.00962340647607
6551 1.00962340647607
6551 8.46827030493397
6551 8.46827030493397
6551 0.65693225042096
6551 0.65693225042096
6551 0.65693225042096
6551 1.13483962413451
6551 1.13483962413451
6551 1.13483962413451
6551 0.621681871783126
6564 0
6564 52.4575418965593
6564 52.4575418965593
6564 52.4575418965593
6564 52.4575418965593
6564 0
6564 4.31806184596379
6564 4.31806184596379
6564 17.6262098114515
6564 17.6262098114515
6564 17.6262098114515
6564 0
6564 1.20997765409178
6564 6.34181050716048
6564 6.34181050716048
6564 6.34181050716048
6564 0.73452343271322
6564 0.319952407068434
6564 0.831783600927938
6564 2.36653655913599
6564 0
6564 1.38872753580014
6564 0
6564 0
6564 13.2285772528462
6564 13.2285772528462
6564 0
6564 13.9912208257612
6564 13.9912208257612
6564 13.9912208257612
6564 2.82057729300058
6564 0
6564 0
6564 964.358135011162
6564 1.00962340647607
6564 1.00962340647607
6564 8.46827030493397
6564 8.46827030493397
6564 0.65693225042096
6564 0.65693225042096
6564 0.65693225042096
6564 1.13483962413451
6564 1.13483962413451
6564 1.13483962413451
6564 0.621681871783126
6640 0
6640 52.4575418965593
6640 52.4575418965593
6640 52.4575418965593
6640 52.4575418965593
6640 0
6640 4.31806184596379
6640 4.31806184596379
6640 17.6262098114515
6640 17.6262098114515
6640 17.6262098114515
6640 0
6640 1.20997765409178
6640 6.34181050716048
6640 6.34181050716048
6640 6.34181050716048
6640 0.73452343271322
6640 0.319952407068434
6640 0.831783600927938
6640 2.36653655913599
6640 0
6640 1.38872753580014
6640 0
6640 0
6640 13.2285772528462
6640 13.2285772528462
6640 0
6640 13.9912208257612
6640 13.9912208257612
6640 13.9912208257612
6640 2.82057729300058
6640 0
6640 0
6640 964.358135011162
6640 1.00962340647607
6640 1.00962340647607
6640 8.46827030493397
6640 8.46827030493397
6640 0.65693225042096
6640 0.65693225042096
6640 0.65693225042096
6640 1.13483962413451
6640 1.13483962413451
6640 1.13483962413451
6640 0.621681871783126
6789 0
6789 52.4575418965593
6789 52.4575418965593
6789 52.4575418965593
6789 52.4575418965593
6789 0
6789 4.31806184596379
6789 4.31806184596379
6789 17.6262098114515
6789 17.6262098114515
6789 17.6262098114515
6789 0
6789 1.20997765409178
6789 6.34181050716048
6789 6.34181050716048
6789 6.34181050716048
6789 0.73452343271322
6789 0.319952407068434
6789 0.831783600927938
6789 2.36653655913599
6789 0
6789 1.38872753580014
6789 0
6789 0
6789 13.2285772528462
6789 13.2285772528462
6789 0
6789 13.9912208257612
6789 13.9912208257612
6789 13.9912208257612
6789 2.82057729300058
6789 0
6789 0
6789 964.358135011162
6789 1.00962340647607
6789 1.00962340647607
6789 8.46827030493397
6789 8.46827030493397
6789 0.65693225042096
6789 0.65693225042096
6789 0.65693225042096
6789 1.13483962413451
6789 1.13483962413451
6789 1.13483962413451
6789 0.621681871783126
