pt_graph cpue_kghour
551 0
551 2.4540692504216
551 2.4540692504216
551 2.4540692504216
551 2.4540692504216
551 0
551 39.2513579392301
551 39.2513579392301
551 0
551 0
551 0
551 0
551 3.28859935179241
551 11657.2566432305
551 11657.2566432305
551 11657.2566432305
551 2.06957983337202
551 3957.7726678515
551 0
551 5682.95290015024
551 0
551 0.1549824903799
551 0
551 0
551 0
551 0
551 98.046815457339
551 8.78970279054195
551 8.78970279054195
551 8.78970279054195
551 30.498135291802
551 0
551 0
551 0.370638638802016
551 0
551 0
551 11714.8857685522
551 11714.8857685522
551 0
551 0
551 0
551 77.7354237742118
551 77.7354237742118
551 77.7354237742118
551 0.190349513685179
1412 0
1412 2.4540692504216
1412 2.4540692504216
1412 2.4540692504216
1412 2.4540692504216
1412 0
1412 39.2513579392301
1412 39.2513579392301
1412 0
1412 0
1412 0
1412 0
1412 3.28859935179241
1412 11657.2566432305
1412 11657.2566432305
1412 11657.2566432305
1412 2.06957983337202
1412 3957.7726678515
1412 0
1412 5682.95290015024
1412 0
1412 0.1549824903799
1412 0
1412 0
1412 0
1412 0
1412 98.046815457339
1412 8.78970279054195
1412 8.78970279054195
1412 8.78970279054195
1412 30.498135291802
1412 0
1412 0
1412 0.370638638802016
1412 0
1412 0
1412 11714.8857685522
1412 11714.8857685522
1412 0
1412 0
1412 0
1412 77.7354237742118
1412 77.7354237742118
1412 77.7354237742118
1412 0.190349513685179
1611 0
1611 2.4540692504216
1611 2.4540692504216
1611 2.4540692504216
1611 2.4540692504216
1611 0
1611 39.2513579392301
1611 39.2513579392301
1611 0
1611 0
1611 0
1611 0
1611 3.28859935179241
1611 11657.2566432305
1611 11657.2566432305
1611 11657.2566432305
1611 2.06957983337202
1611 3957.7726678515
1611 0
1611 5682.95290015024
1611 0
1611 0.1549824903799
1611 0
1611 0
1611 0
1611 0
1611 98.046815457339
1611 8.78970279054195
1611 8.78970279054195
1611 8.78970279054195
1611 30.498135291802
1611 0
1611 0
1611 0.370638638802016
1611 0
1611 0
1611 11714.8857685522
1611 11714.8857685522
1611 0
1611 0
1611 0
1611 77.7354237742118
1611 77.7354237742118
1611 77.7354237742118
1611 0.190349513685179
1613 0
1613 2.4540692504216
1613 2.4540692504216
1613 2.4540692504216
1613 2.4540692504216
1613 0
1613 39.2513579392301
1613 39.2513579392301
1613 0
1613 0
1613 0
1613 0
1613 3.28859935179241
1613 11657.2566432305
1613 11657.2566432305
1613 11657.2566432305
1613 2.06957983337202
1613 3957.7726678515
1613 0
1613 5682.95290015024
1613 0
1613 0.1549824903799
1613 0
1613 0
1613 0
1613 0
1613 98.046815457339
1613 8.78970279054195
1613 8.78970279054195
1613 8.78970279054195
1613 30.498135291802
1613 0
1613 0
1613 0.370638638802016
1613 0
1613 0
1613 11714.8857685522
1613 11714.8857685522
1613 0
1613 0
1613 0
1613 77.7354237742118
1613 77.7354237742118
1613 77.7354237742118
1613 0.190349513685179
1614 0
1614 2.4540692504216
1614 2.4540692504216
1614 2.4540692504216
1614 2.4540692504216
1614 0
1614 39.2513579392301
1614 39.2513579392301
1614 0
1614 0
1614 0
1614 0
1614 3.28859935179241
1614 11657.2566432305
1614 11657.2566432305
1614 11657.2566432305
1614 2.06957983337202
1614 3957.7726678515
1614 0
1614 5682.95290015024
1614 0
1614 0.1549824903799
1614 0
1614 0
1614 0
1614 0
1614 98.046815457339
1614 8.78970279054195
1614 8.78970279054195
1614 8.78970279054195
1614 30.498135291802
1614 0
1614 0
1614 0.370638638802016
1614 0
1614 0
1614 11714.8857685522
1614 11714.8857685522
1614 0
1614 0
1614 0
1614 77.7354237742118
1614 77.7354237742118
1614 77.7354237742118
1614 0.190349513685179
1621 0
1621 2.4540692504216
1621 2.4540692504216
1621 2.4540692504216
1621 2.4540692504216
1621 0
1621 39.2513579392301
1621 39.2513579392301
1621 0
1621 0
1621 0
1621 0
1621 3.28859935179241
1621 11657.2566432305
1621 11657.2566432305
1621 11657.2566432305
1621 2.06957983337202
1621 3957.7726678515
1621 0
1621 5682.95290015024
1621 0
1621 0.1549824903799
1621 0
1621 0
1621 0
1621 0
1621 98.046815457339
1621 8.78970279054195
1621 8.78970279054195
1621 8.78970279054195
1621 30.498135291802
1621 0
1621 0
1621 0.370638638802016
1621 0
1621 0
1621 11714.8857685522
1621 11714.8857685522
1621 0
1621 0
1621 0
1621 77.7354237742118
1621 77.7354237742118
1621 77.7354237742118
1621 0.190349513685179
1834 0
1834 2.4540692504216
1834 2.4540692504216
1834 2.4540692504216
1834 2.4540692504216
1834 0
1834 39.2513579392301
1834 39.2513579392301
1834 0
1834 0
1834 0
1834 0
1834 3.28859935179241
1834 11657.2566432305
1834 11657.2566432305
1834 11657.2566432305
1834 2.06957983337202
1834 3957.7726678515
1834 0
1834 5682.95290015024
1834 0
1834 0.1549824903799
1834 0
1834 0
1834 0
1834 0
1834 98.046815457339
1834 8.78970279054195
1834 8.78970279054195
1834 8.78970279054195
1834 30.498135291802
1834 0
1834 0
1834 0.370638638802016
1834 0
1834 0
1834 11714.8857685522
1834 11714.8857685522
1834 0
1834 0
1834 0
1834 77.7354237742118
1834 77.7354237742118
1834 77.7354237742118
1834 0.190349513685179
1914 0
1914 2.4540692504216
1914 2.4540692504216
1914 2.4540692504216
1914 2.4540692504216
1914 0
1914 39.2513579392301
1914 39.2513579392301
1914 0
1914 0
1914 0
1914 0
1914 3.28859935179241
1914 11657.2566432305
1914 11657.2566432305
1914 11657.2566432305
1914 2.06957983337202
1914 3957.7726678515
1914 0
1914 5682.95290015024
1914 0
1914 0.1549824903799
1914 0
1914 0
1914 0
1914 0
1914 98.046815457339
1914 8.78970279054195
1914 8.78970279054195
1914 8.78970279054195
1914 30.498135291802
1914 0
1914 0
1914 0.370638638802016
1914 0
1914 0
1914 11714.8857685522
1914 11714.8857685522
1914 0
1914 0
1914 0
1914 77.7354237742118
1914 77.7354237742118
1914 77.7354237742118
1914 0.190349513685179
1915 0
1915 2.4540692504216
1915 2.4540692504216
1915 2.4540692504216
1915 2.4540692504216
1915 0
1915 39.2513579392301
1915 39.2513579392301
1915 0
1915 0
1915 0
1915 0
1915 3.28859935179241
1915 11657.2566432305
1915 11657.2566432305
1915 11657.2566432305
1915 2.06957983337202
1915 3957.7726678515
1915 0
1915 5682.95290015024
1915 0
1915 0.1549824903799
1915 0
1915 0
1915 0
1915 0
1915 98.046815457339
1915 8.78970279054195
1915 8.78970279054195
1915 8.78970279054195
1915 30.498135291802
1915 0
1915 0
1915 0.370638638802016
1915 0
1915 0
1915 11714.8857685522
1915 11714.8857685522
1915 0
1915 0
1915 0
1915 77.7354237742118
1915 77.7354237742118
1915 77.7354237742118
1915 0.190349513685179
1997 0
1997 2.4540692504216
1997 2.4540692504216
1997 2.4540692504216
1997 2.4540692504216
1997 0
1997 39.2513579392301
1997 39.2513579392301
1997 0
1997 0
1997 0
1997 0
1997 3.28859935179241
1997 11657.2566432305
1997 11657.2566432305
1997 11657.2566432305
1997 2.06957983337202
1997 3957.7726678515
1997 0
1997 5682.95290015024
1997 0
1997 0.1549824903799
1997 0
1997 0
1997 0
1997 0
1997 98.046815457339
1997 8.78970279054195
1997 8.78970279054195
1997 8.78970279054195
1997 30.498135291802
1997 0
1997 0
1997 0.370638638802016
1997 0
1997 0
1997 11714.8857685522
1997 11714.8857685522
1997 0
1997 0
1997 0
1997 77.7354237742118
1997 77.7354237742118
1997 77.7354237742118
1997 0.190349513685179
2346 0
2346 2.4540692504216
2346 2.4540692504216
2346 2.4540692504216
2346 2.4540692504216
2346 0
2346 39.2513579392301
2346 39.2513579392301
2346 0
2346 0
2346 0
2346 0
2346 3.28859935179241
2346 11657.2566432305
2346 11657.2566432305
2346 11657.2566432305
2346 2.06957983337202
2346 3957.7726678515
2346 0
2346 5682.95290015024
2346 0
2346 0.1549824903799
2346 0
2346 0
2346 0
2346 0
2346 98.046815457339
2346 8.78970279054195
2346 8.78970279054195
2346 8.78970279054195
2346 30.498135291802
2346 0
2346 0
2346 0.370638638802016
2346 0
2346 0
2346 11714.8857685522
2346 11714.8857685522
2346 0
2346 0
2346 0
2346 77.7354237742118
2346 77.7354237742118
2346 77.7354237742118
2346 0.190349513685179
2408 0
2408 2.4540692504216
2408 2.4540692504216
2408 2.4540692504216
2408 2.4540692504216
2408 0
2408 39.2513579392301
2408 39.2513579392301
2408 0
2408 0
2408 0
2408 0
2408 3.28859935179241
2408 11657.2566432305
2408 11657.2566432305
2408 11657.2566432305
2408 2.06957983337202
2408 3957.7726678515
2408 0
2408 5682.95290015024
2408 0
2408 0.1549824903799
2408 0
2408 0
2408 0
2408 0
2408 98.046815457339
2408 8.78970279054195
2408 8.78970279054195
2408 8.78970279054195
2408 30.498135291802
2408 0
2408 0
2408 0.370638638802016
2408 0
2408 0
2408 11714.8857685522
2408 11714.8857685522
2408 0
2408 0
2408 0
2408 77.7354237742118
2408 77.7354237742118
2408 77.7354237742118
2408 0.190349513685179
2412 0
2412 2.4540692504216
2412 2.4540692504216
2412 2.4540692504216
2412 2.4540692504216
2412 0
2412 39.2513579392301
2412 39.2513579392301
2412 0
2412 0
2412 0
2412 0
2412 3.28859935179241
2412 11657.2566432305
2412 11657.2566432305
2412 11657.2566432305
2412 2.06957983337202
2412 3957.7726678515
2412 0
2412 5682.95290015024
2412 0
2412 0.1549824903799
2412 0
2412 0
2412 0
2412 0
2412 98.046815457339
2412 8.78970279054195
2412 8.78970279054195
2412 8.78970279054195
2412 30.498135291802
2412 0
2412 0
2412 0.370638638802016
2412 0
2412 0
2412 11714.8857685522
2412 11714.8857685522
2412 0
2412 0
2412 0
2412 77.7354237742118
2412 77.7354237742118
2412 77.7354237742118
2412 0.190349513685179
2566 0
2566 2.4540692504216
2566 2.4540692504216
2566 2.4540692504216
2566 2.4540692504216
2566 0
2566 39.2513579392301
2566 39.2513579392301
2566 0
2566 0
2566 0
2566 0
2566 3.28859935179241
2566 11657.2566432305
2566 11657.2566432305
2566 11657.2566432305
2566 2.06957983337202
2566 3957.7726678515
2566 0
2566 5682.95290015024
2566 0
2566 0.1549824903799
2566 0
2566 0
2566 0
2566 0
2566 98.046815457339
2566 8.78970279054195
2566 8.78970279054195
2566 8.78970279054195
2566 30.498135291802
2566 0
2566 0
2566 0.370638638802016
2566 0
2566 0
2566 11714.8857685522
2566 11714.8857685522
2566 0
2566 0
2566 0
2566 77.7354237742118
2566 77.7354237742118
2566 77.7354237742118
2566 0.190349513685179
2650 0
2650 2.4540692504216
2650 2.4540692504216
2650 2.4540692504216
2650 2.4540692504216
2650 0
2650 39.2513579392301
2650 39.2513579392301
2650 0
2650 0
2650 0
2650 0
2650 3.28859935179241
2650 11657.2566432305
2650 11657.2566432305
2650 11657.2566432305
2650 2.06957983337202
2650 3957.7726678515
2650 0
2650 5682.95290015024
2650 0
2650 0.1549824903799
2650 0
2650 0
2650 0
2650 0
2650 98.046815457339
2650 8.78970279054195
2650 8.78970279054195
2650 8.78970279054195
2650 30.498135291802
2650 0
2650 0
2650 0.370638638802016
2650 0
2650 0
2650 11714.8857685522
2650 11714.8857685522
2650 0
2650 0
2650 0
2650 77.7354237742118
2650 77.7354237742118
2650 77.7354237742118
2650 0.190349513685179
2652 0
2652 2.4540692504216
2652 2.4540692504216
2652 2.4540692504216
2652 2.4540692504216
2652 0
2652 39.2513579392301
2652 39.2513579392301
2652 0
2652 0
2652 0
2652 0
2652 3.28859935179241
2652 11657.2566432305
2652 11657.2566432305
2652 11657.2566432305
2652 2.06957983337202
2652 3957.7726678515
2652 0
2652 5682.95290015024
2652 0
2652 0.1549824903799
2652 0
2652 0
2652 0
2652 0
2652 98.046815457339
2652 8.78970279054195
2652 8.78970279054195
2652 8.78970279054195
2652 30.498135291802
2652 0
2652 0
2652 0.370638638802016
2652 0
2652 0
2652 11714.8857685522
2652 11714.8857685522
2652 0
2652 0
2652 0
2652 77.7354237742118
2652 77.7354237742118
2652 77.7354237742118
2652 0.190349513685179
2669 0
2669 2.4540692504216
2669 2.4540692504216
2669 2.4540692504216
2669 2.4540692504216
2669 0
2669 39.2513579392301
2669 39.2513579392301
2669 0
2669 0
2669 0
2669 0
2669 3.28859935179241
2669 11657.2566432305
2669 11657.2566432305
2669 11657.2566432305
2669 2.06957983337202
2669 3957.7726678515
2669 0
2669 5682.95290015024
2669 0
2669 0.1549824903799
2669 0
2669 0
2669 0
2669 0
2669 98.046815457339
2669 8.78970279054195
2669 8.78970279054195
2669 8.78970279054195
2669 30.498135291802
2669 0
2669 0
2669 0.370638638802016
2669 0
2669 0
2669 11714.8857685522
2669 11714.8857685522
2669 0
2669 0
2669 0
2669 77.7354237742118
2669 77.7354237742118
2669 77.7354237742118
2669 0.190349513685179
2732 0
2732 2.4540692504216
2732 2.4540692504216
2732 2.4540692504216
2732 2.4540692504216
2732 0
2732 39.2513579392301
2732 39.2513579392301
2732 0
2732 0
2732 0
2732 0
2732 3.28859935179241
2732 11657.2566432305
2732 11657.2566432305
2732 11657.2566432305
2732 2.06957983337202
2732 3957.7726678515
2732 0
2732 5682.95290015024
2732 0
2732 0.1549824903799
2732 0
2732 0
2732 0
2732 0
2732 98.046815457339
2732 8.78970279054195
2732 8.78970279054195
2732 8.78970279054195
2732 30.498135291802
2732 0
2732 0
2732 0.370638638802016
2732 0
2732 0
2732 11714.8857685522
2732 11714.8857685522
2732 0
2732 0
2732 0
2732 77.7354237742118
2732 77.7354237742118
2732 77.7354237742118
2732 0.190349513685179
2735 0
2735 2.4540692504216
2735 2.4540692504216
2735 2.4540692504216
2735 2.4540692504216
2735 0
2735 39.2513579392301
2735 39.2513579392301
2735 0
2735 0
2735 0
2735 0
2735 3.28859935179241
2735 11657.2566432305
2735 11657.2566432305
2735 11657.2566432305
2735 2.06957983337202
2735 3957.7726678515
2735 0
2735 5682.95290015024
2735 0
2735 0.1549824903799
2735 0
2735 0
2735 0
2735 0
2735 98.046815457339
2735 8.78970279054195
2735 8.78970279054195
2735 8.78970279054195
2735 30.498135291802
2735 0
2735 0
2735 0.370638638802016
2735 0
2735 0
2735 11714.8857685522
2735 11714.8857685522
2735 0
2735 0
2735 0
2735 77.7354237742118
2735 77.7354237742118
2735 77.7354237742118
2735 0.190349513685179
2736 0
2736 2.4540692504216
2736 2.4540692504216
2736 2.4540692504216
2736 2.4540692504216
2736 0
2736 39.2513579392301
2736 39.2513579392301
2736 0
2736 0
2736 0
2736 0
2736 3.28859935179241
2736 11657.2566432305
2736 11657.2566432305
2736 11657.2566432305
2736 2.06957983337202
2736 3957.7726678515
2736 0
2736 5682.95290015024
2736 0
2736 0.1549824903799
2736 0
2736 0
2736 0
2736 0
2736 98.046815457339
2736 8.78970279054195
2736 8.78970279054195
2736 8.78970279054195
2736 30.498135291802
2736 0
2736 0
2736 0.370638638802016
2736 0
2736 0
2736 11714.8857685522
2736 11714.8857685522
2736 0
2736 0
2736 0
2736 77.7354237742118
2736 77.7354237742118
2736 77.7354237742118
2736 0.190349513685179
2775 0
2775 2.4540692504216
2775 2.4540692504216
2775 2.4540692504216
2775 2.4540692504216
2775 0
2775 39.2513579392301
2775 39.2513579392301
2775 0
2775 0
2775 0
2775 0
2775 3.28859935179241
2775 11657.2566432305
2775 11657.2566432305
2775 11657.2566432305
2775 2.06957983337202
2775 3957.7726678515
2775 0
2775 5682.95290015024
2775 0
2775 0.1549824903799
2775 0
2775 0
2775 0
2775 0
2775 98.046815457339
2775 8.78970279054195
2775 8.78970279054195
2775 8.78970279054195
2775 30.498135291802
2775 0
2775 0
2775 0.370638638802016
2775 0
2775 0
2775 11714.8857685522
2775 11714.8857685522
2775 0
2775 0
2775 0
2775 77.7354237742118
2775 77.7354237742118
2775 77.7354237742118
2775 0.190349513685179
2816 0
2816 2.4540692504216
2816 2.4540692504216
2816 2.4540692504216
2816 2.4540692504216
2816 0
2816 39.2513579392301
2816 39.2513579392301
2816 0
2816 0
2816 0
2816 0
2816 3.28859935179241
2816 11657.2566432305
2816 11657.2566432305
2816 11657.2566432305
2816 2.06957983337202
2816 3957.7726678515
2816 0
2816 5682.95290015024
2816 0
2816 0.1549824903799
2816 0
2816 0
2816 0
2816 0
2816 98.046815457339
2816 8.78970279054195
2816 8.78970279054195
2816 8.78970279054195
2816 30.498135291802
2816 0
2816 0
2816 0.370638638802016
2816 0
2816 0
2816 11714.8857685522
2816 11714.8857685522
2816 0
2816 0
2816 0
2816 77.7354237742118
2816 77.7354237742118
2816 77.7354237742118
2816 0.190349513685179
2890 0
2890 2.4540692504216
2890 2.4540692504216
2890 2.4540692504216
2890 2.4540692504216
2890 0
2890 39.2513579392301
2890 39.2513579392301
2890 0
2890 0
2890 0
2890 0
2890 3.28859935179241
2890 11657.2566432305
2890 11657.2566432305
2890 11657.2566432305
2890 2.06957983337202
2890 3957.7726678515
2890 0
2890 5682.95290015024
2890 0
2890 0.1549824903799
2890 0
2890 0
2890 0
2890 0
2890 98.046815457339
2890 8.78970279054195
2890 8.78970279054195
2890 8.78970279054195
2890 30.498135291802
2890 0
2890 0
2890 0.370638638802016
2890 0
2890 0
2890 11714.8857685522
2890 11714.8857685522
2890 0
2890 0
2890 0
2890 77.7354237742118
2890 77.7354237742118
2890 77.7354237742118
2890 0.190349513685179
2965 0
2965 2.4540692504216
2965 2.4540692504216
2965 2.4540692504216
2965 2.4540692504216
2965 0
2965 39.2513579392301
2965 39.2513579392301
2965 0
2965 0
2965 0
2965 0
2965 3.28859935179241
2965 11657.2566432305
2965 11657.2566432305
2965 11657.2566432305
2965 2.06957983337202
2965 3957.7726678515
2965 0
2965 5682.95290015024
2965 0
2965 0.1549824903799
2965 0
2965 0
2965 0
2965 0
2965 98.046815457339
2965 8.78970279054195
2965 8.78970279054195
2965 8.78970279054195
2965 30.498135291802
2965 0
2965 0
2965 0.370638638802016
2965 0
2965 0
2965 11714.8857685522
2965 11714.8857685522
2965 0
2965 0
2965 0
2965 77.7354237742118
2965 77.7354237742118
2965 77.7354237742118
2965 0.190349513685179
3028 0
3028 2.4540692504216
3028 2.4540692504216
3028 2.4540692504216
3028 2.4540692504216
3028 0
3028 39.2513579392301
3028 39.2513579392301
3028 0
3028 0
3028 0
3028 0
3028 3.28859935179241
3028 11657.2566432305
3028 11657.2566432305
3028 11657.2566432305
3028 2.06957983337202
3028 3957.7726678515
3028 0
3028 5682.95290015024
3028 0
3028 0.1549824903799
3028 0
3028 0
3028 0
3028 0
3028 98.046815457339
3028 8.78970279054195
3028 8.78970279054195
3028 8.78970279054195
3028 30.498135291802
3028 0
3028 0
3028 0.370638638802016
3028 0
3028 0
3028 11714.8857685522
3028 11714.8857685522
3028 0
3028 0
3028 0
3028 77.7354237742118
3028 77.7354237742118
3028 77.7354237742118
3028 0.190349513685179
2974 0
2974 2.4540692504216
2974 2.4540692504216
2974 2.4540692504216
2974 2.4540692504216
2974 0
2974 39.2513579392301
2974 39.2513579392301
2974 0
2974 0
2974 0
2974 0
2974 3.28859935179241
2974 11657.2566432305
2974 11657.2566432305
2974 11657.2566432305
2974 2.06957983337202
2974 3957.7726678515
2974 0
2974 5682.95290015024
2974 0
2974 0.1549824903799
2974 0
2974 0
2974 0
2974 0
2974 98.046815457339
2974 8.78970279054195
2974 8.78970279054195
2974 8.78970279054195
2974 30.498135291802
2974 0
2974 0
2974 0.370638638802016
2974 0
2974 0
2974 11714.8857685522
2974 11714.8857685522
2974 0
2974 0
2974 0
2974 77.7354237742118
2974 77.7354237742118
2974 77.7354237742118
2974 0.190349513685179
3086 0
3086 2.4540692504216
3086 2.4540692504216
3086 2.4540692504216
3086 2.4540692504216
3086 0
3086 39.2513579392301
3086 39.2513579392301
3086 0
3086 0
3086 0
3086 0
3086 3.28859935179241
3086 11657.2566432305
3086 11657.2566432305
3086 11657.2566432305
3086 2.06957983337202
3086 3957.7726678515
3086 0
3086 5682.95290015024
3086 0
3086 0.1549824903799
3086 0
3086 0
3086 0
3086 0
3086 98.046815457339
3086 8.78970279054195
3086 8.78970279054195
3086 8.78970279054195
3086 30.498135291802
3086 0
3086 0
3086 0.370638638802016
3086 0
3086 0
3086 11714.8857685522
3086 11714.8857685522
3086 0
3086 0
3086 0
3086 77.7354237742118
3086 77.7354237742118
3086 77.7354237742118
3086 0.190349513685179
3085 0
3085 2.4540692504216
3085 2.4540692504216
3085 2.4540692504216
3085 2.4540692504216
3085 0
3085 39.2513579392301
3085 39.2513579392301
3085 0
3085 0
3085 0
3085 0
3085 3.28859935179241
3085 11657.2566432305
3085 11657.2566432305
3085 11657.2566432305
3085 2.06957983337202
3085 3957.7726678515
3085 0
3085 5682.95290015024
3085 0
3085 0.1549824903799
3085 0
3085 0
3085 0
3085 0
3085 98.046815457339
3085 8.78970279054195
3085 8.78970279054195
3085 8.78970279054195
3085 30.498135291802
3085 0
3085 0
3085 0.370638638802016
3085 0
3085 0
3085 11714.8857685522
3085 11714.8857685522
3085 0
3085 0
3085 0
3085 77.7354237742118
3085 77.7354237742118
3085 77.7354237742118
3085 0.190349513685179
3083 0
3083 2.4540692504216
3083 2.4540692504216
3083 2.4540692504216
3083 2.4540692504216
3083 0
3083 39.2513579392301
3083 39.2513579392301
3083 0
3083 0
3083 0
3083 0
3083 3.28859935179241
3083 11657.2566432305
3083 11657.2566432305
3083 11657.2566432305
3083 2.06957983337202
3083 3957.7726678515
3083 0
3083 5682.95290015024
3083 0
3083 0.1549824903799
3083 0
3083 0
3083 0
3083 0
3083 98.046815457339
3083 8.78970279054195
3083 8.78970279054195
3083 8.78970279054195
3083 30.498135291802
3083 0
3083 0
3083 0.370638638802016
3083 0
3083 0
3083 11714.8857685522
3083 11714.8857685522
3083 0
3083 0
3083 0
3083 77.7354237742118
3083 77.7354237742118
3083 77.7354237742118
3083 0.190349513685179
3157 0
3157 2.4540692504216
3157 2.4540692504216
3157 2.4540692504216
3157 2.4540692504216
3157 0
3157 39.2513579392301
3157 39.2513579392301
3157 0
3157 0
3157 0
3157 0
3157 3.28859935179241
3157 11657.2566432305
3157 11657.2566432305
3157 11657.2566432305
3157 2.06957983337202
3157 3957.7726678515
3157 0
3157 5682.95290015024
3157 0
3157 0.1549824903799
3157 0
3157 0
3157 0
3157 0
3157 98.046815457339
3157 8.78970279054195
3157 8.78970279054195
3157 8.78970279054195
3157 30.498135291802
3157 0
3157 0
3157 0.370638638802016
3157 0
3157 0
3157 11714.8857685522
3157 11714.8857685522
3157 0
3157 0
3157 0
3157 77.7354237742118
3157 77.7354237742118
3157 77.7354237742118
3157 0.190349513685179
3319 0
3319 2.4540692504216
3319 2.4540692504216
3319 2.4540692504216
3319 2.4540692504216
3319 0
3319 39.2513579392301
3319 39.2513579392301
3319 0
3319 0
3319 0
3319 0
3319 3.28859935179241
3319 11657.2566432305
3319 11657.2566432305
3319 11657.2566432305
3319 2.06957983337202
3319 3957.7726678515
3319 0
3319 5682.95290015024
3319 0
3319 0.1549824903799
3319 0
3319 0
3319 0
3319 0
3319 98.046815457339
3319 8.78970279054195
3319 8.78970279054195
3319 8.78970279054195
3319 30.498135291802
3319 0
3319 0
3319 0.370638638802016
3319 0
3319 0
3319 11714.8857685522
3319 11714.8857685522
3319 0
3319 0
3319 0
3319 77.7354237742118
3319 77.7354237742118
3319 77.7354237742118
3319 0.190349513685179
10934 0
10934 2.4540692504216
10934 2.4540692504216
10934 2.4540692504216
10934 2.4540692504216
10934 0
10934 39.2513579392301
10934 39.2513579392301
10934 0
10934 0
10934 0
10934 0
10934 3.28859935179241
10934 11657.2566432305
10934 11657.2566432305
10934 11657.2566432305
10934 2.06957983337202
10934 3957.7726678515
10934 0
10934 5682.95290015024
10934 0
10934 0.1549824903799
10934 0
10934 0
10934 0
10934 0
10934 98.046815457339
10934 8.78970279054195
10934 8.78970279054195
10934 8.78970279054195
10934 30.498135291802
10934 0
10934 0
10934 0.370638638802016
10934 0
10934 0
10934 11714.8857685522
10934 11714.8857685522
10934 0
10934 0
10934 0
10934 77.7354237742118
10934 77.7354237742118
10934 77.7354237742118
10934 0.190349513685179
4612 0
4612 2.4540692504216
4612 2.4540692504216
4612 2.4540692504216
4612 2.4540692504216
4612 0
4612 39.2513579392301
4612 39.2513579392301
4612 0
4612 0
4612 0
4612 0
4612 3.28859935179241
4612 11657.2566432305
4612 11657.2566432305
4612 11657.2566432305
4612 2.06957983337202
4612 3957.7726678515
4612 0
4612 5682.95290015024
4612 0
4612 0.1549824903799
4612 0
4612 0
4612 0
4612 0
4612 98.046815457339
4612 8.78970279054195
4612 8.78970279054195
4612 8.78970279054195
4612 30.498135291802
4612 0
4612 0
4612 0.370638638802016
4612 0
4612 0
4612 11714.8857685522
4612 11714.8857685522
4612 0
4612 0
4612 0
4612 77.7354237742118
4612 77.7354237742118
4612 77.7354237742118
4612 0.190349513685179
4702 0
4702 2.4540692504216
4702 2.4540692504216
4702 2.4540692504216
4702 2.4540692504216
4702 0
4702 39.2513579392301
4702 39.2513579392301
4702 0
4702 0
4702 0
4702 0
4702 3.28859935179241
4702 11657.2566432305
4702 11657.2566432305
4702 11657.2566432305
4702 2.06957983337202
4702 3957.7726678515
4702 0
4702 5682.95290015024
4702 0
4702 0.1549824903799
4702 0
4702 0
4702 0
4702 0
4702 98.046815457339
4702 8.78970279054195
4702 8.78970279054195
4702 8.78970279054195
4702 30.498135291802
4702 0
4702 0
4702 0.370638638802016
4702 0
4702 0
4702 11714.8857685522
4702 11714.8857685522
4702 0
4702 0
4702 0
4702 77.7354237742118
4702 77.7354237742118
4702 77.7354237742118
4702 0.190349513685179
4893 0
4893 2.4540692504216
4893 2.4540692504216
4893 2.4540692504216
4893 2.4540692504216
4893 0
4893 39.2513579392301
4893 39.2513579392301
4893 0
4893 0
4893 0
4893 0
4893 3.28859935179241
4893 11657.2566432305
4893 11657.2566432305
4893 11657.2566432305
4893 2.06957983337202
4893 3957.7726678515
4893 0
4893 5682.95290015024
4893 0
4893 0.1549824903799
4893 0
4893 0
4893 0
4893 0
4893 98.046815457339
4893 8.78970279054195
4893 8.78970279054195
4893 8.78970279054195
4893 30.498135291802
4893 0
4893 0
4893 0.370638638802016
4893 0
4893 0
4893 11714.8857685522
4893 11714.8857685522
4893 0
4893 0
4893 0
4893 77.7354237742118
4893 77.7354237742118
4893 77.7354237742118
4893 0.190349513685179
4892 0
4892 2.4540692504216
4892 2.4540692504216
4892 2.4540692504216
4892 2.4540692504216
4892 0
4892 39.2513579392301
4892 39.2513579392301
4892 0
4892 0
4892 0
4892 0
4892 3.28859935179241
4892 11657.2566432305
4892 11657.2566432305
4892 11657.2566432305
4892 2.06957983337202
4892 3957.7726678515
4892 0
4892 5682.95290015024
4892 0
4892 0.1549824903799
4892 0
4892 0
4892 0
4892 0
4892 98.046815457339
4892 8.78970279054195
4892 8.78970279054195
4892 8.78970279054195
4892 30.498135291802
4892 0
4892 0
4892 0.370638638802016
4892 0
4892 0
4892 11714.8857685522
4892 11714.8857685522
4892 0
4892 0
4892 0
4892 77.7354237742118
4892 77.7354237742118
4892 77.7354237742118
4892 0.190349513685179
4890 0
4890 2.4540692504216
4890 2.4540692504216
4890 2.4540692504216
4890 2.4540692504216
4890 0
4890 39.2513579392301
4890 39.2513579392301
4890 0
4890 0
4890 0
4890 0
4890 3.28859935179241
4890 11657.2566432305
4890 11657.2566432305
4890 11657.2566432305
4890 2.06957983337202
4890 3957.7726678515
4890 0
4890 5682.95290015024
4890 0
4890 0.1549824903799
4890 0
4890 0
4890 0
4890 0
4890 98.046815457339
4890 8.78970279054195
4890 8.78970279054195
4890 8.78970279054195
4890 30.498135291802
4890 0
4890 0
4890 0.370638638802016
4890 0
4890 0
4890 11714.8857685522
4890 11714.8857685522
4890 0
4890 0
4890 0
4890 77.7354237742118
4890 77.7354237742118
4890 77.7354237742118
4890 0.190349513685179
9794 0
9794 2.4540692504216
9794 2.4540692504216
9794 2.4540692504216
9794 2.4540692504216
9794 0
9794 39.2513579392301
9794 39.2513579392301
9794 0
9794 0
9794 0
9794 0
9794 3.28859935179241
9794 11657.2566432305
9794 11657.2566432305
9794 11657.2566432305
9794 2.06957983337202
9794 3957.7726678515
9794 0
9794 5682.95290015024
9794 0
9794 0.1549824903799
9794 0
9794 0
9794 0
9794 0
9794 98.046815457339
9794 8.78970279054195
9794 8.78970279054195
9794 8.78970279054195
9794 30.498135291802
9794 0
9794 0
9794 0.370638638802016
9794 0
9794 0
9794 11714.8857685522
9794 11714.8857685522
9794 0
9794 0
9794 0
9794 77.7354237742118
9794 77.7354237742118
9794 77.7354237742118
9794 0.190349513685179
10944 0
10944 2.4540692504216
10944 2.4540692504216
10944 2.4540692504216
10944 2.4540692504216
10944 0
10944 39.2513579392301
10944 39.2513579392301
10944 0
10944 0
10944 0
10944 0
10944 3.28859935179241
10944 11657.2566432305
10944 11657.2566432305
10944 11657.2566432305
10944 2.06957983337202
10944 3957.7726678515
10944 0
10944 5682.95290015024
10944 0
10944 0.1549824903799
10944 0
10944 0
10944 0
10944 0
10944 98.046815457339
10944 8.78970279054195
10944 8.78970279054195
10944 8.78970279054195
10944 30.498135291802
10944 0
10944 0
10944 0.370638638802016
10944 0
10944 0
10944 11714.8857685522
10944 11714.8857685522
10944 0
10944 0
10944 0
10944 77.7354237742118
10944 77.7354237742118
10944 77.7354237742118
10944 0.190349513685179
5075 0
5075 2.4540692504216
5075 2.4540692504216
5075 2.4540692504216
5075 2.4540692504216
5075 0
5075 39.2513579392301
5075 39.2513579392301
5075 0
5075 0
5075 0
5075 0
5075 3.28859935179241
5075 11657.2566432305
5075 11657.2566432305
5075 11657.2566432305
5075 2.06957983337202
5075 3957.7726678515
5075 0
5075 5682.95290015024
5075 0
5075 0.1549824903799
5075 0
5075 0
5075 0
5075 0
5075 98.046815457339
5075 8.78970279054195
5075 8.78970279054195
5075 8.78970279054195
5075 30.498135291802
5075 0
5075 0
5075 0.370638638802016
5075 0
5075 0
5075 11714.8857685522
5075 11714.8857685522
5075 0
5075 0
5075 0
5075 77.7354237742118
5075 77.7354237742118
5075 77.7354237742118
5075 0.190349513685179
5074 0
5074 2.4540692504216
5074 2.4540692504216
5074 2.4540692504216
5074 2.4540692504216
5074 0
5074 39.2513579392301
5074 39.2513579392301
5074 0
5074 0
5074 0
5074 0
5074 3.28859935179241
5074 11657.2566432305
5074 11657.2566432305
5074 11657.2566432305
5074 2.06957983337202
5074 3957.7726678515
5074 0
5074 5682.95290015024
5074 0
5074 0.1549824903799
5074 0
5074 0
5074 0
5074 0
5074 98.046815457339
5074 8.78970279054195
5074 8.78970279054195
5074 8.78970279054195
5074 30.498135291802
5074 0
5074 0
5074 0.370638638802016
5074 0
5074 0
5074 11714.8857685522
5074 11714.8857685522
5074 0
5074 0
5074 0
5074 77.7354237742118
5074 77.7354237742118
5074 77.7354237742118
5074 0.190349513685179
5430 0
5430 2.4540692504216
5430 2.4540692504216
5430 2.4540692504216
5430 2.4540692504216
5430 0
5430 39.2513579392301
5430 39.2513579392301
5430 0
5430 0
5430 0
5430 0
5430 3.28859935179241
5430 11657.2566432305
5430 11657.2566432305
5430 11657.2566432305
5430 2.06957983337202
5430 3957.7726678515
5430 0
5430 5682.95290015024
5430 0
5430 0.1549824903799
5430 0
5430 0
5430 0
5430 0
5430 98.046815457339
5430 8.78970279054195
5430 8.78970279054195
5430 8.78970279054195
5430 30.498135291802
5430 0
5430 0
5430 0.370638638802016
5430 0
5430 0
5430 11714.8857685522
5430 11714.8857685522
5430 0
5430 0
5430 0
5430 77.7354237742118
5430 77.7354237742118
5430 77.7354237742118
5430 0.190349513685179
