pt_graph cpue_kghour
883 0
883 2.4540692504216
883 2.4540692504216
883 2.4540692504216
883 2.4540692504216
883 0
883 39.2513579392301
883 39.2513579392301
883 0
883 0
883 0
883 0
883 3.28859935179241
883 11657.2566432305
883 11657.2566432305
883 11657.2566432305
883 2.06957983337202
883 3957.7726678515
883 0
883 5682.95290015024
883 0
883 0.1549824903799
883 0
883 0
883 0
883 0
883 98.046815457339
883 8.78970279054195
883 8.78970279054195
883 8.78970279054195
883 30.498135291802
883 0
883 0
883 0.370638638802016
883 0
883 0
883 11714.8857685522
883 11714.8857685522
883 0
883 0
883 0
883 77.7354237742118
883 77.7354237742118
883 77.7354237742118
883 0.190349513685179
1471 0
1471 2.4540692504216
1471 2.4540692504216
1471 2.4540692504216
1471 2.4540692504216
1471 0
1471 39.2513579392301
1471 39.2513579392301
1471 0
1471 0
1471 0
1471 0
1471 3.28859935179241
1471 11657.2566432305
1471 11657.2566432305
1471 11657.2566432305
1471 2.06957983337202
1471 3957.7726678515
1471 0
1471 5682.95290015024
1471 0
1471 0.1549824903799
1471 0
1471 0
1471 0
1471 0
1471 98.046815457339
1471 8.78970279054195
1471 8.78970279054195
1471 8.78970279054195
1471 30.498135291802
1471 0
1471 0
1471 0.370638638802016
1471 0
1471 0
1471 11714.8857685522
1471 11714.8857685522
1471 0
1471 0
1471 0
1471 77.7354237742118
1471 77.7354237742118
1471 77.7354237742118
1471 0.190349513685179
1541 0
1541 2.4540692504216
1541 2.4540692504216
1541 2.4540692504216
1541 2.4540692504216
1541 0
1541 39.2513579392301
1541 39.2513579392301
1541 0
1541 0
1541 0
1541 0
1541 3.28859935179241
1541 11657.2566432305
1541 11657.2566432305
1541 11657.2566432305
1541 2.06957983337202
1541 3957.7726678515
1541 0
1541 5682.95290015024
1541 0
1541 0.1549824903799
1541 0
1541 0
1541 0
1541 0
1541 98.046815457339
1541 8.78970279054195
1541 8.78970279054195
1541 8.78970279054195
1541 30.498135291802
1541 0
1541 0
1541 0.370638638802016
1541 0
1541 0
1541 11714.8857685522
1541 11714.8857685522
1541 0
1541 0
1541 0
1541 77.7354237742118
1541 77.7354237742118
1541 77.7354237742118
1541 0.190349513685179
1546 0
1546 2.4540692504216
1546 2.4540692504216
1546 2.4540692504216
1546 2.4540692504216
1546 0
1546 39.2513579392301
1546 39.2513579392301
1546 0
1546 0
1546 0
1546 0
1546 3.28859935179241
1546 11657.2566432305
1546 11657.2566432305
1546 11657.2566432305
1546 2.06957983337202
1546 3957.7726678515
1546 0
1546 5682.95290015024
1546 0
1546 0.1549824903799
1546 0
1546 0
1546 0
1546 0
1546 98.046815457339
1546 8.78970279054195
1546 8.78970279054195
1546 8.78970279054195
1546 30.498135291802
1546 0
1546 0
1546 0.370638638802016
1546 0
1546 0
1546 11714.8857685522
1546 11714.8857685522
1546 0
1546 0
1546 0
1546 77.7354237742118
1546 77.7354237742118
1546 77.7354237742118
1546 0.190349513685179
1616 0
1616 2.4540692504216
1616 2.4540692504216
1616 2.4540692504216
1616 2.4540692504216
1616 0
1616 39.2513579392301
1616 39.2513579392301
1616 0
1616 0
1616 0
1616 0
1616 3.28859935179241
1616 11657.2566432305
1616 11657.2566432305
1616 11657.2566432305
1616 2.06957983337202
1616 3957.7726678515
1616 0
1616 5682.95290015024
1616 0
1616 0.1549824903799
1616 0
1616 0
1616 0
1616 0
1616 98.046815457339
1616 8.78970279054195
1616 8.78970279054195
1616 8.78970279054195
1616 30.498135291802
1616 0
1616 0
1616 0.370638638802016
1616 0
1616 0
1616 11714.8857685522
1616 11714.8857685522
1616 0
1616 0
1616 0
1616 77.7354237742118
1616 77.7354237742118
1616 77.7354237742118
1616 0.190349513685179
1683 0
1683 2.4540692504216
1683 2.4540692504216
1683 2.4540692504216
1683 2.4540692504216
1683 0
1683 39.2513579392301
1683 39.2513579392301
1683 0
1683 0
1683 0
1683 0
1683 3.28859935179241
1683 11657.2566432305
1683 11657.2566432305
1683 11657.2566432305
1683 2.06957983337202
1683 3957.7726678515
1683 0
1683 5682.95290015024
1683 0
1683 0.1549824903799
1683 0
1683 0
1683 0
1683 0
1683 98.046815457339
1683 8.78970279054195
1683 8.78970279054195
1683 8.78970279054195
1683 30.498135291802
1683 0
1683 0
1683 0.370638638802016
1683 0
1683 0
1683 11714.8857685522
1683 11714.8857685522
1683 0
1683 0
1683 0
1683 77.7354237742118
1683 77.7354237742118
1683 77.7354237742118
1683 0.190349513685179
1834 0
1834 2.4540692504216
1834 2.4540692504216
1834 2.4540692504216
1834 2.4540692504216
1834 0
1834 39.2513579392301
1834 39.2513579392301
1834 0
1834 0
1834 0
1834 0
1834 3.28859935179241
1834 11657.2566432305
1834 11657.2566432305
1834 11657.2566432305
1834 2.06957983337202
1834 3957.7726678515
1834 0
1834 5682.95290015024
1834 0
1834 0.1549824903799
1834 0
1834 0
1834 0
1834 0
1834 98.046815457339
1834 8.78970279054195
1834 8.78970279054195
1834 8.78970279054195
1834 30.498135291802
1834 0
1834 0
1834 0.370638638802016
1834 0
1834 0
1834 11714.8857685522
1834 11714.8857685522
1834 0
1834 0
1834 0
1834 77.7354237742118
1834 77.7354237742118
1834 77.7354237742118
1834 0.190349513685179
1915 0
1915 2.4540692504216
1915 2.4540692504216
1915 2.4540692504216
1915 2.4540692504216
1915 0
1915 39.2513579392301
1915 39.2513579392301
1915 0
1915 0
1915 0
1915 0
1915 3.28859935179241
1915 11657.2566432305
1915 11657.2566432305
1915 11657.2566432305
1915 2.06957983337202
1915 3957.7726678515
1915 0
1915 5682.95290015024
1915 0
1915 0.1549824903799
1915 0
1915 0
1915 0
1915 0
1915 98.046815457339
1915 8.78970279054195
1915 8.78970279054195
1915 8.78970279054195
1915 30.498135291802
1915 0
1915 0
1915 0.370638638802016
1915 0
1915 0
1915 11714.8857685522
1915 11714.8857685522
1915 0
1915 0
1915 0
1915 77.7354237742118
1915 77.7354237742118
1915 77.7354237742118
1915 0.190349513685179
1997 0
1997 2.4540692504216
1997 2.4540692504216
1997 2.4540692504216
1997 2.4540692504216
1997 0
1997 39.2513579392301
1997 39.2513579392301
1997 0
1997 0
1997 0
1997 0
1997 3.28859935179241
1997 11657.2566432305
1997 11657.2566432305
1997 11657.2566432305
1997 2.06957983337202
1997 3957.7726678515
1997 0
1997 5682.95290015024
1997 0
1997 0.1549824903799
1997 0
1997 0
1997 0
1997 0
1997 98.046815457339
1997 8.78970279054195
1997 8.78970279054195
1997 8.78970279054195
1997 30.498135291802
1997 0
1997 0
1997 0.370638638802016
1997 0
1997 0
1997 11714.8857685522
1997 11714.8857685522
1997 0
1997 0
1997 0
1997 77.7354237742118
1997 77.7354237742118
1997 77.7354237742118
1997 0.190349513685179
2166 0
2166 2.4540692504216
2166 2.4540692504216
2166 2.4540692504216
2166 2.4540692504216
2166 0
2166 39.2513579392301
2166 39.2513579392301
2166 0
2166 0
2166 0
2166 0
2166 3.28859935179241
2166 11657.2566432305
2166 11657.2566432305
2166 11657.2566432305
2166 2.06957983337202
2166 3957.7726678515
2166 0
2166 5682.95290015024
2166 0
2166 0.1549824903799
2166 0
2166 0
2166 0
2166 0
2166 98.046815457339
2166 8.78970279054195
2166 8.78970279054195
2166 8.78970279054195
2166 30.498135291802
2166 0
2166 0
2166 0.370638638802016
2166 0
2166 0
2166 11714.8857685522
2166 11714.8857685522
2166 0
2166 0
2166 0
2166 77.7354237742118
2166 77.7354237742118
2166 77.7354237742118
2166 0.190349513685179
2251 0
2251 2.4540692504216
2251 2.4540692504216
2251 2.4540692504216
2251 2.4540692504216
2251 0
2251 39.2513579392301
2251 39.2513579392301
2251 0
2251 0
2251 0
2251 0
2251 3.28859935179241
2251 11657.2566432305
2251 11657.2566432305
2251 11657.2566432305
2251 2.06957983337202
2251 3957.7726678515
2251 0
2251 5682.95290015024
2251 0
2251 0.1549824903799
2251 0
2251 0
2251 0
2251 0
2251 98.046815457339
2251 8.78970279054195
2251 8.78970279054195
2251 8.78970279054195
2251 30.498135291802
2251 0
2251 0
2251 0.370638638802016
2251 0
2251 0
2251 11714.8857685522
2251 11714.8857685522
2251 0
2251 0
2251 0
2251 77.7354237742118
2251 77.7354237742118
2251 77.7354237742118
2251 0.190349513685179
2408 0
2408 2.4540692504216
2408 2.4540692504216
2408 2.4540692504216
2408 2.4540692504216
2408 0
2408 39.2513579392301
2408 39.2513579392301
2408 0
2408 0
2408 0
2408 0
2408 3.28859935179241
2408 11657.2566432305
2408 11657.2566432305
2408 11657.2566432305
2408 2.06957983337202
2408 3957.7726678515
2408 0
2408 5682.95290015024
2408 0
2408 0.1549824903799
2408 0
2408 0
2408 0
2408 0
2408 98.046815457339
2408 8.78970279054195
2408 8.78970279054195
2408 8.78970279054195
2408 30.498135291802
2408 0
2408 0
2408 0.370638638802016
2408 0
2408 0
2408 11714.8857685522
2408 11714.8857685522
2408 0
2408 0
2408 0
2408 77.7354237742118
2408 77.7354237742118
2408 77.7354237742118
2408 0.190349513685179
2566 0
2566 2.4540692504216
2566 2.4540692504216
2566 2.4540692504216
2566 2.4540692504216
2566 0
2566 39.2513579392301
2566 39.2513579392301
2566 0
2566 0
2566 0
2566 0
2566 3.28859935179241
2566 11657.2566432305
2566 11657.2566432305
2566 11657.2566432305
2566 2.06957983337202
2566 3957.7726678515
2566 0
2566 5682.95290015024
2566 0
2566 0.1549824903799
2566 0
2566 0
2566 0
2566 0
2566 98.046815457339
2566 8.78970279054195
2566 8.78970279054195
2566 8.78970279054195
2566 30.498135291802
2566 0
2566 0
2566 0.370638638802016
2566 0
2566 0
2566 11714.8857685522
2566 11714.8857685522
2566 0
2566 0
2566 0
2566 77.7354237742118
2566 77.7354237742118
2566 77.7354237742118
2566 0.190349513685179
2650 0
2650 2.4540692504216
2650 2.4540692504216
2650 2.4540692504216
2650 2.4540692504216
2650 0
2650 39.2513579392301
2650 39.2513579392301
2650 0
2650 0
2650 0
2650 0
2650 3.28859935179241
2650 11657.2566432305
2650 11657.2566432305
2650 11657.2566432305
2650 2.06957983337202
2650 3957.7726678515
2650 0
2650 5682.95290015024
2650 0
2650 0.1549824903799
2650 0
2650 0
2650 0
2650 0
2650 98.046815457339
2650 8.78970279054195
2650 8.78970279054195
2650 8.78970279054195
2650 30.498135291802
2650 0
2650 0
2650 0.370638638802016
2650 0
2650 0
2650 11714.8857685522
2650 11714.8857685522
2650 0
2650 0
2650 0
2650 77.7354237742118
2650 77.7354237742118
2650 77.7354237742118
2650 0.190349513685179
2652 0
2652 2.4540692504216
2652 2.4540692504216
2652 2.4540692504216
2652 2.4540692504216
2652 0
2652 39.2513579392301
2652 39.2513579392301
2652 0
2652 0
2652 0
2652 0
2652 3.28859935179241
2652 11657.2566432305
2652 11657.2566432305
2652 11657.2566432305
2652 2.06957983337202
2652 3957.7726678515
2652 0
2652 5682.95290015024
2652 0
2652 0.1549824903799
2652 0
2652 0
2652 0
2652 0
2652 98.046815457339
2652 8.78970279054195
2652 8.78970279054195
2652 8.78970279054195
2652 30.498135291802
2652 0
2652 0
2652 0.370638638802016
2652 0
2652 0
2652 11714.8857685522
2652 11714.8857685522
2652 0
2652 0
2652 0
2652 77.7354237742118
2652 77.7354237742118
2652 77.7354237742118
2652 0.190349513685179
2668 0
2668 2.4540692504216
2668 2.4540692504216
2668 2.4540692504216
2668 2.4540692504216
2668 0
2668 39.2513579392301
2668 39.2513579392301
2668 0
2668 0
2668 0
2668 0
2668 3.28859935179241
2668 11657.2566432305
2668 11657.2566432305
2668 11657.2566432305
2668 2.06957983337202
2668 3957.7726678515
2668 0
2668 5682.95290015024
2668 0
2668 0.1549824903799
2668 0
2668 0
2668 0
2668 0
2668 98.046815457339
2668 8.78970279054195
2668 8.78970279054195
2668 8.78970279054195
2668 30.498135291802
2668 0
2668 0
2668 0.370638638802016
2668 0
2668 0
2668 11714.8857685522
2668 11714.8857685522
2668 0
2668 0
2668 0
2668 77.7354237742118
2668 77.7354237742118
2668 77.7354237742118
2668 0.190349513685179
2732 0
2732 2.4540692504216
2732 2.4540692504216
2732 2.4540692504216
2732 2.4540692504216
2732 0
2732 39.2513579392301
2732 39.2513579392301
2732 0
2732 0
2732 0
2732 0
2732 3.28859935179241
2732 11657.2566432305
2732 11657.2566432305
2732 11657.2566432305
2732 2.06957983337202
2732 3957.7726678515
2732 0
2732 5682.95290015024
2732 0
2732 0.1549824903799
2732 0
2732 0
2732 0
2732 0
2732 98.046815457339
2732 8.78970279054195
2732 8.78970279054195
2732 8.78970279054195
2732 30.498135291802
2732 0
2732 0
2732 0.370638638802016
2732 0
2732 0
2732 11714.8857685522
2732 11714.8857685522
2732 0
2732 0
2732 0
2732 77.7354237742118
2732 77.7354237742118
2732 77.7354237742118
2732 0.190349513685179
2734 0
2734 2.4540692504216
2734 2.4540692504216
2734 2.4540692504216
2734 2.4540692504216
2734 0
2734 39.2513579392301
2734 39.2513579392301
2734 0
2734 0
2734 0
2734 0
2734 3.28859935179241
2734 11657.2566432305
2734 11657.2566432305
2734 11657.2566432305
2734 2.06957983337202
2734 3957.7726678515
2734 0
2734 5682.95290015024
2734 0
2734 0.1549824903799
2734 0
2734 0
2734 0
2734 0
2734 98.046815457339
2734 8.78970279054195
2734 8.78970279054195
2734 8.78970279054195
2734 30.498135291802
2734 0
2734 0
2734 0.370638638802016
2734 0
2734 0
2734 11714.8857685522
2734 11714.8857685522
2734 0
2734 0
2734 0
2734 77.7354237742118
2734 77.7354237742118
2734 77.7354237742118
2734 0.190349513685179
2735 0
2735 2.4540692504216
2735 2.4540692504216
2735 2.4540692504216
2735 2.4540692504216
2735 0
2735 39.2513579392301
2735 39.2513579392301
2735 0
2735 0
2735 0
2735 0
2735 3.28859935179241
2735 11657.2566432305
2735 11657.2566432305
2735 11657.2566432305
2735 2.06957983337202
2735 3957.7726678515
2735 0
2735 5682.95290015024
2735 0
2735 0.1549824903799
2735 0
2735 0
2735 0
2735 0
2735 98.046815457339
2735 8.78970279054195
2735 8.78970279054195
2735 8.78970279054195
2735 30.498135291802
2735 0
2735 0
2735 0.370638638802016
2735 0
2735 0
2735 11714.8857685522
2735 11714.8857685522
2735 0
2735 0
2735 0
2735 77.7354237742118
2735 77.7354237742118
2735 77.7354237742118
2735 0.190349513685179
2775 0
2775 2.4540692504216
2775 2.4540692504216
2775 2.4540692504216
2775 2.4540692504216
2775 0
2775 39.2513579392301
2775 39.2513579392301
2775 0
2775 0
2775 0
2775 0
2775 3.28859935179241
2775 11657.2566432305
2775 11657.2566432305
2775 11657.2566432305
2775 2.06957983337202
2775 3957.7726678515
2775 0
2775 5682.95290015024
2775 0
2775 0.1549824903799
2775 0
2775 0
2775 0
2775 0
2775 98.046815457339
2775 8.78970279054195
2775 8.78970279054195
2775 8.78970279054195
2775 30.498135291802
2775 0
2775 0
2775 0.370638638802016
2775 0
2775 0
2775 11714.8857685522
2775 11714.8857685522
2775 0
2775 0
2775 0
2775 77.7354237742118
2775 77.7354237742118
2775 77.7354237742118
2775 0.190349513685179
2816 0
2816 2.4540692504216
2816 2.4540692504216
2816 2.4540692504216
2816 2.4540692504216
2816 0
2816 39.2513579392301
2816 39.2513579392301
2816 0
2816 0
2816 0
2816 0
2816 3.28859935179241
2816 11657.2566432305
2816 11657.2566432305
2816 11657.2566432305
2816 2.06957983337202
2816 3957.7726678515
2816 0
2816 5682.95290015024
2816 0
2816 0.1549824903799
2816 0
2816 0
2816 0
2816 0
2816 98.046815457339
2816 8.78970279054195
2816 8.78970279054195
2816 8.78970279054195
2816 30.498135291802
2816 0
2816 0
2816 0.370638638802016
2816 0
2816 0
2816 11714.8857685522
2816 11714.8857685522
2816 0
2816 0
2816 0
2816 77.7354237742118
2816 77.7354237742118
2816 77.7354237742118
2816 0.190349513685179
2890 0
2890 2.4540692504216
2890 2.4540692504216
2890 2.4540692504216
2890 2.4540692504216
2890 0
2890 39.2513579392301
2890 39.2513579392301
2890 0
2890 0
2890 0
2890 0
2890 3.28859935179241
2890 11657.2566432305
2890 11657.2566432305
2890 11657.2566432305
2890 2.06957983337202
2890 3957.7726678515
2890 0
2890 5682.95290015024
2890 0
2890 0.1549824903799
2890 0
2890 0
2890 0
2890 0
2890 98.046815457339
2890 8.78970279054195
2890 8.78970279054195
2890 8.78970279054195
2890 30.498135291802
2890 0
2890 0
2890 0.370638638802016
2890 0
2890 0
2890 11714.8857685522
2890 11714.8857685522
2890 0
2890 0
2890 0
2890 77.7354237742118
2890 77.7354237742118
2890 77.7354237742118
2890 0.190349513685179
2891 0
2891 2.4540692504216
2891 2.4540692504216
2891 2.4540692504216
2891 2.4540692504216
2891 0
2891 39.2513579392301
2891 39.2513579392301
2891 0
2891 0
2891 0
2891 0
2891 3.28859935179241
2891 11657.2566432305
2891 11657.2566432305
2891 11657.2566432305
2891 2.06957983337202
2891 3957.7726678515
2891 0
2891 5682.95290015024
2891 0
2891 0.1549824903799
2891 0
2891 0
2891 0
2891 0
2891 98.046815457339
2891 8.78970279054195
2891 8.78970279054195
2891 8.78970279054195
2891 30.498135291802
2891 0
2891 0
2891 0.370638638802016
2891 0
2891 0
2891 11714.8857685522
2891 11714.8857685522
2891 0
2891 0
2891 0
2891 77.7354237742118
2891 77.7354237742118
2891 77.7354237742118
2891 0.190349513685179
2965 0
2965 2.4540692504216
2965 2.4540692504216
2965 2.4540692504216
2965 2.4540692504216
2965 0
2965 39.2513579392301
2965 39.2513579392301
2965 0
2965 0
2965 0
2965 0
2965 3.28859935179241
2965 11657.2566432305
2965 11657.2566432305
2965 11657.2566432305
2965 2.06957983337202
2965 3957.7726678515
2965 0
2965 5682.95290015024
2965 0
2965 0.1549824903799
2965 0
2965 0
2965 0
2965 0
2965 98.046815457339
2965 8.78970279054195
2965 8.78970279054195
2965 8.78970279054195
2965 30.498135291802
2965 0
2965 0
2965 0.370638638802016
2965 0
2965 0
2965 11714.8857685522
2965 11714.8857685522
2965 0
2965 0
2965 0
2965 77.7354237742118
2965 77.7354237742118
2965 77.7354237742118
2965 0.190349513685179
3010 0
3010 2.4540692504216
3010 2.4540692504216
3010 2.4540692504216
3010 2.4540692504216
3010 0
3010 39.2513579392301
3010 39.2513579392301
3010 0
3010 0
3010 0
3010 0
3010 3.28859935179241
3010 11657.2566432305
3010 11657.2566432305
3010 11657.2566432305
3010 2.06957983337202
3010 3957.7726678515
3010 0
3010 5682.95290015024
3010 0
3010 0.1549824903799
3010 0
3010 0
3010 0
3010 0
3010 98.046815457339
3010 8.78970279054195
3010 8.78970279054195
3010 8.78970279054195
3010 30.498135291802
3010 0
3010 0
3010 0.370638638802016
3010 0
3010 0
3010 11714.8857685522
3010 11714.8857685522
3010 0
3010 0
3010 0
3010 77.7354237742118
3010 77.7354237742118
3010 77.7354237742118
3010 0.190349513685179
2974 0
2974 2.4540692504216
2974 2.4540692504216
2974 2.4540692504216
2974 2.4540692504216
2974 0
2974 39.2513579392301
2974 39.2513579392301
2974 0
2974 0
2974 0
2974 0
2974 3.28859935179241
2974 11657.2566432305
2974 11657.2566432305
2974 11657.2566432305
2974 2.06957983337202
2974 3957.7726678515
2974 0
2974 5682.95290015024
2974 0
2974 0.1549824903799
2974 0
2974 0
2974 0
2974 0
2974 98.046815457339
2974 8.78970279054195
2974 8.78970279054195
2974 8.78970279054195
2974 30.498135291802
2974 0
2974 0
2974 0.370638638802016
2974 0
2974 0
2974 11714.8857685522
2974 11714.8857685522
2974 0
2974 0
2974 0
2974 77.7354237742118
2974 77.7354237742118
2974 77.7354237742118
2974 0.190349513685179
3086 0
3086 2.4540692504216
3086 2.4540692504216
3086 2.4540692504216
3086 2.4540692504216
3086 0
3086 39.2513579392301
3086 39.2513579392301
3086 0
3086 0
3086 0
3086 0
3086 3.28859935179241
3086 11657.2566432305
3086 11657.2566432305
3086 11657.2566432305
3086 2.06957983337202
3086 3957.7726678515
3086 0
3086 5682.95290015024
3086 0
3086 0.1549824903799
3086 0
3086 0
3086 0
3086 0
3086 98.046815457339
3086 8.78970279054195
3086 8.78970279054195
3086 8.78970279054195
3086 30.498135291802
3086 0
3086 0
3086 0.370638638802016
3086 0
3086 0
3086 11714.8857685522
3086 11714.8857685522
3086 0
3086 0
3086 0
3086 77.7354237742118
3086 77.7354237742118
3086 77.7354237742118
3086 0.190349513685179
3085 0
3085 2.4540692504216
3085 2.4540692504216
3085 2.4540692504216
3085 2.4540692504216
3085 0
3085 39.2513579392301
3085 39.2513579392301
3085 0
3085 0
3085 0
3085 0
3085 3.28859935179241
3085 11657.2566432305
3085 11657.2566432305
3085 11657.2566432305
3085 2.06957983337202
3085 3957.7726678515
3085 0
3085 5682.95290015024
3085 0
3085 0.1549824903799
3085 0
3085 0
3085 0
3085 0
3085 98.046815457339
3085 8.78970279054195
3085 8.78970279054195
3085 8.78970279054195
3085 30.498135291802
3085 0
3085 0
3085 0.370638638802016
3085 0
3085 0
3085 11714.8857685522
3085 11714.8857685522
3085 0
3085 0
3085 0
3085 77.7354237742118
3085 77.7354237742118
3085 77.7354237742118
3085 0.190349513685179
3157 0
3157 2.4540692504216
3157 2.4540692504216
3157 2.4540692504216
3157 2.4540692504216
3157 0
3157 39.2513579392301
3157 39.2513579392301
3157 0
3157 0
3157 0
3157 0
3157 3.28859935179241
3157 11657.2566432305
3157 11657.2566432305
3157 11657.2566432305
3157 2.06957983337202
3157 3957.7726678515
3157 0
3157 5682.95290015024
3157 0
3157 0.1549824903799
3157 0
3157 0
3157 0
3157 0
3157 98.046815457339
3157 8.78970279054195
3157 8.78970279054195
3157 8.78970279054195
3157 30.498135291802
3157 0
3157 0
3157 0.370638638802016
3157 0
3157 0
3157 11714.8857685522
3157 11714.8857685522
3157 0
3157 0
3157 0
3157 77.7354237742118
3157 77.7354237742118
3157 77.7354237742118
3157 0.190349513685179
3140 0
3140 2.4540692504216
3140 2.4540692504216
3140 2.4540692504216
3140 2.4540692504216
3140 0
3140 39.2513579392301
3140 39.2513579392301
3140 0
3140 0
3140 0
3140 0
3140 3.28859935179241
3140 11657.2566432305
3140 11657.2566432305
3140 11657.2566432305
3140 2.06957983337202
3140 3957.7726678515
3140 0
3140 5682.95290015024
3140 0
3140 0.1549824903799
3140 0
3140 0
3140 0
3140 0
3140 98.046815457339
3140 8.78970279054195
3140 8.78970279054195
3140 8.78970279054195
3140 30.498135291802
3140 0
3140 0
3140 0.370638638802016
3140 0
3140 0
3140 11714.8857685522
3140 11714.8857685522
3140 0
3140 0
3140 0
3140 77.7354237742118
3140 77.7354237742118
3140 77.7354237742118
3140 0.190349513685179
3319 0
3319 2.4540692504216
3319 2.4540692504216
3319 2.4540692504216
3319 2.4540692504216
3319 0
3319 39.2513579392301
3319 39.2513579392301
3319 0
3319 0
3319 0
3319 0
3319 3.28859935179241
3319 11657.2566432305
3319 11657.2566432305
3319 11657.2566432305
3319 2.06957983337202
3319 3957.7726678515
3319 0
3319 5682.95290015024
3319 0
3319 0.1549824903799
3319 0
3319 0
3319 0
3319 0
3319 98.046815457339
3319 8.78970279054195
3319 8.78970279054195
3319 8.78970279054195
3319 30.498135291802
3319 0
3319 0
3319 0.370638638802016
3319 0
3319 0
3319 11714.8857685522
3319 11714.8857685522
3319 0
3319 0
3319 0
3319 77.7354237742118
3319 77.7354237742118
3319 77.7354237742118
3319 0.190349513685179
4429 0
4429 2.4540692504216
4429 2.4540692504216
4429 2.4540692504216
4429 2.4540692504216
4429 0
4429 39.2513579392301
4429 39.2513579392301
4429 0
4429 0
4429 0
4429 0
4429 3.28859935179241
4429 11657.2566432305
4429 11657.2566432305
4429 11657.2566432305
4429 2.06957983337202
4429 3957.7726678515
4429 0
4429 5682.95290015024
4429 0
4429 0.1549824903799
4429 0
4429 0
4429 0
4429 0
4429 98.046815457339
4429 8.78970279054195
4429 8.78970279054195
4429 8.78970279054195
4429 30.498135291802
4429 0
4429 0
4429 0.370638638802016
4429 0
4429 0
4429 11714.8857685522
4429 11714.8857685522
4429 0
4429 0
4429 0
4429 77.7354237742118
4429 77.7354237742118
4429 77.7354237742118
4429 0.190349513685179
4805 0
4805 2.4540692504216
4805 2.4540692504216
4805 2.4540692504216
4805 2.4540692504216
4805 0
4805 39.2513579392301
4805 39.2513579392301
4805 0
4805 0
4805 0
4805 0
4805 3.28859935179241
4805 11657.2566432305
4805 11657.2566432305
4805 11657.2566432305
4805 2.06957983337202
4805 3957.7726678515
4805 0
4805 5682.95290015024
4805 0
4805 0.1549824903799
4805 0
4805 0
4805 0
4805 0
4805 98.046815457339
4805 8.78970279054195
4805 8.78970279054195
4805 8.78970279054195
4805 30.498135291802
4805 0
4805 0
4805 0.370638638802016
4805 0
4805 0
4805 11714.8857685522
4805 11714.8857685522
4805 0
4805 0
4805 0
4805 77.7354237742118
4805 77.7354237742118
4805 77.7354237742118
4805 0.190349513685179
4801 0
4801 2.4540692504216
4801 2.4540692504216
4801 2.4540692504216
4801 2.4540692504216
4801 0
4801 39.2513579392301
4801 39.2513579392301
4801 0
4801 0
4801 0
4801 0
4801 3.28859935179241
4801 11657.2566432305
4801 11657.2566432305
4801 11657.2566432305
4801 2.06957983337202
4801 3957.7726678515
4801 0
4801 5682.95290015024
4801 0
4801 0.1549824903799
4801 0
4801 0
4801 0
4801 0
4801 98.046815457339
4801 8.78970279054195
4801 8.78970279054195
4801 8.78970279054195
4801 30.498135291802
4801 0
4801 0
4801 0.370638638802016
4801 0
4801 0
4801 11714.8857685522
4801 11714.8857685522
4801 0
4801 0
4801 0
4801 77.7354237742118
4801 77.7354237742118
4801 77.7354237742118
4801 0.190349513685179
4890 0
4890 2.4540692504216
4890 2.4540692504216
4890 2.4540692504216
4890 2.4540692504216
4890 0
4890 39.2513579392301
4890 39.2513579392301
4890 0
4890 0
4890 0
4890 0
4890 3.28859935179241
4890 11657.2566432305
4890 11657.2566432305
4890 11657.2566432305
4890 2.06957983337202
4890 3957.7726678515
4890 0
4890 5682.95290015024
4890 0
4890 0.1549824903799
4890 0
4890 0
4890 0
4890 0
4890 98.046815457339
4890 8.78970279054195
4890 8.78970279054195
4890 8.78970279054195
4890 30.498135291802
4890 0
4890 0
4890 0.370638638802016
4890 0
4890 0
4890 11714.8857685522
4890 11714.8857685522
4890 0
4890 0
4890 0
4890 77.7354237742118
4890 77.7354237742118
4890 77.7354237742118
4890 0.190349513685179
4986 0
4986 2.4540692504216
4986 2.4540692504216
4986 2.4540692504216
4986 2.4540692504216
4986 0
4986 39.2513579392301
4986 39.2513579392301
4986 0
4986 0
4986 0
4986 0
4986 3.28859935179241
4986 11657.2566432305
4986 11657.2566432305
4986 11657.2566432305
4986 2.06957983337202
4986 3957.7726678515
4986 0
4986 5682.95290015024
4986 0
4986 0.1549824903799
4986 0
4986 0
4986 0
4986 0
4986 98.046815457339
4986 8.78970279054195
4986 8.78970279054195
4986 8.78970279054195
4986 30.498135291802
4986 0
4986 0
4986 0.370638638802016
4986 0
4986 0
4986 11714.8857685522
4986 11714.8857685522
4986 0
4986 0
4986 0
4986 77.7354237742118
4986 77.7354237742118
4986 77.7354237742118
4986 0.190349513685179
4981 0
4981 2.4540692504216
4981 2.4540692504216
4981 2.4540692504216
4981 2.4540692504216
4981 0
4981 39.2513579392301
4981 39.2513579392301
4981 0
4981 0
4981 0
4981 0
4981 3.28859935179241
4981 11657.2566432305
4981 11657.2566432305
4981 11657.2566432305
4981 2.06957983337202
4981 3957.7726678515
4981 0
4981 5682.95290015024
4981 0
4981 0.1549824903799
4981 0
4981 0
4981 0
4981 0
4981 98.046815457339
4981 8.78970279054195
4981 8.78970279054195
4981 8.78970279054195
4981 30.498135291802
4981 0
4981 0
4981 0.370638638802016
4981 0
4981 0
4981 11714.8857685522
4981 11714.8857685522
4981 0
4981 0
4981 0
4981 77.7354237742118
4981 77.7354237742118
4981 77.7354237742118
4981 0.190349513685179
10944 0
10944 2.4540692504216
10944 2.4540692504216
10944 2.4540692504216
10944 2.4540692504216
10944 0
10944 39.2513579392301
10944 39.2513579392301
10944 0
10944 0
10944 0
10944 0
10944 3.28859935179241
10944 11657.2566432305
10944 11657.2566432305
10944 11657.2566432305
10944 2.06957983337202
10944 3957.7726678515
10944 0
10944 5682.95290015024
10944 0
10944 0.1549824903799
10944 0
10944 0
10944 0
10944 0
10944 98.046815457339
10944 8.78970279054195
10944 8.78970279054195
10944 8.78970279054195
10944 30.498135291802
10944 0
10944 0
10944 0.370638638802016
10944 0
10944 0
10944 11714.8857685522
10944 11714.8857685522
10944 0
10944 0
10944 0
10944 77.7354237742118
10944 77.7354237742118
10944 77.7354237742118
10944 0.190349513685179
5164 0
5164 2.4540692504216
5164 2.4540692504216
5164 2.4540692504216
5164 2.4540692504216
5164 0
5164 39.2513579392301
5164 39.2513579392301
5164 0
5164 0
5164 0
5164 0
5164 3.28859935179241
5164 11657.2566432305
5164 11657.2566432305
5164 11657.2566432305
5164 2.06957983337202
5164 3957.7726678515
5164 0
5164 5682.95290015024
5164 0
5164 0.1549824903799
5164 0
5164 0
5164 0
5164 0
5164 98.046815457339
5164 8.78970279054195
5164 8.78970279054195
5164 8.78970279054195
5164 30.498135291802
5164 0
5164 0
5164 0.370638638802016
5164 0
5164 0
5164 11714.8857685522
5164 11714.8857685522
5164 0
5164 0
5164 0
5164 77.7354237742118
5164 77.7354237742118
5164 77.7354237742118
5164 0.190349513685179
5431 0
5431 2.4540692504216
5431 2.4540692504216
5431 2.4540692504216
5431 2.4540692504216
5431 0
5431 39.2513579392301
5431 39.2513579392301
5431 0
5431 0
5431 0
5431 0
5431 3.28859935179241
5431 11657.2566432305
5431 11657.2566432305
5431 11657.2566432305
5431 2.06957983337202
5431 3957.7726678515
5431 0
5431 5682.95290015024
5431 0
5431 0.1549824903799
5431 0
5431 0
5431 0
5431 0
5431 98.046815457339
5431 8.78970279054195
5431 8.78970279054195
5431 8.78970279054195
5431 30.498135291802
5431 0
5431 0
5431 0.370638638802016
5431 0
5431 0
5431 11714.8857685522
5431 11714.8857685522
5431 0
5431 0
5431 0
5431 77.7354237742118
5431 77.7354237742118
5431 77.7354237742118
5431 0.190349513685179
5695 0
5695 2.4540692504216
5695 2.4540692504216
5695 2.4540692504216
5695 2.4540692504216
5695 0
5695 39.2513579392301
5695 39.2513579392301
5695 0
5695 0
5695 0
5695 0
5695 3.28859935179241
5695 11657.2566432305
5695 11657.2566432305
5695 11657.2566432305
5695 2.06957983337202
5695 3957.7726678515
5695 0
5695 5682.95290015024
5695 0
5695 0.1549824903799
5695 0
5695 0
5695 0
5695 0
5695 98.046815457339
5695 8.78970279054195
5695 8.78970279054195
5695 8.78970279054195
5695 30.498135291802
5695 0
5695 0
5695 0.370638638802016
5695 0
5695 0
5695 11714.8857685522
5695 11714.8857685522
5695 0
5695 0
5695 0
5695 77.7354237742118
5695 77.7354237742118
5695 77.7354237742118
5695 0.190349513685179
5880 0
5880 2.4540692504216
5880 2.4540692504216
5880 2.4540692504216
5880 2.4540692504216
5880 0
5880 39.2513579392301
5880 39.2513579392301
5880 0
5880 0
5880 0
5880 0
5880 3.28859935179241
5880 11657.2566432305
5880 11657.2566432305
5880 11657.2566432305
5880 2.06957983337202
5880 3957.7726678515
5880 0
5880 5682.95290015024
5880 0
5880 0.1549824903799
5880 0
5880 0
5880 0
5880 0
5880 98.046815457339
5880 8.78970279054195
5880 8.78970279054195
5880 8.78970279054195
5880 30.498135291802
5880 0
5880 0
5880 0.370638638802016
5880 0
5880 0
5880 11714.8857685522
5880 11714.8857685522
5880 0
5880 0
5880 0
5880 77.7354237742118
5880 77.7354237742118
5880 77.7354237742118
5880 0.190349513685179
