pt_graph scale
15 0
15 0.0632346390885365
15 0.0632346390885365
15 0.0632346390885365
15 0.0632346390885365
15 0
15 4.41314664820695
15 4.41314664820695
15 0
15 0
15 0
15 0
15 1.49993459293404
15 31.551428982378
15 31.551428982378
15 31.551428982378
15 0.650666873850527
15 1.43289991452426
15 0
15 12.5184697627577
15 0
15 0
15 0
15 0
15 0.00555434483679663
15 0.00555434483679663
15 555.123154945632
15 3.84178014121587
15 3.84178014121587
15 3.84178014121587
15 0
15 0
15 0.63395711307655
15 925.919606494837
15 0
15 0
15 1275.40167330414
15 1275.40167330414
15 0
15 0
15 0
15 12.5128383764935
15 12.5128383764935
15 12.5128383764935
15 1.12179448984357
18 0
18 0.0632346390885365
18 0.0632346390885365
18 0.0632346390885365
18 0.0632346390885365
18 0
18 4.41314664820695
18 4.41314664820695
18 0
18 0
18 0
18 0
18 1.49993459293404
18 31.551428982378
18 31.551428982378
18 31.551428982378
18 0.650666873850527
18 1.43289991452426
18 0
18 12.5184697627577
18 0
18 0
18 0
18 0
18 0.00555434483679663
18 0.00555434483679663
18 555.123154945632
18 3.84178014121587
18 3.84178014121587
18 3.84178014121587
18 0
18 0
18 0.63395711307655
18 925.919606494837
18 0
18 0
18 1275.40167330414
18 1275.40167330414
18 0
18 0
18 0
18 12.5128383764935
18 12.5128383764935
18 12.5128383764935
18 1.12179448984357
34 0
34 0.0632346390885365
34 0.0632346390885365
34 0.0632346390885365
34 0.0632346390885365
34 0
34 4.41314664820695
34 4.41314664820695
34 0
34 0
34 0
34 0
34 1.49993459293404
34 31.551428982378
34 31.551428982378
34 31.551428982378
34 0.650666873850527
34 1.43289991452426
34 0
34 12.5184697627577
34 0
34 0
34 0
34 0
34 0.00555434483679663
34 0.00555434483679663
34 555.123154945632
34 3.84178014121587
34 3.84178014121587
34 3.84178014121587
34 0
34 0
34 0.63395711307655
34 925.919606494837
34 0
34 0
34 1275.40167330414
34 1275.40167330414
34 0
34 0
34 0
34 12.5128383764935
34 12.5128383764935
34 12.5128383764935
34 1.12179448984357
46 0
46 0.0632346390885365
46 0.0632346390885365
46 0.0632346390885365
46 0.0632346390885365
46 0
46 4.41314664820695
46 4.41314664820695
46 0
46 0
46 0
46 0
46 1.49993459293404
46 31.551428982378
46 31.551428982378
46 31.551428982378
46 0.650666873850527
46 1.43289991452426
46 0
46 12.5184697627577
46 0
46 0
46 0
46 0
46 0.00555434483679663
46 0.00555434483679663
46 555.123154945632
46 3.84178014121587
46 3.84178014121587
46 3.84178014121587
46 0
46 0
46 0.63395711307655
46 925.919606494837
46 0
46 0
46 1275.40167330414
46 1275.40167330414
46 0
46 0
46 0
46 12.5128383764935
46 12.5128383764935
46 12.5128383764935
46 1.12179448984357
55 0
55 0.0632346390885365
55 0.0632346390885365
55 0.0632346390885365
55 0.0632346390885365
55 0
55 4.41314664820695
55 4.41314664820695
55 0
55 0
55 0
55 0
55 1.49993459293404
55 31.551428982378
55 31.551428982378
55 31.551428982378
55 0.650666873850527
55 1.43289991452426
55 0
55 12.5184697627577
55 0
55 0
55 0
55 0
55 0.00555434483679663
55 0.00555434483679663
55 555.123154945632
55 3.84178014121587
55 3.84178014121587
55 3.84178014121587
55 0
55 0
55 0.63395711307655
55 925.919606494837
55 0
55 0
55 1275.40167330414
55 1275.40167330414
55 0
55 0
55 0
55 12.5128383764935
55 12.5128383764935
55 12.5128383764935
55 1.12179448984357
56 0
56 0.0632346390885365
56 0.0632346390885365
56 0.0632346390885365
56 0.0632346390885365
56 0
56 4.41314664820695
56 4.41314664820695
56 0
56 0
56 0
56 0
56 1.49993459293404
56 31.551428982378
56 31.551428982378
56 31.551428982378
56 0.650666873850527
56 1.43289991452426
56 0
56 12.5184697627577
56 0
56 0
56 0
56 0
56 0.00555434483679663
56 0.00555434483679663
56 555.123154945632
56 3.84178014121587
56 3.84178014121587
56 3.84178014121587
56 0
56 0
56 0.63395711307655
56 925.919606494837
56 0
56 0
56 1275.40167330414
56 1275.40167330414
56 0
56 0
56 0
56 12.5128383764935
56 12.5128383764935
56 12.5128383764935
56 1.12179448984357
114 0
114 0.0632346390885365
114 0.0632346390885365
114 0.0632346390885365
114 0.0632346390885365
114 0
114 4.41314664820695
114 4.41314664820695
114 0
114 0
114 0
114 0
114 1.49993459293404
114 31.551428982378
114 31.551428982378
114 31.551428982378
114 0.650666873850527
114 1.43289991452426
114 0
114 12.5184697627577
114 0
114 0
114 0
114 0
114 0.00555434483679663
114 0.00555434483679663
114 555.123154945632
114 3.84178014121587
114 3.84178014121587
114 3.84178014121587
114 0
114 0
114 0.63395711307655
114 925.919606494837
114 0
114 0
114 1275.40167330414
114 1275.40167330414
114 0
114 0
114 0
114 12.5128383764935
114 12.5128383764935
114 12.5128383764935
114 1.12179448984357
130 0
130 0.0632346390885365
130 0.0632346390885365
130 0.0632346390885365
130 0.0632346390885365
130 0
130 4.41314664820695
130 4.41314664820695
130 0
130 0
130 0
130 0
130 1.49993459293404
130 31.551428982378
130 31.551428982378
130 31.551428982378
130 0.650666873850527
130 1.43289991452426
130 0
130 12.5184697627577
130 0
130 0
130 0
130 0
130 0.00555434483679663
130 0.00555434483679663
130 555.123154945632
130 3.84178014121587
130 3.84178014121587
130 3.84178014121587
130 0
130 0
130 0.63395711307655
130 925.919606494837
130 0
130 0
130 1275.40167330414
130 1275.40167330414
130 0
130 0
130 0
130 12.5128383764935
130 12.5128383764935
130 12.5128383764935
130 1.12179448984357
152 0
152 0.0632346390885365
152 0.0632346390885365
152 0.0632346390885365
152 0.0632346390885365
152 0
152 4.41314664820695
152 4.41314664820695
152 0
152 0
152 0
152 0
152 1.49993459293404
152 31.551428982378
152 31.551428982378
152 31.551428982378
152 0.650666873850527
152 1.43289991452426
152 0
152 12.5184697627577
152 0
152 0
152 0
152 0
152 0.00555434483679663
152 0.00555434483679663
152 555.123154945632
152 3.84178014121587
152 3.84178014121587
152 3.84178014121587
152 0
152 0
152 0.63395711307655
152 925.919606494837
152 0
152 0
152 1275.40167330414
152 1275.40167330414
152 0
152 0
152 0
152 12.5128383764935
152 12.5128383764935
152 12.5128383764935
152 1.12179448984357
173 0
173 0.0632346390885365
173 0.0632346390885365
173 0.0632346390885365
173 0.0632346390885365
173 0
173 4.41314664820695
173 4.41314664820695
173 0
173 0
173 0
173 0
173 1.49993459293404
173 31.551428982378
173 31.551428982378
173 31.551428982378
173 0.650666873850527
173 1.43289991452426
173 0
173 12.5184697627577
173 0
173 0
173 0
173 0
173 0.00555434483679663
173 0.00555434483679663
173 555.123154945632
173 3.84178014121587
173 3.84178014121587
173 3.84178014121587
173 0
173 0
173 0.63395711307655
173 925.919606494837
173 0
173 0
173 1275.40167330414
173 1275.40167330414
173 0
173 0
173 0
173 12.5128383764935
173 12.5128383764935
173 12.5128383764935
173 1.12179448984357
196 0
196 0.0632346390885365
196 0.0632346390885365
196 0.0632346390885365
196 0.0632346390885365
196 0
196 4.41314664820695
196 4.41314664820695
196 0
196 0
196 0
196 0
196 1.49993459293404
196 31.551428982378
196 31.551428982378
196 31.551428982378
196 0.650666873850527
196 1.43289991452426
196 0
196 12.5184697627577
196 0
196 0
196 0
196 0
196 0.00555434483679663
196 0.00555434483679663
196 555.123154945632
196 3.84178014121587
196 3.84178014121587
196 3.84178014121587
196 0
196 0
196 0.63395711307655
196 925.919606494837
196 0
196 0
196 1275.40167330414
196 1275.40167330414
196 0
196 0
196 0
196 12.5128383764935
196 12.5128383764935
196 12.5128383764935
196 1.12179448984357
214 0
214 0.0632346390885365
214 0.0632346390885365
214 0.0632346390885365
214 0.0632346390885365
214 0
214 4.41314664820695
214 4.41314664820695
214 0
214 0
214 0
214 0
214 1.49993459293404
214 31.551428982378
214 31.551428982378
214 31.551428982378
214 0.650666873850527
214 1.43289991452426
214 0
214 12.5184697627577
214 0
214 0
214 0
214 0
214 0.00555434483679663
214 0.00555434483679663
214 555.123154945632
214 3.84178014121587
214 3.84178014121587
214 3.84178014121587
214 0
214 0
214 0.63395711307655
214 925.919606494837
214 0
214 0
214 1275.40167330414
214 1275.40167330414
214 0
214 0
214 0
214 12.5128383764935
214 12.5128383764935
214 12.5128383764935
214 1.12179448984357
231 0
231 0.0632346390885365
231 0.0632346390885365
231 0.0632346390885365
231 0.0632346390885365
231 0
231 4.41314664820695
231 4.41314664820695
231 0
231 0
231 0
231 0
231 1.49993459293404
231 31.551428982378
231 31.551428982378
231 31.551428982378
231 0.650666873850527
231 1.43289991452426
231 0
231 12.5184697627577
231 0
231 0
231 0
231 0
231 0.00555434483679663
231 0.00555434483679663
231 555.123154945632
231 3.84178014121587
231 3.84178014121587
231 3.84178014121587
231 0
231 0
231 0.63395711307655
231 925.919606494837
231 0
231 0
231 1275.40167330414
231 1275.40167330414
231 0
231 0
231 0
231 12.5128383764935
231 12.5128383764935
231 12.5128383764935
231 1.12179448984357
322 0
322 0.0632346390885365
322 0.0632346390885365
322 0.0632346390885365
322 0.0632346390885365
322 0
322 4.41314664820695
322 4.41314664820695
322 0
322 0
322 0
322 0
322 1.49993459293404
322 31.551428982378
322 31.551428982378
322 31.551428982378
322 0.650666873850527
322 1.43289991452426
322 0
322 12.5184697627577
322 0
322 0
322 0
322 0
322 0.00555434483679663
322 0.00555434483679663
322 555.123154945632
322 3.84178014121587
322 3.84178014121587
322 3.84178014121587
322 0
322 0
322 0.63395711307655
322 925.919606494837
322 0
322 0
322 1275.40167330414
322 1275.40167330414
322 0
322 0
322 0
322 12.5128383764935
322 12.5128383764935
322 12.5128383764935
322 1.12179448984357
426 0
426 0.0632346390885365
426 0.0632346390885365
426 0.0632346390885365
426 0.0632346390885365
426 0
426 4.41314664820695
426 4.41314664820695
426 0
426 0
426 0
426 0
426 1.49993459293404
426 31.551428982378
426 31.551428982378
426 31.551428982378
426 0.650666873850527
426 1.43289991452426
426 0
426 12.5184697627577
426 0
426 0
426 0
426 0
426 0.00555434483679663
426 0.00555434483679663
426 555.123154945632
426 3.84178014121587
426 3.84178014121587
426 3.84178014121587
426 0
426 0
426 0.63395711307655
426 925.919606494837
426 0
426 0
426 1275.40167330414
426 1275.40167330414
426 0
426 0
426 0
426 12.5128383764935
426 12.5128383764935
426 12.5128383764935
426 1.12179448984357
499 0
499 0.0632346390885365
499 0.0632346390885365
499 0.0632346390885365
499 0.0632346390885365
499 0
499 4.41314664820695
499 4.41314664820695
499 0
499 0
499 0
499 0
499 1.49993459293404
499 31.551428982378
499 31.551428982378
499 31.551428982378
499 0.650666873850527
499 1.43289991452426
499 0
499 12.5184697627577
499 0
499 0
499 0
499 0
499 0.00555434483679663
499 0.00555434483679663
499 555.123154945632
499 3.84178014121587
499 3.84178014121587
499 3.84178014121587
499 0
499 0
499 0.63395711307655
499 925.919606494837
499 0
499 0
499 1275.40167330414
499 1275.40167330414
499 0
499 0
499 0
499 12.5128383764935
499 12.5128383764935
499 12.5128383764935
499 1.12179448984357
687 0
687 0.0632346390885365
687 0.0632346390885365
687 0.0632346390885365
687 0.0632346390885365
687 0
687 4.41314664820695
687 4.41314664820695
687 0
687 0
687 0
687 0
687 1.49993459293404
687 31.551428982378
687 31.551428982378
687 31.551428982378
687 0.650666873850527
687 1.43289991452426
687 0
687 12.5184697627577
687 0
687 0
687 0
687 0
687 0.00555434483679663
687 0.00555434483679663
687 555.123154945632
687 3.84178014121587
687 3.84178014121587
687 3.84178014121587
687 0
687 0
687 0.63395711307655
687 925.919606494837
687 0
687 0
687 1275.40167330414
687 1275.40167330414
687 0
687 0
687 0
687 12.5128383764935
687 12.5128383764935
687 12.5128383764935
687 1.12179448984357
732 0
732 0.0632346390885365
732 0.0632346390885365
732 0.0632346390885365
732 0.0632346390885365
732 0
732 4.41314664820695
732 4.41314664820695
732 0
732 0
732 0
732 0
732 1.49993459293404
732 31.551428982378
732 31.551428982378
732 31.551428982378
732 0.650666873850527
732 1.43289991452426
732 0
732 12.5184697627577
732 0
732 0
732 0
732 0
732 0.00555434483679663
732 0.00555434483679663
732 555.123154945632
732 3.84178014121587
732 3.84178014121587
732 3.84178014121587
732 0
732 0
732 0.63395711307655
732 925.919606494837
732 0
732 0
732 1275.40167330414
732 1275.40167330414
732 0
732 0
732 0
732 12.5128383764935
732 12.5128383764935
732 12.5128383764935
732 1.12179448984357
731 0
731 0.0632346390885365
731 0.0632346390885365
731 0.0632346390885365
731 0.0632346390885365
731 0
731 4.41314664820695
731 4.41314664820695
731 0
731 0
731 0
731 0
731 1.49993459293404
731 31.551428982378
731 31.551428982378
731 31.551428982378
731 0.650666873850527
731 1.43289991452426
731 0
731 12.5184697627577
731 0
731 0
731 0
731 0
731 0.00555434483679663
731 0.00555434483679663
731 555.123154945632
731 3.84178014121587
731 3.84178014121587
731 3.84178014121587
731 0
731 0
731 0.63395711307655
731 925.919606494837
731 0
731 0
731 1275.40167330414
731 1275.40167330414
731 0
731 0
731 0
731 12.5128383764935
731 12.5128383764935
731 12.5128383764935
731 1.12179448984357
762 0
762 0.0632346390885365
762 0.0632346390885365
762 0.0632346390885365
762 0.0632346390885365
762 0
762 4.41314664820695
762 4.41314664820695
762 0
762 0
762 0
762 0
762 1.49993459293404
762 31.551428982378
762 31.551428982378
762 31.551428982378
762 0.650666873850527
762 1.43289991452426
762 0
762 12.5184697627577
762 0
762 0
762 0
762 0
762 0.00555434483679663
762 0.00555434483679663
762 555.123154945632
762 3.84178014121587
762 3.84178014121587
762 3.84178014121587
762 0
762 0
762 0.63395711307655
762 925.919606494837
762 0
762 0
762 1275.40167330414
762 1275.40167330414
762 0
762 0
762 0
762 12.5128383764935
762 12.5128383764935
762 12.5128383764935
762 1.12179448984357
989 0
989 0.0632346390885365
989 0.0632346390885365
989 0.0632346390885365
989 0.0632346390885365
989 0
989 4.41314664820695
989 4.41314664820695
989 0
989 0
989 0
989 0
989 1.49993459293404
989 31.551428982378
989 31.551428982378
989 31.551428982378
989 0.650666873850527
989 1.43289991452426
989 0
989 12.5184697627577
989 0
989 0
989 0
989 0
989 0.00555434483679663
989 0.00555434483679663
989 555.123154945632
989 3.84178014121587
989 3.84178014121587
989 3.84178014121587
989 0
989 0
989 0.63395711307655
989 925.919606494837
989 0
989 0
989 1275.40167330414
989 1275.40167330414
989 0
989 0
989 0
989 12.5128383764935
989 12.5128383764935
989 12.5128383764935
989 1.12179448984357
993 0
993 0.0632346390885365
993 0.0632346390885365
993 0.0632346390885365
993 0.0632346390885365
993 0
993 4.41314664820695
993 4.41314664820695
993 0
993 0
993 0
993 0
993 1.49993459293404
993 31.551428982378
993 31.551428982378
993 31.551428982378
993 0.650666873850527
993 1.43289991452426
993 0
993 12.5184697627577
993 0
993 0
993 0
993 0
993 0.00555434483679663
993 0.00555434483679663
993 555.123154945632
993 3.84178014121587
993 3.84178014121587
993 3.84178014121587
993 0
993 0
993 0.63395711307655
993 925.919606494837
993 0
993 0
993 1275.40167330414
993 1275.40167330414
993 0
993 0
993 0
993 12.5128383764935
993 12.5128383764935
993 12.5128383764935
993 1.12179448984357
1041 0
1041 0.0632346390885365
1041 0.0632346390885365
1041 0.0632346390885365
1041 0.0632346390885365
1041 0
1041 4.41314664820695
1041 4.41314664820695
1041 0
1041 0
1041 0
1041 0
1041 1.49993459293404
1041 31.551428982378
1041 31.551428982378
1041 31.551428982378
1041 0.650666873850527
1041 1.43289991452426
1041 0
1041 12.5184697627577
1041 0
1041 0
1041 0
1041 0
1041 0.00555434483679663
1041 0.00555434483679663
1041 555.123154945632
1041 3.84178014121587
1041 3.84178014121587
1041 3.84178014121587
1041 0
1041 0
1041 0.63395711307655
1041 925.919606494837
1041 0
1041 0
1041 1275.40167330414
1041 1275.40167330414
1041 0
1041 0
1041 0
1041 12.5128383764935
1041 12.5128383764935
1041 12.5128383764935
1041 1.12179448984357
1046 0
1046 0.0632346390885365
1046 0.0632346390885365
1046 0.0632346390885365
1046 0.0632346390885365
1046 0
1046 4.41314664820695
1046 4.41314664820695
1046 0
1046 0
1046 0
1046 0
1046 1.49993459293404
1046 31.551428982378
1046 31.551428982378
1046 31.551428982378
1046 0.650666873850527
1046 1.43289991452426
1046 0
1046 12.5184697627577
1046 0
1046 0
1046 0
1046 0
1046 0.00555434483679663
1046 0.00555434483679663
1046 555.123154945632
1046 3.84178014121587
1046 3.84178014121587
1046 3.84178014121587
1046 0
1046 0
1046 0.63395711307655
1046 925.919606494837
1046 0
1046 0
1046 1275.40167330414
1046 1275.40167330414
1046 0
1046 0
1046 0
1046 12.5128383764935
1046 12.5128383764935
1046 12.5128383764935
1046 1.12179448984357
1047 0
1047 0.0632346390885365
1047 0.0632346390885365
1047 0.0632346390885365
1047 0.0632346390885365
1047 0
1047 4.41314664820695
1047 4.41314664820695
1047 0
1047 0
1047 0
1047 0
1047 1.49993459293404
1047 31.551428982378
1047 31.551428982378
1047 31.551428982378
1047 0.650666873850527
1047 1.43289991452426
1047 0
1047 12.5184697627577
1047 0
1047 0
1047 0
1047 0
1047 0.00555434483679663
1047 0.00555434483679663
1047 555.123154945632
1047 3.84178014121587
1047 3.84178014121587
1047 3.84178014121587
1047 0
1047 0
1047 0.63395711307655
1047 925.919606494837
1047 0
1047 0
1047 1275.40167330414
1047 1275.40167330414
1047 0
1047 0
1047 0
1047 12.5128383764935
1047 12.5128383764935
1047 12.5128383764935
1047 1.12179448984357
1094 0
1094 0.0632346390885365
1094 0.0632346390885365
1094 0.0632346390885365
1094 0.0632346390885365
1094 0
1094 4.41314664820695
1094 4.41314664820695
1094 0
1094 0
1094 0
1094 0
1094 1.49993459293404
1094 31.551428982378
1094 31.551428982378
1094 31.551428982378
1094 0.650666873850527
1094 1.43289991452426
1094 0
1094 12.5184697627577
1094 0
1094 0
1094 0
1094 0
1094 0.00555434483679663
1094 0.00555434483679663
1094 555.123154945632
1094 3.84178014121587
1094 3.84178014121587
1094 3.84178014121587
1094 0
1094 0
1094 0.63395711307655
1094 925.919606494837
1094 0
1094 0
1094 1275.40167330414
1094 1275.40167330414
1094 0
1094 0
1094 0
1094 12.5128383764935
1094 12.5128383764935
1094 12.5128383764935
1094 1.12179448984357
1096 0
1096 0.0632346390885365
1096 0.0632346390885365
1096 0.0632346390885365
1096 0.0632346390885365
1096 0
1096 4.41314664820695
1096 4.41314664820695
1096 0
1096 0
1096 0
1096 0
1096 1.49993459293404
1096 31.551428982378
1096 31.551428982378
1096 31.551428982378
1096 0.650666873850527
1096 1.43289991452426
1096 0
1096 12.5184697627577
1096 0
1096 0
1096 0
1096 0
1096 0.00555434483679663
1096 0.00555434483679663
1096 555.123154945632
1096 3.84178014121587
1096 3.84178014121587
1096 3.84178014121587
1096 0
1096 0
1096 0.63395711307655
1096 925.919606494837
1096 0
1096 0
1096 1275.40167330414
1096 1275.40167330414
1096 0
1096 0
1096 0
1096 12.5128383764935
1096 12.5128383764935
1096 12.5128383764935
1096 1.12179448984357
1104 0
1104 0.0632346390885365
1104 0.0632346390885365
1104 0.0632346390885365
1104 0.0632346390885365
1104 0
1104 4.41314664820695
1104 4.41314664820695
1104 0
1104 0
1104 0
1104 0
1104 1.49993459293404
1104 31.551428982378
1104 31.551428982378
1104 31.551428982378
1104 0.650666873850527
1104 1.43289991452426
1104 0
1104 12.5184697627577
1104 0
1104 0
1104 0
1104 0
1104 0.00555434483679663
1104 0.00555434483679663
1104 555.123154945632
1104 3.84178014121587
1104 3.84178014121587
1104 3.84178014121587
1104 0
1104 0
1104 0.63395711307655
1104 925.919606494837
1104 0
1104 0
1104 1275.40167330414
1104 1275.40167330414
1104 0
1104 0
1104 0
1104 12.5128383764935
1104 12.5128383764935
1104 12.5128383764935
1104 1.12179448984357
1106 0
1106 0.0632346390885365
1106 0.0632346390885365
1106 0.0632346390885365
1106 0.0632346390885365
1106 0
1106 4.41314664820695
1106 4.41314664820695
1106 0
1106 0
1106 0
1106 0
1106 1.49993459293404
1106 31.551428982378
1106 31.551428982378
1106 31.551428982378
1106 0.650666873850527
1106 1.43289991452426
1106 0
1106 12.5184697627577
1106 0
1106 0
1106 0
1106 0
1106 0.00555434483679663
1106 0.00555434483679663
1106 555.123154945632
1106 3.84178014121587
1106 3.84178014121587
1106 3.84178014121587
1106 0
1106 0
1106 0.63395711307655
1106 925.919606494837
1106 0
1106 0
1106 1275.40167330414
1106 1275.40167330414
1106 0
1106 0
1106 0
1106 12.5128383764935
1106 12.5128383764935
1106 12.5128383764935
1106 1.12179448984357
1184 0
1184 0.0632346390885365
1184 0.0632346390885365
1184 0.0632346390885365
1184 0.0632346390885365
1184 0
1184 4.41314664820695
1184 4.41314664820695
1184 0
1184 0
1184 0
1184 0
1184 1.49993459293404
1184 31.551428982378
1184 31.551428982378
1184 31.551428982378
1184 0.650666873850527
1184 1.43289991452426
1184 0
1184 12.5184697627577
1184 0
1184 0
1184 0
1184 0
1184 0.00555434483679663
1184 0.00555434483679663
1184 555.123154945632
1184 3.84178014121587
1184 3.84178014121587
1184 3.84178014121587
1184 0
1184 0
1184 0.63395711307655
1184 925.919606494837
1184 0
1184 0
1184 1275.40167330414
1184 1275.40167330414
1184 0
1184 0
1184 0
1184 12.5128383764935
1184 12.5128383764935
1184 12.5128383764935
1184 1.12179448984357
1158 0
1158 0.0632346390885365
1158 0.0632346390885365
1158 0.0632346390885365
1158 0.0632346390885365
1158 0
1158 4.41314664820695
1158 4.41314664820695
1158 0
1158 0
1158 0
1158 0
1158 1.49993459293404
1158 31.551428982378
1158 31.551428982378
1158 31.551428982378
1158 0.650666873850527
1158 1.43289991452426
1158 0
1158 12.5184697627577
1158 0
1158 0
1158 0
1158 0
1158 0.00555434483679663
1158 0.00555434483679663
1158 555.123154945632
1158 3.84178014121587
1158 3.84178014121587
1158 3.84178014121587
1158 0
1158 0
1158 0.63395711307655
1158 925.919606494837
1158 0
1158 0
1158 1275.40167330414
1158 1275.40167330414
1158 0
1158 0
1158 0
1158 12.5128383764935
1158 12.5128383764935
1158 12.5128383764935
1158 1.12179448984357
1171 0
1171 0.0632346390885365
1171 0.0632346390885365
1171 0.0632346390885365
1171 0.0632346390885365
1171 0
1171 4.41314664820695
1171 4.41314664820695
1171 0
1171 0
1171 0
1171 0
1171 1.49993459293404
1171 31.551428982378
1171 31.551428982378
1171 31.551428982378
1171 0.650666873850527
1171 1.43289991452426
1171 0
1171 12.5184697627577
1171 0
1171 0
1171 0
1171 0
1171 0.00555434483679663
1171 0.00555434483679663
1171 555.123154945632
1171 3.84178014121587
1171 3.84178014121587
1171 3.84178014121587
1171 0
1171 0
1171 0.63395711307655
1171 925.919606494837
1171 0
1171 0
1171 1275.40167330414
1171 1275.40167330414
1171 0
1171 0
1171 0
1171 12.5128383764935
1171 12.5128383764935
1171 12.5128383764935
1171 1.12179448984357
1170 0
1170 0.0632346390885365
1170 0.0632346390885365
1170 0.0632346390885365
1170 0.0632346390885365
1170 0
1170 4.41314664820695
1170 4.41314664820695
1170 0
1170 0
1170 0
1170 0
1170 1.49993459293404
1170 31.551428982378
1170 31.551428982378
1170 31.551428982378
1170 0.650666873850527
1170 1.43289991452426
1170 0
1170 12.5184697627577
1170 0
1170 0
1170 0
1170 0
1170 0.00555434483679663
1170 0.00555434483679663
1170 555.123154945632
1170 3.84178014121587
1170 3.84178014121587
1170 3.84178014121587
1170 0
1170 0
1170 0.63395711307655
1170 925.919606494837
1170 0
1170 0
1170 1275.40167330414
1170 1275.40167330414
1170 0
1170 0
1170 0
1170 12.5128383764935
1170 12.5128383764935
1170 12.5128383764935
1170 1.12179448984357
1169 0
1169 0.0632346390885365
1169 0.0632346390885365
1169 0.0632346390885365
1169 0.0632346390885365
1169 0
1169 4.41314664820695
1169 4.41314664820695
1169 0
1169 0
1169 0
1169 0
1169 1.49993459293404
1169 31.551428982378
1169 31.551428982378
1169 31.551428982378
1169 0.650666873850527
1169 1.43289991452426
1169 0
1169 12.5184697627577
1169 0
1169 0
1169 0
1169 0
1169 0.00555434483679663
1169 0.00555434483679663
1169 555.123154945632
1169 3.84178014121587
1169 3.84178014121587
1169 3.84178014121587
1169 0
1169 0
1169 0.63395711307655
1169 925.919606494837
1169 0
1169 0
1169 1275.40167330414
1169 1275.40167330414
1169 0
1169 0
1169 0
1169 12.5128383764935
1169 12.5128383764935
1169 12.5128383764935
1169 1.12179448984357
1221 0
1221 0.0632346390885365
1221 0.0632346390885365
1221 0.0632346390885365
1221 0.0632346390885365
1221 0
1221 4.41314664820695
1221 4.41314664820695
1221 0
1221 0
1221 0
1221 0
1221 1.49993459293404
1221 31.551428982378
1221 31.551428982378
1221 31.551428982378
1221 0.650666873850527
1221 1.43289991452426
1221 0
1221 12.5184697627577
1221 0
1221 0
1221 0
1221 0
1221 0.00555434483679663
1221 0.00555434483679663
1221 555.123154945632
1221 3.84178014121587
1221 3.84178014121587
1221 3.84178014121587
1221 0
1221 0
1221 0.63395711307655
1221 925.919606494837
1221 0
1221 0
1221 1275.40167330414
1221 1275.40167330414
1221 0
1221 0
1221 0
1221 12.5128383764935
1221 12.5128383764935
1221 12.5128383764935
1221 1.12179448984357
1226 0
1226 0.0632346390885365
1226 0.0632346390885365
1226 0.0632346390885365
1226 0.0632346390885365
1226 0
1226 4.41314664820695
1226 4.41314664820695
1226 0
1226 0
1226 0
1226 0
1226 1.49993459293404
1226 31.551428982378
1226 31.551428982378
1226 31.551428982378
1226 0.650666873850527
1226 1.43289991452426
1226 0
1226 12.5184697627577
1226 0
1226 0
1226 0
1226 0
1226 0.00555434483679663
1226 0.00555434483679663
1226 555.123154945632
1226 3.84178014121587
1226 3.84178014121587
1226 3.84178014121587
1226 0
1226 0
1226 0.63395711307655
1226 925.919606494837
1226 0
1226 0
1226 1275.40167330414
1226 1275.40167330414
1226 0
1226 0
1226 0
1226 12.5128383764935
1226 12.5128383764935
1226 12.5128383764935
1226 1.12179448984357
1236 0
1236 0.0632346390885365
1236 0.0632346390885365
1236 0.0632346390885365
1236 0.0632346390885365
1236 0
1236 4.41314664820695
1236 4.41314664820695
1236 0
1236 0
1236 0
1236 0
1236 1.49993459293404
1236 31.551428982378
1236 31.551428982378
1236 31.551428982378
1236 0.650666873850527
1236 1.43289991452426
1236 0
1236 12.5184697627577
1236 0
1236 0
1236 0
1236 0
1236 0.00555434483679663
1236 0.00555434483679663
1236 555.123154945632
1236 3.84178014121587
1236 3.84178014121587
1236 3.84178014121587
1236 0
1236 0
1236 0.63395711307655
1236 925.919606494837
1236 0
1236 0
1236 1275.40167330414
1236 1275.40167330414
1236 0
1236 0
1236 0
1236 12.5128383764935
1236 12.5128383764935
1236 12.5128383764935
1236 1.12179448984357
1235 0
1235 0.0632346390885365
1235 0.0632346390885365
1235 0.0632346390885365
1235 0.0632346390885365
1235 0
1235 4.41314664820695
1235 4.41314664820695
1235 0
1235 0
1235 0
1235 0
1235 1.49993459293404
1235 31.551428982378
1235 31.551428982378
1235 31.551428982378
1235 0.650666873850527
1235 1.43289991452426
1235 0
1235 12.5184697627577
1235 0
1235 0
1235 0
1235 0
1235 0.00555434483679663
1235 0.00555434483679663
1235 555.123154945632
1235 3.84178014121587
1235 3.84178014121587
1235 3.84178014121587
1235 0
1235 0
1235 0.63395711307655
1235 925.919606494837
1235 0
1235 0
1235 1275.40167330414
1235 1275.40167330414
1235 0
1235 0
1235 0
1235 12.5128383764935
1235 12.5128383764935
1235 12.5128383764935
1235 1.12179448984357
1234 0
1234 0.0632346390885365
1234 0.0632346390885365
1234 0.0632346390885365
1234 0.0632346390885365
1234 0
1234 4.41314664820695
1234 4.41314664820695
1234 0
1234 0
1234 0
1234 0
1234 1.49993459293404
1234 31.551428982378
1234 31.551428982378
1234 31.551428982378
1234 0.650666873850527
1234 1.43289991452426
1234 0
1234 12.5184697627577
1234 0
1234 0
1234 0
1234 0
1234 0.00555434483679663
1234 0.00555434483679663
1234 555.123154945632
1234 3.84178014121587
1234 3.84178014121587
1234 3.84178014121587
1234 0
1234 0
1234 0.63395711307655
1234 925.919606494837
1234 0
1234 0
1234 1275.40167330414
1234 1275.40167330414
1234 0
1234 0
1234 0
1234 12.5128383764935
1234 12.5128383764935
1234 12.5128383764935
1234 1.12179448984357
1230 0
1230 0.0632346390885365
1230 0.0632346390885365
1230 0.0632346390885365
1230 0.0632346390885365
1230 0
1230 4.41314664820695
1230 4.41314664820695
1230 0
1230 0
1230 0
1230 0
1230 1.49993459293404
1230 31.551428982378
1230 31.551428982378
1230 31.551428982378
1230 0.650666873850527
1230 1.43289991452426
1230 0
1230 12.5184697627577
1230 0
1230 0
1230 0
1230 0
1230 0.00555434483679663
1230 0.00555434483679663
1230 555.123154945632
1230 3.84178014121587
1230 3.84178014121587
1230 3.84178014121587
1230 0
1230 0
1230 0.63395711307655
1230 925.919606494837
1230 0
1230 0
1230 1275.40167330414
1230 1275.40167330414
1230 0
1230 0
1230 0
1230 12.5128383764935
1230 12.5128383764935
1230 12.5128383764935
1230 1.12179448984357
1231 0
1231 0.0632346390885365
1231 0.0632346390885365
1231 0.0632346390885365
1231 0.0632346390885365
1231 0
1231 4.41314664820695
1231 4.41314664820695
1231 0
1231 0
1231 0
1231 0
1231 1.49993459293404
1231 31.551428982378
1231 31.551428982378
1231 31.551428982378
1231 0.650666873850527
1231 1.43289991452426
1231 0
1231 12.5184697627577
1231 0
1231 0
1231 0
1231 0
1231 0.00555434483679663
1231 0.00555434483679663
1231 555.123154945632
1231 3.84178014121587
1231 3.84178014121587
1231 3.84178014121587
1231 0
1231 0
1231 0.63395711307655
1231 925.919606494837
1231 0
1231 0
1231 1275.40167330414
1231 1275.40167330414
1231 0
1231 0
1231 0
1231 12.5128383764935
1231 12.5128383764935
1231 12.5128383764935
1231 1.12179448984357
1284 0
1284 0.0632346390885365
1284 0.0632346390885365
1284 0.0632346390885365
1284 0.0632346390885365
1284 0
1284 4.41314664820695
1284 4.41314664820695
1284 0
1284 0
1284 0
1284 0
1284 1.49993459293404
1284 31.551428982378
1284 31.551428982378
1284 31.551428982378
1284 0.650666873850527
1284 1.43289991452426
1284 0
1284 12.5184697627577
1284 0
1284 0
1284 0
1284 0
1284 0.00555434483679663
1284 0.00555434483679663
1284 555.123154945632
1284 3.84178014121587
1284 3.84178014121587
1284 3.84178014121587
1284 0
1284 0
1284 0.63395711307655
1284 925.919606494837
1284 0
1284 0
1284 1275.40167330414
1284 1275.40167330414
1284 0
1284 0
1284 0
1284 12.5128383764935
1284 12.5128383764935
1284 12.5128383764935
1284 1.12179448984357
1285 0
1285 0.0632346390885365
1285 0.0632346390885365
1285 0.0632346390885365
1285 0.0632346390885365
1285 0
1285 4.41314664820695
1285 4.41314664820695
1285 0
1285 0
1285 0
1285 0
1285 1.49993459293404
1285 31.551428982378
1285 31.551428982378
1285 31.551428982378
1285 0.650666873850527
1285 1.43289991452426
1285 0
1285 12.5184697627577
1285 0
1285 0
1285 0
1285 0
1285 0.00555434483679663
1285 0.00555434483679663
1285 555.123154945632
1285 3.84178014121587
1285 3.84178014121587
1285 3.84178014121587
1285 0
1285 0
1285 0.63395711307655
1285 925.919606494837
1285 0
1285 0
1285 1275.40167330414
1285 1275.40167330414
1285 0
1285 0
1285 0
1285 12.5128383764935
1285 12.5128383764935
1285 12.5128383764935
1285 1.12179448984357
1286 0
1286 0.0632346390885365
1286 0.0632346390885365
1286 0.0632346390885365
1286 0.0632346390885365
1286 0
1286 4.41314664820695
1286 4.41314664820695
1286 0
1286 0
1286 0
1286 0
1286 1.49993459293404
1286 31.551428982378
1286 31.551428982378
1286 31.551428982378
1286 0.650666873850527
1286 1.43289991452426
1286 0
1286 12.5184697627577
1286 0
1286 0
1286 0
1286 0
1286 0.00555434483679663
1286 0.00555434483679663
1286 555.123154945632
1286 3.84178014121587
1286 3.84178014121587
1286 3.84178014121587
1286 0
1286 0
1286 0.63395711307655
1286 925.919606494837
1286 0
1286 0
1286 1275.40167330414
1286 1275.40167330414
1286 0
1286 0
1286 0
1286 12.5128383764935
1286 12.5128383764935
1286 12.5128383764935
1286 1.12179448984357
1302 0
1302 0.0632346390885365
1302 0.0632346390885365
1302 0.0632346390885365
1302 0.0632346390885365
1302 0
1302 4.41314664820695
1302 4.41314664820695
1302 0
1302 0
1302 0
1302 0
1302 1.49993459293404
1302 31.551428982378
1302 31.551428982378
1302 31.551428982378
1302 0.650666873850527
1302 1.43289991452426
1302 0
1302 12.5184697627577
1302 0
1302 0
1302 0
1302 0
1302 0.00555434483679663
1302 0.00555434483679663
1302 555.123154945632
1302 3.84178014121587
1302 3.84178014121587
1302 3.84178014121587
1302 0
1302 0
1302 0.63395711307655
1302 925.919606494837
1302 0
1302 0
1302 1275.40167330414
1302 1275.40167330414
1302 0
1302 0
1302 0
1302 12.5128383764935
1302 12.5128383764935
1302 12.5128383764935
1302 1.12179448984357
1300 0
1300 0.0632346390885365
1300 0.0632346390885365
1300 0.0632346390885365
1300 0.0632346390885365
1300 0
1300 4.41314664820695
1300 4.41314664820695
1300 0
1300 0
1300 0
1300 0
1300 1.49993459293404
1300 31.551428982378
1300 31.551428982378
1300 31.551428982378
1300 0.650666873850527
1300 1.43289991452426
1300 0
1300 12.5184697627577
1300 0
1300 0
1300 0
1300 0
1300 0.00555434483679663
1300 0.00555434483679663
1300 555.123154945632
1300 3.84178014121587
1300 3.84178014121587
1300 3.84178014121587
1300 0
1300 0
1300 0.63395711307655
1300 925.919606494837
1300 0
1300 0
1300 1275.40167330414
1300 1275.40167330414
1300 0
1300 0
1300 0
1300 12.5128383764935
1300 12.5128383764935
1300 12.5128383764935
1300 1.12179448984357
1347 0
1347 0.0632346390885365
1347 0.0632346390885365
1347 0.0632346390885365
1347 0.0632346390885365
1347 0
1347 4.41314664820695
1347 4.41314664820695
1347 0
1347 0
1347 0
1347 0
1347 1.49993459293404
1347 31.551428982378
1347 31.551428982378
1347 31.551428982378
1347 0.650666873850527
1347 1.43289991452426
1347 0
1347 12.5184697627577
1347 0
1347 0
1347 0
1347 0
1347 0.00555434483679663
1347 0.00555434483679663
1347 555.123154945632
1347 3.84178014121587
1347 3.84178014121587
1347 3.84178014121587
1347 0
1347 0
1347 0.63395711307655
1347 925.919606494837
1347 0
1347 0
1347 1275.40167330414
1347 1275.40167330414
1347 0
1347 0
1347 0
1347 12.5128383764935
1347 12.5128383764935
1347 12.5128383764935
1347 1.12179448984357
1348 0
1348 0.0632346390885365
1348 0.0632346390885365
1348 0.0632346390885365
1348 0.0632346390885365
1348 0
1348 4.41314664820695
1348 4.41314664820695
1348 0
1348 0
1348 0
1348 0
1348 1.49993459293404
1348 31.551428982378
1348 31.551428982378
1348 31.551428982378
1348 0.650666873850527
1348 1.43289991452426
1348 0
1348 12.5184697627577
1348 0
1348 0
1348 0
1348 0
1348 0.00555434483679663
1348 0.00555434483679663
1348 555.123154945632
1348 3.84178014121587
1348 3.84178014121587
1348 3.84178014121587
1348 0
1348 0
1348 0.63395711307655
1348 925.919606494837
1348 0
1348 0
1348 1275.40167330414
1348 1275.40167330414
1348 0
1348 0
1348 0
1348 12.5128383764935
1348 12.5128383764935
1348 12.5128383764935
1348 1.12179448984357
1349 0
1349 0.0632346390885365
1349 0.0632346390885365
1349 0.0632346390885365
1349 0.0632346390885365
1349 0
1349 4.41314664820695
1349 4.41314664820695
1349 0
1349 0
1349 0
1349 0
1349 1.49993459293404
1349 31.551428982378
1349 31.551428982378
1349 31.551428982378
1349 0.650666873850527
1349 1.43289991452426
1349 0
1349 12.5184697627577
1349 0
1349 0
1349 0
1349 0
1349 0.00555434483679663
1349 0.00555434483679663
1349 555.123154945632
1349 3.84178014121587
1349 3.84178014121587
1349 3.84178014121587
1349 0
1349 0
1349 0.63395711307655
1349 925.919606494837
1349 0
1349 0
1349 1275.40167330414
1349 1275.40167330414
1349 0
1349 0
1349 0
1349 12.5128383764935
1349 12.5128383764935
1349 12.5128383764935
1349 1.12179448984357
1350 0
1350 0.0632346390885365
1350 0.0632346390885365
1350 0.0632346390885365
1350 0.0632346390885365
1350 0
1350 4.41314664820695
1350 4.41314664820695
1350 0
1350 0
1350 0
1350 0
1350 1.49993459293404
1350 31.551428982378
1350 31.551428982378
1350 31.551428982378
1350 0.650666873850527
1350 1.43289991452426
1350 0
1350 12.5184697627577
1350 0
1350 0
1350 0
1350 0
1350 0.00555434483679663
1350 0.00555434483679663
1350 555.123154945632
1350 3.84178014121587
1350 3.84178014121587
1350 3.84178014121587
1350 0
1350 0
1350 0.63395711307655
1350 925.919606494837
1350 0
1350 0
1350 1275.40167330414
1350 1275.40167330414
1350 0
1350 0
1350 0
1350 12.5128383764935
1350 12.5128383764935
1350 12.5128383764935
1350 1.12179448984357
1351 0
1351 0.0632346390885365
1351 0.0632346390885365
1351 0.0632346390885365
1351 0.0632346390885365
1351 0
1351 4.41314664820695
1351 4.41314664820695
1351 0
1351 0
1351 0
1351 0
1351 1.49993459293404
1351 31.551428982378
1351 31.551428982378
1351 31.551428982378
1351 0.650666873850527
1351 1.43289991452426
1351 0
1351 12.5184697627577
1351 0
1351 0
1351 0
1351 0
1351 0.00555434483679663
1351 0.00555434483679663
1351 555.123154945632
1351 3.84178014121587
1351 3.84178014121587
1351 3.84178014121587
1351 0
1351 0
1351 0.63395711307655
1351 925.919606494837
1351 0
1351 0
1351 1275.40167330414
1351 1275.40167330414
1351 0
1351 0
1351 0
1351 12.5128383764935
1351 12.5128383764935
1351 12.5128383764935
1351 1.12179448984357
1357 0
1357 0.0632346390885365
1357 0.0632346390885365
1357 0.0632346390885365
1357 0.0632346390885365
1357 0
1357 4.41314664820695
1357 4.41314664820695
1357 0
1357 0
1357 0
1357 0
1357 1.49993459293404
1357 31.551428982378
1357 31.551428982378
1357 31.551428982378
1357 0.650666873850527
1357 1.43289991452426
1357 0
1357 12.5184697627577
1357 0
1357 0
1357 0
1357 0
1357 0.00555434483679663
1357 0.00555434483679663
1357 555.123154945632
1357 3.84178014121587
1357 3.84178014121587
1357 3.84178014121587
1357 0
1357 0
1357 0.63395711307655
1357 925.919606494837
1357 0
1357 0
1357 1275.40167330414
1357 1275.40167330414
1357 0
1357 0
1357 0
1357 12.5128383764935
1357 12.5128383764935
1357 12.5128383764935
1357 1.12179448984357
1369 0
1369 0.0632346390885365
1369 0.0632346390885365
1369 0.0632346390885365
1369 0.0632346390885365
1369 0
1369 4.41314664820695
1369 4.41314664820695
1369 0
1369 0
1369 0
1369 0
1369 1.49993459293404
1369 31.551428982378
1369 31.551428982378
1369 31.551428982378
1369 0.650666873850527
1369 1.43289991452426
1369 0
1369 12.5184697627577
1369 0
1369 0
1369 0
1369 0
1369 0.00555434483679663
1369 0.00555434483679663
1369 555.123154945632
1369 3.84178014121587
1369 3.84178014121587
1369 3.84178014121587
1369 0
1369 0
1369 0.63395711307655
1369 925.919606494837
1369 0
1369 0
1369 1275.40167330414
1369 1275.40167330414
1369 0
1369 0
1369 0
1369 12.5128383764935
1369 12.5128383764935
1369 12.5128383764935
1369 1.12179448984357
1368 0
1368 0.0632346390885365
1368 0.0632346390885365
1368 0.0632346390885365
1368 0.0632346390885365
1368 0
1368 4.41314664820695
1368 4.41314664820695
1368 0
1368 0
1368 0
1368 0
1368 1.49993459293404
1368 31.551428982378
1368 31.551428982378
1368 31.551428982378
1368 0.650666873850527
1368 1.43289991452426
1368 0
1368 12.5184697627577
1368 0
1368 0
1368 0
1368 0
1368 0.00555434483679663
1368 0.00555434483679663
1368 555.123154945632
1368 3.84178014121587
1368 3.84178014121587
1368 3.84178014121587
1368 0
1368 0
1368 0.63395711307655
1368 925.919606494837
1368 0
1368 0
1368 1275.40167330414
1368 1275.40167330414
1368 0
1368 0
1368 0
1368 12.5128383764935
1368 12.5128383764935
1368 12.5128383764935
1368 1.12179448984357
1367 0
1367 0.0632346390885365
1367 0.0632346390885365
1367 0.0632346390885365
1367 0.0632346390885365
1367 0
1367 4.41314664820695
1367 4.41314664820695
1367 0
1367 0
1367 0
1367 0
1367 1.49993459293404
1367 31.551428982378
1367 31.551428982378
1367 31.551428982378
1367 0.650666873850527
1367 1.43289991452426
1367 0
1367 12.5184697627577
1367 0
1367 0
1367 0
1367 0
1367 0.00555434483679663
1367 0.00555434483679663
1367 555.123154945632
1367 3.84178014121587
1367 3.84178014121587
1367 3.84178014121587
1367 0
1367 0
1367 0.63395711307655
1367 925.919606494837
1367 0
1367 0
1367 1275.40167330414
1367 1275.40167330414
1367 0
1367 0
1367 0
1367 12.5128383764935
1367 12.5128383764935
1367 12.5128383764935
1367 1.12179448984357
1366 0
1366 0.0632346390885365
1366 0.0632346390885365
1366 0.0632346390885365
1366 0.0632346390885365
1366 0
1366 4.41314664820695
1366 4.41314664820695
1366 0
1366 0
1366 0
1366 0
1366 1.49993459293404
1366 31.551428982378
1366 31.551428982378
1366 31.551428982378
1366 0.650666873850527
1366 1.43289991452426
1366 0
1366 12.5184697627577
1366 0
1366 0
1366 0
1366 0
1366 0.00555434483679663
1366 0.00555434483679663
1366 555.123154945632
1366 3.84178014121587
1366 3.84178014121587
1366 3.84178014121587
1366 0
1366 0
1366 0.63395711307655
1366 925.919606494837
1366 0
1366 0
1366 1275.40167330414
1366 1275.40167330414
1366 0
1366 0
1366 0
1366 12.5128383764935
1366 12.5128383764935
1366 12.5128383764935
1366 1.12179448984357
1361 0
1361 0.0632346390885365
1361 0.0632346390885365
1361 0.0632346390885365
1361 0.0632346390885365
1361 0
1361 4.41314664820695
1361 4.41314664820695
1361 0
1361 0
1361 0
1361 0
1361 1.49993459293404
1361 31.551428982378
1361 31.551428982378
1361 31.551428982378
1361 0.650666873850527
1361 1.43289991452426
1361 0
1361 12.5184697627577
1361 0
1361 0
1361 0
1361 0
1361 0.00555434483679663
1361 0.00555434483679663
1361 555.123154945632
1361 3.84178014121587
1361 3.84178014121587
1361 3.84178014121587
1361 0
1361 0
1361 0.63395711307655
1361 925.919606494837
1361 0
1361 0
1361 1275.40167330414
1361 1275.40167330414
1361 0
1361 0
1361 0
1361 12.5128383764935
1361 12.5128383764935
1361 12.5128383764935
1361 1.12179448984357
1411 0
1411 0.0632346390885365
1411 0.0632346390885365
1411 0.0632346390885365
1411 0.0632346390885365
1411 0
1411 4.41314664820695
1411 4.41314664820695
1411 0
1411 0
1411 0
1411 0
1411 1.49993459293404
1411 31.551428982378
1411 31.551428982378
1411 31.551428982378
1411 0.650666873850527
1411 1.43289991452426
1411 0
1411 12.5184697627577
1411 0
1411 0
1411 0
1411 0
1411 0.00555434483679663
1411 0.00555434483679663
1411 555.123154945632
1411 3.84178014121587
1411 3.84178014121587
1411 3.84178014121587
1411 0
1411 0
1411 0.63395711307655
1411 925.919606494837
1411 0
1411 0
1411 1275.40167330414
1411 1275.40167330414
1411 0
1411 0
1411 0
1411 12.5128383764935
1411 12.5128383764935
1411 12.5128383764935
1411 1.12179448984357
1412 0
1412 0.0632346390885365
1412 0.0632346390885365
1412 0.0632346390885365
1412 0.0632346390885365
1412 0
1412 4.41314664820695
1412 4.41314664820695
1412 0
1412 0
1412 0
1412 0
1412 1.49993459293404
1412 31.551428982378
1412 31.551428982378
1412 31.551428982378
1412 0.650666873850527
1412 1.43289991452426
1412 0
1412 12.5184697627577
1412 0
1412 0
1412 0
1412 0
1412 0.00555434483679663
1412 0.00555434483679663
1412 555.123154945632
1412 3.84178014121587
1412 3.84178014121587
1412 3.84178014121587
1412 0
1412 0
1412 0.63395711307655
1412 925.919606494837
1412 0
1412 0
1412 1275.40167330414
1412 1275.40167330414
1412 0
1412 0
1412 0
1412 12.5128383764935
1412 12.5128383764935
1412 12.5128383764935
1412 1.12179448984357
1413 0
1413 0.0632346390885365
1413 0.0632346390885365
1413 0.0632346390885365
1413 0.0632346390885365
1413 0
1413 4.41314664820695
1413 4.41314664820695
1413 0
1413 0
1413 0
1413 0
1413 1.49993459293404
1413 31.551428982378
1413 31.551428982378
1413 31.551428982378
1413 0.650666873850527
1413 1.43289991452426
1413 0
1413 12.5184697627577
1413 0
1413 0
1413 0
1413 0
1413 0.00555434483679663
1413 0.00555434483679663
1413 555.123154945632
1413 3.84178014121587
1413 3.84178014121587
1413 3.84178014121587
1413 0
1413 0
1413 0.63395711307655
1413 925.919606494837
1413 0
1413 0
1413 1275.40167330414
1413 1275.40167330414
1413 0
1413 0
1413 0
1413 12.5128383764935
1413 12.5128383764935
1413 12.5128383764935
1413 1.12179448984357
1414 0
1414 0.0632346390885365
1414 0.0632346390885365
1414 0.0632346390885365
1414 0.0632346390885365
1414 0
1414 4.41314664820695
1414 4.41314664820695
1414 0
1414 0
1414 0
1414 0
1414 1.49993459293404
1414 31.551428982378
1414 31.551428982378
1414 31.551428982378
1414 0.650666873850527
1414 1.43289991452426
1414 0
1414 12.5184697627577
1414 0
1414 0
1414 0
1414 0
1414 0.00555434483679663
1414 0.00555434483679663
1414 555.123154945632
1414 3.84178014121587
1414 3.84178014121587
1414 3.84178014121587
1414 0
1414 0
1414 0.63395711307655
1414 925.919606494837
1414 0
1414 0
1414 1275.40167330414
1414 1275.40167330414
1414 0
1414 0
1414 0
1414 12.5128383764935
1414 12.5128383764935
1414 12.5128383764935
1414 1.12179448984357
1415 0
1415 0.0632346390885365
1415 0.0632346390885365
1415 0.0632346390885365
1415 0.0632346390885365
1415 0
1415 4.41314664820695
1415 4.41314664820695
1415 0
1415 0
1415 0
1415 0
1415 1.49993459293404
1415 31.551428982378
1415 31.551428982378
1415 31.551428982378
1415 0.650666873850527
1415 1.43289991452426
1415 0
1415 12.5184697627577
1415 0
1415 0
1415 0
1415 0
1415 0.00555434483679663
1415 0.00555434483679663
1415 555.123154945632
1415 3.84178014121587
1415 3.84178014121587
1415 3.84178014121587
1415 0
1415 0
1415 0.63395711307655
1415 925.919606494837
1415 0
1415 0
1415 1275.40167330414
1415 1275.40167330414
1415 0
1415 0
1415 0
1415 12.5128383764935
1415 12.5128383764935
1415 12.5128383764935
1415 1.12179448984357
1416 0
1416 0.0632346390885365
1416 0.0632346390885365
1416 0.0632346390885365
1416 0.0632346390885365
1416 0
1416 4.41314664820695
1416 4.41314664820695
1416 0
1416 0
1416 0
1416 0
1416 1.49993459293404
1416 31.551428982378
1416 31.551428982378
1416 31.551428982378
1416 0.650666873850527
1416 1.43289991452426
1416 0
1416 12.5184697627577
1416 0
1416 0
1416 0
1416 0
1416 0.00555434483679663
1416 0.00555434483679663
1416 555.123154945632
1416 3.84178014121587
1416 3.84178014121587
1416 3.84178014121587
1416 0
1416 0
1416 0.63395711307655
1416 925.919606494837
1416 0
1416 0
1416 1275.40167330414
1416 1275.40167330414
1416 0
1416 0
1416 0
1416 12.5128383764935
1416 12.5128383764935
1416 12.5128383764935
1416 1.12179448984357
1417 0
1417 0.0632346390885365
1417 0.0632346390885365
1417 0.0632346390885365
1417 0.0632346390885365
1417 0
1417 4.41314664820695
1417 4.41314664820695
1417 0
1417 0
1417 0
1417 0
1417 1.49993459293404
1417 31.551428982378
1417 31.551428982378
1417 31.551428982378
1417 0.650666873850527
1417 1.43289991452426
1417 0
1417 12.5184697627577
1417 0
1417 0
1417 0
1417 0
1417 0.00555434483679663
1417 0.00555434483679663
1417 555.123154945632
1417 3.84178014121587
1417 3.84178014121587
1417 3.84178014121587
1417 0
1417 0
1417 0.63395711307655
1417 925.919606494837
1417 0
1417 0
1417 1275.40167330414
1417 1275.40167330414
1417 0
1417 0
1417 0
1417 12.5128383764935
1417 12.5128383764935
1417 12.5128383764935
1417 1.12179448984357
1436 0
1436 0.0632346390885365
1436 0.0632346390885365
1436 0.0632346390885365
1436 0.0632346390885365
1436 0
1436 4.41314664820695
1436 4.41314664820695
1436 0
1436 0
1436 0
1436 0
1436 1.49993459293404
1436 31.551428982378
1436 31.551428982378
1436 31.551428982378
1436 0.650666873850527
1436 1.43289991452426
1436 0
1436 12.5184697627577
1436 0
1436 0
1436 0
1436 0
1436 0.00555434483679663
1436 0.00555434483679663
1436 555.123154945632
1436 3.84178014121587
1436 3.84178014121587
1436 3.84178014121587
1436 0
1436 0
1436 0.63395711307655
1436 925.919606494837
1436 0
1436 0
1436 1275.40167330414
1436 1275.40167330414
1436 0
1436 0
1436 0
1436 12.5128383764935
1436 12.5128383764935
1436 12.5128383764935
1436 1.12179448984357
1435 0
1435 0.0632346390885365
1435 0.0632346390885365
1435 0.0632346390885365
1435 0.0632346390885365
1435 0
1435 4.41314664820695
1435 4.41314664820695
1435 0
1435 0
1435 0
1435 0
1435 1.49993459293404
1435 31.551428982378
1435 31.551428982378
1435 31.551428982378
1435 0.650666873850527
1435 1.43289991452426
1435 0
1435 12.5184697627577
1435 0
1435 0
1435 0
1435 0
1435 0.00555434483679663
1435 0.00555434483679663
1435 555.123154945632
1435 3.84178014121587
1435 3.84178014121587
1435 3.84178014121587
1435 0
1435 0
1435 0.63395711307655
1435 925.919606494837
1435 0
1435 0
1435 1275.40167330414
1435 1275.40167330414
1435 0
1435 0
1435 0
1435 12.5128383764935
1435 12.5128383764935
1435 12.5128383764935
1435 1.12179448984357
1434 0
1434 0.0632346390885365
1434 0.0632346390885365
1434 0.0632346390885365
1434 0.0632346390885365
1434 0
1434 4.41314664820695
1434 4.41314664820695
1434 0
1434 0
1434 0
1434 0
1434 1.49993459293404
1434 31.551428982378
1434 31.551428982378
1434 31.551428982378
1434 0.650666873850527
1434 1.43289991452426
1434 0
1434 12.5184697627577
1434 0
1434 0
1434 0
1434 0
1434 0.00555434483679663
1434 0.00555434483679663
1434 555.123154945632
1434 3.84178014121587
1434 3.84178014121587
1434 3.84178014121587
1434 0
1434 0
1434 0.63395711307655
1434 925.919606494837
1434 0
1434 0
1434 1275.40167330414
1434 1275.40167330414
1434 0
1434 0
1434 0
1434 12.5128383764935
1434 12.5128383764935
1434 12.5128383764935
1434 1.12179448984357
1428 0
1428 0.0632346390885365
1428 0.0632346390885365
1428 0.0632346390885365
1428 0.0632346390885365
1428 0
1428 4.41314664820695
1428 4.41314664820695
1428 0
1428 0
1428 0
1428 0
1428 1.49993459293404
1428 31.551428982378
1428 31.551428982378
1428 31.551428982378
1428 0.650666873850527
1428 1.43289991452426
1428 0
1428 12.5184697627577
1428 0
1428 0
1428 0
1428 0
1428 0.00555434483679663
1428 0.00555434483679663
1428 555.123154945632
1428 3.84178014121587
1428 3.84178014121587
1428 3.84178014121587
1428 0
1428 0
1428 0.63395711307655
1428 925.919606494837
1428 0
1428 0
1428 1275.40167330414
1428 1275.40167330414
1428 0
1428 0
1428 0
1428 12.5128383764935
1428 12.5128383764935
1428 12.5128383764935
1428 1.12179448984357
1478 0
1478 0.0632346390885365
1478 0.0632346390885365
1478 0.0632346390885365
1478 0.0632346390885365
1478 0
1478 4.41314664820695
1478 4.41314664820695
1478 0
1478 0
1478 0
1478 0
1478 1.49993459293404
1478 31.551428982378
1478 31.551428982378
1478 31.551428982378
1478 0.650666873850527
1478 1.43289991452426
1478 0
1478 12.5184697627577
1478 0
1478 0
1478 0
1478 0
1478 0.00555434483679663
1478 0.00555434483679663
1478 555.123154945632
1478 3.84178014121587
1478 3.84178014121587
1478 3.84178014121587
1478 0
1478 0
1478 0.63395711307655
1478 925.919606494837
1478 0
1478 0
1478 1275.40167330414
1478 1275.40167330414
1478 0
1478 0
1478 0
1478 12.5128383764935
1478 12.5128383764935
1478 12.5128383764935
1478 1.12179448984357
1483 0
1483 0.0632346390885365
1483 0.0632346390885365
1483 0.0632346390885365
1483 0.0632346390885365
1483 0
1483 4.41314664820695
1483 4.41314664820695
1483 0
1483 0
1483 0
1483 0
1483 1.49993459293404
1483 31.551428982378
1483 31.551428982378
1483 31.551428982378
1483 0.650666873850527
1483 1.43289991452426
1483 0
1483 12.5184697627577
1483 0
1483 0
1483 0
1483 0
1483 0.00555434483679663
1483 0.00555434483679663
1483 555.123154945632
1483 3.84178014121587
1483 3.84178014121587
1483 3.84178014121587
1483 0
1483 0
1483 0.63395711307655
1483 925.919606494837
1483 0
1483 0
1483 1275.40167330414
1483 1275.40167330414
1483 0
1483 0
1483 0
1483 12.5128383764935
1483 12.5128383764935
1483 12.5128383764935
1483 1.12179448984357
1484 0
1484 0.0632346390885365
1484 0.0632346390885365
1484 0.0632346390885365
1484 0.0632346390885365
1484 0
1484 4.41314664820695
1484 4.41314664820695
1484 0
1484 0
1484 0
1484 0
1484 1.49993459293404
1484 31.551428982378
1484 31.551428982378
1484 31.551428982378
1484 0.650666873850527
1484 1.43289991452426
1484 0
1484 12.5184697627577
1484 0
1484 0
1484 0
1484 0
1484 0.00555434483679663
1484 0.00555434483679663
1484 555.123154945632
1484 3.84178014121587
1484 3.84178014121587
1484 3.84178014121587
1484 0
1484 0
1484 0.63395711307655
1484 925.919606494837
1484 0
1484 0
1484 1275.40167330414
1484 1275.40167330414
1484 0
1484 0
1484 0
1484 12.5128383764935
1484 12.5128383764935
1484 12.5128383764935
1484 1.12179448984357
1503 0
1503 0.0632346390885365
1503 0.0632346390885365
1503 0.0632346390885365
1503 0.0632346390885365
1503 0
1503 4.41314664820695
1503 4.41314664820695
1503 0
1503 0
1503 0
1503 0
1503 1.49993459293404
1503 31.551428982378
1503 31.551428982378
1503 31.551428982378
1503 0.650666873850527
1503 1.43289991452426
1503 0
1503 12.5184697627577
1503 0
1503 0
1503 0
1503 0
1503 0.00555434483679663
1503 0.00555434483679663
1503 555.123154945632
1503 3.84178014121587
1503 3.84178014121587
1503 3.84178014121587
1503 0
1503 0
1503 0.63395711307655
1503 925.919606494837
1503 0
1503 0
1503 1275.40167330414
1503 1275.40167330414
1503 0
1503 0
1503 0
1503 12.5128383764935
1503 12.5128383764935
1503 12.5128383764935
1503 1.12179448984357
1500 0
1500 0.0632346390885365
1500 0.0632346390885365
1500 0.0632346390885365
1500 0.0632346390885365
1500 0
1500 4.41314664820695
1500 4.41314664820695
1500 0
1500 0
1500 0
1500 0
1500 1.49993459293404
1500 31.551428982378
1500 31.551428982378
1500 31.551428982378
1500 0.650666873850527
1500 1.43289991452426
1500 0
1500 12.5184697627577
1500 0
1500 0
1500 0
1500 0
1500 0.00555434483679663
1500 0.00555434483679663
1500 555.123154945632
1500 3.84178014121587
1500 3.84178014121587
1500 3.84178014121587
1500 0
1500 0
1500 0.63395711307655
1500 925.919606494837
1500 0
1500 0
1500 1275.40167330414
1500 1275.40167330414
1500 0
1500 0
1500 0
1500 12.5128383764935
1500 12.5128383764935
1500 12.5128383764935
1500 1.12179448984357
1499 0
1499 0.0632346390885365
1499 0.0632346390885365
1499 0.0632346390885365
1499 0.0632346390885365
1499 0
1499 4.41314664820695
1499 4.41314664820695
1499 0
1499 0
1499 0
1499 0
1499 1.49993459293404
1499 31.551428982378
1499 31.551428982378
1499 31.551428982378
1499 0.650666873850527
1499 1.43289991452426
1499 0
1499 12.5184697627577
1499 0
1499 0
1499 0
1499 0
1499 0.00555434483679663
1499 0.00555434483679663
1499 555.123154945632
1499 3.84178014121587
1499 3.84178014121587
1499 3.84178014121587
1499 0
1499 0
1499 0.63395711307655
1499 925.919606494837
1499 0
1499 0
1499 1275.40167330414
1499 1275.40167330414
1499 0
1499 0
1499 0
1499 12.5128383764935
1499 12.5128383764935
1499 12.5128383764935
1499 1.12179448984357
1496 0
1496 0.0632346390885365
1496 0.0632346390885365
1496 0.0632346390885365
1496 0.0632346390885365
1496 0
1496 4.41314664820695
1496 4.41314664820695
1496 0
1496 0
1496 0
1496 0
1496 1.49993459293404
1496 31.551428982378
1496 31.551428982378
1496 31.551428982378
1496 0.650666873850527
1496 1.43289991452426
1496 0
1496 12.5184697627577
1496 0
1496 0
1496 0
1496 0
1496 0.00555434483679663
1496 0.00555434483679663
1496 555.123154945632
1496 3.84178014121587
1496 3.84178014121587
1496 3.84178014121587
1496 0
1496 0
1496 0.63395711307655
1496 925.919606494837
1496 0
1496 0
1496 1275.40167330414
1496 1275.40167330414
1496 0
1496 0
1496 0
1496 12.5128383764935
1496 12.5128383764935
1496 12.5128383764935
1496 1.12179448984357
1498 0
1498 0.0632346390885365
1498 0.0632346390885365
1498 0.0632346390885365
1498 0.0632346390885365
1498 0
1498 4.41314664820695
1498 4.41314664820695
1498 0
1498 0
1498 0
1498 0
1498 1.49993459293404
1498 31.551428982378
1498 31.551428982378
1498 31.551428982378
1498 0.650666873850527
1498 1.43289991452426
1498 0
1498 12.5184697627577
1498 0
1498 0
1498 0
1498 0
1498 0.00555434483679663
1498 0.00555434483679663
1498 555.123154945632
1498 3.84178014121587
1498 3.84178014121587
1498 3.84178014121587
1498 0
1498 0
1498 0.63395711307655
1498 925.919606494837
1498 0
1498 0
1498 1275.40167330414
1498 1275.40167330414
1498 0
1498 0
1498 0
1498 12.5128383764935
1498 12.5128383764935
1498 12.5128383764935
1498 1.12179448984357
1497 0
1497 0.0632346390885365
1497 0.0632346390885365
1497 0.0632346390885365
1497 0.0632346390885365
1497 0
1497 4.41314664820695
1497 4.41314664820695
1497 0
1497 0
1497 0
1497 0
1497 1.49993459293404
1497 31.551428982378
1497 31.551428982378
1497 31.551428982378
1497 0.650666873850527
1497 1.43289991452426
1497 0
1497 12.5184697627577
1497 0
1497 0
1497 0
1497 0
1497 0.00555434483679663
1497 0.00555434483679663
1497 555.123154945632
1497 3.84178014121587
1497 3.84178014121587
1497 3.84178014121587
1497 0
1497 0
1497 0.63395711307655
1497 925.919606494837
1497 0
1497 0
1497 1275.40167330414
1497 1275.40167330414
1497 0
1497 0
1497 0
1497 12.5128383764935
1497 12.5128383764935
1497 12.5128383764935
1497 1.12179448984357
1592 0
1592 0.0632346390885365
1592 0.0632346390885365
1592 0.0632346390885365
1592 0.0632346390885365
1592 0
1592 4.41314664820695
1592 4.41314664820695
1592 0
1592 0
1592 0
1592 0
1592 1.49993459293404
1592 31.551428982378
1592 31.551428982378
1592 31.551428982378
1592 0.650666873850527
1592 1.43289991452426
1592 0
1592 12.5184697627577
1592 0
1592 0
1592 0
1592 0
1592 0.00555434483679663
1592 0.00555434483679663
1592 555.123154945632
1592 3.84178014121587
1592 3.84178014121587
1592 3.84178014121587
1592 0
1592 0
1592 0.63395711307655
1592 925.919606494837
1592 0
1592 0
1592 1275.40167330414
1592 1275.40167330414
1592 0
1592 0
1592 0
1592 12.5128383764935
1592 12.5128383764935
1592 12.5128383764935
1592 1.12179448984357
1567 0
1567 0.0632346390885365
1567 0.0632346390885365
1567 0.0632346390885365
1567 0.0632346390885365
1567 0
1567 4.41314664820695
1567 4.41314664820695
1567 0
1567 0
1567 0
1567 0
1567 1.49993459293404
1567 31.551428982378
1567 31.551428982378
1567 31.551428982378
1567 0.650666873850527
1567 1.43289991452426
1567 0
1567 12.5184697627577
1567 0
1567 0
1567 0
1567 0
1567 0.00555434483679663
1567 0.00555434483679663
1567 555.123154945632
1567 3.84178014121587
1567 3.84178014121587
1567 3.84178014121587
1567 0
1567 0
1567 0.63395711307655
1567 925.919606494837
1567 0
1567 0
1567 1275.40167330414
1567 1275.40167330414
1567 0
1567 0
1567 0
1567 12.5128383764935
1567 12.5128383764935
1567 12.5128383764935
1567 1.12179448984357
1569 0
1569 0.0632346390885365
1569 0.0632346390885365
1569 0.0632346390885365
1569 0.0632346390885365
1569 0
1569 4.41314664820695
1569 4.41314664820695
1569 0
1569 0
1569 0
1569 0
1569 1.49993459293404
1569 31.551428982378
1569 31.551428982378
1569 31.551428982378
1569 0.650666873850527
1569 1.43289991452426
1569 0
1569 12.5184697627577
1569 0
1569 0
1569 0
1569 0
1569 0.00555434483679663
1569 0.00555434483679663
1569 555.123154945632
1569 3.84178014121587
1569 3.84178014121587
1569 3.84178014121587
1569 0
1569 0
1569 0.63395711307655
1569 925.919606494837
1569 0
1569 0
1569 1275.40167330414
1569 1275.40167330414
1569 0
1569 0
1569 0
1569 12.5128383764935
1569 12.5128383764935
1569 12.5128383764935
1569 1.12179448984357
1650 0
1650 0.0632346390885365
1650 0.0632346390885365
1650 0.0632346390885365
1650 0.0632346390885365
1650 0
1650 4.41314664820695
1650 4.41314664820695
1650 0
1650 0
1650 0
1650 0
1650 1.49993459293404
1650 31.551428982378
1650 31.551428982378
1650 31.551428982378
1650 0.650666873850527
1650 1.43289991452426
1650 0
1650 12.5184697627577
1650 0
1650 0
1650 0
1650 0
1650 0.00555434483679663
1650 0.00555434483679663
1650 555.123154945632
1650 3.84178014121587
1650 3.84178014121587
1650 3.84178014121587
1650 0
1650 0
1650 0.63395711307655
1650 925.919606494837
1650 0
1650 0
1650 1275.40167330414
1650 1275.40167330414
1650 0
1650 0
1650 0
1650 12.5128383764935
1650 12.5128383764935
1650 12.5128383764935
1650 1.12179448984357
1643 0
1643 0.0632346390885365
1643 0.0632346390885365
1643 0.0632346390885365
1643 0.0632346390885365
1643 0
1643 4.41314664820695
1643 4.41314664820695
1643 0
1643 0
1643 0
1643 0
1643 1.49993459293404
1643 31.551428982378
1643 31.551428982378
1643 31.551428982378
1643 0.650666873850527
1643 1.43289991452426
1643 0
1643 12.5184697627577
1643 0
1643 0
1643 0
1643 0
1643 0.00555434483679663
1643 0.00555434483679663
1643 555.123154945632
1643 3.84178014121587
1643 3.84178014121587
1643 3.84178014121587
1643 0
1643 0
1643 0.63395711307655
1643 925.919606494837
1643 0
1643 0
1643 1275.40167330414
1643 1275.40167330414
1643 0
1643 0
1643 0
1643 12.5128383764935
1643 12.5128383764935
1643 12.5128383764935
1643 1.12179448984357
1636 0
1636 0.0632346390885365
1636 0.0632346390885365
1636 0.0632346390885365
1636 0.0632346390885365
1636 0
1636 4.41314664820695
1636 4.41314664820695
1636 0
1636 0
1636 0
1636 0
1636 1.49993459293404
1636 31.551428982378
1636 31.551428982378
1636 31.551428982378
1636 0.650666873850527
1636 1.43289991452426
1636 0
1636 12.5184697627577
1636 0
1636 0
1636 0
1636 0
1636 0.00555434483679663
1636 0.00555434483679663
1636 555.123154945632
1636 3.84178014121587
1636 3.84178014121587
1636 3.84178014121587
1636 0
1636 0
1636 0.63395711307655
1636 925.919606494837
1636 0
1636 0
1636 1275.40167330414
1636 1275.40167330414
1636 0
1636 0
1636 0
1636 12.5128383764935
1636 12.5128383764935
1636 12.5128383764935
1636 1.12179448984357
1638 0
1638 0.0632346390885365
1638 0.0632346390885365
1638 0.0632346390885365
1638 0.0632346390885365
1638 0
1638 4.41314664820695
1638 4.41314664820695
1638 0
1638 0
1638 0
1638 0
1638 1.49993459293404
1638 31.551428982378
1638 31.551428982378
1638 31.551428982378
1638 0.650666873850527
1638 1.43289991452426
1638 0
1638 12.5184697627577
1638 0
1638 0
1638 0
1638 0
1638 0.00555434483679663
1638 0.00555434483679663
1638 555.123154945632
1638 3.84178014121587
1638 3.84178014121587
1638 3.84178014121587
1638 0
1638 0
1638 0.63395711307655
1638 925.919606494837
1638 0
1638 0
1638 1275.40167330414
1638 1275.40167330414
1638 0
1638 0
1638 0
1638 12.5128383764935
1638 12.5128383764935
1638 12.5128383764935
1638 1.12179448984357
1639 0
1639 0.0632346390885365
1639 0.0632346390885365
1639 0.0632346390885365
1639 0.0632346390885365
1639 0
1639 4.41314664820695
1639 4.41314664820695
1639 0
1639 0
1639 0
1639 0
1639 1.49993459293404
1639 31.551428982378
1639 31.551428982378
1639 31.551428982378
1639 0.650666873850527
1639 1.43289991452426
1639 0
1639 12.5184697627577
1639 0
1639 0
1639 0
1639 0
1639 0.00555434483679663
1639 0.00555434483679663
1639 555.123154945632
1639 3.84178014121587
1639 3.84178014121587
1639 3.84178014121587
1639 0
1639 0
1639 0.63395711307655
1639 925.919606494837
1639 0
1639 0
1639 1275.40167330414
1639 1275.40167330414
1639 0
1639 0
1639 0
1639 12.5128383764935
1639 12.5128383764935
1639 12.5128383764935
1639 1.12179448984357
1719 0
1719 0.0632346390885365
1719 0.0632346390885365
1719 0.0632346390885365
1719 0.0632346390885365
1719 0
1719 4.41314664820695
1719 4.41314664820695
1719 0
1719 0
1719 0
1719 0
1719 1.49993459293404
1719 31.551428982378
1719 31.551428982378
1719 31.551428982378
1719 0.650666873850527
1719 1.43289991452426
1719 0
1719 12.5184697627577
1719 0
1719 0
1719 0
1719 0
1719 0.00555434483679663
1719 0.00555434483679663
1719 555.123154945632
1719 3.84178014121587
1719 3.84178014121587
1719 3.84178014121587
1719 0
1719 0
1719 0.63395711307655
1719 925.919606494837
1719 0
1719 0
1719 1275.40167330414
1719 1275.40167330414
1719 0
1719 0
1719 0
1719 12.5128383764935
1719 12.5128383764935
1719 12.5128383764935
1719 1.12179448984357
1700 0
1700 0.0632346390885365
1700 0.0632346390885365
1700 0.0632346390885365
1700 0.0632346390885365
1700 0
1700 4.41314664820695
1700 4.41314664820695
1700 0
1700 0
1700 0
1700 0
1700 1.49993459293404
1700 31.551428982378
1700 31.551428982378
1700 31.551428982378
1700 0.650666873850527
1700 1.43289991452426
1700 0
1700 12.5184697627577
1700 0
1700 0
1700 0
1700 0
1700 0.00555434483679663
1700 0.00555434483679663
1700 555.123154945632
1700 3.84178014121587
1700 3.84178014121587
1700 3.84178014121587
1700 0
1700 0
1700 0.63395711307655
1700 925.919606494837
1700 0
1700 0
1700 1275.40167330414
1700 1275.40167330414
1700 0
1700 0
1700 0
1700 12.5128383764935
1700 12.5128383764935
1700 12.5128383764935
1700 1.12179448984357
1708 0
1708 0.0632346390885365
1708 0.0632346390885365
1708 0.0632346390885365
1708 0.0632346390885365
1708 0
1708 4.41314664820695
1708 4.41314664820695
1708 0
1708 0
1708 0
1708 0
1708 1.49993459293404
1708 31.551428982378
1708 31.551428982378
1708 31.551428982378
1708 0.650666873850527
1708 1.43289991452426
1708 0
1708 12.5184697627577
1708 0
1708 0
1708 0
1708 0
1708 0.00555434483679663
1708 0.00555434483679663
1708 555.123154945632
1708 3.84178014121587
1708 3.84178014121587
1708 3.84178014121587
1708 0
1708 0
1708 0.63395711307655
1708 925.919606494837
1708 0
1708 0
1708 1275.40167330414
1708 1275.40167330414
1708 0
1708 0
1708 0
1708 12.5128383764935
1708 12.5128383764935
1708 12.5128383764935
1708 1.12179448984357
1781 0
1781 0.0632346390885365
1781 0.0632346390885365
1781 0.0632346390885365
1781 0.0632346390885365
1781 0
1781 4.41314664820695
1781 4.41314664820695
1781 0
1781 0
1781 0
1781 0
1781 1.49993459293404
1781 31.551428982378
1781 31.551428982378
1781 31.551428982378
1781 0.650666873850527
1781 1.43289991452426
1781 0
1781 12.5184697627577
1781 0
1781 0
1781 0
1781 0
1781 0.00555434483679663
1781 0.00555434483679663
1781 555.123154945632
1781 3.84178014121587
1781 3.84178014121587
1781 3.84178014121587
1781 0
1781 0
1781 0.63395711307655
1781 925.919606494837
1781 0
1781 0
1781 1275.40167330414
1781 1275.40167330414
1781 0
1781 0
1781 0
1781 12.5128383764935
1781 12.5128383764935
1781 12.5128383764935
1781 1.12179448984357
1860 0
1860 0.0632346390885365
1860 0.0632346390885365
1860 0.0632346390885365
1860 0.0632346390885365
1860 0
1860 4.41314664820695
1860 4.41314664820695
1860 0
1860 0
1860 0
1860 0
1860 1.49993459293404
1860 31.551428982378
1860 31.551428982378
1860 31.551428982378
1860 0.650666873850527
1860 1.43289991452426
1860 0
1860 12.5184697627577
1860 0
1860 0
1860 0
1860 0
1860 0.00555434483679663
1860 0.00555434483679663
1860 555.123154945632
1860 3.84178014121587
1860 3.84178014121587
1860 3.84178014121587
1860 0
1860 0
1860 0.63395711307655
1860 925.919606494837
1860 0
1860 0
1860 1275.40167330414
1860 1275.40167330414
1860 0
1860 0
1860 0
1860 12.5128383764935
1860 12.5128383764935
1860 12.5128383764935
1860 1.12179448984357
1859 0
1859 0.0632346390885365
1859 0.0632346390885365
1859 0.0632346390885365
1859 0.0632346390885365
1859 0
1859 4.41314664820695
1859 4.41314664820695
1859 0
1859 0
1859 0
1859 0
1859 1.49993459293404
1859 31.551428982378
1859 31.551428982378
1859 31.551428982378
1859 0.650666873850527
1859 1.43289991452426
1859 0
1859 12.5184697627577
1859 0
1859 0
1859 0
1859 0
1859 0.00555434483679663
1859 0.00555434483679663
1859 555.123154945632
1859 3.84178014121587
1859 3.84178014121587
1859 3.84178014121587
1859 0
1859 0
1859 0.63395711307655
1859 925.919606494837
1859 0
1859 0
1859 1275.40167330414
1859 1275.40167330414
1859 0
1859 0
1859 0
1859 12.5128383764935
1859 12.5128383764935
1859 12.5128383764935
1859 1.12179448984357
1932 0
1932 0.0632346390885365
1932 0.0632346390885365
1932 0.0632346390885365
1932 0.0632346390885365
1932 0
1932 4.41314664820695
1932 4.41314664820695
1932 0
1932 0
1932 0
1932 0
1932 1.49993459293404
1932 31.551428982378
1932 31.551428982378
1932 31.551428982378
1932 0.650666873850527
1932 1.43289991452426
1932 0
1932 12.5184697627577
1932 0
1932 0
1932 0
1932 0
1932 0.00555434483679663
1932 0.00555434483679663
1932 555.123154945632
1932 3.84178014121587
1932 3.84178014121587
1932 3.84178014121587
1932 0
1932 0
1932 0.63395711307655
1932 925.919606494837
1932 0
1932 0
1932 1275.40167330414
1932 1275.40167330414
1932 0
1932 0
1932 0
1932 12.5128383764935
1932 12.5128383764935
1932 12.5128383764935
1932 1.12179448984357
2043 0
2043 0.0632346390885365
2043 0.0632346390885365
2043 0.0632346390885365
2043 0.0632346390885365
2043 0
2043 4.41314664820695
2043 4.41314664820695
2043 0
2043 0
2043 0
2043 0
2043 1.49993459293404
2043 31.551428982378
2043 31.551428982378
2043 31.551428982378
2043 0.650666873850527
2043 1.43289991452426
2043 0
2043 12.5184697627577
2043 0
2043 0
2043 0
2043 0
2043 0.00555434483679663
2043 0.00555434483679663
2043 555.123154945632
2043 3.84178014121587
2043 3.84178014121587
2043 3.84178014121587
2043 0
2043 0
2043 0.63395711307655
2043 925.919606494837
2043 0
2043 0
2043 1275.40167330414
2043 1275.40167330414
2043 0
2043 0
2043 0
2043 12.5128383764935
2043 12.5128383764935
2043 12.5128383764935
2043 1.12179448984357
2022 0
2022 0.0632346390885365
2022 0.0632346390885365
2022 0.0632346390885365
2022 0.0632346390885365
2022 0
2022 4.41314664820695
2022 4.41314664820695
2022 0
2022 0
2022 0
2022 0
2022 1.49993459293404
2022 31.551428982378
2022 31.551428982378
2022 31.551428982378
2022 0.650666873850527
2022 1.43289991452426
2022 0
2022 12.5184697627577
2022 0
2022 0
2022 0
2022 0
2022 0.00555434483679663
2022 0.00555434483679663
2022 555.123154945632
2022 3.84178014121587
2022 3.84178014121587
2022 3.84178014121587
2022 0
2022 0
2022 0.63395711307655
2022 925.919606494837
2022 0
2022 0
2022 1275.40167330414
2022 1275.40167330414
2022 0
2022 0
2022 0
2022 12.5128383764935
2022 12.5128383764935
2022 12.5128383764935
2022 1.12179448984357
2020 0
2020 0.0632346390885365
2020 0.0632346390885365
2020 0.0632346390885365
2020 0.0632346390885365
2020 0
2020 4.41314664820695
2020 4.41314664820695
2020 0
2020 0
2020 0
2020 0
2020 1.49993459293404
2020 31.551428982378
2020 31.551428982378
2020 31.551428982378
2020 0.650666873850527
2020 1.43289991452426
2020 0
2020 12.5184697627577
2020 0
2020 0
2020 0
2020 0
2020 0.00555434483679663
2020 0.00555434483679663
2020 555.123154945632
2020 3.84178014121587
2020 3.84178014121587
2020 3.84178014121587
2020 0
2020 0
2020 0.63395711307655
2020 925.919606494837
2020 0
2020 0
2020 1275.40167330414
2020 1275.40167330414
2020 0
2020 0
2020 0
2020 12.5128383764935
2020 12.5128383764935
2020 12.5128383764935
2020 1.12179448984357
2119 0
2119 0.0632346390885365
2119 0.0632346390885365
2119 0.0632346390885365
2119 0.0632346390885365
2119 0
2119 4.41314664820695
2119 4.41314664820695
2119 0
2119 0
2119 0
2119 0
2119 1.49993459293404
2119 31.551428982378
2119 31.551428982378
2119 31.551428982378
2119 0.650666873850527
2119 1.43289991452426
2119 0
2119 12.5184697627577
2119 0
2119 0
2119 0
2119 0
2119 0.00555434483679663
2119 0.00555434483679663
2119 555.123154945632
2119 3.84178014121587
2119 3.84178014121587
2119 3.84178014121587
2119 0
2119 0
2119 0.63395711307655
2119 925.919606494837
2119 0
2119 0
2119 1275.40167330414
2119 1275.40167330414
2119 0
2119 0
2119 0
2119 12.5128383764935
2119 12.5128383764935
2119 12.5128383764935
2119 1.12179448984357
2093 0
2093 0.0632346390885365
2093 0.0632346390885365
2093 0.0632346390885365
2093 0.0632346390885365
2093 0
2093 4.41314664820695
2093 4.41314664820695
2093 0
2093 0
2093 0
2093 0
2093 1.49993459293404
2093 31.551428982378
2093 31.551428982378
2093 31.551428982378
2093 0.650666873850527
2093 1.43289991452426
2093 0
2093 12.5184697627577
2093 0
2093 0
2093 0
2093 0
2093 0.00555434483679663
2093 0.00555434483679663
2093 555.123154945632
2093 3.84178014121587
2093 3.84178014121587
2093 3.84178014121587
2093 0
2093 0
2093 0.63395711307655
2093 925.919606494837
2093 0
2093 0
2093 1275.40167330414
2093 1275.40167330414
2093 0
2093 0
2093 0
2093 12.5128383764935
2093 12.5128383764935
2093 12.5128383764935
2093 1.12179448984357
2098 0
2098 0.0632346390885365
2098 0.0632346390885365
2098 0.0632346390885365
2098 0.0632346390885365
2098 0
2098 4.41314664820695
2098 4.41314664820695
2098 0
2098 0
2098 0
2098 0
2098 1.49993459293404
2098 31.551428982378
2098 31.551428982378
2098 31.551428982378
2098 0.650666873850527
2098 1.43289991452426
2098 0
2098 12.5184697627577
2098 0
2098 0
2098 0
2098 0
2098 0.00555434483679663
2098 0.00555434483679663
2098 555.123154945632
2098 3.84178014121587
2098 3.84178014121587
2098 3.84178014121587
2098 0
2098 0
2098 0.63395711307655
2098 925.919606494837
2098 0
2098 0
2098 1275.40167330414
2098 1275.40167330414
2098 0
2098 0
2098 0
2098 12.5128383764935
2098 12.5128383764935
2098 12.5128383764935
2098 1.12179448984357
2103 0
2103 0.0632346390885365
2103 0.0632346390885365
2103 0.0632346390885365
2103 0.0632346390885365
2103 0
2103 4.41314664820695
2103 4.41314664820695
2103 0
2103 0
2103 0
2103 0
2103 1.49993459293404
2103 31.551428982378
2103 31.551428982378
2103 31.551428982378
2103 0.650666873850527
2103 1.43289991452426
2103 0
2103 12.5184697627577
2103 0
2103 0
2103 0
2103 0
2103 0.00555434483679663
2103 0.00555434483679663
2103 555.123154945632
2103 3.84178014121587
2103 3.84178014121587
2103 3.84178014121587
2103 0
2103 0
2103 0.63395711307655
2103 925.919606494837
2103 0
2103 0
2103 1275.40167330414
2103 1275.40167330414
2103 0
2103 0
2103 0
2103 12.5128383764935
2103 12.5128383764935
2103 12.5128383764935
2103 1.12179448984357
2287 0
2287 0.0632346390885365
2287 0.0632346390885365
2287 0.0632346390885365
2287 0.0632346390885365
2287 0
2287 4.41314664820695
2287 4.41314664820695
2287 0
2287 0
2287 0
2287 0
2287 1.49993459293404
2287 31.551428982378
2287 31.551428982378
2287 31.551428982378
2287 0.650666873850527
2287 1.43289991452426
2287 0
2287 12.5184697627577
2287 0
2287 0
2287 0
2287 0
2287 0.00555434483679663
2287 0.00555434483679663
2287 555.123154945632
2287 3.84178014121587
2287 3.84178014121587
2287 3.84178014121587
2287 0
2287 0
2287 0.63395711307655
2287 925.919606494837
2287 0
2287 0
2287 1275.40167330414
2287 1275.40167330414
2287 0
2287 0
2287 0
2287 12.5128383764935
2287 12.5128383764935
2287 12.5128383764935
2287 1.12179448984357
2271 0
2271 0.0632346390885365
2271 0.0632346390885365
2271 0.0632346390885365
2271 0.0632346390885365
2271 0
2271 4.41314664820695
2271 4.41314664820695
2271 0
2271 0
2271 0
2271 0
2271 1.49993459293404
2271 31.551428982378
2271 31.551428982378
2271 31.551428982378
2271 0.650666873850527
2271 1.43289991452426
2271 0
2271 12.5184697627577
2271 0
2271 0
2271 0
2271 0
2271 0.00555434483679663
2271 0.00555434483679663
2271 555.123154945632
2271 3.84178014121587
2271 3.84178014121587
2271 3.84178014121587
2271 0
2271 0
2271 0.63395711307655
2271 925.919606494837
2271 0
2271 0
2271 1275.40167330414
2271 1275.40167330414
2271 0
2271 0
2271 0
2271 12.5128383764935
2271 12.5128383764935
2271 12.5128383764935
2271 1.12179448984357
2363 0
2363 0.0632346390885365
2363 0.0632346390885365
2363 0.0632346390885365
2363 0.0632346390885365
2363 0
2363 4.41314664820695
2363 4.41314664820695
2363 0
2363 0
2363 0
2363 0
2363 1.49993459293404
2363 31.551428982378
2363 31.551428982378
2363 31.551428982378
2363 0.650666873850527
2363 1.43289991452426
2363 0
2363 12.5184697627577
2363 0
2363 0
2363 0
2363 0
2363 0.00555434483679663
2363 0.00555434483679663
2363 555.123154945632
2363 3.84178014121587
2363 3.84178014121587
2363 3.84178014121587
2363 0
2363 0
2363 0.63395711307655
2363 925.919606494837
2363 0
2363 0
2363 1275.40167330414
2363 1275.40167330414
2363 0
2363 0
2363 0
2363 12.5128383764935
2363 12.5128383764935
2363 12.5128383764935
2363 1.12179448984357
2353 0
2353 0.0632346390885365
2353 0.0632346390885365
2353 0.0632346390885365
2353 0.0632346390885365
2353 0
2353 4.41314664820695
2353 4.41314664820695
2353 0
2353 0
2353 0
2353 0
2353 1.49993459293404
2353 31.551428982378
2353 31.551428982378
2353 31.551428982378
2353 0.650666873850527
2353 1.43289991452426
2353 0
2353 12.5184697627577
2353 0
2353 0
2353 0
2353 0
2353 0.00555434483679663
2353 0.00555434483679663
2353 555.123154945632
2353 3.84178014121587
2353 3.84178014121587
2353 3.84178014121587
2353 0
2353 0
2353 0.63395711307655
2353 925.919606494837
2353 0
2353 0
2353 1275.40167330414
2353 1275.40167330414
2353 0
2353 0
2353 0
2353 12.5128383764935
2353 12.5128383764935
2353 12.5128383764935
2353 1.12179448984357
2356 0
2356 0.0632346390885365
2356 0.0632346390885365
2356 0.0632346390885365
2356 0.0632346390885365
2356 0
2356 4.41314664820695
2356 4.41314664820695
2356 0
2356 0
2356 0
2356 0
2356 1.49993459293404
2356 31.551428982378
2356 31.551428982378
2356 31.551428982378
2356 0.650666873850527
2356 1.43289991452426
2356 0
2356 12.5184697627577
2356 0
2356 0
2356 0
2356 0
2356 0.00555434483679663
2356 0.00555434483679663
2356 555.123154945632
2356 3.84178014121587
2356 3.84178014121587
2356 3.84178014121587
2356 0
2356 0
2356 0.63395711307655
2356 925.919606494837
2356 0
2356 0
2356 1275.40167330414
2356 1275.40167330414
2356 0
2356 0
2356 0
2356 12.5128383764935
2356 12.5128383764935
2356 12.5128383764935
2356 1.12179448984357
2355 0
2355 0.0632346390885365
2355 0.0632346390885365
2355 0.0632346390885365
2355 0.0632346390885365
2355 0
2355 4.41314664820695
2355 4.41314664820695
2355 0
2355 0
2355 0
2355 0
2355 1.49993459293404
2355 31.551428982378
2355 31.551428982378
2355 31.551428982378
2355 0.650666873850527
2355 1.43289991452426
2355 0
2355 12.5184697627577
2355 0
2355 0
2355 0
2355 0
2355 0.00555434483679663
2355 0.00555434483679663
2355 555.123154945632
2355 3.84178014121587
2355 3.84178014121587
2355 3.84178014121587
2355 0
2355 0
2355 0.63395711307655
2355 925.919606494837
2355 0
2355 0
2355 1275.40167330414
2355 1275.40167330414
2355 0
2355 0
2355 0
2355 12.5128383764935
2355 12.5128383764935
2355 12.5128383764935
2355 1.12179448984357
2423 0
2423 0.0632346390885365
2423 0.0632346390885365
2423 0.0632346390885365
2423 0.0632346390885365
2423 0
2423 4.41314664820695
2423 4.41314664820695
2423 0
2423 0
2423 0
2423 0
2423 1.49993459293404
2423 31.551428982378
2423 31.551428982378
2423 31.551428982378
2423 0.650666873850527
2423 1.43289991452426
2423 0
2423 12.5184697627577
2423 0
2423 0
2423 0
2423 0
2423 0.00555434483679663
2423 0.00555434483679663
2423 555.123154945632
2423 3.84178014121587
2423 3.84178014121587
2423 3.84178014121587
2423 0
2423 0
2423 0.63395711307655
2423 925.919606494837
2423 0
2423 0
2423 1275.40167330414
2423 1275.40167330414
2423 0
2423 0
2423 0
2423 12.5128383764935
2423 12.5128383764935
2423 12.5128383764935
2423 1.12179448984357
2429 0
2429 0.0632346390885365
2429 0.0632346390885365
2429 0.0632346390885365
2429 0.0632346390885365
2429 0
2429 4.41314664820695
2429 4.41314664820695
2429 0
2429 0
2429 0
2429 0
2429 1.49993459293404
2429 31.551428982378
2429 31.551428982378
2429 31.551428982378
2429 0.650666873850527
2429 1.43289991452426
2429 0
2429 12.5184697627577
2429 0
2429 0
2429 0
2429 0
2429 0.00555434483679663
2429 0.00555434483679663
2429 555.123154945632
2429 3.84178014121587
2429 3.84178014121587
2429 3.84178014121587
2429 0
2429 0
2429 0.63395711307655
2429 925.919606494837
2429 0
2429 0
2429 1275.40167330414
2429 1275.40167330414
2429 0
2429 0
2429 0
2429 12.5128383764935
2429 12.5128383764935
2429 12.5128383764935
2429 1.12179448984357
2523 0
2523 0.0632346390885365
2523 0.0632346390885365
2523 0.0632346390885365
2523 0.0632346390885365
2523 0
2523 4.41314664820695
2523 4.41314664820695
2523 0
2523 0
2523 0
2523 0
2523 1.49993459293404
2523 31.551428982378
2523 31.551428982378
2523 31.551428982378
2523 0.650666873850527
2523 1.43289991452426
2523 0
2523 12.5184697627577
2523 0
2523 0
2523 0
2523 0
2523 0.00555434483679663
2523 0.00555434483679663
2523 555.123154945632
2523 3.84178014121587
2523 3.84178014121587
2523 3.84178014121587
2523 0
2523 0
2523 0.63395711307655
2523 925.919606494837
2523 0
2523 0
2523 1275.40167330414
2523 1275.40167330414
2523 0
2523 0
2523 0
2523 12.5128383764935
2523 12.5128383764935
2523 12.5128383764935
2523 1.12179448984357
2522 0
2522 0.0632346390885365
2522 0.0632346390885365
2522 0.0632346390885365
2522 0.0632346390885365
2522 0
2522 4.41314664820695
2522 4.41314664820695
2522 0
2522 0
2522 0
2522 0
2522 1.49993459293404
2522 31.551428982378
2522 31.551428982378
2522 31.551428982378
2522 0.650666873850527
2522 1.43289991452426
2522 0
2522 12.5184697627577
2522 0
2522 0
2522 0
2522 0
2522 0.00555434483679663
2522 0.00555434483679663
2522 555.123154945632
2522 3.84178014121587
2522 3.84178014121587
2522 3.84178014121587
2522 0
2522 0
2522 0.63395711307655
2522 925.919606494837
2522 0
2522 0
2522 1275.40167330414
2522 1275.40167330414
2522 0
2522 0
2522 0
2522 12.5128383764935
2522 12.5128383764935
2522 12.5128383764935
2522 1.12179448984357
2516 0
2516 0.0632346390885365
2516 0.0632346390885365
2516 0.0632346390885365
2516 0.0632346390885365
2516 0
2516 4.41314664820695
2516 4.41314664820695
2516 0
2516 0
2516 0
2516 0
2516 1.49993459293404
2516 31.551428982378
2516 31.551428982378
2516 31.551428982378
2516 0.650666873850527
2516 1.43289991452426
2516 0
2516 12.5184697627577
2516 0
2516 0
2516 0
2516 0
2516 0.00555434483679663
2516 0.00555434483679663
2516 555.123154945632
2516 3.84178014121587
2516 3.84178014121587
2516 3.84178014121587
2516 0
2516 0
2516 0.63395711307655
2516 925.919606494837
2516 0
2516 0
2516 1275.40167330414
2516 1275.40167330414
2516 0
2516 0
2516 0
2516 12.5128383764935
2516 12.5128383764935
2516 12.5128383764935
2516 1.12179448984357
2504 0
2504 0.0632346390885365
2504 0.0632346390885365
2504 0.0632346390885365
2504 0.0632346390885365
2504 0
2504 4.41314664820695
2504 4.41314664820695
2504 0
2504 0
2504 0
2504 0
2504 1.49993459293404
2504 31.551428982378
2504 31.551428982378
2504 31.551428982378
2504 0.650666873850527
2504 1.43289991452426
2504 0
2504 12.5184697627577
2504 0
2504 0
2504 0
2504 0
2504 0.00555434483679663
2504 0.00555434483679663
2504 555.123154945632
2504 3.84178014121587
2504 3.84178014121587
2504 3.84178014121587
2504 0
2504 0
2504 0.63395711307655
2504 925.919606494837
2504 0
2504 0
2504 1275.40167330414
2504 1275.40167330414
2504 0
2504 0
2504 0
2504 12.5128383764935
2504 12.5128383764935
2504 12.5128383764935
2504 1.12179448984357
2511 0
2511 0.0632346390885365
2511 0.0632346390885365
2511 0.0632346390885365
2511 0.0632346390885365
2511 0
2511 4.41314664820695
2511 4.41314664820695
2511 0
2511 0
2511 0
2511 0
2511 1.49993459293404
2511 31.551428982378
2511 31.551428982378
2511 31.551428982378
2511 0.650666873850527
2511 1.43289991452426
2511 0
2511 12.5184697627577
2511 0
2511 0
2511 0
2511 0
2511 0.00555434483679663
2511 0.00555434483679663
2511 555.123154945632
2511 3.84178014121587
2511 3.84178014121587
2511 3.84178014121587
2511 0
2511 0
2511 0.63395711307655
2511 925.919606494837
2511 0
2511 0
2511 1275.40167330414
2511 1275.40167330414
2511 0
2511 0
2511 0
2511 12.5128383764935
2511 12.5128383764935
2511 12.5128383764935
2511 1.12179448984357
2508 0
2508 0.0632346390885365
2508 0.0632346390885365
2508 0.0632346390885365
2508 0.0632346390885365
2508 0
2508 4.41314664820695
2508 4.41314664820695
2508 0
2508 0
2508 0
2508 0
2508 1.49993459293404
2508 31.551428982378
2508 31.551428982378
2508 31.551428982378
2508 0.650666873850527
2508 1.43289991452426
2508 0
2508 12.5184697627577
2508 0
2508 0
2508 0
2508 0
2508 0.00555434483679663
2508 0.00555434483679663
2508 555.123154945632
2508 3.84178014121587
2508 3.84178014121587
2508 3.84178014121587
2508 0
2508 0
2508 0.63395711307655
2508 925.919606494837
2508 0
2508 0
2508 1275.40167330414
2508 1275.40167330414
2508 0
2508 0
2508 0
2508 12.5128383764935
2508 12.5128383764935
2508 12.5128383764935
2508 1.12179448984357
2509 0
2509 0.0632346390885365
2509 0.0632346390885365
2509 0.0632346390885365
2509 0.0632346390885365
2509 0
2509 4.41314664820695
2509 4.41314664820695
2509 0
2509 0
2509 0
2509 0
2509 1.49993459293404
2509 31.551428982378
2509 31.551428982378
2509 31.551428982378
2509 0.650666873850527
2509 1.43289991452426
2509 0
2509 12.5184697627577
2509 0
2509 0
2509 0
2509 0
2509 0.00555434483679663
2509 0.00555434483679663
2509 555.123154945632
2509 3.84178014121587
2509 3.84178014121587
2509 3.84178014121587
2509 0
2509 0
2509 0.63395711307655
2509 925.919606494837
2509 0
2509 0
2509 1275.40167330414
2509 1275.40167330414
2509 0
2509 0
2509 0
2509 12.5128383764935
2509 12.5128383764935
2509 12.5128383764935
2509 1.12179448984357
2608 0
2608 0.0632346390885365
2608 0.0632346390885365
2608 0.0632346390885365
2608 0.0632346390885365
2608 0
2608 4.41314664820695
2608 4.41314664820695
2608 0
2608 0
2608 0
2608 0
2608 1.49993459293404
2608 31.551428982378
2608 31.551428982378
2608 31.551428982378
2608 0.650666873850527
2608 1.43289991452426
2608 0
2608 12.5184697627577
2608 0
2608 0
2608 0
2608 0
2608 0.00555434483679663
2608 0.00555434483679663
2608 555.123154945632
2608 3.84178014121587
2608 3.84178014121587
2608 3.84178014121587
2608 0
2608 0
2608 0.63395711307655
2608 925.919606494837
2608 0
2608 0
2608 1275.40167330414
2608 1275.40167330414
2608 0
2608 0
2608 0
2608 12.5128383764935
2608 12.5128383764935
2608 12.5128383764935
2608 1.12179448984357
2607 0
2607 0.0632346390885365
2607 0.0632346390885365
2607 0.0632346390885365
2607 0.0632346390885365
2607 0
2607 4.41314664820695
2607 4.41314664820695
2607 0
2607 0
2607 0
2607 0
2607 1.49993459293404
2607 31.551428982378
2607 31.551428982378
2607 31.551428982378
2607 0.650666873850527
2607 1.43289991452426
2607 0
2607 12.5184697627577
2607 0
2607 0
2607 0
2607 0
2607 0.00555434483679663
2607 0.00555434483679663
2607 555.123154945632
2607 3.84178014121587
2607 3.84178014121587
2607 3.84178014121587
2607 0
2607 0
2607 0.63395711307655
2607 925.919606494837
2607 0
2607 0
2607 1275.40167330414
2607 1275.40167330414
2607 0
2607 0
2607 0
2607 12.5128383764935
2607 12.5128383764935
2607 12.5128383764935
2607 1.12179448984357
2601 0
2601 0.0632346390885365
2601 0.0632346390885365
2601 0.0632346390885365
2601 0.0632346390885365
2601 0
2601 4.41314664820695
2601 4.41314664820695
2601 0
2601 0
2601 0
2601 0
2601 1.49993459293404
2601 31.551428982378
2601 31.551428982378
2601 31.551428982378
2601 0.650666873850527
2601 1.43289991452426
2601 0
2601 12.5184697627577
2601 0
2601 0
2601 0
2601 0
2601 0.00555434483679663
2601 0.00555434483679663
2601 555.123154945632
2601 3.84178014121587
2601 3.84178014121587
2601 3.84178014121587
2601 0
2601 0
2601 0.63395711307655
2601 925.919606494837
2601 0
2601 0
2601 1275.40167330414
2601 1275.40167330414
2601 0
2601 0
2601 0
2601 12.5128383764935
2601 12.5128383764935
2601 12.5128383764935
2601 1.12179448984357
2587 0
2587 0.0632346390885365
2587 0.0632346390885365
2587 0.0632346390885365
2587 0.0632346390885365
2587 0
2587 4.41314664820695
2587 4.41314664820695
2587 0
2587 0
2587 0
2587 0
2587 1.49993459293404
2587 31.551428982378
2587 31.551428982378
2587 31.551428982378
2587 0.650666873850527
2587 1.43289991452426
2587 0
2587 12.5184697627577
2587 0
2587 0
2587 0
2587 0
2587 0.00555434483679663
2587 0.00555434483679663
2587 555.123154945632
2587 3.84178014121587
2587 3.84178014121587
2587 3.84178014121587
2587 0
2587 0
2587 0.63395711307655
2587 925.919606494837
2587 0
2587 0
2587 1275.40167330414
2587 1275.40167330414
2587 0
2587 0
2587 0
2587 12.5128383764935
2587 12.5128383764935
2587 12.5128383764935
2587 1.12179448984357
2687 0
2687 0.0632346390885365
2687 0.0632346390885365
2687 0.0632346390885365
2687 0.0632346390885365
2687 0
2687 4.41314664820695
2687 4.41314664820695
2687 0
2687 0
2687 0
2687 0
2687 1.49993459293404
2687 31.551428982378
2687 31.551428982378
2687 31.551428982378
2687 0.650666873850527
2687 1.43289991452426
2687 0
2687 12.5184697627577
2687 0
2687 0
2687 0
2687 0
2687 0.00555434483679663
2687 0.00555434483679663
2687 555.123154945632
2687 3.84178014121587
2687 3.84178014121587
2687 3.84178014121587
2687 0
2687 0
2687 0.63395711307655
2687 925.919606494837
2687 0
2687 0
2687 1275.40167330414
2687 1275.40167330414
2687 0
2687 0
2687 0
2687 12.5128383764935
2687 12.5128383764935
2687 12.5128383764935
2687 1.12179448984357
2686 0
2686 0.0632346390885365
2686 0.0632346390885365
2686 0.0632346390885365
2686 0.0632346390885365
2686 0
2686 4.41314664820695
2686 4.41314664820695
2686 0
2686 0
2686 0
2686 0
2686 1.49993459293404
2686 31.551428982378
2686 31.551428982378
2686 31.551428982378
2686 0.650666873850527
2686 1.43289991452426
2686 0
2686 12.5184697627577
2686 0
2686 0
2686 0
2686 0
2686 0.00555434483679663
2686 0.00555434483679663
2686 555.123154945632
2686 3.84178014121587
2686 3.84178014121587
2686 3.84178014121587
2686 0
2686 0
2686 0.63395711307655
2686 925.919606494837
2686 0
2686 0
2686 1275.40167330414
2686 1275.40167330414
2686 0
2686 0
2686 0
2686 12.5128383764935
2686 12.5128383764935
2686 12.5128383764935
2686 1.12179448984357
2673 0
2673 0.0632346390885365
2673 0.0632346390885365
2673 0.0632346390885365
2673 0.0632346390885365
2673 0
2673 4.41314664820695
2673 4.41314664820695
2673 0
2673 0
2673 0
2673 0
2673 1.49993459293404
2673 31.551428982378
2673 31.551428982378
2673 31.551428982378
2673 0.650666873850527
2673 1.43289991452426
2673 0
2673 12.5184697627577
2673 0
2673 0
2673 0
2673 0
2673 0.00555434483679663
2673 0.00555434483679663
2673 555.123154945632
2673 3.84178014121587
2673 3.84178014121587
2673 3.84178014121587
2673 0
2673 0
2673 0.63395711307655
2673 925.919606494837
2673 0
2673 0
2673 1275.40167330414
2673 1275.40167330414
2673 0
2673 0
2673 0
2673 12.5128383764935
2673 12.5128383764935
2673 12.5128383764935
2673 1.12179448984357
2769 0
2769 0.0632346390885365
2769 0.0632346390885365
2769 0.0632346390885365
2769 0.0632346390885365
2769 0
2769 4.41314664820695
2769 4.41314664820695
2769 0
2769 0
2769 0
2769 0
2769 1.49993459293404
2769 31.551428982378
2769 31.551428982378
2769 31.551428982378
2769 0.650666873850527
2769 1.43289991452426
2769 0
2769 12.5184697627577
2769 0
2769 0
2769 0
2769 0
2769 0.00555434483679663
2769 0.00555434483679663
2769 555.123154945632
2769 3.84178014121587
2769 3.84178014121587
2769 3.84178014121587
2769 0
2769 0
2769 0.63395711307655
2769 925.919606494837
2769 0
2769 0
2769 1275.40167330414
2769 1275.40167330414
2769 0
2769 0
2769 0
2769 12.5128383764935
2769 12.5128383764935
2769 12.5128383764935
2769 1.12179448984357
2768 0
2768 0.0632346390885365
2768 0.0632346390885365
2768 0.0632346390885365
2768 0.0632346390885365
2768 0
2768 4.41314664820695
2768 4.41314664820695
2768 0
2768 0
2768 0
2768 0
2768 1.49993459293404
2768 31.551428982378
2768 31.551428982378
2768 31.551428982378
2768 0.650666873850527
2768 1.43289991452426
2768 0
2768 12.5184697627577
2768 0
2768 0
2768 0
2768 0
2768 0.00555434483679663
2768 0.00555434483679663
2768 555.123154945632
2768 3.84178014121587
2768 3.84178014121587
2768 3.84178014121587
2768 0
2768 0
2768 0.63395711307655
2768 925.919606494837
2768 0
2768 0
2768 1275.40167330414
2768 1275.40167330414
2768 0
2768 0
2768 0
2768 12.5128383764935
2768 12.5128383764935
2768 12.5128383764935
2768 1.12179448984357
2761 0
2761 0.0632346390885365
2761 0.0632346390885365
2761 0.0632346390885365
2761 0.0632346390885365
2761 0
2761 4.41314664820695
2761 4.41314664820695
2761 0
2761 0
2761 0
2761 0
2761 1.49993459293404
2761 31.551428982378
2761 31.551428982378
2761 31.551428982378
2761 0.650666873850527
2761 1.43289991452426
2761 0
2761 12.5184697627577
2761 0
2761 0
2761 0
2761 0
2761 0.00555434483679663
2761 0.00555434483679663
2761 555.123154945632
2761 3.84178014121587
2761 3.84178014121587
2761 3.84178014121587
2761 0
2761 0
2761 0.63395711307655
2761 925.919606494837
2761 0
2761 0
2761 1275.40167330414
2761 1275.40167330414
2761 0
2761 0
2761 0
2761 12.5128383764935
2761 12.5128383764935
2761 12.5128383764935
2761 1.12179448984357
