pt_graph cpue_kghour
15 0
15 0.0632346390885365
15 0.0632346390885365
15 0.0632346390885365
15 0.0632346390885365
15 0
15 4.41314664820695
15 4.41314664820695
15 0
15 0
15 0
15 0
15 1.49993459293404
15 31.551428982378
15 31.551428982378
15 31.551428982378
15 0.650666873850527
15 1.43289991452426
15 0
15 12.5184697627577
15 0
15 0
15 0
15 0
15 0.00555434483679663
15 0.00555434483679663
15 555.123154945632
15 3.84178014121587
15 3.84178014121587
15 3.84178014121587
15 0
15 0
15 0.63395711307655
15 925.919606494837
15 0
15 0
15 1275.40167330414
15 1275.40167330414
15 0
15 0
15 0
15 12.5128383764935
15 12.5128383764935
15 12.5128383764935
15 1.12179448984357
42 0
42 0.0632346390885365
42 0.0632346390885365
42 0.0632346390885365
42 0.0632346390885365
42 0
42 4.41314664820695
42 4.41314664820695
42 0
42 0
42 0
42 0
42 1.49993459293404
42 31.551428982378
42 31.551428982378
42 31.551428982378
42 0.650666873850527
42 1.43289991452426
42 0
42 12.5184697627577
42 0
42 0
42 0
42 0
42 0.00555434483679663
42 0.00555434483679663
42 555.123154945632
42 3.84178014121587
42 3.84178014121587
42 3.84178014121587
42 0
42 0
42 0.63395711307655
42 925.919606494837
42 0
42 0
42 1275.40167330414
42 1275.40167330414
42 0
42 0
42 0
42 12.5128383764935
42 12.5128383764935
42 12.5128383764935
42 1.12179448984357
54 0
54 0.0632346390885365
54 0.0632346390885365
54 0.0632346390885365
54 0.0632346390885365
54 0
54 4.41314664820695
54 4.41314664820695
54 0
54 0
54 0
54 0
54 1.49993459293404
54 31.551428982378
54 31.551428982378
54 31.551428982378
54 0.650666873850527
54 1.43289991452426
54 0
54 12.5184697627577
54 0
54 0
54 0
54 0
54 0.00555434483679663
54 0.00555434483679663
54 555.123154945632
54 3.84178014121587
54 3.84178014121587
54 3.84178014121587
54 0
54 0
54 0.63395711307655
54 925.919606494837
54 0
54 0
54 1275.40167330414
54 1275.40167330414
54 0
54 0
54 0
54 12.5128383764935
54 12.5128383764935
54 12.5128383764935
54 1.12179448984357
55 0
55 0.0632346390885365
55 0.0632346390885365
55 0.0632346390885365
55 0.0632346390885365
55 0
55 4.41314664820695
55 4.41314664820695
55 0
55 0
55 0
55 0
55 1.49993459293404
55 31.551428982378
55 31.551428982378
55 31.551428982378
55 0.650666873850527
55 1.43289991452426
55 0
55 12.5184697627577
55 0
55 0
55 0
55 0
55 0.00555434483679663
55 0.00555434483679663
55 555.123154945632
55 3.84178014121587
55 3.84178014121587
55 3.84178014121587
55 0
55 0
55 0.63395711307655
55 925.919606494837
55 0
55 0
55 1275.40167330414
55 1275.40167330414
55 0
55 0
55 0
55 12.5128383764935
55 12.5128383764935
55 12.5128383764935
55 1.12179448984357
56 0
56 0.0632346390885365
56 0.0632346390885365
56 0.0632346390885365
56 0.0632346390885365
56 0
56 4.41314664820695
56 4.41314664820695
56 0
56 0
56 0
56 0
56 1.49993459293404
56 31.551428982378
56 31.551428982378
56 31.551428982378
56 0.650666873850527
56 1.43289991452426
56 0
56 12.5184697627577
56 0
56 0
56 0
56 0
56 0.00555434483679663
56 0.00555434483679663
56 555.123154945632
56 3.84178014121587
56 3.84178014121587
56 3.84178014121587
56 0
56 0
56 0.63395711307655
56 925.919606494837
56 0
56 0
56 1275.40167330414
56 1275.40167330414
56 0
56 0
56 0
56 12.5128383764935
56 12.5128383764935
56 12.5128383764935
56 1.12179448984357
76 0
76 0.0632346390885365
76 0.0632346390885365
76 0.0632346390885365
76 0.0632346390885365
76 0
76 4.41314664820695
76 4.41314664820695
76 0
76 0
76 0
76 0
76 1.49993459293404
76 31.551428982378
76 31.551428982378
76 31.551428982378
76 0.650666873850527
76 1.43289991452426
76 0
76 12.5184697627577
76 0
76 0
76 0
76 0
76 0.00555434483679663
76 0.00555434483679663
76 555.123154945632
76 3.84178014121587
76 3.84178014121587
76 3.84178014121587
76 0
76 0
76 0.63395711307655
76 925.919606494837
76 0
76 0
76 1275.40167330414
76 1275.40167330414
76 0
76 0
76 0
76 12.5128383764935
76 12.5128383764935
76 12.5128383764935
76 1.12179448984357
99 0
99 0.0632346390885365
99 0.0632346390885365
99 0.0632346390885365
99 0.0632346390885365
99 0
99 4.41314664820695
99 4.41314664820695
99 0
99 0
99 0
99 0
99 1.49993459293404
99 31.551428982378
99 31.551428982378
99 31.551428982378
99 0.650666873850527
99 1.43289991452426
99 0
99 12.5184697627577
99 0
99 0
99 0
99 0
99 0.00555434483679663
99 0.00555434483679663
99 555.123154945632
99 3.84178014121587
99 3.84178014121587
99 3.84178014121587
99 0
99 0
99 0.63395711307655
99 925.919606494837
99 0
99 0
99 1275.40167330414
99 1275.40167330414
99 0
99 0
99 0
99 12.5128383764935
99 12.5128383764935
99 12.5128383764935
99 1.12179448984357
100 0
100 0.0632346390885365
100 0.0632346390885365
100 0.0632346390885365
100 0.0632346390885365
100 0
100 4.41314664820695
100 4.41314664820695
100 0
100 0
100 0
100 0
100 1.49993459293404
100 31.551428982378
100 31.551428982378
100 31.551428982378
100 0.650666873850527
100 1.43289991452426
100 0
100 12.5184697627577
100 0
100 0
100 0
100 0
100 0.00555434483679663
100 0.00555434483679663
100 555.123154945632
100 3.84178014121587
100 3.84178014121587
100 3.84178014121587
100 0
100 0
100 0.63395711307655
100 925.919606494837
100 0
100 0
100 1275.40167330414
100 1275.40167330414
100 0
100 0
100 0
100 12.5128383764935
100 12.5128383764935
100 12.5128383764935
100 1.12179448984357
130 0
130 0.0632346390885365
130 0.0632346390885365
130 0.0632346390885365
130 0.0632346390885365
130 0
130 4.41314664820695
130 4.41314664820695
130 0
130 0
130 0
130 0
130 1.49993459293404
130 31.551428982378
130 31.551428982378
130 31.551428982378
130 0.650666873850527
130 1.43289991452426
130 0
130 12.5184697627577
130 0
130 0
130 0
130 0
130 0.00555434483679663
130 0.00555434483679663
130 555.123154945632
130 3.84178014121587
130 3.84178014121587
130 3.84178014121587
130 0
130 0
130 0.63395711307655
130 925.919606494837
130 0
130 0
130 1275.40167330414
130 1275.40167330414
130 0
130 0
130 0
130 12.5128383764935
130 12.5128383764935
130 12.5128383764935
130 1.12179448984357
152 0
152 0.0632346390885365
152 0.0632346390885365
152 0.0632346390885365
152 0.0632346390885365
152 0
152 4.41314664820695
152 4.41314664820695
152 0
152 0
152 0
152 0
152 1.49993459293404
152 31.551428982378
152 31.551428982378
152 31.551428982378
152 0.650666873850527
152 1.43289991452426
152 0
152 12.5184697627577
152 0
152 0
152 0
152 0
152 0.00555434483679663
152 0.00555434483679663
152 555.123154945632
152 3.84178014121587
152 3.84178014121587
152 3.84178014121587
152 0
152 0
152 0.63395711307655
152 925.919606494837
152 0
152 0
152 1275.40167330414
152 1275.40167330414
152 0
152 0
152 0
152 12.5128383764935
152 12.5128383764935
152 12.5128383764935
152 1.12179448984357
192 0
192 0.0632346390885365
192 0.0632346390885365
192 0.0632346390885365
192 0.0632346390885365
192 0
192 4.41314664820695
192 4.41314664820695
192 0
192 0
192 0
192 0
192 1.49993459293404
192 31.551428982378
192 31.551428982378
192 31.551428982378
192 0.650666873850527
192 1.43289991452426
192 0
192 12.5184697627577
192 0
192 0
192 0
192 0
192 0.00555434483679663
192 0.00555434483679663
192 555.123154945632
192 3.84178014121587
192 3.84178014121587
192 3.84178014121587
192 0
192 0
192 0.63395711307655
192 925.919606494837
192 0
192 0
192 1275.40167330414
192 1275.40167330414
192 0
192 0
192 0
192 12.5128383764935
192 12.5128383764935
192 12.5128383764935
192 1.12179448984357
214 0
214 0.0632346390885365
214 0.0632346390885365
214 0.0632346390885365
214 0.0632346390885365
214 0
214 4.41314664820695
214 4.41314664820695
214 0
214 0
214 0
214 0
214 1.49993459293404
214 31.551428982378
214 31.551428982378
214 31.551428982378
214 0.650666873850527
214 1.43289991452426
214 0
214 12.5184697627577
214 0
214 0
214 0
214 0
214 0.00555434483679663
214 0.00555434483679663
214 555.123154945632
214 3.84178014121587
214 3.84178014121587
214 3.84178014121587
214 0
214 0
214 0.63395711307655
214 925.919606494837
214 0
214 0
214 1275.40167330414
214 1275.40167330414
214 0
214 0
214 0
214 12.5128383764935
214 12.5128383764935
214 12.5128383764935
214 1.12179448984357
230 0
230 0.0632346390885365
230 0.0632346390885365
230 0.0632346390885365
230 0.0632346390885365
230 0
230 4.41314664820695
230 4.41314664820695
230 0
230 0
230 0
230 0
230 1.49993459293404
230 31.551428982378
230 31.551428982378
230 31.551428982378
230 0.650666873850527
230 1.43289991452426
230 0
230 12.5184697627577
230 0
230 0
230 0
230 0
230 0.00555434483679663
230 0.00555434483679663
230 555.123154945632
230 3.84178014121587
230 3.84178014121587
230 3.84178014121587
230 0
230 0
230 0.63395711307655
230 925.919606494837
230 0
230 0
230 1275.40167330414
230 1275.40167330414
230 0
230 0
230 0
230 12.5128383764935
230 12.5128383764935
230 12.5128383764935
230 1.12179448984357
272 0
272 0.0632346390885365
272 0.0632346390885365
272 0.0632346390885365
272 0.0632346390885365
272 0
272 4.41314664820695
272 4.41314664820695
272 0
272 0
272 0
272 0
272 1.49993459293404
272 31.551428982378
272 31.551428982378
272 31.551428982378
272 0.650666873850527
272 1.43289991452426
272 0
272 12.5184697627577
272 0
272 0
272 0
272 0
272 0.00555434483679663
272 0.00555434483679663
272 555.123154945632
272 3.84178014121587
272 3.84178014121587
272 3.84178014121587
272 0
272 0
272 0.63395711307655
272 925.919606494837
272 0
272 0
272 1275.40167330414
272 1275.40167330414
272 0
272 0
272 0
272 12.5128383764935
272 12.5128383764935
272 12.5128383764935
272 1.12179448984357
291 0
291 0.0632346390885365
291 0.0632346390885365
291 0.0632346390885365
291 0.0632346390885365
291 0
291 4.41314664820695
291 4.41314664820695
291 0
291 0
291 0
291 0
291 1.49993459293404
291 31.551428982378
291 31.551428982378
291 31.551428982378
291 0.650666873850527
291 1.43289991452426
291 0
291 12.5184697627577
291 0
291 0
291 0
291 0
291 0.00555434483679663
291 0.00555434483679663
291 555.123154945632
291 3.84178014121587
291 3.84178014121587
291 3.84178014121587
291 0
291 0
291 0.63395711307655
291 925.919606494837
291 0
291 0
291 1275.40167330414
291 1275.40167330414
291 0
291 0
291 0
291 12.5128383764935
291 12.5128383764935
291 12.5128383764935
291 1.12179448984357
485 0
485 0.0632346390885365
485 0.0632346390885365
485 0.0632346390885365
485 0.0632346390885365
485 0
485 4.41314664820695
485 4.41314664820695
485 0
485 0
485 0
485 0
485 1.49993459293404
485 31.551428982378
485 31.551428982378
485 31.551428982378
485 0.650666873850527
485 1.43289991452426
485 0
485 12.5184697627577
485 0
485 0
485 0
485 0
485 0.00555434483679663
485 0.00555434483679663
485 555.123154945632
485 3.84178014121587
485 3.84178014121587
485 3.84178014121587
485 0
485 0
485 0.63395711307655
485 925.919606494837
485 0
485 0
485 1275.40167330414
485 1275.40167330414
485 0
485 0
485 0
485 12.5128383764935
485 12.5128383764935
485 12.5128383764935
485 1.12179448984357
583 0
583 0.0632346390885365
583 0.0632346390885365
583 0.0632346390885365
583 0.0632346390885365
583 0
583 4.41314664820695
583 4.41314664820695
583 0
583 0
583 0
583 0
583 1.49993459293404
583 31.551428982378
583 31.551428982378
583 31.551428982378
583 0.650666873850527
583 1.43289991452426
583 0
583 12.5184697627577
583 0
583 0
583 0
583 0
583 0.00555434483679663
583 0.00555434483679663
583 555.123154945632
583 3.84178014121587
583 3.84178014121587
583 3.84178014121587
583 0
583 0
583 0.63395711307655
583 925.919606494837
583 0
583 0
583 1275.40167330414
583 1275.40167330414
583 0
583 0
583 0
583 12.5128383764935
583 12.5128383764935
583 12.5128383764935
583 1.12179448984357
690 0
690 0.0632346390885365
690 0.0632346390885365
690 0.0632346390885365
690 0.0632346390885365
690 0
690 4.41314664820695
690 4.41314664820695
690 0
690 0
690 0
690 0
690 1.49993459293404
690 31.551428982378
690 31.551428982378
690 31.551428982378
690 0.650666873850527
690 1.43289991452426
690 0
690 12.5184697627577
690 0
690 0
690 0
690 0
690 0.00555434483679663
690 0.00555434483679663
690 555.123154945632
690 3.84178014121587
690 3.84178014121587
690 3.84178014121587
690 0
690 0
690 0.63395711307655
690 925.919606494837
690 0
690 0
690 1275.40167330414
690 1275.40167330414
690 0
690 0
690 0
690 12.5128383764935
690 12.5128383764935
690 12.5128383764935
690 1.12179448984357
716 0
716 0.0632346390885365
716 0.0632346390885365
716 0.0632346390885365
716 0.0632346390885365
716 0
716 4.41314664820695
716 4.41314664820695
716 0
716 0
716 0
716 0
716 1.49993459293404
716 31.551428982378
716 31.551428982378
716 31.551428982378
716 0.650666873850527
716 1.43289991452426
716 0
716 12.5184697627577
716 0
716 0
716 0
716 0
716 0.00555434483679663
716 0.00555434483679663
716 555.123154945632
716 3.84178014121587
716 3.84178014121587
716 3.84178014121587
716 0
716 0
716 0.63395711307655
716 925.919606494837
716 0
716 0
716 1275.40167330414
716 1275.40167330414
716 0
716 0
716 0
716 12.5128383764935
716 12.5128383764935
716 12.5128383764935
716 1.12179448984357
752 0
752 0.0632346390885365
752 0.0632346390885365
752 0.0632346390885365
752 0.0632346390885365
752 0
752 4.41314664820695
752 4.41314664820695
752 0
752 0
752 0
752 0
752 1.49993459293404
752 31.551428982378
752 31.551428982378
752 31.551428982378
752 0.650666873850527
752 1.43289991452426
752 0
752 12.5184697627577
752 0
752 0
752 0
752 0
752 0.00555434483679663
752 0.00555434483679663
752 555.123154945632
752 3.84178014121587
752 3.84178014121587
752 3.84178014121587
752 0
752 0
752 0.63395711307655
752 925.919606494837
752 0
752 0
752 1275.40167330414
752 1275.40167330414
752 0
752 0
752 0
752 12.5128383764935
752 12.5128383764935
752 12.5128383764935
752 1.12179448984357
842 0
842 0.0632346390885365
842 0.0632346390885365
842 0.0632346390885365
842 0.0632346390885365
842 0
842 4.41314664820695
842 4.41314664820695
842 0
842 0
842 0
842 0
842 1.49993459293404
842 31.551428982378
842 31.551428982378
842 31.551428982378
842 0.650666873850527
842 1.43289991452426
842 0
842 12.5184697627577
842 0
842 0
842 0
842 0
842 0.00555434483679663
842 0.00555434483679663
842 555.123154945632
842 3.84178014121587
842 3.84178014121587
842 3.84178014121587
842 0
842 0
842 0.63395711307655
842 925.919606494837
842 0
842 0
842 1275.40167330414
842 1275.40167330414
842 0
842 0
842 0
842 12.5128383764935
842 12.5128383764935
842 12.5128383764935
842 1.12179448984357
940 0
940 0.0632346390885365
940 0.0632346390885365
940 0.0632346390885365
940 0.0632346390885365
940 0
940 4.41314664820695
940 4.41314664820695
940 0
940 0
940 0
940 0
940 1.49993459293404
940 31.551428982378
940 31.551428982378
940 31.551428982378
940 0.650666873850527
940 1.43289991452426
940 0
940 12.5184697627577
940 0
940 0
940 0
940 0
940 0.00555434483679663
940 0.00555434483679663
940 555.123154945632
940 3.84178014121587
940 3.84178014121587
940 3.84178014121587
940 0
940 0
940 0.63395711307655
940 925.919606494837
940 0
940 0
940 1275.40167330414
940 1275.40167330414
940 0
940 0
940 0
940 12.5128383764935
940 12.5128383764935
940 12.5128383764935
940 1.12179448984357
1009 0
1009 0.0632346390885365
1009 0.0632346390885365
1009 0.0632346390885365
1009 0.0632346390885365
1009 0
1009 4.41314664820695
1009 4.41314664820695
1009 0
1009 0
1009 0
1009 0
1009 1.49993459293404
1009 31.551428982378
1009 31.551428982378
1009 31.551428982378
1009 0.650666873850527
1009 1.43289991452426
1009 0
1009 12.5184697627577
1009 0
1009 0
1009 0
1009 0
1009 0.00555434483679663
1009 0.00555434483679663
1009 555.123154945632
1009 3.84178014121587
1009 3.84178014121587
1009 3.84178014121587
1009 0
1009 0
1009 0.63395711307655
1009 925.919606494837
1009 0
1009 0
1009 1275.40167330414
1009 1275.40167330414
1009 0
1009 0
1009 0
1009 12.5128383764935
1009 12.5128383764935
1009 12.5128383764935
1009 1.12179448984357
987 0
987 0.0632346390885365
987 0.0632346390885365
987 0.0632346390885365
987 0.0632346390885365
987 0
987 4.41314664820695
987 4.41314664820695
987 0
987 0
987 0
987 0
987 1.49993459293404
987 31.551428982378
987 31.551428982378
987 31.551428982378
987 0.650666873850527
987 1.43289991452426
987 0
987 12.5184697627577
987 0
987 0
987 0
987 0
987 0.00555434483679663
987 0.00555434483679663
987 555.123154945632
987 3.84178014121587
987 3.84178014121587
987 3.84178014121587
987 0
987 0
987 0.63395711307655
987 925.919606494837
987 0
987 0
987 1275.40167330414
987 1275.40167330414
987 0
987 0
987 0
987 12.5128383764935
987 12.5128383764935
987 12.5128383764935
987 1.12179448984357
988 0
988 0.0632346390885365
988 0.0632346390885365
988 0.0632346390885365
988 0.0632346390885365
988 0
988 4.41314664820695
988 4.41314664820695
988 0
988 0
988 0
988 0
988 1.49993459293404
988 31.551428982378
988 31.551428982378
988 31.551428982378
988 0.650666873850527
988 1.43289991452426
988 0
988 12.5184697627577
988 0
988 0
988 0
988 0
988 0.00555434483679663
988 0.00555434483679663
988 555.123154945632
988 3.84178014121587
988 3.84178014121587
988 3.84178014121587
988 0
988 0
988 0.63395711307655
988 925.919606494837
988 0
988 0
988 1275.40167330414
988 1275.40167330414
988 0
988 0
988 0
988 12.5128383764935
988 12.5128383764935
988 12.5128383764935
988 1.12179448984357
989 0
989 0.0632346390885365
989 0.0632346390885365
989 0.0632346390885365
989 0.0632346390885365
989 0
989 4.41314664820695
989 4.41314664820695
989 0
989 0
989 0
989 0
989 1.49993459293404
989 31.551428982378
989 31.551428982378
989 31.551428982378
989 0.650666873850527
989 1.43289991452426
989 0
989 12.5184697627577
989 0
989 0
989 0
989 0
989 0.00555434483679663
989 0.00555434483679663
989 555.123154945632
989 3.84178014121587
989 3.84178014121587
989 3.84178014121587
989 0
989 0
989 0.63395711307655
989 925.919606494837
989 0
989 0
989 1275.40167330414
989 1275.40167330414
989 0
989 0
989 0
989 12.5128383764935
989 12.5128383764935
989 12.5128383764935
989 1.12179448984357
990 0
990 0.0632346390885365
990 0.0632346390885365
990 0.0632346390885365
990 0.0632346390885365
990 0
990 4.41314664820695
990 4.41314664820695
990 0
990 0
990 0
990 0
990 1.49993459293404
990 31.551428982378
990 31.551428982378
990 31.551428982378
990 0.650666873850527
990 1.43289991452426
990 0
990 12.5184697627577
990 0
990 0
990 0
990 0
990 0.00555434483679663
990 0.00555434483679663
990 555.123154945632
990 3.84178014121587
990 3.84178014121587
990 3.84178014121587
990 0
990 0
990 0.63395711307655
990 925.919606494837
990 0
990 0
990 1275.40167330414
990 1275.40167330414
990 0
990 0
990 0
990 12.5128383764935
990 12.5128383764935
990 12.5128383764935
990 1.12179448984357
993 0
993 0.0632346390885365
993 0.0632346390885365
993 0.0632346390885365
993 0.0632346390885365
993 0
993 4.41314664820695
993 4.41314664820695
993 0
993 0
993 0
993 0
993 1.49993459293404
993 31.551428982378
993 31.551428982378
993 31.551428982378
993 0.650666873850527
993 1.43289991452426
993 0
993 12.5184697627577
993 0
993 0
993 0
993 0
993 0.00555434483679663
993 0.00555434483679663
993 555.123154945632
993 3.84178014121587
993 3.84178014121587
993 3.84178014121587
993 0
993 0
993 0.63395711307655
993 925.919606494837
993 0
993 0
993 1275.40167330414
993 1275.40167330414
993 0
993 0
993 0
993 12.5128383764935
993 12.5128383764935
993 12.5128383764935
993 1.12179448984357
1039 0
1039 0.0632346390885365
1039 0.0632346390885365
1039 0.0632346390885365
1039 0.0632346390885365
1039 0
1039 4.41314664820695
1039 4.41314664820695
1039 0
1039 0
1039 0
1039 0
1039 1.49993459293404
1039 31.551428982378
1039 31.551428982378
1039 31.551428982378
1039 0.650666873850527
1039 1.43289991452426
1039 0
1039 12.5184697627577
1039 0
1039 0
1039 0
1039 0
1039 0.00555434483679663
1039 0.00555434483679663
1039 555.123154945632
1039 3.84178014121587
1039 3.84178014121587
1039 3.84178014121587
1039 0
1039 0
1039 0.63395711307655
1039 925.919606494837
1039 0
1039 0
1039 1275.40167330414
1039 1275.40167330414
1039 0
1039 0
1039 0
1039 12.5128383764935
1039 12.5128383764935
1039 12.5128383764935
1039 1.12179448984357
1051 0
1051 0.0632346390885365
1051 0.0632346390885365
1051 0.0632346390885365
1051 0.0632346390885365
1051 0
1051 4.41314664820695
1051 4.41314664820695
1051 0
1051 0
1051 0
1051 0
1051 1.49993459293404
1051 31.551428982378
1051 31.551428982378
1051 31.551428982378
1051 0.650666873850527
1051 1.43289991452426
1051 0
1051 12.5184697627577
1051 0
1051 0
1051 0
1051 0
1051 0.00555434483679663
1051 0.00555434483679663
1051 555.123154945632
1051 3.84178014121587
1051 3.84178014121587
1051 3.84178014121587
1051 0
1051 0
1051 0.63395711307655
1051 925.919606494837
1051 0
1051 0
1051 1275.40167330414
1051 1275.40167330414
1051 0
1051 0
1051 0
1051 12.5128383764935
1051 12.5128383764935
1051 12.5128383764935
1051 1.12179448984357
1096 0
1096 0.0632346390885365
1096 0.0632346390885365
1096 0.0632346390885365
1096 0.0632346390885365
1096 0
1096 4.41314664820695
1096 4.41314664820695
1096 0
1096 0
1096 0
1096 0
1096 1.49993459293404
1096 31.551428982378
1096 31.551428982378
1096 31.551428982378
1096 0.650666873850527
1096 1.43289991452426
1096 0
1096 12.5184697627577
1096 0
1096 0
1096 0
1096 0
1096 0.00555434483679663
1096 0.00555434483679663
1096 555.123154945632
1096 3.84178014121587
1096 3.84178014121587
1096 3.84178014121587
1096 0
1096 0
1096 0.63395711307655
1096 925.919606494837
1096 0
1096 0
1096 1275.40167330414
1096 1275.40167330414
1096 0
1096 0
1096 0
1096 12.5128383764935
1096 12.5128383764935
1096 12.5128383764935
1096 1.12179448984357
1104 0
1104 0.0632346390885365
1104 0.0632346390885365
1104 0.0632346390885365
1104 0.0632346390885365
1104 0
1104 4.41314664820695
1104 4.41314664820695
1104 0
1104 0
1104 0
1104 0
1104 1.49993459293404
1104 31.551428982378
1104 31.551428982378
1104 31.551428982378
1104 0.650666873850527
1104 1.43289991452426
1104 0
1104 12.5184697627577
1104 0
1104 0
1104 0
1104 0
1104 0.00555434483679663
1104 0.00555434483679663
1104 555.123154945632
1104 3.84178014121587
1104 3.84178014121587
1104 3.84178014121587
1104 0
1104 0
1104 0.63395711307655
1104 925.919606494837
1104 0
1104 0
1104 1275.40167330414
1104 1275.40167330414
1104 0
1104 0
1104 0
1104 12.5128383764935
1104 12.5128383764935
1104 12.5128383764935
1104 1.12179448984357
1106 0
1106 0.0632346390885365
1106 0.0632346390885365
1106 0.0632346390885365
1106 0.0632346390885365
1106 0
1106 4.41314664820695
1106 4.41314664820695
1106 0
1106 0
1106 0
1106 0
1106 1.49993459293404
1106 31.551428982378
1106 31.551428982378
1106 31.551428982378
1106 0.650666873850527
1106 1.43289991452426
1106 0
1106 12.5184697627577
1106 0
1106 0
1106 0
1106 0
1106 0.00555434483679663
1106 0.00555434483679663
1106 555.123154945632
1106 3.84178014121587
1106 3.84178014121587
1106 3.84178014121587
1106 0
1106 0
1106 0.63395711307655
1106 925.919606494837
1106 0
1106 0
1106 1275.40167330414
1106 1275.40167330414
1106 0
1106 0
1106 0
1106 12.5128383764935
1106 12.5128383764935
1106 12.5128383764935
1106 1.12179448984357
1158 0
1158 0.0632346390885365
1158 0.0632346390885365
1158 0.0632346390885365
1158 0.0632346390885365
1158 0
1158 4.41314664820695
1158 4.41314664820695
1158 0
1158 0
1158 0
1158 0
1158 1.49993459293404
1158 31.551428982378
1158 31.551428982378
1158 31.551428982378
1158 0.650666873850527
1158 1.43289991452426
1158 0
1158 12.5184697627577
1158 0
1158 0
1158 0
1158 0
1158 0.00555434483679663
1158 0.00555434483679663
1158 555.123154945632
1158 3.84178014121587
1158 3.84178014121587
1158 3.84178014121587
1158 0
1158 0
1158 0.63395711307655
1158 925.919606494837
1158 0
1158 0
1158 1275.40167330414
1158 1275.40167330414
1158 0
1158 0
1158 0
1158 12.5128383764935
1158 12.5128383764935
1158 12.5128383764935
1158 1.12179448984357
1176 0
1176 0.0632346390885365
1176 0.0632346390885365
1176 0.0632346390885365
1176 0.0632346390885365
1176 0
1176 4.41314664820695
1176 4.41314664820695
1176 0
1176 0
1176 0
1176 0
1176 1.49993459293404
1176 31.551428982378
1176 31.551428982378
1176 31.551428982378
1176 0.650666873850527
1176 1.43289991452426
1176 0
1176 12.5184697627577
1176 0
1176 0
1176 0
1176 0
1176 0.00555434483679663
1176 0.00555434483679663
1176 555.123154945632
1176 3.84178014121587
1176 3.84178014121587
1176 3.84178014121587
1176 0
1176 0
1176 0.63395711307655
1176 925.919606494837
1176 0
1176 0
1176 1275.40167330414
1176 1275.40167330414
1176 0
1176 0
1176 0
1176 12.5128383764935
1176 12.5128383764935
1176 12.5128383764935
1176 1.12179448984357
1162 0
1162 0.0632346390885365
1162 0.0632346390885365
1162 0.0632346390885365
1162 0.0632346390885365
1162 0
1162 4.41314664820695
1162 4.41314664820695
1162 0
1162 0
1162 0
1162 0
1162 1.49993459293404
1162 31.551428982378
1162 31.551428982378
1162 31.551428982378
1162 0.650666873850527
1162 1.43289991452426
1162 0
1162 12.5184697627577
1162 0
1162 0
1162 0
1162 0
1162 0.00555434483679663
1162 0.00555434483679663
1162 555.123154945632
1162 3.84178014121587
1162 3.84178014121587
1162 3.84178014121587
1162 0
1162 0
1162 0.63395711307655
1162 925.919606494837
1162 0
1162 0
1162 1275.40167330414
1162 1275.40167330414
1162 0
1162 0
1162 0
1162 12.5128383764935
1162 12.5128383764935
1162 12.5128383764935
1162 1.12179448984357
1172 0
1172 0.0632346390885365
1172 0.0632346390885365
1172 0.0632346390885365
1172 0.0632346390885365
1172 0
1172 4.41314664820695
1172 4.41314664820695
1172 0
1172 0
1172 0
1172 0
1172 1.49993459293404
1172 31.551428982378
1172 31.551428982378
1172 31.551428982378
1172 0.650666873850527
1172 1.43289991452426
1172 0
1172 12.5184697627577
1172 0
1172 0
1172 0
1172 0
1172 0.00555434483679663
1172 0.00555434483679663
1172 555.123154945632
1172 3.84178014121587
1172 3.84178014121587
1172 3.84178014121587
1172 0
1172 0
1172 0.63395711307655
1172 925.919606494837
1172 0
1172 0
1172 1275.40167330414
1172 1275.40167330414
1172 0
1172 0
1172 0
1172 12.5128383764935
1172 12.5128383764935
1172 12.5128383764935
1172 1.12179448984357
1171 0
1171 0.0632346390885365
1171 0.0632346390885365
1171 0.0632346390885365
1171 0.0632346390885365
1171 0
1171 4.41314664820695
1171 4.41314664820695
1171 0
1171 0
1171 0
1171 0
1171 1.49993459293404
1171 31.551428982378
1171 31.551428982378
1171 31.551428982378
1171 0.650666873850527
1171 1.43289991452426
1171 0
1171 12.5184697627577
1171 0
1171 0
1171 0
1171 0
1171 0.00555434483679663
1171 0.00555434483679663
1171 555.123154945632
1171 3.84178014121587
1171 3.84178014121587
1171 3.84178014121587
1171 0
1171 0
1171 0.63395711307655
1171 925.919606494837
1171 0
1171 0
1171 1275.40167330414
1171 1275.40167330414
1171 0
1171 0
1171 0
1171 12.5128383764935
1171 12.5128383764935
1171 12.5128383764935
1171 1.12179448984357
1221 0
1221 0.0632346390885365
1221 0.0632346390885365
1221 0.0632346390885365
1221 0.0632346390885365
1221 0
1221 4.41314664820695
1221 4.41314664820695
1221 0
1221 0
1221 0
1221 0
1221 1.49993459293404
1221 31.551428982378
1221 31.551428982378
1221 31.551428982378
1221 0.650666873850527
1221 1.43289991452426
1221 0
1221 12.5184697627577
1221 0
1221 0
1221 0
1221 0
1221 0.00555434483679663
1221 0.00555434483679663
1221 555.123154945632
1221 3.84178014121587
1221 3.84178014121587
1221 3.84178014121587
1221 0
1221 0
1221 0.63395711307655
1221 925.919606494837
1221 0
1221 0
1221 1275.40167330414
1221 1275.40167330414
1221 0
1221 0
1221 0
1221 12.5128383764935
1221 12.5128383764935
1221 12.5128383764935
1221 1.12179448984357
1224 0
1224 0.0632346390885365
1224 0.0632346390885365
1224 0.0632346390885365
1224 0.0632346390885365
1224 0
1224 4.41314664820695
1224 4.41314664820695
1224 0
1224 0
1224 0
1224 0
1224 1.49993459293404
1224 31.551428982378
1224 31.551428982378
1224 31.551428982378
1224 0.650666873850527
1224 1.43289991452426
1224 0
1224 12.5184697627577
1224 0
1224 0
1224 0
1224 0
1224 0.00555434483679663
1224 0.00555434483679663
1224 555.123154945632
1224 3.84178014121587
1224 3.84178014121587
1224 3.84178014121587
1224 0
1224 0
1224 0.63395711307655
1224 925.919606494837
1224 0
1224 0
1224 1275.40167330414
1224 1275.40167330414
1224 0
1224 0
1224 0
1224 12.5128383764935
1224 12.5128383764935
1224 12.5128383764935
1224 1.12179448984357
1236 0
1236 0.0632346390885365
1236 0.0632346390885365
1236 0.0632346390885365
1236 0.0632346390885365
1236 0
1236 4.41314664820695
1236 4.41314664820695
1236 0
1236 0
1236 0
1236 0
1236 1.49993459293404
1236 31.551428982378
1236 31.551428982378
1236 31.551428982378
1236 0.650666873850527
1236 1.43289991452426
1236 0
1236 12.5184697627577
1236 0
1236 0
1236 0
1236 0
1236 0.00555434483679663
1236 0.00555434483679663
1236 555.123154945632
1236 3.84178014121587
1236 3.84178014121587
1236 3.84178014121587
1236 0
1236 0
1236 0.63395711307655
1236 925.919606494837
1236 0
1236 0
1236 1275.40167330414
1236 1275.40167330414
1236 0
1236 0
1236 0
1236 12.5128383764935
1236 12.5128383764935
1236 12.5128383764935
1236 1.12179448984357
1235 0
1235 0.0632346390885365
1235 0.0632346390885365
1235 0.0632346390885365
1235 0.0632346390885365
1235 0
1235 4.41314664820695
1235 4.41314664820695
1235 0
1235 0
1235 0
1235 0
1235 1.49993459293404
1235 31.551428982378
1235 31.551428982378
1235 31.551428982378
1235 0.650666873850527
1235 1.43289991452426
1235 0
1235 12.5184697627577
1235 0
1235 0
1235 0
1235 0
1235 0.00555434483679663
1235 0.00555434483679663
1235 555.123154945632
1235 3.84178014121587
1235 3.84178014121587
1235 3.84178014121587
1235 0
1235 0
1235 0.63395711307655
1235 925.919606494837
1235 0
1235 0
1235 1275.40167330414
1235 1275.40167330414
1235 0
1235 0
1235 0
1235 12.5128383764935
1235 12.5128383764935
1235 12.5128383764935
1235 1.12179448984357
1234 0
1234 0.0632346390885365
1234 0.0632346390885365
1234 0.0632346390885365
1234 0.0632346390885365
1234 0
1234 4.41314664820695
1234 4.41314664820695
1234 0
1234 0
1234 0
1234 0
1234 1.49993459293404
1234 31.551428982378
1234 31.551428982378
1234 31.551428982378
1234 0.650666873850527
1234 1.43289991452426
1234 0
1234 12.5184697627577
1234 0
1234 0
1234 0
1234 0
1234 0.00555434483679663
1234 0.00555434483679663
1234 555.123154945632
1234 3.84178014121587
1234 3.84178014121587
1234 3.84178014121587
1234 0
1234 0
1234 0.63395711307655
1234 925.919606494837
1234 0
1234 0
1234 1275.40167330414
1234 1275.40167330414
1234 0
1234 0
1234 0
1234 12.5128383764935
1234 12.5128383764935
1234 12.5128383764935
1234 1.12179448984357
1233 0
1233 0.0632346390885365
1233 0.0632346390885365
1233 0.0632346390885365
1233 0.0632346390885365
1233 0
1233 4.41314664820695
1233 4.41314664820695
1233 0
1233 0
1233 0
1233 0
1233 1.49993459293404
1233 31.551428982378
1233 31.551428982378
1233 31.551428982378
1233 0.650666873850527
1233 1.43289991452426
1233 0
1233 12.5184697627577
1233 0
1233 0
1233 0
1233 0
1233 0.00555434483679663
1233 0.00555434483679663
1233 555.123154945632
1233 3.84178014121587
1233 3.84178014121587
1233 3.84178014121587
1233 0
1233 0
1233 0.63395711307655
1233 925.919606494837
1233 0
1233 0
1233 1275.40167330414
1233 1275.40167330414
1233 0
1233 0
1233 0
1233 12.5128383764935
1233 12.5128383764935
1233 12.5128383764935
1233 1.12179448984357
1282 0
1282 0.0632346390885365
1282 0.0632346390885365
1282 0.0632346390885365
1282 0.0632346390885365
1282 0
1282 4.41314664820695
1282 4.41314664820695
1282 0
1282 0
1282 0
1282 0
1282 1.49993459293404
1282 31.551428982378
1282 31.551428982378
1282 31.551428982378
1282 0.650666873850527
1282 1.43289991452426
1282 0
1282 12.5184697627577
1282 0
1282 0
1282 0
1282 0
1282 0.00555434483679663
1282 0.00555434483679663
1282 555.123154945632
1282 3.84178014121587
1282 3.84178014121587
1282 3.84178014121587
1282 0
1282 0
1282 0.63395711307655
1282 925.919606494837
1282 0
1282 0
1282 1275.40167330414
1282 1275.40167330414
1282 0
1282 0
1282 0
1282 12.5128383764935
1282 12.5128383764935
1282 12.5128383764935
1282 1.12179448984357
1285 0
1285 0.0632346390885365
1285 0.0632346390885365
1285 0.0632346390885365
1285 0.0632346390885365
1285 0
1285 4.41314664820695
1285 4.41314664820695
1285 0
1285 0
1285 0
1285 0
1285 1.49993459293404
1285 31.551428982378
1285 31.551428982378
1285 31.551428982378
1285 0.650666873850527
1285 1.43289991452426
1285 0
1285 12.5184697627577
1285 0
1285 0
1285 0
1285 0
1285 0.00555434483679663
1285 0.00555434483679663
1285 555.123154945632
1285 3.84178014121587
1285 3.84178014121587
1285 3.84178014121587
1285 0
1285 0
1285 0.63395711307655
1285 925.919606494837
1285 0
1285 0
1285 1275.40167330414
1285 1275.40167330414
1285 0
1285 0
1285 0
1285 12.5128383764935
1285 12.5128383764935
1285 12.5128383764935
1285 1.12179448984357
1286 0
1286 0.0632346390885365
1286 0.0632346390885365
1286 0.0632346390885365
1286 0.0632346390885365
1286 0
1286 4.41314664820695
1286 4.41314664820695
1286 0
1286 0
1286 0
1286 0
1286 1.49993459293404
1286 31.551428982378
1286 31.551428982378
1286 31.551428982378
1286 0.650666873850527
1286 1.43289991452426
1286 0
1286 12.5184697627577
1286 0
1286 0
1286 0
1286 0
1286 0.00555434483679663
1286 0.00555434483679663
1286 555.123154945632
1286 3.84178014121587
1286 3.84178014121587
1286 3.84178014121587
1286 0
1286 0
1286 0.63395711307655
1286 925.919606494837
1286 0
1286 0
1286 1275.40167330414
1286 1275.40167330414
1286 0
1286 0
1286 0
1286 12.5128383764935
1286 12.5128383764935
1286 12.5128383764935
1286 1.12179448984357
1302 0
1302 0.0632346390885365
1302 0.0632346390885365
1302 0.0632346390885365
1302 0.0632346390885365
1302 0
1302 4.41314664820695
1302 4.41314664820695
1302 0
1302 0
1302 0
1302 0
1302 1.49993459293404
1302 31.551428982378
1302 31.551428982378
1302 31.551428982378
1302 0.650666873850527
1302 1.43289991452426
1302 0
1302 12.5184697627577
1302 0
1302 0
1302 0
1302 0
1302 0.00555434483679663
1302 0.00555434483679663
1302 555.123154945632
1302 3.84178014121587
1302 3.84178014121587
1302 3.84178014121587
1302 0
1302 0
1302 0.63395711307655
1302 925.919606494837
1302 0
1302 0
1302 1275.40167330414
1302 1275.40167330414
1302 0
1302 0
1302 0
1302 12.5128383764935
1302 12.5128383764935
1302 12.5128383764935
1302 1.12179448984357
1301 0
1301 0.0632346390885365
1301 0.0632346390885365
1301 0.0632346390885365
1301 0.0632346390885365
1301 0
1301 4.41314664820695
1301 4.41314664820695
1301 0
1301 0
1301 0
1301 0
1301 1.49993459293404
1301 31.551428982378
1301 31.551428982378
1301 31.551428982378
1301 0.650666873850527
1301 1.43289991452426
1301 0
1301 12.5184697627577
1301 0
1301 0
1301 0
1301 0
1301 0.00555434483679663
1301 0.00555434483679663
1301 555.123154945632
1301 3.84178014121587
1301 3.84178014121587
1301 3.84178014121587
1301 0
1301 0
1301 0.63395711307655
1301 925.919606494837
1301 0
1301 0
1301 1275.40167330414
1301 1275.40167330414
1301 0
1301 0
1301 0
1301 12.5128383764935
1301 12.5128383764935
1301 12.5128383764935
1301 1.12179448984357
1293 0
1293 0.0632346390885365
1293 0.0632346390885365
1293 0.0632346390885365
1293 0.0632346390885365
1293 0
1293 4.41314664820695
1293 4.41314664820695
1293 0
1293 0
1293 0
1293 0
1293 1.49993459293404
1293 31.551428982378
1293 31.551428982378
1293 31.551428982378
1293 0.650666873850527
1293 1.43289991452426
1293 0
1293 12.5184697627577
1293 0
1293 0
1293 0
1293 0
1293 0.00555434483679663
1293 0.00555434483679663
1293 555.123154945632
1293 3.84178014121587
1293 3.84178014121587
1293 3.84178014121587
1293 0
1293 0
1293 0.63395711307655
1293 925.919606494837
1293 0
1293 0
1293 1275.40167330414
1293 1275.40167330414
1293 0
1293 0
1293 0
1293 12.5128383764935
1293 12.5128383764935
1293 12.5128383764935
1293 1.12179448984357
1295 0
1295 0.0632346390885365
1295 0.0632346390885365
1295 0.0632346390885365
1295 0.0632346390885365
1295 0
1295 4.41314664820695
1295 4.41314664820695
1295 0
1295 0
1295 0
1295 0
1295 1.49993459293404
1295 31.551428982378
1295 31.551428982378
1295 31.551428982378
1295 0.650666873850527
1295 1.43289991452426
1295 0
1295 12.5184697627577
1295 0
1295 0
1295 0
1295 0
1295 0.00555434483679663
1295 0.00555434483679663
1295 555.123154945632
1295 3.84178014121587
1295 3.84178014121587
1295 3.84178014121587
1295 0
1295 0
1295 0.63395711307655
1295 925.919606494837
1295 0
1295 0
1295 1275.40167330414
1295 1275.40167330414
1295 0
1295 0
1295 0
1295 12.5128383764935
1295 12.5128383764935
1295 12.5128383764935
1295 1.12179448984357
1348 0
1348 0.0632346390885365
1348 0.0632346390885365
1348 0.0632346390885365
1348 0.0632346390885365
1348 0
1348 4.41314664820695
1348 4.41314664820695
1348 0
1348 0
1348 0
1348 0
1348 1.49993459293404
1348 31.551428982378
1348 31.551428982378
1348 31.551428982378
1348 0.650666873850527
1348 1.43289991452426
1348 0
1348 12.5184697627577
1348 0
1348 0
1348 0
1348 0
1348 0.00555434483679663
1348 0.00555434483679663
1348 555.123154945632
1348 3.84178014121587
1348 3.84178014121587
1348 3.84178014121587
1348 0
1348 0
1348 0.63395711307655
1348 925.919606494837
1348 0
1348 0
1348 1275.40167330414
1348 1275.40167330414
1348 0
1348 0
1348 0
1348 12.5128383764935
1348 12.5128383764935
1348 12.5128383764935
1348 1.12179448984357
1350 0
1350 0.0632346390885365
1350 0.0632346390885365
1350 0.0632346390885365
1350 0.0632346390885365
1350 0
1350 4.41314664820695
1350 4.41314664820695
1350 0
1350 0
1350 0
1350 0
1350 1.49993459293404
1350 31.551428982378
1350 31.551428982378
1350 31.551428982378
1350 0.650666873850527
1350 1.43289991452426
1350 0
1350 12.5184697627577
1350 0
1350 0
1350 0
1350 0
1350 0.00555434483679663
1350 0.00555434483679663
1350 555.123154945632
1350 3.84178014121587
1350 3.84178014121587
1350 3.84178014121587
1350 0
1350 0
1350 0.63395711307655
1350 925.919606494837
1350 0
1350 0
1350 1275.40167330414
1350 1275.40167330414
1350 0
1350 0
1350 0
1350 12.5128383764935
1350 12.5128383764935
1350 12.5128383764935
1350 1.12179448984357
1351 0
1351 0.0632346390885365
1351 0.0632346390885365
1351 0.0632346390885365
1351 0.0632346390885365
1351 0
1351 4.41314664820695
1351 4.41314664820695
1351 0
1351 0
1351 0
1351 0
1351 1.49993459293404
1351 31.551428982378
1351 31.551428982378
1351 31.551428982378
1351 0.650666873850527
1351 1.43289991452426
1351 0
1351 12.5184697627577
1351 0
1351 0
1351 0
1351 0
1351 0.00555434483679663
1351 0.00555434483679663
1351 555.123154945632
1351 3.84178014121587
1351 3.84178014121587
1351 3.84178014121587
1351 0
1351 0
1351 0.63395711307655
1351 925.919606494837
1351 0
1351 0
1351 1275.40167330414
1351 1275.40167330414
1351 0
1351 0
1351 0
1351 12.5128383764935
1351 12.5128383764935
1351 12.5128383764935
1351 1.12179448984357
1370 0
1370 0.0632346390885365
1370 0.0632346390885365
1370 0.0632346390885365
1370 0.0632346390885365
1370 0
1370 4.41314664820695
1370 4.41314664820695
1370 0
1370 0
1370 0
1370 0
1370 1.49993459293404
1370 31.551428982378
1370 31.551428982378
1370 31.551428982378
1370 0.650666873850527
1370 1.43289991452426
1370 0
1370 12.5184697627577
1370 0
1370 0
1370 0
1370 0
1370 0.00555434483679663
1370 0.00555434483679663
1370 555.123154945632
1370 3.84178014121587
1370 3.84178014121587
1370 3.84178014121587
1370 0
1370 0
1370 0.63395711307655
1370 925.919606494837
1370 0
1370 0
1370 1275.40167330414
1370 1275.40167330414
1370 0
1370 0
1370 0
1370 12.5128383764935
1370 12.5128383764935
1370 12.5128383764935
1370 1.12179448984357
1369 0
1369 0.0632346390885365
1369 0.0632346390885365
1369 0.0632346390885365
1369 0.0632346390885365
1369 0
1369 4.41314664820695
1369 4.41314664820695
1369 0
1369 0
1369 0
1369 0
1369 1.49993459293404
1369 31.551428982378
1369 31.551428982378
1369 31.551428982378
1369 0.650666873850527
1369 1.43289991452426
1369 0
1369 12.5184697627577
1369 0
1369 0
1369 0
1369 0
1369 0.00555434483679663
1369 0.00555434483679663
1369 555.123154945632
1369 3.84178014121587
1369 3.84178014121587
1369 3.84178014121587
1369 0
1369 0
1369 0.63395711307655
1369 925.919606494837
1369 0
1369 0
1369 1275.40167330414
1369 1275.40167330414
1369 0
1369 0
1369 0
1369 12.5128383764935
1369 12.5128383764935
1369 12.5128383764935
1369 1.12179448984357
1368 0
1368 0.0632346390885365
1368 0.0632346390885365
1368 0.0632346390885365
1368 0.0632346390885365
1368 0
1368 4.41314664820695
1368 4.41314664820695
1368 0
1368 0
1368 0
1368 0
1368 1.49993459293404
1368 31.551428982378
1368 31.551428982378
1368 31.551428982378
1368 0.650666873850527
1368 1.43289991452426
1368 0
1368 12.5184697627577
1368 0
1368 0
1368 0
1368 0
1368 0.00555434483679663
1368 0.00555434483679663
1368 555.123154945632
1368 3.84178014121587
1368 3.84178014121587
1368 3.84178014121587
1368 0
1368 0
1368 0.63395711307655
1368 925.919606494837
1368 0
1368 0
1368 1275.40167330414
1368 1275.40167330414
1368 0
1368 0
1368 0
1368 12.5128383764935
1368 12.5128383764935
1368 12.5128383764935
1368 1.12179448984357
1367 0
1367 0.0632346390885365
1367 0.0632346390885365
1367 0.0632346390885365
1367 0.0632346390885365
1367 0
1367 4.41314664820695
1367 4.41314664820695
1367 0
1367 0
1367 0
1367 0
1367 1.49993459293404
1367 31.551428982378
1367 31.551428982378
1367 31.551428982378
1367 0.650666873850527
1367 1.43289991452426
1367 0
1367 12.5184697627577
1367 0
1367 0
1367 0
1367 0
1367 0.00555434483679663
1367 0.00555434483679663
1367 555.123154945632
1367 3.84178014121587
1367 3.84178014121587
1367 3.84178014121587
1367 0
1367 0
1367 0.63395711307655
1367 925.919606494837
1367 0
1367 0
1367 1275.40167330414
1367 1275.40167330414
1367 0
1367 0
1367 0
1367 12.5128383764935
1367 12.5128383764935
1367 12.5128383764935
1367 1.12179448984357
1448 0
1448 0.0632346390885365
1448 0.0632346390885365
1448 0.0632346390885365
1448 0.0632346390885365
1448 0
1448 4.41314664820695
1448 4.41314664820695
1448 0
1448 0
1448 0
1448 0
1448 1.49993459293404
1448 31.551428982378
1448 31.551428982378
1448 31.551428982378
1448 0.650666873850527
1448 1.43289991452426
1448 0
1448 12.5184697627577
1448 0
1448 0
1448 0
1448 0
1448 0.00555434483679663
1448 0.00555434483679663
1448 555.123154945632
1448 3.84178014121587
1448 3.84178014121587
1448 3.84178014121587
1448 0
1448 0
1448 0.63395711307655
1448 925.919606494837
1448 0
1448 0
1448 1275.40167330414
1448 1275.40167330414
1448 0
1448 0
1448 0
1448 12.5128383764935
1448 12.5128383764935
1448 12.5128383764935
1448 1.12179448984357
1412 0
1412 0.0632346390885365
1412 0.0632346390885365
1412 0.0632346390885365
1412 0.0632346390885365
1412 0
1412 4.41314664820695
1412 4.41314664820695
1412 0
1412 0
1412 0
1412 0
1412 1.49993459293404
1412 31.551428982378
1412 31.551428982378
1412 31.551428982378
1412 0.650666873850527
1412 1.43289991452426
1412 0
1412 12.5184697627577
1412 0
1412 0
1412 0
1412 0
1412 0.00555434483679663
1412 0.00555434483679663
1412 555.123154945632
1412 3.84178014121587
1412 3.84178014121587
1412 3.84178014121587
1412 0
1412 0
1412 0.63395711307655
1412 925.919606494837
1412 0
1412 0
1412 1275.40167330414
1412 1275.40167330414
1412 0
1412 0
1412 0
1412 12.5128383764935
1412 12.5128383764935
1412 12.5128383764935
1412 1.12179448984357
1413 0
1413 0.0632346390885365
1413 0.0632346390885365
1413 0.0632346390885365
1413 0.0632346390885365
1413 0
1413 4.41314664820695
1413 4.41314664820695
1413 0
1413 0
1413 0
1413 0
1413 1.49993459293404
1413 31.551428982378
1413 31.551428982378
1413 31.551428982378
1413 0.650666873850527
1413 1.43289991452426
1413 0
1413 12.5184697627577
1413 0
1413 0
1413 0
1413 0
1413 0.00555434483679663
1413 0.00555434483679663
1413 555.123154945632
1413 3.84178014121587
1413 3.84178014121587
1413 3.84178014121587
1413 0
1413 0
1413 0.63395711307655
1413 925.919606494837
1413 0
1413 0
1413 1275.40167330414
1413 1275.40167330414
1413 0
1413 0
1413 0
1413 12.5128383764935
1413 12.5128383764935
1413 12.5128383764935
1413 1.12179448984357
1414 0
1414 0.0632346390885365
1414 0.0632346390885365
1414 0.0632346390885365
1414 0.0632346390885365
1414 0
1414 4.41314664820695
1414 4.41314664820695
1414 0
1414 0
1414 0
1414 0
1414 1.49993459293404
1414 31.551428982378
1414 31.551428982378
1414 31.551428982378
1414 0.650666873850527
1414 1.43289991452426
1414 0
1414 12.5184697627577
1414 0
1414 0
1414 0
1414 0
1414 0.00555434483679663
1414 0.00555434483679663
1414 555.123154945632
1414 3.84178014121587
1414 3.84178014121587
1414 3.84178014121587
1414 0
1414 0
1414 0.63395711307655
1414 925.919606494837
1414 0
1414 0
1414 1275.40167330414
1414 1275.40167330414
1414 0
1414 0
1414 0
1414 12.5128383764935
1414 12.5128383764935
1414 12.5128383764935
1414 1.12179448984357
1415 0
1415 0.0632346390885365
1415 0.0632346390885365
1415 0.0632346390885365
1415 0.0632346390885365
1415 0
1415 4.41314664820695
1415 4.41314664820695
1415 0
1415 0
1415 0
1415 0
1415 1.49993459293404
1415 31.551428982378
1415 31.551428982378
1415 31.551428982378
1415 0.650666873850527
1415 1.43289991452426
1415 0
1415 12.5184697627577
1415 0
1415 0
1415 0
1415 0
1415 0.00555434483679663
1415 0.00555434483679663
1415 555.123154945632
1415 3.84178014121587
1415 3.84178014121587
1415 3.84178014121587
1415 0
1415 0
1415 0.63395711307655
1415 925.919606494837
1415 0
1415 0
1415 1275.40167330414
1415 1275.40167330414
1415 0
1415 0
1415 0
1415 12.5128383764935
1415 12.5128383764935
1415 12.5128383764935
1415 1.12179448984357
1416 0
1416 0.0632346390885365
1416 0.0632346390885365
1416 0.0632346390885365
1416 0.0632346390885365
1416 0
1416 4.41314664820695
1416 4.41314664820695
1416 0
1416 0
1416 0
1416 0
1416 1.49993459293404
1416 31.551428982378
1416 31.551428982378
1416 31.551428982378
1416 0.650666873850527
1416 1.43289991452426
1416 0
1416 12.5184697627577
1416 0
1416 0
1416 0
1416 0
1416 0.00555434483679663
1416 0.00555434483679663
1416 555.123154945632
1416 3.84178014121587
1416 3.84178014121587
1416 3.84178014121587
1416 0
1416 0
1416 0.63395711307655
1416 925.919606494837
1416 0
1416 0
1416 1275.40167330414
1416 1275.40167330414
1416 0
1416 0
1416 0
1416 12.5128383764935
1416 12.5128383764935
1416 12.5128383764935
1416 1.12179448984357
1417 0
1417 0.0632346390885365
1417 0.0632346390885365
1417 0.0632346390885365
1417 0.0632346390885365
1417 0
1417 4.41314664820695
1417 4.41314664820695
1417 0
1417 0
1417 0
1417 0
1417 1.49993459293404
1417 31.551428982378
1417 31.551428982378
1417 31.551428982378
1417 0.650666873850527
1417 1.43289991452426
1417 0
1417 12.5184697627577
1417 0
1417 0
1417 0
1417 0
1417 0.00555434483679663
1417 0.00555434483679663
1417 555.123154945632
1417 3.84178014121587
1417 3.84178014121587
1417 3.84178014121587
1417 0
1417 0
1417 0.63395711307655
1417 925.919606494837
1417 0
1417 0
1417 1275.40167330414
1417 1275.40167330414
1417 0
1417 0
1417 0
1417 12.5128383764935
1417 12.5128383764935
1417 12.5128383764935
1417 1.12179448984357
1435 0
1435 0.0632346390885365
1435 0.0632346390885365
1435 0.0632346390885365
1435 0.0632346390885365
1435 0
1435 4.41314664820695
1435 4.41314664820695
1435 0
1435 0
1435 0
1435 0
1435 1.49993459293404
1435 31.551428982378
1435 31.551428982378
1435 31.551428982378
1435 0.650666873850527
1435 1.43289991452426
1435 0
1435 12.5184697627577
1435 0
1435 0
1435 0
1435 0
1435 0.00555434483679663
1435 0.00555434483679663
1435 555.123154945632
1435 3.84178014121587
1435 3.84178014121587
1435 3.84178014121587
1435 0
1435 0
1435 0.63395711307655
1435 925.919606494837
1435 0
1435 0
1435 1275.40167330414
1435 1275.40167330414
1435 0
1435 0
1435 0
1435 12.5128383764935
1435 12.5128383764935
1435 12.5128383764935
1435 1.12179448984357
1434 0
1434 0.0632346390885365
1434 0.0632346390885365
1434 0.0632346390885365
1434 0.0632346390885365
1434 0
1434 4.41314664820695
1434 4.41314664820695
1434 0
1434 0
1434 0
1434 0
1434 1.49993459293404
1434 31.551428982378
1434 31.551428982378
1434 31.551428982378
1434 0.650666873850527
1434 1.43289991452426
1434 0
1434 12.5184697627577
1434 0
1434 0
1434 0
1434 0
1434 0.00555434483679663
1434 0.00555434483679663
1434 555.123154945632
1434 3.84178014121587
1434 3.84178014121587
1434 3.84178014121587
1434 0
1434 0
1434 0.63395711307655
1434 925.919606494837
1434 0
1434 0
1434 1275.40167330414
1434 1275.40167330414
1434 0
1434 0
1434 0
1434 12.5128383764935
1434 12.5128383764935
1434 12.5128383764935
1434 1.12179448984357
1433 0
1433 0.0632346390885365
1433 0.0632346390885365
1433 0.0632346390885365
1433 0.0632346390885365
1433 0
1433 4.41314664820695
1433 4.41314664820695
1433 0
1433 0
1433 0
1433 0
1433 1.49993459293404
1433 31.551428982378
1433 31.551428982378
1433 31.551428982378
1433 0.650666873850527
1433 1.43289991452426
1433 0
1433 12.5184697627577
1433 0
1433 0
1433 0
1433 0
1433 0.00555434483679663
1433 0.00555434483679663
1433 555.123154945632
1433 3.84178014121587
1433 3.84178014121587
1433 3.84178014121587
1433 0
1433 0
1433 0.63395711307655
1433 925.919606494837
1433 0
1433 0
1433 1275.40167330414
1433 1275.40167330414
1433 0
1433 0
1433 0
1433 12.5128383764935
1433 12.5128383764935
1433 12.5128383764935
1433 1.12179448984357
1478 0
1478 0.0632346390885365
1478 0.0632346390885365
1478 0.0632346390885365
1478 0.0632346390885365
1478 0
1478 4.41314664820695
1478 4.41314664820695
1478 0
1478 0
1478 0
1478 0
1478 1.49993459293404
1478 31.551428982378
1478 31.551428982378
1478 31.551428982378
1478 0.650666873850527
1478 1.43289991452426
1478 0
1478 12.5184697627577
1478 0
1478 0
1478 0
1478 0
1478 0.00555434483679663
1478 0.00555434483679663
1478 555.123154945632
1478 3.84178014121587
1478 3.84178014121587
1478 3.84178014121587
1478 0
1478 0
1478 0.63395711307655
1478 925.919606494837
1478 0
1478 0
1478 1275.40167330414
1478 1275.40167330414
1478 0
1478 0
1478 0
1478 12.5128383764935
1478 12.5128383764935
1478 12.5128383764935
1478 1.12179448984357
1483 0
1483 0.0632346390885365
1483 0.0632346390885365
1483 0.0632346390885365
1483 0.0632346390885365
1483 0
1483 4.41314664820695
1483 4.41314664820695
1483 0
1483 0
1483 0
1483 0
1483 1.49993459293404
1483 31.551428982378
1483 31.551428982378
1483 31.551428982378
1483 0.650666873850527
1483 1.43289991452426
1483 0
1483 12.5184697627577
1483 0
1483 0
1483 0
1483 0
1483 0.00555434483679663
1483 0.00555434483679663
1483 555.123154945632
1483 3.84178014121587
1483 3.84178014121587
1483 3.84178014121587
1483 0
1483 0
1483 0.63395711307655
1483 925.919606494837
1483 0
1483 0
1483 1275.40167330414
1483 1275.40167330414
1483 0
1483 0
1483 0
1483 12.5128383764935
1483 12.5128383764935
1483 12.5128383764935
1483 1.12179448984357
1484 0
1484 0.0632346390885365
1484 0.0632346390885365
1484 0.0632346390885365
1484 0.0632346390885365
1484 0
1484 4.41314664820695
1484 4.41314664820695
1484 0
1484 0
1484 0
1484 0
1484 1.49993459293404
1484 31.551428982378
1484 31.551428982378
1484 31.551428982378
1484 0.650666873850527
1484 1.43289991452426
1484 0
1484 12.5184697627577
1484 0
1484 0
1484 0
1484 0
1484 0.00555434483679663
1484 0.00555434483679663
1484 555.123154945632
1484 3.84178014121587
1484 3.84178014121587
1484 3.84178014121587
1484 0
1484 0
1484 0.63395711307655
1484 925.919606494837
1484 0
1484 0
1484 1275.40167330414
1484 1275.40167330414
1484 0
1484 0
1484 0
1484 12.5128383764935
1484 12.5128383764935
1484 12.5128383764935
1484 1.12179448984357
1493 0
1493 0.0632346390885365
1493 0.0632346390885365
1493 0.0632346390885365
1493 0.0632346390885365
1493 0
1493 4.41314664820695
1493 4.41314664820695
1493 0
1493 0
1493 0
1493 0
1493 1.49993459293404
1493 31.551428982378
1493 31.551428982378
1493 31.551428982378
1493 0.650666873850527
1493 1.43289991452426
1493 0
1493 12.5184697627577
1493 0
1493 0
1493 0
1493 0
1493 0.00555434483679663
1493 0.00555434483679663
1493 555.123154945632
1493 3.84178014121587
1493 3.84178014121587
1493 3.84178014121587
1493 0
1493 0
1493 0.63395711307655
1493 925.919606494837
1493 0
1493 0
1493 1275.40167330414
1493 1275.40167330414
1493 0
1493 0
1493 0
1493 12.5128383764935
1493 12.5128383764935
1493 12.5128383764935
1493 1.12179448984357
1499 0
1499 0.0632346390885365
1499 0.0632346390885365
1499 0.0632346390885365
1499 0.0632346390885365
1499 0
1499 4.41314664820695
1499 4.41314664820695
1499 0
1499 0
1499 0
1499 0
1499 1.49993459293404
1499 31.551428982378
1499 31.551428982378
1499 31.551428982378
1499 0.650666873850527
1499 1.43289991452426
1499 0
1499 12.5184697627577
1499 0
1499 0
1499 0
1499 0
1499 0.00555434483679663
1499 0.00555434483679663
1499 555.123154945632
1499 3.84178014121587
1499 3.84178014121587
1499 3.84178014121587
1499 0
1499 0
1499 0.63395711307655
1499 925.919606494837
1499 0
1499 0
1499 1275.40167330414
1499 1275.40167330414
1499 0
1499 0
1499 0
1499 12.5128383764935
1499 12.5128383764935
1499 12.5128383764935
1499 1.12179448984357
1496 0
1496 0.0632346390885365
1496 0.0632346390885365
1496 0.0632346390885365
1496 0.0632346390885365
1496 0
1496 4.41314664820695
1496 4.41314664820695
1496 0
1496 0
1496 0
1496 0
1496 1.49993459293404
1496 31.551428982378
1496 31.551428982378
1496 31.551428982378
1496 0.650666873850527
1496 1.43289991452426
1496 0
1496 12.5184697627577
1496 0
1496 0
1496 0
1496 0
1496 0.00555434483679663
1496 0.00555434483679663
1496 555.123154945632
1496 3.84178014121587
1496 3.84178014121587
1496 3.84178014121587
1496 0
1496 0
1496 0.63395711307655
1496 925.919606494837
1496 0
1496 0
1496 1275.40167330414
1496 1275.40167330414
1496 0
1496 0
1496 0
1496 12.5128383764935
1496 12.5128383764935
1496 12.5128383764935
1496 1.12179448984357
1498 0
1498 0.0632346390885365
1498 0.0632346390885365
1498 0.0632346390885365
1498 0.0632346390885365
1498 0
1498 4.41314664820695
1498 4.41314664820695
1498 0
1498 0
1498 0
1498 0
1498 1.49993459293404
1498 31.551428982378
1498 31.551428982378
1498 31.551428982378
1498 0.650666873850527
1498 1.43289991452426
1498 0
1498 12.5184697627577
1498 0
1498 0
1498 0
1498 0
1498 0.00555434483679663
1498 0.00555434483679663
1498 555.123154945632
1498 3.84178014121587
1498 3.84178014121587
1498 3.84178014121587
1498 0
1498 0
1498 0.63395711307655
1498 925.919606494837
1498 0
1498 0
1498 1275.40167330414
1498 1275.40167330414
1498 0
1498 0
1498 0
1498 12.5128383764935
1498 12.5128383764935
1498 12.5128383764935
1498 1.12179448984357
1497 0
1497 0.0632346390885365
1497 0.0632346390885365
1497 0.0632346390885365
1497 0.0632346390885365
1497 0
1497 4.41314664820695
1497 4.41314664820695
1497 0
1497 0
1497 0
1497 0
1497 1.49993459293404
1497 31.551428982378
1497 31.551428982378
1497 31.551428982378
1497 0.650666873850527
1497 1.43289991452426
1497 0
1497 12.5184697627577
1497 0
1497 0
1497 0
1497 0
1497 0.00555434483679663
1497 0.00555434483679663
1497 555.123154945632
1497 3.84178014121587
1497 3.84178014121587
1497 3.84178014121587
1497 0
1497 0
1497 0.63395711307655
1497 925.919606494837
1497 0
1497 0
1497 1275.40167330414
1497 1275.40167330414
1497 0
1497 0
1497 0
1497 12.5128383764935
1497 12.5128383764935
1497 12.5128383764935
1497 1.12179448984357
1577 0
1577 0.0632346390885365
1577 0.0632346390885365
1577 0.0632346390885365
1577 0.0632346390885365
1577 0
1577 4.41314664820695
1577 4.41314664820695
1577 0
1577 0
1577 0
1577 0
1577 1.49993459293404
1577 31.551428982378
1577 31.551428982378
1577 31.551428982378
1577 0.650666873850527
1577 1.43289991452426
1577 0
1577 12.5184697627577
1577 0
1577 0
1577 0
1577 0
1577 0.00555434483679663
1577 0.00555434483679663
1577 555.123154945632
1577 3.84178014121587
1577 3.84178014121587
1577 3.84178014121587
1577 0
1577 0
1577 0.63395711307655
1577 925.919606494837
1577 0
1577 0
1577 1275.40167330414
1577 1275.40167330414
1577 0
1577 0
1577 0
1577 12.5128383764935
1577 12.5128383764935
1577 12.5128383764935
1577 1.12179448984357
1568 0
1568 0.0632346390885365
1568 0.0632346390885365
1568 0.0632346390885365
1568 0.0632346390885365
1568 0
1568 4.41314664820695
1568 4.41314664820695
1568 0
1568 0
1568 0
1568 0
1568 1.49993459293404
1568 31.551428982378
1568 31.551428982378
1568 31.551428982378
1568 0.650666873850527
1568 1.43289991452426
1568 0
1568 12.5184697627577
1568 0
1568 0
1568 0
1568 0
1568 0.00555434483679663
1568 0.00555434483679663
1568 555.123154945632
1568 3.84178014121587
1568 3.84178014121587
1568 3.84178014121587
1568 0
1568 0
1568 0.63395711307655
1568 925.919606494837
1568 0
1568 0
1568 1275.40167330414
1568 1275.40167330414
1568 0
1568 0
1568 0
1568 12.5128383764935
1568 12.5128383764935
1568 12.5128383764935
1568 1.12179448984357
1569 0
1569 0.0632346390885365
1569 0.0632346390885365
1569 0.0632346390885365
1569 0.0632346390885365
1569 0
1569 4.41314664820695
1569 4.41314664820695
1569 0
1569 0
1569 0
1569 0
1569 1.49993459293404
1569 31.551428982378
1569 31.551428982378
1569 31.551428982378
1569 0.650666873850527
1569 1.43289991452426
1569 0
1569 12.5184697627577
1569 0
1569 0
1569 0
1569 0
1569 0.00555434483679663
1569 0.00555434483679663
1569 555.123154945632
1569 3.84178014121587
1569 3.84178014121587
1569 3.84178014121587
1569 0
1569 0
1569 0.63395711307655
1569 925.919606494837
1569 0
1569 0
1569 1275.40167330414
1569 1275.40167330414
1569 0
1569 0
1569 0
1569 12.5128383764935
1569 12.5128383764935
1569 12.5128383764935
1569 1.12179448984357
1629 0
1629 0.0632346390885365
1629 0.0632346390885365
1629 0.0632346390885365
1629 0.0632346390885365
1629 0
1629 4.41314664820695
1629 4.41314664820695
1629 0
1629 0
1629 0
1629 0
1629 1.49993459293404
1629 31.551428982378
1629 31.551428982378
1629 31.551428982378
1629 0.650666873850527
1629 1.43289991452426
1629 0
1629 12.5184697627577
1629 0
1629 0
1629 0
1629 0
1629 0.00555434483679663
1629 0.00555434483679663
1629 555.123154945632
1629 3.84178014121587
1629 3.84178014121587
1629 3.84178014121587
1629 0
1629 0
1629 0.63395711307655
1629 925.919606494837
1629 0
1629 0
1629 1275.40167330414
1629 1275.40167330414
1629 0
1629 0
1629 0
1629 12.5128383764935
1629 12.5128383764935
1629 12.5128383764935
1629 1.12179448984357
1647 0
1647 0.0632346390885365
1647 0.0632346390885365
1647 0.0632346390885365
1647 0.0632346390885365
1647 0
1647 4.41314664820695
1647 4.41314664820695
1647 0
1647 0
1647 0
1647 0
1647 1.49993459293404
1647 31.551428982378
1647 31.551428982378
1647 31.551428982378
1647 0.650666873850527
1647 1.43289991452426
1647 0
1647 12.5184697627577
1647 0
1647 0
1647 0
1647 0
1647 0.00555434483679663
1647 0.00555434483679663
1647 555.123154945632
1647 3.84178014121587
1647 3.84178014121587
1647 3.84178014121587
1647 0
1647 0
1647 0.63395711307655
1647 925.919606494837
1647 0
1647 0
1647 1275.40167330414
1647 1275.40167330414
1647 0
1647 0
1647 0
1647 12.5128383764935
1647 12.5128383764935
1647 12.5128383764935
1647 1.12179448984357
1644 0
1644 0.0632346390885365
1644 0.0632346390885365
1644 0.0632346390885365
1644 0.0632346390885365
1644 0
1644 4.41314664820695
1644 4.41314664820695
1644 0
1644 0
1644 0
1644 0
1644 1.49993459293404
1644 31.551428982378
1644 31.551428982378
1644 31.551428982378
1644 0.650666873850527
1644 1.43289991452426
1644 0
1644 12.5184697627577
1644 0
1644 0
1644 0
1644 0
1644 0.00555434483679663
1644 0.00555434483679663
1644 555.123154945632
1644 3.84178014121587
1644 3.84178014121587
1644 3.84178014121587
1644 0
1644 0
1644 0.63395711307655
1644 925.919606494837
1644 0
1644 0
1644 1275.40167330414
1644 1275.40167330414
1644 0
1644 0
1644 0
1644 12.5128383764935
1644 12.5128383764935
1644 12.5128383764935
1644 1.12179448984357
1643 0
1643 0.0632346390885365
1643 0.0632346390885365
1643 0.0632346390885365
1643 0.0632346390885365
1643 0
1643 4.41314664820695
1643 4.41314664820695
1643 0
1643 0
1643 0
1643 0
1643 1.49993459293404
1643 31.551428982378
1643 31.551428982378
1643 31.551428982378
1643 0.650666873850527
1643 1.43289991452426
1643 0
1643 12.5184697627577
1643 0
1643 0
1643 0
1643 0
1643 0.00555434483679663
1643 0.00555434483679663
1643 555.123154945632
1643 3.84178014121587
1643 3.84178014121587
1643 3.84178014121587
1643 0
1643 0
1643 0.63395711307655
1643 925.919606494837
1643 0
1643 0
1643 1275.40167330414
1643 1275.40167330414
1643 0
1643 0
1643 0
1643 12.5128383764935
1643 12.5128383764935
1643 12.5128383764935
1643 1.12179448984357
1638 0
1638 0.0632346390885365
1638 0.0632346390885365
1638 0.0632346390885365
1638 0.0632346390885365
1638 0
1638 4.41314664820695
1638 4.41314664820695
1638 0
1638 0
1638 0
1638 0
1638 1.49993459293404
1638 31.551428982378
1638 31.551428982378
1638 31.551428982378
1638 0.650666873850527
1638 1.43289991452426
1638 0
1638 12.5184697627577
1638 0
1638 0
1638 0
1638 0
1638 0.00555434483679663
1638 0.00555434483679663
1638 555.123154945632
1638 3.84178014121587
1638 3.84178014121587
1638 3.84178014121587
1638 0
1638 0
1638 0.63395711307655
1638 925.919606494837
1638 0
1638 0
1638 1275.40167330414
1638 1275.40167330414
1638 0
1638 0
1638 0
1638 12.5128383764935
1638 12.5128383764935
1638 12.5128383764935
1638 1.12179448984357
1736 0
1736 0.0632346390885365
1736 0.0632346390885365
1736 0.0632346390885365
1736 0.0632346390885365
1736 0
1736 4.41314664820695
1736 4.41314664820695
1736 0
1736 0
1736 0
1736 0
1736 1.49993459293404
1736 31.551428982378
1736 31.551428982378
1736 31.551428982378
1736 0.650666873850527
1736 1.43289991452426
1736 0
1736 12.5184697627577
1736 0
1736 0
1736 0
1736 0
1736 0.00555434483679663
1736 0.00555434483679663
1736 555.123154945632
1736 3.84178014121587
1736 3.84178014121587
1736 3.84178014121587
1736 0
1736 0
1736 0.63395711307655
1736 925.919606494837
1736 0
1736 0
1736 1275.40167330414
1736 1275.40167330414
1736 0
1736 0
1736 0
1736 12.5128383764935
1736 12.5128383764935
1736 12.5128383764935
1736 1.12179448984357
1696 0
1696 0.0632346390885365
1696 0.0632346390885365
1696 0.0632346390885365
1696 0.0632346390885365
1696 0
1696 4.41314664820695
1696 4.41314664820695
1696 0
1696 0
1696 0
1696 0
1696 1.49993459293404
1696 31.551428982378
1696 31.551428982378
1696 31.551428982378
1696 0.650666873850527
1696 1.43289991452426
1696 0
1696 12.5184697627577
1696 0
1696 0
1696 0
1696 0
1696 0.00555434483679663
1696 0.00555434483679663
1696 555.123154945632
1696 3.84178014121587
1696 3.84178014121587
1696 3.84178014121587
1696 0
1696 0
1696 0.63395711307655
1696 925.919606494837
1696 0
1696 0
1696 1275.40167330414
1696 1275.40167330414
1696 0
1696 0
1696 0
1696 12.5128383764935
1696 12.5128383764935
1696 12.5128383764935
1696 1.12179448984357
1698 0
1698 0.0632346390885365
1698 0.0632346390885365
1698 0.0632346390885365
1698 0.0632346390885365
1698 0
1698 4.41314664820695
1698 4.41314664820695
1698 0
1698 0
1698 0
1698 0
1698 1.49993459293404
1698 31.551428982378
1698 31.551428982378
1698 31.551428982378
1698 0.650666873850527
1698 1.43289991452426
1698 0
1698 12.5184697627577
1698 0
1698 0
1698 0
1698 0
1698 0.00555434483679663
1698 0.00555434483679663
1698 555.123154945632
1698 3.84178014121587
1698 3.84178014121587
1698 3.84178014121587
1698 0
1698 0
1698 0.63395711307655
1698 925.919606494837
1698 0
1698 0
1698 1275.40167330414
1698 1275.40167330414
1698 0
1698 0
1698 0
1698 12.5128383764935
1698 12.5128383764935
1698 12.5128383764935
1698 1.12179448984357
1718 0
1718 0.0632346390885365
1718 0.0632346390885365
1718 0.0632346390885365
1718 0.0632346390885365
1718 0
1718 4.41314664820695
1718 4.41314664820695
1718 0
1718 0
1718 0
1718 0
1718 1.49993459293404
1718 31.551428982378
1718 31.551428982378
1718 31.551428982378
1718 0.650666873850527
1718 1.43289991452426
1718 0
1718 12.5184697627577
1718 0
1718 0
1718 0
1718 0
1718 0.00555434483679663
1718 0.00555434483679663
1718 555.123154945632
1718 3.84178014121587
1718 3.84178014121587
1718 3.84178014121587
1718 0
1718 0
1718 0.63395711307655
1718 925.919606494837
1718 0
1718 0
1718 1275.40167330414
1718 1275.40167330414
1718 0
1718 0
1718 0
1718 12.5128383764935
1718 12.5128383764935
1718 12.5128383764935
1718 1.12179448984357
1708 0
1708 0.0632346390885365
1708 0.0632346390885365
1708 0.0632346390885365
1708 0.0632346390885365
1708 0
1708 4.41314664820695
1708 4.41314664820695
1708 0
1708 0
1708 0
1708 0
1708 1.49993459293404
1708 31.551428982378
1708 31.551428982378
1708 31.551428982378
1708 0.650666873850527
1708 1.43289991452426
1708 0
1708 12.5184697627577
1708 0
1708 0
1708 0
1708 0
1708 0.00555434483679663
1708 0.00555434483679663
1708 555.123154945632
1708 3.84178014121587
1708 3.84178014121587
1708 3.84178014121587
1708 0
1708 0
1708 0.63395711307655
1708 925.919606494837
1708 0
1708 0
1708 1275.40167330414
1708 1275.40167330414
1708 0
1708 0
1708 0
1708 12.5128383764935
1708 12.5128383764935
1708 12.5128383764935
1708 1.12179448984357
1709 0
1709 0.0632346390885365
1709 0.0632346390885365
1709 0.0632346390885365
1709 0.0632346390885365
1709 0
1709 4.41314664820695
1709 4.41314664820695
1709 0
1709 0
1709 0
1709 0
1709 1.49993459293404
1709 31.551428982378
1709 31.551428982378
1709 31.551428982378
1709 0.650666873850527
1709 1.43289991452426
1709 0
1709 12.5184697627577
1709 0
1709 0
1709 0
1709 0
1709 0.00555434483679663
1709 0.00555434483679663
1709 555.123154945632
1709 3.84178014121587
1709 3.84178014121587
1709 3.84178014121587
1709 0
1709 0
1709 0.63395711307655
1709 925.919606494837
1709 0
1709 0
1709 1275.40167330414
1709 1275.40167330414
1709 0
1709 0
1709 0
1709 12.5128383764935
1709 12.5128383764935
1709 12.5128383764935
1709 1.12179448984357
1797 0
1797 0.0632346390885365
1797 0.0632346390885365
1797 0.0632346390885365
1797 0.0632346390885365
1797 0
1797 4.41314664820695
1797 4.41314664820695
1797 0
1797 0
1797 0
1797 0
1797 1.49993459293404
1797 31.551428982378
1797 31.551428982378
1797 31.551428982378
1797 0.650666873850527
1797 1.43289991452426
1797 0
1797 12.5184697627577
1797 0
1797 0
1797 0
1797 0
1797 0.00555434483679663
1797 0.00555434483679663
1797 555.123154945632
1797 3.84178014121587
1797 3.84178014121587
1797 3.84178014121587
1797 0
1797 0
1797 0.63395711307655
1797 925.919606494837
1797 0
1797 0
1797 1275.40167330414
1797 1275.40167330414
1797 0
1797 0
1797 0
1797 12.5128383764935
1797 12.5128383764935
1797 12.5128383764935
1797 1.12179448984357
1770 0
1770 0.0632346390885365
1770 0.0632346390885365
1770 0.0632346390885365
1770 0.0632346390885365
1770 0
1770 4.41314664820695
1770 4.41314664820695
1770 0
1770 0
1770 0
1770 0
1770 1.49993459293404
1770 31.551428982378
1770 31.551428982378
1770 31.551428982378
1770 0.650666873850527
1770 1.43289991452426
1770 0
1770 12.5184697627577
1770 0
1770 0
1770 0
1770 0
1770 0.00555434483679663
1770 0.00555434483679663
1770 555.123154945632
1770 3.84178014121587
1770 3.84178014121587
1770 3.84178014121587
1770 0
1770 0
1770 0.63395711307655
1770 925.919606494837
1770 0
1770 0
1770 1275.40167330414
1770 1275.40167330414
1770 0
1770 0
1770 0
1770 12.5128383764935
1770 12.5128383764935
1770 12.5128383764935
1770 1.12179448984357
1774 0
1774 0.0632346390885365
1774 0.0632346390885365
1774 0.0632346390885365
1774 0.0632346390885365
1774 0
1774 4.41314664820695
1774 4.41314664820695
1774 0
1774 0
1774 0
1774 0
1774 1.49993459293404
1774 31.551428982378
1774 31.551428982378
1774 31.551428982378
1774 0.650666873850527
1774 1.43289991452426
1774 0
1774 12.5184697627577
1774 0
1774 0
1774 0
1774 0
1774 0.00555434483679663
1774 0.00555434483679663
1774 555.123154945632
1774 3.84178014121587
1774 3.84178014121587
1774 3.84178014121587
1774 0
1774 0
1774 0.63395711307655
1774 925.919606494837
1774 0
1774 0
1774 1275.40167330414
1774 1275.40167330414
1774 0
1774 0
1774 0
1774 12.5128383764935
1774 12.5128383764935
1774 12.5128383764935
1774 1.12179448984357
1868 0
1868 0.0632346390885365
1868 0.0632346390885365
1868 0.0632346390885365
1868 0.0632346390885365
1868 0
1868 4.41314664820695
1868 4.41314664820695
1868 0
1868 0
1868 0
1868 0
1868 1.49993459293404
1868 31.551428982378
1868 31.551428982378
1868 31.551428982378
1868 0.650666873850527
1868 1.43289991452426
1868 0
1868 12.5184697627577
1868 0
1868 0
1868 0
1868 0
1868 0.00555434483679663
1868 0.00555434483679663
1868 555.123154945632
1868 3.84178014121587
1868 3.84178014121587
1868 3.84178014121587
1868 0
1868 0
1868 0.63395711307655
1868 925.919606494837
1868 0
1868 0
1868 1275.40167330414
1868 1275.40167330414
1868 0
1868 0
1868 0
1868 12.5128383764935
1868 12.5128383764935
1868 12.5128383764935
1868 1.12179448984357
1857 0
1857 0.0632346390885365
1857 0.0632346390885365
1857 0.0632346390885365
1857 0.0632346390885365
1857 0
1857 4.41314664820695
1857 4.41314664820695
1857 0
1857 0
1857 0
1857 0
1857 1.49993459293404
1857 31.551428982378
1857 31.551428982378
1857 31.551428982378
1857 0.650666873850527
1857 1.43289991452426
1857 0
1857 12.5184697627577
1857 0
1857 0
1857 0
1857 0
1857 0.00555434483679663
1857 0.00555434483679663
1857 555.123154945632
1857 3.84178014121587
1857 3.84178014121587
1857 3.84178014121587
1857 0
1857 0
1857 0.63395711307655
1857 925.919606494837
1857 0
1857 0
1857 1275.40167330414
1857 1275.40167330414
1857 0
1857 0
1857 0
1857 12.5128383764935
1857 12.5128383764935
1857 12.5128383764935
1857 1.12179448984357
1936 0
1936 0.0632346390885365
1936 0.0632346390885365
1936 0.0632346390885365
1936 0.0632346390885365
1936 0
1936 4.41314664820695
1936 4.41314664820695
1936 0
1936 0
1936 0
1936 0
1936 1.49993459293404
1936 31.551428982378
1936 31.551428982378
1936 31.551428982378
1936 0.650666873850527
1936 1.43289991452426
1936 0
1936 12.5184697627577
1936 0
1936 0
1936 0
1936 0
1936 0.00555434483679663
1936 0.00555434483679663
1936 555.123154945632
1936 3.84178014121587
1936 3.84178014121587
1936 3.84178014121587
1936 0
1936 0
1936 0.63395711307655
1936 925.919606494837
1936 0
1936 0
1936 1275.40167330414
1936 1275.40167330414
1936 0
1936 0
1936 0
1936 12.5128383764935
1936 12.5128383764935
1936 12.5128383764935
1936 1.12179448984357
1941 0
1941 0.0632346390885365
1941 0.0632346390885365
1941 0.0632346390885365
1941 0.0632346390885365
1941 0
1941 4.41314664820695
1941 4.41314664820695
1941 0
1941 0
1941 0
1941 0
1941 1.49993459293404
1941 31.551428982378
1941 31.551428982378
1941 31.551428982378
1941 0.650666873850527
1941 1.43289991452426
1941 0
1941 12.5184697627577
1941 0
1941 0
1941 0
1941 0
1941 0.00555434483679663
1941 0.00555434483679663
1941 555.123154945632
1941 3.84178014121587
1941 3.84178014121587
1941 3.84178014121587
1941 0
1941 0
1941 0.63395711307655
1941 925.919606494837
1941 0
1941 0
1941 1275.40167330414
1941 1275.40167330414
1941 0
1941 0
1941 0
1941 12.5128383764935
1941 12.5128383764935
1941 12.5128383764935
1941 1.12179448984357
1938 0
1938 0.0632346390885365
1938 0.0632346390885365
1938 0.0632346390885365
1938 0.0632346390885365
1938 0
1938 4.41314664820695
1938 4.41314664820695
1938 0
1938 0
1938 0
1938 0
1938 1.49993459293404
1938 31.551428982378
1938 31.551428982378
1938 31.551428982378
1938 0.650666873850527
1938 1.43289991452426
1938 0
1938 12.5184697627577
1938 0
1938 0
1938 0
1938 0
1938 0.00555434483679663
1938 0.00555434483679663
1938 555.123154945632
1938 3.84178014121587
1938 3.84178014121587
1938 3.84178014121587
1938 0
1938 0
1938 0.63395711307655
1938 925.919606494837
1938 0
1938 0
1938 1275.40167330414
1938 1275.40167330414
1938 0
1938 0
1938 0
1938 12.5128383764935
1938 12.5128383764935
1938 12.5128383764935
1938 1.12179448984357
2043 0
2043 0.0632346390885365
2043 0.0632346390885365
2043 0.0632346390885365
2043 0.0632346390885365
2043 0
2043 4.41314664820695
2043 4.41314664820695
2043 0
2043 0
2043 0
2043 0
2043 1.49993459293404
2043 31.551428982378
2043 31.551428982378
2043 31.551428982378
2043 0.650666873850527
2043 1.43289991452426
2043 0
2043 12.5184697627577
2043 0
2043 0
2043 0
2043 0
2043 0.00555434483679663
2043 0.00555434483679663
2043 555.123154945632
2043 3.84178014121587
2043 3.84178014121587
2043 3.84178014121587
2043 0
2043 0
2043 0.63395711307655
2043 925.919606494837
2043 0
2043 0
2043 1275.40167330414
2043 1275.40167330414
2043 0
2043 0
2043 0
2043 12.5128383764935
2043 12.5128383764935
2043 12.5128383764935
2043 1.12179448984357
2016 0
2016 0.0632346390885365
2016 0.0632346390885365
2016 0.0632346390885365
2016 0.0632346390885365
2016 0
2016 4.41314664820695
2016 4.41314664820695
2016 0
2016 0
2016 0
2016 0
2016 1.49993459293404
2016 31.551428982378
2016 31.551428982378
2016 31.551428982378
2016 0.650666873850527
2016 1.43289991452426
2016 0
2016 12.5184697627577
2016 0
2016 0
2016 0
2016 0
2016 0.00555434483679663
2016 0.00555434483679663
2016 555.123154945632
2016 3.84178014121587
2016 3.84178014121587
2016 3.84178014121587
2016 0
2016 0
2016 0.63395711307655
2016 925.919606494837
2016 0
2016 0
2016 1275.40167330414
2016 1275.40167330414
2016 0
2016 0
2016 0
2016 12.5128383764935
2016 12.5128383764935
2016 12.5128383764935
2016 1.12179448984357
2017 0
2017 0.0632346390885365
2017 0.0632346390885365
2017 0.0632346390885365
2017 0.0632346390885365
2017 0
2017 4.41314664820695
2017 4.41314664820695
2017 0
2017 0
2017 0
2017 0
2017 1.49993459293404
2017 31.551428982378
2017 31.551428982378
2017 31.551428982378
2017 0.650666873850527
2017 1.43289991452426
2017 0
2017 12.5184697627577
2017 0
2017 0
2017 0
2017 0
2017 0.00555434483679663
2017 0.00555434483679663
2017 555.123154945632
2017 3.84178014121587
2017 3.84178014121587
2017 3.84178014121587
2017 0
2017 0
2017 0.63395711307655
2017 925.919606494837
2017 0
2017 0
2017 1275.40167330414
2017 1275.40167330414
2017 0
2017 0
2017 0
2017 12.5128383764935
2017 12.5128383764935
2017 12.5128383764935
2017 1.12179448984357
2020 0
2020 0.0632346390885365
2020 0.0632346390885365
2020 0.0632346390885365
2020 0.0632346390885365
2020 0
2020 4.41314664820695
2020 4.41314664820695
2020 0
2020 0
2020 0
2020 0
2020 1.49993459293404
2020 31.551428982378
2020 31.551428982378
2020 31.551428982378
2020 0.650666873850527
2020 1.43289991452426
2020 0
2020 12.5184697627577
2020 0
2020 0
2020 0
2020 0
2020 0.00555434483679663
2020 0.00555434483679663
2020 555.123154945632
2020 3.84178014121587
2020 3.84178014121587
2020 3.84178014121587
2020 0
2020 0
2020 0.63395711307655
2020 925.919606494837
2020 0
2020 0
2020 1275.40167330414
2020 1275.40167330414
2020 0
2020 0
2020 0
2020 12.5128383764935
2020 12.5128383764935
2020 12.5128383764935
2020 1.12179448984357
2120 0
2120 0.0632346390885365
2120 0.0632346390885365
2120 0.0632346390885365
2120 0.0632346390885365
2120 0
2120 4.41314664820695
2120 4.41314664820695
2120 0
2120 0
2120 0
2120 0
2120 1.49993459293404
2120 31.551428982378
2120 31.551428982378
2120 31.551428982378
2120 0.650666873850527
2120 1.43289991452426
2120 0
2120 12.5184697627577
2120 0
2120 0
2120 0
2120 0
2120 0.00555434483679663
2120 0.00555434483679663
2120 555.123154945632
2120 3.84178014121587
2120 3.84178014121587
2120 3.84178014121587
2120 0
2120 0
2120 0.63395711307655
2120 925.919606494837
2120 0
2120 0
2120 1275.40167330414
2120 1275.40167330414
2120 0
2120 0
2120 0
2120 12.5128383764935
2120 12.5128383764935
2120 12.5128383764935
2120 1.12179448984357
2095 0
2095 0.0632346390885365
2095 0.0632346390885365
2095 0.0632346390885365
2095 0.0632346390885365
2095 0
2095 4.41314664820695
2095 4.41314664820695
2095 0
2095 0
2095 0
2095 0
2095 1.49993459293404
2095 31.551428982378
2095 31.551428982378
2095 31.551428982378
2095 0.650666873850527
2095 1.43289991452426
2095 0
2095 12.5184697627577
2095 0
2095 0
2095 0
2095 0
2095 0.00555434483679663
2095 0.00555434483679663
2095 555.123154945632
2095 3.84178014121587
2095 3.84178014121587
2095 3.84178014121587
2095 0
2095 0
2095 0.63395711307655
2095 925.919606494837
2095 0
2095 0
2095 1275.40167330414
2095 1275.40167330414
2095 0
2095 0
2095 0
2095 12.5128383764935
2095 12.5128383764935
2095 12.5128383764935
2095 1.12179448984357
2103 0
2103 0.0632346390885365
2103 0.0632346390885365
2103 0.0632346390885365
2103 0.0632346390885365
2103 0
2103 4.41314664820695
2103 4.41314664820695
2103 0
2103 0
2103 0
2103 0
2103 1.49993459293404
2103 31.551428982378
2103 31.551428982378
2103 31.551428982378
2103 0.650666873850527
2103 1.43289991452426
2103 0
2103 12.5184697627577
2103 0
2103 0
2103 0
2103 0
2103 0.00555434483679663
2103 0.00555434483679663
2103 555.123154945632
2103 3.84178014121587
2103 3.84178014121587
2103 3.84178014121587
2103 0
2103 0
2103 0.63395711307655
2103 925.919606494837
2103 0
2103 0
2103 1275.40167330414
2103 1275.40167330414
2103 0
2103 0
2103 0
2103 12.5128383764935
2103 12.5128383764935
2103 12.5128383764935
2103 1.12179448984357
2178 0
2178 0.0632346390885365
2178 0.0632346390885365
2178 0.0632346390885365
2178 0.0632346390885365
2178 0
2178 4.41314664820695
2178 4.41314664820695
2178 0
2178 0
2178 0
2178 0
2178 1.49993459293404
2178 31.551428982378
2178 31.551428982378
2178 31.551428982378
2178 0.650666873850527
2178 1.43289991452426
2178 0
2178 12.5184697627577
2178 0
2178 0
2178 0
2178 0
2178 0.00555434483679663
2178 0.00555434483679663
2178 555.123154945632
2178 3.84178014121587
2178 3.84178014121587
2178 3.84178014121587
2178 0
2178 0
2178 0.63395711307655
2178 925.919606494837
2178 0
2178 0
2178 1275.40167330414
2178 1275.40167330414
2178 0
2178 0
2178 0
2178 12.5128383764935
2178 12.5128383764935
2178 12.5128383764935
2178 1.12179448984357
2187 0
2187 0.0632346390885365
2187 0.0632346390885365
2187 0.0632346390885365
2187 0.0632346390885365
2187 0
2187 4.41314664820695
2187 4.41314664820695
2187 0
2187 0
2187 0
2187 0
2187 1.49993459293404
2187 31.551428982378
2187 31.551428982378
2187 31.551428982378
2187 0.650666873850527
2187 1.43289991452426
2187 0
2187 12.5184697627577
2187 0
2187 0
2187 0
2187 0
2187 0.00555434483679663
2187 0.00555434483679663
2187 555.123154945632
2187 3.84178014121587
2187 3.84178014121587
2187 3.84178014121587
2187 0
2187 0
2187 0.63395711307655
2187 925.919606494837
2187 0
2187 0
2187 1275.40167330414
2187 1275.40167330414
2187 0
2187 0
2187 0
2187 12.5128383764935
2187 12.5128383764935
2187 12.5128383764935
2187 1.12179448984357
2281 0
2281 0.0632346390885365
2281 0.0632346390885365
2281 0.0632346390885365
2281 0.0632346390885365
2281 0
2281 4.41314664820695
2281 4.41314664820695
2281 0
2281 0
2281 0
2281 0
2281 1.49993459293404
2281 31.551428982378
2281 31.551428982378
2281 31.551428982378
2281 0.650666873850527
2281 1.43289991452426
2281 0
2281 12.5184697627577
2281 0
2281 0
2281 0
2281 0
2281 0.00555434483679663
2281 0.00555434483679663
2281 555.123154945632
2281 3.84178014121587
2281 3.84178014121587
2281 3.84178014121587
2281 0
2281 0
2281 0.63395711307655
2281 925.919606494837
2281 0
2281 0
2281 1275.40167330414
2281 1275.40167330414
2281 0
2281 0
2281 0
2281 12.5128383764935
2281 12.5128383764935
2281 12.5128383764935
2281 1.12179448984357
2271 0
2271 0.0632346390885365
2271 0.0632346390885365
2271 0.0632346390885365
2271 0.0632346390885365
2271 0
2271 4.41314664820695
2271 4.41314664820695
2271 0
2271 0
2271 0
2271 0
2271 1.49993459293404
2271 31.551428982378
2271 31.551428982378
2271 31.551428982378
2271 0.650666873850527
2271 1.43289991452426
2271 0
2271 12.5184697627577
2271 0
2271 0
2271 0
2271 0
2271 0.00555434483679663
2271 0.00555434483679663
2271 555.123154945632
2271 3.84178014121587
2271 3.84178014121587
2271 3.84178014121587
2271 0
2271 0
2271 0.63395711307655
2271 925.919606494837
2271 0
2271 0
2271 1275.40167330414
2271 1275.40167330414
2271 0
2271 0
2271 0
2271 12.5128383764935
2271 12.5128383764935
2271 12.5128383764935
2271 1.12179448984357
2359 0
2359 0.0632346390885365
2359 0.0632346390885365
2359 0.0632346390885365
2359 0.0632346390885365
2359 0
2359 4.41314664820695
2359 4.41314664820695
2359 0
2359 0
2359 0
2359 0
2359 1.49993459293404
2359 31.551428982378
2359 31.551428982378
2359 31.551428982378
2359 0.650666873850527
2359 1.43289991452426
2359 0
2359 12.5184697627577
2359 0
2359 0
2359 0
2359 0
2359 0.00555434483679663
2359 0.00555434483679663
2359 555.123154945632
2359 3.84178014121587
2359 3.84178014121587
2359 3.84178014121587
2359 0
2359 0
2359 0.63395711307655
2359 925.919606494837
2359 0
2359 0
2359 1275.40167330414
2359 1275.40167330414
2359 0
2359 0
2359 0
2359 12.5128383764935
2359 12.5128383764935
2359 12.5128383764935
2359 1.12179448984357
2357 0
2357 0.0632346390885365
2357 0.0632346390885365
2357 0.0632346390885365
2357 0.0632346390885365
2357 0
2357 4.41314664820695
2357 4.41314664820695
2357 0
2357 0
2357 0
2357 0
2357 1.49993459293404
2357 31.551428982378
2357 31.551428982378
2357 31.551428982378
2357 0.650666873850527
2357 1.43289991452426
2357 0
2357 12.5184697627577
2357 0
2357 0
2357 0
2357 0
2357 0.00555434483679663
2357 0.00555434483679663
2357 555.123154945632
2357 3.84178014121587
2357 3.84178014121587
2357 3.84178014121587
2357 0
2357 0
2357 0.63395711307655
2357 925.919606494837
2357 0
2357 0
2357 1275.40167330414
2357 1275.40167330414
2357 0
2357 0
2357 0
2357 12.5128383764935
2357 12.5128383764935
2357 12.5128383764935
2357 1.12179448984357
2437 0
2437 0.0632346390885365
2437 0.0632346390885365
2437 0.0632346390885365
2437 0.0632346390885365
2437 0
2437 4.41314664820695
2437 4.41314664820695
2437 0
2437 0
2437 0
2437 0
2437 1.49993459293404
2437 31.551428982378
2437 31.551428982378
2437 31.551428982378
2437 0.650666873850527
2437 1.43289991452426
2437 0
2437 12.5184697627577
2437 0
2437 0
2437 0
2437 0
2437 0.00555434483679663
2437 0.00555434483679663
2437 555.123154945632
2437 3.84178014121587
2437 3.84178014121587
2437 3.84178014121587
2437 0
2437 0
2437 0.63395711307655
2437 925.919606494837
2437 0
2437 0
2437 1275.40167330414
2437 1275.40167330414
2437 0
2437 0
2437 0
2437 12.5128383764935
2437 12.5128383764935
2437 12.5128383764935
2437 1.12179448984357
2427 0
2427 0.0632346390885365
2427 0.0632346390885365
2427 0.0632346390885365
2427 0.0632346390885365
2427 0
2427 4.41314664820695
2427 4.41314664820695
2427 0
2427 0
2427 0
2427 0
2427 1.49993459293404
2427 31.551428982378
2427 31.551428982378
2427 31.551428982378
2427 0.650666873850527
2427 1.43289991452426
2427 0
2427 12.5184697627577
2427 0
2427 0
2427 0
2427 0
2427 0.00555434483679663
2427 0.00555434483679663
2427 555.123154945632
2427 3.84178014121587
2427 3.84178014121587
2427 3.84178014121587
2427 0
2427 0
2427 0.63395711307655
2427 925.919606494837
2427 0
2427 0
2427 1275.40167330414
2427 1275.40167330414
2427 0
2427 0
2427 0
2427 12.5128383764935
2427 12.5128383764935
2427 12.5128383764935
2427 1.12179448984357
2506 0
2506 0.0632346390885365
2506 0.0632346390885365
2506 0.0632346390885365
2506 0.0632346390885365
2506 0
2506 4.41314664820695
2506 4.41314664820695
2506 0
2506 0
2506 0
2506 0
2506 1.49993459293404
2506 31.551428982378
2506 31.551428982378
2506 31.551428982378
2506 0.650666873850527
2506 1.43289991452426
2506 0
2506 12.5184697627577
2506 0
2506 0
2506 0
2506 0
2506 0.00555434483679663
2506 0.00555434483679663
2506 555.123154945632
2506 3.84178014121587
2506 3.84178014121587
2506 3.84178014121587
2506 0
2506 0
2506 0.63395711307655
2506 925.919606494837
2506 0
2506 0
2506 1275.40167330414
2506 1275.40167330414
2506 0
2506 0
2506 0
2506 12.5128383764935
2506 12.5128383764935
2506 12.5128383764935
2506 1.12179448984357
2608 0
2608 0.0632346390885365
2608 0.0632346390885365
2608 0.0632346390885365
2608 0.0632346390885365
2608 0
2608 4.41314664820695
2608 4.41314664820695
2608 0
2608 0
2608 0
2608 0
2608 1.49993459293404
2608 31.551428982378
2608 31.551428982378
2608 31.551428982378
2608 0.650666873850527
2608 1.43289991452426
2608 0
2608 12.5184697627577
2608 0
2608 0
2608 0
2608 0
2608 0.00555434483679663
2608 0.00555434483679663
2608 555.123154945632
2608 3.84178014121587
2608 3.84178014121587
2608 3.84178014121587
2608 0
2608 0
2608 0.63395711307655
2608 925.919606494837
2608 0
2608 0
2608 1275.40167330414
2608 1275.40167330414
2608 0
2608 0
2608 0
2608 12.5128383764935
2608 12.5128383764935
2608 12.5128383764935
2608 1.12179448984357
2607 0
2607 0.0632346390885365
2607 0.0632346390885365
2607 0.0632346390885365
2607 0.0632346390885365
2607 0
2607 4.41314664820695
2607 4.41314664820695
2607 0
2607 0
2607 0
2607 0
2607 1.49993459293404
2607 31.551428982378
2607 31.551428982378
2607 31.551428982378
2607 0.650666873850527
2607 1.43289991452426
2607 0
2607 12.5184697627577
2607 0
2607 0
2607 0
2607 0
2607 0.00555434483679663
2607 0.00555434483679663
2607 555.123154945632
2607 3.84178014121587
2607 3.84178014121587
2607 3.84178014121587
2607 0
2607 0
2607 0.63395711307655
2607 925.919606494837
2607 0
2607 0
2607 1275.40167330414
2607 1275.40167330414
2607 0
2607 0
2607 0
2607 12.5128383764935
2607 12.5128383764935
2607 12.5128383764935
2607 1.12179448984357
2601 0
2601 0.0632346390885365
2601 0.0632346390885365
2601 0.0632346390885365
2601 0.0632346390885365
2601 0
2601 4.41314664820695
2601 4.41314664820695
2601 0
2601 0
2601 0
2601 0
2601 1.49993459293404
2601 31.551428982378
2601 31.551428982378
2601 31.551428982378
2601 0.650666873850527
2601 1.43289991452426
2601 0
2601 12.5184697627577
2601 0
2601 0
2601 0
2601 0
2601 0.00555434483679663
2601 0.00555434483679663
2601 555.123154945632
2601 3.84178014121587
2601 3.84178014121587
2601 3.84178014121587
2601 0
2601 0
2601 0.63395711307655
2601 925.919606494837
2601 0
2601 0
2601 1275.40167330414
2601 1275.40167330414
2601 0
2601 0
2601 0
2601 12.5128383764935
2601 12.5128383764935
2601 12.5128383764935
2601 1.12179448984357
2586 0
2586 0.0632346390885365
2586 0.0632346390885365
2586 0.0632346390885365
2586 0.0632346390885365
2586 0
2586 4.41314664820695
2586 4.41314664820695
2586 0
2586 0
2586 0
2586 0
2586 1.49993459293404
2586 31.551428982378
2586 31.551428982378
2586 31.551428982378
2586 0.650666873850527
2586 1.43289991452426
2586 0
2586 12.5184697627577
2586 0
2586 0
2586 0
2586 0
2586 0.00555434483679663
2586 0.00555434483679663
2586 555.123154945632
2586 3.84178014121587
2586 3.84178014121587
2586 3.84178014121587
2586 0
2586 0
2586 0.63395711307655
2586 925.919606494837
2586 0
2586 0
2586 1275.40167330414
2586 1275.40167330414
2586 0
2586 0
2586 0
2586 12.5128383764935
2586 12.5128383764935
2586 12.5128383764935
2586 1.12179448984357
2589 0
2589 0.0632346390885365
2589 0.0632346390885365
2589 0.0632346390885365
2589 0.0632346390885365
2589 0
2589 4.41314664820695
2589 4.41314664820695
2589 0
2589 0
2589 0
2589 0
2589 1.49993459293404
2589 31.551428982378
2589 31.551428982378
2589 31.551428982378
2589 0.650666873850527
2589 1.43289991452426
2589 0
2589 12.5184697627577
2589 0
2589 0
2589 0
2589 0
2589 0.00555434483679663
2589 0.00555434483679663
2589 555.123154945632
2589 3.84178014121587
2589 3.84178014121587
2589 3.84178014121587
2589 0
2589 0
2589 0.63395711307655
2589 925.919606494837
2589 0
2589 0
2589 1275.40167330414
2589 1275.40167330414
2589 0
2589 0
2589 0
2589 12.5128383764935
2589 12.5128383764935
2589 12.5128383764935
2589 1.12179448984357
2687 0
2687 0.0632346390885365
2687 0.0632346390885365
2687 0.0632346390885365
2687 0.0632346390885365
2687 0
2687 4.41314664820695
2687 4.41314664820695
2687 0
2687 0
2687 0
2687 0
2687 1.49993459293404
2687 31.551428982378
2687 31.551428982378
2687 31.551428982378
2687 0.650666873850527
2687 1.43289991452426
2687 0
2687 12.5184697627577
2687 0
2687 0
2687 0
2687 0
2687 0.00555434483679663
2687 0.00555434483679663
2687 555.123154945632
2687 3.84178014121587
2687 3.84178014121587
2687 3.84178014121587
2687 0
2687 0
2687 0.63395711307655
2687 925.919606494837
2687 0
2687 0
2687 1275.40167330414
2687 1275.40167330414
2687 0
2687 0
2687 0
2687 12.5128383764935
2687 12.5128383764935
2687 12.5128383764935
2687 1.12179448984357
2686 0
2686 0.0632346390885365
2686 0.0632346390885365
2686 0.0632346390885365
2686 0.0632346390885365
2686 0
2686 4.41314664820695
2686 4.41314664820695
2686 0
2686 0
2686 0
2686 0
2686 1.49993459293404
2686 31.551428982378
2686 31.551428982378
2686 31.551428982378
2686 0.650666873850527
2686 1.43289991452426
2686 0
2686 12.5184697627577
2686 0
2686 0
2686 0
2686 0
2686 0.00555434483679663
2686 0.00555434483679663
2686 555.123154945632
2686 3.84178014121587
2686 3.84178014121587
2686 3.84178014121587
2686 0
2686 0
2686 0.63395711307655
2686 925.919606494837
2686 0
2686 0
2686 1275.40167330414
2686 1275.40167330414
2686 0
2686 0
2686 0
2686 12.5128383764935
2686 12.5128383764935
2686 12.5128383764935
2686 1.12179448984357
2769 0
2769 0.0632346390885365
2769 0.0632346390885365
2769 0.0632346390885365
2769 0.0632346390885365
2769 0
2769 4.41314664820695
2769 4.41314664820695
2769 0
2769 0
2769 0
2769 0
2769 1.49993459293404
2769 31.551428982378
2769 31.551428982378
2769 31.551428982378
2769 0.650666873850527
2769 1.43289991452426
2769 0
2769 12.5184697627577
2769 0
2769 0
2769 0
2769 0
2769 0.00555434483679663
2769 0.00555434483679663
2769 555.123154945632
2769 3.84178014121587
2769 3.84178014121587
2769 3.84178014121587
2769 0
2769 0
2769 0.63395711307655
2769 925.919606494837
2769 0
2769 0
2769 1275.40167330414
2769 1275.40167330414
2769 0
2769 0
2769 0
2769 12.5128383764935
2769 12.5128383764935
2769 12.5128383764935
2769 1.12179448984357
2764 0
2764 0.0632346390885365
2764 0.0632346390885365
2764 0.0632346390885365
2764 0.0632346390885365
2764 0
2764 4.41314664820695
2764 4.41314664820695
2764 0
2764 0
2764 0
2764 0
2764 1.49993459293404
2764 31.551428982378
2764 31.551428982378
2764 31.551428982378
2764 0.650666873850527
2764 1.43289991452426
2764 0
2764 12.5184697627577
2764 0
2764 0
2764 0
2764 0
2764 0.00555434483679663
2764 0.00555434483679663
2764 555.123154945632
2764 3.84178014121587
2764 3.84178014121587
2764 3.84178014121587
2764 0
2764 0
2764 0.63395711307655
2764 925.919606494837
2764 0
2764 0
2764 1275.40167330414
2764 1275.40167330414
2764 0
2764 0
2764 0
2764 12.5128383764935
2764 12.5128383764935
2764 12.5128383764935
2764 1.12179448984357
