pt_graph cpue_kghour
3 0
3 1.21781408086796
3 1.21781408086796
3 1.21781408086796
3 1.21781408086796
3 35.52122881031
3 0.623580453434904
3 0.623580453434904
3 0.680561296875318
3 0.680561296875318
3 0.680561296875318
3 0
3 0.703034818362733
3 3.2464272435822
3 3.2464272435822
3 3.2464272435822
3 0.43176594818564
3 0.152799170467608
3 1.95372459944563
3 0.516074073980322
3 0
3 1.66089856408743
3 0
3 0
3 4.7164192877016
3 4.7164192877016
3 0
3 8.4202911592992
3 8.4202911592992
3 8.4202911592992
3 1.92379618625477
3 0
3 14.9681385920376
3 507.908990160667
3 0.30275880583847
3 0.30275880583847
3 4.37112573698172
3 4.37112573698172
3 0.531083063498432
3 0.531083063498432
3 0.531083063498432
3 0.197060748992818
3 0.197060748992818
3 0.197060748992818
3 1.20966232714167
4 0
4 1.21781408086796
4 1.21781408086796
4 1.21781408086796
4 1.21781408086796
4 35.52122881031
4 0.623580453434904
4 0.623580453434904
4 0.680561296875318
4 0.680561296875318
4 0.680561296875318
4 0
4 0.703034818362733
4 3.2464272435822
4 3.2464272435822
4 3.2464272435822
4 0.43176594818564
4 0.152799170467608
4 1.95372459944563
4 0.516074073980322
4 0
4 1.66089856408743
4 0
4 0
4 4.7164192877016
4 4.7164192877016
4 0
4 8.4202911592992
4 8.4202911592992
4 8.4202911592992
4 1.92379618625477
4 0
4 14.9681385920376
4 507.908990160667
4 0.30275880583847
4 0.30275880583847
4 4.37112573698172
4 4.37112573698172
4 0.531083063498432
4 0.531083063498432
4 0.531083063498432
4 0.197060748992818
4 0.197060748992818
4 0.197060748992818
4 1.20966232714167
6 0
6 1.21781408086796
6 1.21781408086796
6 1.21781408086796
6 1.21781408086796
6 35.52122881031
6 0.623580453434904
6 0.623580453434904
6 0.680561296875318
6 0.680561296875318
6 0.680561296875318
6 0
6 0.703034818362733
6 3.2464272435822
6 3.2464272435822
6 3.2464272435822
6 0.43176594818564
6 0.152799170467608
6 1.95372459944563
6 0.516074073980322
6 0
6 1.66089856408743
6 0
6 0
6 4.7164192877016
6 4.7164192877016
6 0
6 8.4202911592992
6 8.4202911592992
6 8.4202911592992
6 1.92379618625477
6 0
6 14.9681385920376
6 507.908990160667
6 0.30275880583847
6 0.30275880583847
6 4.37112573698172
6 4.37112573698172
6 0.531083063498432
6 0.531083063498432
6 0.531083063498432
6 0.197060748992818
6 0.197060748992818
6 0.197060748992818
6 1.20966232714167
12 0
12 1.21781408086796
12 1.21781408086796
12 1.21781408086796
12 1.21781408086796
12 35.52122881031
12 0.623580453434904
12 0.623580453434904
12 0.680561296875318
12 0.680561296875318
12 0.680561296875318
12 0
12 0.703034818362733
12 3.2464272435822
12 3.2464272435822
12 3.2464272435822
12 0.43176594818564
12 0.152799170467608
12 1.95372459944563
12 0.516074073980322
12 0
12 1.66089856408743
12 0
12 0
12 4.7164192877016
12 4.7164192877016
12 0
12 8.4202911592992
12 8.4202911592992
12 8.4202911592992
12 1.92379618625477
12 0
12 14.9681385920376
12 507.908990160667
12 0.30275880583847
12 0.30275880583847
12 4.37112573698172
12 4.37112573698172
12 0.531083063498432
12 0.531083063498432
12 0.531083063498432
12 0.197060748992818
12 0.197060748992818
12 0.197060748992818
12 1.20966232714167
15 0
15 1.21781408086796
15 1.21781408086796
15 1.21781408086796
15 1.21781408086796
15 35.52122881031
15 0.623580453434904
15 0.623580453434904
15 0.680561296875318
15 0.680561296875318
15 0.680561296875318
15 0
15 0.703034818362733
15 3.2464272435822
15 3.2464272435822
15 3.2464272435822
15 0.43176594818564
15 0.152799170467608
15 1.95372459944563
15 0.516074073980322
15 0
15 1.66089856408743
15 0
15 0
15 4.7164192877016
15 4.7164192877016
15 0
15 8.4202911592992
15 8.4202911592992
15 8.4202911592992
15 1.92379618625477
15 0
15 14.9681385920376
15 507.908990160667
15 0.30275880583847
15 0.30275880583847
15 4.37112573698172
15 4.37112573698172
15 0.531083063498432
15 0.531083063498432
15 0.531083063498432
15 0.197060748992818
15 0.197060748992818
15 0.197060748992818
15 1.20966232714167
23 0
23 1.21781408086796
23 1.21781408086796
23 1.21781408086796
23 1.21781408086796
23 35.52122881031
23 0.623580453434904
23 0.623580453434904
23 0.680561296875318
23 0.680561296875318
23 0.680561296875318
23 0
23 0.703034818362733
23 3.2464272435822
23 3.2464272435822
23 3.2464272435822
23 0.43176594818564
23 0.152799170467608
23 1.95372459944563
23 0.516074073980322
23 0
23 1.66089856408743
23 0
23 0
23 4.7164192877016
23 4.7164192877016
23 0
23 8.4202911592992
23 8.4202911592992
23 8.4202911592992
23 1.92379618625477
23 0
23 14.9681385920376
23 507.908990160667
23 0.30275880583847
23 0.30275880583847
23 4.37112573698172
23 4.37112573698172
23 0.531083063498432
23 0.531083063498432
23 0.531083063498432
23 0.197060748992818
23 0.197060748992818
23 0.197060748992818
23 1.20966232714167
30 0
30 1.21781408086796
30 1.21781408086796
30 1.21781408086796
30 1.21781408086796
30 35.52122881031
30 0.623580453434904
30 0.623580453434904
30 0.680561296875318
30 0.680561296875318
30 0.680561296875318
30 0
30 0.703034818362733
30 3.2464272435822
30 3.2464272435822
30 3.2464272435822
30 0.43176594818564
30 0.152799170467608
30 1.95372459944563
30 0.516074073980322
30 0
30 1.66089856408743
30 0
30 0
30 4.7164192877016
30 4.7164192877016
30 0
30 8.4202911592992
30 8.4202911592992
30 8.4202911592992
30 1.92379618625477
30 0
30 14.9681385920376
30 507.908990160667
30 0.30275880583847
30 0.30275880583847
30 4.37112573698172
30 4.37112573698172
30 0.531083063498432
30 0.531083063498432
30 0.531083063498432
30 0.197060748992818
30 0.197060748992818
30 0.197060748992818
30 1.20966232714167
46 0
46 1.21781408086796
46 1.21781408086796
46 1.21781408086796
46 1.21781408086796
46 35.52122881031
46 0.623580453434904
46 0.623580453434904
46 0.680561296875318
46 0.680561296875318
46 0.680561296875318
46 0
46 0.703034818362733
46 3.2464272435822
46 3.2464272435822
46 3.2464272435822
46 0.43176594818564
46 0.152799170467608
46 1.95372459944563
46 0.516074073980322
46 0
46 1.66089856408743
46 0
46 0
46 4.7164192877016
46 4.7164192877016
46 0
46 8.4202911592992
46 8.4202911592992
46 8.4202911592992
46 1.92379618625477
46 0
46 14.9681385920376
46 507.908990160667
46 0.30275880583847
46 0.30275880583847
46 4.37112573698172
46 4.37112573698172
46 0.531083063498432
46 0.531083063498432
46 0.531083063498432
46 0.197060748992818
46 0.197060748992818
46 0.197060748992818
46 1.20966232714167
55 0
55 1.21781408086796
55 1.21781408086796
55 1.21781408086796
55 1.21781408086796
55 35.52122881031
55 0.623580453434904
55 0.623580453434904
55 0.680561296875318
55 0.680561296875318
55 0.680561296875318
55 0
55 0.703034818362733
55 3.2464272435822
55 3.2464272435822
55 3.2464272435822
55 0.43176594818564
55 0.152799170467608
55 1.95372459944563
55 0.516074073980322
55 0
55 1.66089856408743
55 0
55 0
55 4.7164192877016
55 4.7164192877016
55 0
55 8.4202911592992
55 8.4202911592992
55 8.4202911592992
55 1.92379618625477
55 0
55 14.9681385920376
55 507.908990160667
55 0.30275880583847
55 0.30275880583847
55 4.37112573698172
55 4.37112573698172
55 0.531083063498432
55 0.531083063498432
55 0.531083063498432
55 0.197060748992818
55 0.197060748992818
55 0.197060748992818
55 1.20966232714167
56 0
56 1.21781408086796
56 1.21781408086796
56 1.21781408086796
56 1.21781408086796
56 35.52122881031
56 0.623580453434904
56 0.623580453434904
56 0.680561296875318
56 0.680561296875318
56 0.680561296875318
56 0
56 0.703034818362733
56 3.2464272435822
56 3.2464272435822
56 3.2464272435822
56 0.43176594818564
56 0.152799170467608
56 1.95372459944563
56 0.516074073980322
56 0
56 1.66089856408743
56 0
56 0
56 4.7164192877016
56 4.7164192877016
56 0
56 8.4202911592992
56 8.4202911592992
56 8.4202911592992
56 1.92379618625477
56 0
56 14.9681385920376
56 507.908990160667
56 0.30275880583847
56 0.30275880583847
56 4.37112573698172
56 4.37112573698172
56 0.531083063498432
56 0.531083063498432
56 0.531083063498432
56 0.197060748992818
56 0.197060748992818
56 0.197060748992818
56 1.20966232714167
63 0
63 1.21781408086796
63 1.21781408086796
63 1.21781408086796
63 1.21781408086796
63 35.52122881031
63 0.623580453434904
63 0.623580453434904
63 0.680561296875318
63 0.680561296875318
63 0.680561296875318
63 0
63 0.703034818362733
63 3.2464272435822
63 3.2464272435822
63 3.2464272435822
63 0.43176594818564
63 0.152799170467608
63 1.95372459944563
63 0.516074073980322
63 0
63 1.66089856408743
63 0
63 0
63 4.7164192877016
63 4.7164192877016
63 0
63 8.4202911592992
63 8.4202911592992
63 8.4202911592992
63 1.92379618625477
63 0
63 14.9681385920376
63 507.908990160667
63 0.30275880583847
63 0.30275880583847
63 4.37112573698172
63 4.37112573698172
63 0.531083063498432
63 0.531083063498432
63 0.531083063498432
63 0.197060748992818
63 0.197060748992818
63 0.197060748992818
63 1.20966232714167
10806 0
10806 1.21781408086796
10806 1.21781408086796
10806 1.21781408086796
10806 1.21781408086796
10806 35.52122881031
10806 0.623580453434904
10806 0.623580453434904
10806 0.680561296875318
10806 0.680561296875318
10806 0.680561296875318
10806 0
10806 0.703034818362733
10806 3.2464272435822
10806 3.2464272435822
10806 3.2464272435822
10806 0.43176594818564
10806 0.152799170467608
10806 1.95372459944563
10806 0.516074073980322
10806 0
10806 1.66089856408743
10806 0
10806 0
10806 4.7164192877016
10806 4.7164192877016
10806 0
10806 8.4202911592992
10806 8.4202911592992
10806 8.4202911592992
10806 1.92379618625477
10806 0
10806 14.9681385920376
10806 507.908990160667
10806 0.30275880583847
10806 0.30275880583847
10806 4.37112573698172
10806 4.37112573698172
10806 0.531083063498432
10806 0.531083063498432
10806 0.531083063498432
10806 0.197060748992818
10806 0.197060748992818
10806 0.197060748992818
10806 1.20966232714167
67 0
67 1.21781408086796
67 1.21781408086796
67 1.21781408086796
67 1.21781408086796
67 35.52122881031
67 0.623580453434904
67 0.623580453434904
67 0.680561296875318
67 0.680561296875318
67 0.680561296875318
67 0
67 0.703034818362733
67 3.2464272435822
67 3.2464272435822
67 3.2464272435822
67 0.43176594818564
67 0.152799170467608
67 1.95372459944563
67 0.516074073980322
67 0
67 1.66089856408743
67 0
67 0
67 4.7164192877016
67 4.7164192877016
67 0
67 8.4202911592992
67 8.4202911592992
67 8.4202911592992
67 1.92379618625477
67 0
67 14.9681385920376
67 507.908990160667
67 0.30275880583847
67 0.30275880583847
67 4.37112573698172
67 4.37112573698172
67 0.531083063498432
67 0.531083063498432
67 0.531083063498432
67 0.197060748992818
67 0.197060748992818
67 0.197060748992818
67 1.20966232714167
75 0
75 1.21781408086796
75 1.21781408086796
75 1.21781408086796
75 1.21781408086796
75 35.52122881031
75 0.623580453434904
75 0.623580453434904
75 0.680561296875318
75 0.680561296875318
75 0.680561296875318
75 0
75 0.703034818362733
75 3.2464272435822
75 3.2464272435822
75 3.2464272435822
75 0.43176594818564
75 0.152799170467608
75 1.95372459944563
75 0.516074073980322
75 0
75 1.66089856408743
75 0
75 0
75 4.7164192877016
75 4.7164192877016
75 0
75 8.4202911592992
75 8.4202911592992
75 8.4202911592992
75 1.92379618625477
75 0
75 14.9681385920376
75 507.908990160667
75 0.30275880583847
75 0.30275880583847
75 4.37112573698172
75 4.37112573698172
75 0.531083063498432
75 0.531083063498432
75 0.531083063498432
75 0.197060748992818
75 0.197060748992818
75 0.197060748992818
75 1.20966232714167
76 0
76 1.21781408086796
76 1.21781408086796
76 1.21781408086796
76 1.21781408086796
76 35.52122881031
76 0.623580453434904
76 0.623580453434904
76 0.680561296875318
76 0.680561296875318
76 0.680561296875318
76 0
76 0.703034818362733
76 3.2464272435822
76 3.2464272435822
76 3.2464272435822
76 0.43176594818564
76 0.152799170467608
76 1.95372459944563
76 0.516074073980322
76 0
76 1.66089856408743
76 0
76 0
76 4.7164192877016
76 4.7164192877016
76 0
76 8.4202911592992
76 8.4202911592992
76 8.4202911592992
76 1.92379618625477
76 0
76 14.9681385920376
76 507.908990160667
76 0.30275880583847
76 0.30275880583847
76 4.37112573698172
76 4.37112573698172
76 0.531083063498432
76 0.531083063498432
76 0.531083063498432
76 0.197060748992818
76 0.197060748992818
76 0.197060748992818
76 1.20966232714167
99 0
99 1.21781408086796
99 1.21781408086796
99 1.21781408086796
99 1.21781408086796
99 35.52122881031
99 0.623580453434904
99 0.623580453434904
99 0.680561296875318
99 0.680561296875318
99 0.680561296875318
99 0
99 0.703034818362733
99 3.2464272435822
99 3.2464272435822
99 3.2464272435822
99 0.43176594818564
99 0.152799170467608
99 1.95372459944563
99 0.516074073980322
99 0
99 1.66089856408743
99 0
99 0
99 4.7164192877016
99 4.7164192877016
99 0
99 8.4202911592992
99 8.4202911592992
99 8.4202911592992
99 1.92379618625477
99 0
99 14.9681385920376
99 507.908990160667
99 0.30275880583847
99 0.30275880583847
99 4.37112573698172
99 4.37112573698172
99 0.531083063498432
99 0.531083063498432
99 0.531083063498432
99 0.197060748992818
99 0.197060748992818
99 0.197060748992818
99 1.20966232714167
115 0
115 1.21781408086796
115 1.21781408086796
115 1.21781408086796
115 1.21781408086796
115 35.52122881031
115 0.623580453434904
115 0.623580453434904
115 0.680561296875318
115 0.680561296875318
115 0.680561296875318
115 0
115 0.703034818362733
115 3.2464272435822
115 3.2464272435822
115 3.2464272435822
115 0.43176594818564
115 0.152799170467608
115 1.95372459944563
115 0.516074073980322
115 0
115 1.66089856408743
115 0
115 0
115 4.7164192877016
115 4.7164192877016
115 0
115 8.4202911592992
115 8.4202911592992
115 8.4202911592992
115 1.92379618625477
115 0
115 14.9681385920376
115 507.908990160667
115 0.30275880583847
115 0.30275880583847
115 4.37112573698172
115 4.37112573698172
115 0.531083063498432
115 0.531083063498432
115 0.531083063498432
115 0.197060748992818
115 0.197060748992818
115 0.197060748992818
115 1.20966232714167
130 0
130 1.21781408086796
130 1.21781408086796
130 1.21781408086796
130 1.21781408086796
130 35.52122881031
130 0.623580453434904
130 0.623580453434904
130 0.680561296875318
130 0.680561296875318
130 0.680561296875318
130 0
130 0.703034818362733
130 3.2464272435822
130 3.2464272435822
130 3.2464272435822
130 0.43176594818564
130 0.152799170467608
130 1.95372459944563
130 0.516074073980322
130 0
130 1.66089856408743
130 0
130 0
130 4.7164192877016
130 4.7164192877016
130 0
130 8.4202911592992
130 8.4202911592992
130 8.4202911592992
130 1.92379618625477
130 0
130 14.9681385920376
130 507.908990160667
130 0.30275880583847
130 0.30275880583847
130 4.37112573698172
130 4.37112573698172
130 0.531083063498432
130 0.531083063498432
130 0.531083063498432
130 0.197060748992818
130 0.197060748992818
130 0.197060748992818
130 1.20966232714167
131 0
131 1.21781408086796
131 1.21781408086796
131 1.21781408086796
131 1.21781408086796
131 35.52122881031
131 0.623580453434904
131 0.623580453434904
131 0.680561296875318
131 0.680561296875318
131 0.680561296875318
131 0
131 0.703034818362733
131 3.2464272435822
131 3.2464272435822
131 3.2464272435822
131 0.43176594818564
131 0.152799170467608
131 1.95372459944563
131 0.516074073980322
131 0
131 1.66089856408743
131 0
131 0
131 4.7164192877016
131 4.7164192877016
131 0
131 8.4202911592992
131 8.4202911592992
131 8.4202911592992
131 1.92379618625477
131 0
131 14.9681385920376
131 507.908990160667
131 0.30275880583847
131 0.30275880583847
131 4.37112573698172
131 4.37112573698172
131 0.531083063498432
131 0.531083063498432
131 0.531083063498432
131 0.197060748992818
131 0.197060748992818
131 0.197060748992818
131 1.20966232714167
166 0
166 1.21781408086796
166 1.21781408086796
166 1.21781408086796
166 1.21781408086796
166 35.52122881031
166 0.623580453434904
166 0.623580453434904
166 0.680561296875318
166 0.680561296875318
166 0.680561296875318
166 0
166 0.703034818362733
166 3.2464272435822
166 3.2464272435822
166 3.2464272435822
166 0.43176594818564
166 0.152799170467608
166 1.95372459944563
166 0.516074073980322
166 0
166 1.66089856408743
166 0
166 0
166 4.7164192877016
166 4.7164192877016
166 0
166 8.4202911592992
166 8.4202911592992
166 8.4202911592992
166 1.92379618625477
166 0
166 14.9681385920376
166 507.908990160667
166 0.30275880583847
166 0.30275880583847
166 4.37112573698172
166 4.37112573698172
166 0.531083063498432
166 0.531083063498432
166 0.531083063498432
166 0.197060748992818
166 0.197060748992818
166 0.197060748992818
166 1.20966232714167
182 0
182 1.21781408086796
182 1.21781408086796
182 1.21781408086796
182 1.21781408086796
182 35.52122881031
182 0.623580453434904
182 0.623580453434904
182 0.680561296875318
182 0.680561296875318
182 0.680561296875318
182 0
182 0.703034818362733
182 3.2464272435822
182 3.2464272435822
182 3.2464272435822
182 0.43176594818564
182 0.152799170467608
182 1.95372459944563
182 0.516074073980322
182 0
182 1.66089856408743
182 0
182 0
182 4.7164192877016
182 4.7164192877016
182 0
182 8.4202911592992
182 8.4202911592992
182 8.4202911592992
182 1.92379618625477
182 0
182 14.9681385920376
182 507.908990160667
182 0.30275880583847
182 0.30275880583847
182 4.37112573698172
182 4.37112573698172
182 0.531083063498432
182 0.531083063498432
182 0.531083063498432
182 0.197060748992818
182 0.197060748992818
182 0.197060748992818
182 1.20966232714167
192 0
192 1.21781408086796
192 1.21781408086796
192 1.21781408086796
192 1.21781408086796
192 35.52122881031
192 0.623580453434904
192 0.623580453434904
192 0.680561296875318
192 0.680561296875318
192 0.680561296875318
192 0
192 0.703034818362733
192 3.2464272435822
192 3.2464272435822
192 3.2464272435822
192 0.43176594818564
192 0.152799170467608
192 1.95372459944563
192 0.516074073980322
192 0
192 1.66089856408743
192 0
192 0
192 4.7164192877016
192 4.7164192877016
192 0
192 8.4202911592992
192 8.4202911592992
192 8.4202911592992
192 1.92379618625477
192 0
192 14.9681385920376
192 507.908990160667
192 0.30275880583847
192 0.30275880583847
192 4.37112573698172
192 4.37112573698172
192 0.531083063498432
192 0.531083063498432
192 0.531083063498432
192 0.197060748992818
192 0.197060748992818
192 0.197060748992818
192 1.20966232714167
214 0
214 1.21781408086796
214 1.21781408086796
214 1.21781408086796
214 1.21781408086796
214 35.52122881031
214 0.623580453434904
214 0.623580453434904
214 0.680561296875318
214 0.680561296875318
214 0.680561296875318
214 0
214 0.703034818362733
214 3.2464272435822
214 3.2464272435822
214 3.2464272435822
214 0.43176594818564
214 0.152799170467608
214 1.95372459944563
214 0.516074073980322
214 0
214 1.66089856408743
214 0
214 0
214 4.7164192877016
214 4.7164192877016
214 0
214 8.4202911592992
214 8.4202911592992
214 8.4202911592992
214 1.92379618625477
214 0
214 14.9681385920376
214 507.908990160667
214 0.30275880583847
214 0.30275880583847
214 4.37112573698172
214 4.37112573698172
214 0.531083063498432
214 0.531083063498432
214 0.531083063498432
214 0.197060748992818
214 0.197060748992818
214 0.197060748992818
214 1.20966232714167
234 0
234 1.21781408086796
234 1.21781408086796
234 1.21781408086796
234 1.21781408086796
234 35.52122881031
234 0.623580453434904
234 0.623580453434904
234 0.680561296875318
234 0.680561296875318
234 0.680561296875318
234 0
234 0.703034818362733
234 3.2464272435822
234 3.2464272435822
234 3.2464272435822
234 0.43176594818564
234 0.152799170467608
234 1.95372459944563
234 0.516074073980322
234 0
234 1.66089856408743
234 0
234 0
234 4.7164192877016
234 4.7164192877016
234 0
234 8.4202911592992
234 8.4202911592992
234 8.4202911592992
234 1.92379618625477
234 0
234 14.9681385920376
234 507.908990160667
234 0.30275880583847
234 0.30275880583847
234 4.37112573698172
234 4.37112573698172
234 0.531083063498432
234 0.531083063498432
234 0.531083063498432
234 0.197060748992818
234 0.197060748992818
234 0.197060748992818
234 1.20966232714167
242 0
242 1.21781408086796
242 1.21781408086796
242 1.21781408086796
242 1.21781408086796
242 35.52122881031
242 0.623580453434904
242 0.623580453434904
242 0.680561296875318
242 0.680561296875318
242 0.680561296875318
242 0
242 0.703034818362733
242 3.2464272435822
242 3.2464272435822
242 3.2464272435822
242 0.43176594818564
242 0.152799170467608
242 1.95372459944563
242 0.516074073980322
242 0
242 1.66089856408743
242 0
242 0
242 4.7164192877016
242 4.7164192877016
242 0
242 8.4202911592992
242 8.4202911592992
242 8.4202911592992
242 1.92379618625477
242 0
242 14.9681385920376
242 507.908990160667
242 0.30275880583847
242 0.30275880583847
242 4.37112573698172
242 4.37112573698172
242 0.531083063498432
242 0.531083063498432
242 0.531083063498432
242 0.197060748992818
242 0.197060748992818
242 0.197060748992818
242 1.20966232714167
260 0
260 1.21781408086796
260 1.21781408086796
260 1.21781408086796
260 1.21781408086796
260 35.52122881031
260 0.623580453434904
260 0.623580453434904
260 0.680561296875318
260 0.680561296875318
260 0.680561296875318
260 0
260 0.703034818362733
260 3.2464272435822
260 3.2464272435822
260 3.2464272435822
260 0.43176594818564
260 0.152799170467608
260 1.95372459944563
260 0.516074073980322
260 0
260 1.66089856408743
260 0
260 0
260 4.7164192877016
260 4.7164192877016
260 0
260 8.4202911592992
260 8.4202911592992
260 8.4202911592992
260 1.92379618625477
260 0
260 14.9681385920376
260 507.908990160667
260 0.30275880583847
260 0.30275880583847
260 4.37112573698172
260 4.37112573698172
260 0.531083063498432
260 0.531083063498432
260 0.531083063498432
260 0.197060748992818
260 0.197060748992818
260 0.197060748992818
260 1.20966232714167
264 0
264 1.21781408086796
264 1.21781408086796
264 1.21781408086796
264 1.21781408086796
264 35.52122881031
264 0.623580453434904
264 0.623580453434904
264 0.680561296875318
264 0.680561296875318
264 0.680561296875318
264 0
264 0.703034818362733
264 3.2464272435822
264 3.2464272435822
264 3.2464272435822
264 0.43176594818564
264 0.152799170467608
264 1.95372459944563
264 0.516074073980322
264 0
264 1.66089856408743
264 0
264 0
264 4.7164192877016
264 4.7164192877016
264 0
264 8.4202911592992
264 8.4202911592992
264 8.4202911592992
264 1.92379618625477
264 0
264 14.9681385920376
264 507.908990160667
264 0.30275880583847
264 0.30275880583847
264 4.37112573698172
264 4.37112573698172
264 0.531083063498432
264 0.531083063498432
264 0.531083063498432
264 0.197060748992818
264 0.197060748992818
264 0.197060748992818
264 1.20966232714167
283 0
283 1.21781408086796
283 1.21781408086796
283 1.21781408086796
283 1.21781408086796
283 35.52122881031
283 0.623580453434904
283 0.623580453434904
283 0.680561296875318
283 0.680561296875318
283 0.680561296875318
283 0
283 0.703034818362733
283 3.2464272435822
283 3.2464272435822
283 3.2464272435822
283 0.43176594818564
283 0.152799170467608
283 1.95372459944563
283 0.516074073980322
283 0
283 1.66089856408743
283 0
283 0
283 4.7164192877016
283 4.7164192877016
283 0
283 8.4202911592992
283 8.4202911592992
283 8.4202911592992
283 1.92379618625477
283 0
283 14.9681385920376
283 507.908990160667
283 0.30275880583847
283 0.30275880583847
283 4.37112573698172
283 4.37112573698172
283 0.531083063498432
283 0.531083063498432
283 0.531083063498432
283 0.197060748992818
283 0.197060748992818
283 0.197060748992818
283 1.20966232714167
289 0
289 1.21781408086796
289 1.21781408086796
289 1.21781408086796
289 1.21781408086796
289 35.52122881031
289 0.623580453434904
289 0.623580453434904
289 0.680561296875318
289 0.680561296875318
289 0.680561296875318
289 0
289 0.703034818362733
289 3.2464272435822
289 3.2464272435822
289 3.2464272435822
289 0.43176594818564
289 0.152799170467608
289 1.95372459944563
289 0.516074073980322
289 0
289 1.66089856408743
289 0
289 0
289 4.7164192877016
289 4.7164192877016
289 0
289 8.4202911592992
289 8.4202911592992
289 8.4202911592992
289 1.92379618625477
289 0
289 14.9681385920376
289 507.908990160667
289 0.30275880583847
289 0.30275880583847
289 4.37112573698172
289 4.37112573698172
289 0.531083063498432
289 0.531083063498432
289 0.531083063498432
289 0.197060748992818
289 0.197060748992818
289 0.197060748992818
289 1.20966232714167
302 0
302 1.21781408086796
302 1.21781408086796
302 1.21781408086796
302 1.21781408086796
302 35.52122881031
302 0.623580453434904
302 0.623580453434904
302 0.680561296875318
302 0.680561296875318
302 0.680561296875318
302 0
302 0.703034818362733
302 3.2464272435822
302 3.2464272435822
302 3.2464272435822
302 0.43176594818564
302 0.152799170467608
302 1.95372459944563
302 0.516074073980322
302 0
302 1.66089856408743
302 0
302 0
302 4.7164192877016
302 4.7164192877016
302 0
302 8.4202911592992
302 8.4202911592992
302 8.4202911592992
302 1.92379618625477
302 0
302 14.9681385920376
302 507.908990160667
302 0.30275880583847
302 0.30275880583847
302 4.37112573698172
302 4.37112573698172
302 0.531083063498432
302 0.531083063498432
302 0.531083063498432
302 0.197060748992818
302 0.197060748992818
302 0.197060748992818
302 1.20966232714167
308 0
308 1.21781408086796
308 1.21781408086796
308 1.21781408086796
308 1.21781408086796
308 35.52122881031
308 0.623580453434904
308 0.623580453434904
308 0.680561296875318
308 0.680561296875318
308 0.680561296875318
308 0
308 0.703034818362733
308 3.2464272435822
308 3.2464272435822
308 3.2464272435822
308 0.43176594818564
308 0.152799170467608
308 1.95372459944563
308 0.516074073980322
308 0
308 1.66089856408743
308 0
308 0
308 4.7164192877016
308 4.7164192877016
308 0
308 8.4202911592992
308 8.4202911592992
308 8.4202911592992
308 1.92379618625477
308 0
308 14.9681385920376
308 507.908990160667
308 0.30275880583847
308 0.30275880583847
308 4.37112573698172
308 4.37112573698172
308 0.531083063498432
308 0.531083063498432
308 0.531083063498432
308 0.197060748992818
308 0.197060748992818
308 0.197060748992818
308 1.20966232714167
314 0
314 1.21781408086796
314 1.21781408086796
314 1.21781408086796
314 1.21781408086796
314 35.52122881031
314 0.623580453434904
314 0.623580453434904
314 0.680561296875318
314 0.680561296875318
314 0.680561296875318
314 0
314 0.703034818362733
314 3.2464272435822
314 3.2464272435822
314 3.2464272435822
314 0.43176594818564
314 0.152799170467608
314 1.95372459944563
314 0.516074073980322
314 0
314 1.66089856408743
314 0
314 0
314 4.7164192877016
314 4.7164192877016
314 0
314 8.4202911592992
314 8.4202911592992
314 8.4202911592992
314 1.92379618625477
314 0
314 14.9681385920376
314 507.908990160667
314 0.30275880583847
314 0.30275880583847
314 4.37112573698172
314 4.37112573698172
314 0.531083063498432
314 0.531083063498432
314 0.531083063498432
314 0.197060748992818
314 0.197060748992818
314 0.197060748992818
314 1.20966232714167
320 0
320 1.21781408086796
320 1.21781408086796
320 1.21781408086796
320 1.21781408086796
320 35.52122881031
320 0.623580453434904
320 0.623580453434904
320 0.680561296875318
320 0.680561296875318
320 0.680561296875318
320 0
320 0.703034818362733
320 3.2464272435822
320 3.2464272435822
320 3.2464272435822
320 0.43176594818564
320 0.152799170467608
320 1.95372459944563
320 0.516074073980322
320 0
320 1.66089856408743
320 0
320 0
320 4.7164192877016
320 4.7164192877016
320 0
320 8.4202911592992
320 8.4202911592992
320 8.4202911592992
320 1.92379618625477
320 0
320 14.9681385920376
320 507.908990160667
320 0.30275880583847
320 0.30275880583847
320 4.37112573698172
320 4.37112573698172
320 0.531083063498432
320 0.531083063498432
320 0.531083063498432
320 0.197060748992818
320 0.197060748992818
320 0.197060748992818
320 1.20966232714167
369 0
369 1.21781408086796
369 1.21781408086796
369 1.21781408086796
369 1.21781408086796
369 35.52122881031
369 0.623580453434904
369 0.623580453434904
369 0.680561296875318
369 0.680561296875318
369 0.680561296875318
369 0
369 0.703034818362733
369 3.2464272435822
369 3.2464272435822
369 3.2464272435822
369 0.43176594818564
369 0.152799170467608
369 1.95372459944563
369 0.516074073980322
369 0
369 1.66089856408743
369 0
369 0
369 4.7164192877016
369 4.7164192877016
369 0
369 8.4202911592992
369 8.4202911592992
369 8.4202911592992
369 1.92379618625477
369 0
369 14.9681385920376
369 507.908990160667
369 0.30275880583847
369 0.30275880583847
369 4.37112573698172
369 4.37112573698172
369 0.531083063498432
369 0.531083063498432
369 0.531083063498432
369 0.197060748992818
369 0.197060748992818
369 0.197060748992818
369 1.20966232714167
373 0
373 1.21781408086796
373 1.21781408086796
373 1.21781408086796
373 1.21781408086796
373 35.52122881031
373 0.623580453434904
373 0.623580453434904
373 0.680561296875318
373 0.680561296875318
373 0.680561296875318
373 0
373 0.703034818362733
373 3.2464272435822
373 3.2464272435822
373 3.2464272435822
373 0.43176594818564
373 0.152799170467608
373 1.95372459944563
373 0.516074073980322
373 0
373 1.66089856408743
373 0
373 0
373 4.7164192877016
373 4.7164192877016
373 0
373 8.4202911592992
373 8.4202911592992
373 8.4202911592992
373 1.92379618625477
373 0
373 14.9681385920376
373 507.908990160667
373 0.30275880583847
373 0.30275880583847
373 4.37112573698172
373 4.37112573698172
373 0.531083063498432
373 0.531083063498432
373 0.531083063498432
373 0.197060748992818
373 0.197060748992818
373 0.197060748992818
373 1.20966232714167
398 0
398 1.21781408086796
398 1.21781408086796
398 1.21781408086796
398 1.21781408086796
398 35.52122881031
398 0.623580453434904
398 0.623580453434904
398 0.680561296875318
398 0.680561296875318
398 0.680561296875318
398 0
398 0.703034818362733
398 3.2464272435822
398 3.2464272435822
398 3.2464272435822
398 0.43176594818564
398 0.152799170467608
398 1.95372459944563
398 0.516074073980322
398 0
398 1.66089856408743
398 0
398 0
398 4.7164192877016
398 4.7164192877016
398 0
398 8.4202911592992
398 8.4202911592992
398 8.4202911592992
398 1.92379618625477
398 0
398 14.9681385920376
398 507.908990160667
398 0.30275880583847
398 0.30275880583847
398 4.37112573698172
398 4.37112573698172
398 0.531083063498432
398 0.531083063498432
398 0.531083063498432
398 0.197060748992818
398 0.197060748992818
398 0.197060748992818
398 1.20966232714167
400 0
400 1.21781408086796
400 1.21781408086796
400 1.21781408086796
400 1.21781408086796
400 35.52122881031
400 0.623580453434904
400 0.623580453434904
400 0.680561296875318
400 0.680561296875318
400 0.680561296875318
400 0
400 0.703034818362733
400 3.2464272435822
400 3.2464272435822
400 3.2464272435822
400 0.43176594818564
400 0.152799170467608
400 1.95372459944563
400 0.516074073980322
400 0
400 1.66089856408743
400 0
400 0
400 4.7164192877016
400 4.7164192877016
400 0
400 8.4202911592992
400 8.4202911592992
400 8.4202911592992
400 1.92379618625477
400 0
400 14.9681385920376
400 507.908990160667
400 0.30275880583847
400 0.30275880583847
400 4.37112573698172
400 4.37112573698172
400 0.531083063498432
400 0.531083063498432
400 0.531083063498432
400 0.197060748992818
400 0.197060748992818
400 0.197060748992818
400 1.20966232714167
416 0
416 1.21781408086796
416 1.21781408086796
416 1.21781408086796
416 1.21781408086796
416 35.52122881031
416 0.623580453434904
416 0.623580453434904
416 0.680561296875318
416 0.680561296875318
416 0.680561296875318
416 0
416 0.703034818362733
416 3.2464272435822
416 3.2464272435822
416 3.2464272435822
416 0.43176594818564
416 0.152799170467608
416 1.95372459944563
416 0.516074073980322
416 0
416 1.66089856408743
416 0
416 0
416 4.7164192877016
416 4.7164192877016
416 0
416 8.4202911592992
416 8.4202911592992
416 8.4202911592992
416 1.92379618625477
416 0
416 14.9681385920376
416 507.908990160667
416 0.30275880583847
416 0.30275880583847
416 4.37112573698172
416 4.37112573698172
416 0.531083063498432
416 0.531083063498432
416 0.531083063498432
416 0.197060748992818
416 0.197060748992818
416 0.197060748992818
416 1.20966232714167
459 0
459 1.21781408086796
459 1.21781408086796
459 1.21781408086796
459 1.21781408086796
459 35.52122881031
459 0.623580453434904
459 0.623580453434904
459 0.680561296875318
459 0.680561296875318
459 0.680561296875318
459 0
459 0.703034818362733
459 3.2464272435822
459 3.2464272435822
459 3.2464272435822
459 0.43176594818564
459 0.152799170467608
459 1.95372459944563
459 0.516074073980322
459 0
459 1.66089856408743
459 0
459 0
459 4.7164192877016
459 4.7164192877016
459 0
459 8.4202911592992
459 8.4202911592992
459 8.4202911592992
459 1.92379618625477
459 0
459 14.9681385920376
459 507.908990160667
459 0.30275880583847
459 0.30275880583847
459 4.37112573698172
459 4.37112573698172
459 0.531083063498432
459 0.531083063498432
459 0.531083063498432
459 0.197060748992818
459 0.197060748992818
459 0.197060748992818
459 1.20966232714167
464 0
464 1.21781408086796
464 1.21781408086796
464 1.21781408086796
464 1.21781408086796
464 35.52122881031
464 0.623580453434904
464 0.623580453434904
464 0.680561296875318
464 0.680561296875318
464 0.680561296875318
464 0
464 0.703034818362733
464 3.2464272435822
464 3.2464272435822
464 3.2464272435822
464 0.43176594818564
464 0.152799170467608
464 1.95372459944563
464 0.516074073980322
464 0
464 1.66089856408743
464 0
464 0
464 4.7164192877016
464 4.7164192877016
464 0
464 8.4202911592992
464 8.4202911592992
464 8.4202911592992
464 1.92379618625477
464 0
464 14.9681385920376
464 507.908990160667
464 0.30275880583847
464 0.30275880583847
464 4.37112573698172
464 4.37112573698172
464 0.531083063498432
464 0.531083063498432
464 0.531083063498432
464 0.197060748992818
464 0.197060748992818
464 0.197060748992818
464 1.20966232714167
484 0
484 1.21781408086796
484 1.21781408086796
484 1.21781408086796
484 1.21781408086796
484 35.52122881031
484 0.623580453434904
484 0.623580453434904
484 0.680561296875318
484 0.680561296875318
484 0.680561296875318
484 0
484 0.703034818362733
484 3.2464272435822
484 3.2464272435822
484 3.2464272435822
484 0.43176594818564
484 0.152799170467608
484 1.95372459944563
484 0.516074073980322
484 0
484 1.66089856408743
484 0
484 0
484 4.7164192877016
484 4.7164192877016
484 0
484 8.4202911592992
484 8.4202911592992
484 8.4202911592992
484 1.92379618625477
484 0
484 14.9681385920376
484 507.908990160667
484 0.30275880583847
484 0.30275880583847
484 4.37112573698172
484 4.37112573698172
484 0.531083063498432
484 0.531083063498432
484 0.531083063498432
484 0.197060748992818
484 0.197060748992818
484 0.197060748992818
484 1.20966232714167
498 0
498 1.21781408086796
498 1.21781408086796
498 1.21781408086796
498 1.21781408086796
498 35.52122881031
498 0.623580453434904
498 0.623580453434904
498 0.680561296875318
498 0.680561296875318
498 0.680561296875318
498 0
498 0.703034818362733
498 3.2464272435822
498 3.2464272435822
498 3.2464272435822
498 0.43176594818564
498 0.152799170467608
498 1.95372459944563
498 0.516074073980322
498 0
498 1.66089856408743
498 0
498 0
498 4.7164192877016
498 4.7164192877016
498 0
498 8.4202911592992
498 8.4202911592992
498 8.4202911592992
498 1.92379618625477
498 0
498 14.9681385920376
498 507.908990160667
498 0.30275880583847
498 0.30275880583847
498 4.37112573698172
498 4.37112573698172
498 0.531083063498432
498 0.531083063498432
498 0.531083063498432
498 0.197060748992818
498 0.197060748992818
498 0.197060748992818
498 1.20966232714167
509 0
509 1.21781408086796
509 1.21781408086796
509 1.21781408086796
509 1.21781408086796
509 35.52122881031
509 0.623580453434904
509 0.623580453434904
509 0.680561296875318
509 0.680561296875318
509 0.680561296875318
509 0
509 0.703034818362733
509 3.2464272435822
509 3.2464272435822
509 3.2464272435822
509 0.43176594818564
509 0.152799170467608
509 1.95372459944563
509 0.516074073980322
509 0
509 1.66089856408743
509 0
509 0
509 4.7164192877016
509 4.7164192877016
509 0
509 8.4202911592992
509 8.4202911592992
509 8.4202911592992
509 1.92379618625477
509 0
509 14.9681385920376
509 507.908990160667
509 0.30275880583847
509 0.30275880583847
509 4.37112573698172
509 4.37112573698172
509 0.531083063498432
509 0.531083063498432
509 0.531083063498432
509 0.197060748992818
509 0.197060748992818
509 0.197060748992818
509 1.20966232714167
513 0
513 1.21781408086796
513 1.21781408086796
513 1.21781408086796
513 1.21781408086796
513 35.52122881031
513 0.623580453434904
513 0.623580453434904
513 0.680561296875318
513 0.680561296875318
513 0.680561296875318
513 0
513 0.703034818362733
513 3.2464272435822
513 3.2464272435822
513 3.2464272435822
513 0.43176594818564
513 0.152799170467608
513 1.95372459944563
513 0.516074073980322
513 0
513 1.66089856408743
513 0
513 0
513 4.7164192877016
513 4.7164192877016
513 0
513 8.4202911592992
513 8.4202911592992
513 8.4202911592992
513 1.92379618625477
513 0
513 14.9681385920376
513 507.908990160667
513 0.30275880583847
513 0.30275880583847
513 4.37112573698172
513 4.37112573698172
513 0.531083063498432
513 0.531083063498432
513 0.531083063498432
513 0.197060748992818
513 0.197060748992818
513 0.197060748992818
513 1.20966232714167
517 0
517 1.21781408086796
517 1.21781408086796
517 1.21781408086796
517 1.21781408086796
517 35.52122881031
517 0.623580453434904
517 0.623580453434904
517 0.680561296875318
517 0.680561296875318
517 0.680561296875318
517 0
517 0.703034818362733
517 3.2464272435822
517 3.2464272435822
517 3.2464272435822
517 0.43176594818564
517 0.152799170467608
517 1.95372459944563
517 0.516074073980322
517 0
517 1.66089856408743
517 0
517 0
517 4.7164192877016
517 4.7164192877016
517 0
517 8.4202911592992
517 8.4202911592992
517 8.4202911592992
517 1.92379618625477
517 0
517 14.9681385920376
517 507.908990160667
517 0.30275880583847
517 0.30275880583847
517 4.37112573698172
517 4.37112573698172
517 0.531083063498432
517 0.531083063498432
517 0.531083063498432
517 0.197060748992818
517 0.197060748992818
517 0.197060748992818
517 1.20966232714167
544 0
544 1.21781408086796
544 1.21781408086796
544 1.21781408086796
544 1.21781408086796
544 35.52122881031
544 0.623580453434904
544 0.623580453434904
544 0.680561296875318
544 0.680561296875318
544 0.680561296875318
544 0
544 0.703034818362733
544 3.2464272435822
544 3.2464272435822
544 3.2464272435822
544 0.43176594818564
544 0.152799170467608
544 1.95372459944563
544 0.516074073980322
544 0
544 1.66089856408743
544 0
544 0
544 4.7164192877016
544 4.7164192877016
544 0
544 8.4202911592992
544 8.4202911592992
544 8.4202911592992
544 1.92379618625477
544 0
544 14.9681385920376
544 507.908990160667
544 0.30275880583847
544 0.30275880583847
544 4.37112573698172
544 4.37112573698172
544 0.531083063498432
544 0.531083063498432
544 0.531083063498432
544 0.197060748992818
544 0.197060748992818
544 0.197060748992818
544 1.20966232714167
569 0
569 1.21781408086796
569 1.21781408086796
569 1.21781408086796
569 1.21781408086796
569 35.52122881031
569 0.623580453434904
569 0.623580453434904
569 0.680561296875318
569 0.680561296875318
569 0.680561296875318
569 0
569 0.703034818362733
569 3.2464272435822
569 3.2464272435822
569 3.2464272435822
569 0.43176594818564
569 0.152799170467608
569 1.95372459944563
569 0.516074073980322
569 0
569 1.66089856408743
569 0
569 0
569 4.7164192877016
569 4.7164192877016
569 0
569 8.4202911592992
569 8.4202911592992
569 8.4202911592992
569 1.92379618625477
569 0
569 14.9681385920376
569 507.908990160667
569 0.30275880583847
569 0.30275880583847
569 4.37112573698172
569 4.37112573698172
569 0.531083063498432
569 0.531083063498432
569 0.531083063498432
569 0.197060748992818
569 0.197060748992818
569 0.197060748992818
569 1.20966232714167
571 0
571 1.21781408086796
571 1.21781408086796
571 1.21781408086796
571 1.21781408086796
571 35.52122881031
571 0.623580453434904
571 0.623580453434904
571 0.680561296875318
571 0.680561296875318
571 0.680561296875318
571 0
571 0.703034818362733
571 3.2464272435822
571 3.2464272435822
571 3.2464272435822
571 0.43176594818564
571 0.152799170467608
571 1.95372459944563
571 0.516074073980322
571 0
571 1.66089856408743
571 0
571 0
571 4.7164192877016
571 4.7164192877016
571 0
571 8.4202911592992
571 8.4202911592992
571 8.4202911592992
571 1.92379618625477
571 0
571 14.9681385920376
571 507.908990160667
571 0.30275880583847
571 0.30275880583847
571 4.37112573698172
571 4.37112573698172
571 0.531083063498432
571 0.531083063498432
571 0.531083063498432
571 0.197060748992818
571 0.197060748992818
571 0.197060748992818
571 1.20966232714167
589 0
589 1.21781408086796
589 1.21781408086796
589 1.21781408086796
589 1.21781408086796
589 35.52122881031
589 0.623580453434904
589 0.623580453434904
589 0.680561296875318
589 0.680561296875318
589 0.680561296875318
589 0
589 0.703034818362733
589 3.2464272435822
589 3.2464272435822
589 3.2464272435822
589 0.43176594818564
589 0.152799170467608
589 1.95372459944563
589 0.516074073980322
589 0
589 1.66089856408743
589 0
589 0
589 4.7164192877016
589 4.7164192877016
589 0
589 8.4202911592992
589 8.4202911592992
589 8.4202911592992
589 1.92379618625477
589 0
589 14.9681385920376
589 507.908990160667
589 0.30275880583847
589 0.30275880583847
589 4.37112573698172
589 4.37112573698172
589 0.531083063498432
589 0.531083063498432
589 0.531083063498432
589 0.197060748992818
589 0.197060748992818
589 0.197060748992818
589 1.20966232714167
587 0
587 1.21781408086796
587 1.21781408086796
587 1.21781408086796
587 1.21781408086796
587 35.52122881031
587 0.623580453434904
587 0.623580453434904
587 0.680561296875318
587 0.680561296875318
587 0.680561296875318
587 0
587 0.703034818362733
587 3.2464272435822
587 3.2464272435822
587 3.2464272435822
587 0.43176594818564
587 0.152799170467608
587 1.95372459944563
587 0.516074073980322
587 0
587 1.66089856408743
587 0
587 0
587 4.7164192877016
587 4.7164192877016
587 0
587 8.4202911592992
587 8.4202911592992
587 8.4202911592992
587 1.92379618625477
587 0
587 14.9681385920376
587 507.908990160667
587 0.30275880583847
587 0.30275880583847
587 4.37112573698172
587 4.37112573698172
587 0.531083063498432
587 0.531083063498432
587 0.531083063498432
587 0.197060748992818
587 0.197060748992818
587 0.197060748992818
587 1.20966232714167
10480 0
10480 1.21781408086796
10480 1.21781408086796
10480 1.21781408086796
10480 1.21781408086796
10480 35.52122881031
10480 0.623580453434904
10480 0.623580453434904
10480 0.680561296875318
10480 0.680561296875318
10480 0.680561296875318
10480 0
10480 0.703034818362733
10480 3.2464272435822
10480 3.2464272435822
10480 3.2464272435822
10480 0.43176594818564
10480 0.152799170467608
10480 1.95372459944563
10480 0.516074073980322
10480 0
10480 1.66089856408743
10480 0
10480 0
10480 4.7164192877016
10480 4.7164192877016
10480 0
10480 8.4202911592992
10480 8.4202911592992
10480 8.4202911592992
10480 1.92379618625477
10480 0
10480 14.9681385920376
10480 507.908990160667
10480 0.30275880583847
10480 0.30275880583847
10480 4.37112573698172
10480 4.37112573698172
10480 0.531083063498432
10480 0.531083063498432
10480 0.531083063498432
10480 0.197060748992818
10480 0.197060748992818
10480 0.197060748992818
10480 1.20966232714167
622 0
622 1.21781408086796
622 1.21781408086796
622 1.21781408086796
622 1.21781408086796
622 35.52122881031
622 0.623580453434904
622 0.623580453434904
622 0.680561296875318
622 0.680561296875318
622 0.680561296875318
622 0
622 0.703034818362733
622 3.2464272435822
622 3.2464272435822
622 3.2464272435822
622 0.43176594818564
622 0.152799170467608
622 1.95372459944563
622 0.516074073980322
622 0
622 1.66089856408743
622 0
622 0
622 4.7164192877016
622 4.7164192877016
622 0
622 8.4202911592992
622 8.4202911592992
622 8.4202911592992
622 1.92379618625477
622 0
622 14.9681385920376
622 507.908990160667
622 0.30275880583847
622 0.30275880583847
622 4.37112573698172
622 4.37112573698172
622 0.531083063498432
622 0.531083063498432
622 0.531083063498432
622 0.197060748992818
622 0.197060748992818
622 0.197060748992818
622 1.20966232714167
621 0
621 1.21781408086796
621 1.21781408086796
621 1.21781408086796
621 1.21781408086796
621 35.52122881031
621 0.623580453434904
621 0.623580453434904
621 0.680561296875318
621 0.680561296875318
621 0.680561296875318
621 0
621 0.703034818362733
621 3.2464272435822
621 3.2464272435822
621 3.2464272435822
621 0.43176594818564
621 0.152799170467608
621 1.95372459944563
621 0.516074073980322
621 0
621 1.66089856408743
621 0
621 0
621 4.7164192877016
621 4.7164192877016
621 0
621 8.4202911592992
621 8.4202911592992
621 8.4202911592992
621 1.92379618625477
621 0
621 14.9681385920376
621 507.908990160667
621 0.30275880583847
621 0.30275880583847
621 4.37112573698172
621 4.37112573698172
621 0.531083063498432
621 0.531083063498432
621 0.531083063498432
621 0.197060748992818
621 0.197060748992818
621 0.197060748992818
621 1.20966232714167
642 0
642 1.21781408086796
642 1.21781408086796
642 1.21781408086796
642 1.21781408086796
642 35.52122881031
642 0.623580453434904
642 0.623580453434904
642 0.680561296875318
642 0.680561296875318
642 0.680561296875318
642 0
642 0.703034818362733
642 3.2464272435822
642 3.2464272435822
642 3.2464272435822
642 0.43176594818564
642 0.152799170467608
642 1.95372459944563
642 0.516074073980322
642 0
642 1.66089856408743
642 0
642 0
642 4.7164192877016
642 4.7164192877016
642 0
642 8.4202911592992
642 8.4202911592992
642 8.4202911592992
642 1.92379618625477
642 0
642 14.9681385920376
642 507.908990160667
642 0.30275880583847
642 0.30275880583847
642 4.37112573698172
642 4.37112573698172
642 0.531083063498432
642 0.531083063498432
642 0.531083063498432
642 0.197060748992818
642 0.197060748992818
642 0.197060748992818
642 1.20966232714167
649 0
649 1.21781408086796
649 1.21781408086796
649 1.21781408086796
649 1.21781408086796
649 35.52122881031
649 0.623580453434904
649 0.623580453434904
649 0.680561296875318
649 0.680561296875318
649 0.680561296875318
649 0
649 0.703034818362733
649 3.2464272435822
649 3.2464272435822
649 3.2464272435822
649 0.43176594818564
649 0.152799170467608
649 1.95372459944563
649 0.516074073980322
649 0
649 1.66089856408743
649 0
649 0
649 4.7164192877016
649 4.7164192877016
649 0
649 8.4202911592992
649 8.4202911592992
649 8.4202911592992
649 1.92379618625477
649 0
649 14.9681385920376
649 507.908990160667
649 0.30275880583847
649 0.30275880583847
649 4.37112573698172
649 4.37112573698172
649 0.531083063498432
649 0.531083063498432
649 0.531083063498432
649 0.197060748992818
649 0.197060748992818
649 0.197060748992818
649 1.20966232714167
660 0
660 1.21781408086796
660 1.21781408086796
660 1.21781408086796
660 1.21781408086796
660 35.52122881031
660 0.623580453434904
660 0.623580453434904
660 0.680561296875318
660 0.680561296875318
660 0.680561296875318
660 0
660 0.703034818362733
660 3.2464272435822
660 3.2464272435822
660 3.2464272435822
660 0.43176594818564
660 0.152799170467608
660 1.95372459944563
660 0.516074073980322
660 0
660 1.66089856408743
660 0
660 0
660 4.7164192877016
660 4.7164192877016
660 0
660 8.4202911592992
660 8.4202911592992
660 8.4202911592992
660 1.92379618625477
660 0
660 14.9681385920376
660 507.908990160667
660 0.30275880583847
660 0.30275880583847
660 4.37112573698172
660 4.37112573698172
660 0.531083063498432
660 0.531083063498432
660 0.531083063498432
660 0.197060748992818
660 0.197060748992818
660 0.197060748992818
660 1.20966232714167
652 0
652 1.21781408086796
652 1.21781408086796
652 1.21781408086796
652 1.21781408086796
652 35.52122881031
652 0.623580453434904
652 0.623580453434904
652 0.680561296875318
652 0.680561296875318
652 0.680561296875318
652 0
652 0.703034818362733
652 3.2464272435822
652 3.2464272435822
652 3.2464272435822
652 0.43176594818564
652 0.152799170467608
652 1.95372459944563
652 0.516074073980322
652 0
652 1.66089856408743
652 0
652 0
652 4.7164192877016
652 4.7164192877016
652 0
652 8.4202911592992
652 8.4202911592992
652 8.4202911592992
652 1.92379618625477
652 0
652 14.9681385920376
652 507.908990160667
652 0.30275880583847
652 0.30275880583847
652 4.37112573698172
652 4.37112573698172
652 0.531083063498432
652 0.531083063498432
652 0.531083063498432
652 0.197060748992818
652 0.197060748992818
652 0.197060748992818
652 1.20966232714167
677 0
677 1.21781408086796
677 1.21781408086796
677 1.21781408086796
677 1.21781408086796
677 35.52122881031
677 0.623580453434904
677 0.623580453434904
677 0.680561296875318
677 0.680561296875318
677 0.680561296875318
677 0
677 0.703034818362733
677 3.2464272435822
677 3.2464272435822
677 3.2464272435822
677 0.43176594818564
677 0.152799170467608
677 1.95372459944563
677 0.516074073980322
677 0
677 1.66089856408743
677 0
677 0
677 4.7164192877016
677 4.7164192877016
677 0
677 8.4202911592992
677 8.4202911592992
677 8.4202911592992
677 1.92379618625477
677 0
677 14.9681385920376
677 507.908990160667
677 0.30275880583847
677 0.30275880583847
677 4.37112573698172
677 4.37112573698172
677 0.531083063498432
677 0.531083063498432
677 0.531083063498432
677 0.197060748992818
677 0.197060748992818
677 0.197060748992818
677 1.20966232714167
681 0
681 1.21781408086796
681 1.21781408086796
681 1.21781408086796
681 1.21781408086796
681 35.52122881031
681 0.623580453434904
681 0.623580453434904
681 0.680561296875318
681 0.680561296875318
681 0.680561296875318
681 0
681 0.703034818362733
681 3.2464272435822
681 3.2464272435822
681 3.2464272435822
681 0.43176594818564
681 0.152799170467608
681 1.95372459944563
681 0.516074073980322
681 0
681 1.66089856408743
681 0
681 0
681 4.7164192877016
681 4.7164192877016
681 0
681 8.4202911592992
681 8.4202911592992
681 8.4202911592992
681 1.92379618625477
681 0
681 14.9681385920376
681 507.908990160667
681 0.30275880583847
681 0.30275880583847
681 4.37112573698172
681 4.37112573698172
681 0.531083063498432
681 0.531083063498432
681 0.531083063498432
681 0.197060748992818
681 0.197060748992818
681 0.197060748992818
681 1.20966232714167
698 0
698 1.21781408086796
698 1.21781408086796
698 1.21781408086796
698 1.21781408086796
698 35.52122881031
698 0.623580453434904
698 0.623580453434904
698 0.680561296875318
698 0.680561296875318
698 0.680561296875318
698 0
698 0.703034818362733
698 3.2464272435822
698 3.2464272435822
698 3.2464272435822
698 0.43176594818564
698 0.152799170467608
698 1.95372459944563
698 0.516074073980322
698 0
698 1.66089856408743
698 0
698 0
698 4.7164192877016
698 4.7164192877016
698 0
698 8.4202911592992
698 8.4202911592992
698 8.4202911592992
698 1.92379618625477
698 0
698 14.9681385920376
698 507.908990160667
698 0.30275880583847
698 0.30275880583847
698 4.37112573698172
698 4.37112573698172
698 0.531083063498432
698 0.531083063498432
698 0.531083063498432
698 0.197060748992818
698 0.197060748992818
698 0.197060748992818
698 1.20966232714167
694 0
694 1.21781408086796
694 1.21781408086796
694 1.21781408086796
694 1.21781408086796
694 35.52122881031
694 0.623580453434904
694 0.623580453434904
694 0.680561296875318
694 0.680561296875318
694 0.680561296875318
694 0
694 0.703034818362733
694 3.2464272435822
694 3.2464272435822
694 3.2464272435822
694 0.43176594818564
694 0.152799170467608
694 1.95372459944563
694 0.516074073980322
694 0
694 1.66089856408743
694 0
694 0
694 4.7164192877016
694 4.7164192877016
694 0
694 8.4202911592992
694 8.4202911592992
694 8.4202911592992
694 1.92379618625477
694 0
694 14.9681385920376
694 507.908990160667
694 0.30275880583847
694 0.30275880583847
694 4.37112573698172
694 4.37112573698172
694 0.531083063498432
694 0.531083063498432
694 0.531083063498432
694 0.197060748992818
694 0.197060748992818
694 0.197060748992818
694 1.20966232714167
736 0
736 1.21781408086796
736 1.21781408086796
736 1.21781408086796
736 1.21781408086796
736 35.52122881031
736 0.623580453434904
736 0.623580453434904
736 0.680561296875318
736 0.680561296875318
736 0.680561296875318
736 0
736 0.703034818362733
736 3.2464272435822
736 3.2464272435822
736 3.2464272435822
736 0.43176594818564
736 0.152799170467608
736 1.95372459944563
736 0.516074073980322
736 0
736 1.66089856408743
736 0
736 0
736 4.7164192877016
736 4.7164192877016
736 0
736 8.4202911592992
736 8.4202911592992
736 8.4202911592992
736 1.92379618625477
736 0
736 14.9681385920376
736 507.908990160667
736 0.30275880583847
736 0.30275880583847
736 4.37112573698172
736 4.37112573698172
736 0.531083063498432
736 0.531083063498432
736 0.531083063498432
736 0.197060748992818
736 0.197060748992818
736 0.197060748992818
736 1.20966232714167
735 0
735 1.21781408086796
735 1.21781408086796
735 1.21781408086796
735 1.21781408086796
735 35.52122881031
735 0.623580453434904
735 0.623580453434904
735 0.680561296875318
735 0.680561296875318
735 0.680561296875318
735 0
735 0.703034818362733
735 3.2464272435822
735 3.2464272435822
735 3.2464272435822
735 0.43176594818564
735 0.152799170467608
735 1.95372459944563
735 0.516074073980322
735 0
735 1.66089856408743
735 0
735 0
735 4.7164192877016
735 4.7164192877016
735 0
735 8.4202911592992
735 8.4202911592992
735 8.4202911592992
735 1.92379618625477
735 0
735 14.9681385920376
735 507.908990160667
735 0.30275880583847
735 0.30275880583847
735 4.37112573698172
735 4.37112573698172
735 0.531083063498432
735 0.531083063498432
735 0.531083063498432
735 0.197060748992818
735 0.197060748992818
735 0.197060748992818
735 1.20966232714167
756 0
756 1.21781408086796
756 1.21781408086796
756 1.21781408086796
756 1.21781408086796
756 35.52122881031
756 0.623580453434904
756 0.623580453434904
756 0.680561296875318
756 0.680561296875318
756 0.680561296875318
756 0
756 0.703034818362733
756 3.2464272435822
756 3.2464272435822
756 3.2464272435822
756 0.43176594818564
756 0.152799170467608
756 1.95372459944563
756 0.516074073980322
756 0
756 1.66089856408743
756 0
756 0
756 4.7164192877016
756 4.7164192877016
756 0
756 8.4202911592992
756 8.4202911592992
756 8.4202911592992
756 1.92379618625477
756 0
756 14.9681385920376
756 507.908990160667
756 0.30275880583847
756 0.30275880583847
756 4.37112573698172
756 4.37112573698172
756 0.531083063498432
756 0.531083063498432
756 0.531083063498432
756 0.197060748992818
756 0.197060748992818
756 0.197060748992818
756 1.20966232714167
791 0
791 1.21781408086796
791 1.21781408086796
791 1.21781408086796
791 1.21781408086796
791 35.52122881031
791 0.623580453434904
791 0.623580453434904
791 0.680561296875318
791 0.680561296875318
791 0.680561296875318
791 0
791 0.703034818362733
791 3.2464272435822
791 3.2464272435822
791 3.2464272435822
791 0.43176594818564
791 0.152799170467608
791 1.95372459944563
791 0.516074073980322
791 0
791 1.66089856408743
791 0
791 0
791 4.7164192877016
791 4.7164192877016
791 0
791 8.4202911592992
791 8.4202911592992
791 8.4202911592992
791 1.92379618625477
791 0
791 14.9681385920376
791 507.908990160667
791 0.30275880583847
791 0.30275880583847
791 4.37112573698172
791 4.37112573698172
791 0.531083063498432
791 0.531083063498432
791 0.531083063498432
791 0.197060748992818
791 0.197060748992818
791 0.197060748992818
791 1.20966232714167
815 0
815 1.21781408086796
815 1.21781408086796
815 1.21781408086796
815 1.21781408086796
815 35.52122881031
815 0.623580453434904
815 0.623580453434904
815 0.680561296875318
815 0.680561296875318
815 0.680561296875318
815 0
815 0.703034818362733
815 3.2464272435822
815 3.2464272435822
815 3.2464272435822
815 0.43176594818564
815 0.152799170467608
815 1.95372459944563
815 0.516074073980322
815 0
815 1.66089856408743
815 0
815 0
815 4.7164192877016
815 4.7164192877016
815 0
815 8.4202911592992
815 8.4202911592992
815 8.4202911592992
815 1.92379618625477
815 0
815 14.9681385920376
815 507.908990160667
815 0.30275880583847
815 0.30275880583847
815 4.37112573698172
815 4.37112573698172
815 0.531083063498432
815 0.531083063498432
815 0.531083063498432
815 0.197060748992818
815 0.197060748992818
815 0.197060748992818
815 1.20966232714167
824 0
824 1.21781408086796
824 1.21781408086796
824 1.21781408086796
824 1.21781408086796
824 35.52122881031
824 0.623580453434904
824 0.623580453434904
824 0.680561296875318
824 0.680561296875318
824 0.680561296875318
824 0
824 0.703034818362733
824 3.2464272435822
824 3.2464272435822
824 3.2464272435822
824 0.43176594818564
824 0.152799170467608
824 1.95372459944563
824 0.516074073980322
824 0
824 1.66089856408743
824 0
824 0
824 4.7164192877016
824 4.7164192877016
824 0
824 8.4202911592992
824 8.4202911592992
824 8.4202911592992
824 1.92379618625477
824 0
824 14.9681385920376
824 507.908990160667
824 0.30275880583847
824 0.30275880583847
824 4.37112573698172
824 4.37112573698172
824 0.531083063498432
824 0.531083063498432
824 0.531083063498432
824 0.197060748992818
824 0.197060748992818
824 0.197060748992818
824 1.20966232714167
855 0
855 1.21781408086796
855 1.21781408086796
855 1.21781408086796
855 1.21781408086796
855 35.52122881031
855 0.623580453434904
855 0.623580453434904
855 0.680561296875318
855 0.680561296875318
855 0.680561296875318
855 0
855 0.703034818362733
855 3.2464272435822
855 3.2464272435822
855 3.2464272435822
855 0.43176594818564
855 0.152799170467608
855 1.95372459944563
855 0.516074073980322
855 0
855 1.66089856408743
855 0
855 0
855 4.7164192877016
855 4.7164192877016
855 0
855 8.4202911592992
855 8.4202911592992
855 8.4202911592992
855 1.92379618625477
855 0
855 14.9681385920376
855 507.908990160667
855 0.30275880583847
855 0.30275880583847
855 4.37112573698172
855 4.37112573698172
855 0.531083063498432
855 0.531083063498432
855 0.531083063498432
855 0.197060748992818
855 0.197060748992818
855 0.197060748992818
855 1.20966232714167
854 0
854 1.21781408086796
854 1.21781408086796
854 1.21781408086796
854 1.21781408086796
854 35.52122881031
854 0.623580453434904
854 0.623580453434904
854 0.680561296875318
854 0.680561296875318
854 0.680561296875318
854 0
854 0.703034818362733
854 3.2464272435822
854 3.2464272435822
854 3.2464272435822
854 0.43176594818564
854 0.152799170467608
854 1.95372459944563
854 0.516074073980322
854 0
854 1.66089856408743
854 0
854 0
854 4.7164192877016
854 4.7164192877016
854 0
854 8.4202911592992
854 8.4202911592992
854 8.4202911592992
854 1.92379618625477
854 0
854 14.9681385920376
854 507.908990160667
854 0.30275880583847
854 0.30275880583847
854 4.37112573698172
854 4.37112573698172
854 0.531083063498432
854 0.531083063498432
854 0.531083063498432
854 0.197060748992818
854 0.197060748992818
854 0.197060748992818
854 1.20966232714167
852 0
852 1.21781408086796
852 1.21781408086796
852 1.21781408086796
852 1.21781408086796
852 35.52122881031
852 0.623580453434904
852 0.623580453434904
852 0.680561296875318
852 0.680561296875318
852 0.680561296875318
852 0
852 0.703034818362733
852 3.2464272435822
852 3.2464272435822
852 3.2464272435822
852 0.43176594818564
852 0.152799170467608
852 1.95372459944563
852 0.516074073980322
852 0
852 1.66089856408743
852 0
852 0
852 4.7164192877016
852 4.7164192877016
852 0
852 8.4202911592992
852 8.4202911592992
852 8.4202911592992
852 1.92379618625477
852 0
852 14.9681385920376
852 507.908990160667
852 0.30275880583847
852 0.30275880583847
852 4.37112573698172
852 4.37112573698172
852 0.531083063498432
852 0.531083063498432
852 0.531083063498432
852 0.197060748992818
852 0.197060748992818
852 0.197060748992818
852 1.20966232714167
844 0
844 1.21781408086796
844 1.21781408086796
844 1.21781408086796
844 1.21781408086796
844 35.52122881031
844 0.623580453434904
844 0.623580453434904
844 0.680561296875318
844 0.680561296875318
844 0.680561296875318
844 0
844 0.703034818362733
844 3.2464272435822
844 3.2464272435822
844 3.2464272435822
844 0.43176594818564
844 0.152799170467608
844 1.95372459944563
844 0.516074073980322
844 0
844 1.66089856408743
844 0
844 0
844 4.7164192877016
844 4.7164192877016
844 0
844 8.4202911592992
844 8.4202911592992
844 8.4202911592992
844 1.92379618625477
844 0
844 14.9681385920376
844 507.908990160667
844 0.30275880583847
844 0.30275880583847
844 4.37112573698172
844 4.37112573698172
844 0.531083063498432
844 0.531083063498432
844 0.531083063498432
844 0.197060748992818
844 0.197060748992818
844 0.197060748992818
844 1.20966232714167
904 0
904 1.21781408086796
904 1.21781408086796
904 1.21781408086796
904 1.21781408086796
904 35.52122881031
904 0.623580453434904
904 0.623580453434904
904 0.680561296875318
904 0.680561296875318
904 0.680561296875318
904 0
904 0.703034818362733
904 3.2464272435822
904 3.2464272435822
904 3.2464272435822
904 0.43176594818564
904 0.152799170467608
904 1.95372459944563
904 0.516074073980322
904 0
904 1.66089856408743
904 0
904 0
904 4.7164192877016
904 4.7164192877016
904 0
904 8.4202911592992
904 8.4202911592992
904 8.4202911592992
904 1.92379618625477
904 0
904 14.9681385920376
904 507.908990160667
904 0.30275880583847
904 0.30275880583847
904 4.37112573698172
904 4.37112573698172
904 0.531083063498432
904 0.531083063498432
904 0.531083063498432
904 0.197060748992818
904 0.197060748992818
904 0.197060748992818
904 1.20966232714167
903 0
903 1.21781408086796
903 1.21781408086796
903 1.21781408086796
903 1.21781408086796
903 35.52122881031
903 0.623580453434904
903 0.623580453434904
903 0.680561296875318
903 0.680561296875318
903 0.680561296875318
903 0
903 0.703034818362733
903 3.2464272435822
903 3.2464272435822
903 3.2464272435822
903 0.43176594818564
903 0.152799170467608
903 1.95372459944563
903 0.516074073980322
903 0
903 1.66089856408743
903 0
903 0
903 4.7164192877016
903 4.7164192877016
903 0
903 8.4202911592992
903 8.4202911592992
903 8.4202911592992
903 1.92379618625477
903 0
903 14.9681385920376
903 507.908990160667
903 0.30275880583847
903 0.30275880583847
903 4.37112573698172
903 4.37112573698172
903 0.531083063498432
903 0.531083063498432
903 0.531083063498432
903 0.197060748992818
903 0.197060748992818
903 0.197060748992818
903 1.20966232714167
901 0
901 1.21781408086796
901 1.21781408086796
901 1.21781408086796
901 1.21781408086796
901 35.52122881031
901 0.623580453434904
901 0.623580453434904
901 0.680561296875318
901 0.680561296875318
901 0.680561296875318
901 0
901 0.703034818362733
901 3.2464272435822
901 3.2464272435822
901 3.2464272435822
901 0.43176594818564
901 0.152799170467608
901 1.95372459944563
901 0.516074073980322
901 0
901 1.66089856408743
901 0
901 0
901 4.7164192877016
901 4.7164192877016
901 0
901 8.4202911592992
901 8.4202911592992
901 8.4202911592992
901 1.92379618625477
901 0
901 14.9681385920376
901 507.908990160667
901 0.30275880583847
901 0.30275880583847
901 4.37112573698172
901 4.37112573698172
901 0.531083063498432
901 0.531083063498432
901 0.531083063498432
901 0.197060748992818
901 0.197060748992818
901 0.197060748992818
901 1.20966232714167
885 0
885 1.21781408086796
885 1.21781408086796
885 1.21781408086796
885 1.21781408086796
885 35.52122881031
885 0.623580453434904
885 0.623580453434904
885 0.680561296875318
885 0.680561296875318
885 0.680561296875318
885 0
885 0.703034818362733
885 3.2464272435822
885 3.2464272435822
885 3.2464272435822
885 0.43176594818564
885 0.152799170467608
885 1.95372459944563
885 0.516074073980322
885 0
885 1.66089856408743
885 0
885 0
885 4.7164192877016
885 4.7164192877016
885 0
885 8.4202911592992
885 8.4202911592992
885 8.4202911592992
885 1.92379618625477
885 0
885 14.9681385920376
885 507.908990160667
885 0.30275880583847
885 0.30275880583847
885 4.37112573698172
885 4.37112573698172
885 0.531083063498432
885 0.531083063498432
885 0.531083063498432
885 0.197060748992818
885 0.197060748992818
885 0.197060748992818
885 1.20966232714167
894 0
894 1.21781408086796
894 1.21781408086796
894 1.21781408086796
894 1.21781408086796
894 35.52122881031
894 0.623580453434904
894 0.623580453434904
894 0.680561296875318
894 0.680561296875318
894 0.680561296875318
894 0
894 0.703034818362733
894 3.2464272435822
894 3.2464272435822
894 3.2464272435822
894 0.43176594818564
894 0.152799170467608
894 1.95372459944563
894 0.516074073980322
894 0
894 1.66089856408743
894 0
894 0
894 4.7164192877016
894 4.7164192877016
894 0
894 8.4202911592992
894 8.4202911592992
894 8.4202911592992
894 1.92379618625477
894 0
894 14.9681385920376
894 507.908990160667
894 0.30275880583847
894 0.30275880583847
894 4.37112573698172
894 4.37112573698172
894 0.531083063498432
894 0.531083063498432
894 0.531083063498432
894 0.197060748992818
894 0.197060748992818
894 0.197060748992818
894 1.20966232714167
958 0
958 1.21781408086796
958 1.21781408086796
958 1.21781408086796
958 1.21781408086796
958 35.52122881031
958 0.623580453434904
958 0.623580453434904
958 0.680561296875318
958 0.680561296875318
958 0.680561296875318
958 0
958 0.703034818362733
958 3.2464272435822
958 3.2464272435822
958 3.2464272435822
958 0.43176594818564
958 0.152799170467608
958 1.95372459944563
958 0.516074073980322
958 0
958 1.66089856408743
958 0
958 0
958 4.7164192877016
958 4.7164192877016
958 0
958 8.4202911592992
958 8.4202911592992
958 8.4202911592992
958 1.92379618625477
958 0
958 14.9681385920376
958 507.908990160667
958 0.30275880583847
958 0.30275880583847
958 4.37112573698172
958 4.37112573698172
958 0.531083063498432
958 0.531083063498432
958 0.531083063498432
958 0.197060748992818
958 0.197060748992818
958 0.197060748992818
958 1.20966232714167
957 0
957 1.21781408086796
957 1.21781408086796
957 1.21781408086796
957 1.21781408086796
957 35.52122881031
957 0.623580453434904
957 0.623580453434904
957 0.680561296875318
957 0.680561296875318
957 0.680561296875318
957 0
957 0.703034818362733
957 3.2464272435822
957 3.2464272435822
957 3.2464272435822
957 0.43176594818564
957 0.152799170467608
957 1.95372459944563
957 0.516074073980322
957 0
957 1.66089856408743
957 0
957 0
957 4.7164192877016
957 4.7164192877016
957 0
957 8.4202911592992
957 8.4202911592992
957 8.4202911592992
957 1.92379618625477
957 0
957 14.9681385920376
957 507.908990160667
957 0.30275880583847
957 0.30275880583847
957 4.37112573698172
957 4.37112573698172
957 0.531083063498432
957 0.531083063498432
957 0.531083063498432
957 0.197060748992818
957 0.197060748992818
957 0.197060748992818
957 1.20966232714167
938 0
938 1.21781408086796
938 1.21781408086796
938 1.21781408086796
938 1.21781408086796
938 35.52122881031
938 0.623580453434904
938 0.623580453434904
938 0.680561296875318
938 0.680561296875318
938 0.680561296875318
938 0
938 0.703034818362733
938 3.2464272435822
938 3.2464272435822
938 3.2464272435822
938 0.43176594818564
938 0.152799170467608
938 1.95372459944563
938 0.516074073980322
938 0
938 1.66089856408743
938 0
938 0
938 4.7164192877016
938 4.7164192877016
938 0
938 8.4202911592992
938 8.4202911592992
938 8.4202911592992
938 1.92379618625477
938 0
938 14.9681385920376
938 507.908990160667
938 0.30275880583847
938 0.30275880583847
938 4.37112573698172
938 4.37112573698172
938 0.531083063498432
938 0.531083063498432
938 0.531083063498432
938 0.197060748992818
938 0.197060748992818
938 0.197060748992818
938 1.20966232714167
986 0
986 1.21781408086796
986 1.21781408086796
986 1.21781408086796
986 1.21781408086796
986 35.52122881031
986 0.623580453434904
986 0.623580453434904
986 0.680561296875318
986 0.680561296875318
986 0.680561296875318
986 0
986 0.703034818362733
986 3.2464272435822
986 3.2464272435822
986 3.2464272435822
986 0.43176594818564
986 0.152799170467608
986 1.95372459944563
986 0.516074073980322
986 0
986 1.66089856408743
986 0
986 0
986 4.7164192877016
986 4.7164192877016
986 0
986 8.4202911592992
986 8.4202911592992
986 8.4202911592992
986 1.92379618625477
986 0
986 14.9681385920376
986 507.908990160667
986 0.30275880583847
986 0.30275880583847
986 4.37112573698172
986 4.37112573698172
986 0.531083063498432
986 0.531083063498432
986 0.531083063498432
986 0.197060748992818
986 0.197060748992818
986 0.197060748992818
986 1.20966232714167
988 0
988 1.21781408086796
988 1.21781408086796
988 1.21781408086796
988 1.21781408086796
988 35.52122881031
988 0.623580453434904
988 0.623580453434904
988 0.680561296875318
988 0.680561296875318
988 0.680561296875318
988 0
988 0.703034818362733
988 3.2464272435822
988 3.2464272435822
988 3.2464272435822
988 0.43176594818564
988 0.152799170467608
988 1.95372459944563
988 0.516074073980322
988 0
988 1.66089856408743
988 0
988 0
988 4.7164192877016
988 4.7164192877016
988 0
988 8.4202911592992
988 8.4202911592992
988 8.4202911592992
988 1.92379618625477
988 0
988 14.9681385920376
988 507.908990160667
988 0.30275880583847
988 0.30275880583847
988 4.37112573698172
988 4.37112573698172
988 0.531083063498432
988 0.531083063498432
988 0.531083063498432
988 0.197060748992818
988 0.197060748992818
988 0.197060748992818
988 1.20966232714167
989 0
989 1.21781408086796
989 1.21781408086796
989 1.21781408086796
989 1.21781408086796
989 35.52122881031
989 0.623580453434904
989 0.623580453434904
989 0.680561296875318
989 0.680561296875318
989 0.680561296875318
989 0
989 0.703034818362733
989 3.2464272435822
989 3.2464272435822
989 3.2464272435822
989 0.43176594818564
989 0.152799170467608
989 1.95372459944563
989 0.516074073980322
989 0
989 1.66089856408743
989 0
989 0
989 4.7164192877016
989 4.7164192877016
989 0
989 8.4202911592992
989 8.4202911592992
989 8.4202911592992
989 1.92379618625477
989 0
989 14.9681385920376
989 507.908990160667
989 0.30275880583847
989 0.30275880583847
989 4.37112573698172
989 4.37112573698172
989 0.531083063498432
989 0.531083063498432
989 0.531083063498432
989 0.197060748992818
989 0.197060748992818
989 0.197060748992818
989 1.20966232714167
992 0
992 1.21781408086796
992 1.21781408086796
992 1.21781408086796
992 1.21781408086796
992 35.52122881031
992 0.623580453434904
992 0.623580453434904
992 0.680561296875318
992 0.680561296875318
992 0.680561296875318
992 0
992 0.703034818362733
992 3.2464272435822
992 3.2464272435822
992 3.2464272435822
992 0.43176594818564
992 0.152799170467608
992 1.95372459944563
992 0.516074073980322
992 0
992 1.66089856408743
992 0
992 0
992 4.7164192877016
992 4.7164192877016
992 0
992 8.4202911592992
992 8.4202911592992
992 8.4202911592992
992 1.92379618625477
992 0
992 14.9681385920376
992 507.908990160667
992 0.30275880583847
992 0.30275880583847
992 4.37112573698172
992 4.37112573698172
992 0.531083063498432
992 0.531083063498432
992 0.531083063498432
992 0.197060748992818
992 0.197060748992818
992 0.197060748992818
992 1.20966232714167
999 0
999 1.21781408086796
999 1.21781408086796
999 1.21781408086796
999 1.21781408086796
999 35.52122881031
999 0.623580453434904
999 0.623580453434904
999 0.680561296875318
999 0.680561296875318
999 0.680561296875318
999 0
999 0.703034818362733
999 3.2464272435822
999 3.2464272435822
999 3.2464272435822
999 0.43176594818564
999 0.152799170467608
999 1.95372459944563
999 0.516074073980322
999 0
999 1.66089856408743
999 0
999 0
999 4.7164192877016
999 4.7164192877016
999 0
999 8.4202911592992
999 8.4202911592992
999 8.4202911592992
999 1.92379618625477
999 0
999 14.9681385920376
999 507.908990160667
999 0.30275880583847
999 0.30275880583847
999 4.37112573698172
999 4.37112573698172
999 0.531083063498432
999 0.531083063498432
999 0.531083063498432
999 0.197060748992818
999 0.197060748992818
999 0.197060748992818
999 1.20966232714167
993 0
993 1.21781408086796
993 1.21781408086796
993 1.21781408086796
993 1.21781408086796
993 35.52122881031
993 0.623580453434904
993 0.623580453434904
993 0.680561296875318
993 0.680561296875318
993 0.680561296875318
993 0
993 0.703034818362733
993 3.2464272435822
993 3.2464272435822
993 3.2464272435822
993 0.43176594818564
993 0.152799170467608
993 1.95372459944563
993 0.516074073980322
993 0
993 1.66089856408743
993 0
993 0
993 4.7164192877016
993 4.7164192877016
993 0
993 8.4202911592992
993 8.4202911592992
993 8.4202911592992
993 1.92379618625477
993 0
993 14.9681385920376
993 507.908990160667
993 0.30275880583847
993 0.30275880583847
993 4.37112573698172
993 4.37112573698172
993 0.531083063498432
993 0.531083063498432
993 0.531083063498432
993 0.197060748992818
993 0.197060748992818
993 0.197060748992818
993 1.20966232714167
995 0
995 1.21781408086796
995 1.21781408086796
995 1.21781408086796
995 1.21781408086796
995 35.52122881031
995 0.623580453434904
995 0.623580453434904
995 0.680561296875318
995 0.680561296875318
995 0.680561296875318
995 0
995 0.703034818362733
995 3.2464272435822
995 3.2464272435822
995 3.2464272435822
995 0.43176594818564
995 0.152799170467608
995 1.95372459944563
995 0.516074073980322
995 0
995 1.66089856408743
995 0
995 0
995 4.7164192877016
995 4.7164192877016
995 0
995 8.4202911592992
995 8.4202911592992
995 8.4202911592992
995 1.92379618625477
995 0
995 14.9681385920376
995 507.908990160667
995 0.30275880583847
995 0.30275880583847
995 4.37112573698172
995 4.37112573698172
995 0.531083063498432
995 0.531083063498432
995 0.531083063498432
995 0.197060748992818
995 0.197060748992818
995 0.197060748992818
995 1.20966232714167
1039 0
1039 1.21781408086796
1039 1.21781408086796
1039 1.21781408086796
1039 1.21781408086796
1039 35.52122881031
1039 0.623580453434904
1039 0.623580453434904
1039 0.680561296875318
1039 0.680561296875318
1039 0.680561296875318
1039 0
1039 0.703034818362733
1039 3.2464272435822
1039 3.2464272435822
1039 3.2464272435822
1039 0.43176594818564
1039 0.152799170467608
1039 1.95372459944563
1039 0.516074073980322
1039 0
1039 1.66089856408743
1039 0
1039 0
1039 4.7164192877016
1039 4.7164192877016
1039 0
1039 8.4202911592992
1039 8.4202911592992
1039 8.4202911592992
1039 1.92379618625477
1039 0
1039 14.9681385920376
1039 507.908990160667
1039 0.30275880583847
1039 0.30275880583847
1039 4.37112573698172
1039 4.37112573698172
1039 0.531083063498432
1039 0.531083063498432
1039 0.531083063498432
1039 0.197060748992818
1039 0.197060748992818
1039 0.197060748992818
1039 1.20966232714167
1040 0
1040 1.21781408086796
1040 1.21781408086796
1040 1.21781408086796
1040 1.21781408086796
1040 35.52122881031
1040 0.623580453434904
1040 0.623580453434904
1040 0.680561296875318
1040 0.680561296875318
1040 0.680561296875318
1040 0
1040 0.703034818362733
1040 3.2464272435822
1040 3.2464272435822
1040 3.2464272435822
1040 0.43176594818564
1040 0.152799170467608
1040 1.95372459944563
1040 0.516074073980322
1040 0
1040 1.66089856408743
1040 0
1040 0
1040 4.7164192877016
1040 4.7164192877016
1040 0
1040 8.4202911592992
1040 8.4202911592992
1040 8.4202911592992
1040 1.92379618625477
1040 0
1040 14.9681385920376
1040 507.908990160667
1040 0.30275880583847
1040 0.30275880583847
1040 4.37112573698172
1040 4.37112573698172
1040 0.531083063498432
1040 0.531083063498432
1040 0.531083063498432
1040 0.197060748992818
1040 0.197060748992818
1040 0.197060748992818
1040 1.20966232714167
1056 0
1056 1.21781408086796
1056 1.21781408086796
1056 1.21781408086796
1056 1.21781408086796
1056 35.52122881031
1056 0.623580453434904
1056 0.623580453434904
1056 0.680561296875318
1056 0.680561296875318
1056 0.680561296875318
1056 0
1056 0.703034818362733
1056 3.2464272435822
1056 3.2464272435822
1056 3.2464272435822
1056 0.43176594818564
1056 0.152799170467608
1056 1.95372459944563
1056 0.516074073980322
1056 0
1056 1.66089856408743
1056 0
1056 0
1056 4.7164192877016
1056 4.7164192877016
1056 0
1056 8.4202911592992
1056 8.4202911592992
1056 8.4202911592992
1056 1.92379618625477
1056 0
1056 14.9681385920376
1056 507.908990160667
1056 0.30275880583847
1056 0.30275880583847
1056 4.37112573698172
1056 4.37112573698172
1056 0.531083063498432
1056 0.531083063498432
1056 0.531083063498432
1056 0.197060748992818
1056 0.197060748992818
1056 0.197060748992818
1056 1.20966232714167
1044 0
1044 1.21781408086796
1044 1.21781408086796
1044 1.21781408086796
1044 1.21781408086796
1044 35.52122881031
1044 0.623580453434904
1044 0.623580453434904
1044 0.680561296875318
1044 0.680561296875318
1044 0.680561296875318
1044 0
1044 0.703034818362733
1044 3.2464272435822
1044 3.2464272435822
1044 3.2464272435822
1044 0.43176594818564
1044 0.152799170467608
1044 1.95372459944563
1044 0.516074073980322
1044 0
1044 1.66089856408743
1044 0
1044 0
1044 4.7164192877016
1044 4.7164192877016
1044 0
1044 8.4202911592992
1044 8.4202911592992
1044 8.4202911592992
1044 1.92379618625477
1044 0
1044 14.9681385920376
1044 507.908990160667
1044 0.30275880583847
1044 0.30275880583847
1044 4.37112573698172
1044 4.37112573698172
1044 0.531083063498432
1044 0.531083063498432
1044 0.531083063498432
1044 0.197060748992818
1044 0.197060748992818
1044 0.197060748992818
1044 1.20966232714167
1047 0
1047 1.21781408086796
1047 1.21781408086796
1047 1.21781408086796
1047 1.21781408086796
1047 35.52122881031
1047 0.623580453434904
1047 0.623580453434904
1047 0.680561296875318
1047 0.680561296875318
1047 0.680561296875318
1047 0
1047 0.703034818362733
1047 3.2464272435822
1047 3.2464272435822
1047 3.2464272435822
1047 0.43176594818564
1047 0.152799170467608
1047 1.95372459944563
1047 0.516074073980322
1047 0
1047 1.66089856408743
1047 0
1047 0
1047 4.7164192877016
1047 4.7164192877016
1047 0
1047 8.4202911592992
1047 8.4202911592992
1047 8.4202911592992
1047 1.92379618625477
1047 0
1047 14.9681385920376
1047 507.908990160667
1047 0.30275880583847
1047 0.30275880583847
1047 4.37112573698172
1047 4.37112573698172
1047 0.531083063498432
1047 0.531083063498432
1047 0.531083063498432
1047 0.197060748992818
1047 0.197060748992818
1047 0.197060748992818
1047 1.20966232714167
1096 0
1096 1.21781408086796
1096 1.21781408086796
1096 1.21781408086796
1096 1.21781408086796
1096 35.52122881031
1096 0.623580453434904
1096 0.623580453434904
1096 0.680561296875318
1096 0.680561296875318
1096 0.680561296875318
1096 0
1096 0.703034818362733
1096 3.2464272435822
1096 3.2464272435822
1096 3.2464272435822
1096 0.43176594818564
1096 0.152799170467608
1096 1.95372459944563
1096 0.516074073980322
1096 0
1096 1.66089856408743
1096 0
1096 0
1096 4.7164192877016
1096 4.7164192877016
1096 0
1096 8.4202911592992
1096 8.4202911592992
1096 8.4202911592992
1096 1.92379618625477
1096 0
1096 14.9681385920376
1096 507.908990160667
1096 0.30275880583847
1096 0.30275880583847
1096 4.37112573698172
1096 4.37112573698172
1096 0.531083063498432
1096 0.531083063498432
1096 0.531083063498432
1096 0.197060748992818
1096 0.197060748992818
1096 0.197060748992818
1096 1.20966232714167
1104 0
1104 1.21781408086796
1104 1.21781408086796
1104 1.21781408086796
1104 1.21781408086796
1104 35.52122881031
1104 0.623580453434904
1104 0.623580453434904
1104 0.680561296875318
1104 0.680561296875318
1104 0.680561296875318
1104 0
1104 0.703034818362733
1104 3.2464272435822
1104 3.2464272435822
1104 3.2464272435822
1104 0.43176594818564
1104 0.152799170467608
1104 1.95372459944563
1104 0.516074073980322
1104 0
1104 1.66089856408743
1104 0
1104 0
1104 4.7164192877016
1104 4.7164192877016
1104 0
1104 8.4202911592992
1104 8.4202911592992
1104 8.4202911592992
1104 1.92379618625477
1104 0
1104 14.9681385920376
1104 507.908990160667
1104 0.30275880583847
1104 0.30275880583847
1104 4.37112573698172
1104 4.37112573698172
1104 0.531083063498432
1104 0.531083063498432
1104 0.531083063498432
1104 0.197060748992818
1104 0.197060748992818
1104 0.197060748992818
1104 1.20966232714167
1105 0
1105 1.21781408086796
1105 1.21781408086796
1105 1.21781408086796
1105 1.21781408086796
1105 35.52122881031
1105 0.623580453434904
1105 0.623580453434904
1105 0.680561296875318
1105 0.680561296875318
1105 0.680561296875318
1105 0
1105 0.703034818362733
1105 3.2464272435822
1105 3.2464272435822
1105 3.2464272435822
1105 0.43176594818564
1105 0.152799170467608
1105 1.95372459944563
1105 0.516074073980322
1105 0
1105 1.66089856408743
1105 0
1105 0
1105 4.7164192877016
1105 4.7164192877016
1105 0
1105 8.4202911592992
1105 8.4202911592992
1105 8.4202911592992
1105 1.92379618625477
1105 0
1105 14.9681385920376
1105 507.908990160667
1105 0.30275880583847
1105 0.30275880583847
1105 4.37112573698172
1105 4.37112573698172
1105 0.531083063498432
1105 0.531083063498432
1105 0.531083063498432
1105 0.197060748992818
1105 0.197060748992818
1105 0.197060748992818
1105 1.20966232714167
1158 0
1158 1.21781408086796
1158 1.21781408086796
1158 1.21781408086796
1158 1.21781408086796
1158 35.52122881031
1158 0.623580453434904
1158 0.623580453434904
1158 0.680561296875318
1158 0.680561296875318
1158 0.680561296875318
1158 0
1158 0.703034818362733
1158 3.2464272435822
1158 3.2464272435822
1158 3.2464272435822
1158 0.43176594818564
1158 0.152799170467608
1158 1.95372459944563
1158 0.516074073980322
1158 0
1158 1.66089856408743
1158 0
1158 0
1158 4.7164192877016
1158 4.7164192877016
1158 0
1158 8.4202911592992
1158 8.4202911592992
1158 8.4202911592992
1158 1.92379618625477
1158 0
1158 14.9681385920376
1158 507.908990160667
1158 0.30275880583847
1158 0.30275880583847
1158 4.37112573698172
1158 4.37112573698172
1158 0.531083063498432
1158 0.531083063498432
1158 0.531083063498432
1158 0.197060748992818
1158 0.197060748992818
1158 0.197060748992818
1158 1.20966232714167
1172 0
1172 1.21781408086796
1172 1.21781408086796
1172 1.21781408086796
1172 1.21781408086796
1172 35.52122881031
1172 0.623580453434904
1172 0.623580453434904
1172 0.680561296875318
1172 0.680561296875318
1172 0.680561296875318
1172 0
1172 0.703034818362733
1172 3.2464272435822
1172 3.2464272435822
1172 3.2464272435822
1172 0.43176594818564
1172 0.152799170467608
1172 1.95372459944563
1172 0.516074073980322
1172 0
1172 1.66089856408743
1172 0
1172 0
1172 4.7164192877016
1172 4.7164192877016
1172 0
1172 8.4202911592992
1172 8.4202911592992
1172 8.4202911592992
1172 1.92379618625477
1172 0
1172 14.9681385920376
1172 507.908990160667
1172 0.30275880583847
1172 0.30275880583847
1172 4.37112573698172
1172 4.37112573698172
1172 0.531083063498432
1172 0.531083063498432
1172 0.531083063498432
1172 0.197060748992818
1172 0.197060748992818
1172 0.197060748992818
1172 1.20966232714167
1171 0
1171 1.21781408086796
1171 1.21781408086796
1171 1.21781408086796
1171 1.21781408086796
1171 35.52122881031
1171 0.623580453434904
1171 0.623580453434904
1171 0.680561296875318
1171 0.680561296875318
1171 0.680561296875318
1171 0
1171 0.703034818362733
1171 3.2464272435822
1171 3.2464272435822
1171 3.2464272435822
1171 0.43176594818564
1171 0.152799170467608
1171 1.95372459944563
1171 0.516074073980322
1171 0
1171 1.66089856408743
1171 0
1171 0
1171 4.7164192877016
1171 4.7164192877016
1171 0
1171 8.4202911592992
1171 8.4202911592992
1171 8.4202911592992
1171 1.92379618625477
1171 0
1171 14.9681385920376
1171 507.908990160667
1171 0.30275880583847
1171 0.30275880583847
1171 4.37112573698172
1171 4.37112573698172
1171 0.531083063498432
1171 0.531083063498432
1171 0.531083063498432
1171 0.197060748992818
1171 0.197060748992818
1171 0.197060748992818
1171 1.20966232714167
1170 0
1170 1.21781408086796
1170 1.21781408086796
1170 1.21781408086796
1170 1.21781408086796
1170 35.52122881031
1170 0.623580453434904
1170 0.623580453434904
1170 0.680561296875318
1170 0.680561296875318
1170 0.680561296875318
1170 0
1170 0.703034818362733
1170 3.2464272435822
1170 3.2464272435822
1170 3.2464272435822
1170 0.43176594818564
1170 0.152799170467608
1170 1.95372459944563
1170 0.516074073980322
1170 0
1170 1.66089856408743
1170 0
1170 0
1170 4.7164192877016
1170 4.7164192877016
1170 0
1170 8.4202911592992
1170 8.4202911592992
1170 8.4202911592992
1170 1.92379618625477
1170 0
1170 14.9681385920376
1170 507.908990160667
1170 0.30275880583847
1170 0.30275880583847
1170 4.37112573698172
1170 4.37112573698172
1170 0.531083063498432
1170 0.531083063498432
1170 0.531083063498432
1170 0.197060748992818
1170 0.197060748992818
1170 0.197060748992818
1170 1.20966232714167
1167 0
1167 1.21781408086796
1167 1.21781408086796
1167 1.21781408086796
1167 1.21781408086796
1167 35.52122881031
1167 0.623580453434904
1167 0.623580453434904
1167 0.680561296875318
1167 0.680561296875318
1167 0.680561296875318
1167 0
1167 0.703034818362733
1167 3.2464272435822
1167 3.2464272435822
1167 3.2464272435822
1167 0.43176594818564
1167 0.152799170467608
1167 1.95372459944563
1167 0.516074073980322
1167 0
1167 1.66089856408743
1167 0
1167 0
1167 4.7164192877016
1167 4.7164192877016
1167 0
1167 8.4202911592992
1167 8.4202911592992
1167 8.4202911592992
1167 1.92379618625477
1167 0
1167 14.9681385920376
1167 507.908990160667
1167 0.30275880583847
1167 0.30275880583847
1167 4.37112573698172
1167 4.37112573698172
1167 0.531083063498432
1167 0.531083063498432
1167 0.531083063498432
1167 0.197060748992818
1167 0.197060748992818
1167 0.197060748992818
1167 1.20966232714167
1221 0
1221 1.21781408086796
1221 1.21781408086796
1221 1.21781408086796
1221 1.21781408086796
1221 35.52122881031
1221 0.623580453434904
1221 0.623580453434904
1221 0.680561296875318
1221 0.680561296875318
1221 0.680561296875318
1221 0
1221 0.703034818362733
1221 3.2464272435822
1221 3.2464272435822
1221 3.2464272435822
1221 0.43176594818564
1221 0.152799170467608
1221 1.95372459944563
1221 0.516074073980322
1221 0
1221 1.66089856408743
1221 0
1221 0
1221 4.7164192877016
1221 4.7164192877016
1221 0
1221 8.4202911592992
1221 8.4202911592992
1221 8.4202911592992
1221 1.92379618625477
1221 0
1221 14.9681385920376
1221 507.908990160667
1221 0.30275880583847
1221 0.30275880583847
1221 4.37112573698172
1221 4.37112573698172
1221 0.531083063498432
1221 0.531083063498432
1221 0.531083063498432
1221 0.197060748992818
1221 0.197060748992818
1221 0.197060748992818
1221 1.20966232714167
1236 0
1236 1.21781408086796
1236 1.21781408086796
1236 1.21781408086796
1236 1.21781408086796
1236 35.52122881031
1236 0.623580453434904
1236 0.623580453434904
1236 0.680561296875318
1236 0.680561296875318
1236 0.680561296875318
1236 0
1236 0.703034818362733
1236 3.2464272435822
1236 3.2464272435822
1236 3.2464272435822
1236 0.43176594818564
1236 0.152799170467608
1236 1.95372459944563
1236 0.516074073980322
1236 0
1236 1.66089856408743
1236 0
1236 0
1236 4.7164192877016
1236 4.7164192877016
1236 0
1236 8.4202911592992
1236 8.4202911592992
1236 8.4202911592992
1236 1.92379618625477
1236 0
1236 14.9681385920376
1236 507.908990160667
1236 0.30275880583847
1236 0.30275880583847
1236 4.37112573698172
1236 4.37112573698172
1236 0.531083063498432
1236 0.531083063498432
1236 0.531083063498432
1236 0.197060748992818
1236 0.197060748992818
1236 0.197060748992818
1236 1.20966232714167
1234 0
1234 1.21781408086796
1234 1.21781408086796
1234 1.21781408086796
1234 1.21781408086796
1234 35.52122881031
1234 0.623580453434904
1234 0.623580453434904
1234 0.680561296875318
1234 0.680561296875318
1234 0.680561296875318
1234 0
1234 0.703034818362733
1234 3.2464272435822
1234 3.2464272435822
1234 3.2464272435822
1234 0.43176594818564
1234 0.152799170467608
1234 1.95372459944563
1234 0.516074073980322
1234 0
1234 1.66089856408743
1234 0
1234 0
1234 4.7164192877016
1234 4.7164192877016
1234 0
1234 8.4202911592992
1234 8.4202911592992
1234 8.4202911592992
1234 1.92379618625477
1234 0
1234 14.9681385920376
1234 507.908990160667
1234 0.30275880583847
1234 0.30275880583847
1234 4.37112573698172
1234 4.37112573698172
1234 0.531083063498432
1234 0.531083063498432
1234 0.531083063498432
1234 0.197060748992818
1234 0.197060748992818
1234 0.197060748992818
1234 1.20966232714167
1282 0
1282 1.21781408086796
1282 1.21781408086796
1282 1.21781408086796
1282 1.21781408086796
1282 35.52122881031
1282 0.623580453434904
1282 0.623580453434904
1282 0.680561296875318
1282 0.680561296875318
1282 0.680561296875318
1282 0
1282 0.703034818362733
1282 3.2464272435822
1282 3.2464272435822
1282 3.2464272435822
1282 0.43176594818564
1282 0.152799170467608
1282 1.95372459944563
1282 0.516074073980322
1282 0
1282 1.66089856408743
1282 0
1282 0
1282 4.7164192877016
1282 4.7164192877016
1282 0
1282 8.4202911592992
1282 8.4202911592992
1282 8.4202911592992
1282 1.92379618625477
1282 0
1282 14.9681385920376
1282 507.908990160667
1282 0.30275880583847
1282 0.30275880583847
1282 4.37112573698172
1282 4.37112573698172
1282 0.531083063498432
1282 0.531083063498432
1282 0.531083063498432
1282 0.197060748992818
1282 0.197060748992818
1282 0.197060748992818
1282 1.20966232714167
1285 0
1285 1.21781408086796
1285 1.21781408086796
1285 1.21781408086796
1285 1.21781408086796
1285 35.52122881031
1285 0.623580453434904
1285 0.623580453434904
1285 0.680561296875318
1285 0.680561296875318
1285 0.680561296875318
1285 0
1285 0.703034818362733
1285 3.2464272435822
1285 3.2464272435822
1285 3.2464272435822
1285 0.43176594818564
1285 0.152799170467608
1285 1.95372459944563
1285 0.516074073980322
1285 0
1285 1.66089856408743
1285 0
1285 0
1285 4.7164192877016
1285 4.7164192877016
1285 0
1285 8.4202911592992
1285 8.4202911592992
1285 8.4202911592992
1285 1.92379618625477
1285 0
1285 14.9681385920376
1285 507.908990160667
1285 0.30275880583847
1285 0.30275880583847
1285 4.37112573698172
1285 4.37112573698172
1285 0.531083063498432
1285 0.531083063498432
1285 0.531083063498432
1285 0.197060748992818
1285 0.197060748992818
1285 0.197060748992818
1285 1.20966232714167
1286 0
1286 1.21781408086796
1286 1.21781408086796
1286 1.21781408086796
1286 1.21781408086796
1286 35.52122881031
1286 0.623580453434904
1286 0.623580453434904
1286 0.680561296875318
1286 0.680561296875318
1286 0.680561296875318
1286 0
1286 0.703034818362733
1286 3.2464272435822
1286 3.2464272435822
1286 3.2464272435822
1286 0.43176594818564
1286 0.152799170467608
1286 1.95372459944563
1286 0.516074073980322
1286 0
1286 1.66089856408743
1286 0
1286 0
1286 4.7164192877016
1286 4.7164192877016
1286 0
1286 8.4202911592992
1286 8.4202911592992
1286 8.4202911592992
1286 1.92379618625477
1286 0
1286 14.9681385920376
1286 507.908990160667
1286 0.30275880583847
1286 0.30275880583847
1286 4.37112573698172
1286 4.37112573698172
1286 0.531083063498432
1286 0.531083063498432
1286 0.531083063498432
1286 0.197060748992818
1286 0.197060748992818
1286 0.197060748992818
1286 1.20966232714167
1302 0
1302 1.21781408086796
1302 1.21781408086796
1302 1.21781408086796
1302 1.21781408086796
1302 35.52122881031
1302 0.623580453434904
1302 0.623580453434904
1302 0.680561296875318
1302 0.680561296875318
1302 0.680561296875318
1302 0
1302 0.703034818362733
1302 3.2464272435822
1302 3.2464272435822
1302 3.2464272435822
1302 0.43176594818564
1302 0.152799170467608
1302 1.95372459944563
1302 0.516074073980322
1302 0
1302 1.66089856408743
1302 0
1302 0
1302 4.7164192877016
1302 4.7164192877016
1302 0
1302 8.4202911592992
1302 8.4202911592992
1302 8.4202911592992
1302 1.92379618625477
1302 0
1302 14.9681385920376
1302 507.908990160667
1302 0.30275880583847
1302 0.30275880583847
1302 4.37112573698172
1302 4.37112573698172
1302 0.531083063498432
1302 0.531083063498432
1302 0.531083063498432
1302 0.197060748992818
1302 0.197060748992818
1302 0.197060748992818
1302 1.20966232714167
1301 0
1301 1.21781408086796
1301 1.21781408086796
1301 1.21781408086796
1301 1.21781408086796
1301 35.52122881031
1301 0.623580453434904
1301 0.623580453434904
1301 0.680561296875318
1301 0.680561296875318
1301 0.680561296875318
1301 0
1301 0.703034818362733
1301 3.2464272435822
1301 3.2464272435822
1301 3.2464272435822
1301 0.43176594818564
1301 0.152799170467608
1301 1.95372459944563
1301 0.516074073980322
1301 0
1301 1.66089856408743
1301 0
1301 0
1301 4.7164192877016
1301 4.7164192877016
1301 0
1301 8.4202911592992
1301 8.4202911592992
1301 8.4202911592992
1301 1.92379618625477
1301 0
1301 14.9681385920376
1301 507.908990160667
1301 0.30275880583847
1301 0.30275880583847
1301 4.37112573698172
1301 4.37112573698172
1301 0.531083063498432
1301 0.531083063498432
1301 0.531083063498432
1301 0.197060748992818
1301 0.197060748992818
1301 0.197060748992818
1301 1.20966232714167
1300 0
1300 1.21781408086796
1300 1.21781408086796
1300 1.21781408086796
1300 1.21781408086796
1300 35.52122881031
1300 0.623580453434904
1300 0.623580453434904
1300 0.680561296875318
1300 0.680561296875318
1300 0.680561296875318
1300 0
1300 0.703034818362733
1300 3.2464272435822
1300 3.2464272435822
1300 3.2464272435822
1300 0.43176594818564
1300 0.152799170467608
1300 1.95372459944563
1300 0.516074073980322
1300 0
1300 1.66089856408743
1300 0
1300 0
1300 4.7164192877016
1300 4.7164192877016
1300 0
1300 8.4202911592992
1300 8.4202911592992
1300 8.4202911592992
1300 1.92379618625477
1300 0
1300 14.9681385920376
1300 507.908990160667
1300 0.30275880583847
1300 0.30275880583847
1300 4.37112573698172
1300 4.37112573698172
1300 0.531083063498432
1300 0.531083063498432
1300 0.531083063498432
1300 0.197060748992818
1300 0.197060748992818
1300 0.197060748992818
1300 1.20966232714167
1347 0
1347 1.21781408086796
1347 1.21781408086796
1347 1.21781408086796
1347 1.21781408086796
1347 35.52122881031
1347 0.623580453434904
1347 0.623580453434904
1347 0.680561296875318
1347 0.680561296875318
1347 0.680561296875318
1347 0
1347 0.703034818362733
1347 3.2464272435822
1347 3.2464272435822
1347 3.2464272435822
1347 0.43176594818564
1347 0.152799170467608
1347 1.95372459944563
1347 0.516074073980322
1347 0
1347 1.66089856408743
1347 0
1347 0
1347 4.7164192877016
1347 4.7164192877016
1347 0
1347 8.4202911592992
1347 8.4202911592992
1347 8.4202911592992
1347 1.92379618625477
1347 0
1347 14.9681385920376
1347 507.908990160667
1347 0.30275880583847
1347 0.30275880583847
1347 4.37112573698172
1347 4.37112573698172
1347 0.531083063498432
1347 0.531083063498432
1347 0.531083063498432
1347 0.197060748992818
1347 0.197060748992818
1347 0.197060748992818
1347 1.20966232714167
1348 0
1348 1.21781408086796
1348 1.21781408086796
1348 1.21781408086796
1348 1.21781408086796
1348 35.52122881031
1348 0.623580453434904
1348 0.623580453434904
1348 0.680561296875318
1348 0.680561296875318
1348 0.680561296875318
1348 0
1348 0.703034818362733
1348 3.2464272435822
1348 3.2464272435822
1348 3.2464272435822
1348 0.43176594818564
1348 0.152799170467608
1348 1.95372459944563
1348 0.516074073980322
1348 0
1348 1.66089856408743
1348 0
1348 0
1348 4.7164192877016
1348 4.7164192877016
1348 0
1348 8.4202911592992
1348 8.4202911592992
1348 8.4202911592992
1348 1.92379618625477
1348 0
1348 14.9681385920376
1348 507.908990160667
1348 0.30275880583847
1348 0.30275880583847
1348 4.37112573698172
1348 4.37112573698172
1348 0.531083063498432
1348 0.531083063498432
1348 0.531083063498432
1348 0.197060748992818
1348 0.197060748992818
1348 0.197060748992818
1348 1.20966232714167
1349 0
1349 1.21781408086796
1349 1.21781408086796
1349 1.21781408086796
1349 1.21781408086796
1349 35.52122881031
1349 0.623580453434904
1349 0.623580453434904
1349 0.680561296875318
1349 0.680561296875318
1349 0.680561296875318
1349 0
1349 0.703034818362733
1349 3.2464272435822
1349 3.2464272435822
1349 3.2464272435822
1349 0.43176594818564
1349 0.152799170467608
1349 1.95372459944563
1349 0.516074073980322
1349 0
1349 1.66089856408743
1349 0
1349 0
1349 4.7164192877016
1349 4.7164192877016
1349 0
1349 8.4202911592992
1349 8.4202911592992
1349 8.4202911592992
1349 1.92379618625477
1349 0
1349 14.9681385920376
1349 507.908990160667
1349 0.30275880583847
1349 0.30275880583847
1349 4.37112573698172
1349 4.37112573698172
1349 0.531083063498432
1349 0.531083063498432
1349 0.531083063498432
1349 0.197060748992818
1349 0.197060748992818
1349 0.197060748992818
1349 1.20966232714167
1350 0
1350 1.21781408086796
1350 1.21781408086796
1350 1.21781408086796
1350 1.21781408086796
1350 35.52122881031
1350 0.623580453434904
1350 0.623580453434904
1350 0.680561296875318
1350 0.680561296875318
1350 0.680561296875318
1350 0
1350 0.703034818362733
1350 3.2464272435822
1350 3.2464272435822
1350 3.2464272435822
1350 0.43176594818564
1350 0.152799170467608
1350 1.95372459944563
1350 0.516074073980322
1350 0
1350 1.66089856408743
1350 0
1350 0
1350 4.7164192877016
1350 4.7164192877016
1350 0
1350 8.4202911592992
1350 8.4202911592992
1350 8.4202911592992
1350 1.92379618625477
1350 0
1350 14.9681385920376
1350 507.908990160667
1350 0.30275880583847
1350 0.30275880583847
1350 4.37112573698172
1350 4.37112573698172
1350 0.531083063498432
1350 0.531083063498432
1350 0.531083063498432
1350 0.197060748992818
1350 0.197060748992818
1350 0.197060748992818
1350 1.20966232714167
1351 0
1351 1.21781408086796
1351 1.21781408086796
1351 1.21781408086796
1351 1.21781408086796
1351 35.52122881031
1351 0.623580453434904
1351 0.623580453434904
1351 0.680561296875318
1351 0.680561296875318
1351 0.680561296875318
1351 0
1351 0.703034818362733
1351 3.2464272435822
1351 3.2464272435822
1351 3.2464272435822
1351 0.43176594818564
1351 0.152799170467608
1351 1.95372459944563
1351 0.516074073980322
1351 0
1351 1.66089856408743
1351 0
1351 0
1351 4.7164192877016
1351 4.7164192877016
1351 0
1351 8.4202911592992
1351 8.4202911592992
1351 8.4202911592992
1351 1.92379618625477
1351 0
1351 14.9681385920376
1351 507.908990160667
1351 0.30275880583847
1351 0.30275880583847
1351 4.37112573698172
1351 4.37112573698172
1351 0.531083063498432
1351 0.531083063498432
1351 0.531083063498432
1351 0.197060748992818
1351 0.197060748992818
1351 0.197060748992818
1351 1.20966232714167
1416 0
1416 1.21781408086796
1416 1.21781408086796
1416 1.21781408086796
1416 1.21781408086796
1416 35.52122881031
1416 0.623580453434904
1416 0.623580453434904
1416 0.680561296875318
1416 0.680561296875318
1416 0.680561296875318
1416 0
1416 0.703034818362733
1416 3.2464272435822
1416 3.2464272435822
1416 3.2464272435822
1416 0.43176594818564
1416 0.152799170467608
1416 1.95372459944563
1416 0.516074073980322
1416 0
1416 1.66089856408743
1416 0
1416 0
1416 4.7164192877016
1416 4.7164192877016
1416 0
1416 8.4202911592992
1416 8.4202911592992
1416 8.4202911592992
1416 1.92379618625477
1416 0
1416 14.9681385920376
1416 507.908990160667
1416 0.30275880583847
1416 0.30275880583847
1416 4.37112573698172
1416 4.37112573698172
1416 0.531083063498432
1416 0.531083063498432
1416 0.531083063498432
1416 0.197060748992818
1416 0.197060748992818
1416 0.197060748992818
1416 1.20966232714167
1417 0
1417 1.21781408086796
1417 1.21781408086796
1417 1.21781408086796
1417 1.21781408086796
1417 35.52122881031
1417 0.623580453434904
1417 0.623580453434904
1417 0.680561296875318
1417 0.680561296875318
1417 0.680561296875318
1417 0
1417 0.703034818362733
1417 3.2464272435822
1417 3.2464272435822
1417 3.2464272435822
1417 0.43176594818564
1417 0.152799170467608
1417 1.95372459944563
1417 0.516074073980322
1417 0
1417 1.66089856408743
1417 0
1417 0
1417 4.7164192877016
1417 4.7164192877016
1417 0
1417 8.4202911592992
1417 8.4202911592992
1417 8.4202911592992
1417 1.92379618625477
1417 0
1417 14.9681385920376
1417 507.908990160667
1417 0.30275880583847
1417 0.30275880583847
1417 4.37112573698172
1417 4.37112573698172
1417 0.531083063498432
1417 0.531083063498432
1417 0.531083063498432
1417 0.197060748992818
1417 0.197060748992818
1417 0.197060748992818
1417 1.20966232714167
1428 0
1428 1.21781408086796
1428 1.21781408086796
1428 1.21781408086796
1428 1.21781408086796
1428 35.52122881031
1428 0.623580453434904
1428 0.623580453434904
1428 0.680561296875318
1428 0.680561296875318
1428 0.680561296875318
1428 0
1428 0.703034818362733
1428 3.2464272435822
1428 3.2464272435822
1428 3.2464272435822
1428 0.43176594818564
1428 0.152799170467608
1428 1.95372459944563
1428 0.516074073980322
1428 0
1428 1.66089856408743
1428 0
1428 0
1428 4.7164192877016
1428 4.7164192877016
1428 0
1428 8.4202911592992
1428 8.4202911592992
1428 8.4202911592992
1428 1.92379618625477
1428 0
1428 14.9681385920376
1428 507.908990160667
1428 0.30275880583847
1428 0.30275880583847
1428 4.37112573698172
1428 4.37112573698172
1428 0.531083063498432
1428 0.531083063498432
1428 0.531083063498432
1428 0.197060748992818
1428 0.197060748992818
1428 0.197060748992818
1428 1.20966232714167
