pt_graph cpue_kghour
358 0
358 19.7609204558267
358 19.7609204558267
358 19.7609204558267
358 19.7609204558267
358 0
358 1.34403644974295
358 1.34403644974295
358 0.194509353721999
358 0.194509353721999
358 0.194509353721999
358 0
358 0.722302350589396
358 0.0234982879825109
358 0.0234982879825109
358 0.0234982879825109
358 15.7948210320544
358 0.0653171581084982
358 0.168503669206211
358 0.0715244506800508
358 0
358 5.95165719647428
358 0
358 0
358 0
358 0
358 0
358 5.96326958861125
358 5.96326958861125
358 5.96326958861125
358 2.44452814483418
358 0
358 0
358 0
358 1.64417615654287
358 1.64417615654287
358 0
358 0
358 0.868360940868405
358 0.868360940868405
358 0.868360940868405
358 0.0753964033093343
358 0.0753964033093343
358 0.0753964033093343
358 0.150005744658368
404 0
404 19.7609204558267
404 19.7609204558267
404 19.7609204558267
404 19.7609204558267
404 0
404 1.34403644974295
404 1.34403644974295
404 0.194509353721999
404 0.194509353721999
404 0.194509353721999
404 0
404 0.722302350589396
404 0.0234982879825109
404 0.0234982879825109
404 0.0234982879825109
404 15.7948210320544
404 0.0653171581084982
404 0.168503669206211
404 0.0715244506800508
404 0
404 5.95165719647428
404 0
404 0
404 0
404 0
404 0
404 5.96326958861125
404 5.96326958861125
404 5.96326958861125
404 2.44452814483418
404 0
404 0
404 0
404 1.64417615654287
404 1.64417615654287
404 0
404 0
404 0.868360940868405
404 0.868360940868405
404 0.868360940868405
404 0.0753964033093343
404 0.0753964033093343
404 0.0753964033093343
404 0.150005744658368
403 0
403 19.7609204558267
403 19.7609204558267
403 19.7609204558267
403 19.7609204558267
403 0
403 1.34403644974295
403 1.34403644974295
403 0.194509353721999
403 0.194509353721999
403 0.194509353721999
403 0
403 0.722302350589396
403 0.0234982879825109
403 0.0234982879825109
403 0.0234982879825109
403 15.7948210320544
403 0.0653171581084982
403 0.168503669206211
403 0.0715244506800508
403 0
403 5.95165719647428
403 0
403 0
403 0
403 0
403 0
403 5.96326958861125
403 5.96326958861125
403 5.96326958861125
403 2.44452814483418
403 0
403 0
403 0
403 1.64417615654287
403 1.64417615654287
403 0
403 0
403 0.868360940868405
403 0.868360940868405
403 0.868360940868405
403 0.0753964033093343
403 0.0753964033093343
403 0.0753964033093343
403 0.150005744658368
428 0
428 19.7609204558267
428 19.7609204558267
428 19.7609204558267
428 19.7609204558267
428 0
428 1.34403644974295
428 1.34403644974295
428 0.194509353721999
428 0.194509353721999
428 0.194509353721999
428 0
428 0.722302350589396
428 0.0234982879825109
428 0.0234982879825109
428 0.0234982879825109
428 15.7948210320544
428 0.0653171581084982
428 0.168503669206211
428 0.0715244506800508
428 0
428 5.95165719647428
428 0
428 0
428 0
428 0
428 0
428 5.96326958861125
428 5.96326958861125
428 5.96326958861125
428 2.44452814483418
428 0
428 0
428 0
428 1.64417615654287
428 1.64417615654287
428 0
428 0
428 0.868360940868405
428 0.868360940868405
428 0.868360940868405
428 0.0753964033093343
428 0.0753964033093343
428 0.0753964033093343
428 0.150005744658368
427 0
427 19.7609204558267
427 19.7609204558267
427 19.7609204558267
427 19.7609204558267
427 0
427 1.34403644974295
427 1.34403644974295
427 0.194509353721999
427 0.194509353721999
427 0.194509353721999
427 0
427 0.722302350589396
427 0.0234982879825109
427 0.0234982879825109
427 0.0234982879825109
427 15.7948210320544
427 0.0653171581084982
427 0.168503669206211
427 0.0715244506800508
427 0
427 5.95165719647428
427 0
427 0
427 0
427 0
427 0
427 5.96326958861125
427 5.96326958861125
427 5.96326958861125
427 2.44452814483418
427 0
427 0
427 0
427 1.64417615654287
427 1.64417615654287
427 0
427 0
427 0.868360940868405
427 0.868360940868405
427 0.868360940868405
427 0.0753964033093343
427 0.0753964033093343
427 0.0753964033093343
427 0.150005744658368
454 0
454 19.7609204558267
454 19.7609204558267
454 19.7609204558267
454 19.7609204558267
454 0
454 1.34403644974295
454 1.34403644974295
454 0.194509353721999
454 0.194509353721999
454 0.194509353721999
454 0
454 0.722302350589396
454 0.0234982879825109
454 0.0234982879825109
454 0.0234982879825109
454 15.7948210320544
454 0.0653171581084982
454 0.168503669206211
454 0.0715244506800508
454 0
454 5.95165719647428
454 0
454 0
454 0
454 0
454 0
454 5.96326958861125
454 5.96326958861125
454 5.96326958861125
454 2.44452814483418
454 0
454 0
454 0
454 1.64417615654287
454 1.64417615654287
454 0
454 0
454 0.868360940868405
454 0.868360940868405
454 0.868360940868405
454 0.0753964033093343
454 0.0753964033093343
454 0.0753964033093343
454 0.150005744658368
453 0
453 19.7609204558267
453 19.7609204558267
453 19.7609204558267
453 19.7609204558267
453 0
453 1.34403644974295
453 1.34403644974295
453 0.194509353721999
453 0.194509353721999
453 0.194509353721999
453 0
453 0.722302350589396
453 0.0234982879825109
453 0.0234982879825109
453 0.0234982879825109
453 15.7948210320544
453 0.0653171581084982
453 0.168503669206211
453 0.0715244506800508
453 0
453 5.95165719647428
453 0
453 0
453 0
453 0
453 0
453 5.96326958861125
453 5.96326958861125
453 5.96326958861125
453 2.44452814483418
453 0
453 0
453 0
453 1.64417615654287
453 1.64417615654287
453 0
453 0
453 0.868360940868405
453 0.868360940868405
453 0.868360940868405
453 0.0753964033093343
453 0.0753964033093343
453 0.0753964033093343
453 0.150005744658368
452 0
452 19.7609204558267
452 19.7609204558267
452 19.7609204558267
452 19.7609204558267
452 0
452 1.34403644974295
452 1.34403644974295
452 0.194509353721999
452 0.194509353721999
452 0.194509353721999
452 0
452 0.722302350589396
452 0.0234982879825109
452 0.0234982879825109
452 0.0234982879825109
452 15.7948210320544
452 0.0653171581084982
452 0.168503669206211
452 0.0715244506800508
452 0
452 5.95165719647428
452 0
452 0
452 0
452 0
452 0
452 5.96326958861125
452 5.96326958861125
452 5.96326958861125
452 2.44452814483418
452 0
452 0
452 0
452 1.64417615654287
452 1.64417615654287
452 0
452 0
452 0.868360940868405
452 0.868360940868405
452 0.868360940868405
452 0.0753964033093343
452 0.0753964033093343
452 0.0753964033093343
452 0.150005744658368
451 0
451 19.7609204558267
451 19.7609204558267
451 19.7609204558267
451 19.7609204558267
451 0
451 1.34403644974295
451 1.34403644974295
451 0.194509353721999
451 0.194509353721999
451 0.194509353721999
451 0
451 0.722302350589396
451 0.0234982879825109
451 0.0234982879825109
451 0.0234982879825109
451 15.7948210320544
451 0.0653171581084982
451 0.168503669206211
451 0.0715244506800508
451 0
451 5.95165719647428
451 0
451 0
451 0
451 0
451 0
451 5.96326958861125
451 5.96326958861125
451 5.96326958861125
451 2.44452814483418
451 0
451 0
451 0
451 1.64417615654287
451 1.64417615654287
451 0
451 0
451 0.868360940868405
451 0.868360940868405
451 0.868360940868405
451 0.0753964033093343
451 0.0753964033093343
451 0.0753964033093343
451 0.150005744658368
479 0
479 19.7609204558267
479 19.7609204558267
479 19.7609204558267
479 19.7609204558267
479 0
479 1.34403644974295
479 1.34403644974295
479 0.194509353721999
479 0.194509353721999
479 0.194509353721999
479 0
479 0.722302350589396
479 0.0234982879825109
479 0.0234982879825109
479 0.0234982879825109
479 15.7948210320544
479 0.0653171581084982
479 0.168503669206211
479 0.0715244506800508
479 0
479 5.95165719647428
479 0
479 0
479 0
479 0
479 0
479 5.96326958861125
479 5.96326958861125
479 5.96326958861125
479 2.44452814483418
479 0
479 0
479 0
479 1.64417615654287
479 1.64417615654287
479 0
479 0
479 0.868360940868405
479 0.868360940868405
479 0.868360940868405
479 0.0753964033093343
479 0.0753964033093343
479 0.0753964033093343
479 0.150005744658368
478 0
478 19.7609204558267
478 19.7609204558267
478 19.7609204558267
478 19.7609204558267
478 0
478 1.34403644974295
478 1.34403644974295
478 0.194509353721999
478 0.194509353721999
478 0.194509353721999
478 0
478 0.722302350589396
478 0.0234982879825109
478 0.0234982879825109
478 0.0234982879825109
478 15.7948210320544
478 0.0653171581084982
478 0.168503669206211
478 0.0715244506800508
478 0
478 5.95165719647428
478 0
478 0
478 0
478 0
478 0
478 5.96326958861125
478 5.96326958861125
478 5.96326958861125
478 2.44452814483418
478 0
478 0
478 0
478 1.64417615654287
478 1.64417615654287
478 0
478 0
478 0.868360940868405
478 0.868360940868405
478 0.868360940868405
478 0.0753964033093343
478 0.0753964033093343
478 0.0753964033093343
478 0.150005744658368
477 0
477 19.7609204558267
477 19.7609204558267
477 19.7609204558267
477 19.7609204558267
477 0
477 1.34403644974295
477 1.34403644974295
477 0.194509353721999
477 0.194509353721999
477 0.194509353721999
477 0
477 0.722302350589396
477 0.0234982879825109
477 0.0234982879825109
477 0.0234982879825109
477 15.7948210320544
477 0.0653171581084982
477 0.168503669206211
477 0.0715244506800508
477 0
477 5.95165719647428
477 0
477 0
477 0
477 0
477 0
477 5.96326958861125
477 5.96326958861125
477 5.96326958861125
477 2.44452814483418
477 0
477 0
477 0
477 1.64417615654287
477 1.64417615654287
477 0
477 0
477 0.868360940868405
477 0.868360940868405
477 0.868360940868405
477 0.0753964033093343
477 0.0753964033093343
477 0.0753964033093343
477 0.150005744658368
503 0
503 19.7609204558267
503 19.7609204558267
503 19.7609204558267
503 19.7609204558267
503 0
503 1.34403644974295
503 1.34403644974295
503 0.194509353721999
503 0.194509353721999
503 0.194509353721999
503 0
503 0.722302350589396
503 0.0234982879825109
503 0.0234982879825109
503 0.0234982879825109
503 15.7948210320544
503 0.0653171581084982
503 0.168503669206211
503 0.0715244506800508
503 0
503 5.95165719647428
503 0
503 0
503 0
503 0
503 0
503 5.96326958861125
503 5.96326958861125
503 5.96326958861125
503 2.44452814483418
503 0
503 0
503 0
503 1.64417615654287
503 1.64417615654287
503 0
503 0
503 0.868360940868405
503 0.868360940868405
503 0.868360940868405
503 0.0753964033093343
503 0.0753964033093343
503 0.0753964033093343
503 0.150005744658368
502 0
502 19.7609204558267
502 19.7609204558267
502 19.7609204558267
502 19.7609204558267
502 0
502 1.34403644974295
502 1.34403644974295
502 0.194509353721999
502 0.194509353721999
502 0.194509353721999
502 0
502 0.722302350589396
502 0.0234982879825109
502 0.0234982879825109
502 0.0234982879825109
502 15.7948210320544
502 0.0653171581084982
502 0.168503669206211
502 0.0715244506800508
502 0
502 5.95165719647428
502 0
502 0
502 0
502 0
502 0
502 5.96326958861125
502 5.96326958861125
502 5.96326958861125
502 2.44452814483418
502 0
502 0
502 0
502 1.64417615654287
502 1.64417615654287
502 0
502 0
502 0.868360940868405
502 0.868360940868405
502 0.868360940868405
502 0.0753964033093343
502 0.0753964033093343
502 0.0753964033093343
502 0.150005744658368
530 0
530 19.7609204558267
530 19.7609204558267
530 19.7609204558267
530 19.7609204558267
530 0
530 1.34403644974295
530 1.34403644974295
530 0.194509353721999
530 0.194509353721999
530 0.194509353721999
530 0
530 0.722302350589396
530 0.0234982879825109
530 0.0234982879825109
530 0.0234982879825109
530 15.7948210320544
530 0.0653171581084982
530 0.168503669206211
530 0.0715244506800508
530 0
530 5.95165719647428
530 0
530 0
530 0
530 0
530 0
530 5.96326958861125
530 5.96326958861125
530 5.96326958861125
530 2.44452814483418
530 0
530 0
530 0
530 1.64417615654287
530 1.64417615654287
530 0
530 0
530 0.868360940868405
530 0.868360940868405
530 0.868360940868405
530 0.0753964033093343
530 0.0753964033093343
530 0.0753964033093343
530 0.150005744658368
529 0
529 19.7609204558267
529 19.7609204558267
529 19.7609204558267
529 19.7609204558267
529 0
529 1.34403644974295
529 1.34403644974295
529 0.194509353721999
529 0.194509353721999
529 0.194509353721999
529 0
529 0.722302350589396
529 0.0234982879825109
529 0.0234982879825109
529 0.0234982879825109
529 15.7948210320544
529 0.0653171581084982
529 0.168503669206211
529 0.0715244506800508
529 0
529 5.95165719647428
529 0
529 0
529 0
529 0
529 0
529 5.96326958861125
529 5.96326958861125
529 5.96326958861125
529 2.44452814483418
529 0
529 0
529 0
529 1.64417615654287
529 1.64417615654287
529 0
529 0
529 0.868360940868405
529 0.868360940868405
529 0.868360940868405
529 0.0753964033093343
529 0.0753964033093343
529 0.0753964033093343
529 0.150005744658368
528 0
528 19.7609204558267
528 19.7609204558267
528 19.7609204558267
528 19.7609204558267
528 0
528 1.34403644974295
528 1.34403644974295
528 0.194509353721999
528 0.194509353721999
528 0.194509353721999
528 0
528 0.722302350589396
528 0.0234982879825109
528 0.0234982879825109
528 0.0234982879825109
528 15.7948210320544
528 0.0653171581084982
528 0.168503669206211
528 0.0715244506800508
528 0
528 5.95165719647428
528 0
528 0
528 0
528 0
528 0
528 5.96326958861125
528 5.96326958861125
528 5.96326958861125
528 2.44452814483418
528 0
528 0
528 0
528 1.64417615654287
528 1.64417615654287
528 0
528 0
528 0.868360940868405
528 0.868360940868405
528 0.868360940868405
528 0.0753964033093343
528 0.0753964033093343
528 0.0753964033093343
528 0.150005744658368
527 0
527 19.7609204558267
527 19.7609204558267
527 19.7609204558267
527 19.7609204558267
527 0
527 1.34403644974295
527 1.34403644974295
527 0.194509353721999
527 0.194509353721999
527 0.194509353721999
527 0
527 0.722302350589396
527 0.0234982879825109
527 0.0234982879825109
527 0.0234982879825109
527 15.7948210320544
527 0.0653171581084982
527 0.168503669206211
527 0.0715244506800508
527 0
527 5.95165719647428
527 0
527 0
527 0
527 0
527 0
527 5.96326958861125
527 5.96326958861125
527 5.96326958861125
527 2.44452814483418
527 0
527 0
527 0
527 1.64417615654287
527 1.64417615654287
527 0
527 0
527 0.868360940868405
527 0.868360940868405
527 0.868360940868405
527 0.0753964033093343
527 0.0753964033093343
527 0.0753964033093343
527 0.150005744658368
10633 0
10633 19.7609204558267
10633 19.7609204558267
10633 19.7609204558267
10633 19.7609204558267
10633 0
10633 1.34403644974295
10633 1.34403644974295
10633 0.194509353721999
10633 0.194509353721999
10633 0.194509353721999
10633 0
10633 0.722302350589396
10633 0.0234982879825109
10633 0.0234982879825109
10633 0.0234982879825109
10633 15.7948210320544
10633 0.0653171581084982
10633 0.168503669206211
10633 0.0715244506800508
10633 0
10633 5.95165719647428
10633 0
10633 0
10633 0
10633 0
10633 0
10633 5.96326958861125
10633 5.96326958861125
10633 5.96326958861125
10633 2.44452814483418
10633 0
10633 0
10633 0
10633 1.64417615654287
10633 1.64417615654287
10633 0
10633 0
10633 0.868360940868405
10633 0.868360940868405
10633 0.868360940868405
10633 0.0753964033093343
10633 0.0753964033093343
10633 0.0753964033093343
10633 0.150005744658368
558 0
558 19.7609204558267
558 19.7609204558267
558 19.7609204558267
558 19.7609204558267
558 0
558 1.34403644974295
558 1.34403644974295
558 0.194509353721999
558 0.194509353721999
558 0.194509353721999
558 0
558 0.722302350589396
558 0.0234982879825109
558 0.0234982879825109
558 0.0234982879825109
558 15.7948210320544
558 0.0653171581084982
558 0.168503669206211
558 0.0715244506800508
558 0
558 5.95165719647428
558 0
558 0
558 0
558 0
558 0
558 5.96326958861125
558 5.96326958861125
558 5.96326958861125
558 2.44452814483418
558 0
558 0
558 0
558 1.64417615654287
558 1.64417615654287
558 0
558 0
558 0.868360940868405
558 0.868360940868405
558 0.868360940868405
558 0.0753964033093343
558 0.0753964033093343
558 0.0753964033093343
558 0.150005744658368
557 0
557 19.7609204558267
557 19.7609204558267
557 19.7609204558267
557 19.7609204558267
557 0
557 1.34403644974295
557 1.34403644974295
557 0.194509353721999
557 0.194509353721999
557 0.194509353721999
557 0
557 0.722302350589396
557 0.0234982879825109
557 0.0234982879825109
557 0.0234982879825109
557 15.7948210320544
557 0.0653171581084982
557 0.168503669206211
557 0.0715244506800508
557 0
557 5.95165719647428
557 0
557 0
557 0
557 0
557 0
557 5.96326958861125
557 5.96326958861125
557 5.96326958861125
557 2.44452814483418
557 0
557 0
557 0
557 1.64417615654287
557 1.64417615654287
557 0
557 0
557 0.868360940868405
557 0.868360940868405
557 0.868360940868405
557 0.0753964033093343
557 0.0753964033093343
557 0.0753964033093343
557 0.150005744658368
588 0
588 19.7609204558267
588 19.7609204558267
588 19.7609204558267
588 19.7609204558267
588 0
588 1.34403644974295
588 1.34403644974295
588 0.194509353721999
588 0.194509353721999
588 0.194509353721999
588 0
588 0.722302350589396
588 0.0234982879825109
588 0.0234982879825109
588 0.0234982879825109
588 15.7948210320544
588 0.0653171581084982
588 0.168503669206211
588 0.0715244506800508
588 0
588 5.95165719647428
588 0
588 0
588 0
588 0
588 0
588 5.96326958861125
588 5.96326958861125
588 5.96326958861125
588 2.44452814483418
588 0
588 0
588 0
588 1.64417615654287
588 1.64417615654287
588 0
588 0
588 0.868360940868405
588 0.868360940868405
588 0.868360940868405
588 0.0753964033093343
588 0.0753964033093343
588 0.0753964033093343
588 0.150005744658368
587 0
587 19.7609204558267
587 19.7609204558267
587 19.7609204558267
587 19.7609204558267
587 0
587 1.34403644974295
587 1.34403644974295
587 0.194509353721999
587 0.194509353721999
587 0.194509353721999
587 0
587 0.722302350589396
587 0.0234982879825109
587 0.0234982879825109
587 0.0234982879825109
587 15.7948210320544
587 0.0653171581084982
587 0.168503669206211
587 0.0715244506800508
587 0
587 5.95165719647428
587 0
587 0
587 0
587 0
587 0
587 5.96326958861125
587 5.96326958861125
587 5.96326958861125
587 2.44452814483418
587 0
587 0
587 0
587 1.64417615654287
587 1.64417615654287
587 0
587 0
587 0.868360940868405
587 0.868360940868405
587 0.868360940868405
587 0.0753964033093343
587 0.0753964033093343
587 0.0753964033093343
587 0.150005744658368
586 0
586 19.7609204558267
586 19.7609204558267
586 19.7609204558267
586 19.7609204558267
586 0
586 1.34403644974295
586 1.34403644974295
586 0.194509353721999
586 0.194509353721999
586 0.194509353721999
586 0
586 0.722302350589396
586 0.0234982879825109
586 0.0234982879825109
586 0.0234982879825109
586 15.7948210320544
586 0.0653171581084982
586 0.168503669206211
586 0.0715244506800508
586 0
586 5.95165719647428
586 0
586 0
586 0
586 0
586 0
586 5.96326958861125
586 5.96326958861125
586 5.96326958861125
586 2.44452814483418
586 0
586 0
586 0
586 1.64417615654287
586 1.64417615654287
586 0
586 0
586 0.868360940868405
586 0.868360940868405
586 0.868360940868405
586 0.0753964033093343
586 0.0753964033093343
586 0.0753964033093343
586 0.150005744658368
585 0
585 19.7609204558267
585 19.7609204558267
585 19.7609204558267
585 19.7609204558267
585 0
585 1.34403644974295
585 1.34403644974295
585 0.194509353721999
585 0.194509353721999
585 0.194509353721999
585 0
585 0.722302350589396
585 0.0234982879825109
585 0.0234982879825109
585 0.0234982879825109
585 15.7948210320544
585 0.0653171581084982
585 0.168503669206211
585 0.0715244506800508
585 0
585 5.95165719647428
585 0
585 0
585 0
585 0
585 0
585 5.96326958861125
585 5.96326958861125
585 5.96326958861125
585 2.44452814483418
585 0
585 0
585 0
585 1.64417615654287
585 1.64417615654287
585 0
585 0
585 0.868360940868405
585 0.868360940868405
585 0.868360940868405
585 0.0753964033093343
585 0.0753964033093343
585 0.0753964033093343
585 0.150005744658368
622 0
622 19.7609204558267
622 19.7609204558267
622 19.7609204558267
622 19.7609204558267
622 0
622 1.34403644974295
622 1.34403644974295
622 0.194509353721999
622 0.194509353721999
622 0.194509353721999
622 0
622 0.722302350589396
622 0.0234982879825109
622 0.0234982879825109
622 0.0234982879825109
622 15.7948210320544
622 0.0653171581084982
622 0.168503669206211
622 0.0715244506800508
622 0
622 5.95165719647428
622 0
622 0
622 0
622 0
622 0
622 5.96326958861125
622 5.96326958861125
622 5.96326958861125
622 2.44452814483418
622 0
622 0
622 0
622 1.64417615654287
622 1.64417615654287
622 0
622 0
622 0.868360940868405
622 0.868360940868405
622 0.868360940868405
622 0.0753964033093343
622 0.0753964033093343
622 0.0753964033093343
622 0.150005744658368
621 0
621 19.7609204558267
621 19.7609204558267
621 19.7609204558267
621 19.7609204558267
621 0
621 1.34403644974295
621 1.34403644974295
621 0.194509353721999
621 0.194509353721999
621 0.194509353721999
621 0
621 0.722302350589396
621 0.0234982879825109
621 0.0234982879825109
621 0.0234982879825109
621 15.7948210320544
621 0.0653171581084982
621 0.168503669206211
621 0.0715244506800508
621 0
621 5.95165719647428
621 0
621 0
621 0
621 0
621 0
621 5.96326958861125
621 5.96326958861125
621 5.96326958861125
621 2.44452814483418
621 0
621 0
621 0
621 1.64417615654287
621 1.64417615654287
621 0
621 0
621 0.868360940868405
621 0.868360940868405
621 0.868360940868405
621 0.0753964033093343
621 0.0753964033093343
621 0.0753964033093343
621 0.150005744658368
10237 0
10237 19.7609204558267
10237 19.7609204558267
10237 19.7609204558267
10237 19.7609204558267
10237 0
10237 1.34403644974295
10237 1.34403644974295
10237 0.194509353721999
10237 0.194509353721999
10237 0.194509353721999
10237 0
10237 0.722302350589396
10237 0.0234982879825109
10237 0.0234982879825109
10237 0.0234982879825109
10237 15.7948210320544
10237 0.0653171581084982
10237 0.168503669206211
10237 0.0715244506800508
10237 0
10237 5.95165719647428
10237 0
10237 0
10237 0
10237 0
10237 0
10237 5.96326958861125
10237 5.96326958861125
10237 5.96326958861125
10237 2.44452814483418
10237 0
10237 0
10237 0
10237 1.64417615654287
10237 1.64417615654287
10237 0
10237 0
10237 0.868360940868405
10237 0.868360940868405
10237 0.868360940868405
10237 0.0753964033093343
10237 0.0753964033093343
10237 0.0753964033093343
10237 0.150005744658368
10486 0
10486 19.7609204558267
10486 19.7609204558267
10486 19.7609204558267
10486 19.7609204558267
10486 0
10486 1.34403644974295
10486 1.34403644974295
10486 0.194509353721999
10486 0.194509353721999
10486 0.194509353721999
10486 0
10486 0.722302350589396
10486 0.0234982879825109
10486 0.0234982879825109
10486 0.0234982879825109
10486 15.7948210320544
10486 0.0653171581084982
10486 0.168503669206211
10486 0.0715244506800508
10486 0
10486 5.95165719647428
10486 0
10486 0
10486 0
10486 0
10486 0
10486 5.96326958861125
10486 5.96326958861125
10486 5.96326958861125
10486 2.44452814483418
10486 0
10486 0
10486 0
10486 1.64417615654287
10486 1.64417615654287
10486 0
10486 0
10486 0.868360940868405
10486 0.868360940868405
10486 0.868360940868405
10486 0.0753964033093343
10486 0.0753964033093343
10486 0.0753964033093343
10486 0.150005744658368
661 0
661 19.7609204558267
661 19.7609204558267
661 19.7609204558267
661 19.7609204558267
661 0
661 1.34403644974295
661 1.34403644974295
661 0.194509353721999
661 0.194509353721999
661 0.194509353721999
661 0
661 0.722302350589396
661 0.0234982879825109
661 0.0234982879825109
661 0.0234982879825109
661 15.7948210320544
661 0.0653171581084982
661 0.168503669206211
661 0.0715244506800508
661 0
661 5.95165719647428
661 0
661 0
661 0
661 0
661 0
661 5.96326958861125
661 5.96326958861125
661 5.96326958861125
661 2.44452814483418
661 0
661 0
661 0
661 1.64417615654287
661 1.64417615654287
661 0
661 0
661 0.868360940868405
661 0.868360940868405
661 0.868360940868405
661 0.0753964033093343
661 0.0753964033093343
661 0.0753964033093343
661 0.150005744658368
660 0
660 19.7609204558267
660 19.7609204558267
660 19.7609204558267
660 19.7609204558267
660 0
660 1.34403644974295
660 1.34403644974295
660 0.194509353721999
660 0.194509353721999
660 0.194509353721999
660 0
660 0.722302350589396
660 0.0234982879825109
660 0.0234982879825109
660 0.0234982879825109
660 15.7948210320544
660 0.0653171581084982
660 0.168503669206211
660 0.0715244506800508
660 0
660 5.95165719647428
660 0
660 0
660 0
660 0
660 0
660 5.96326958861125
660 5.96326958861125
660 5.96326958861125
660 2.44452814483418
660 0
660 0
660 0
660 1.64417615654287
660 1.64417615654287
660 0
660 0
660 0.868360940868405
660 0.868360940868405
660 0.868360940868405
660 0.0753964033093343
660 0.0753964033093343
660 0.0753964033093343
660 0.150005744658368
659 0
659 19.7609204558267
659 19.7609204558267
659 19.7609204558267
659 19.7609204558267
659 0
659 1.34403644974295
659 1.34403644974295
659 0.194509353721999
659 0.194509353721999
659 0.194509353721999
659 0
659 0.722302350589396
659 0.0234982879825109
659 0.0234982879825109
659 0.0234982879825109
659 15.7948210320544
659 0.0653171581084982
659 0.168503669206211
659 0.0715244506800508
659 0
659 5.95165719647428
659 0
659 0
659 0
659 0
659 0
659 5.96326958861125
659 5.96326958861125
659 5.96326958861125
659 2.44452814483418
659 0
659 0
659 0
659 1.64417615654287
659 1.64417615654287
659 0
659 0
659 0.868360940868405
659 0.868360940868405
659 0.868360940868405
659 0.0753964033093343
659 0.0753964033093343
659 0.0753964033093343
659 0.150005744658368
698 0
698 19.7609204558267
698 19.7609204558267
698 19.7609204558267
698 19.7609204558267
698 0
698 1.34403644974295
698 1.34403644974295
698 0.194509353721999
698 0.194509353721999
698 0.194509353721999
698 0
698 0.722302350589396
698 0.0234982879825109
698 0.0234982879825109
698 0.0234982879825109
698 15.7948210320544
698 0.0653171581084982
698 0.168503669206211
698 0.0715244506800508
698 0
698 5.95165719647428
698 0
698 0
698 0
698 0
698 0
698 5.96326958861125
698 5.96326958861125
698 5.96326958861125
698 2.44452814483418
698 0
698 0
698 0
698 1.64417615654287
698 1.64417615654287
698 0
698 0
698 0.868360940868405
698 0.868360940868405
698 0.868360940868405
698 0.0753964033093343
698 0.0753964033093343
698 0.0753964033093343
698 0.150005744658368
10483 0
10483 19.7609204558267
10483 19.7609204558267
10483 19.7609204558267
10483 19.7609204558267
10483 0
10483 1.34403644974295
10483 1.34403644974295
10483 0.194509353721999
10483 0.194509353721999
10483 0.194509353721999
10483 0
10483 0.722302350589396
10483 0.0234982879825109
10483 0.0234982879825109
10483 0.0234982879825109
10483 15.7948210320544
10483 0.0653171581084982
10483 0.168503669206211
10483 0.0715244506800508
10483 0
10483 5.95165719647428
10483 0
10483 0
10483 0
10483 0
10483 0
10483 5.96326958861125
10483 5.96326958861125
10483 5.96326958861125
10483 2.44452814483418
10483 0
10483 0
10483 0
10483 1.64417615654287
10483 1.64417615654287
10483 0
10483 0
10483 0.868360940868405
10483 0.868360940868405
10483 0.868360940868405
10483 0.0753964033093343
10483 0.0753964033093343
10483 0.0753964033093343
10483 0.150005744658368
