pt_graph shape
30 1
30 1
30 1
30 1
30 1
30 1
30 1
30 1
30 1
30 1
30 1
30 1
30 1
30 1
30 1
30 1
30 1
30 1
30 1
30 1
30 1
30 1
30 1
30 1
30 1
30 1
30 1
30 1
30 1
30 1
30 1
30 1
30 1
30 1
30 1
30 1
30 1
30 1
30 1
30 1
30 1
30 1
30 1
30 1
30 1
42 1
42 1
42 1
42 1
42 1
42 1
42 1
42 1
42 1
42 1
42 1
42 1
42 1
42 1
42 1
42 1
42 1
42 1
42 1
42 1
42 1
42 1
42 1
42 1
42 1
42 1
42 1
42 1
42 1
42 1
42 1
42 1
42 1
42 1
42 1
42 1
42 1
42 1
42 1
42 1
42 1
42 1
42 1
42 1
42 1
48 1
48 1
48 1
48 1
48 1
48 1
48 1
48 1
48 1
48 1
48 1
48 1
48 1
48 1
48 1
48 1
48 1
48 1
48 1
48 1
48 1
48 1
48 1
48 1
48 1
48 1
48 1
48 1
48 1
48 1
48 1
48 1
48 1
48 1
48 1
48 1
48 1
48 1
48 1
48 1
48 1
48 1
48 1
48 1
48 1
51 1
51 1
51 1
51 1
51 1
51 1
51 1
51 1
51 1
51 1
51 1
51 1
51 1
51 1
51 1
51 1
51 1
51 1
51 1
51 1
51 1
51 1
51 1
51 1
51 1
51 1
51 1
51 1
51 1
51 1
51 1
51 1
51 1
51 1
51 1
51 1
51 1
51 1
51 1
51 1
51 1
51 1
51 1
51 1
51 1
53 1
53 1
53 1
53 1
53 1
53 1
53 1
53 1
53 1
53 1
53 1
53 1
53 1
53 1
53 1
53 1
53 1
53 1
53 1
53 1
53 1
53 1
53 1
53 1
53 1
53 1
53 1
53 1
53 1
53 1
53 1
53 1
53 1
53 1
53 1
53 1
53 1
53 1
53 1
53 1
53 1
53 1
53 1
53 1
53 1
54 1
54 1
54 1
54 1
54 1
54 1
54 1
54 1
54 1
54 1
54 1
54 1
54 1
54 1
54 1
54 1
54 1
54 1
54 1
54 1
54 1
54 1
54 1
54 1
54 1
54 1
54 1
54 1
54 1
54 1
54 1
54 1
54 1
54 1
54 1
54 1
54 1
54 1
54 1
54 1
54 1
54 1
54 1
54 1
54 1
55 1
55 1
55 1
55 1
55 1
55 1
55 1
55 1
55 1
55 1
55 1
55 1
55 1
55 1
55 1
55 1
55 1
55 1
55 1
55 1
55 1
55 1
55 1
55 1
55 1
55 1
55 1
55 1
55 1
55 1
55 1
55 1
55 1
55 1
55 1
55 1
55 1
55 1
55 1
55 1
55 1
55 1
55 1
55 1
55 1
56 1
56 1
56 1
56 1
56 1
56 1
56 1
56 1
56 1
56 1
56 1
56 1
56 1
56 1
56 1
56 1
56 1
56 1
56 1
56 1
56 1
56 1
56 1
56 1
56 1
56 1
56 1
56 1
56 1
56 1
56 1
56 1
56 1
56 1
56 1
56 1
56 1
56 1
56 1
56 1
56 1
56 1
56 1
56 1
56 1
75 1
75 1
75 1
75 1
75 1
75 1
75 1
75 1
75 1
75 1
75 1
75 1
75 1
75 1
75 1
75 1
75 1
75 1
75 1
75 1
75 1
75 1
75 1
75 1
75 1
75 1
75 1
75 1
75 1
75 1
75 1
75 1
75 1
75 1
75 1
75 1
75 1
75 1
75 1
75 1
75 1
75 1
75 1
75 1
75 1
77 1
77 1
77 1
77 1
77 1
77 1
77 1
77 1
77 1
77 1
77 1
77 1
77 1
77 1
77 1
77 1
77 1
77 1
77 1
77 1
77 1
77 1
77 1
77 1
77 1
77 1
77 1
77 1
77 1
77 1
77 1
77 1
77 1
77 1
77 1
77 1
77 1
77 1
77 1
77 1
77 1
77 1
77 1
77 1
77 1
90 1
90 1
90 1
90 1
90 1
90 1
90 1
90 1
90 1
90 1
90 1
90 1
90 1
90 1
90 1
90 1
90 1
90 1
90 1
90 1
90 1
90 1
90 1
90 1
90 1
90 1
90 1
90 1
90 1
90 1
90 1
90 1
90 1
90 1
90 1
90 1
90 1
90 1
90 1
90 1
90 1
90 1
90 1
90 1
90 1
91 1
91 1
91 1
91 1
91 1
91 1
91 1
91 1
91 1
91 1
91 1
91 1
91 1
91 1
91 1
91 1
91 1
91 1
91 1
91 1
91 1
91 1
91 1
91 1
91 1
91 1
91 1
91 1
91 1
91 1
91 1
91 1
91 1
91 1
91 1
91 1
91 1
91 1
91 1
91 1
91 1
91 1
91 1
91 1
91 1
98 1
98 1
98 1
98 1
98 1
98 1
98 1
98 1
98 1
98 1
98 1
98 1
98 1
98 1
98 1
98 1
98 1
98 1
98 1
98 1
98 1
98 1
98 1
98 1
98 1
98 1
98 1
98 1
98 1
98 1
98 1
98 1
98 1
98 1
98 1
98 1
98 1
98 1
98 1
98 1
98 1
98 1
98 1
98 1
98 1
100 1
100 1
100 1
100 1
100 1
100 1
100 1
100 1
100 1
100 1
100 1
100 1
100 1
100 1
100 1
100 1
100 1
100 1
100 1
100 1
100 1
100 1
100 1
100 1
100 1
100 1
100 1
100 1
100 1
100 1
100 1
100 1
100 1
100 1
100 1
100 1
100 1
100 1
100 1
100 1
100 1
100 1
100 1
100 1
100 1
110 1
110 1
110 1
110 1
110 1
110 1
110 1
110 1
110 1
110 1
110 1
110 1
110 1
110 1
110 1
110 1
110 1
110 1
110 1
110 1
110 1
110 1
110 1
110 1
110 1
110 1
110 1
110 1
110 1
110 1
110 1
110 1
110 1
110 1
110 1
110 1
110 1
110 1
110 1
110 1
110 1
110 1
110 1
110 1
110 1
113 1
113 1
113 1
113 1
113 1
113 1
113 1
113 1
113 1
113 1
113 1
113 1
113 1
113 1
113 1
113 1
113 1
113 1
113 1
113 1
113 1
113 1
113 1
113 1
113 1
113 1
113 1
113 1
113 1
113 1
113 1
113 1
113 1
113 1
113 1
113 1
113 1
113 1
113 1
113 1
113 1
113 1
113 1
113 1
113 1
117 1
117 1
117 1
117 1
117 1
117 1
117 1
117 1
117 1
117 1
117 1
117 1
117 1
117 1
117 1
117 1
117 1
117 1
117 1
117 1
117 1
117 1
117 1
117 1
117 1
117 1
117 1
117 1
117 1
117 1
117 1
117 1
117 1
117 1
117 1
117 1
117 1
117 1
117 1
117 1
117 1
117 1
117 1
117 1
117 1
122 1
122 1
122 1
122 1
122 1
122 1
122 1
122 1
122 1
122 1
122 1
122 1
122 1
122 1
122 1
122 1
122 1
122 1
122 1
122 1
122 1
122 1
122 1
122 1
122 1
122 1
122 1
122 1
122 1
122 1
122 1
122 1
122 1
122 1
122 1
122 1
122 1
122 1
122 1
122 1
122 1
122 1
122 1
122 1
122 1
133 1
133 1
133 1
133 1
133 1
133 1
133 1
133 1
133 1
133 1
133 1
133 1
133 1
133 1
133 1
133 1
133 1
133 1
133 1
133 1
133 1
133 1
133 1
133 1
133 1
133 1
133 1
133 1
133 1
133 1
133 1
133 1
133 1
133 1
133 1
133 1
133 1
133 1
133 1
133 1
133 1
133 1
133 1
133 1
133 1
135 1
135 1
135 1
135 1
135 1
135 1
135 1
135 1
135 1
135 1
135 1
135 1
135 1
135 1
135 1
135 1
135 1
135 1
135 1
135 1
135 1
135 1
135 1
135 1
135 1
135 1
135 1
135 1
135 1
135 1
135 1
135 1
135 1
135 1
135 1
135 1
135 1
135 1
135 1
135 1
135 1
135 1
135 1
135 1
135 1
140 1
140 1
140 1
140 1
140 1
140 1
140 1
140 1
140 1
140 1
140 1
140 1
140 1
140 1
140 1
140 1
140 1
140 1
140 1
140 1
140 1
140 1
140 1
140 1
140 1
140 1
140 1
140 1
140 1
140 1
140 1
140 1
140 1
140 1
140 1
140 1
140 1
140 1
140 1
140 1
140 1
140 1
140 1
140 1
140 1
143 1
143 1
143 1
143 1
143 1
143 1
143 1
143 1
143 1
143 1
143 1
143 1
143 1
143 1
143 1
143 1
143 1
143 1
143 1
143 1
143 1
143 1
143 1
143 1
143 1
143 1
143 1
143 1
143 1
143 1
143 1
143 1
143 1
143 1
143 1
143 1
143 1
143 1
143 1
143 1
143 1
143 1
143 1
143 1
143 1
10239 1
10239 1
10239 1
10239 1
10239 1
10239 1
10239 1
10239 1
10239 1
10239 1
10239 1
10239 1
10239 1
10239 1
10239 1
10239 1
10239 1
10239 1
10239 1
10239 1
10239 1
10239 1
10239 1
10239 1
10239 1
10239 1
10239 1
10239 1
10239 1
10239 1
10239 1
10239 1
10239 1
10239 1
10239 1
10239 1
10239 1
10239 1
10239 1
10239 1
10239 1
10239 1
10239 1
10239 1
10239 1
153 1
153 1
153 1
153 1
153 1
153 1
153 1
153 1
153 1
153 1
153 1
153 1
153 1
153 1
153 1
153 1
153 1
153 1
153 1
153 1
153 1
153 1
153 1
153 1
153 1
153 1
153 1
153 1
153 1
153 1
153 1
153 1
153 1
153 1
153 1
153 1
153 1
153 1
153 1
153 1
153 1
153 1
153 1
153 1
153 1
161 1
161 1
161 1
161 1
161 1
161 1
161 1
161 1
161 1
161 1
161 1
161 1
161 1
161 1
161 1
161 1
161 1
161 1
161 1
161 1
161 1
161 1
161 1
161 1
161 1
161 1
161 1
161 1
161 1
161 1
161 1
161 1
161 1
161 1
161 1
161 1
161 1
161 1
161 1
161 1
161 1
161 1
161 1
161 1
161 1
182 1
182 1
182 1
182 1
182 1
182 1
182 1
182 1
182 1
182 1
182 1
182 1
182 1
182 1
182 1
182 1
182 1
182 1
182 1
182 1
182 1
182 1
182 1
182 1
182 1
182 1
182 1
182 1
182 1
182 1
182 1
182 1
182 1
182 1
182 1
182 1
182 1
182 1
182 1
182 1
182 1
182 1
182 1
182 1
182 1
185 1
185 1
185 1
185 1
185 1
185 1
185 1
185 1
185 1
185 1
185 1
185 1
185 1
185 1
185 1
185 1
185 1
185 1
185 1
185 1
185 1
185 1
185 1
185 1
185 1
185 1
185 1
185 1
185 1
185 1
185 1
185 1
185 1
185 1
185 1
185 1
185 1
185 1
185 1
185 1
185 1
185 1
185 1
185 1
185 1
200 1
200 1
200 1
200 1
200 1
200 1
200 1
200 1
200 1
200 1
200 1
200 1
200 1
200 1
200 1
200 1
200 1
200 1
200 1
200 1
200 1
200 1
200 1
200 1
200 1
200 1
200 1
200 1
200 1
200 1
200 1
200 1
200 1
200 1
200 1
200 1
200 1
200 1
200 1
200 1
200 1
200 1
200 1
200 1
200 1
201 1
201 1
201 1
201 1
201 1
201 1
201 1
201 1
201 1
201 1
201 1
201 1
201 1
201 1
201 1
201 1
201 1
201 1
201 1
201 1
201 1
201 1
201 1
201 1
201 1
201 1
201 1
201 1
201 1
201 1
201 1
201 1
201 1
201 1
201 1
201 1
201 1
201 1
201 1
201 1
201 1
201 1
201 1
201 1
201 1
207 1
207 1
207 1
207 1
207 1
207 1
207 1
207 1
207 1
207 1
207 1
207 1
207 1
207 1
207 1
207 1
207 1
207 1
207 1
207 1
207 1
207 1
207 1
207 1
207 1
207 1
207 1
207 1
207 1
207 1
207 1
207 1
207 1
207 1
207 1
207 1
207 1
207 1
207 1
207 1
207 1
207 1
207 1
207 1
207 1
208 1
208 1
208 1
208 1
208 1
208 1
208 1
208 1
208 1
208 1
208 1
208 1
208 1
208 1
208 1
208 1
208 1
208 1
208 1
208 1
208 1
208 1
208 1
208 1
208 1
208 1
208 1
208 1
208 1
208 1
208 1
208 1
208 1
208 1
208 1
208 1
208 1
208 1
208 1
208 1
208 1
208 1
208 1
208 1
208 1
217 1
217 1
217 1
217 1
217 1
217 1
217 1
217 1
217 1
217 1
217 1
217 1
217 1
217 1
217 1
217 1
217 1
217 1
217 1
217 1
217 1
217 1
217 1
217 1
217 1
217 1
217 1
217 1
217 1
217 1
217 1
217 1
217 1
217 1
217 1
217 1
217 1
217 1
217 1
217 1
217 1
217 1
217 1
217 1
217 1
220 1
220 1
220 1
220 1
220 1
220 1
220 1
220 1
220 1
220 1
220 1
220 1
220 1
220 1
220 1
220 1
220 1
220 1
220 1
220 1
220 1
220 1
220 1
220 1
220 1
220 1
220 1
220 1
220 1
220 1
220 1
220 1
220 1
220 1
220 1
220 1
220 1
220 1
220 1
220 1
220 1
220 1
220 1
220 1
220 1
230 1
230 1
230 1
230 1
230 1
230 1
230 1
230 1
230 1
230 1
230 1
230 1
230 1
230 1
230 1
230 1
230 1
230 1
230 1
230 1
230 1
230 1
230 1
230 1
230 1
230 1
230 1
230 1
230 1
230 1
230 1
230 1
230 1
230 1
230 1
230 1
230 1
230 1
230 1
230 1
230 1
230 1
230 1
230 1
230 1
231 1
231 1
231 1
231 1
231 1
231 1
231 1
231 1
231 1
231 1
231 1
231 1
231 1
231 1
231 1
231 1
231 1
231 1
231 1
231 1
231 1
231 1
231 1
231 1
231 1
231 1
231 1
231 1
231 1
231 1
231 1
231 1
231 1
231 1
231 1
231 1
231 1
231 1
231 1
231 1
231 1
231 1
231 1
231 1
231 1
242 1
242 1
242 1
242 1
242 1
242 1
242 1
242 1
242 1
242 1
242 1
242 1
242 1
242 1
242 1
242 1
242 1
242 1
242 1
242 1
242 1
242 1
242 1
242 1
242 1
242 1
242 1
242 1
242 1
242 1
242 1
242 1
242 1
242 1
242 1
242 1
242 1
242 1
242 1
242 1
242 1
242 1
242 1
242 1
242 1
246 1
246 1
246 1
246 1
246 1
246 1
246 1
246 1
246 1
246 1
246 1
246 1
246 1
246 1
246 1
246 1
246 1
246 1
246 1
246 1
246 1
246 1
246 1
246 1
246 1
246 1
246 1
246 1
246 1
246 1
246 1
246 1
246 1
246 1
246 1
246 1
246 1
246 1
246 1
246 1
246 1
246 1
246 1
246 1
246 1
263 1
263 1
263 1
263 1
263 1
263 1
263 1
263 1
263 1
263 1
263 1
263 1
263 1
263 1
263 1
263 1
263 1
263 1
263 1
263 1
263 1
263 1
263 1
263 1
263 1
263 1
263 1
263 1
263 1
263 1
263 1
263 1
263 1
263 1
263 1
263 1
263 1
263 1
263 1
263 1
263 1
263 1
263 1
263 1
263 1
269 1
269 1
269 1
269 1
269 1
269 1
269 1
269 1
269 1
269 1
269 1
269 1
269 1
269 1
269 1
269 1
269 1
269 1
269 1
269 1
269 1
269 1
269 1
269 1
269 1
269 1
269 1
269 1
269 1
269 1
269 1
269 1
269 1
269 1
269 1
269 1
269 1
269 1
269 1
269 1
269 1
269 1
269 1
269 1
269 1
283 1
283 1
283 1
283 1
283 1
283 1
283 1
283 1
283 1
283 1
283 1
283 1
283 1
283 1
283 1
283 1
283 1
283 1
283 1
283 1
283 1
283 1
283 1
283 1
283 1
283 1
283 1
283 1
283 1
283 1
283 1
283 1
283 1
283 1
283 1
283 1
283 1
283 1
283 1
283 1
283 1
283 1
283 1
283 1
283 1
284 1
284 1
284 1
284 1
284 1
284 1
284 1
284 1
284 1
284 1
284 1
284 1
284 1
284 1
284 1
284 1
284 1
284 1
284 1
284 1
284 1
284 1
284 1
284 1
284 1
284 1
284 1
284 1
284 1
284 1
284 1
284 1
284 1
284 1
284 1
284 1
284 1
284 1
284 1
284 1
284 1
284 1
284 1
284 1
284 1
311 1
311 1
311 1
311 1
311 1
311 1
311 1
311 1
311 1
311 1
311 1
311 1
311 1
311 1
311 1
311 1
311 1
311 1
311 1
311 1
311 1
311 1
311 1
311 1
311 1
311 1
311 1
311 1
311 1
311 1
311 1
311 1
311 1
311 1
311 1
311 1
311 1
311 1
311 1
311 1
311 1
311 1
311 1
311 1
311 1
314 1
314 1
314 1
314 1
314 1
314 1
314 1
314 1
314 1
314 1
314 1
314 1
314 1
314 1
314 1
314 1
314 1
314 1
314 1
314 1
314 1
314 1
314 1
314 1
314 1
314 1
314 1
314 1
314 1
314 1
314 1
314 1
314 1
314 1
314 1
314 1
314 1
314 1
314 1
314 1
314 1
314 1
314 1
314 1
314 1
332 1
332 1
332 1
332 1
332 1
332 1
332 1
332 1
332 1
332 1
332 1
332 1
332 1
332 1
332 1
332 1
332 1
332 1
332 1
332 1
332 1
332 1
332 1
332 1
332 1
332 1
332 1
332 1
332 1
332 1
332 1
332 1
332 1
332 1
332 1
332 1
332 1
332 1
332 1
332 1
332 1
332 1
332 1
332 1
332 1
346 1
346 1
346 1
346 1
346 1
346 1
346 1
346 1
346 1
346 1
346 1
346 1
346 1
346 1
346 1
346 1
346 1
346 1
346 1
346 1
346 1
346 1
346 1
346 1
346 1
346 1
346 1
346 1
346 1
346 1
346 1
346 1
346 1
346 1
346 1
346 1
346 1
346 1
346 1
346 1
346 1
346 1
346 1
346 1
346 1
347 1
347 1
347 1
347 1
347 1
347 1
347 1
347 1
347 1
347 1
347 1
347 1
347 1
347 1
347 1
347 1
347 1
347 1
347 1
347 1
347 1
347 1
347 1
347 1
347 1
347 1
347 1
347 1
347 1
347 1
347 1
347 1
347 1
347 1
347 1
347 1
347 1
347 1
347 1
347 1
347 1
347 1
347 1
347 1
347 1
351 1
351 1
351 1
351 1
351 1
351 1
351 1
351 1
351 1
351 1
351 1
351 1
351 1
351 1
351 1
351 1
351 1
351 1
351 1
351 1
351 1
351 1
351 1
351 1
351 1
351 1
351 1
351 1
351 1
351 1
351 1
351 1
351 1
351 1
351 1
351 1
351 1
351 1
351 1
351 1
351 1
351 1
351 1
351 1
351 1
377 1
377 1
377 1
377 1
377 1
377 1
377 1
377 1
377 1
377 1
377 1
377 1
377 1
377 1
377 1
377 1
377 1
377 1
377 1
377 1
377 1
377 1
377 1
377 1
377 1
377 1
377 1
377 1
377 1
377 1
377 1
377 1
377 1
377 1
377 1
377 1
377 1
377 1
377 1
377 1
377 1
377 1
377 1
377 1
377 1
426 1
426 1
426 1
426 1
426 1
426 1
426 1
426 1
426 1
426 1
426 1
426 1
426 1
426 1
426 1
426 1
426 1
426 1
426 1
426 1
426 1
426 1
426 1
426 1
426 1
426 1
426 1
426 1
426 1
426 1
426 1
426 1
426 1
426 1
426 1
426 1
426 1
426 1
426 1
426 1
426 1
426 1
426 1
426 1
426 1
433 1
433 1
433 1
433 1
433 1
433 1
433 1
433 1
433 1
433 1
433 1
433 1
433 1
433 1
433 1
433 1
433 1
433 1
433 1
433 1
433 1
433 1
433 1
433 1
433 1
433 1
433 1
433 1
433 1
433 1
433 1
433 1
433 1
433 1
433 1
433 1
433 1
433 1
433 1
433 1
433 1
433 1
433 1
433 1
433 1
441 1
441 1
441 1
441 1
441 1
441 1
441 1
441 1
441 1
441 1
441 1
441 1
441 1
441 1
441 1
441 1
441 1
441 1
441 1
441 1
441 1
441 1
441 1
441 1
441 1
441 1
441 1
441 1
441 1
441 1
441 1
441 1
441 1
441 1
441 1
441 1
441 1
441 1
441 1
441 1
441 1
441 1
441 1
441 1
441 1
446 1
446 1
446 1
446 1
446 1
446 1
446 1
446 1
446 1
446 1
446 1
446 1
446 1
446 1
446 1
446 1
446 1
446 1
446 1
446 1
446 1
446 1
446 1
446 1
446 1
446 1
446 1
446 1
446 1
446 1
446 1
446 1
446 1
446 1
446 1
446 1
446 1
446 1
446 1
446 1
446 1
446 1
446 1
446 1
446 1
459 1
459 1
459 1
459 1
459 1
459 1
459 1
459 1
459 1
459 1
459 1
459 1
459 1
459 1
459 1
459 1
459 1
459 1
459 1
459 1
459 1
459 1
459 1
459 1
459 1
459 1
459 1
459 1
459 1
459 1
459 1
459 1
459 1
459 1
459 1
459 1
459 1
459 1
459 1
459 1
459 1
459 1
459 1
459 1
459 1
476 1
476 1
476 1
476 1
476 1
476 1
476 1
476 1
476 1
476 1
476 1
476 1
476 1
476 1
476 1
476 1
476 1
476 1
476 1
476 1
476 1
476 1
476 1
476 1
476 1
476 1
476 1
476 1
476 1
476 1
476 1
476 1
476 1
476 1
476 1
476 1
476 1
476 1
476 1
476 1
476 1
476 1
476 1
476 1
476 1
484 1
484 1
484 1
484 1
484 1
484 1
484 1
484 1
484 1
484 1
484 1
484 1
484 1
484 1
484 1
484 1
484 1
484 1
484 1
484 1
484 1
484 1
484 1
484 1
484 1
484 1
484 1
484 1
484 1
484 1
484 1
484 1
484 1
484 1
484 1
484 1
484 1
484 1
484 1
484 1
484 1
484 1
484 1
484 1
484 1
508 1
508 1
508 1
508 1
508 1
508 1
508 1
508 1
508 1
508 1
508 1
508 1
508 1
508 1
508 1
508 1
508 1
508 1
508 1
508 1
508 1
508 1
508 1
508 1
508 1
508 1
508 1
508 1
508 1
508 1
508 1
508 1
508 1
508 1
508 1
508 1
508 1
508 1
508 1
508 1
508 1
508 1
508 1
508 1
508 1
509 1
509 1
509 1
509 1
509 1
509 1
509 1
509 1
509 1
509 1
509 1
509 1
509 1
509 1
509 1
509 1
509 1
509 1
509 1
509 1
509 1
509 1
509 1
509 1
509 1
509 1
509 1
509 1
509 1
509 1
509 1
509 1
509 1
509 1
509 1
509 1
509 1
509 1
509 1
509 1
509 1
509 1
509 1
509 1
509 1
526 1
526 1
526 1
526 1
526 1
526 1
526 1
526 1
526 1
526 1
526 1
526 1
526 1
526 1
526 1
526 1
526 1
526 1
526 1
526 1
526 1
526 1
526 1
526 1
526 1
526 1
526 1
526 1
526 1
526 1
526 1
526 1
526 1
526 1
526 1
526 1
526 1
526 1
526 1
526 1
526 1
526 1
526 1
526 1
526 1
538 1
538 1
538 1
538 1
538 1
538 1
538 1
538 1
538 1
538 1
538 1
538 1
538 1
538 1
538 1
538 1
538 1
538 1
538 1
538 1
538 1
538 1
538 1
538 1
538 1
538 1
538 1
538 1
538 1
538 1
538 1
538 1
538 1
538 1
538 1
538 1
538 1
538 1
538 1
538 1
538 1
538 1
538 1
538 1
538 1
543 1
543 1
543 1
543 1
543 1
543 1
543 1
543 1
543 1
543 1
543 1
543 1
543 1
543 1
543 1
543 1
543 1
543 1
543 1
543 1
543 1
543 1
543 1
543 1
543 1
543 1
543 1
543 1
543 1
543 1
543 1
543 1
543 1
543 1
543 1
543 1
543 1
543 1
543 1
543 1
543 1
543 1
543 1
543 1
543 1
569 1
569 1
569 1
569 1
569 1
569 1
569 1
569 1
569 1
569 1
569 1
569 1
569 1
569 1
569 1
569 1
569 1
569 1
569 1
569 1
569 1
569 1
569 1
569 1
569 1
569 1
569 1
569 1
569 1
569 1
569 1
569 1
569 1
569 1
569 1
569 1
569 1
569 1
569 1
569 1
569 1
569 1
569 1
569 1
569 1
585 1
585 1
585 1
585 1
585 1
585 1
585 1
585 1
585 1
585 1
585 1
585 1
585 1
585 1
585 1
585 1
585 1
585 1
585 1
585 1
585 1
585 1
585 1
585 1
585 1
585 1
585 1
585 1
585 1
585 1
585 1
585 1
585 1
585 1
585 1
585 1
585 1
585 1
585 1
585 1
585 1
585 1
585 1
585 1
585 1
604 1
604 1
604 1
604 1
604 1
604 1
604 1
604 1
604 1
604 1
604 1
604 1
604 1
604 1
604 1
604 1
604 1
604 1
604 1
604 1
604 1
604 1
604 1
604 1
604 1
604 1
604 1
604 1
604 1
604 1
604 1
604 1
604 1
604 1
604 1
604 1
604 1
604 1
604 1
604 1
604 1
604 1
604 1
604 1
604 1
613 1
613 1
613 1
613 1
613 1
613 1
613 1
613 1
613 1
613 1
613 1
613 1
613 1
613 1
613 1
613 1
613 1
613 1
613 1
613 1
613 1
613 1
613 1
613 1
613 1
613 1
613 1
613 1
613 1
613 1
613 1
613 1
613 1
613 1
613 1
613 1
613 1
613 1
613 1
613 1
613 1
613 1
613 1
613 1
613 1
622 1
622 1
622 1
622 1
622 1
622 1
622 1
622 1
622 1
622 1
622 1
622 1
622 1
622 1
622 1
622 1
622 1
622 1
622 1
622 1
622 1
622 1
622 1
622 1
622 1
622 1
622 1
622 1
622 1
622 1
622 1
622 1
622 1
622 1
622 1
622 1
622 1
622 1
622 1
622 1
622 1
622 1
622 1
622 1
622 1
621 1
621 1
621 1
621 1
621 1
621 1
621 1
621 1
621 1
621 1
621 1
621 1
621 1
621 1
621 1
621 1
621 1
621 1
621 1
621 1
621 1
621 1
621 1
621 1
621 1
621 1
621 1
621 1
621 1
621 1
621 1
621 1
621 1
621 1
621 1
621 1
621 1
621 1
621 1
621 1
621 1
621 1
621 1
621 1
621 1
620 1
620 1
620 1
620 1
620 1
620 1
620 1
620 1
620 1
620 1
620 1
620 1
620 1
620 1
620 1
620 1
620 1
620 1
620 1
620 1
620 1
620 1
620 1
620 1
620 1
620 1
620 1
620 1
620 1
620 1
620 1
620 1
620 1
620 1
620 1
620 1
620 1
620 1
620 1
620 1
620 1
620 1
620 1
620 1
620 1
619 1
619 1
619 1
619 1
619 1
619 1
619 1
619 1
619 1
619 1
619 1
619 1
619 1
619 1
619 1
619 1
619 1
619 1
619 1
619 1
619 1
619 1
619 1
619 1
619 1
619 1
619 1
619 1
619 1
619 1
619 1
619 1
619 1
619 1
619 1
619 1
619 1
619 1
619 1
619 1
619 1
619 1
619 1
619 1
619 1
10488 1
10488 1
10488 1
10488 1
10488 1
10488 1
10488 1
10488 1
10488 1
10488 1
10488 1
10488 1
10488 1
10488 1
10488 1
10488 1
10488 1
10488 1
10488 1
10488 1
10488 1
10488 1
10488 1
10488 1
10488 1
10488 1
10488 1
10488 1
10488 1
10488 1
10488 1
10488 1
10488 1
10488 1
10488 1
10488 1
10488 1
10488 1
10488 1
10488 1
10488 1
10488 1
10488 1
10488 1
10488 1
10237 1
10237 1
10237 1
10237 1
10237 1
10237 1
10237 1
10237 1
10237 1
10237 1
10237 1
10237 1
10237 1
10237 1
10237 1
10237 1
10237 1
10237 1
10237 1
10237 1
10237 1
10237 1
10237 1
10237 1
10237 1
10237 1
10237 1
10237 1
10237 1
10237 1
10237 1
10237 1
10237 1
10237 1
10237 1
10237 1
10237 1
10237 1
10237 1
10237 1
10237 1
10237 1
10237 1
10237 1
10237 1
10486 1
10486 1
10486 1
10486 1
10486 1
10486 1
10486 1
10486 1
10486 1
10486 1
10486 1
10486 1
10486 1
10486 1
10486 1
10486 1
10486 1
10486 1
10486 1
10486 1
10486 1
10486 1
10486 1
10486 1
10486 1
10486 1
10486 1
10486 1
10486 1
10486 1
10486 1
10486 1
10486 1
10486 1
10486 1
10486 1
10486 1
10486 1
10486 1
10486 1
10486 1
10486 1
10486 1
10486 1
10486 1
638 1
638 1
638 1
638 1
638 1
638 1
638 1
638 1
638 1
638 1
638 1
638 1
638 1
638 1
638 1
638 1
638 1
638 1
638 1
638 1
638 1
638 1
638 1
638 1
638 1
638 1
638 1
638 1
638 1
638 1
638 1
638 1
638 1
638 1
638 1
638 1
638 1
638 1
638 1
638 1
638 1
638 1
638 1
638 1
638 1
642 1
642 1
642 1
642 1
642 1
642 1
642 1
642 1
642 1
642 1
642 1
642 1
642 1
642 1
642 1
642 1
642 1
642 1
642 1
642 1
642 1
642 1
642 1
642 1
642 1
642 1
642 1
642 1
642 1
642 1
642 1
642 1
642 1
642 1
642 1
642 1
642 1
642 1
642 1
642 1
642 1
642 1
642 1
642 1
642 1
645 1
645 1
645 1
645 1
645 1
645 1
645 1
645 1
645 1
645 1
645 1
645 1
645 1
645 1
645 1
645 1
645 1
645 1
645 1
645 1
645 1
645 1
645 1
645 1
645 1
645 1
645 1
645 1
645 1
645 1
645 1
645 1
645 1
645 1
645 1
645 1
645 1
645 1
645 1
645 1
645 1
645 1
645 1
645 1
645 1
661 1
661 1
661 1
661 1
661 1
661 1
661 1
661 1
661 1
661 1
661 1
661 1
661 1
661 1
661 1
661 1
661 1
661 1
661 1
661 1
661 1
661 1
661 1
661 1
661 1
661 1
661 1
661 1
661 1
661 1
661 1
661 1
661 1
661 1
661 1
661 1
661 1
661 1
661 1
661 1
661 1
661 1
661 1
661 1
661 1
660 1
660 1
660 1
660 1
660 1
660 1
660 1
660 1
660 1
660 1
660 1
660 1
660 1
660 1
660 1
660 1
660 1
660 1
660 1
660 1
660 1
660 1
660 1
660 1
660 1
660 1
660 1
660 1
660 1
660 1
660 1
660 1
660 1
660 1
660 1
660 1
660 1
660 1
660 1
660 1
660 1
660 1
660 1
660 1
660 1
657 1
657 1
657 1
657 1
657 1
657 1
657 1
657 1
657 1
657 1
657 1
657 1
657 1
657 1
657 1
657 1
657 1
657 1
657 1
657 1
657 1
657 1
657 1
657 1
657 1
657 1
657 1
657 1
657 1
657 1
657 1
657 1
657 1
657 1
657 1
657 1
657 1
657 1
657 1
657 1
657 1
657 1
657 1
657 1
657 1
683 1
683 1
683 1
683 1
683 1
683 1
683 1
683 1
683 1
683 1
683 1
683 1
683 1
683 1
683 1
683 1
683 1
683 1
683 1
683 1
683 1
683 1
683 1
683 1
683 1
683 1
683 1
683 1
683 1
683 1
683 1
683 1
683 1
683 1
683 1
683 1
683 1
683 1
683 1
683 1
683 1
683 1
683 1
683 1
683 1
684 1
684 1
684 1
684 1
684 1
684 1
684 1
684 1
684 1
684 1
684 1
684 1
684 1
684 1
684 1
684 1
684 1
684 1
684 1
684 1
684 1
684 1
684 1
684 1
684 1
684 1
684 1
684 1
684 1
684 1
684 1
684 1
684 1
684 1
684 1
684 1
684 1
684 1
684 1
684 1
684 1
684 1
684 1
684 1
684 1
695 1
695 1
695 1
695 1
695 1
695 1
695 1
695 1
695 1
695 1
695 1
695 1
695 1
695 1
695 1
695 1
695 1
695 1
695 1
695 1
695 1
695 1
695 1
695 1
695 1
695 1
695 1
695 1
695 1
695 1
695 1
695 1
695 1
695 1
695 1
695 1
695 1
695 1
695 1
695 1
695 1
695 1
695 1
695 1
695 1
694 1
694 1
694 1
694 1
694 1
694 1
694 1
694 1
694 1
694 1
694 1
694 1
694 1
694 1
694 1
694 1
694 1
694 1
694 1
694 1
694 1
694 1
694 1
694 1
694 1
694 1
694 1
694 1
694 1
694 1
694 1
694 1
694 1
694 1
694 1
694 1
694 1
694 1
694 1
694 1
694 1
694 1
694 1
694 1
694 1
715 1
715 1
715 1
715 1
715 1
715 1
715 1
715 1
715 1
715 1
715 1
715 1
715 1
715 1
715 1
715 1
715 1
715 1
715 1
715 1
715 1
715 1
715 1
715 1
715 1
715 1
715 1
715 1
715 1
715 1
715 1
715 1
715 1
715 1
715 1
715 1
715 1
715 1
715 1
715 1
715 1
715 1
715 1
715 1
715 1
736 1
736 1
736 1
736 1
736 1
736 1
736 1
736 1
736 1
736 1
736 1
736 1
736 1
736 1
736 1
736 1
736 1
736 1
736 1
736 1
736 1
736 1
736 1
736 1
736 1
736 1
736 1
736 1
736 1
736 1
736 1
736 1
736 1
736 1
736 1
736 1
736 1
736 1
736 1
736 1
736 1
736 1
736 1
736 1
736 1
732 1
732 1
732 1
732 1
732 1
732 1
732 1
732 1
732 1
732 1
732 1
732 1
732 1
732 1
732 1
732 1
732 1
732 1
732 1
732 1
732 1
732 1
732 1
732 1
732 1
732 1
732 1
732 1
732 1
732 1
732 1
732 1
732 1
732 1
732 1
732 1
732 1
732 1
732 1
732 1
732 1
732 1
732 1
732 1
732 1
731 1
731 1
731 1
731 1
731 1
731 1
731 1
731 1
731 1
731 1
731 1
731 1
731 1
731 1
731 1
731 1
731 1
731 1
731 1
731 1
731 1
731 1
731 1
731 1
731 1
731 1
731 1
731 1
731 1
731 1
731 1
731 1
731 1
731 1
731 1
731 1
731 1
731 1
731 1
731 1
731 1
731 1
731 1
731 1
731 1
756 1
756 1
756 1
756 1
756 1
756 1
756 1
756 1
756 1
756 1
756 1
756 1
756 1
756 1
756 1
756 1
756 1
756 1
756 1
756 1
756 1
756 1
756 1
756 1
756 1
756 1
756 1
756 1
756 1
756 1
756 1
756 1
756 1
756 1
756 1
756 1
756 1
756 1
756 1
756 1
756 1
756 1
756 1
756 1
756 1
773 1
773 1
773 1
773 1
773 1
773 1
773 1
773 1
773 1
773 1
773 1
773 1
773 1
773 1
773 1
773 1
773 1
773 1
773 1
773 1
773 1
773 1
773 1
773 1
773 1
773 1
773 1
773 1
773 1
773 1
773 1
773 1
773 1
773 1
773 1
773 1
773 1
773 1
773 1
773 1
773 1
773 1
773 1
773 1
773 1
763 1
763 1
763 1
763 1
763 1
763 1
763 1
763 1
763 1
763 1
763 1
763 1
763 1
763 1
763 1
763 1
763 1
763 1
763 1
763 1
763 1
763 1
763 1
763 1
763 1
763 1
763 1
763 1
763 1
763 1
763 1
763 1
763 1
763 1
763 1
763 1
763 1
763 1
763 1
763 1
763 1
763 1
763 1
763 1
763 1
793 1
793 1
793 1
793 1
793 1
793 1
793 1
793 1
793 1
793 1
793 1
793 1
793 1
793 1
793 1
793 1
793 1
793 1
793 1
793 1
793 1
793 1
793 1
793 1
793 1
793 1
793 1
793 1
793 1
793 1
793 1
793 1
793 1
793 1
793 1
793 1
793 1
793 1
793 1
793 1
793 1
793 1
793 1
793 1
793 1
795 1
795 1
795 1
795 1
795 1
795 1
795 1
795 1
795 1
795 1
795 1
795 1
795 1
795 1
795 1
795 1
795 1
795 1
795 1
795 1
795 1
795 1
795 1
795 1
795 1
795 1
795 1
795 1
795 1
795 1
795 1
795 1
795 1
795 1
795 1
795 1
795 1
795 1
795 1
795 1
795 1
795 1
795 1
795 1
795 1
812 1
812 1
812 1
812 1
812 1
812 1
812 1
812 1
812 1
812 1
812 1
812 1
812 1
812 1
812 1
812 1
812 1
812 1
812 1
812 1
812 1
812 1
812 1
812 1
812 1
812 1
812 1
812 1
812 1
812 1
812 1
812 1
812 1
812 1
812 1
812 1
812 1
812 1
812 1
812 1
812 1
812 1
812 1
812 1
812 1
811 1
811 1
811 1
811 1
811 1
811 1
811 1
811 1
811 1
811 1
811 1
811 1
811 1
811 1
811 1
811 1
811 1
811 1
811 1
811 1
811 1
811 1
811 1
811 1
811 1
811 1
811 1
811 1
811 1
811 1
811 1
811 1
811 1
811 1
811 1
811 1
811 1
811 1
811 1
811 1
811 1
811 1
811 1
811 1
811 1
854 1
854 1
854 1
854 1
854 1
854 1
854 1
854 1
854 1
854 1
854 1
854 1
854 1
854 1
854 1
854 1
854 1
854 1
854 1
854 1
854 1
854 1
854 1
854 1
854 1
854 1
854 1
854 1
854 1
854 1
854 1
854 1
854 1
854 1
854 1
854 1
854 1
854 1
854 1
854 1
854 1
854 1
854 1
854 1
854 1
10769 1
10769 1
10769 1
10769 1
10769 1
10769 1
10769 1
10769 1
10769 1
10769 1
10769 1
10769 1
10769 1
10769 1
10769 1
10769 1
10769 1
10769 1
10769 1
10769 1
10769 1
10769 1
10769 1
10769 1
10769 1
10769 1
10769 1
10769 1
10769 1
10769 1
10769 1
10769 1
10769 1
10769 1
10769 1
10769 1
10769 1
10769 1
10769 1
10769 1
10769 1
10769 1
10769 1
10769 1
10769 1
853 1
853 1
853 1
853 1
853 1
853 1
853 1
853 1
853 1
853 1
853 1
853 1
853 1
853 1
853 1
853 1
853 1
853 1
853 1
853 1
853 1
853 1
853 1
853 1
853 1
853 1
853 1
853 1
853 1
853 1
853 1
853 1
853 1
853 1
853 1
853 1
853 1
853 1
853 1
853 1
853 1
853 1
853 1
853 1
853 1
852 1
852 1
852 1
852 1
852 1
852 1
852 1
852 1
852 1
852 1
852 1
852 1
852 1
852 1
852 1
852 1
852 1
852 1
852 1
852 1
852 1
852 1
852 1
852 1
852 1
852 1
852 1
852 1
852 1
852 1
852 1
852 1
852 1
852 1
852 1
852 1
852 1
852 1
852 1
852 1
852 1
852 1
852 1
852 1
852 1
10235 1
10235 1
10235 1
10235 1
10235 1
10235 1
10235 1
10235 1
10235 1
10235 1
10235 1
10235 1
10235 1
10235 1
10235 1
10235 1
10235 1
10235 1
10235 1
10235 1
10235 1
10235 1
10235 1
10235 1
10235 1
10235 1
10235 1
10235 1
10235 1
10235 1
10235 1
10235 1
10235 1
10235 1
10235 1
10235 1
10235 1
10235 1
10235 1
10235 1
10235 1
10235 1
10235 1
10235 1
10235 1
10482 1
10482 1
10482 1
10482 1
10482 1
10482 1
10482 1
10482 1
10482 1
10482 1
10482 1
10482 1
10482 1
10482 1
10482 1
10482 1
10482 1
10482 1
10482 1
10482 1
10482 1
10482 1
10482 1
10482 1
10482 1
10482 1
10482 1
10482 1
10482 1
10482 1
10482 1
10482 1
10482 1
10482 1
10482 1
10482 1
10482 1
10482 1
10482 1
10482 1
10482 1
10482 1
10482 1
10482 1
10482 1
907 1
907 1
907 1
907 1
907 1
907 1
907 1
907 1
907 1
907 1
907 1
907 1
907 1
907 1
907 1
907 1
907 1
907 1
907 1
907 1
907 1
907 1
907 1
907 1
907 1
907 1
907 1
907 1
907 1
907 1
907 1
907 1
907 1
907 1
907 1
907 1
907 1
907 1
907 1
907 1
907 1
907 1
907 1
907 1
907 1
881 1
881 1
881 1
881 1
881 1
881 1
881 1
881 1
881 1
881 1
881 1
881 1
881 1
881 1
881 1
881 1
881 1
881 1
881 1
881 1
881 1
881 1
881 1
881 1
881 1
881 1
881 1
881 1
881 1
881 1
881 1
881 1
881 1
881 1
881 1
881 1
881 1
881 1
881 1
881 1
881 1
881 1
881 1
881 1
881 1
903 1
903 1
903 1
903 1
903 1
903 1
903 1
903 1
903 1
903 1
903 1
903 1
903 1
903 1
903 1
903 1
903 1
903 1
903 1
903 1
903 1
903 1
903 1
903 1
903 1
903 1
903 1
903 1
903 1
903 1
903 1
903 1
903 1
903 1
903 1
903 1
903 1
903 1
903 1
903 1
903 1
903 1
903 1
903 1
903 1
882 1
882 1
882 1
882 1
882 1
882 1
882 1
882 1
882 1
882 1
882 1
882 1
882 1
882 1
882 1
882 1
882 1
882 1
882 1
882 1
882 1
882 1
882 1
882 1
882 1
882 1
882 1
882 1
882 1
882 1
882 1
882 1
882 1
882 1
882 1
882 1
882 1
882 1
882 1
882 1
882 1
882 1
882 1
882 1
882 1
902 1
902 1
902 1
902 1
902 1
902 1
902 1
902 1
902 1
902 1
902 1
902 1
902 1
902 1
902 1
902 1
902 1
902 1
902 1
902 1
902 1
902 1
902 1
902 1
902 1
902 1
902 1
902 1
902 1
902 1
902 1
902 1
902 1
902 1
902 1
902 1
902 1
902 1
902 1
902 1
902 1
902 1
902 1
902 1
902 1
901 1
901 1
901 1
901 1
901 1
901 1
901 1
901 1
901 1
901 1
901 1
901 1
901 1
901 1
901 1
901 1
901 1
901 1
901 1
901 1
901 1
901 1
901 1
901 1
901 1
901 1
901 1
901 1
901 1
901 1
901 1
901 1
901 1
901 1
901 1
901 1
901 1
901 1
901 1
901 1
901 1
901 1
901 1
901 1
901 1
900 1
900 1
900 1
900 1
900 1
900 1
900 1
900 1
900 1
900 1
900 1
900 1
900 1
900 1
900 1
900 1
900 1
900 1
900 1
900 1
900 1
900 1
900 1
900 1
900 1
900 1
900 1
900 1
900 1
900 1
900 1
900 1
900 1
900 1
900 1
900 1
900 1
900 1
900 1
900 1
900 1
900 1
900 1
900 1
900 1
959 1
959 1
959 1
959 1
959 1
959 1
959 1
959 1
959 1
959 1
959 1
959 1
959 1
959 1
959 1
959 1
959 1
959 1
959 1
959 1
959 1
959 1
959 1
959 1
959 1
959 1
959 1
959 1
959 1
959 1
959 1
959 1
959 1
959 1
959 1
959 1
959 1
959 1
959 1
959 1
959 1
959 1
959 1
959 1
959 1
958 1
958 1
958 1
958 1
958 1
958 1
958 1
958 1
958 1
958 1
958 1
958 1
958 1
958 1
958 1
958 1
958 1
958 1
958 1
958 1
958 1
958 1
958 1
958 1
958 1
958 1
958 1
958 1
958 1
958 1
958 1
958 1
958 1
958 1
958 1
958 1
958 1
958 1
958 1
958 1
958 1
958 1
958 1
958 1
958 1
957 1
957 1
957 1
957 1
957 1
957 1
957 1
957 1
957 1
957 1
957 1
957 1
957 1
957 1
957 1
957 1
957 1
957 1
957 1
957 1
957 1
957 1
957 1
957 1
957 1
957 1
957 1
957 1
957 1
957 1
957 1
957 1
957 1
957 1
957 1
957 1
957 1
957 1
957 1
957 1
957 1
957 1
957 1
957 1
957 1
956 1
956 1
956 1
956 1
956 1
956 1
956 1
956 1
956 1
956 1
956 1
956 1
956 1
956 1
956 1
956 1
956 1
956 1
956 1
956 1
956 1
956 1
956 1
956 1
956 1
956 1
956 1
956 1
956 1
956 1
956 1
956 1
956 1
956 1
956 1
956 1
956 1
956 1
956 1
956 1
956 1
956 1
956 1
956 1
956 1
955 1
955 1
955 1
955 1
955 1
955 1
955 1
955 1
955 1
955 1
955 1
955 1
955 1
955 1
955 1
955 1
955 1
955 1
955 1
955 1
955 1
955 1
955 1
955 1
955 1
955 1
955 1
955 1
955 1
955 1
955 1
955 1
955 1
955 1
955 1
955 1
955 1
955 1
955 1
955 1
955 1
955 1
955 1
955 1
955 1
933 1
933 1
933 1
933 1
933 1
933 1
933 1
933 1
933 1
933 1
933 1
933 1
933 1
933 1
933 1
933 1
933 1
933 1
933 1
933 1
933 1
933 1
933 1
933 1
933 1
933 1
933 1
933 1
933 1
933 1
933 1
933 1
933 1
933 1
933 1
933 1
933 1
933 1
933 1
933 1
933 1
933 1
933 1
933 1
933 1
1013 1
1013 1
1013 1
1013 1
1013 1
1013 1
1013 1
1013 1
1013 1
1013 1
1013 1
1013 1
1013 1
1013 1
1013 1
1013 1
1013 1
1013 1
1013 1
1013 1
1013 1
1013 1
1013 1
1013 1
1013 1
1013 1
1013 1
1013 1
1013 1
1013 1
1013 1
1013 1
1013 1
1013 1
1013 1
1013 1
1013 1
1013 1
1013 1
1013 1
1013 1
1013 1
1013 1
1013 1
1013 1
1012 1
1012 1
1012 1
1012 1
1012 1
1012 1
1012 1
1012 1
1012 1
1012 1
1012 1
1012 1
1012 1
1012 1
1012 1
1012 1
1012 1
1012 1
1012 1
1012 1
1012 1
1012 1
1012 1
1012 1
1012 1
1012 1
1012 1
1012 1
1012 1
1012 1
1012 1
1012 1
1012 1
1012 1
1012 1
1012 1
1012 1
1012 1
1012 1
1012 1
1012 1
1012 1
1012 1
1012 1
1012 1
1011 1
1011 1
1011 1
1011 1
1011 1
1011 1
1011 1
1011 1
1011 1
1011 1
1011 1
1011 1
1011 1
1011 1
1011 1
1011 1
1011 1
1011 1
1011 1
1011 1
1011 1
1011 1
1011 1
1011 1
1011 1
1011 1
1011 1
1011 1
1011 1
1011 1
1011 1
1011 1
1011 1
1011 1
1011 1
1011 1
1011 1
1011 1
1011 1
1011 1
1011 1
1011 1
1011 1
1011 1
1011 1
1009 1
1009 1
1009 1
1009 1
1009 1
1009 1
1009 1
1009 1
1009 1
1009 1
1009 1
1009 1
1009 1
1009 1
1009 1
1009 1
1009 1
1009 1
1009 1
1009 1
1009 1
1009 1
1009 1
1009 1
1009 1
1009 1
1009 1
1009 1
1009 1
1009 1
1009 1
1009 1
1009 1
1009 1
1009 1
1009 1
1009 1
1009 1
1009 1
1009 1
1009 1
1009 1
1009 1
1009 1
1009 1
10772 1
10772 1
10772 1
10772 1
10772 1
10772 1
10772 1
10772 1
10772 1
10772 1
10772 1
10772 1
10772 1
10772 1
10772 1
10772 1
10772 1
10772 1
10772 1
10772 1
10772 1
10772 1
10772 1
10772 1
10772 1
10772 1
10772 1
10772 1
10772 1
10772 1
10772 1
10772 1
10772 1
10772 1
10772 1
10772 1
10772 1
10772 1
10772 1
10772 1
10772 1
10772 1
10772 1
10772 1
10772 1
10255 1
10255 1
10255 1
10255 1
10255 1
10255 1
10255 1
10255 1
10255 1
10255 1
10255 1
10255 1
10255 1
10255 1
10255 1
10255 1
10255 1
10255 1
10255 1
10255 1
10255 1
10255 1
10255 1
10255 1
10255 1
10255 1
10255 1
10255 1
10255 1
10255 1
10255 1
10255 1
10255 1
10255 1
10255 1
10255 1
10255 1
10255 1
10255 1
10255 1
10255 1
10255 1
10255 1
10255 1
10255 1
1068 1
1068 1
1068 1
1068 1
1068 1
1068 1
1068 1
1068 1
1068 1
1068 1
1068 1
1068 1
1068 1
1068 1
1068 1
1068 1
1068 1
1068 1
1068 1
1068 1
1068 1
1068 1
1068 1
1068 1
1068 1
1068 1
1068 1
1068 1
1068 1
1068 1
1068 1
1068 1
1068 1
1068 1
1068 1
1068 1
1068 1
1068 1
1068 1
1068 1
1068 1
1068 1
1068 1
1068 1
1068 1
10776 1
10776 1
10776 1
10776 1
10776 1
10776 1
10776 1
10776 1
10776 1
10776 1
10776 1
10776 1
10776 1
10776 1
10776 1
10776 1
10776 1
10776 1
10776 1
10776 1
10776 1
10776 1
10776 1
10776 1
10776 1
10776 1
10776 1
10776 1
10776 1
10776 1
10776 1
10776 1
10776 1
10776 1
10776 1
10776 1
10776 1
10776 1
10776 1
10776 1
10776 1
10776 1
10776 1
10776 1
10776 1
10777 1
10777 1
10777 1
10777 1
10777 1
10777 1
10777 1
10777 1
10777 1
10777 1
10777 1
10777 1
10777 1
10777 1
10777 1
10777 1
10777 1
10777 1
10777 1
10777 1
10777 1
10777 1
10777 1
10777 1
10777 1
10777 1
10777 1
10777 1
10777 1
10777 1
10777 1
10777 1
10777 1
10777 1
10777 1
10777 1
10777 1
10777 1
10777 1
10777 1
10777 1
10777 1
10777 1
10777 1
10777 1
1046 1
1046 1
1046 1
1046 1
1046 1
1046 1
1046 1
1046 1
1046 1
1046 1
1046 1
1046 1
1046 1
1046 1
1046 1
1046 1
1046 1
1046 1
1046 1
1046 1
1046 1
1046 1
1046 1
1046 1
1046 1
1046 1
1046 1
1046 1
1046 1
1046 1
1046 1
1046 1
1046 1
1046 1
1046 1
1046 1
1046 1
1046 1
1046 1
1046 1
1046 1
1046 1
1046 1
1046 1
1046 1
1133 1
1133 1
1133 1
1133 1
1133 1
1133 1
1133 1
1133 1
1133 1
1133 1
1133 1
1133 1
1133 1
1133 1
1133 1
1133 1
1133 1
1133 1
1133 1
1133 1
1133 1
1133 1
1133 1
1133 1
1133 1
1133 1
1133 1
1133 1
1133 1
1133 1
1133 1
1133 1
1133 1
1133 1
1133 1
1133 1
1133 1
1133 1
1133 1
1133 1
1133 1
1133 1
1133 1
1133 1
1133 1
1127 1
1127 1
1127 1
1127 1
1127 1
1127 1
1127 1
1127 1
1127 1
1127 1
1127 1
1127 1
1127 1
1127 1
1127 1
1127 1
1127 1
1127 1
1127 1
1127 1
1127 1
1127 1
1127 1
1127 1
1127 1
1127 1
1127 1
1127 1
1127 1
1127 1
1127 1
1127 1
1127 1
1127 1
1127 1
1127 1
1127 1
1127 1
1127 1
1127 1
1127 1
1127 1
1127 1
1127 1
1127 1
1126 1
1126 1
1126 1
1126 1
1126 1
1126 1
1126 1
1126 1
1126 1
1126 1
1126 1
1126 1
1126 1
1126 1
1126 1
1126 1
1126 1
1126 1
1126 1
1126 1
1126 1
1126 1
1126 1
1126 1
1126 1
1126 1
1126 1
1126 1
1126 1
1126 1
1126 1
1126 1
1126 1
1126 1
1126 1
1126 1
1126 1
1126 1
1126 1
1126 1
1126 1
1126 1
1126 1
1126 1
1126 1
1094 1
1094 1
1094 1
1094 1
1094 1
1094 1
1094 1
1094 1
1094 1
1094 1
1094 1
1094 1
1094 1
1094 1
1094 1
1094 1
1094 1
1094 1
1094 1
1094 1
1094 1
1094 1
1094 1
1094 1
1094 1
1094 1
1094 1
1094 1
1094 1
1094 1
1094 1
1094 1
1094 1
1094 1
1094 1
1094 1
1094 1
1094 1
1094 1
1094 1
1094 1
1094 1
1094 1
1094 1
1094 1
1195 1
1195 1
1195 1
1195 1
1195 1
1195 1
1195 1
1195 1
1195 1
1195 1
1195 1
1195 1
1195 1
1195 1
1195 1
1195 1
1195 1
1195 1
1195 1
1195 1
1195 1
1195 1
1195 1
1195 1
1195 1
1195 1
1195 1
1195 1
1195 1
1195 1
1195 1
1195 1
1195 1
1195 1
1195 1
1195 1
1195 1
1195 1
1195 1
1195 1
1195 1
1195 1
1195 1
1195 1
1195 1
1192 1
1192 1
1192 1
1192 1
1192 1
1192 1
1192 1
1192 1
1192 1
1192 1
1192 1
1192 1
1192 1
1192 1
1192 1
1192 1
1192 1
1192 1
1192 1
1192 1
1192 1
1192 1
1192 1
1192 1
1192 1
1192 1
1192 1
1192 1
1192 1
1192 1
1192 1
1192 1
1192 1
1192 1
1192 1
1192 1
1192 1
1192 1
1192 1
1192 1
1192 1
1192 1
1192 1
1192 1
1192 1
1191 1
1191 1
1191 1
1191 1
1191 1
1191 1
1191 1
1191 1
1191 1
1191 1
1191 1
1191 1
1191 1
1191 1
1191 1
1191 1
1191 1
1191 1
1191 1
1191 1
1191 1
1191 1
1191 1
1191 1
1191 1
1191 1
1191 1
1191 1
1191 1
1191 1
1191 1
1191 1
1191 1
1191 1
1191 1
1191 1
1191 1
1191 1
1191 1
1191 1
1191 1
1191 1
1191 1
1191 1
1191 1
1262 1
1262 1
1262 1
1262 1
1262 1
1262 1
1262 1
1262 1
1262 1
1262 1
1262 1
1262 1
1262 1
1262 1
1262 1
1262 1
1262 1
1262 1
1262 1
1262 1
1262 1
1262 1
1262 1
1262 1
1262 1
1262 1
1262 1
1262 1
1262 1
1262 1
1262 1
1262 1
1262 1
1262 1
1262 1
1262 1
1262 1
1262 1
1262 1
1262 1
1262 1
1262 1
1262 1
1262 1
1262 1
10260 1
10260 1
10260 1
10260 1
10260 1
10260 1
10260 1
10260 1
10260 1
10260 1
10260 1
10260 1
10260 1
10260 1
10260 1
10260 1
10260 1
10260 1
10260 1
10260 1
10260 1
10260 1
10260 1
10260 1
10260 1
10260 1
10260 1
10260 1
10260 1
10260 1
10260 1
10260 1
10260 1
10260 1
10260 1
10260 1
10260 1
10260 1
10260 1
10260 1
10260 1
10260 1
10260 1
10260 1
10260 1
1259 1
1259 1
1259 1
1259 1
1259 1
1259 1
1259 1
1259 1
1259 1
1259 1
1259 1
1259 1
1259 1
1259 1
1259 1
1259 1
1259 1
1259 1
1259 1
1259 1
1259 1
1259 1
1259 1
1259 1
1259 1
1259 1
1259 1
1259 1
1259 1
1259 1
1259 1
1259 1
1259 1
1259 1
1259 1
1259 1
1259 1
1259 1
1259 1
1259 1
1259 1
1259 1
1259 1
1259 1
1259 1
1216 1
1216 1
1216 1
1216 1
1216 1
1216 1
1216 1
1216 1
1216 1
1216 1
1216 1
1216 1
1216 1
1216 1
1216 1
1216 1
1216 1
1216 1
1216 1
1216 1
1216 1
1216 1
1216 1
1216 1
1216 1
1216 1
1216 1
1216 1
1216 1
1216 1
1216 1
1216 1
1216 1
1216 1
1216 1
1216 1
1216 1
1216 1
1216 1
1216 1
1216 1
1216 1
1216 1
1216 1
1216 1
1328 1
1328 1
1328 1
1328 1
1328 1
1328 1
1328 1
1328 1
1328 1
1328 1
1328 1
1328 1
1328 1
1328 1
1328 1
1328 1
1328 1
1328 1
1328 1
1328 1
1328 1
1328 1
1328 1
1328 1
1328 1
1328 1
1328 1
1328 1
1328 1
1328 1
1328 1
1328 1
1328 1
1328 1
1328 1
1328 1
1328 1
1328 1
1328 1
1328 1
1328 1
1328 1
1328 1
1328 1
1328 1
1230 1
1230 1
1230 1
1230 1
1230 1
1230 1
1230 1
1230 1
1230 1
1230 1
1230 1
1230 1
1230 1
1230 1
1230 1
1230 1
1230 1
1230 1
1230 1
1230 1
1230 1
1230 1
1230 1
1230 1
1230 1
1230 1
1230 1
1230 1
1230 1
1230 1
1230 1
1230 1
1230 1
1230 1
1230 1
1230 1
1230 1
1230 1
1230 1
1230 1
1230 1
1230 1
1230 1
1230 1
1230 1
1325 1
1325 1
1325 1
1325 1
1325 1
1325 1
1325 1
1325 1
1325 1
1325 1
1325 1
1325 1
1325 1
1325 1
1325 1
1325 1
1325 1
1325 1
1325 1
1325 1
1325 1
1325 1
1325 1
1325 1
1325 1
1325 1
1325 1
1325 1
1325 1
1325 1
1325 1
1325 1
1325 1
1325 1
1325 1
1325 1
1325 1
1325 1
1325 1
1325 1
1325 1
1325 1
1325 1
1325 1
1325 1
1324 1
1324 1
1324 1
1324 1
1324 1
1324 1
1324 1
1324 1
1324 1
1324 1
1324 1
1324 1
1324 1
1324 1
1324 1
1324 1
1324 1
1324 1
1324 1
1324 1
1324 1
1324 1
1324 1
1324 1
1324 1
1324 1
1324 1
1324 1
1324 1
1324 1
1324 1
1324 1
1324 1
1324 1
1324 1
1324 1
1324 1
1324 1
1324 1
1324 1
1324 1
1324 1
1324 1
1324 1
1324 1
1310 1
1310 1
1310 1
1310 1
1310 1
1310 1
1310 1
1310 1
1310 1
1310 1
1310 1
1310 1
1310 1
1310 1
1310 1
1310 1
1310 1
1310 1
1310 1
1310 1
1310 1
1310 1
1310 1
1310 1
1310 1
1310 1
1310 1
1310 1
1310 1
1310 1
1310 1
1310 1
1310 1
1310 1
1310 1
1310 1
1310 1
1310 1
1310 1
1310 1
1310 1
1310 1
1310 1
1310 1
1310 1
1393 1
1393 1
1393 1
1393 1
1393 1
1393 1
1393 1
1393 1
1393 1
1393 1
1393 1
1393 1
1393 1
1393 1
1393 1
1393 1
1393 1
1393 1
1393 1
1393 1
1393 1
1393 1
1393 1
1393 1
1393 1
1393 1
1393 1
1393 1
1393 1
1393 1
1393 1
1393 1
1393 1
1393 1
1393 1
1393 1
1393 1
1393 1
1393 1
1393 1
1393 1
1393 1
1393 1
1393 1
1393 1
1391 1
1391 1
1391 1
1391 1
1391 1
1391 1
1391 1
1391 1
1391 1
1391 1
1391 1
1391 1
1391 1
1391 1
1391 1
1391 1
1391 1
1391 1
1391 1
1391 1
1391 1
1391 1
1391 1
1391 1
1391 1
1391 1
1391 1
1391 1
1391 1
1391 1
1391 1
1391 1
1391 1
1391 1
1391 1
1391 1
1391 1
1391 1
1391 1
1391 1
1391 1
1391 1
1391 1
1391 1
1391 1
1460 1
1460 1
1460 1
1460 1
1460 1
1460 1
1460 1
1460 1
1460 1
1460 1
1460 1
1460 1
1460 1
1460 1
1460 1
1460 1
1460 1
1460 1
1460 1
1460 1
1460 1
1460 1
1460 1
1460 1
1460 1
1460 1
1460 1
1460 1
1460 1
1460 1
1460 1
1460 1
1460 1
1460 1
1460 1
1460 1
1460 1
1460 1
1460 1
1460 1
1460 1
1460 1
1460 1
1460 1
1460 1
1459 1
1459 1
1459 1
1459 1
1459 1
1459 1
1459 1
1459 1
1459 1
1459 1
1459 1
1459 1
1459 1
1459 1
1459 1
1459 1
1459 1
1459 1
1459 1
1459 1
1459 1
1459 1
1459 1
1459 1
1459 1
1459 1
1459 1
1459 1
1459 1
1459 1
1459 1
1459 1
1459 1
1459 1
1459 1
1459 1
1459 1
1459 1
1459 1
1459 1
1459 1
1459 1
1459 1
1459 1
1459 1
1458 1
1458 1
1458 1
1458 1
1458 1
1458 1
1458 1
1458 1
1458 1
1458 1
1458 1
1458 1
1458 1
1458 1
1458 1
1458 1
1458 1
1458 1
1458 1
1458 1
1458 1
1458 1
1458 1
1458 1
1458 1
1458 1
1458 1
1458 1
1458 1
1458 1
1458 1
1458 1
1458 1
1458 1
1458 1
1458 1
1458 1
1458 1
1458 1
1458 1
1458 1
1458 1
1458 1
1458 1
1458 1
1448 1
1448 1
1448 1
1448 1
1448 1
1448 1
1448 1
1448 1
1448 1
1448 1
1448 1
1448 1
1448 1
1448 1
1448 1
1448 1
1448 1
1448 1
1448 1
1448 1
1448 1
1448 1
1448 1
1448 1
1448 1
1448 1
1448 1
1448 1
1448 1
1448 1
1448 1
1448 1
1448 1
1448 1
1448 1
1448 1
1448 1
1448 1
1448 1
1448 1
1448 1
1448 1
1448 1
1448 1
1448 1
1528 1
1528 1
1528 1
1528 1
1528 1
1528 1
1528 1
1528 1
1528 1
1528 1
1528 1
1528 1
1528 1
1528 1
1528 1
1528 1
1528 1
1528 1
1528 1
1528 1
1528 1
1528 1
1528 1
1528 1
1528 1
1528 1
1528 1
1528 1
1528 1
1528 1
1528 1
1528 1
1528 1
1528 1
1528 1
1528 1
1528 1
1528 1
1528 1
1528 1
1528 1
1528 1
1528 1
1528 1
1528 1
1527 1
1527 1
1527 1
1527 1
1527 1
1527 1
1527 1
1527 1
1527 1
1527 1
1527 1
1527 1
1527 1
1527 1
1527 1
1527 1
1527 1
1527 1
1527 1
1527 1
1527 1
1527 1
1527 1
1527 1
1527 1
1527 1
1527 1
1527 1
1527 1
1527 1
1527 1
1527 1
1527 1
1527 1
1527 1
1527 1
1527 1
1527 1
1527 1
1527 1
1527 1
1527 1
1527 1
1527 1
1527 1
1427 1
1427 1
1427 1
1427 1
1427 1
1427 1
1427 1
1427 1
1427 1
1427 1
1427 1
1427 1
1427 1
1427 1
1427 1
1427 1
1427 1
1427 1
1427 1
1427 1
1427 1
1427 1
1427 1
1427 1
1427 1
1427 1
1427 1
1427 1
1427 1
1427 1
1427 1
1427 1
1427 1
1427 1
1427 1
1427 1
1427 1
1427 1
1427 1
1427 1
1427 1
1427 1
1427 1
1427 1
1427 1
1482 1
1482 1
1482 1
1482 1
1482 1
1482 1
1482 1
1482 1
1482 1
1482 1
1482 1
1482 1
1482 1
1482 1
1482 1
1482 1
1482 1
1482 1
1482 1
1482 1
1482 1
1482 1
1482 1
1482 1
1482 1
1482 1
1482 1
1482 1
1482 1
1482 1
1482 1
1482 1
1482 1
1482 1
1482 1
1482 1
1482 1
1482 1
1482 1
1482 1
1482 1
1482 1
1482 1
1482 1
1482 1
1509 1
1509 1
1509 1
1509 1
1509 1
1509 1
1509 1
1509 1
1509 1
1509 1
1509 1
1509 1
1509 1
1509 1
1509 1
1509 1
1509 1
1509 1
1509 1
1509 1
1509 1
1509 1
1509 1
1509 1
1509 1
1509 1
1509 1
1509 1
1509 1
1509 1
1509 1
1509 1
1509 1
1509 1
1509 1
1509 1
1509 1
1509 1
1509 1
1509 1
1509 1
1509 1
1509 1
1509 1
1509 1
1495 1
1495 1
1495 1
1495 1
1495 1
1495 1
1495 1
1495 1
1495 1
1495 1
1495 1
1495 1
1495 1
1495 1
1495 1
1495 1
1495 1
1495 1
1495 1
1495 1
1495 1
1495 1
1495 1
1495 1
1495 1
1495 1
1495 1
1495 1
1495 1
1495 1
1495 1
1495 1
1495 1
1495 1
1495 1
1495 1
1495 1
1495 1
1495 1
1495 1
1495 1
1495 1
1495 1
1495 1
1495 1
1598 1
1598 1
1598 1
1598 1
1598 1
1598 1
1598 1
1598 1
1598 1
1598 1
1598 1
1598 1
1598 1
1598 1
1598 1
1598 1
1598 1
1598 1
1598 1
1598 1
1598 1
1598 1
1598 1
1598 1
1598 1
1598 1
1598 1
1598 1
1598 1
1598 1
1598 1
1598 1
1598 1
1598 1
1598 1
1598 1
1598 1
1598 1
1598 1
1598 1
1598 1
1598 1
1598 1
1598 1
1598 1
1597 1
1597 1
1597 1
1597 1
1597 1
1597 1
1597 1
1597 1
1597 1
1597 1
1597 1
1597 1
1597 1
1597 1
1597 1
1597 1
1597 1
1597 1
1597 1
1597 1
1597 1
1597 1
1597 1
1597 1
1597 1
1597 1
1597 1
1597 1
1597 1
1597 1
1597 1
1597 1
1597 1
1597 1
1597 1
1597 1
1597 1
1597 1
1597 1
1597 1
1597 1
1597 1
1597 1
1597 1
1597 1
1578 1
1578 1
1578 1
1578 1
1578 1
1578 1
1578 1
1578 1
1578 1
1578 1
1578 1
1578 1
1578 1
1578 1
1578 1
1578 1
1578 1
1578 1
1578 1
1578 1
1578 1
1578 1
1578 1
1578 1
1578 1
1578 1
1578 1
1578 1
1578 1
1578 1
1578 1
1578 1
1578 1
1578 1
1578 1
1578 1
1578 1
1578 1
1578 1
1578 1
1578 1
1578 1
1578 1
1578 1
1578 1
1668 1
1668 1
1668 1
1668 1
1668 1
1668 1
1668 1
1668 1
1668 1
1668 1
1668 1
1668 1
1668 1
1668 1
1668 1
1668 1
1668 1
1668 1
1668 1
1668 1
1668 1
1668 1
1668 1
1668 1
1668 1
1668 1
1668 1
1668 1
1668 1
1668 1
1668 1
1668 1
1668 1
1668 1
1668 1
1668 1
1668 1
1668 1
1668 1
1668 1
1668 1
1668 1
1668 1
1668 1
1668 1
1666 1
1666 1
1666 1
1666 1
1666 1
1666 1
1666 1
1666 1
1666 1
1666 1
1666 1
1666 1
1666 1
1666 1
1666 1
1666 1
1666 1
1666 1
1666 1
1666 1
1666 1
1666 1
1666 1
1666 1
1666 1
1666 1
1666 1
1666 1
1666 1
1666 1
1666 1
1666 1
1666 1
1666 1
1666 1
1666 1
1666 1
1666 1
1666 1
1666 1
1666 1
1666 1
1666 1
1666 1
1666 1
9692 1
9692 1
9692 1
9692 1
9692 1
9692 1
9692 1
9692 1
9692 1
9692 1
9692 1
9692 1
9692 1
9692 1
9692 1
9692 1
9692 1
9692 1
9692 1
9692 1
9692 1
9692 1
9692 1
9692 1
9692 1
9692 1
9692 1
9692 1
9692 1
9692 1
9692 1
9692 1
9692 1
9692 1
9692 1
9692 1
9692 1
9692 1
9692 1
9692 1
9692 1
9692 1
9692 1
9692 1
9692 1
10301 1
10301 1
10301 1
10301 1
10301 1
10301 1
10301 1
10301 1
10301 1
10301 1
10301 1
10301 1
10301 1
10301 1
10301 1
10301 1
10301 1
10301 1
10301 1
10301 1
10301 1
10301 1
10301 1
10301 1
10301 1
10301 1
10301 1
10301 1
10301 1
10301 1
10301 1
10301 1
10301 1
10301 1
10301 1
10301 1
10301 1
10301 1
10301 1
10301 1
10301 1
10301 1
10301 1
10301 1
10301 1
1618 1
1618 1
1618 1
1618 1
1618 1
1618 1
1618 1
1618 1
1618 1
1618 1
1618 1
1618 1
1618 1
1618 1
1618 1
1618 1
1618 1
1618 1
1618 1
1618 1
1618 1
1618 1
1618 1
1618 1
1618 1
1618 1
1618 1
1618 1
1618 1
1618 1
1618 1
1618 1
1618 1
1618 1
1618 1
1618 1
1618 1
1618 1
1618 1
1618 1
1618 1
1618 1
1618 1
1618 1
1618 1
1656 1
1656 1
1656 1
1656 1
1656 1
1656 1
1656 1
1656 1
1656 1
1656 1
1656 1
1656 1
1656 1
1656 1
1656 1
1656 1
1656 1
1656 1
1656 1
1656 1
1656 1
1656 1
1656 1
1656 1
1656 1
1656 1
1656 1
1656 1
1656 1
1656 1
1656 1
1656 1
1656 1
1656 1
1656 1
1656 1
1656 1
1656 1
1656 1
1656 1
1656 1
1656 1
1656 1
1656 1
1656 1
1655 1
1655 1
1655 1
1655 1
1655 1
1655 1
1655 1
1655 1
1655 1
1655 1
1655 1
1655 1
1655 1
1655 1
1655 1
1655 1
1655 1
1655 1
1655 1
1655 1
1655 1
1655 1
1655 1
1655 1
1655 1
1655 1
1655 1
1655 1
1655 1
1655 1
1655 1
1655 1
1655 1
1655 1
1655 1
1655 1
1655 1
1655 1
1655 1
1655 1
1655 1
1655 1
1655 1
1655 1
1655 1
1625 1
1625 1
1625 1
1625 1
1625 1
1625 1
1625 1
1625 1
1625 1
1625 1
1625 1
1625 1
1625 1
1625 1
1625 1
1625 1
1625 1
1625 1
1625 1
1625 1
1625 1
1625 1
1625 1
1625 1
1625 1
1625 1
1625 1
1625 1
1625 1
1625 1
1625 1
1625 1
1625 1
1625 1
1625 1
1625 1
1625 1
1625 1
1625 1
1625 1
1625 1
1625 1
1625 1
1625 1
1625 1
1647 1
1647 1
1647 1
1647 1
1647 1
1647 1
1647 1
1647 1
1647 1
1647 1
1647 1
1647 1
1647 1
1647 1
1647 1
1647 1
1647 1
1647 1
1647 1
1647 1
1647 1
1647 1
1647 1
1647 1
1647 1
1647 1
1647 1
1647 1
1647 1
1647 1
1647 1
1647 1
1647 1
1647 1
1647 1
1647 1
1647 1
1647 1
1647 1
1647 1
1647 1
1647 1
1647 1
1647 1
1647 1
1645 1
1645 1
1645 1
1645 1
1645 1
1645 1
1645 1
1645 1
1645 1
1645 1
1645 1
1645 1
1645 1
1645 1
1645 1
1645 1
1645 1
1645 1
1645 1
1645 1
1645 1
1645 1
1645 1
1645 1
1645 1
1645 1
1645 1
1645 1
1645 1
1645 1
1645 1
1645 1
1645 1
1645 1
1645 1
1645 1
1645 1
1645 1
1645 1
1645 1
1645 1
1645 1
1645 1
1645 1
1645 1
1738 1
1738 1
1738 1
1738 1
1738 1
1738 1
1738 1
1738 1
1738 1
1738 1
1738 1
1738 1
1738 1
1738 1
1738 1
1738 1
1738 1
1738 1
1738 1
1738 1
1738 1
1738 1
1738 1
1738 1
1738 1
1738 1
1738 1
1738 1
1738 1
1738 1
1738 1
1738 1
1738 1
1738 1
1738 1
1738 1
1738 1
1738 1
1738 1
1738 1
1738 1
1738 1
1738 1
1738 1
1738 1
1737 1
1737 1
1737 1
1737 1
1737 1
1737 1
1737 1
1737 1
1737 1
1737 1
1737 1
1737 1
1737 1
1737 1
1737 1
1737 1
1737 1
1737 1
1737 1
1737 1
1737 1
1737 1
1737 1
1737 1
1737 1
1737 1
1737 1
1737 1
1737 1
1737 1
1737 1
1737 1
1737 1
1737 1
1737 1
1737 1
1737 1
1737 1
1737 1
1737 1
1737 1
1737 1
1737 1
1737 1
1737 1
1700 1
1700 1
1700 1
1700 1
1700 1
1700 1
1700 1
1700 1
1700 1
1700 1
1700 1
1700 1
1700 1
1700 1
1700 1
1700 1
1700 1
1700 1
1700 1
1700 1
1700 1
1700 1
1700 1
1700 1
1700 1
1700 1
1700 1
1700 1
1700 1
1700 1
1700 1
1700 1
1700 1
1700 1
1700 1
1700 1
1700 1
1700 1
1700 1
1700 1
1700 1
1700 1
1700 1
1700 1
1700 1
1812 1
1812 1
1812 1
1812 1
1812 1
1812 1
1812 1
1812 1
1812 1
1812 1
1812 1
1812 1
1812 1
1812 1
1812 1
1812 1
1812 1
1812 1
1812 1
1812 1
1812 1
1812 1
1812 1
1812 1
1812 1
1812 1
1812 1
1812 1
1812 1
1812 1
1812 1
1812 1
1812 1
1812 1
1812 1
1812 1
1812 1
1812 1
1812 1
1812 1
1812 1
1812 1
1812 1
1812 1
1812 1
1811 1
1811 1
1811 1
1811 1
1811 1
1811 1
1811 1
1811 1
1811 1
1811 1
1811 1
1811 1
1811 1
1811 1
1811 1
1811 1
1811 1
1811 1
1811 1
1811 1
1811 1
1811 1
1811 1
1811 1
1811 1
1811 1
1811 1
1811 1
1811 1
1811 1
1811 1
1811 1
1811 1
1811 1
1811 1
1811 1
1811 1
1811 1
1811 1
1811 1
1811 1
1811 1
1811 1
1811 1
1811 1
1810 1
1810 1
1810 1
1810 1
1810 1
1810 1
1810 1
1810 1
1810 1
1810 1
1810 1
1810 1
1810 1
1810 1
1810 1
1810 1
1810 1
1810 1
1810 1
1810 1
1810 1
1810 1
1810 1
1810 1
1810 1
1810 1
1810 1
1810 1
1810 1
1810 1
1810 1
1810 1
1810 1
1810 1
1810 1
1810 1
1810 1
1810 1
1810 1
1810 1
1810 1
1810 1
1810 1
1810 1
1810 1
1809 1
1809 1
1809 1
1809 1
1809 1
1809 1
1809 1
1809 1
1809 1
1809 1
1809 1
1809 1
1809 1
1809 1
1809 1
1809 1
1809 1
1809 1
1809 1
1809 1
1809 1
1809 1
1809 1
1809 1
1809 1
1809 1
1809 1
1809 1
1809 1
1809 1
1809 1
1809 1
1809 1
1809 1
1809 1
1809 1
1809 1
1809 1
1809 1
1809 1
1809 1
1809 1
1809 1
1809 1
1809 1
1796 1
1796 1
1796 1
1796 1
1796 1
1796 1
1796 1
1796 1
1796 1
1796 1
1796 1
1796 1
1796 1
1796 1
1796 1
1796 1
1796 1
1796 1
1796 1
1796 1
1796 1
1796 1
1796 1
1796 1
1796 1
1796 1
1796 1
1796 1
1796 1
1796 1
1796 1
1796 1
1796 1
1796 1
1796 1
1796 1
1796 1
1796 1
1796 1
1796 1
1796 1
1796 1
1796 1
1796 1
1796 1
1788 1
1788 1
1788 1
1788 1
1788 1
1788 1
1788 1
1788 1
1788 1
1788 1
1788 1
1788 1
1788 1
1788 1
1788 1
1788 1
1788 1
1788 1
1788 1
1788 1
1788 1
1788 1
1788 1
1788 1
1788 1
1788 1
1788 1
1788 1
1788 1
1788 1
1788 1
1788 1
1788 1
1788 1
1788 1
1788 1
1788 1
1788 1
1788 1
1788 1
1788 1
1788 1
1788 1
1788 1
1788 1
1887 1
1887 1
1887 1
1887 1
1887 1
1887 1
1887 1
1887 1
1887 1
1887 1
1887 1
1887 1
1887 1
1887 1
1887 1
1887 1
1887 1
1887 1
1887 1
1887 1
1887 1
1887 1
1887 1
1887 1
1887 1
1887 1
1887 1
1887 1
1887 1
1887 1
1887 1
1887 1
1887 1
1887 1
1887 1
1887 1
1887 1
1887 1
1887 1
1887 1
1887 1
1887 1
1887 1
1887 1
1887 1
1785 1
1785 1
1785 1
1785 1
1785 1
1785 1
1785 1
1785 1
1785 1
1785 1
1785 1
1785 1
1785 1
1785 1
1785 1
1785 1
1785 1
1785 1
1785 1
1785 1
1785 1
1785 1
1785 1
1785 1
1785 1
1785 1
1785 1
1785 1
1785 1
1785 1
1785 1
1785 1
1785 1
1785 1
1785 1
1785 1
1785 1
1785 1
1785 1
1785 1
1785 1
1785 1
1785 1
1785 1
1785 1
1782 1
1782 1
1782 1
1782 1
1782 1
1782 1
1782 1
1782 1
1782 1
1782 1
1782 1
1782 1
1782 1
1782 1
1782 1
1782 1
1782 1
1782 1
1782 1
1782 1
1782 1
1782 1
1782 1
1782 1
1782 1
1782 1
1782 1
1782 1
1782 1
1782 1
1782 1
1782 1
1782 1
1782 1
1782 1
1782 1
1782 1
1782 1
1782 1
1782 1
1782 1
1782 1
1782 1
1782 1
1782 1
1885 1
1885 1
1885 1
1885 1
1885 1
1885 1
1885 1
1885 1
1885 1
1885 1
1885 1
1885 1
1885 1
1885 1
1885 1
1885 1
1885 1
1885 1
1885 1
1885 1
1885 1
1885 1
1885 1
1885 1
1885 1
1885 1
1885 1
1885 1
1885 1
1885 1
1885 1
1885 1
1885 1
1885 1
1885 1
1885 1
1885 1
1885 1
1885 1
1885 1
1885 1
1885 1
1885 1
1885 1
1885 1
1883 1
1883 1
1883 1
1883 1
1883 1
1883 1
1883 1
1883 1
1883 1
1883 1
1883 1
1883 1
1883 1
1883 1
1883 1
1883 1
1883 1
1883 1
1883 1
1883 1
1883 1
1883 1
1883 1
1883 1
1883 1
1883 1
1883 1
1883 1
1883 1
1883 1
1883 1
1883 1
1883 1
1883 1
1883 1
1883 1
1883 1
1883 1
1883 1
1883 1
1883 1
1883 1
1883 1
1883 1
1883 1
1873 1
1873 1
1873 1
1873 1
1873 1
1873 1
1873 1
1873 1
1873 1
1873 1
1873 1
1873 1
1873 1
1873 1
1873 1
1873 1
1873 1
1873 1
1873 1
1873 1
1873 1
1873 1
1873 1
1873 1
1873 1
1873 1
1873 1
1873 1
1873 1
1873 1
1873 1
1873 1
1873 1
1873 1
1873 1
1873 1
1873 1
1873 1
1873 1
1873 1
1873 1
1873 1
1873 1
1873 1
1873 1
1863 1
1863 1
1863 1
1863 1
1863 1
1863 1
1863 1
1863 1
1863 1
1863 1
1863 1
1863 1
1863 1
1863 1
1863 1
1863 1
1863 1
1863 1
1863 1
1863 1
1863 1
1863 1
1863 1
1863 1
1863 1
1863 1
1863 1
1863 1
1863 1
1863 1
1863 1
1863 1
1863 1
1863 1
1863 1
1863 1
1863 1
1863 1
1863 1
1863 1
1863 1
1863 1
1863 1
1863 1
1863 1
1861 1
1861 1
1861 1
1861 1
1861 1
1861 1
1861 1
1861 1
1861 1
1861 1
1861 1
1861 1
1861 1
1861 1
1861 1
1861 1
1861 1
1861 1
1861 1
1861 1
1861 1
1861 1
1861 1
1861 1
1861 1
1861 1
1861 1
1861 1
1861 1
1861 1
1861 1
1861 1
1861 1
1861 1
1861 1
1861 1
1861 1
1861 1
1861 1
1861 1
1861 1
1861 1
1861 1
1861 1
1861 1
1967 1
1967 1
1967 1
1967 1
1967 1
1967 1
1967 1
1967 1
1967 1
1967 1
1967 1
1967 1
1967 1
1967 1
1967 1
1967 1
1967 1
1967 1
1967 1
1967 1
1967 1
1967 1
1967 1
1967 1
1967 1
1967 1
1967 1
1967 1
1967 1
1967 1
1967 1
1967 1
1967 1
1967 1
1967 1
1967 1
1967 1
1967 1
1967 1
1967 1
1967 1
1967 1
1967 1
1967 1
1967 1
1966 1
1966 1
1966 1
1966 1
1966 1
1966 1
1966 1
1966 1
1966 1
1966 1
1966 1
1966 1
1966 1
1966 1
1966 1
1966 1
1966 1
1966 1
1966 1
1966 1
1966 1
1966 1
1966 1
1966 1
1966 1
1966 1
1966 1
1966 1
1966 1
1966 1
1966 1
1966 1
1966 1
1966 1
1966 1
1966 1
1966 1
1966 1
1966 1
1966 1
1966 1
1966 1
1966 1
1966 1
1966 1
1965 1
1965 1
1965 1
1965 1
1965 1
1965 1
1965 1
1965 1
1965 1
1965 1
1965 1
1965 1
1965 1
1965 1
1965 1
1965 1
1965 1
1965 1
1965 1
1965 1
1965 1
1965 1
1965 1
1965 1
1965 1
1965 1
1965 1
1965 1
1965 1
1965 1
1965 1
1965 1
1965 1
1965 1
1965 1
1965 1
1965 1
1965 1
1965 1
1965 1
1965 1
1965 1
1965 1
1965 1
1965 1
1959 1
1959 1
1959 1
1959 1
1959 1
1959 1
1959 1
1959 1
1959 1
1959 1
1959 1
1959 1
1959 1
1959 1
1959 1
1959 1
1959 1
1959 1
1959 1
1959 1
1959 1
1959 1
1959 1
1959 1
1959 1
1959 1
1959 1
1959 1
1959 1
1959 1
1959 1
1959 1
1959 1
1959 1
1959 1
1959 1
1959 1
1959 1
1959 1
1959 1
1959 1
1959 1
1959 1
1959 1
1959 1
1922 1
1922 1
1922 1
1922 1
1922 1
1922 1
1922 1
1922 1
1922 1
1922 1
1922 1
1922 1
1922 1
1922 1
1922 1
1922 1
1922 1
1922 1
1922 1
1922 1
1922 1
1922 1
1922 1
1922 1
1922 1
1922 1
1922 1
1922 1
1922 1
1922 1
1922 1
1922 1
1922 1
1922 1
1922 1
1922 1
1922 1
1922 1
1922 1
1922 1
1922 1
1922 1
1922 1
1922 1
1922 1
1943 1
1943 1
1943 1
1943 1
1943 1
1943 1
1943 1
1943 1
1943 1
1943 1
1943 1
1943 1
1943 1
1943 1
1943 1
1943 1
1943 1
1943 1
1943 1
1943 1
1943 1
1943 1
1943 1
1943 1
1943 1
1943 1
1943 1
1943 1
1943 1
1943 1
1943 1
1943 1
1943 1
1943 1
1943 1
1943 1
1943 1
1943 1
1943 1
1943 1
1943 1
1943 1
1943 1
1943 1
1943 1
10878 1
10878 1
10878 1
10878 1
10878 1
10878 1
10878 1
10878 1
10878 1
10878 1
10878 1
10878 1
10878 1
10878 1
10878 1
10878 1
10878 1
10878 1
10878 1
10878 1
10878 1
10878 1
10878 1
10878 1
10878 1
10878 1
10878 1
10878 1
10878 1
10878 1
10878 1
10878 1
10878 1
10878 1
10878 1
10878 1
10878 1
10878 1
10878 1
10878 1
10878 1
10878 1
10878 1
10878 1
10878 1
2047 1
2047 1
2047 1
2047 1
2047 1
2047 1
2047 1
2047 1
2047 1
2047 1
2047 1
2047 1
2047 1
2047 1
2047 1
2047 1
2047 1
2047 1
2047 1
2047 1
2047 1
2047 1
2047 1
2047 1
2047 1
2047 1
2047 1
2047 1
2047 1
2047 1
2047 1
2047 1
2047 1
2047 1
2047 1
2047 1
2047 1
2047 1
2047 1
2047 1
2047 1
2047 1
2047 1
2047 1
2047 1
2008 1
2008 1
2008 1
2008 1
2008 1
2008 1
2008 1
2008 1
2008 1
2008 1
2008 1
2008 1
2008 1
2008 1
2008 1
2008 1
2008 1
2008 1
2008 1
2008 1
2008 1
2008 1
2008 1
2008 1
2008 1
2008 1
2008 1
2008 1
2008 1
2008 1
2008 1
2008 1
2008 1
2008 1
2008 1
2008 1
2008 1
2008 1
2008 1
2008 1
2008 1
2008 1
2008 1
2008 1
2008 1
2021 1
2021 1
2021 1
2021 1
2021 1
2021 1
2021 1
2021 1
2021 1
2021 1
2021 1
2021 1
2021 1
2021 1
2021 1
2021 1
2021 1
2021 1
2021 1
2021 1
2021 1
2021 1
2021 1
2021 1
2021 1
2021 1
2021 1
2021 1
2021 1
2021 1
2021 1
2021 1
2021 1
2021 1
2021 1
2021 1
2021 1
2021 1
2021 1
2021 1
2021 1
2021 1
2021 1
2021 1
2021 1
2130 1
2130 1
2130 1
2130 1
2130 1
2130 1
2130 1
2130 1
2130 1
2130 1
2130 1
2130 1
2130 1
2130 1
2130 1
2130 1
2130 1
2130 1
2130 1
2130 1
2130 1
2130 1
2130 1
2130 1
2130 1
2130 1
2130 1
2130 1
2130 1
2130 1
2130 1
2130 1
2130 1
2130 1
2130 1
2130 1
2130 1
2130 1
2130 1
2130 1
2130 1
2130 1
2130 1
2130 1
2130 1
2117 1
2117 1
2117 1
2117 1
2117 1
2117 1
2117 1
2117 1
2117 1
2117 1
2117 1
2117 1
2117 1
2117 1
2117 1
2117 1
2117 1
2117 1
2117 1
2117 1
2117 1
2117 1
2117 1
2117 1
2117 1
2117 1
2117 1
2117 1
2117 1
2117 1
2117 1
2117 1
2117 1
2117 1
2117 1
2117 1
2117 1
2117 1
2117 1
2117 1
2117 1
2117 1
2117 1
2117 1
2117 1
2116 1
2116 1
2116 1
2116 1
2116 1
2116 1
2116 1
2116 1
2116 1
2116 1
2116 1
2116 1
2116 1
2116 1
2116 1
2116 1
2116 1
2116 1
2116 1
2116 1
2116 1
2116 1
2116 1
2116 1
2116 1
2116 1
2116 1
2116 1
2116 1
2116 1
2116 1
2116 1
2116 1
2116 1
2116 1
2116 1
2116 1
2116 1
2116 1
2116 1
2116 1
2116 1
2116 1
2116 1
2116 1
2203 1
2203 1
2203 1
2203 1
2203 1
2203 1
2203 1
2203 1
2203 1
2203 1
2203 1
2203 1
2203 1
2203 1
2203 1
2203 1
2203 1
2203 1
2203 1
2203 1
2203 1
2203 1
2203 1
2203 1
2203 1
2203 1
2203 1
2203 1
2203 1
2203 1
2203 1
2203 1
2203 1
2203 1
2203 1
2203 1
2203 1
2203 1
2203 1
2203 1
2203 1
2203 1
2203 1
2203 1
2203 1
2291 1
2291 1
2291 1
2291 1
2291 1
2291 1
2291 1
2291 1
2291 1
2291 1
2291 1
2291 1
2291 1
2291 1
2291 1
2291 1
2291 1
2291 1
2291 1
2291 1
2291 1
2291 1
2291 1
2291 1
2291 1
2291 1
2291 1
2291 1
2291 1
2291 1
2291 1
2291 1
2291 1
2291 1
2291 1
2291 1
2291 1
2291 1
2291 1
2291 1
2291 1
2291 1
2291 1
2291 1
2291 1
2286 1
2286 1
2286 1
2286 1
2286 1
2286 1
2286 1
2286 1
2286 1
2286 1
2286 1
2286 1
2286 1
2286 1
2286 1
2286 1
2286 1
2286 1
2286 1
2286 1
2286 1
2286 1
2286 1
2286 1
2286 1
2286 1
2286 1
2286 1
2286 1
2286 1
2286 1
2286 1
2286 1
2286 1
2286 1
2286 1
2286 1
2286 1
2286 1
2286 1
2286 1
2286 1
2286 1
2286 1
2286 1
2263 1
2263 1
2263 1
2263 1
2263 1
2263 1
2263 1
2263 1
2263 1
2263 1
2263 1
2263 1
2263 1
2263 1
2263 1
2263 1
2263 1
2263 1
2263 1
2263 1
2263 1
2263 1
2263 1
2263 1
2263 1
2263 1
2263 1
2263 1
2263 1
2263 1
2263 1
2263 1
2263 1
2263 1
2263 1
2263 1
2263 1
2263 1
2263 1
2263 1
2263 1
2263 1
2263 1
2263 1
2263 1
2264 1
2264 1
2264 1
2264 1
2264 1
2264 1
2264 1
2264 1
2264 1
2264 1
2264 1
2264 1
2264 1
2264 1
2264 1
2264 1
2264 1
2264 1
2264 1
2264 1
2264 1
2264 1
2264 1
2264 1
2264 1
2264 1
2264 1
2264 1
2264 1
2264 1
2264 1
2264 1
2264 1
2264 1
2264 1
2264 1
2264 1
2264 1
2264 1
2264 1
2264 1
2264 1
2264 1
2264 1
2264 1
2282 1
2282 1
2282 1
2282 1
2282 1
2282 1
2282 1
2282 1
2282 1
2282 1
2282 1
2282 1
2282 1
2282 1
2282 1
2282 1
2282 1
2282 1
2282 1
2282 1
2282 1
2282 1
2282 1
2282 1
2282 1
2282 1
2282 1
2282 1
2282 1
2282 1
2282 1
2282 1
2282 1
2282 1
2282 1
2282 1
2282 1
2282 1
2282 1
2282 1
2282 1
2282 1
2282 1
2282 1
2282 1
2372 1
2372 1
2372 1
2372 1
2372 1
2372 1
2372 1
2372 1
2372 1
2372 1
2372 1
2372 1
2372 1
2372 1
2372 1
2372 1
2372 1
2372 1
2372 1
2372 1
2372 1
2372 1
2372 1
2372 1
2372 1
2372 1
2372 1
2372 1
2372 1
2372 1
2372 1
2372 1
2372 1
2372 1
2372 1
2372 1
2372 1
2372 1
2372 1
2372 1
2372 1
2372 1
2372 1
2372 1
2372 1
2367 1
2367 1
2367 1
2367 1
2367 1
2367 1
2367 1
2367 1
2367 1
2367 1
2367 1
2367 1
2367 1
2367 1
2367 1
2367 1
2367 1
2367 1
2367 1
2367 1
2367 1
2367 1
2367 1
2367 1
2367 1
2367 1
2367 1
2367 1
2367 1
2367 1
2367 1
2367 1
2367 1
2367 1
2367 1
2367 1
2367 1
2367 1
2367 1
2367 1
2367 1
2367 1
2367 1
2367 1
2367 1
2536 1
2536 1
2536 1
2536 1
2536 1
2536 1
2536 1
2536 1
2536 1
2536 1
2536 1
2536 1
2536 1
2536 1
2536 1
2536 1
2536 1
2536 1
2536 1
2536 1
2536 1
2536 1
2536 1
2536 1
2536 1
2536 1
2536 1
2536 1
2536 1
2536 1
2536 1
2536 1
2536 1
2536 1
2536 1
2536 1
2536 1
2536 1
2536 1
2536 1
2536 1
2536 1
2536 1
2536 1
2536 1
2502 1
2502 1
2502 1
2502 1
2502 1
2502 1
2502 1
2502 1
2502 1
2502 1
2502 1
2502 1
2502 1
2502 1
2502 1
2502 1
2502 1
2502 1
2502 1
2502 1
2502 1
2502 1
2502 1
2502 1
2502 1
2502 1
2502 1
2502 1
2502 1
2502 1
2502 1
2502 1
2502 1
2502 1
2502 1
2502 1
2502 1
2502 1
2502 1
2502 1
2502 1
2502 1
2502 1
2502 1
2502 1
2614 1
2614 1
2614 1
2614 1
2614 1
2614 1
2614 1
2614 1
2614 1
2614 1
2614 1
2614 1
2614 1
2614 1
2614 1
2614 1
2614 1
2614 1
2614 1
2614 1
2614 1
2614 1
2614 1
2614 1
2614 1
2614 1
2614 1
2614 1
2614 1
2614 1
2614 1
2614 1
2614 1
2614 1
2614 1
2614 1
2614 1
2614 1
2614 1
2614 1
2614 1
2614 1
2614 1
2614 1
2614 1
2598 1
2598 1
2598 1
2598 1
2598 1
2598 1
2598 1
2598 1
2598 1
2598 1
2598 1
2598 1
2598 1
2598 1
2598 1
2598 1
2598 1
2598 1
2598 1
2598 1
2598 1
2598 1
2598 1
2598 1
2598 1
2598 1
2598 1
2598 1
2598 1
2598 1
2598 1
2598 1
2598 1
2598 1
2598 1
2598 1
2598 1
2598 1
2598 1
2598 1
2598 1
2598 1
2598 1
2598 1
2598 1
2581 1
2581 1
2581 1
2581 1
2581 1
2581 1
2581 1
2581 1
2581 1
2581 1
2581 1
2581 1
2581 1
2581 1
2581 1
2581 1
2581 1
2581 1
2581 1
2581 1
2581 1
2581 1
2581 1
2581 1
2581 1
2581 1
2581 1
2581 1
2581 1
2581 1
2581 1
2581 1
2581 1
2581 1
2581 1
2581 1
2581 1
2581 1
2581 1
2581 1
2581 1
2581 1
2581 1
2581 1
2581 1
2589 1
2589 1
2589 1
2589 1
2589 1
2589 1
2589 1
2589 1
2589 1
2589 1
2589 1
2589 1
2589 1
2589 1
2589 1
2589 1
2589 1
2589 1
2589 1
2589 1
2589 1
2589 1
2589 1
2589 1
2589 1
2589 1
2589 1
2589 1
2589 1
2589 1
2589 1
2589 1
2589 1
2589 1
2589 1
2589 1
2589 1
2589 1
2589 1
2589 1
2589 1
2589 1
2589 1
2589 1
2589 1
2666 1
2666 1
2666 1
2666 1
2666 1
2666 1
2666 1
2666 1
2666 1
2666 1
2666 1
2666 1
2666 1
2666 1
2666 1
2666 1
2666 1
2666 1
2666 1
2666 1
2666 1
2666 1
2666 1
2666 1
2666 1
2666 1
2666 1
2666 1
2666 1
2666 1
2666 1
2666 1
2666 1
2666 1
2666 1
2666 1
2666 1
2666 1
2666 1
2666 1
2666 1
2666 1
2666 1
2666 1
2666 1
2773 1
2773 1
2773 1
2773 1
2773 1
2773 1
2773 1
2773 1
2773 1
2773 1
2773 1
2773 1
2773 1
2773 1
2773 1
2773 1
2773 1
2773 1
2773 1
2773 1
2773 1
2773 1
2773 1
2773 1
2773 1
2773 1
2773 1
2773 1
2773 1
2773 1
2773 1
2773 1
2773 1
2773 1
2773 1
2773 1
2773 1
2773 1
2773 1
2773 1
2773 1
2773 1
2773 1
2773 1
2773 1
2755 1
2755 1
2755 1
2755 1
2755 1
2755 1
2755 1
2755 1
2755 1
2755 1
2755 1
2755 1
2755 1
2755 1
2755 1
2755 1
2755 1
2755 1
2755 1
2755 1
2755 1
2755 1
2755 1
2755 1
2755 1
2755 1
2755 1
2755 1
2755 1
2755 1
2755 1
2755 1
2755 1
2755 1
2755 1
2755 1
2755 1
2755 1
2755 1
2755 1
2755 1
2755 1
2755 1
2755 1
2755 1
2838 1
2838 1
2838 1
2838 1
2838 1
2838 1
2838 1
2838 1
2838 1
2838 1
2838 1
2838 1
2838 1
2838 1
2838 1
2838 1
2838 1
2838 1
2838 1
2838 1
2838 1
2838 1
2838 1
2838 1
2838 1
2838 1
2838 1
2838 1
2838 1
2838 1
2838 1
2838 1
2838 1
2838 1
2838 1
2838 1
2838 1
2838 1
2838 1
2838 1
2838 1
2838 1
2838 1
2838 1
2838 1
2936 1
2936 1
2936 1
2936 1
2936 1
2936 1
2936 1
2936 1
2936 1
2936 1
2936 1
2936 1
2936 1
2936 1
2936 1
2936 1
2936 1
2936 1
2936 1
2936 1
2936 1
2936 1
2936 1
2936 1
2936 1
2936 1
2936 1
2936 1
2936 1
2936 1
2936 1
2936 1
2936 1
2936 1
2936 1
2936 1
2936 1
2936 1
2936 1
2936 1
2936 1
2936 1
2936 1
2936 1
2936 1
2916 1
2916 1
2916 1
2916 1
2916 1
2916 1
2916 1
2916 1
2916 1
2916 1
2916 1
2916 1
2916 1
2916 1
2916 1
2916 1
2916 1
2916 1
2916 1
2916 1
2916 1
2916 1
2916 1
2916 1
2916 1
2916 1
2916 1
2916 1
2916 1
2916 1
2916 1
2916 1
2916 1
2916 1
2916 1
2916 1
2916 1
2916 1
2916 1
2916 1
2916 1
2916 1
2916 1
2916 1
2916 1
3003 1
3003 1
3003 1
3003 1
3003 1
3003 1
3003 1
3003 1
3003 1
3003 1
3003 1
3003 1
3003 1
3003 1
3003 1
3003 1
3003 1
3003 1
3003 1
3003 1
3003 1
3003 1
3003 1
3003 1
3003 1
3003 1
3003 1
3003 1
3003 1
3003 1
3003 1
3003 1
3003 1
3003 1
3003 1
3003 1
3003 1
3003 1
3003 1
3003 1
3003 1
3003 1
3003 1
3003 1
3003 1
2989 1
2989 1
2989 1
2989 1
2989 1
2989 1
2989 1
2989 1
2989 1
2989 1
2989 1
2989 1
2989 1
2989 1
2989 1
2989 1
2989 1
2989 1
2989 1
2989 1
2989 1
2989 1
2989 1
2989 1
2989 1
2989 1
2989 1
2989 1
2989 1
2989 1
2989 1
2989 1
2989 1
2989 1
2989 1
2989 1
2989 1
2989 1
2989 1
2989 1
2989 1
2989 1
2989 1
2989 1
2989 1
3075 1
3075 1
3075 1
3075 1
3075 1
3075 1
3075 1
3075 1
3075 1
3075 1
3075 1
3075 1
3075 1
3075 1
3075 1
3075 1
3075 1
3075 1
3075 1
3075 1
3075 1
3075 1
3075 1
3075 1
3075 1
3075 1
3075 1
3075 1
3075 1
3075 1
3075 1
3075 1
3075 1
3075 1
3075 1
3075 1
3075 1
3075 1
3075 1
3075 1
3075 1
3075 1
3075 1
3075 1
3075 1
3064 1
3064 1
3064 1
3064 1
3064 1
3064 1
3064 1
3064 1
3064 1
3064 1
3064 1
3064 1
3064 1
3064 1
3064 1
3064 1
3064 1
3064 1
3064 1
3064 1
3064 1
3064 1
3064 1
3064 1
3064 1
3064 1
3064 1
3064 1
3064 1
3064 1
3064 1
3064 1
3064 1
3064 1
3064 1
3064 1
3064 1
3064 1
3064 1
3064 1
3064 1
3064 1
3064 1
3064 1
3064 1
3216 1
3216 1
3216 1
3216 1
3216 1
3216 1
3216 1
3216 1
3216 1
3216 1
3216 1
3216 1
3216 1
3216 1
3216 1
3216 1
3216 1
3216 1
3216 1
3216 1
3216 1
3216 1
3216 1
3216 1
3216 1
3216 1
3216 1
3216 1
3216 1
3216 1
3216 1
3216 1
3216 1
3216 1
3216 1
3216 1
3216 1
3216 1
3216 1
3216 1
3216 1
3216 1
3216 1
3216 1
3216 1
