pt_graph shape
34 1
34 1
34 1
34 1
34 1
34 1
34 1
34 1
34 1
34 1
34 1
34 1
34 1
34 1
34 1
34 1
34 1
34 1
34 1
34 1
34 1
34 1
34 1
34 1
34 1
34 1
34 1
34 1
34 1
34 1
34 1
34 1
34 1
34 1
34 1
34 1
34 1
34 1
34 1
34 1
34 1
34 1
34 1
34 1
34 1
42 1
42 1
42 1
42 1
42 1
42 1
42 1
42 1
42 1
42 1
42 1
42 1
42 1
42 1
42 1
42 1
42 1
42 1
42 1
42 1
42 1
42 1
42 1
42 1
42 1
42 1
42 1
42 1
42 1
42 1
42 1
42 1
42 1
42 1
42 1
42 1
42 1
42 1
42 1
42 1
42 1
42 1
42 1
42 1
42 1
48 1
48 1
48 1
48 1
48 1
48 1
48 1
48 1
48 1
48 1
48 1
48 1
48 1
48 1
48 1
48 1
48 1
48 1
48 1
48 1
48 1
48 1
48 1
48 1
48 1
48 1
48 1
48 1
48 1
48 1
48 1
48 1
48 1
48 1
48 1
48 1
48 1
48 1
48 1
48 1
48 1
48 1
48 1
48 1
48 1
53 1
53 1
53 1
53 1
53 1
53 1
53 1
53 1
53 1
53 1
53 1
53 1
53 1
53 1
53 1
53 1
53 1
53 1
53 1
53 1
53 1
53 1
53 1
53 1
53 1
53 1
53 1
53 1
53 1
53 1
53 1
53 1
53 1
53 1
53 1
53 1
53 1
53 1
53 1
53 1
53 1
53 1
53 1
53 1
53 1
54 1
54 1
54 1
54 1
54 1
54 1
54 1
54 1
54 1
54 1
54 1
54 1
54 1
54 1
54 1
54 1
54 1
54 1
54 1
54 1
54 1
54 1
54 1
54 1
54 1
54 1
54 1
54 1
54 1
54 1
54 1
54 1
54 1
54 1
54 1
54 1
54 1
54 1
54 1
54 1
54 1
54 1
54 1
54 1
54 1
55 1
55 1
55 1
55 1
55 1
55 1
55 1
55 1
55 1
55 1
55 1
55 1
55 1
55 1
55 1
55 1
55 1
55 1
55 1
55 1
55 1
55 1
55 1
55 1
55 1
55 1
55 1
55 1
55 1
55 1
55 1
55 1
55 1
55 1
55 1
55 1
55 1
55 1
55 1
55 1
55 1
55 1
55 1
55 1
55 1
56 1
56 1
56 1
56 1
56 1
56 1
56 1
56 1
56 1
56 1
56 1
56 1
56 1
56 1
56 1
56 1
56 1
56 1
56 1
56 1
56 1
56 1
56 1
56 1
56 1
56 1
56 1
56 1
56 1
56 1
56 1
56 1
56 1
56 1
56 1
56 1
56 1
56 1
56 1
56 1
56 1
56 1
56 1
56 1
56 1
63 1
63 1
63 1
63 1
63 1
63 1
63 1
63 1
63 1
63 1
63 1
63 1
63 1
63 1
63 1
63 1
63 1
63 1
63 1
63 1
63 1
63 1
63 1
63 1
63 1
63 1
63 1
63 1
63 1
63 1
63 1
63 1
63 1
63 1
63 1
63 1
63 1
63 1
63 1
63 1
63 1
63 1
63 1
63 1
63 1
10806 1
10806 1
10806 1
10806 1
10806 1
10806 1
10806 1
10806 1
10806 1
10806 1
10806 1
10806 1
10806 1
10806 1
10806 1
10806 1
10806 1
10806 1
10806 1
10806 1
10806 1
10806 1
10806 1
10806 1
10806 1
10806 1
10806 1
10806 1
10806 1
10806 1
10806 1
10806 1
10806 1
10806 1
10806 1
10806 1
10806 1
10806 1
10806 1
10806 1
10806 1
10806 1
10806 1
10806 1
10806 1
66 1
66 1
66 1
66 1
66 1
66 1
66 1
66 1
66 1
66 1
66 1
66 1
66 1
66 1
66 1
66 1
66 1
66 1
66 1
66 1
66 1
66 1
66 1
66 1
66 1
66 1
66 1
66 1
66 1
66 1
66 1
66 1
66 1
66 1
66 1
66 1
66 1
66 1
66 1
66 1
66 1
66 1
66 1
66 1
66 1
67 1
67 1
67 1
67 1
67 1
67 1
67 1
67 1
67 1
67 1
67 1
67 1
67 1
67 1
67 1
67 1
67 1
67 1
67 1
67 1
67 1
67 1
67 1
67 1
67 1
67 1
67 1
67 1
67 1
67 1
67 1
67 1
67 1
67 1
67 1
67 1
67 1
67 1
67 1
67 1
67 1
67 1
67 1
67 1
67 1
70 1
70 1
70 1
70 1
70 1
70 1
70 1
70 1
70 1
70 1
70 1
70 1
70 1
70 1
70 1
70 1
70 1
70 1
70 1
70 1
70 1
70 1
70 1
70 1
70 1
70 1
70 1
70 1
70 1
70 1
70 1
70 1
70 1
70 1
70 1
70 1
70 1
70 1
70 1
70 1
70 1
70 1
70 1
70 1
70 1
71 1
71 1
71 1
71 1
71 1
71 1
71 1
71 1
71 1
71 1
71 1
71 1
71 1
71 1
71 1
71 1
71 1
71 1
71 1
71 1
71 1
71 1
71 1
71 1
71 1
71 1
71 1
71 1
71 1
71 1
71 1
71 1
71 1
71 1
71 1
71 1
71 1
71 1
71 1
71 1
71 1
71 1
71 1
71 1
71 1
74 1
74 1
74 1
74 1
74 1
74 1
74 1
74 1
74 1
74 1
74 1
74 1
74 1
74 1
74 1
74 1
74 1
74 1
74 1
74 1
74 1
74 1
74 1
74 1
74 1
74 1
74 1
74 1
74 1
74 1
74 1
74 1
74 1
74 1
74 1
74 1
74 1
74 1
74 1
74 1
74 1
74 1
74 1
74 1
74 1
75 1
75 1
75 1
75 1
75 1
75 1
75 1
75 1
75 1
75 1
75 1
75 1
75 1
75 1
75 1
75 1
75 1
75 1
75 1
75 1
75 1
75 1
75 1
75 1
75 1
75 1
75 1
75 1
75 1
75 1
75 1
75 1
75 1
75 1
75 1
75 1
75 1
75 1
75 1
75 1
75 1
75 1
75 1
75 1
75 1
76 1
76 1
76 1
76 1
76 1
76 1
76 1
76 1
76 1
76 1
76 1
76 1
76 1
76 1
76 1
76 1
76 1
76 1
76 1
76 1
76 1
76 1
76 1
76 1
76 1
76 1
76 1
76 1
76 1
76 1
76 1
76 1
76 1
76 1
76 1
76 1
76 1
76 1
76 1
76 1
76 1
76 1
76 1
76 1
76 1
77 1
77 1
77 1
77 1
77 1
77 1
77 1
77 1
77 1
77 1
77 1
77 1
77 1
77 1
77 1
77 1
77 1
77 1
77 1
77 1
77 1
77 1
77 1
77 1
77 1
77 1
77 1
77 1
77 1
77 1
77 1
77 1
77 1
77 1
77 1
77 1
77 1
77 1
77 1
77 1
77 1
77 1
77 1
77 1
77 1
87 1
87 1
87 1
87 1
87 1
87 1
87 1
87 1
87 1
87 1
87 1
87 1
87 1
87 1
87 1
87 1
87 1
87 1
87 1
87 1
87 1
87 1
87 1
87 1
87 1
87 1
87 1
87 1
87 1
87 1
87 1
87 1
87 1
87 1
87 1
87 1
87 1
87 1
87 1
87 1
87 1
87 1
87 1
87 1
87 1
89 1
89 1
89 1
89 1
89 1
89 1
89 1
89 1
89 1
89 1
89 1
89 1
89 1
89 1
89 1
89 1
89 1
89 1
89 1
89 1
89 1
89 1
89 1
89 1
89 1
89 1
89 1
89 1
89 1
89 1
89 1
89 1
89 1
89 1
89 1
89 1
89 1
89 1
89 1
89 1
89 1
89 1
89 1
89 1
89 1
90 1
90 1
90 1
90 1
90 1
90 1
90 1
90 1
90 1
90 1
90 1
90 1
90 1
90 1
90 1
90 1
90 1
90 1
90 1
90 1
90 1
90 1
90 1
90 1
90 1
90 1
90 1
90 1
90 1
90 1
90 1
90 1
90 1
90 1
90 1
90 1
90 1
90 1
90 1
90 1
90 1
90 1
90 1
90 1
90 1
95 1
95 1
95 1
95 1
95 1
95 1
95 1
95 1
95 1
95 1
95 1
95 1
95 1
95 1
95 1
95 1
95 1
95 1
95 1
95 1
95 1
95 1
95 1
95 1
95 1
95 1
95 1
95 1
95 1
95 1
95 1
95 1
95 1
95 1
95 1
95 1
95 1
95 1
95 1
95 1
95 1
95 1
95 1
95 1
95 1
98 1
98 1
98 1
98 1
98 1
98 1
98 1
98 1
98 1
98 1
98 1
98 1
98 1
98 1
98 1
98 1
98 1
98 1
98 1
98 1
98 1
98 1
98 1
98 1
98 1
98 1
98 1
98 1
98 1
98 1
98 1
98 1
98 1
98 1
98 1
98 1
98 1
98 1
98 1
98 1
98 1
98 1
98 1
98 1
98 1
100 1
100 1
100 1
100 1
100 1
100 1
100 1
100 1
100 1
100 1
100 1
100 1
100 1
100 1
100 1
100 1
100 1
100 1
100 1
100 1
100 1
100 1
100 1
100 1
100 1
100 1
100 1
100 1
100 1
100 1
100 1
100 1
100 1
100 1
100 1
100 1
100 1
100 1
100 1
100 1
100 1
100 1
100 1
100 1
100 1
110 1
110 1
110 1
110 1
110 1
110 1
110 1
110 1
110 1
110 1
110 1
110 1
110 1
110 1
110 1
110 1
110 1
110 1
110 1
110 1
110 1
110 1
110 1
110 1
110 1
110 1
110 1
110 1
110 1
110 1
110 1
110 1
110 1
110 1
110 1
110 1
110 1
110 1
110 1
110 1
110 1
110 1
110 1
110 1
110 1
112 1
112 1
112 1
112 1
112 1
112 1
112 1
112 1
112 1
112 1
112 1
112 1
112 1
112 1
112 1
112 1
112 1
112 1
112 1
112 1
112 1
112 1
112 1
112 1
112 1
112 1
112 1
112 1
112 1
112 1
112 1
112 1
112 1
112 1
112 1
112 1
112 1
112 1
112 1
112 1
112 1
112 1
112 1
112 1
112 1
113 1
113 1
113 1
113 1
113 1
113 1
113 1
113 1
113 1
113 1
113 1
113 1
113 1
113 1
113 1
113 1
113 1
113 1
113 1
113 1
113 1
113 1
113 1
113 1
113 1
113 1
113 1
113 1
113 1
113 1
113 1
113 1
113 1
113 1
113 1
113 1
113 1
113 1
113 1
113 1
113 1
113 1
113 1
113 1
113 1
122 1
122 1
122 1
122 1
122 1
122 1
122 1
122 1
122 1
122 1
122 1
122 1
122 1
122 1
122 1
122 1
122 1
122 1
122 1
122 1
122 1
122 1
122 1
122 1
122 1
122 1
122 1
122 1
122 1
122 1
122 1
122 1
122 1
122 1
122 1
122 1
122 1
122 1
122 1
122 1
122 1
122 1
122 1
122 1
122 1
131 1
131 1
131 1
131 1
131 1
131 1
131 1
131 1
131 1
131 1
131 1
131 1
131 1
131 1
131 1
131 1
131 1
131 1
131 1
131 1
131 1
131 1
131 1
131 1
131 1
131 1
131 1
131 1
131 1
131 1
131 1
131 1
131 1
131 1
131 1
131 1
131 1
131 1
131 1
131 1
131 1
131 1
131 1
131 1
131 1
133 1
133 1
133 1
133 1
133 1
133 1
133 1
133 1
133 1
133 1
133 1
133 1
133 1
133 1
133 1
133 1
133 1
133 1
133 1
133 1
133 1
133 1
133 1
133 1
133 1
133 1
133 1
133 1
133 1
133 1
133 1
133 1
133 1
133 1
133 1
133 1
133 1
133 1
133 1
133 1
133 1
133 1
133 1
133 1
133 1
135 1
135 1
135 1
135 1
135 1
135 1
135 1
135 1
135 1
135 1
135 1
135 1
135 1
135 1
135 1
135 1
135 1
135 1
135 1
135 1
135 1
135 1
135 1
135 1
135 1
135 1
135 1
135 1
135 1
135 1
135 1
135 1
135 1
135 1
135 1
135 1
135 1
135 1
135 1
135 1
135 1
135 1
135 1
135 1
135 1
136 1
136 1
136 1
136 1
136 1
136 1
136 1
136 1
136 1
136 1
136 1
136 1
136 1
136 1
136 1
136 1
136 1
136 1
136 1
136 1
136 1
136 1
136 1
136 1
136 1
136 1
136 1
136 1
136 1
136 1
136 1
136 1
136 1
136 1
136 1
136 1
136 1
136 1
136 1
136 1
136 1
136 1
136 1
136 1
136 1
140 1
140 1
140 1
140 1
140 1
140 1
140 1
140 1
140 1
140 1
140 1
140 1
140 1
140 1
140 1
140 1
140 1
140 1
140 1
140 1
140 1
140 1
140 1
140 1
140 1
140 1
140 1
140 1
140 1
140 1
140 1
140 1
140 1
140 1
140 1
140 1
140 1
140 1
140 1
140 1
140 1
140 1
140 1
140 1
140 1
143 1
143 1
143 1
143 1
143 1
143 1
143 1
143 1
143 1
143 1
143 1
143 1
143 1
143 1
143 1
143 1
143 1
143 1
143 1
143 1
143 1
143 1
143 1
143 1
143 1
143 1
143 1
143 1
143 1
143 1
143 1
143 1
143 1
143 1
143 1
143 1
143 1
143 1
143 1
143 1
143 1
143 1
143 1
143 1
143 1
154 1
154 1
154 1
154 1
154 1
154 1
154 1
154 1
154 1
154 1
154 1
154 1
154 1
154 1
154 1
154 1
154 1
154 1
154 1
154 1
154 1
154 1
154 1
154 1
154 1
154 1
154 1
154 1
154 1
154 1
154 1
154 1
154 1
154 1
154 1
154 1
154 1
154 1
154 1
154 1
154 1
154 1
154 1
154 1
154 1
155 1
155 1
155 1
155 1
155 1
155 1
155 1
155 1
155 1
155 1
155 1
155 1
155 1
155 1
155 1
155 1
155 1
155 1
155 1
155 1
155 1
155 1
155 1
155 1
155 1
155 1
155 1
155 1
155 1
155 1
155 1
155 1
155 1
155 1
155 1
155 1
155 1
155 1
155 1
155 1
155 1
155 1
155 1
155 1
155 1
183 1
183 1
183 1
183 1
183 1
183 1
183 1
183 1
183 1
183 1
183 1
183 1
183 1
183 1
183 1
183 1
183 1
183 1
183 1
183 1
183 1
183 1
183 1
183 1
183 1
183 1
183 1
183 1
183 1
183 1
183 1
183 1
183 1
183 1
183 1
183 1
183 1
183 1
183 1
183 1
183 1
183 1
183 1
183 1
183 1
188 1
188 1
188 1
188 1
188 1
188 1
188 1
188 1
188 1
188 1
188 1
188 1
188 1
188 1
188 1
188 1
188 1
188 1
188 1
188 1
188 1
188 1
188 1
188 1
188 1
188 1
188 1
188 1
188 1
188 1
188 1
188 1
188 1
188 1
188 1
188 1
188 1
188 1
188 1
188 1
188 1
188 1
188 1
188 1
188 1
198 1
198 1
198 1
198 1
198 1
198 1
198 1
198 1
198 1
198 1
198 1
198 1
198 1
198 1
198 1
198 1
198 1
198 1
198 1
198 1
198 1
198 1
198 1
198 1
198 1
198 1
198 1
198 1
198 1
198 1
198 1
198 1
198 1
198 1
198 1
198 1
198 1
198 1
198 1
198 1
198 1
198 1
198 1
198 1
198 1
200 1
200 1
200 1
200 1
200 1
200 1
200 1
200 1
200 1
200 1
200 1
200 1
200 1
200 1
200 1
200 1
200 1
200 1
200 1
200 1
200 1
200 1
200 1
200 1
200 1
200 1
200 1
200 1
200 1
200 1
200 1
200 1
200 1
200 1
200 1
200 1
200 1
200 1
200 1
200 1
200 1
200 1
200 1
200 1
200 1
208 1
208 1
208 1
208 1
208 1
208 1
208 1
208 1
208 1
208 1
208 1
208 1
208 1
208 1
208 1
208 1
208 1
208 1
208 1
208 1
208 1
208 1
208 1
208 1
208 1
208 1
208 1
208 1
208 1
208 1
208 1
208 1
208 1
208 1
208 1
208 1
208 1
208 1
208 1
208 1
208 1
208 1
208 1
208 1
208 1
214 1
214 1
214 1
214 1
214 1
214 1
214 1
214 1
214 1
214 1
214 1
214 1
214 1
214 1
214 1
214 1
214 1
214 1
214 1
214 1
214 1
214 1
214 1
214 1
214 1
214 1
214 1
214 1
214 1
214 1
214 1
214 1
214 1
214 1
214 1
214 1
214 1
214 1
214 1
214 1
214 1
214 1
214 1
214 1
214 1
231 1
231 1
231 1
231 1
231 1
231 1
231 1
231 1
231 1
231 1
231 1
231 1
231 1
231 1
231 1
231 1
231 1
231 1
231 1
231 1
231 1
231 1
231 1
231 1
231 1
231 1
231 1
231 1
231 1
231 1
231 1
231 1
231 1
231 1
231 1
231 1
231 1
231 1
231 1
231 1
231 1
231 1
231 1
231 1
231 1
241 1
241 1
241 1
241 1
241 1
241 1
241 1
241 1
241 1
241 1
241 1
241 1
241 1
241 1
241 1
241 1
241 1
241 1
241 1
241 1
241 1
241 1
241 1
241 1
241 1
241 1
241 1
241 1
241 1
241 1
241 1
241 1
241 1
241 1
241 1
241 1
241 1
241 1
241 1
241 1
241 1
241 1
241 1
241 1
241 1
242 1
242 1
242 1
242 1
242 1
242 1
242 1
242 1
242 1
242 1
242 1
242 1
242 1
242 1
242 1
242 1
242 1
242 1
242 1
242 1
242 1
242 1
242 1
242 1
242 1
242 1
242 1
242 1
242 1
242 1
242 1
242 1
242 1
242 1
242 1
242 1
242 1
242 1
242 1
242 1
242 1
242 1
242 1
242 1
242 1
248 1
248 1
248 1
248 1
248 1
248 1
248 1
248 1
248 1
248 1
248 1
248 1
248 1
248 1
248 1
248 1
248 1
248 1
248 1
248 1
248 1
248 1
248 1
248 1
248 1
248 1
248 1
248 1
248 1
248 1
248 1
248 1
248 1
248 1
248 1
248 1
248 1
248 1
248 1
248 1
248 1
248 1
248 1
248 1
248 1
256 1
256 1
256 1
256 1
256 1
256 1
256 1
256 1
256 1
256 1
256 1
256 1
256 1
256 1
256 1
256 1
256 1
256 1
256 1
256 1
256 1
256 1
256 1
256 1
256 1
256 1
256 1
256 1
256 1
256 1
256 1
256 1
256 1
256 1
256 1
256 1
256 1
256 1
256 1
256 1
256 1
256 1
256 1
256 1
256 1
261 1
261 1
261 1
261 1
261 1
261 1
261 1
261 1
261 1
261 1
261 1
261 1
261 1
261 1
261 1
261 1
261 1
261 1
261 1
261 1
261 1
261 1
261 1
261 1
261 1
261 1
261 1
261 1
261 1
261 1
261 1
261 1
261 1
261 1
261 1
261 1
261 1
261 1
261 1
261 1
261 1
261 1
261 1
261 1
261 1
263 1
263 1
263 1
263 1
263 1
263 1
263 1
263 1
263 1
263 1
263 1
263 1
263 1
263 1
263 1
263 1
263 1
263 1
263 1
263 1
263 1
263 1
263 1
263 1
263 1
263 1
263 1
263 1
263 1
263 1
263 1
263 1
263 1
263 1
263 1
263 1
263 1
263 1
263 1
263 1
263 1
263 1
263 1
263 1
263 1
265 1
265 1
265 1
265 1
265 1
265 1
265 1
265 1
265 1
265 1
265 1
265 1
265 1
265 1
265 1
265 1
265 1
265 1
265 1
265 1
265 1
265 1
265 1
265 1
265 1
265 1
265 1
265 1
265 1
265 1
265 1
265 1
265 1
265 1
265 1
265 1
265 1
265 1
265 1
265 1
265 1
265 1
265 1
265 1
265 1
301 1
301 1
301 1
301 1
301 1
301 1
301 1
301 1
301 1
301 1
301 1
301 1
301 1
301 1
301 1
301 1
301 1
301 1
301 1
301 1
301 1
301 1
301 1
301 1
301 1
301 1
301 1
301 1
301 1
301 1
301 1
301 1
301 1
301 1
301 1
301 1
301 1
301 1
301 1
301 1
301 1
301 1
301 1
301 1
301 1
305 1
305 1
305 1
305 1
305 1
305 1
305 1
305 1
305 1
305 1
305 1
305 1
305 1
305 1
305 1
305 1
305 1
305 1
305 1
305 1
305 1
305 1
305 1
305 1
305 1
305 1
305 1
305 1
305 1
305 1
305 1
305 1
305 1
305 1
305 1
305 1
305 1
305 1
305 1
305 1
305 1
305 1
305 1
305 1
305 1
311 1
311 1
311 1
311 1
311 1
311 1
311 1
311 1
311 1
311 1
311 1
311 1
311 1
311 1
311 1
311 1
311 1
311 1
311 1
311 1
311 1
311 1
311 1
311 1
311 1
311 1
311 1
311 1
311 1
311 1
311 1
311 1
311 1
311 1
311 1
311 1
311 1
311 1
311 1
311 1
311 1
311 1
311 1
311 1
311 1
357 1
357 1
357 1
357 1
357 1
357 1
357 1
357 1
357 1
357 1
357 1
357 1
357 1
357 1
357 1
357 1
357 1
357 1
357 1
357 1
357 1
357 1
357 1
357 1
357 1
357 1
357 1
357 1
357 1
357 1
357 1
357 1
357 1
357 1
357 1
357 1
357 1
357 1
357 1
357 1
357 1
357 1
357 1
357 1
357 1
377 1
377 1
377 1
377 1
377 1
377 1
377 1
377 1
377 1
377 1
377 1
377 1
377 1
377 1
377 1
377 1
377 1
377 1
377 1
377 1
377 1
377 1
377 1
377 1
377 1
377 1
377 1
377 1
377 1
377 1
377 1
377 1
377 1
377 1
377 1
377 1
377 1
377 1
377 1
377 1
377 1
377 1
377 1
377 1
377 1
380 1
380 1
380 1
380 1
380 1
380 1
380 1
380 1
380 1
380 1
380 1
380 1
380 1
380 1
380 1
380 1
380 1
380 1
380 1
380 1
380 1
380 1
380 1
380 1
380 1
380 1
380 1
380 1
380 1
380 1
380 1
380 1
380 1
380 1
380 1
380 1
380 1
380 1
380 1
380 1
380 1
380 1
380 1
380 1
380 1
384 1
384 1
384 1
384 1
384 1
384 1
384 1
384 1
384 1
384 1
384 1
384 1
384 1
384 1
384 1
384 1
384 1
384 1
384 1
384 1
384 1
384 1
384 1
384 1
384 1
384 1
384 1
384 1
384 1
384 1
384 1
384 1
384 1
384 1
384 1
384 1
384 1
384 1
384 1
384 1
384 1
384 1
384 1
384 1
384 1
412 1
412 1
412 1
412 1
412 1
412 1
412 1
412 1
412 1
412 1
412 1
412 1
412 1
412 1
412 1
412 1
412 1
412 1
412 1
412 1
412 1
412 1
412 1
412 1
412 1
412 1
412 1
412 1
412 1
412 1
412 1
412 1
412 1
412 1
412 1
412 1
412 1
412 1
412 1
412 1
412 1
412 1
412 1
412 1
412 1
415 1
415 1
415 1
415 1
415 1
415 1
415 1
415 1
415 1
415 1
415 1
415 1
415 1
415 1
415 1
415 1
415 1
415 1
415 1
415 1
415 1
415 1
415 1
415 1
415 1
415 1
415 1
415 1
415 1
415 1
415 1
415 1
415 1
415 1
415 1
415 1
415 1
415 1
415 1
415 1
415 1
415 1
415 1
415 1
415 1
440 1
440 1
440 1
440 1
440 1
440 1
440 1
440 1
440 1
440 1
440 1
440 1
440 1
440 1
440 1
440 1
440 1
440 1
440 1
440 1
440 1
440 1
440 1
440 1
440 1
440 1
440 1
440 1
440 1
440 1
440 1
440 1
440 1
440 1
440 1
440 1
440 1
440 1
440 1
440 1
440 1
440 1
440 1
440 1
440 1
459 1
459 1
459 1
459 1
459 1
459 1
459 1
459 1
459 1
459 1
459 1
459 1
459 1
459 1
459 1
459 1
459 1
459 1
459 1
459 1
459 1
459 1
459 1
459 1
459 1
459 1
459 1
459 1
459 1
459 1
459 1
459 1
459 1
459 1
459 1
459 1
459 1
459 1
459 1
459 1
459 1
459 1
459 1
459 1
459 1
470 1
470 1
470 1
470 1
470 1
470 1
470 1
470 1
470 1
470 1
470 1
470 1
470 1
470 1
470 1
470 1
470 1
470 1
470 1
470 1
470 1
470 1
470 1
470 1
470 1
470 1
470 1
470 1
470 1
470 1
470 1
470 1
470 1
470 1
470 1
470 1
470 1
470 1
470 1
470 1
470 1
470 1
470 1
470 1
470 1
484 1
484 1
484 1
484 1
484 1
484 1
484 1
484 1
484 1
484 1
484 1
484 1
484 1
484 1
484 1
484 1
484 1
484 1
484 1
484 1
484 1
484 1
484 1
484 1
484 1
484 1
484 1
484 1
484 1
484 1
484 1
484 1
484 1
484 1
484 1
484 1
484 1
484 1
484 1
484 1
484 1
484 1
484 1
484 1
484 1
486 1
486 1
486 1
486 1
486 1
486 1
486 1
486 1
486 1
486 1
486 1
486 1
486 1
486 1
486 1
486 1
486 1
486 1
486 1
486 1
486 1
486 1
486 1
486 1
486 1
486 1
486 1
486 1
486 1
486 1
486 1
486 1
486 1
486 1
486 1
486 1
486 1
486 1
486 1
486 1
486 1
486 1
486 1
486 1
486 1
497 1
497 1
497 1
497 1
497 1
497 1
497 1
497 1
497 1
497 1
497 1
497 1
497 1
497 1
497 1
497 1
497 1
497 1
497 1
497 1
497 1
497 1
497 1
497 1
497 1
497 1
497 1
497 1
497 1
497 1
497 1
497 1
497 1
497 1
497 1
497 1
497 1
497 1
497 1
497 1
497 1
497 1
497 1
497 1
497 1
498 1
498 1
498 1
498 1
498 1
498 1
498 1
498 1
498 1
498 1
498 1
498 1
498 1
498 1
498 1
498 1
498 1
498 1
498 1
498 1
498 1
498 1
498 1
498 1
498 1
498 1
498 1
498 1
498 1
498 1
498 1
498 1
498 1
498 1
498 1
498 1
498 1
498 1
498 1
498 1
498 1
498 1
498 1
498 1
498 1
508 1
508 1
508 1
508 1
508 1
508 1
508 1
508 1
508 1
508 1
508 1
508 1
508 1
508 1
508 1
508 1
508 1
508 1
508 1
508 1
508 1
508 1
508 1
508 1
508 1
508 1
508 1
508 1
508 1
508 1
508 1
508 1
508 1
508 1
508 1
508 1
508 1
508 1
508 1
508 1
508 1
508 1
508 1
508 1
508 1
509 1
509 1
509 1
509 1
509 1
509 1
509 1
509 1
509 1
509 1
509 1
509 1
509 1
509 1
509 1
509 1
509 1
509 1
509 1
509 1
509 1
509 1
509 1
509 1
509 1
509 1
509 1
509 1
509 1
509 1
509 1
509 1
509 1
509 1
509 1
509 1
509 1
509 1
509 1
509 1
509 1
509 1
509 1
509 1
509 1
510 1
510 1
510 1
510 1
510 1
510 1
510 1
510 1
510 1
510 1
510 1
510 1
510 1
510 1
510 1
510 1
510 1
510 1
510 1
510 1
510 1
510 1
510 1
510 1
510 1
510 1
510 1
510 1
510 1
510 1
510 1
510 1
510 1
510 1
510 1
510 1
510 1
510 1
510 1
510 1
510 1
510 1
510 1
510 1
510 1
526 1
526 1
526 1
526 1
526 1
526 1
526 1
526 1
526 1
526 1
526 1
526 1
526 1
526 1
526 1
526 1
526 1
526 1
526 1
526 1
526 1
526 1
526 1
526 1
526 1
526 1
526 1
526 1
526 1
526 1
526 1
526 1
526 1
526 1
526 1
526 1
526 1
526 1
526 1
526 1
526 1
526 1
526 1
526 1
526 1
538 1
538 1
538 1
538 1
538 1
538 1
538 1
538 1
538 1
538 1
538 1
538 1
538 1
538 1
538 1
538 1
538 1
538 1
538 1
538 1
538 1
538 1
538 1
538 1
538 1
538 1
538 1
538 1
538 1
538 1
538 1
538 1
538 1
538 1
538 1
538 1
538 1
538 1
538 1
538 1
538 1
538 1
538 1
538 1
538 1
541 1
541 1
541 1
541 1
541 1
541 1
541 1
541 1
541 1
541 1
541 1
541 1
541 1
541 1
541 1
541 1
541 1
541 1
541 1
541 1
541 1
541 1
541 1
541 1
541 1
541 1
541 1
541 1
541 1
541 1
541 1
541 1
541 1
541 1
541 1
541 1
541 1
541 1
541 1
541 1
541 1
541 1
541 1
541 1
541 1
546 1
546 1
546 1
546 1
546 1
546 1
546 1
546 1
546 1
546 1
546 1
546 1
546 1
546 1
546 1
546 1
546 1
546 1
546 1
546 1
546 1
546 1
546 1
546 1
546 1
546 1
546 1
546 1
546 1
546 1
546 1
546 1
546 1
546 1
546 1
546 1
546 1
546 1
546 1
546 1
546 1
546 1
546 1
546 1
546 1
567 1
567 1
567 1
567 1
567 1
567 1
567 1
567 1
567 1
567 1
567 1
567 1
567 1
567 1
567 1
567 1
567 1
567 1
567 1
567 1
567 1
567 1
567 1
567 1
567 1
567 1
567 1
567 1
567 1
567 1
567 1
567 1
567 1
567 1
567 1
567 1
567 1
567 1
567 1
567 1
567 1
567 1
567 1
567 1
567 1
571 1
571 1
571 1
571 1
571 1
571 1
571 1
571 1
571 1
571 1
571 1
571 1
571 1
571 1
571 1
571 1
571 1
571 1
571 1
571 1
571 1
571 1
571 1
571 1
571 1
571 1
571 1
571 1
571 1
571 1
571 1
571 1
571 1
571 1
571 1
571 1
571 1
571 1
571 1
571 1
571 1
571 1
571 1
571 1
571 1
581 1
581 1
581 1
581 1
581 1
581 1
581 1
581 1
581 1
581 1
581 1
581 1
581 1
581 1
581 1
581 1
581 1
581 1
581 1
581 1
581 1
581 1
581 1
581 1
581 1
581 1
581 1
581 1
581 1
581 1
581 1
581 1
581 1
581 1
581 1
581 1
581 1
581 1
581 1
581 1
581 1
581 1
581 1
581 1
581 1
585 1
585 1
585 1
585 1
585 1
585 1
585 1
585 1
585 1
585 1
585 1
585 1
585 1
585 1
585 1
585 1
585 1
585 1
585 1
585 1
585 1
585 1
585 1
585 1
585 1
585 1
585 1
585 1
585 1
585 1
585 1
585 1
585 1
585 1
585 1
585 1
585 1
585 1
585 1
585 1
585 1
585 1
585 1
585 1
585 1
601 1
601 1
601 1
601 1
601 1
601 1
601 1
601 1
601 1
601 1
601 1
601 1
601 1
601 1
601 1
601 1
601 1
601 1
601 1
601 1
601 1
601 1
601 1
601 1
601 1
601 1
601 1
601 1
601 1
601 1
601 1
601 1
601 1
601 1
601 1
601 1
601 1
601 1
601 1
601 1
601 1
601 1
601 1
601 1
601 1
609 1
609 1
609 1
609 1
609 1
609 1
609 1
609 1
609 1
609 1
609 1
609 1
609 1
609 1
609 1
609 1
609 1
609 1
609 1
609 1
609 1
609 1
609 1
609 1
609 1
609 1
609 1
609 1
609 1
609 1
609 1
609 1
609 1
609 1
609 1
609 1
609 1
609 1
609 1
609 1
609 1
609 1
609 1
609 1
609 1
622 1
622 1
622 1
622 1
622 1
622 1
622 1
622 1
622 1
622 1
622 1
622 1
622 1
622 1
622 1
622 1
622 1
622 1
622 1
622 1
622 1
622 1
622 1
622 1
622 1
622 1
622 1
622 1
622 1
622 1
622 1
622 1
622 1
622 1
622 1
622 1
622 1
622 1
622 1
622 1
622 1
622 1
622 1
622 1
622 1
621 1
621 1
621 1
621 1
621 1
621 1
621 1
621 1
621 1
621 1
621 1
621 1
621 1
621 1
621 1
621 1
621 1
621 1
621 1
621 1
621 1
621 1
621 1
621 1
621 1
621 1
621 1
621 1
621 1
621 1
621 1
621 1
621 1
621 1
621 1
621 1
621 1
621 1
621 1
621 1
621 1
621 1
621 1
621 1
621 1
620 1
620 1
620 1
620 1
620 1
620 1
620 1
620 1
620 1
620 1
620 1
620 1
620 1
620 1
620 1
620 1
620 1
620 1
620 1
620 1
620 1
620 1
620 1
620 1
620 1
620 1
620 1
620 1
620 1
620 1
620 1
620 1
620 1
620 1
620 1
620 1
620 1
620 1
620 1
620 1
620 1
620 1
620 1
620 1
620 1
619 1
619 1
619 1
619 1
619 1
619 1
619 1
619 1
619 1
619 1
619 1
619 1
619 1
619 1
619 1
619 1
619 1
619 1
619 1
619 1
619 1
619 1
619 1
619 1
619 1
619 1
619 1
619 1
619 1
619 1
619 1
619 1
619 1
619 1
619 1
619 1
619 1
619 1
619 1
619 1
619 1
619 1
619 1
619 1
619 1
10488 1
10488 1
10488 1
10488 1
10488 1
10488 1
10488 1
10488 1
10488 1
10488 1
10488 1
10488 1
10488 1
10488 1
10488 1
10488 1
10488 1
10488 1
10488 1
10488 1
10488 1
10488 1
10488 1
10488 1
10488 1
10488 1
10488 1
10488 1
10488 1
10488 1
10488 1
10488 1
10488 1
10488 1
10488 1
10488 1
10488 1
10488 1
10488 1
10488 1
10488 1
10488 1
10488 1
10488 1
10488 1
10237 1
10237 1
10237 1
10237 1
10237 1
10237 1
10237 1
10237 1
10237 1
10237 1
10237 1
10237 1
10237 1
10237 1
10237 1
10237 1
10237 1
10237 1
10237 1
10237 1
10237 1
10237 1
10237 1
10237 1
10237 1
10237 1
10237 1
10237 1
10237 1
10237 1
10237 1
10237 1
10237 1
10237 1
10237 1
10237 1
10237 1
10237 1
10237 1
10237 1
10237 1
10237 1
10237 1
10237 1
10237 1
10486 1
10486 1
10486 1
10486 1
10486 1
10486 1
10486 1
10486 1
10486 1
10486 1
10486 1
10486 1
10486 1
10486 1
10486 1
10486 1
10486 1
10486 1
10486 1
10486 1
10486 1
10486 1
10486 1
10486 1
10486 1
10486 1
10486 1
10486 1
10486 1
10486 1
10486 1
10486 1
10486 1
10486 1
10486 1
10486 1
10486 1
10486 1
10486 1
10486 1
10486 1
10486 1
10486 1
10486 1
10486 1
642 1
642 1
642 1
642 1
642 1
642 1
642 1
642 1
642 1
642 1
642 1
642 1
642 1
642 1
642 1
642 1
642 1
642 1
642 1
642 1
642 1
642 1
642 1
642 1
642 1
642 1
642 1
642 1
642 1
642 1
642 1
642 1
642 1
642 1
642 1
642 1
642 1
642 1
642 1
642 1
642 1
642 1
642 1
642 1
642 1
660 1
660 1
660 1
660 1
660 1
660 1
660 1
660 1
660 1
660 1
660 1
660 1
660 1
660 1
660 1
660 1
660 1
660 1
660 1
660 1
660 1
660 1
660 1
660 1
660 1
660 1
660 1
660 1
660 1
660 1
660 1
660 1
660 1
660 1
660 1
660 1
660 1
660 1
660 1
660 1
660 1
660 1
660 1
660 1
660 1
658 1
658 1
658 1
658 1
658 1
658 1
658 1
658 1
658 1
658 1
658 1
658 1
658 1
658 1
658 1
658 1
658 1
658 1
658 1
658 1
658 1
658 1
658 1
658 1
658 1
658 1
658 1
658 1
658 1
658 1
658 1
658 1
658 1
658 1
658 1
658 1
658 1
658 1
658 1
658 1
658 1
658 1
658 1
658 1
658 1
657 1
657 1
657 1
657 1
657 1
657 1
657 1
657 1
657 1
657 1
657 1
657 1
657 1
657 1
657 1
657 1
657 1
657 1
657 1
657 1
657 1
657 1
657 1
657 1
657 1
657 1
657 1
657 1
657 1
657 1
657 1
657 1
657 1
657 1
657 1
657 1
657 1
657 1
657 1
657 1
657 1
657 1
657 1
657 1
657 1
664 1
664 1
664 1
664 1
664 1
664 1
664 1
664 1
664 1
664 1
664 1
664 1
664 1
664 1
664 1
664 1
664 1
664 1
664 1
664 1
664 1
664 1
664 1
664 1
664 1
664 1
664 1
664 1
664 1
664 1
664 1
664 1
664 1
664 1
664 1
664 1
664 1
664 1
664 1
664 1
664 1
664 1
664 1
664 1
664 1
681 1
681 1
681 1
681 1
681 1
681 1
681 1
681 1
681 1
681 1
681 1
681 1
681 1
681 1
681 1
681 1
681 1
681 1
681 1
681 1
681 1
681 1
681 1
681 1
681 1
681 1
681 1
681 1
681 1
681 1
681 1
681 1
681 1
681 1
681 1
681 1
681 1
681 1
681 1
681 1
681 1
681 1
681 1
681 1
681 1
698 1
698 1
698 1
698 1
698 1
698 1
698 1
698 1
698 1
698 1
698 1
698 1
698 1
698 1
698 1
698 1
698 1
698 1
698 1
698 1
698 1
698 1
698 1
698 1
698 1
698 1
698 1
698 1
698 1
698 1
698 1
698 1
698 1
698 1
698 1
698 1
698 1
698 1
698 1
698 1
698 1
698 1
698 1
698 1
698 1
697 1
697 1
697 1
697 1
697 1
697 1
697 1
697 1
697 1
697 1
697 1
697 1
697 1
697 1
697 1
697 1
697 1
697 1
697 1
697 1
697 1
697 1
697 1
697 1
697 1
697 1
697 1
697 1
697 1
697 1
697 1
697 1
697 1
697 1
697 1
697 1
697 1
697 1
697 1
697 1
697 1
697 1
697 1
697 1
697 1
694 1
694 1
694 1
694 1
694 1
694 1
694 1
694 1
694 1
694 1
694 1
694 1
694 1
694 1
694 1
694 1
694 1
694 1
694 1
694 1
694 1
694 1
694 1
694 1
694 1
694 1
694 1
694 1
694 1
694 1
694 1
694 1
694 1
694 1
694 1
694 1
694 1
694 1
694 1
694 1
694 1
694 1
694 1
694 1
694 1
727 1
727 1
727 1
727 1
727 1
727 1
727 1
727 1
727 1
727 1
727 1
727 1
727 1
727 1
727 1
727 1
727 1
727 1
727 1
727 1
727 1
727 1
727 1
727 1
727 1
727 1
727 1
727 1
727 1
727 1
727 1
727 1
727 1
727 1
727 1
727 1
727 1
727 1
727 1
727 1
727 1
727 1
727 1
727 1
727 1
749 1
749 1
749 1
749 1
749 1
749 1
749 1
749 1
749 1
749 1
749 1
749 1
749 1
749 1
749 1
749 1
749 1
749 1
749 1
749 1
749 1
749 1
749 1
749 1
749 1
749 1
749 1
749 1
749 1
749 1
749 1
749 1
749 1
749 1
749 1
749 1
749 1
749 1
749 1
749 1
749 1
749 1
749 1
749 1
749 1
773 1
773 1
773 1
773 1
773 1
773 1
773 1
773 1
773 1
773 1
773 1
773 1
773 1
773 1
773 1
773 1
773 1
773 1
773 1
773 1
773 1
773 1
773 1
773 1
773 1
773 1
773 1
773 1
773 1
773 1
773 1
773 1
773 1
773 1
773 1
773 1
773 1
773 1
773 1
773 1
773 1
773 1
773 1
773 1
773 1
771 1
771 1
771 1
771 1
771 1
771 1
771 1
771 1
771 1
771 1
771 1
771 1
771 1
771 1
771 1
771 1
771 1
771 1
771 1
771 1
771 1
771 1
771 1
771 1
771 1
771 1
771 1
771 1
771 1
771 1
771 1
771 1
771 1
771 1
771 1
771 1
771 1
771 1
771 1
771 1
771 1
771 1
771 1
771 1
771 1
789 1
789 1
789 1
789 1
789 1
789 1
789 1
789 1
789 1
789 1
789 1
789 1
789 1
789 1
789 1
789 1
789 1
789 1
789 1
789 1
789 1
789 1
789 1
789 1
789 1
789 1
789 1
789 1
789 1
789 1
789 1
789 1
789 1
789 1
789 1
789 1
789 1
789 1
789 1
789 1
789 1
789 1
789 1
789 1
789 1
798 1
798 1
798 1
798 1
798 1
798 1
798 1
798 1
798 1
798 1
798 1
798 1
798 1
798 1
798 1
798 1
798 1
798 1
798 1
798 1
798 1
798 1
798 1
798 1
798 1
798 1
798 1
798 1
798 1
798 1
798 1
798 1
798 1
798 1
798 1
798 1
798 1
798 1
798 1
798 1
798 1
798 1
798 1
798 1
798 1
812 1
812 1
812 1
812 1
812 1
812 1
812 1
812 1
812 1
812 1
812 1
812 1
812 1
812 1
812 1
812 1
812 1
812 1
812 1
812 1
812 1
812 1
812 1
812 1
812 1
812 1
812 1
812 1
812 1
812 1
812 1
812 1
812 1
812 1
812 1
812 1
812 1
812 1
812 1
812 1
812 1
812 1
812 1
812 1
812 1
811 1
811 1
811 1
811 1
811 1
811 1
811 1
811 1
811 1
811 1
811 1
811 1
811 1
811 1
811 1
811 1
811 1
811 1
811 1
811 1
811 1
811 1
811 1
811 1
811 1
811 1
811 1
811 1
811 1
811 1
811 1
811 1
811 1
811 1
811 1
811 1
811 1
811 1
811 1
811 1
811 1
811 1
811 1
811 1
811 1
804 1
804 1
804 1
804 1
804 1
804 1
804 1
804 1
804 1
804 1
804 1
804 1
804 1
804 1
804 1
804 1
804 1
804 1
804 1
804 1
804 1
804 1
804 1
804 1
804 1
804 1
804 1
804 1
804 1
804 1
804 1
804 1
804 1
804 1
804 1
804 1
804 1
804 1
804 1
804 1
804 1
804 1
804 1
804 1
804 1
854 1
854 1
854 1
854 1
854 1
854 1
854 1
854 1
854 1
854 1
854 1
854 1
854 1
854 1
854 1
854 1
854 1
854 1
854 1
854 1
854 1
854 1
854 1
854 1
854 1
854 1
854 1
854 1
854 1
854 1
854 1
854 1
854 1
854 1
854 1
854 1
854 1
854 1
854 1
854 1
854 1
854 1
854 1
854 1
854 1
10769 1
10769 1
10769 1
10769 1
10769 1
10769 1
10769 1
10769 1
10769 1
10769 1
10769 1
10769 1
10769 1
10769 1
10769 1
10769 1
10769 1
10769 1
10769 1
10769 1
10769 1
10769 1
10769 1
10769 1
10769 1
10769 1
10769 1
10769 1
10769 1
10769 1
10769 1
10769 1
10769 1
10769 1
10769 1
10769 1
10769 1
10769 1
10769 1
10769 1
10769 1
10769 1
10769 1
10769 1
10769 1
853 1
853 1
853 1
853 1
853 1
853 1
853 1
853 1
853 1
853 1
853 1
853 1
853 1
853 1
853 1
853 1
853 1
853 1
853 1
853 1
853 1
853 1
853 1
853 1
853 1
853 1
853 1
853 1
853 1
853 1
853 1
853 1
853 1
853 1
853 1
853 1
853 1
853 1
853 1
853 1
853 1
853 1
853 1
853 1
853 1
852 1
852 1
852 1
852 1
852 1
852 1
852 1
852 1
852 1
852 1
852 1
852 1
852 1
852 1
852 1
852 1
852 1
852 1
852 1
852 1
852 1
852 1
852 1
852 1
852 1
852 1
852 1
852 1
852 1
852 1
852 1
852 1
852 1
852 1
852 1
852 1
852 1
852 1
852 1
852 1
852 1
852 1
852 1
852 1
852 1
848 1
848 1
848 1
848 1
848 1
848 1
848 1
848 1
848 1
848 1
848 1
848 1
848 1
848 1
848 1
848 1
848 1
848 1
848 1
848 1
848 1
848 1
848 1
848 1
848 1
848 1
848 1
848 1
848 1
848 1
848 1
848 1
848 1
848 1
848 1
848 1
848 1
848 1
848 1
848 1
848 1
848 1
848 1
848 1
848 1
846 1
846 1
846 1
846 1
846 1
846 1
846 1
846 1
846 1
846 1
846 1
846 1
846 1
846 1
846 1
846 1
846 1
846 1
846 1
846 1
846 1
846 1
846 1
846 1
846 1
846 1
846 1
846 1
846 1
846 1
846 1
846 1
846 1
846 1
846 1
846 1
846 1
846 1
846 1
846 1
846 1
846 1
846 1
846 1
846 1
10548 1
10548 1
10548 1
10548 1
10548 1
10548 1
10548 1
10548 1
10548 1
10548 1
10548 1
10548 1
10548 1
10548 1
10548 1
10548 1
10548 1
10548 1
10548 1
10548 1
10548 1
10548 1
10548 1
10548 1
10548 1
10548 1
10548 1
10548 1
10548 1
10548 1
10548 1
10548 1
10548 1
10548 1
10548 1
10548 1
10548 1
10548 1
10548 1
10548 1
10548 1
10548 1
10548 1
10548 1
10548 1
908 1
908 1
908 1
908 1
908 1
908 1
908 1
908 1
908 1
908 1
908 1
908 1
908 1
908 1
908 1
908 1
908 1
908 1
908 1
908 1
908 1
908 1
908 1
908 1
908 1
908 1
908 1
908 1
908 1
908 1
908 1
908 1
908 1
908 1
908 1
908 1
908 1
908 1
908 1
908 1
908 1
908 1
908 1
908 1
908 1
904 1
904 1
904 1
904 1
904 1
904 1
904 1
904 1
904 1
904 1
904 1
904 1
904 1
904 1
904 1
904 1
904 1
904 1
904 1
904 1
904 1
904 1
904 1
904 1
904 1
904 1
904 1
904 1
904 1
904 1
904 1
904 1
904 1
904 1
904 1
904 1
904 1
904 1
904 1
904 1
904 1
904 1
904 1
904 1
904 1
903 1
903 1
903 1
903 1
903 1
903 1
903 1
903 1
903 1
903 1
903 1
903 1
903 1
903 1
903 1
903 1
903 1
903 1
903 1
903 1
903 1
903 1
903 1
903 1
903 1
903 1
903 1
903 1
903 1
903 1
903 1
903 1
903 1
903 1
903 1
903 1
903 1
903 1
903 1
903 1
903 1
903 1
903 1
903 1
903 1
882 1
882 1
882 1
882 1
882 1
882 1
882 1
882 1
882 1
882 1
882 1
882 1
882 1
882 1
882 1
882 1
882 1
882 1
882 1
882 1
882 1
882 1
882 1
882 1
882 1
882 1
882 1
882 1
882 1
882 1
882 1
882 1
882 1
882 1
882 1
882 1
882 1
882 1
882 1
882 1
882 1
882 1
882 1
882 1
882 1
902 1
902 1
902 1
902 1
902 1
902 1
902 1
902 1
902 1
902 1
902 1
902 1
902 1
902 1
902 1
902 1
902 1
902 1
902 1
902 1
902 1
902 1
902 1
902 1
902 1
902 1
902 1
902 1
902 1
902 1
902 1
902 1
902 1
902 1
902 1
902 1
902 1
902 1
902 1
902 1
902 1
902 1
902 1
902 1
902 1
901 1
901 1
901 1
901 1
901 1
901 1
901 1
901 1
901 1
901 1
901 1
901 1
901 1
901 1
901 1
901 1
901 1
901 1
901 1
901 1
901 1
901 1
901 1
901 1
901 1
901 1
901 1
901 1
901 1
901 1
901 1
901 1
901 1
901 1
901 1
901 1
901 1
901 1
901 1
901 1
901 1
901 1
901 1
901 1
901 1
900 1
900 1
900 1
900 1
900 1
900 1
900 1
900 1
900 1
900 1
900 1
900 1
900 1
900 1
900 1
900 1
900 1
900 1
900 1
900 1
900 1
900 1
900 1
900 1
900 1
900 1
900 1
900 1
900 1
900 1
900 1
900 1
900 1
900 1
900 1
900 1
900 1
900 1
900 1
900 1
900 1
900 1
900 1
900 1
900 1
899 1
899 1
899 1
899 1
899 1
899 1
899 1
899 1
899 1
899 1
899 1
899 1
899 1
899 1
899 1
899 1
899 1
899 1
899 1
899 1
899 1
899 1
899 1
899 1
899 1
899 1
899 1
899 1
899 1
899 1
899 1
899 1
899 1
899 1
899 1
899 1
899 1
899 1
899 1
899 1
899 1
899 1
899 1
899 1
899 1
886 1
886 1
886 1
886 1
886 1
886 1
886 1
886 1
886 1
886 1
886 1
886 1
886 1
886 1
886 1
886 1
886 1
886 1
886 1
886 1
886 1
886 1
886 1
886 1
886 1
886 1
886 1
886 1
886 1
886 1
886 1
886 1
886 1
886 1
886 1
886 1
886 1
886 1
886 1
886 1
886 1
886 1
886 1
886 1
886 1
896 1
896 1
896 1
896 1
896 1
896 1
896 1
896 1
896 1
896 1
896 1
896 1
896 1
896 1
896 1
896 1
896 1
896 1
896 1
896 1
896 1
896 1
896 1
896 1
896 1
896 1
896 1
896 1
896 1
896 1
896 1
896 1
896 1
896 1
896 1
896 1
896 1
896 1
896 1
896 1
896 1
896 1
896 1
896 1
896 1
959 1
959 1
959 1
959 1
959 1
959 1
959 1
959 1
959 1
959 1
959 1
959 1
959 1
959 1
959 1
959 1
959 1
959 1
959 1
959 1
959 1
959 1
959 1
959 1
959 1
959 1
959 1
959 1
959 1
959 1
959 1
959 1
959 1
959 1
959 1
959 1
959 1
959 1
959 1
959 1
959 1
959 1
959 1
959 1
959 1
958 1
958 1
958 1
958 1
958 1
958 1
958 1
958 1
958 1
958 1
958 1
958 1
958 1
958 1
958 1
958 1
958 1
958 1
958 1
958 1
958 1
958 1
958 1
958 1
958 1
958 1
958 1
958 1
958 1
958 1
958 1
958 1
958 1
958 1
958 1
958 1
958 1
958 1
958 1
958 1
958 1
958 1
958 1
958 1
958 1
957 1
957 1
957 1
957 1
957 1
957 1
957 1
957 1
957 1
957 1
957 1
957 1
957 1
957 1
957 1
957 1
957 1
957 1
957 1
957 1
957 1
957 1
957 1
957 1
957 1
957 1
957 1
957 1
957 1
957 1
957 1
957 1
957 1
957 1
957 1
957 1
957 1
957 1
957 1
957 1
957 1
957 1
957 1
957 1
957 1
956 1
956 1
956 1
956 1
956 1
956 1
956 1
956 1
956 1
956 1
956 1
956 1
956 1
956 1
956 1
956 1
956 1
956 1
956 1
956 1
956 1
956 1
956 1
956 1
956 1
956 1
956 1
956 1
956 1
956 1
956 1
956 1
956 1
956 1
956 1
956 1
956 1
956 1
956 1
956 1
956 1
956 1
956 1
956 1
956 1
955 1
955 1
955 1
955 1
955 1
955 1
955 1
955 1
955 1
955 1
955 1
955 1
955 1
955 1
955 1
955 1
955 1
955 1
955 1
955 1
955 1
955 1
955 1
955 1
955 1
955 1
955 1
955 1
955 1
955 1
955 1
955 1
955 1
955 1
955 1
955 1
955 1
955 1
955 1
955 1
955 1
955 1
955 1
955 1
955 1
952 1
952 1
952 1
952 1
952 1
952 1
952 1
952 1
952 1
952 1
952 1
952 1
952 1
952 1
952 1
952 1
952 1
952 1
952 1
952 1
952 1
952 1
952 1
952 1
952 1
952 1
952 1
952 1
952 1
952 1
952 1
952 1
952 1
952 1
952 1
952 1
952 1
952 1
952 1
952 1
952 1
952 1
952 1
952 1
952 1
949 1
949 1
949 1
949 1
949 1
949 1
949 1
949 1
949 1
949 1
949 1
949 1
949 1
949 1
949 1
949 1
949 1
949 1
949 1
949 1
949 1
949 1
949 1
949 1
949 1
949 1
949 1
949 1
949 1
949 1
949 1
949 1
949 1
949 1
949 1
949 1
949 1
949 1
949 1
949 1
949 1
949 1
949 1
949 1
949 1
1014 1
1014 1
1014 1
1014 1
1014 1
1014 1
1014 1
1014 1
1014 1
1014 1
1014 1
1014 1
1014 1
1014 1
1014 1
1014 1
1014 1
1014 1
1014 1
1014 1
1014 1
1014 1
1014 1
1014 1
1014 1
1014 1
1014 1
1014 1
1014 1
1014 1
1014 1
1014 1
1014 1
1014 1
1014 1
1014 1
1014 1
1014 1
1014 1
1014 1
1014 1
1014 1
1014 1
1014 1
1014 1
1013 1
1013 1
1013 1
1013 1
1013 1
1013 1
1013 1
1013 1
1013 1
1013 1
1013 1
1013 1
1013 1
1013 1
1013 1
1013 1
1013 1
1013 1
1013 1
1013 1
1013 1
1013 1
1013 1
1013 1
1013 1
1013 1
1013 1
1013 1
1013 1
1013 1
1013 1
1013 1
1013 1
1013 1
1013 1
1013 1
1013 1
1013 1
1013 1
1013 1
1013 1
1013 1
1013 1
1013 1
1013 1
1012 1
1012 1
1012 1
1012 1
1012 1
1012 1
1012 1
1012 1
1012 1
1012 1
1012 1
1012 1
1012 1
1012 1
1012 1
1012 1
1012 1
1012 1
1012 1
1012 1
1012 1
1012 1
1012 1
1012 1
1012 1
1012 1
1012 1
1012 1
1012 1
1012 1
1012 1
1012 1
1012 1
1012 1
1012 1
1012 1
1012 1
1012 1
1012 1
1012 1
1012 1
1012 1
1012 1
1012 1
1012 1
1011 1
1011 1
1011 1
1011 1
1011 1
1011 1
1011 1
1011 1
1011 1
1011 1
1011 1
1011 1
1011 1
1011 1
1011 1
1011 1
1011 1
1011 1
1011 1
1011 1
1011 1
1011 1
1011 1
1011 1
1011 1
1011 1
1011 1
1011 1
1011 1
1011 1
1011 1
1011 1
1011 1
1011 1
1011 1
1011 1
1011 1
1011 1
1011 1
1011 1
1011 1
1011 1
1011 1
1011 1
1011 1
1010 1
1010 1
1010 1
1010 1
1010 1
1010 1
1010 1
1010 1
1010 1
1010 1
1010 1
1010 1
1010 1
1010 1
1010 1
1010 1
1010 1
1010 1
1010 1
1010 1
1010 1
1010 1
1010 1
1010 1
1010 1
1010 1
1010 1
1010 1
1010 1
1010 1
1010 1
1010 1
1010 1
1010 1
1010 1
1010 1
1010 1
1010 1
1010 1
1010 1
1010 1
1010 1
1010 1
1010 1
1010 1
1009 1
1009 1
1009 1
1009 1
1009 1
1009 1
1009 1
1009 1
1009 1
1009 1
1009 1
1009 1
1009 1
1009 1
1009 1
1009 1
1009 1
1009 1
1009 1
1009 1
1009 1
1009 1
1009 1
1009 1
1009 1
1009 1
1009 1
1009 1
1009 1
1009 1
1009 1
1009 1
1009 1
1009 1
1009 1
1009 1
1009 1
1009 1
1009 1
1009 1
1009 1
1009 1
1009 1
1009 1
1009 1
1069 1
1069 1
1069 1
1069 1
1069 1
1069 1
1069 1
1069 1
1069 1
1069 1
1069 1
1069 1
1069 1
1069 1
1069 1
1069 1
1069 1
1069 1
1069 1
1069 1
1069 1
1069 1
1069 1
1069 1
1069 1
1069 1
1069 1
1069 1
1069 1
1069 1
1069 1
1069 1
1069 1
1069 1
1069 1
1069 1
1069 1
1069 1
1069 1
1069 1
1069 1
1069 1
1069 1
1069 1
1069 1
10776 1
10776 1
10776 1
10776 1
10776 1
10776 1
10776 1
10776 1
10776 1
10776 1
10776 1
10776 1
10776 1
10776 1
10776 1
10776 1
10776 1
10776 1
10776 1
10776 1
10776 1
10776 1
10776 1
10776 1
10776 1
10776 1
10776 1
10776 1
10776 1
10776 1
10776 1
10776 1
10776 1
10776 1
10776 1
10776 1
10776 1
10776 1
10776 1
10776 1
10776 1
10776 1
10776 1
10776 1
10776 1
10777 1
10777 1
10777 1
10777 1
10777 1
10777 1
10777 1
10777 1
10777 1
10777 1
10777 1
10777 1
10777 1
10777 1
10777 1
10777 1
10777 1
10777 1
10777 1
10777 1
10777 1
10777 1
10777 1
10777 1
10777 1
10777 1
10777 1
10777 1
10777 1
10777 1
10777 1
10777 1
10777 1
10777 1
10777 1
10777 1
10777 1
10777 1
10777 1
10777 1
10777 1
10777 1
10777 1
10777 1
10777 1
1049 1
1049 1
1049 1
1049 1
1049 1
1049 1
1049 1
1049 1
1049 1
1049 1
1049 1
1049 1
1049 1
1049 1
1049 1
1049 1
1049 1
1049 1
1049 1
1049 1
1049 1
1049 1
1049 1
1049 1
1049 1
1049 1
1049 1
1049 1
1049 1
1049 1
1049 1
1049 1
1049 1
1049 1
1049 1
1049 1
1049 1
1049 1
1049 1
1049 1
1049 1
1049 1
1049 1
1049 1
1049 1
10778 1
10778 1
10778 1
10778 1
10778 1
10778 1
10778 1
10778 1
10778 1
10778 1
10778 1
10778 1
10778 1
10778 1
10778 1
10778 1
10778 1
10778 1
10778 1
10778 1
10778 1
10778 1
10778 1
10778 1
10778 1
10778 1
10778 1
10778 1
10778 1
10778 1
10778 1
10778 1
10778 1
10778 1
10778 1
10778 1
10778 1
10778 1
10778 1
10778 1
10778 1
10778 1
10778 1
10778 1
10778 1
1133 1
1133 1
1133 1
1133 1
1133 1
1133 1
1133 1
1133 1
1133 1
1133 1
1133 1
1133 1
1133 1
1133 1
1133 1
1133 1
1133 1
1133 1
1133 1
1133 1
1133 1
1133 1
1133 1
1133 1
1133 1
1133 1
1133 1
1133 1
1133 1
1133 1
1133 1
1133 1
1133 1
1133 1
1133 1
1133 1
1133 1
1133 1
1133 1
1133 1
1133 1
1133 1
1133 1
1133 1
1133 1
1127 1
1127 1
1127 1
1127 1
1127 1
1127 1
1127 1
1127 1
1127 1
1127 1
1127 1
1127 1
1127 1
1127 1
1127 1
1127 1
1127 1
1127 1
1127 1
1127 1
1127 1
1127 1
1127 1
1127 1
1127 1
1127 1
1127 1
1127 1
1127 1
1127 1
1127 1
1127 1
1127 1
1127 1
1127 1
1127 1
1127 1
1127 1
1127 1
1127 1
1127 1
1127 1
1127 1
1127 1
1127 1
1108 1
1108 1
1108 1
1108 1
1108 1
1108 1
1108 1
1108 1
1108 1
1108 1
1108 1
1108 1
1108 1
1108 1
1108 1
1108 1
1108 1
1108 1
1108 1
1108 1
1108 1
1108 1
1108 1
1108 1
1108 1
1108 1
1108 1
1108 1
1108 1
1108 1
1108 1
1108 1
1108 1
1108 1
1108 1
1108 1
1108 1
1108 1
1108 1
1108 1
1108 1
1108 1
1108 1
1108 1
1108 1
1197 1
1197 1
1197 1
1197 1
1197 1
1197 1
1197 1
1197 1
1197 1
1197 1
1197 1
1197 1
1197 1
1197 1
1197 1
1197 1
1197 1
1197 1
1197 1
1197 1
1197 1
1197 1
1197 1
1197 1
1197 1
1197 1
1197 1
1197 1
1197 1
1197 1
1197 1
1197 1
1197 1
1197 1
1197 1
1197 1
1197 1
1197 1
1197 1
1197 1
1197 1
1197 1
1197 1
1197 1
1197 1
1195 1
1195 1
1195 1
1195 1
1195 1
1195 1
1195 1
1195 1
1195 1
1195 1
1195 1
1195 1
1195 1
1195 1
1195 1
1195 1
1195 1
1195 1
1195 1
1195 1
1195 1
1195 1
1195 1
1195 1
1195 1
1195 1
1195 1
1195 1
1195 1
1195 1
1195 1
1195 1
1195 1
1195 1
1195 1
1195 1
1195 1
1195 1
1195 1
1195 1
1195 1
1195 1
1195 1
1195 1
1195 1
1192 1
1192 1
1192 1
1192 1
1192 1
1192 1
1192 1
1192 1
1192 1
1192 1
1192 1
1192 1
1192 1
1192 1
1192 1
1192 1
1192 1
1192 1
1192 1
1192 1
1192 1
1192 1
1192 1
1192 1
1192 1
1192 1
1192 1
1192 1
1192 1
1192 1
1192 1
1192 1
1192 1
1192 1
1192 1
1192 1
1192 1
1192 1
1192 1
1192 1
1192 1
1192 1
1192 1
1192 1
1192 1
1191 1
1191 1
1191 1
1191 1
1191 1
1191 1
1191 1
1191 1
1191 1
1191 1
1191 1
1191 1
1191 1
1191 1
1191 1
1191 1
1191 1
1191 1
1191 1
1191 1
1191 1
1191 1
1191 1
1191 1
1191 1
1191 1
1191 1
1191 1
1191 1
1191 1
1191 1
1191 1
1191 1
1191 1
1191 1
1191 1
1191 1
1191 1
1191 1
1191 1
1191 1
1191 1
1191 1
1191 1
1191 1
1169 1
1169 1
1169 1
1169 1
1169 1
1169 1
1169 1
1169 1
1169 1
1169 1
1169 1
1169 1
1169 1
1169 1
1169 1
1169 1
1169 1
1169 1
1169 1
1169 1
1169 1
1169 1
1169 1
1169 1
1169 1
1169 1
1169 1
1169 1
1169 1
1169 1
1169 1
1169 1
1169 1
1169 1
1169 1
1169 1
1169 1
1169 1
1169 1
1169 1
1169 1
1169 1
1169 1
1169 1
1169 1
1261 1
1261 1
1261 1
1261 1
1261 1
1261 1
1261 1
1261 1
1261 1
1261 1
1261 1
1261 1
1261 1
1261 1
1261 1
1261 1
1261 1
1261 1
1261 1
1261 1
1261 1
1261 1
1261 1
1261 1
1261 1
1261 1
1261 1
1261 1
1261 1
1261 1
1261 1
1261 1
1261 1
1261 1
1261 1
1261 1
1261 1
1261 1
1261 1
1261 1
1261 1
1261 1
1261 1
1261 1
1261 1
1259 1
1259 1
1259 1
1259 1
1259 1
1259 1
1259 1
1259 1
1259 1
1259 1
1259 1
1259 1
1259 1
1259 1
1259 1
1259 1
1259 1
1259 1
1259 1
1259 1
1259 1
1259 1
1259 1
1259 1
1259 1
1259 1
1259 1
1259 1
1259 1
1259 1
1259 1
1259 1
1259 1
1259 1
1259 1
1259 1
1259 1
1259 1
1259 1
1259 1
1259 1
1259 1
1259 1
1259 1
1259 1
1218 1
1218 1
1218 1
1218 1
1218 1
1218 1
1218 1
1218 1
1218 1
1218 1
1218 1
1218 1
1218 1
1218 1
1218 1
1218 1
1218 1
1218 1
1218 1
1218 1
1218 1
1218 1
1218 1
1218 1
1218 1
1218 1
1218 1
1218 1
1218 1
1218 1
1218 1
1218 1
1218 1
1218 1
1218 1
1218 1
1218 1
1218 1
1218 1
1218 1
1218 1
1218 1
1218 1
1218 1
1218 1
1222 1
1222 1
1222 1
1222 1
1222 1
1222 1
1222 1
1222 1
1222 1
1222 1
1222 1
1222 1
1222 1
1222 1
1222 1
1222 1
1222 1
1222 1
1222 1
1222 1
1222 1
1222 1
1222 1
1222 1
1222 1
1222 1
1222 1
1222 1
1222 1
1222 1
1222 1
1222 1
1222 1
1222 1
1222 1
1222 1
1222 1
1222 1
1222 1
1222 1
1222 1
1222 1
1222 1
1222 1
1222 1
1328 1
1328 1
1328 1
1328 1
1328 1
1328 1
1328 1
1328 1
1328 1
1328 1
1328 1
1328 1
1328 1
1328 1
1328 1
1328 1
1328 1
1328 1
1328 1
1328 1
1328 1
1328 1
1328 1
1328 1
1328 1
1328 1
1328 1
1328 1
1328 1
1328 1
1328 1
1328 1
1328 1
1328 1
1328 1
1328 1
1328 1
1328 1
1328 1
1328 1
1328 1
1328 1
1328 1
1328 1
1328 1
1323 1
1323 1
1323 1
1323 1
1323 1
1323 1
1323 1
1323 1
1323 1
1323 1
1323 1
1323 1
1323 1
1323 1
1323 1
1323 1
1323 1
1323 1
1323 1
1323 1
1323 1
1323 1
1323 1
1323 1
1323 1
1323 1
1323 1
1323 1
1323 1
1323 1
1323 1
1323 1
1323 1
1323 1
1323 1
1323 1
1323 1
1323 1
1323 1
1323 1
1323 1
1323 1
1323 1
1323 1
1323 1
1277 1
1277 1
1277 1
1277 1
1277 1
1277 1
1277 1
1277 1
1277 1
1277 1
1277 1
1277 1
1277 1
1277 1
1277 1
1277 1
1277 1
1277 1
1277 1
1277 1
1277 1
1277 1
1277 1
1277 1
1277 1
1277 1
1277 1
1277 1
1277 1
1277 1
1277 1
1277 1
1277 1
1277 1
1277 1
1277 1
1277 1
1277 1
1277 1
1277 1
1277 1
1277 1
1277 1
1277 1
1277 1
1279 1
1279 1
1279 1
1279 1
1279 1
1279 1
1279 1
1279 1
1279 1
1279 1
1279 1
1279 1
1279 1
1279 1
1279 1
1279 1
1279 1
1279 1
1279 1
1279 1
1279 1
1279 1
1279 1
1279 1
1279 1
1279 1
1279 1
1279 1
1279 1
1279 1
1279 1
1279 1
1279 1
1279 1
1279 1
1279 1
1279 1
1279 1
1279 1
1279 1
1279 1
1279 1
1279 1
1279 1
1279 1
1394 1
1394 1
1394 1
1394 1
1394 1
1394 1
1394 1
1394 1
1394 1
1394 1
1394 1
1394 1
1394 1
1394 1
1394 1
1394 1
1394 1
1394 1
1394 1
1394 1
1394 1
1394 1
1394 1
1394 1
1394 1
1394 1
1394 1
1394 1
1394 1
1394 1
1394 1
1394 1
1394 1
1394 1
1394 1
1394 1
1394 1
1394 1
1394 1
1394 1
1394 1
1394 1
1394 1
1394 1
1394 1
1303 1
1303 1
1303 1
1303 1
1303 1
1303 1
1303 1
1303 1
1303 1
1303 1
1303 1
1303 1
1303 1
1303 1
1303 1
1303 1
1303 1
1303 1
1303 1
1303 1
1303 1
1303 1
1303 1
1303 1
1303 1
1303 1
1303 1
1303 1
1303 1
1303 1
1303 1
1303 1
1303 1
1303 1
1303 1
1303 1
1303 1
1303 1
1303 1
1303 1
1303 1
1303 1
1303 1
1303 1
1303 1
1393 1
1393 1
1393 1
1393 1
1393 1
1393 1
1393 1
1393 1
1393 1
1393 1
1393 1
1393 1
1393 1
1393 1
1393 1
1393 1
1393 1
1393 1
1393 1
1393 1
1393 1
1393 1
1393 1
1393 1
1393 1
1393 1
1393 1
1393 1
1393 1
1393 1
1393 1
1393 1
1393 1
1393 1
1393 1
1393 1
1393 1
1393 1
1393 1
1393 1
1393 1
1393 1
1393 1
1393 1
1393 1
1391 1
1391 1
1391 1
1391 1
1391 1
1391 1
1391 1
1391 1
1391 1
1391 1
1391 1
1391 1
1391 1
1391 1
1391 1
1391 1
1391 1
1391 1
1391 1
1391 1
1391 1
1391 1
1391 1
1391 1
1391 1
1391 1
1391 1
1391 1
1391 1
1391 1
1391 1
1391 1
1391 1
1391 1
1391 1
1391 1
1391 1
1391 1
1391 1
1391 1
1391 1
1391 1
1391 1
1391 1
1391 1
1462 1
1462 1
1462 1
1462 1
1462 1
1462 1
1462 1
1462 1
1462 1
1462 1
1462 1
1462 1
1462 1
1462 1
1462 1
1462 1
1462 1
1462 1
1462 1
1462 1
1462 1
1462 1
1462 1
1462 1
1462 1
1462 1
1462 1
1462 1
1462 1
1462 1
1462 1
1462 1
1462 1
1462 1
1462 1
1462 1
1462 1
1462 1
1462 1
1462 1
1462 1
1462 1
1462 1
1462 1
1462 1
1460 1
1460 1
1460 1
1460 1
1460 1
1460 1
1460 1
1460 1
1460 1
1460 1
1460 1
1460 1
1460 1
1460 1
1460 1
1460 1
1460 1
1460 1
1460 1
1460 1
1460 1
1460 1
1460 1
1460 1
1460 1
1460 1
1460 1
1460 1
1460 1
1460 1
1460 1
1460 1
1460 1
1460 1
1460 1
1460 1
1460 1
1460 1
1460 1
1460 1
1460 1
1460 1
1460 1
1460 1
1460 1
1459 1
1459 1
1459 1
1459 1
1459 1
1459 1
1459 1
1459 1
1459 1
1459 1
1459 1
1459 1
1459 1
1459 1
1459 1
1459 1
1459 1
1459 1
1459 1
1459 1
1459 1
1459 1
1459 1
1459 1
1459 1
1459 1
1459 1
1459 1
1459 1
1459 1
1459 1
1459 1
1459 1
1459 1
1459 1
1459 1
1459 1
1459 1
1459 1
1459 1
1459 1
1459 1
1459 1
1459 1
1459 1
1458 1
1458 1
1458 1
1458 1
1458 1
1458 1
1458 1
1458 1
1458 1
1458 1
1458 1
1458 1
1458 1
1458 1
1458 1
1458 1
1458 1
1458 1
1458 1
1458 1
1458 1
1458 1
1458 1
1458 1
1458 1
1458 1
1458 1
1458 1
1458 1
1458 1
1458 1
1458 1
1458 1
1458 1
1458 1
1458 1
1458 1
1458 1
1458 1
1458 1
1458 1
1458 1
1458 1
1458 1
1458 1
1452 1
1452 1
1452 1
1452 1
1452 1
1452 1
1452 1
1452 1
1452 1
1452 1
1452 1
1452 1
1452 1
1452 1
1452 1
1452 1
1452 1
1452 1
1452 1
1452 1
1452 1
1452 1
1452 1
1452 1
1452 1
1452 1
1452 1
1452 1
1452 1
1452 1
1452 1
1452 1
1452 1
1452 1
1452 1
1452 1
1452 1
1452 1
1452 1
1452 1
1452 1
1452 1
1452 1
1452 1
1452 1
1528 1
1528 1
1528 1
1528 1
1528 1
1528 1
1528 1
1528 1
1528 1
1528 1
1528 1
1528 1
1528 1
1528 1
1528 1
1528 1
1528 1
1528 1
1528 1
1528 1
1528 1
1528 1
1528 1
1528 1
1528 1
1528 1
1528 1
1528 1
1528 1
1528 1
1528 1
1528 1
1528 1
1528 1
1528 1
1528 1
1528 1
1528 1
1528 1
1528 1
1528 1
1528 1
1528 1
1528 1
1528 1
1434 1
1434 1
1434 1
1434 1
1434 1
1434 1
1434 1
1434 1
1434 1
1434 1
1434 1
1434 1
1434 1
1434 1
1434 1
1434 1
1434 1
1434 1
1434 1
1434 1
1434 1
1434 1
1434 1
1434 1
1434 1
1434 1
1434 1
1434 1
1434 1
1434 1
1434 1
1434 1
1434 1
1434 1
1434 1
1434 1
1434 1
1434 1
1434 1
1434 1
1434 1
1434 1
1434 1
1434 1
1434 1
1527 1
1527 1
1527 1
1527 1
1527 1
1527 1
1527 1
1527 1
1527 1
1527 1
1527 1
1527 1
1527 1
1527 1
1527 1
1527 1
1527 1
1527 1
1527 1
1527 1
1527 1
1527 1
1527 1
1527 1
1527 1
1527 1
1527 1
1527 1
1527 1
1527 1
1527 1
1527 1
1527 1
1527 1
1527 1
1527 1
1527 1
1527 1
1527 1
1527 1
1527 1
1527 1
1527 1
1527 1
1527 1
1485 1
1485 1
1485 1
1485 1
1485 1
1485 1
1485 1
1485 1
1485 1
1485 1
1485 1
1485 1
1485 1
1485 1
1485 1
1485 1
1485 1
1485 1
1485 1
1485 1
1485 1
1485 1
1485 1
1485 1
1485 1
1485 1
1485 1
1485 1
1485 1
1485 1
1485 1
1485 1
1485 1
1485 1
1485 1
1485 1
1485 1
1485 1
1485 1
1485 1
1485 1
1485 1
1485 1
1485 1
1485 1
1599 1
1599 1
1599 1
1599 1
1599 1
1599 1
1599 1
1599 1
1599 1
1599 1
1599 1
1599 1
1599 1
1599 1
1599 1
1599 1
1599 1
1599 1
1599 1
1599 1
1599 1
1599 1
1599 1
1599 1
1599 1
1599 1
1599 1
1599 1
1599 1
1599 1
1599 1
1599 1
1599 1
1599 1
1599 1
1599 1
1599 1
1599 1
1599 1
1599 1
1599 1
1599 1
1599 1
1599 1
1599 1
1598 1
1598 1
1598 1
1598 1
1598 1
1598 1
1598 1
1598 1
1598 1
1598 1
1598 1
1598 1
1598 1
1598 1
1598 1
1598 1
1598 1
1598 1
1598 1
1598 1
1598 1
1598 1
1598 1
1598 1
1598 1
1598 1
1598 1
1598 1
1598 1
1598 1
1598 1
1598 1
1598 1
1598 1
1598 1
1598 1
1598 1
1598 1
1598 1
1598 1
1598 1
1598 1
1598 1
1598 1
1598 1
1597 1
1597 1
1597 1
1597 1
1597 1
1597 1
1597 1
1597 1
1597 1
1597 1
1597 1
1597 1
1597 1
1597 1
1597 1
1597 1
1597 1
1597 1
1597 1
1597 1
1597 1
1597 1
1597 1
1597 1
1597 1
1597 1
1597 1
1597 1
1597 1
1597 1
1597 1
1597 1
1597 1
1597 1
1597 1
1597 1
1597 1
1597 1
1597 1
1597 1
1597 1
1597 1
1597 1
1597 1
1597 1
1548 1
1548 1
1548 1
1548 1
1548 1
1548 1
1548 1
1548 1
1548 1
1548 1
1548 1
1548 1
1548 1
1548 1
1548 1
1548 1
1548 1
1548 1
1548 1
1548 1
1548 1
1548 1
1548 1
1548 1
1548 1
1548 1
1548 1
1548 1
1548 1
1548 1
1548 1
1548 1
1548 1
1548 1
1548 1
1548 1
1548 1
1548 1
1548 1
1548 1
1548 1
1548 1
1548 1
1548 1
1548 1
1585 1
1585 1
1585 1
1585 1
1585 1
1585 1
1585 1
1585 1
1585 1
1585 1
1585 1
1585 1
1585 1
1585 1
1585 1
1585 1
1585 1
1585 1
1585 1
1585 1
1585 1
1585 1
1585 1
1585 1
1585 1
1585 1
1585 1
1585 1
1585 1
1585 1
1585 1
1585 1
1585 1
1585 1
1585 1
1585 1
1585 1
1585 1
1585 1
1585 1
1585 1
1585 1
1585 1
1585 1
1585 1
1667 1
1667 1
1667 1
1667 1
1667 1
1667 1
1667 1
1667 1
1667 1
1667 1
1667 1
1667 1
1667 1
1667 1
1667 1
1667 1
1667 1
1667 1
1667 1
1667 1
1667 1
1667 1
1667 1
1667 1
1667 1
1667 1
1667 1
1667 1
1667 1
1667 1
1667 1
1667 1
1667 1
1667 1
1667 1
1667 1
1667 1
1667 1
1667 1
1667 1
1667 1
1667 1
1667 1
1667 1
1667 1
1666 1
1666 1
1666 1
1666 1
1666 1
1666 1
1666 1
1666 1
1666 1
1666 1
1666 1
1666 1
1666 1
1666 1
1666 1
1666 1
1666 1
1666 1
1666 1
1666 1
1666 1
1666 1
1666 1
1666 1
1666 1
1666 1
1666 1
1666 1
1666 1
1666 1
1666 1
1666 1
1666 1
1666 1
1666 1
1666 1
1666 1
1666 1
1666 1
1666 1
1666 1
1666 1
1666 1
1666 1
1666 1
9692 1
9692 1
9692 1
9692 1
9692 1
9692 1
9692 1
9692 1
9692 1
9692 1
9692 1
9692 1
9692 1
9692 1
9692 1
9692 1
9692 1
9692 1
9692 1
9692 1
9692 1
9692 1
9692 1
9692 1
9692 1
9692 1
9692 1
9692 1
9692 1
9692 1
9692 1
9692 1
9692 1
9692 1
9692 1
9692 1
9692 1
9692 1
9692 1
9692 1
9692 1
9692 1
9692 1
9692 1
9692 1
10301 1
10301 1
10301 1
10301 1
10301 1
10301 1
10301 1
10301 1
10301 1
10301 1
10301 1
10301 1
10301 1
10301 1
10301 1
10301 1
10301 1
10301 1
10301 1
10301 1
10301 1
10301 1
10301 1
10301 1
10301 1
10301 1
10301 1
10301 1
10301 1
10301 1
10301 1
10301 1
10301 1
10301 1
10301 1
10301 1
10301 1
10301 1
10301 1
10301 1
10301 1
10301 1
10301 1
10301 1
10301 1
1657 1
1657 1
1657 1
1657 1
1657 1
1657 1
1657 1
1657 1
1657 1
1657 1
1657 1
1657 1
1657 1
1657 1
1657 1
1657 1
1657 1
1657 1
1657 1
1657 1
1657 1
1657 1
1657 1
1657 1
1657 1
1657 1
1657 1
1657 1
1657 1
1657 1
1657 1
1657 1
1657 1
1657 1
1657 1
1657 1
1657 1
1657 1
1657 1
1657 1
1657 1
1657 1
1657 1
1657 1
1657 1
1625 1
1625 1
1625 1
1625 1
1625 1
1625 1
1625 1
1625 1
1625 1
1625 1
1625 1
1625 1
1625 1
1625 1
1625 1
1625 1
1625 1
1625 1
1625 1
1625 1
1625 1
1625 1
1625 1
1625 1
1625 1
1625 1
1625 1
1625 1
1625 1
1625 1
1625 1
1625 1
1625 1
1625 1
1625 1
1625 1
1625 1
1625 1
1625 1
1625 1
1625 1
1625 1
1625 1
1625 1
1625 1
1652 1
1652 1
1652 1
1652 1
1652 1
1652 1
1652 1
1652 1
1652 1
1652 1
1652 1
1652 1
1652 1
1652 1
1652 1
1652 1
1652 1
1652 1
1652 1
1652 1
1652 1
1652 1
1652 1
1652 1
1652 1
1652 1
1652 1
1652 1
1652 1
1652 1
1652 1
1652 1
1652 1
1652 1
1652 1
1652 1
1652 1
1652 1
1652 1
1652 1
1652 1
1652 1
1652 1
1652 1
1652 1
1644 1
1644 1
1644 1
1644 1
1644 1
1644 1
1644 1
1644 1
1644 1
1644 1
1644 1
1644 1
1644 1
1644 1
1644 1
1644 1
1644 1
1644 1
1644 1
1644 1
1644 1
1644 1
1644 1
1644 1
1644 1
1644 1
1644 1
1644 1
1644 1
1644 1
1644 1
1644 1
1644 1
1644 1
1644 1
1644 1
1644 1
1644 1
1644 1
1644 1
1644 1
1644 1
1644 1
1644 1
1644 1
1738 1
1738 1
1738 1
1738 1
1738 1
1738 1
1738 1
1738 1
1738 1
1738 1
1738 1
1738 1
1738 1
1738 1
1738 1
1738 1
1738 1
1738 1
1738 1
1738 1
1738 1
1738 1
1738 1
1738 1
1738 1
1738 1
1738 1
1738 1
1738 1
1738 1
1738 1
1738 1
1738 1
1738 1
1738 1
1738 1
1738 1
1738 1
1738 1
1738 1
1738 1
1738 1
1738 1
1738 1
1738 1
1737 1
1737 1
1737 1
1737 1
1737 1
1737 1
1737 1
1737 1
1737 1
1737 1
1737 1
1737 1
1737 1
1737 1
1737 1
1737 1
1737 1
1737 1
1737 1
1737 1
1737 1
1737 1
1737 1
1737 1
1737 1
1737 1
1737 1
1737 1
1737 1
1737 1
1737 1
1737 1
1737 1
1737 1
1737 1
1737 1
1737 1
1737 1
1737 1
1737 1
1737 1
1737 1
1737 1
1737 1
1737 1
1720 1
1720 1
1720 1
1720 1
1720 1
1720 1
1720 1
1720 1
1720 1
1720 1
1720 1
1720 1
1720 1
1720 1
1720 1
1720 1
1720 1
1720 1
1720 1
1720 1
1720 1
1720 1
1720 1
1720 1
1720 1
1720 1
1720 1
1720 1
1720 1
1720 1
1720 1
1720 1
1720 1
1720 1
1720 1
1720 1
1720 1
1720 1
1720 1
1720 1
1720 1
1720 1
1720 1
1720 1
1720 1
1717 1
1717 1
1717 1
1717 1
1717 1
1717 1
1717 1
1717 1
1717 1
1717 1
1717 1
1717 1
1717 1
1717 1
1717 1
1717 1
1717 1
1717 1
1717 1
1717 1
1717 1
1717 1
1717 1
1717 1
1717 1
1717 1
1717 1
1717 1
1717 1
1717 1
1717 1
1717 1
1717 1
1717 1
1717 1
1717 1
1717 1
1717 1
1717 1
1717 1
1717 1
1717 1
1717 1
1717 1
1717 1
1812 1
1812 1
1812 1
1812 1
1812 1
1812 1
1812 1
1812 1
1812 1
1812 1
1812 1
1812 1
1812 1
1812 1
1812 1
1812 1
1812 1
1812 1
1812 1
1812 1
1812 1
1812 1
1812 1
1812 1
1812 1
1812 1
1812 1
1812 1
1812 1
1812 1
1812 1
1812 1
1812 1
1812 1
1812 1
1812 1
1812 1
1812 1
1812 1
1812 1
1812 1
1812 1
1812 1
1812 1
1812 1
1709 1
1709 1
1709 1
1709 1
1709 1
1709 1
1709 1
1709 1
1709 1
1709 1
1709 1
1709 1
1709 1
1709 1
1709 1
1709 1
1709 1
1709 1
1709 1
1709 1
1709 1
1709 1
1709 1
1709 1
1709 1
1709 1
1709 1
1709 1
1709 1
1709 1
1709 1
1709 1
1709 1
1709 1
1709 1
1709 1
1709 1
1709 1
1709 1
1709 1
1709 1
1709 1
1709 1
1709 1
1709 1
1811 1
1811 1
1811 1
1811 1
1811 1
1811 1
1811 1
1811 1
1811 1
1811 1
1811 1
1811 1
1811 1
1811 1
1811 1
1811 1
1811 1
1811 1
1811 1
1811 1
1811 1
1811 1
1811 1
1811 1
1811 1
1811 1
1811 1
1811 1
1811 1
1811 1
1811 1
1811 1
1811 1
1811 1
1811 1
1811 1
1811 1
1811 1
1811 1
1811 1
1811 1
1811 1
1811 1
1811 1
1811 1
1810 1
1810 1
1810 1
1810 1
1810 1
1810 1
1810 1
1810 1
1810 1
1810 1
1810 1
1810 1
1810 1
1810 1
1810 1
1810 1
1810 1
1810 1
1810 1
1810 1
1810 1
1810 1
1810 1
1810 1
1810 1
1810 1
1810 1
1810 1
1810 1
1810 1
1810 1
1810 1
1810 1
1810 1
1810 1
1810 1
1810 1
1810 1
1810 1
1810 1
1810 1
1810 1
1810 1
1810 1
1810 1
1809 1
1809 1
1809 1
1809 1
1809 1
1809 1
1809 1
1809 1
1809 1
1809 1
1809 1
1809 1
1809 1
1809 1
1809 1
1809 1
1809 1
1809 1
1809 1
1809 1
1809 1
1809 1
1809 1
1809 1
1809 1
1809 1
1809 1
1809 1
1809 1
1809 1
1809 1
1809 1
1809 1
1809 1
1809 1
1809 1
1809 1
1809 1
1809 1
1809 1
1809 1
1809 1
1809 1
1809 1
1809 1
1792 1
1792 1
1792 1
1792 1
1792 1
1792 1
1792 1
1792 1
1792 1
1792 1
1792 1
1792 1
1792 1
1792 1
1792 1
1792 1
1792 1
1792 1
1792 1
1792 1
1792 1
1792 1
1792 1
1792 1
1792 1
1792 1
1792 1
1792 1
1792 1
1792 1
1792 1
1792 1
1792 1
1792 1
1792 1
1792 1
1792 1
1792 1
1792 1
1792 1
1792 1
1792 1
1792 1
1792 1
1792 1
1887 1
1887 1
1887 1
1887 1
1887 1
1887 1
1887 1
1887 1
1887 1
1887 1
1887 1
1887 1
1887 1
1887 1
1887 1
1887 1
1887 1
1887 1
1887 1
1887 1
1887 1
1887 1
1887 1
1887 1
1887 1
1887 1
1887 1
1887 1
1887 1
1887 1
1887 1
1887 1
1887 1
1887 1
1887 1
1887 1
1887 1
1887 1
1887 1
1887 1
1887 1
1887 1
1887 1
1887 1
1887 1
1885 1
1885 1
1885 1
1885 1
1885 1
1885 1
1885 1
1885 1
1885 1
1885 1
1885 1
1885 1
1885 1
1885 1
1885 1
1885 1
1885 1
1885 1
1885 1
1885 1
1885 1
1885 1
1885 1
1885 1
1885 1
1885 1
1885 1
1885 1
1885 1
1885 1
1885 1
1885 1
1885 1
1885 1
1885 1
1885 1
1885 1
1885 1
1885 1
1885 1
1885 1
1885 1
1885 1
1885 1
1885 1
1866 1
1866 1
1866 1
1866 1
1866 1
1866 1
1866 1
1866 1
1866 1
1866 1
1866 1
1866 1
1866 1
1866 1
1866 1
1866 1
1866 1
1866 1
1866 1
1866 1
1866 1
1866 1
1866 1
1866 1
1866 1
1866 1
1866 1
1866 1
1866 1
1866 1
1866 1
1866 1
1866 1
1866 1
1866 1
1866 1
1866 1
1866 1
1866 1
1866 1
1866 1
1866 1
1866 1
1866 1
1866 1
1864 1
1864 1
1864 1
1864 1
1864 1
1864 1
1864 1
1864 1
1864 1
1864 1
1864 1
1864 1
1864 1
1864 1
1864 1
1864 1
1864 1
1864 1
1864 1
1864 1
1864 1
1864 1
1864 1
1864 1
1864 1
1864 1
1864 1
1864 1
1864 1
1864 1
1864 1
1864 1
1864 1
1864 1
1864 1
1864 1
1864 1
1864 1
1864 1
1864 1
1864 1
1864 1
1864 1
1864 1
1864 1
1860 1
1860 1
1860 1
1860 1
1860 1
1860 1
1860 1
1860 1
1860 1
1860 1
1860 1
1860 1
1860 1
1860 1
1860 1
1860 1
1860 1
1860 1
1860 1
1860 1
1860 1
1860 1
1860 1
1860 1
1860 1
1860 1
1860 1
1860 1
1860 1
1860 1
1860 1
1860 1
1860 1
1860 1
1860 1
1860 1
1860 1
1860 1
1860 1
1860 1
1860 1
1860 1
1860 1
1860 1
1860 1
1967 1
1967 1
1967 1
1967 1
1967 1
1967 1
1967 1
1967 1
1967 1
1967 1
1967 1
1967 1
1967 1
1967 1
1967 1
1967 1
1967 1
1967 1
1967 1
1967 1
1967 1
1967 1
1967 1
1967 1
1967 1
1967 1
1967 1
1967 1
1967 1
1967 1
1967 1
1967 1
1967 1
1967 1
1967 1
1967 1
1967 1
1967 1
1967 1
1967 1
1967 1
1967 1
1967 1
1967 1
1967 1
1966 1
1966 1
1966 1
1966 1
1966 1
1966 1
1966 1
1966 1
1966 1
1966 1
1966 1
1966 1
1966 1
1966 1
1966 1
1966 1
1966 1
1966 1
1966 1
1966 1
1966 1
1966 1
1966 1
1966 1
1966 1
1966 1
1966 1
1966 1
1966 1
1966 1
1966 1
1966 1
1966 1
1966 1
1966 1
1966 1
1966 1
1966 1
1966 1
1966 1
1966 1
1966 1
1966 1
1966 1
1966 1
1964 1
1964 1
1964 1
1964 1
1964 1
1964 1
1964 1
1964 1
1964 1
1964 1
1964 1
1964 1
1964 1
1964 1
1964 1
1964 1
1964 1
1964 1
1964 1
1964 1
1964 1
1964 1
1964 1
1964 1
1964 1
1964 1
1964 1
1964 1
1964 1
1964 1
1964 1
1964 1
1964 1
1964 1
1964 1
1964 1
1964 1
1964 1
1964 1
1964 1
1964 1
1964 1
1964 1
1964 1
1964 1
2047 1
2047 1
2047 1
2047 1
2047 1
2047 1
2047 1
2047 1
2047 1
2047 1
2047 1
2047 1
2047 1
2047 1
2047 1
2047 1
2047 1
2047 1
2047 1
2047 1
2047 1
2047 1
2047 1
2047 1
2047 1
2047 1
2047 1
2047 1
2047 1
2047 1
2047 1
2047 1
2047 1
2047 1
2047 1
2047 1
2047 1
2047 1
2047 1
2047 1
2047 1
2047 1
2047 1
2047 1
2047 1
2028 1
2028 1
2028 1
2028 1
2028 1
2028 1
2028 1
2028 1
2028 1
2028 1
2028 1
2028 1
2028 1
2028 1
2028 1
2028 1
2028 1
2028 1
2028 1
2028 1
2028 1
2028 1
2028 1
2028 1
2028 1
2028 1
2028 1
2028 1
2028 1
2028 1
2028 1
2028 1
2028 1
2028 1
2028 1
2028 1
2028 1
2028 1
2028 1
2028 1
2028 1
2028 1
2028 1
2028 1
2028 1
2120 1
2120 1
2120 1
2120 1
2120 1
2120 1
2120 1
2120 1
2120 1
2120 1
2120 1
2120 1
2120 1
2120 1
2120 1
2120 1
2120 1
2120 1
2120 1
2120 1
2120 1
2120 1
2120 1
2120 1
2120 1
2120 1
2120 1
2120 1
2120 1
2120 1
2120 1
2120 1
2120 1
2120 1
2120 1
2120 1
2120 1
2120 1
2120 1
2120 1
2120 1
2120 1
2120 1
2120 1
2120 1
2108 1
2108 1
2108 1
2108 1
2108 1
2108 1
2108 1
2108 1
2108 1
2108 1
2108 1
2108 1
2108 1
2108 1
2108 1
2108 1
2108 1
2108 1
2108 1
2108 1
2108 1
2108 1
2108 1
2108 1
2108 1
2108 1
2108 1
2108 1
2108 1
2108 1
2108 1
2108 1
2108 1
2108 1
2108 1
2108 1
2108 1
2108 1
2108 1
2108 1
2108 1
2108 1
2108 1
2108 1
2108 1
2107 1
2107 1
2107 1
2107 1
2107 1
2107 1
2107 1
2107 1
2107 1
2107 1
2107 1
2107 1
2107 1
2107 1
2107 1
2107 1
2107 1
2107 1
2107 1
2107 1
2107 1
2107 1
2107 1
2107 1
2107 1
2107 1
2107 1
2107 1
2107 1
2107 1
2107 1
2107 1
2107 1
2107 1
2107 1
2107 1
2107 1
2107 1
2107 1
2107 1
2107 1
2107 1
2107 1
2107 1
2107 1
2210 1
2210 1
2210 1
2210 1
2210 1
2210 1
2210 1
2210 1
2210 1
2210 1
2210 1
2210 1
2210 1
2210 1
2210 1
2210 1
2210 1
2210 1
2210 1
2210 1
2210 1
2210 1
2210 1
2210 1
2210 1
2210 1
2210 1
2210 1
2210 1
2210 1
2210 1
2210 1
2210 1
2210 1
2210 1
2210 1
2210 1
2210 1
2210 1
2210 1
2210 1
2210 1
2210 1
2210 1
2210 1
2194 1
2194 1
2194 1
2194 1
2194 1
2194 1
2194 1
2194 1
2194 1
2194 1
2194 1
2194 1
2194 1
2194 1
2194 1
2194 1
2194 1
2194 1
2194 1
2194 1
2194 1
2194 1
2194 1
2194 1
2194 1
2194 1
2194 1
2194 1
2194 1
2194 1
2194 1
2194 1
2194 1
2194 1
2194 1
2194 1
2194 1
2194 1
2194 1
2194 1
2194 1
2194 1
2194 1
2194 1
2194 1
2262 1
2262 1
2262 1
2262 1
2262 1
2262 1
2262 1
2262 1
2262 1
2262 1
2262 1
2262 1
2262 1
2262 1
2262 1
2262 1
2262 1
2262 1
2262 1
2262 1
2262 1
2262 1
2262 1
2262 1
2262 1
2262 1
2262 1
2262 1
2262 1
2262 1
2262 1
2262 1
2262 1
2262 1
2262 1
2262 1
2262 1
2262 1
2262 1
2262 1
2262 1
2262 1
2262 1
2262 1
2262 1
2337 1
2337 1
2337 1
2337 1
2337 1
2337 1
2337 1
2337 1
2337 1
2337 1
2337 1
2337 1
2337 1
2337 1
2337 1
2337 1
2337 1
2337 1
2337 1
2337 1
2337 1
2337 1
2337 1
2337 1
2337 1
2337 1
2337 1
2337 1
2337 1
2337 1
2337 1
2337 1
2337 1
2337 1
2337 1
2337 1
2337 1
2337 1
2337 1
2337 1
2337 1
2337 1
2337 1
2337 1
2337 1
2370 1
2370 1
2370 1
2370 1
2370 1
2370 1
2370 1
2370 1
2370 1
2370 1
2370 1
2370 1
2370 1
2370 1
2370 1
2370 1
2370 1
2370 1
2370 1
2370 1
2370 1
2370 1
2370 1
2370 1
2370 1
2370 1
2370 1
2370 1
2370 1
2370 1
2370 1
2370 1
2370 1
2370 1
2370 1
2370 1
2370 1
2370 1
2370 1
2370 1
2370 1
2370 1
2370 1
2370 1
2370 1
2367 1
2367 1
2367 1
2367 1
2367 1
2367 1
2367 1
2367 1
2367 1
2367 1
2367 1
2367 1
2367 1
2367 1
2367 1
2367 1
2367 1
2367 1
2367 1
2367 1
2367 1
2367 1
2367 1
2367 1
2367 1
2367 1
2367 1
2367 1
2367 1
2367 1
2367 1
2367 1
2367 1
2367 1
2367 1
2367 1
2367 1
2367 1
2367 1
2367 1
2367 1
2367 1
2367 1
2367 1
2367 1
2428 1
2428 1
2428 1
2428 1
2428 1
2428 1
2428 1
2428 1
2428 1
2428 1
2428 1
2428 1
2428 1
2428 1
2428 1
2428 1
2428 1
2428 1
2428 1
2428 1
2428 1
2428 1
2428 1
2428 1
2428 1
2428 1
2428 1
2428 1
2428 1
2428 1
2428 1
2428 1
2428 1
2428 1
2428 1
2428 1
2428 1
2428 1
2428 1
2428 1
2428 1
2428 1
2428 1
2428 1
2428 1
2531 1
2531 1
2531 1
2531 1
2531 1
2531 1
2531 1
2531 1
2531 1
2531 1
2531 1
2531 1
2531 1
2531 1
2531 1
2531 1
2531 1
2531 1
2531 1
2531 1
2531 1
2531 1
2531 1
2531 1
2531 1
2531 1
2531 1
2531 1
2531 1
2531 1
2531 1
2531 1
2531 1
2531 1
2531 1
2531 1
2531 1
2531 1
2531 1
2531 1
2531 1
2531 1
2531 1
2531 1
2531 1
2695 1
2695 1
2695 1
2695 1
2695 1
2695 1
2695 1
2695 1
2695 1
2695 1
2695 1
2695 1
2695 1
2695 1
2695 1
2695 1
2695 1
2695 1
2695 1
2695 1
2695 1
2695 1
2695 1
2695 1
2695 1
2695 1
2695 1
2695 1
2695 1
2695 1
2695 1
2695 1
2695 1
2695 1
2695 1
2695 1
2695 1
2695 1
2695 1
2695 1
2695 1
2695 1
2695 1
2695 1
2695 1
2676 1
2676 1
2676 1
2676 1
2676 1
2676 1
2676 1
2676 1
2676 1
2676 1
2676 1
2676 1
2676 1
2676 1
2676 1
2676 1
2676 1
2676 1
2676 1
2676 1
2676 1
2676 1
2676 1
2676 1
2676 1
2676 1
2676 1
2676 1
2676 1
2676 1
2676 1
2676 1
2676 1
2676 1
2676 1
2676 1
2676 1
2676 1
2676 1
2676 1
2676 1
2676 1
2676 1
2676 1
2676 1
2906 1
2906 1
2906 1
2906 1
2906 1
2906 1
2906 1
2906 1
2906 1
2906 1
2906 1
2906 1
2906 1
2906 1
2906 1
2906 1
2906 1
2906 1
2906 1
2906 1
2906 1
2906 1
2906 1
2906 1
2906 1
2906 1
2906 1
2906 1
2906 1
2906 1
2906 1
2906 1
2906 1
2906 1
2906 1
2906 1
2906 1
2906 1
2906 1
2906 1
2906 1
2906 1
2906 1
2906 1
2906 1
3061 1
3061 1
3061 1
3061 1
3061 1
3061 1
3061 1
3061 1
3061 1
3061 1
3061 1
3061 1
3061 1
3061 1
3061 1
3061 1
3061 1
3061 1
3061 1
3061 1
3061 1
3061 1
3061 1
3061 1
3061 1
3061 1
3061 1
3061 1
3061 1
3061 1
3061 1
3061 1
3061 1
3061 1
3061 1
3061 1
3061 1
3061 1
3061 1
3061 1
3061 1
3061 1
3061 1
3061 1
3061 1
3137 1
3137 1
3137 1
3137 1
3137 1
3137 1
3137 1
3137 1
3137 1
3137 1
3137 1
3137 1
3137 1
3137 1
3137 1
3137 1
3137 1
3137 1
3137 1
3137 1
3137 1
3137 1
3137 1
3137 1
3137 1
3137 1
3137 1
3137 1
3137 1
3137 1
3137 1
3137 1
3137 1
3137 1
3137 1
3137 1
3137 1
3137 1
3137 1
3137 1
3137 1
3137 1
3137 1
3137 1
3137 1
