pt_graph shape
9924 1
9924 1
9924 1
9924 1
9924 1
9924 1
9924 1
9924 1
9924 1
9924 1
9924 1
9924 1
9924 1
9924 1
9924 1
9924 1
9924 1
9924 1
9924 1
9924 1
9924 1
9924 1
9924 1
9924 1
9924 1
9924 1
9924 1
9924 1
9924 1
9924 1
9924 1
9924 1
9924 1
9924 1
9924 1
9924 1
9924 1
9924 1
9924 1
9924 1
9924 1
9924 1
9924 1
9924 1
9924 1
10350 1
10350 1
10350 1
10350 1
10350 1
10350 1
10350 1
10350 1
10350 1
10350 1
10350 1
10350 1
10350 1
10350 1
10350 1
10350 1
10350 1
10350 1
10350 1
10350 1
10350 1
10350 1
10350 1
10350 1
10350 1
10350 1
10350 1
10350 1
10350 1
10350 1
10350 1
10350 1
10350 1
10350 1
10350 1
10350 1
10350 1
10350 1
10350 1
10350 1
10350 1
10350 1
10350 1
10350 1
10350 1
3733 1
3733 1
3733 1
3733 1
3733 1
3733 1
3733 1
3733 1
3733 1
3733 1
3733 1
3733 1
3733 1
3733 1
3733 1
3733 1
3733 1
3733 1
3733 1
3733 1
3733 1
3733 1
3733 1
3733 1
3733 1
3733 1
3733 1
3733 1
3733 1
3733 1
3733 1
3733 1
3733 1
3733 1
3733 1
3733 1
3733 1
3733 1
3733 1
3733 1
3733 1
3733 1
3733 1
3733 1
3733 1
4096 1
4096 1
4096 1
4096 1
4096 1
4096 1
4096 1
4096 1
4096 1
4096 1
4096 1
4096 1
4096 1
4096 1
4096 1
4096 1
4096 1
4096 1
4096 1
4096 1
4096 1
4096 1
4096 1
4096 1
4096 1
4096 1
4096 1
4096 1
4096 1
4096 1
4096 1
4096 1
4096 1
4096 1
4096 1
4096 1
4096 1
4096 1
4096 1
4096 1
4096 1
4096 1
4096 1
4096 1
4096 1
4088 1
4088 1
4088 1
4088 1
4088 1
4088 1
4088 1
4088 1
4088 1
4088 1
4088 1
4088 1
4088 1
4088 1
4088 1
4088 1
4088 1
4088 1
4088 1
4088 1
4088 1
4088 1
4088 1
4088 1
4088 1
4088 1
4088 1
4088 1
4088 1
4088 1
4088 1
4088 1
4088 1
4088 1
4088 1
4088 1
4088 1
4088 1
4088 1
4088 1
4088 1
4088 1
4088 1
4088 1
4088 1
4361 1
4361 1
4361 1
4361 1
4361 1
4361 1
4361 1
4361 1
4361 1
4361 1
4361 1
4361 1
4361 1
4361 1
4361 1
4361 1
4361 1
4361 1
4361 1
4361 1
4361 1
4361 1
4361 1
4361 1
4361 1
4361 1
4361 1
4361 1
4361 1
4361 1
4361 1
4361 1
4361 1
4361 1
4361 1
4361 1
4361 1
4361 1
4361 1
4361 1
4361 1
4361 1
4361 1
4361 1
4361 1
4544 1
4544 1
4544 1
4544 1
4544 1
4544 1
4544 1
4544 1
4544 1
4544 1
4544 1
4544 1
4544 1
4544 1
4544 1
4544 1
4544 1
4544 1
4544 1
4544 1
4544 1
4544 1
4544 1
4544 1
4544 1
4544 1
4544 1
4544 1
4544 1
4544 1
4544 1
4544 1
4544 1
4544 1
4544 1
4544 1
4544 1
4544 1
4544 1
4544 1
4544 1
4544 1
4544 1
4544 1
4544 1
10934 1
10934 1
10934 1
10934 1
10934 1
10934 1
10934 1
10934 1
10934 1
10934 1
10934 1
10934 1
10934 1
10934 1
10934 1
10934 1
10934 1
10934 1
10934 1
10934 1
10934 1
10934 1
10934 1
10934 1
10934 1
10934 1
10934 1
10934 1
10934 1
10934 1
10934 1
10934 1
10934 1
10934 1
10934 1
10934 1
10934 1
10934 1
10934 1
10934 1
10934 1
10934 1
10934 1
10934 1
10934 1
4912 1
4912 1
4912 1
4912 1
4912 1
4912 1
4912 1
4912 1
4912 1
4912 1
4912 1
4912 1
4912 1
4912 1
4912 1
4912 1
4912 1
4912 1
4912 1
4912 1
4912 1
4912 1
4912 1
4912 1
4912 1
4912 1
4912 1
4912 1
4912 1
4912 1
4912 1
4912 1
4912 1
4912 1
4912 1
4912 1
4912 1
4912 1
4912 1
4912 1
4912 1
4912 1
4912 1
4912 1
4912 1
5002 1
5002 1
5002 1
5002 1
5002 1
5002 1
5002 1
5002 1
5002 1
5002 1
5002 1
5002 1
5002 1
5002 1
5002 1
5002 1
5002 1
5002 1
5002 1
5002 1
5002 1
5002 1
5002 1
5002 1
5002 1
5002 1
5002 1
5002 1
5002 1
5002 1
5002 1
5002 1
5002 1
5002 1
5002 1
5002 1
5002 1
5002 1
5002 1
5002 1
5002 1
5002 1
5002 1
5002 1
5002 1
5092 1
5092 1
5092 1
5092 1
5092 1
5092 1
5092 1
5092 1
5092 1
5092 1
5092 1
5092 1
5092 1
5092 1
5092 1
5092 1
5092 1
5092 1
5092 1
5092 1
5092 1
5092 1
5092 1
5092 1
5092 1
5092 1
5092 1
5092 1
5092 1
5092 1
5092 1
5092 1
5092 1
5092 1
5092 1
5092 1
5092 1
5092 1
5092 1
5092 1
5092 1
5092 1
5092 1
5092 1
5092 1
5089 1
5089 1
5089 1
5089 1
5089 1
5089 1
5089 1
5089 1
5089 1
5089 1
5089 1
5089 1
5089 1
5089 1
5089 1
5089 1
5089 1
5089 1
5089 1
5089 1
5089 1
5089 1
5089 1
5089 1
5089 1
5089 1
5089 1
5089 1
5089 1
5089 1
5089 1
5089 1
5089 1
5089 1
5089 1
5089 1
5089 1
5089 1
5089 1
5089 1
5089 1
5089 1
5089 1
5089 1
5089 1
4890 1
4890 1
4890 1
4890 1
4890 1
4890 1
4890 1
4890 1
4890 1
4890 1
4890 1
4890 1
4890 1
4890 1
4890 1
4890 1
4890 1
4890 1
4890 1
4890 1
4890 1
4890 1
4890 1
4890 1
4890 1
4890 1
4890 1
4890 1
4890 1
4890 1
4890 1
4890 1
4890 1
4890 1
4890 1
4890 1
4890 1
4890 1
4890 1
4890 1
4890 1
4890 1
4890 1
4890 1
4890 1
4981 1
4981 1
4981 1
4981 1
4981 1
4981 1
4981 1
4981 1
4981 1
4981 1
4981 1
4981 1
4981 1
4981 1
4981 1
4981 1
4981 1
4981 1
4981 1
4981 1
4981 1
4981 1
4981 1
4981 1
4981 1
4981 1
4981 1
4981 1
4981 1
4981 1
4981 1
4981 1
4981 1
4981 1
4981 1
4981 1
4981 1
4981 1
4981 1
4981 1
4981 1
4981 1
4981 1
4981 1
4981 1
10944 1
10944 1
10944 1
10944 1
10944 1
10944 1
10944 1
10944 1
10944 1
10944 1
10944 1
10944 1
10944 1
10944 1
10944 1
10944 1
10944 1
10944 1
10944 1
10944 1
10944 1
10944 1
10944 1
10944 1
10944 1
10944 1
10944 1
10944 1
10944 1
10944 1
10944 1
10944 1
10944 1
10944 1
10944 1
10944 1
10944 1
10944 1
10944 1
10944 1
10944 1
10944 1
10944 1
10944 1
10944 1
5070 1
5070 1
5070 1
5070 1
5070 1
5070 1
5070 1
5070 1
5070 1
5070 1
5070 1
5070 1
5070 1
5070 1
5070 1
5070 1
5070 1
5070 1
5070 1
5070 1
5070 1
5070 1
5070 1
5070 1
5070 1
5070 1
5070 1
5070 1
5070 1
5070 1
5070 1
5070 1
5070 1
5070 1
5070 1
5070 1
5070 1
5070 1
5070 1
5070 1
5070 1
5070 1
5070 1
5070 1
5070 1
5355 1
5355 1
5355 1
5355 1
5355 1
5355 1
5355 1
5355 1
5355 1
5355 1
5355 1
5355 1
5355 1
5355 1
5355 1
5355 1
5355 1
5355 1
5355 1
5355 1
5355 1
5355 1
5355 1
5355 1
5355 1
5355 1
5355 1
5355 1
5355 1
5355 1
5355 1
5355 1
5355 1
5355 1
5355 1
5355 1
5355 1
5355 1
5355 1
5355 1
5355 1
5355 1
5355 1
5355 1
5355 1
5156 1
5156 1
5156 1
5156 1
5156 1
5156 1
5156 1
5156 1
5156 1
5156 1
5156 1
5156 1
5156 1
5156 1
5156 1
5156 1
5156 1
5156 1
5156 1
5156 1
5156 1
5156 1
5156 1
5156 1
5156 1
5156 1
5156 1
5156 1
5156 1
5156 1
5156 1
5156 1
5156 1
5156 1
5156 1
5156 1
5156 1
5156 1
5156 1
5156 1
5156 1
5156 1
5156 1
5156 1
5156 1
5252 1
5252 1
5252 1
5252 1
5252 1
5252 1
5252 1
5252 1
5252 1
5252 1
5252 1
5252 1
5252 1
5252 1
5252 1
5252 1
5252 1
5252 1
5252 1
5252 1
5252 1
5252 1
5252 1
5252 1
5252 1
5252 1
5252 1
5252 1
5252 1
5252 1
5252 1
5252 1
5252 1
5252 1
5252 1
5252 1
5252 1
5252 1
5252 1
5252 1
5252 1
5252 1
5252 1
5252 1
5252 1
5246 1
5246 1
5246 1
5246 1
5246 1
5246 1
5246 1
5246 1
5246 1
5246 1
5246 1
5246 1
5246 1
5246 1
5246 1
5246 1
5246 1
5246 1
5246 1
5246 1
5246 1
5246 1
5246 1
5246 1
5246 1
5246 1
5246 1
5246 1
5246 1
5246 1
5246 1
5246 1
5246 1
5246 1
5246 1
5246 1
5246 1
5246 1
5246 1
5246 1
5246 1
5246 1
5246 1
5246 1
5246 1
5531 1
5531 1
5531 1
5531 1
5531 1
5531 1
5531 1
5531 1
5531 1
5531 1
5531 1
5531 1
5531 1
5531 1
5531 1
5531 1
5531 1
5531 1
5531 1
5531 1
5531 1
5531 1
5531 1
5531 1
5531 1
5531 1
5531 1
5531 1
5531 1
5531 1
5531 1
5531 1
5531 1
5531 1
5531 1
5531 1
5531 1
5531 1
5531 1
5531 1
5531 1
5531 1
5531 1
5531 1
5531 1
5435 1
5435 1
5435 1
5435 1
5435 1
5435 1
5435 1
5435 1
5435 1
5435 1
5435 1
5435 1
5435 1
5435 1
5435 1
5435 1
5435 1
5435 1
5435 1
5435 1
5435 1
5435 1
5435 1
5435 1
5435 1
5435 1
5435 1
5435 1
5435 1
5435 1
5435 1
5435 1
5435 1
5435 1
5435 1
5435 1
5435 1
5435 1
5435 1
5435 1
5435 1
5435 1
5435 1
5435 1
5435 1
5527 1
5527 1
5527 1
5527 1
5527 1
5527 1
5527 1
5527 1
5527 1
5527 1
5527 1
5527 1
5527 1
5527 1
5527 1
5527 1
5527 1
5527 1
5527 1
5527 1
5527 1
5527 1
5527 1
5527 1
5527 1
5527 1
5527 1
5527 1
5527 1
5527 1
5527 1
5527 1
5527 1
5527 1
5527 1
5527 1
5527 1
5527 1
5527 1
5527 1
5527 1
5527 1
5527 1
5527 1
5527 1
5430 1
5430 1
5430 1
5430 1
5430 1
5430 1
5430 1
5430 1
5430 1
5430 1
5430 1
5430 1
5430 1
5430 1
5430 1
5430 1
5430 1
5430 1
5430 1
5430 1
5430 1
5430 1
5430 1
5430 1
5430 1
5430 1
5430 1
5430 1
5430 1
5430 1
5430 1
5430 1
5430 1
5430 1
5430 1
5430 1
5430 1
5430 1
5430 1
5430 1
5430 1
5430 1
5430 1
5430 1
5430 1
5427 1
5427 1
5427 1
5427 1
5427 1
5427 1
5427 1
5427 1
5427 1
5427 1
5427 1
5427 1
5427 1
5427 1
5427 1
5427 1
5427 1
5427 1
5427 1
5427 1
5427 1
5427 1
5427 1
5427 1
5427 1
5427 1
5427 1
5427 1
5427 1
5427 1
5427 1
5427 1
5427 1
5427 1
5427 1
5427 1
5427 1
5427 1
5427 1
5427 1
5427 1
5427 1
5427 1
5427 1
5427 1
5618 1
5618 1
5618 1
5618 1
5618 1
5618 1
5618 1
5618 1
5618 1
5618 1
5618 1
5618 1
5618 1
5618 1
5618 1
5618 1
5618 1
5618 1
5618 1
5618 1
5618 1
5618 1
5618 1
5618 1
5618 1
5618 1
5618 1
5618 1
5618 1
5618 1
5618 1
5618 1
5618 1
5618 1
5618 1
5618 1
5618 1
5618 1
5618 1
5618 1
5618 1
5618 1
5618 1
5618 1
5618 1
5423 1
5423 1
5423 1
5423 1
5423 1
5423 1
5423 1
5423 1
5423 1
5423 1
5423 1
5423 1
5423 1
5423 1
5423 1
5423 1
5423 1
5423 1
5423 1
5423 1
5423 1
5423 1
5423 1
5423 1
5423 1
5423 1
5423 1
5423 1
5423 1
5423 1
5423 1
5423 1
5423 1
5423 1
5423 1
5423 1
5423 1
5423 1
5423 1
5423 1
5423 1
5423 1
5423 1
5423 1
5423 1
5615 1
5615 1
5615 1
5615 1
5615 1
5615 1
5615 1
5615 1
5615 1
5615 1
5615 1
5615 1
5615 1
5615 1
5615 1
5615 1
5615 1
5615 1
5615 1
5615 1
5615 1
5615 1
5615 1
5615 1
5615 1
5615 1
5615 1
5615 1
5615 1
5615 1
5615 1
5615 1
5615 1
5615 1
5615 1
5615 1
5615 1
5615 1
5615 1
5615 1
5615 1
5615 1
5615 1
5615 1
5615 1
5614 1
5614 1
5614 1
5614 1
5614 1
5614 1
5614 1
5614 1
5614 1
5614 1
5614 1
5614 1
5614 1
5614 1
5614 1
5614 1
5614 1
5614 1
5614 1
5614 1
5614 1
5614 1
5614 1
5614 1
5614 1
5614 1
5614 1
5614 1
5614 1
5614 1
5614 1
5614 1
5614 1
5614 1
5614 1
5614 1
5614 1
5614 1
5614 1
5614 1
5614 1
5614 1
5614 1
5614 1
5614 1
9926 1
9926 1
9926 1
9926 1
9926 1
9926 1
9926 1
9926 1
9926 1
9926 1
9926 1
9926 1
9926 1
9926 1
9926 1
9926 1
9926 1
9926 1
9926 1
9926 1
9926 1
9926 1
9926 1
9926 1
9926 1
9926 1
9926 1
9926 1
9926 1
9926 1
9926 1
9926 1
9926 1
9926 1
9926 1
9926 1
9926 1
9926 1
9926 1
9926 1
9926 1
9926 1
9926 1
9926 1
9926 1
5516 1
5516 1
5516 1
5516 1
5516 1
5516 1
5516 1
5516 1
5516 1
5516 1
5516 1
5516 1
5516 1
5516 1
5516 1
5516 1
5516 1
5516 1
5516 1
5516 1
5516 1
5516 1
5516 1
5516 1
5516 1
5516 1
5516 1
5516 1
5516 1
5516 1
5516 1
5516 1
5516 1
5516 1
5516 1
5516 1
5516 1
5516 1
5516 1
5516 1
5516 1
5516 1
5516 1
5516 1
5516 1
5706 1
5706 1
5706 1
5706 1
5706 1
5706 1
5706 1
5706 1
5706 1
5706 1
5706 1
5706 1
5706 1
5706 1
5706 1
5706 1
5706 1
5706 1
5706 1
5706 1
5706 1
5706 1
5706 1
5706 1
5706 1
5706 1
5706 1
5706 1
5706 1
5706 1
5706 1
5706 1
5706 1
5706 1
5706 1
5706 1
5706 1
5706 1
5706 1
5706 1
5706 1
5706 1
5706 1
5706 1
5706 1
5509 1
5509 1
5509 1
5509 1
5509 1
5509 1
5509 1
5509 1
5509 1
5509 1
5509 1
5509 1
5509 1
5509 1
5509 1
5509 1
5509 1
5509 1
5509 1
5509 1
5509 1
5509 1
5509 1
5509 1
5509 1
5509 1
5509 1
5509 1
5509 1
5509 1
5509 1
5509 1
5509 1
5509 1
5509 1
5509 1
5509 1
5509 1
5509 1
5509 1
5509 1
5509 1
5509 1
5509 1
5509 1
5701 1
5701 1
5701 1
5701 1
5701 1
5701 1
5701 1
5701 1
5701 1
5701 1
5701 1
5701 1
5701 1
5701 1
5701 1
5701 1
5701 1
5701 1
5701 1
5701 1
5701 1
5701 1
5701 1
5701 1
5701 1
5701 1
5701 1
5701 1
5701 1
5701 1
5701 1
5701 1
5701 1
5701 1
5701 1
5701 1
5701 1
5701 1
5701 1
5701 1
5701 1
5701 1
5701 1
5701 1
5701 1
5606 1
5606 1
5606 1
5606 1
5606 1
5606 1
5606 1
5606 1
5606 1
5606 1
5606 1
5606 1
5606 1
5606 1
5606 1
5606 1
5606 1
5606 1
5606 1
5606 1
5606 1
5606 1
5606 1
5606 1
5606 1
5606 1
5606 1
5606 1
5606 1
5606 1
5606 1
5606 1
5606 1
5606 1
5606 1
5606 1
5606 1
5606 1
5606 1
5606 1
5606 1
5606 1
5606 1
5606 1
5606 1
5605 1
5605 1
5605 1
5605 1
5605 1
5605 1
5605 1
5605 1
5605 1
5605 1
5605 1
5605 1
5605 1
5605 1
5605 1
5605 1
5605 1
5605 1
5605 1
5605 1
5605 1
5605 1
5605 1
5605 1
5605 1
5605 1
5605 1
5605 1
5605 1
5605 1
5605 1
5605 1
5605 1
5605 1
5605 1
5605 1
5605 1
5605 1
5605 1
5605 1
5605 1
5605 1
5605 1
5605 1
5605 1
5796 1
5796 1
5796 1
5796 1
5796 1
5796 1
5796 1
5796 1
5796 1
5796 1
5796 1
5796 1
5796 1
5796 1
5796 1
5796 1
5796 1
5796 1
5796 1
5796 1
5796 1
5796 1
5796 1
5796 1
5796 1
5796 1
5796 1
5796 1
5796 1
5796 1
5796 1
5796 1
5796 1
5796 1
5796 1
5796 1
5796 1
5796 1
5796 1
5796 1
5796 1
5796 1
5796 1
5796 1
5796 1
5600 1
5600 1
5600 1
5600 1
5600 1
5600 1
5600 1
5600 1
5600 1
5600 1
5600 1
5600 1
5600 1
5600 1
5600 1
5600 1
5600 1
5600 1
5600 1
5600 1
5600 1
5600 1
5600 1
5600 1
5600 1
5600 1
5600 1
5600 1
5600 1
5600 1
5600 1
5600 1
5600 1
5600 1
5600 1
5600 1
5600 1
5600 1
5600 1
5600 1
5600 1
5600 1
5600 1
5600 1
5600 1
5795 1
5795 1
5795 1
5795 1
5795 1
5795 1
5795 1
5795 1
5795 1
5795 1
5795 1
5795 1
5795 1
5795 1
5795 1
5795 1
5795 1
5795 1
5795 1
5795 1
5795 1
5795 1
5795 1
5795 1
5795 1
5795 1
5795 1
5795 1
5795 1
5795 1
5795 1
5795 1
5795 1
5795 1
5795 1
5795 1
5795 1
5795 1
5795 1
5795 1
5795 1
5795 1
5795 1
5795 1
5795 1
5596 1
5596 1
5596 1
5596 1
5596 1
5596 1
5596 1
5596 1
5596 1
5596 1
5596 1
5596 1
5596 1
5596 1
5596 1
5596 1
5596 1
5596 1
5596 1
5596 1
5596 1
5596 1
5596 1
5596 1
5596 1
5596 1
5596 1
5596 1
5596 1
5596 1
5596 1
5596 1
5596 1
5596 1
5596 1
5596 1
5596 1
5596 1
5596 1
5596 1
5596 1
5596 1
5596 1
5596 1
5596 1
5695 1
5695 1
5695 1
5695 1
5695 1
5695 1
5695 1
5695 1
5695 1
5695 1
5695 1
5695 1
5695 1
5695 1
5695 1
5695 1
5695 1
5695 1
5695 1
5695 1
5695 1
5695 1
5695 1
5695 1
5695 1
5695 1
5695 1
5695 1
5695 1
5695 1
5695 1
5695 1
5695 1
5695 1
5695 1
5695 1
5695 1
5695 1
5695 1
5695 1
5695 1
5695 1
5695 1
5695 1
5695 1
5694 1
5694 1
5694 1
5694 1
5694 1
5694 1
5694 1
5694 1
5694 1
5694 1
5694 1
5694 1
5694 1
5694 1
5694 1
5694 1
5694 1
5694 1
5694 1
5694 1
5694 1
5694 1
5694 1
5694 1
5694 1
5694 1
5694 1
5694 1
5694 1
5694 1
5694 1
5694 1
5694 1
5694 1
5694 1
5694 1
5694 1
5694 1
5694 1
5694 1
5694 1
5694 1
5694 1
5694 1
5694 1
5689 1
5689 1
5689 1
5689 1
5689 1
5689 1
5689 1
5689 1
5689 1
5689 1
5689 1
5689 1
5689 1
5689 1
5689 1
5689 1
5689 1
5689 1
5689 1
5689 1
5689 1
5689 1
5689 1
5689 1
5689 1
5689 1
5689 1
5689 1
5689 1
5689 1
5689 1
5689 1
5689 1
5689 1
5689 1
5689 1
5689 1
5689 1
5689 1
5689 1
5689 1
5689 1
5689 1
5689 1
5689 1
5688 1
5688 1
5688 1
5688 1
5688 1
5688 1
5688 1
5688 1
5688 1
5688 1
5688 1
5688 1
5688 1
5688 1
5688 1
5688 1
5688 1
5688 1
5688 1
5688 1
5688 1
5688 1
5688 1
5688 1
5688 1
5688 1
5688 1
5688 1
5688 1
5688 1
5688 1
5688 1
5688 1
5688 1
5688 1
5688 1
5688 1
5688 1
5688 1
5688 1
5688 1
5688 1
5688 1
5688 1
5688 1
5887 1
5887 1
5887 1
5887 1
5887 1
5887 1
5887 1
5887 1
5887 1
5887 1
5887 1
5887 1
5887 1
5887 1
5887 1
5887 1
5887 1
5887 1
5887 1
5887 1
5887 1
5887 1
5887 1
5887 1
5887 1
5887 1
5887 1
5887 1
5887 1
5887 1
5887 1
5887 1
5887 1
5887 1
5887 1
5887 1
5887 1
5887 1
5887 1
5887 1
5887 1
5887 1
5887 1
5887 1
5887 1
5886 1
5886 1
5886 1
5886 1
5886 1
5886 1
5886 1
5886 1
5886 1
5886 1
5886 1
5886 1
5886 1
5886 1
5886 1
5886 1
5886 1
5886 1
5886 1
5886 1
5886 1
5886 1
5886 1
5886 1
5886 1
5886 1
5886 1
5886 1
5886 1
5886 1
5886 1
5886 1
5886 1
5886 1
5886 1
5886 1
5886 1
5886 1
5886 1
5886 1
5886 1
5886 1
5886 1
5886 1
5886 1
5986 1
5986 1
5986 1
5986 1
5986 1
5986 1
5986 1
5986 1
5986 1
5986 1
5986 1
5986 1
5986 1
5986 1
5986 1
5986 1
5986 1
5986 1
5986 1
5986 1
5986 1
5986 1
5986 1
5986 1
5986 1
5986 1
5986 1
5986 1
5986 1
5986 1
5986 1
5986 1
5986 1
5986 1
5986 1
5986 1
5986 1
5986 1
5986 1
5986 1
5986 1
5986 1
5986 1
5986 1
5986 1
5776 1
5776 1
5776 1
5776 1
5776 1
5776 1
5776 1
5776 1
5776 1
5776 1
5776 1
5776 1
5776 1
5776 1
5776 1
5776 1
5776 1
5776 1
5776 1
5776 1
5776 1
5776 1
5776 1
5776 1
5776 1
5776 1
5776 1
5776 1
5776 1
5776 1
5776 1
5776 1
5776 1
5776 1
5776 1
5776 1
5776 1
5776 1
5776 1
5776 1
5776 1
5776 1
5776 1
5776 1
5776 1
5879 1
5879 1
5879 1
5879 1
5879 1
5879 1
5879 1
5879 1
5879 1
5879 1
5879 1
5879 1
5879 1
5879 1
5879 1
5879 1
5879 1
5879 1
5879 1
5879 1
5879 1
5879 1
5879 1
5879 1
5879 1
5879 1
5879 1
5879 1
5879 1
5879 1
5879 1
5879 1
5879 1
5879 1
5879 1
5879 1
5879 1
5879 1
5879 1
5879 1
5879 1
5879 1
5879 1
5879 1
5879 1
5984 1
5984 1
5984 1
5984 1
5984 1
5984 1
5984 1
5984 1
5984 1
5984 1
5984 1
5984 1
5984 1
5984 1
5984 1
5984 1
5984 1
5984 1
5984 1
5984 1
5984 1
5984 1
5984 1
5984 1
5984 1
5984 1
5984 1
5984 1
5984 1
5984 1
5984 1
5984 1
5984 1
5984 1
5984 1
5984 1
5984 1
5984 1
5984 1
5984 1
5984 1
5984 1
5984 1
5984 1
5984 1
5976 1
5976 1
5976 1
5976 1
5976 1
5976 1
5976 1
5976 1
5976 1
5976 1
5976 1
5976 1
5976 1
5976 1
5976 1
5976 1
5976 1
5976 1
5976 1
5976 1
5976 1
5976 1
5976 1
5976 1
5976 1
5976 1
5976 1
5976 1
5976 1
5976 1
5976 1
5976 1
5976 1
5976 1
5976 1
5976 1
5976 1
5976 1
5976 1
5976 1
5976 1
5976 1
5976 1
5976 1
5976 1
5975 1
5975 1
5975 1
5975 1
5975 1
5975 1
5975 1
5975 1
5975 1
5975 1
5975 1
5975 1
5975 1
5975 1
5975 1
5975 1
5975 1
5975 1
5975 1
5975 1
5975 1
5975 1
5975 1
5975 1
5975 1
5975 1
5975 1
5975 1
5975 1
5975 1
5975 1
5975 1
5975 1
5975 1
5975 1
5975 1
5975 1
5975 1
5975 1
5975 1
5975 1
5975 1
5975 1
5975 1
5975 1
6087 1
6087 1
6087 1
6087 1
6087 1
6087 1
6087 1
6087 1
6087 1
6087 1
6087 1
6087 1
6087 1
6087 1
6087 1
6087 1
6087 1
6087 1
6087 1
6087 1
6087 1
6087 1
6087 1
6087 1
6087 1
6087 1
6087 1
6087 1
6087 1
6087 1
6087 1
6087 1
6087 1
6087 1
6087 1
6087 1
6087 1
6087 1
6087 1
6087 1
6087 1
6087 1
6087 1
6087 1
6087 1
6080 1
6080 1
6080 1
6080 1
6080 1
6080 1
6080 1
6080 1
6080 1
6080 1
6080 1
6080 1
6080 1
6080 1
6080 1
6080 1
6080 1
6080 1
6080 1
6080 1
6080 1
6080 1
6080 1
6080 1
6080 1
6080 1
6080 1
6080 1
6080 1
6080 1
6080 1
6080 1
6080 1
6080 1
6080 1
6080 1
6080 1
6080 1
6080 1
6080 1
6080 1
6080 1
6080 1
6080 1
6080 1
6079 1
6079 1
6079 1
6079 1
6079 1
6079 1
6079 1
6079 1
6079 1
6079 1
6079 1
6079 1
6079 1
6079 1
6079 1
6079 1
6079 1
6079 1
6079 1
6079 1
6079 1
6079 1
6079 1
6079 1
6079 1
6079 1
6079 1
6079 1
6079 1
6079 1
6079 1
6079 1
6079 1
6079 1
6079 1
6079 1
6079 1
6079 1
6079 1
6079 1
6079 1
6079 1
6079 1
6079 1
6079 1
6076 1
6076 1
6076 1
6076 1
6076 1
6076 1
6076 1
6076 1
6076 1
6076 1
6076 1
6076 1
6076 1
6076 1
6076 1
6076 1
6076 1
6076 1
6076 1
6076 1
6076 1
6076 1
6076 1
6076 1
6076 1
6076 1
6076 1
6076 1
6076 1
6076 1
6076 1
6076 1
6076 1
6076 1
6076 1
6076 1
6076 1
6076 1
6076 1
6076 1
6076 1
6076 1
6076 1
6076 1
6076 1
6074 1
6074 1
6074 1
6074 1
6074 1
6074 1
6074 1
6074 1
6074 1
6074 1
6074 1
6074 1
6074 1
6074 1
6074 1
6074 1
6074 1
6074 1
6074 1
6074 1
6074 1
6074 1
6074 1
6074 1
6074 1
6074 1
6074 1
6074 1
6074 1
6074 1
6074 1
6074 1
6074 1
6074 1
6074 1
6074 1
6074 1
6074 1
6074 1
6074 1
6074 1
6074 1
6074 1
6074 1
6074 1
6073 1
6073 1
6073 1
6073 1
6073 1
6073 1
6073 1
6073 1
6073 1
6073 1
6073 1
6073 1
6073 1
6073 1
6073 1
6073 1
6073 1
6073 1
6073 1
6073 1
6073 1
6073 1
6073 1
6073 1
6073 1
6073 1
6073 1
6073 1
6073 1
6073 1
6073 1
6073 1
6073 1
6073 1
6073 1
6073 1
6073 1
6073 1
6073 1
6073 1
6073 1
6073 1
6073 1
6073 1
6073 1
6182 1
6182 1
6182 1
6182 1
6182 1
6182 1
6182 1
6182 1
6182 1
6182 1
6182 1
6182 1
6182 1
6182 1
6182 1
6182 1
6182 1
6182 1
6182 1
6182 1
6182 1
6182 1
6182 1
6182 1
6182 1
6182 1
6182 1
6182 1
6182 1
6182 1
6182 1
6182 1
6182 1
6182 1
6182 1
6182 1
6182 1
6182 1
6182 1
6182 1
6182 1
6182 1
6182 1
6182 1
6182 1
6180 1
6180 1
6180 1
6180 1
6180 1
6180 1
6180 1
6180 1
6180 1
6180 1
6180 1
6180 1
6180 1
6180 1
6180 1
6180 1
6180 1
6180 1
6180 1
6180 1
6180 1
6180 1
6180 1
6180 1
6180 1
6180 1
6180 1
6180 1
6180 1
6180 1
6180 1
6180 1
6180 1
6180 1
6180 1
6180 1
6180 1
6180 1
6180 1
6180 1
6180 1
6180 1
6180 1
6180 1
6180 1
6179 1
6179 1
6179 1
6179 1
6179 1
6179 1
6179 1
6179 1
6179 1
6179 1
6179 1
6179 1
6179 1
6179 1
6179 1
6179 1
6179 1
6179 1
6179 1
6179 1
6179 1
6179 1
6179 1
6179 1
6179 1
6179 1
6179 1
6179 1
6179 1
6179 1
6179 1
6179 1
6179 1
6179 1
6179 1
6179 1
6179 1
6179 1
6179 1
6179 1
6179 1
6179 1
6179 1
6179 1
6179 1
6177 1
6177 1
6177 1
6177 1
6177 1
6177 1
6177 1
6177 1
6177 1
6177 1
6177 1
6177 1
6177 1
6177 1
6177 1
6177 1
6177 1
6177 1
6177 1
6177 1
6177 1
6177 1
6177 1
6177 1
6177 1
6177 1
6177 1
6177 1
6177 1
6177 1
6177 1
6177 1
6177 1
6177 1
6177 1
6177 1
6177 1
6177 1
6177 1
6177 1
6177 1
6177 1
6177 1
6177 1
6177 1
6062 1
6062 1
6062 1
6062 1
6062 1
6062 1
6062 1
6062 1
6062 1
6062 1
6062 1
6062 1
6062 1
6062 1
6062 1
6062 1
6062 1
6062 1
6062 1
6062 1
6062 1
6062 1
6062 1
6062 1
6062 1
6062 1
6062 1
6062 1
6062 1
6062 1
6062 1
6062 1
6062 1
6062 1
6062 1
6062 1
6062 1
6062 1
6062 1
6062 1
6062 1
6062 1
6062 1
6062 1
6062 1
6175 1
6175 1
6175 1
6175 1
6175 1
6175 1
6175 1
6175 1
6175 1
6175 1
6175 1
6175 1
6175 1
6175 1
6175 1
6175 1
6175 1
6175 1
6175 1
6175 1
6175 1
6175 1
6175 1
6175 1
6175 1
6175 1
6175 1
6175 1
6175 1
6175 1
6175 1
6175 1
6175 1
6175 1
6175 1
6175 1
6175 1
6175 1
6175 1
6175 1
6175 1
6175 1
6175 1
6175 1
6175 1
6174 1
6174 1
6174 1
6174 1
6174 1
6174 1
6174 1
6174 1
6174 1
6174 1
6174 1
6174 1
6174 1
6174 1
6174 1
6174 1
6174 1
6174 1
6174 1
6174 1
6174 1
6174 1
6174 1
6174 1
6174 1
6174 1
6174 1
6174 1
6174 1
6174 1
6174 1
6174 1
6174 1
6174 1
6174 1
6174 1
6174 1
6174 1
6174 1
6174 1
6174 1
6174 1
6174 1
6174 1
6174 1
6274 1
6274 1
6274 1
6274 1
6274 1
6274 1
6274 1
6274 1
6274 1
6274 1
6274 1
6274 1
6274 1
6274 1
6274 1
6274 1
6274 1
6274 1
6274 1
6274 1
6274 1
6274 1
6274 1
6274 1
6274 1
6274 1
6274 1
6274 1
6274 1
6274 1
6274 1
6274 1
6274 1
6274 1
6274 1
6274 1
6274 1
6274 1
6274 1
6274 1
6274 1
6274 1
6274 1
6274 1
6274 1
6270 1
6270 1
6270 1
6270 1
6270 1
6270 1
6270 1
6270 1
6270 1
6270 1
6270 1
6270 1
6270 1
6270 1
6270 1
6270 1
6270 1
6270 1
6270 1
6270 1
6270 1
6270 1
6270 1
6270 1
6270 1
6270 1
6270 1
6270 1
6270 1
6270 1
6270 1
6270 1
6270 1
6270 1
6270 1
6270 1
6270 1
6270 1
6270 1
6270 1
6270 1
6270 1
6270 1
6270 1
6270 1
6269 1
6269 1
6269 1
6269 1
6269 1
6269 1
6269 1
6269 1
6269 1
6269 1
6269 1
6269 1
6269 1
6269 1
6269 1
6269 1
6269 1
6269 1
6269 1
6269 1
6269 1
6269 1
6269 1
6269 1
6269 1
6269 1
6269 1
6269 1
6269 1
6269 1
6269 1
6269 1
6269 1
6269 1
6269 1
6269 1
6269 1
6269 1
6269 1
6269 1
6269 1
6269 1
6269 1
6269 1
6269 1
6268 1
6268 1
6268 1
6268 1
6268 1
6268 1
6268 1
6268 1
6268 1
6268 1
6268 1
6268 1
6268 1
6268 1
6268 1
6268 1
6268 1
6268 1
6268 1
6268 1
6268 1
6268 1
6268 1
6268 1
6268 1
6268 1
6268 1
6268 1
6268 1
6268 1
6268 1
6268 1
6268 1
6268 1
6268 1
6268 1
6268 1
6268 1
6268 1
6268 1
6268 1
6268 1
6268 1
6268 1
6268 1
6364 1
6364 1
6364 1
6364 1
6364 1
6364 1
6364 1
6364 1
6364 1
6364 1
6364 1
6364 1
6364 1
6364 1
6364 1
6364 1
6364 1
6364 1
6364 1
6364 1
6364 1
6364 1
6364 1
6364 1
6364 1
6364 1
6364 1
6364 1
6364 1
6364 1
6364 1
6364 1
6364 1
6364 1
6364 1
6364 1
6364 1
6364 1
6364 1
6364 1
6364 1
6364 1
6364 1
6364 1
6364 1
6361 1
6361 1
6361 1
6361 1
6361 1
6361 1
6361 1
6361 1
6361 1
6361 1
6361 1
6361 1
6361 1
6361 1
6361 1
6361 1
6361 1
6361 1
6361 1
6361 1
6361 1
6361 1
6361 1
6361 1
6361 1
6361 1
6361 1
6361 1
6361 1
6361 1
6361 1
6361 1
6361 1
6361 1
6361 1
6361 1
6361 1
6361 1
6361 1
6361 1
6361 1
6361 1
6361 1
6361 1
6361 1
6360 1
6360 1
6360 1
6360 1
6360 1
6360 1
6360 1
6360 1
6360 1
6360 1
6360 1
6360 1
6360 1
6360 1
6360 1
6360 1
6360 1
6360 1
6360 1
6360 1
6360 1
6360 1
6360 1
6360 1
6360 1
6360 1
6360 1
6360 1
6360 1
6360 1
6360 1
6360 1
6360 1
6360 1
6360 1
6360 1
6360 1
6360 1
6360 1
6360 1
6360 1
6360 1
6360 1
6360 1
6360 1
6454 1
6454 1
6454 1
6454 1
6454 1
6454 1
6454 1
6454 1
6454 1
6454 1
6454 1
6454 1
6454 1
6454 1
6454 1
6454 1
6454 1
6454 1
6454 1
6454 1
6454 1
6454 1
6454 1
6454 1
6454 1
6454 1
6454 1
6454 1
6454 1
6454 1
6454 1
6454 1
6454 1
6454 1
6454 1
6454 1
6454 1
6454 1
6454 1
6454 1
6454 1
6454 1
6454 1
6454 1
6454 1
6453 1
6453 1
6453 1
6453 1
6453 1
6453 1
6453 1
6453 1
6453 1
6453 1
6453 1
6453 1
6453 1
6453 1
6453 1
6453 1
6453 1
6453 1
6453 1
6453 1
6453 1
6453 1
6453 1
6453 1
6453 1
6453 1
6453 1
6453 1
6453 1
6453 1
6453 1
6453 1
6453 1
6453 1
6453 1
6453 1
6453 1
6453 1
6453 1
6453 1
6453 1
6453 1
6453 1
6453 1
6453 1
6452 1
6452 1
6452 1
6452 1
6452 1
6452 1
6452 1
6452 1
6452 1
6452 1
6452 1
6452 1
6452 1
6452 1
6452 1
6452 1
6452 1
6452 1
6452 1
6452 1
6452 1
6452 1
6452 1
6452 1
6452 1
6452 1
6452 1
6452 1
6452 1
6452 1
6452 1
6452 1
6452 1
6452 1
6452 1
6452 1
6452 1
6452 1
6452 1
6452 1
6452 1
6452 1
6452 1
6452 1
6452 1
6451 1
6451 1
6451 1
6451 1
6451 1
6451 1
6451 1
6451 1
6451 1
6451 1
6451 1
6451 1
6451 1
6451 1
6451 1
6451 1
6451 1
6451 1
6451 1
6451 1
6451 1
6451 1
6451 1
6451 1
6451 1
6451 1
6451 1
6451 1
6451 1
6451 1
6451 1
6451 1
6451 1
6451 1
6451 1
6451 1
6451 1
6451 1
6451 1
6451 1
6451 1
6451 1
6451 1
6451 1
6451 1
6536 1
6536 1
6536 1
6536 1
6536 1
6536 1
6536 1
6536 1
6536 1
6536 1
6536 1
6536 1
6536 1
6536 1
6536 1
6536 1
6536 1
6536 1
6536 1
6536 1
6536 1
6536 1
6536 1
6536 1
6536 1
6536 1
6536 1
6536 1
6536 1
6536 1
6536 1
6536 1
6536 1
6536 1
6536 1
6536 1
6536 1
6536 1
6536 1
6536 1
6536 1
6536 1
6536 1
6536 1
6536 1
6698 1
6698 1
6698 1
6698 1
6698 1
6698 1
6698 1
6698 1
6698 1
6698 1
6698 1
6698 1
6698 1
6698 1
6698 1
6698 1
6698 1
6698 1
6698 1
6698 1
6698 1
6698 1
6698 1
6698 1
6698 1
6698 1
6698 1
6698 1
6698 1
6698 1
6698 1
6698 1
6698 1
6698 1
6698 1
6698 1
6698 1
6698 1
6698 1
6698 1
6698 1
6698 1
6698 1
6698 1
6698 1
6985 1
6985 1
6985 1
6985 1
6985 1
6985 1
6985 1
6985 1
6985 1
6985 1
6985 1
6985 1
6985 1
6985 1
6985 1
6985 1
6985 1
6985 1
6985 1
6985 1
6985 1
6985 1
6985 1
6985 1
6985 1
6985 1
6985 1
6985 1
6985 1
6985 1
6985 1
6985 1
6985 1
6985 1
6985 1
6985 1
6985 1
6985 1
6985 1
6985 1
6985 1
6985 1
6985 1
6985 1
6985 1
7057 1
7057 1
7057 1
7057 1
7057 1
7057 1
7057 1
7057 1
7057 1
7057 1
7057 1
7057 1
7057 1
7057 1
7057 1
7057 1
7057 1
7057 1
7057 1
7057 1
7057 1
7057 1
7057 1
7057 1
7057 1
7057 1
7057 1
7057 1
7057 1
7057 1
7057 1
7057 1
7057 1
7057 1
7057 1
7057 1
7057 1
7057 1
7057 1
7057 1
7057 1
7057 1
7057 1
7057 1
7057 1
7049 1
7049 1
7049 1
7049 1
7049 1
7049 1
7049 1
7049 1
7049 1
7049 1
7049 1
7049 1
7049 1
7049 1
7049 1
7049 1
7049 1
7049 1
7049 1
7049 1
7049 1
7049 1
7049 1
7049 1
7049 1
7049 1
7049 1
7049 1
7049 1
7049 1
7049 1
7049 1
7049 1
7049 1
7049 1
7049 1
7049 1
7049 1
7049 1
7049 1
7049 1
7049 1
7049 1
7049 1
7049 1
7125 1
7125 1
7125 1
7125 1
7125 1
7125 1
7125 1
7125 1
7125 1
7125 1
7125 1
7125 1
7125 1
7125 1
7125 1
7125 1
7125 1
7125 1
7125 1
7125 1
7125 1
7125 1
7125 1
7125 1
7125 1
7125 1
7125 1
7125 1
7125 1
7125 1
7125 1
7125 1
7125 1
7125 1
7125 1
7125 1
7125 1
7125 1
7125 1
7125 1
7125 1
7125 1
7125 1
7125 1
7125 1
7200 1
7200 1
7200 1
7200 1
7200 1
7200 1
7200 1
7200 1
7200 1
7200 1
7200 1
7200 1
7200 1
7200 1
7200 1
7200 1
7200 1
7200 1
7200 1
7200 1
7200 1
7200 1
7200 1
7200 1
7200 1
7200 1
7200 1
7200 1
7200 1
7200 1
7200 1
7200 1
7200 1
7200 1
7200 1
7200 1
7200 1
7200 1
7200 1
7200 1
7200 1
7200 1
7200 1
7200 1
7200 1
7195 1
7195 1
7195 1
7195 1
7195 1
7195 1
7195 1
7195 1
7195 1
7195 1
7195 1
7195 1
7195 1
7195 1
7195 1
7195 1
7195 1
7195 1
7195 1
7195 1
7195 1
7195 1
7195 1
7195 1
7195 1
7195 1
7195 1
7195 1
7195 1
7195 1
7195 1
7195 1
7195 1
7195 1
7195 1
7195 1
7195 1
7195 1
7195 1
7195 1
7195 1
7195 1
7195 1
7195 1
7195 1
7335 1
7335 1
7335 1
7335 1
7335 1
7335 1
7335 1
7335 1
7335 1
7335 1
7335 1
7335 1
7335 1
7335 1
7335 1
7335 1
7335 1
7335 1
7335 1
7335 1
7335 1
7335 1
7335 1
7335 1
7335 1
7335 1
7335 1
7335 1
7335 1
7335 1
7335 1
7335 1
7335 1
7335 1
7335 1
7335 1
7335 1
7335 1
7335 1
7335 1
7335 1
7335 1
7335 1
7335 1
7335 1
