pt_graph shape
4007 1
4007 1
4007 1
4007 1
4007 1
4007 1
4007 1
4007 1
4007 1
4007 1
4007 1
4007 1
4007 1
4007 1
4007 1
4007 1
4007 1
4007 1
4007 1
4007 1
4007 1
4007 1
4007 1
4007 1
4007 1
4007 1
4007 1
4007 1
4007 1
4007 1
4007 1
4007 1
4007 1
4007 1
4007 1
4007 1
4007 1
4007 1
4007 1
4007 1
4007 1
4007 1
4007 1
4007 1
4007 1
4273 1
4273 1
4273 1
4273 1
4273 1
4273 1
4273 1
4273 1
4273 1
4273 1
4273 1
4273 1
4273 1
4273 1
4273 1
4273 1
4273 1
4273 1
4273 1
4273 1
4273 1
4273 1
4273 1
4273 1
4273 1
4273 1
4273 1
4273 1
4273 1
4273 1
4273 1
4273 1
4273 1
4273 1
4273 1
4273 1
4273 1
4273 1
4273 1
4273 1
4273 1
4273 1
4273 1
4273 1
4273 1
4363 1
4363 1
4363 1
4363 1
4363 1
4363 1
4363 1
4363 1
4363 1
4363 1
4363 1
4363 1
4363 1
4363 1
4363 1
4363 1
4363 1
4363 1
4363 1
4363 1
4363 1
4363 1
4363 1
4363 1
4363 1
4363 1
4363 1
4363 1
4363 1
4363 1
4363 1
4363 1
4363 1
4363 1
4363 1
4363 1
4363 1
4363 1
4363 1
4363 1
4363 1
4363 1
4363 1
4363 1
4363 1
10341 1
10341 1
10341 1
10341 1
10341 1
10341 1
10341 1
10341 1
10341 1
10341 1
10341 1
10341 1
10341 1
10341 1
10341 1
10341 1
10341 1
10341 1
10341 1
10341 1
10341 1
10341 1
10341 1
10341 1
10341 1
10341 1
10341 1
10341 1
10341 1
10341 1
10341 1
10341 1
10341 1
10341 1
10341 1
10341 1
10341 1
10341 1
10341 1
10341 1
10341 1
10341 1
10341 1
10341 1
10341 1
4822 1
4822 1
4822 1
4822 1
4822 1
4822 1
4822 1
4822 1
4822 1
4822 1
4822 1
4822 1
4822 1
4822 1
4822 1
4822 1
4822 1
4822 1
4822 1
4822 1
4822 1
4822 1
4822 1
4822 1
4822 1
4822 1
4822 1
4822 1
4822 1
4822 1
4822 1
4822 1
4822 1
4822 1
4822 1
4822 1
4822 1
4822 1
4822 1
4822 1
4822 1
4822 1
4822 1
4822 1
4822 1
4801 1
4801 1
4801 1
4801 1
4801 1
4801 1
4801 1
4801 1
4801 1
4801 1
4801 1
4801 1
4801 1
4801 1
4801 1
4801 1
4801 1
4801 1
4801 1
4801 1
4801 1
4801 1
4801 1
4801 1
4801 1
4801 1
4801 1
4801 1
4801 1
4801 1
4801 1
4801 1
4801 1
4801 1
4801 1
4801 1
4801 1
4801 1
4801 1
4801 1
4801 1
4801 1
4801 1
4801 1
4801 1
4981 1
4981 1
4981 1
4981 1
4981 1
4981 1
4981 1
4981 1
4981 1
4981 1
4981 1
4981 1
4981 1
4981 1
4981 1
4981 1
4981 1
4981 1
4981 1
4981 1
4981 1
4981 1
4981 1
4981 1
4981 1
4981 1
4981 1
4981 1
4981 1
4981 1
4981 1
4981 1
4981 1
4981 1
4981 1
4981 1
4981 1
4981 1
4981 1
4981 1
4981 1
4981 1
4981 1
4981 1
4981 1
4980 1
4980 1
4980 1
4980 1
4980 1
4980 1
4980 1
4980 1
4980 1
4980 1
4980 1
4980 1
4980 1
4980 1
4980 1
4980 1
4980 1
4980 1
4980 1
4980 1
4980 1
4980 1
4980 1
4980 1
4980 1
4980 1
4980 1
4980 1
4980 1
4980 1
4980 1
4980 1
4980 1
4980 1
4980 1
4980 1
4980 1
4980 1
4980 1
4980 1
4980 1
4980 1
4980 1
4980 1
4980 1
5076 1
5076 1
5076 1
5076 1
5076 1
5076 1
5076 1
5076 1
5076 1
5076 1
5076 1
5076 1
5076 1
5076 1
5076 1
5076 1
5076 1
5076 1
5076 1
5076 1
5076 1
5076 1
5076 1
5076 1
5076 1
5076 1
5076 1
5076 1
5076 1
5076 1
5076 1
5076 1
5076 1
5076 1
5076 1
5076 1
5076 1
5076 1
5076 1
5076 1
5076 1
5076 1
5076 1
5076 1
5076 1
5071 1
5071 1
5071 1
5071 1
5071 1
5071 1
5071 1
5071 1
5071 1
5071 1
5071 1
5071 1
5071 1
5071 1
5071 1
5071 1
5071 1
5071 1
5071 1
5071 1
5071 1
5071 1
5071 1
5071 1
5071 1
5071 1
5071 1
5071 1
5071 1
5071 1
5071 1
5071 1
5071 1
5071 1
5071 1
5071 1
5071 1
5071 1
5071 1
5071 1
5071 1
5071 1
5071 1
5071 1
5071 1
5159 1
5159 1
5159 1
5159 1
5159 1
5159 1
5159 1
5159 1
5159 1
5159 1
5159 1
5159 1
5159 1
5159 1
5159 1
5159 1
5159 1
5159 1
5159 1
5159 1
5159 1
5159 1
5159 1
5159 1
5159 1
5159 1
5159 1
5159 1
5159 1
5159 1
5159 1
5159 1
5159 1
5159 1
5159 1
5159 1
5159 1
5159 1
5159 1
5159 1
5159 1
5159 1
5159 1
5159 1
5159 1
5259 1
5259 1
5259 1
5259 1
5259 1
5259 1
5259 1
5259 1
5259 1
5259 1
5259 1
5259 1
5259 1
5259 1
5259 1
5259 1
5259 1
5259 1
5259 1
5259 1
5259 1
5259 1
5259 1
5259 1
5259 1
5259 1
5259 1
5259 1
5259 1
5259 1
5259 1
5259 1
5259 1
5259 1
5259 1
5259 1
5259 1
5259 1
5259 1
5259 1
5259 1
5259 1
5259 1
5259 1
5259 1
5527 1
5527 1
5527 1
5527 1
5527 1
5527 1
5527 1
5527 1
5527 1
5527 1
5527 1
5527 1
5527 1
5527 1
5527 1
5527 1
5527 1
5527 1
5527 1
5527 1
5527 1
5527 1
5527 1
5527 1
5527 1
5527 1
5527 1
5527 1
5527 1
5527 1
5527 1
5527 1
5527 1
5527 1
5527 1
5527 1
5527 1
5527 1
5527 1
5527 1
5527 1
5527 1
5527 1
5527 1
5527 1
5621 1
5621 1
5621 1
5621 1
5621 1
5621 1
5621 1
5621 1
5621 1
5621 1
5621 1
5621 1
5621 1
5621 1
5621 1
5621 1
5621 1
5621 1
5621 1
5621 1
5621 1
5621 1
5621 1
5621 1
5621 1
5621 1
5621 1
5621 1
5621 1
5621 1
5621 1
5621 1
5621 1
5621 1
5621 1
5621 1
5621 1
5621 1
5621 1
5621 1
5621 1
5621 1
5621 1
5621 1
5621 1
5619 1
5619 1
5619 1
5619 1
5619 1
5619 1
5619 1
5619 1
5619 1
5619 1
5619 1
5619 1
5619 1
5619 1
5619 1
5619 1
5619 1
5619 1
5619 1
5619 1
5619 1
5619 1
5619 1
5619 1
5619 1
5619 1
5619 1
5619 1
5619 1
5619 1
5619 1
5619 1
5619 1
5619 1
5619 1
5619 1
5619 1
5619 1
5619 1
5619 1
5619 1
5619 1
5619 1
5619 1
5619 1
5427 1
5427 1
5427 1
5427 1
5427 1
5427 1
5427 1
5427 1
5427 1
5427 1
5427 1
5427 1
5427 1
5427 1
5427 1
5427 1
5427 1
5427 1
5427 1
5427 1
5427 1
5427 1
5427 1
5427 1
5427 1
5427 1
5427 1
5427 1
5427 1
5427 1
5427 1
5427 1
5427 1
5427 1
5427 1
5427 1
5427 1
5427 1
5427 1
5427 1
5427 1
5427 1
5427 1
5427 1
5427 1
5615 1
5615 1
5615 1
5615 1
5615 1
5615 1
5615 1
5615 1
5615 1
5615 1
5615 1
5615 1
5615 1
5615 1
5615 1
5615 1
5615 1
5615 1
5615 1
5615 1
5615 1
5615 1
5615 1
5615 1
5615 1
5615 1
5615 1
5615 1
5615 1
5615 1
5615 1
5615 1
5615 1
5615 1
5615 1
5615 1
5615 1
5615 1
5615 1
5615 1
5615 1
5615 1
5615 1
5615 1
5615 1
5614 1
5614 1
5614 1
5614 1
5614 1
5614 1
5614 1
5614 1
5614 1
5614 1
5614 1
5614 1
5614 1
5614 1
5614 1
5614 1
5614 1
5614 1
5614 1
5614 1
5614 1
5614 1
5614 1
5614 1
5614 1
5614 1
5614 1
5614 1
5614 1
5614 1
5614 1
5614 1
5614 1
5614 1
5614 1
5614 1
5614 1
5614 1
5614 1
5614 1
5614 1
5614 1
5614 1
5614 1
5614 1
5517 1
5517 1
5517 1
5517 1
5517 1
5517 1
5517 1
5517 1
5517 1
5517 1
5517 1
5517 1
5517 1
5517 1
5517 1
5517 1
5517 1
5517 1
5517 1
5517 1
5517 1
5517 1
5517 1
5517 1
5517 1
5517 1
5517 1
5517 1
5517 1
5517 1
5517 1
5517 1
5517 1
5517 1
5517 1
5517 1
5517 1
5517 1
5517 1
5517 1
5517 1
5517 1
5517 1
5517 1
5517 1
5516 1
5516 1
5516 1
5516 1
5516 1
5516 1
5516 1
5516 1
5516 1
5516 1
5516 1
5516 1
5516 1
5516 1
5516 1
5516 1
5516 1
5516 1
5516 1
5516 1
5516 1
5516 1
5516 1
5516 1
5516 1
5516 1
5516 1
5516 1
5516 1
5516 1
5516 1
5516 1
5516 1
5516 1
5516 1
5516 1
5516 1
5516 1
5516 1
5516 1
5516 1
5516 1
5516 1
5516 1
5516 1
5704 1
5704 1
5704 1
5704 1
5704 1
5704 1
5704 1
5704 1
5704 1
5704 1
5704 1
5704 1
5704 1
5704 1
5704 1
5704 1
5704 1
5704 1
5704 1
5704 1
5704 1
5704 1
5704 1
5704 1
5704 1
5704 1
5704 1
5704 1
5704 1
5704 1
5704 1
5704 1
5704 1
5704 1
5704 1
5704 1
5704 1
5704 1
5704 1
5704 1
5704 1
5704 1
5704 1
5704 1
5704 1
5606 1
5606 1
5606 1
5606 1
5606 1
5606 1
5606 1
5606 1
5606 1
5606 1
5606 1
5606 1
5606 1
5606 1
5606 1
5606 1
5606 1
5606 1
5606 1
5606 1
5606 1
5606 1
5606 1
5606 1
5606 1
5606 1
5606 1
5606 1
5606 1
5606 1
5606 1
5606 1
5606 1
5606 1
5606 1
5606 1
5606 1
5606 1
5606 1
5606 1
5606 1
5606 1
5606 1
5606 1
5606 1
5605 1
5605 1
5605 1
5605 1
5605 1
5605 1
5605 1
5605 1
5605 1
5605 1
5605 1
5605 1
5605 1
5605 1
5605 1
5605 1
5605 1
5605 1
5605 1
5605 1
5605 1
5605 1
5605 1
5605 1
5605 1
5605 1
5605 1
5605 1
5605 1
5605 1
5605 1
5605 1
5605 1
5605 1
5605 1
5605 1
5605 1
5605 1
5605 1
5605 1
5605 1
5605 1
5605 1
5605 1
5605 1
5601 1
5601 1
5601 1
5601 1
5601 1
5601 1
5601 1
5601 1
5601 1
5601 1
5601 1
5601 1
5601 1
5601 1
5601 1
5601 1
5601 1
5601 1
5601 1
5601 1
5601 1
5601 1
5601 1
5601 1
5601 1
5601 1
5601 1
5601 1
5601 1
5601 1
5601 1
5601 1
5601 1
5601 1
5601 1
5601 1
5601 1
5601 1
5601 1
5601 1
5601 1
5601 1
5601 1
5601 1
5601 1
5796 1
5796 1
5796 1
5796 1
5796 1
5796 1
5796 1
5796 1
5796 1
5796 1
5796 1
5796 1
5796 1
5796 1
5796 1
5796 1
5796 1
5796 1
5796 1
5796 1
5796 1
5796 1
5796 1
5796 1
5796 1
5796 1
5796 1
5796 1
5796 1
5796 1
5796 1
5796 1
5796 1
5796 1
5796 1
5796 1
5796 1
5796 1
5796 1
5796 1
5796 1
5796 1
5796 1
5796 1
5796 1
5600 1
5600 1
5600 1
5600 1
5600 1
5600 1
5600 1
5600 1
5600 1
5600 1
5600 1
5600 1
5600 1
5600 1
5600 1
5600 1
5600 1
5600 1
5600 1
5600 1
5600 1
5600 1
5600 1
5600 1
5600 1
5600 1
5600 1
5600 1
5600 1
5600 1
5600 1
5600 1
5600 1
5600 1
5600 1
5600 1
5600 1
5600 1
5600 1
5600 1
5600 1
5600 1
5600 1
5600 1
5600 1
5793 1
5793 1
5793 1
5793 1
5793 1
5793 1
5793 1
5793 1
5793 1
5793 1
5793 1
5793 1
5793 1
5793 1
5793 1
5793 1
5793 1
5793 1
5793 1
5793 1
5793 1
5793 1
5793 1
5793 1
5793 1
5793 1
5793 1
5793 1
5793 1
5793 1
5793 1
5793 1
5793 1
5793 1
5793 1
5793 1
5793 1
5793 1
5793 1
5793 1
5793 1
5793 1
5793 1
5793 1
5793 1
5887 1
5887 1
5887 1
5887 1
5887 1
5887 1
5887 1
5887 1
5887 1
5887 1
5887 1
5887 1
5887 1
5887 1
5887 1
5887 1
5887 1
5887 1
5887 1
5887 1
5887 1
5887 1
5887 1
5887 1
5887 1
5887 1
5887 1
5887 1
5887 1
5887 1
5887 1
5887 1
5887 1
5887 1
5887 1
5887 1
5887 1
5887 1
5887 1
5887 1
5887 1
5887 1
5887 1
5887 1
5887 1
5777 1
5777 1
5777 1
5777 1
5777 1
5777 1
5777 1
5777 1
5777 1
5777 1
5777 1
5777 1
5777 1
5777 1
5777 1
5777 1
5777 1
5777 1
5777 1
5777 1
5777 1
5777 1
5777 1
5777 1
5777 1
5777 1
5777 1
5777 1
5777 1
5777 1
5777 1
5777 1
5777 1
5777 1
5777 1
5777 1
5777 1
5777 1
5777 1
5777 1
5777 1
5777 1
5777 1
5777 1
5777 1
5880 1
5880 1
5880 1
5880 1
5880 1
5880 1
5880 1
5880 1
5880 1
5880 1
5880 1
5880 1
5880 1
5880 1
5880 1
5880 1
5880 1
5880 1
5880 1
5880 1
5880 1
5880 1
5880 1
5880 1
5880 1
5880 1
5880 1
5880 1
5880 1
5880 1
5880 1
5880 1
5880 1
5880 1
5880 1
5880 1
5880 1
5880 1
5880 1
5880 1
5880 1
5880 1
5880 1
5880 1
5880 1
5879 1
5879 1
5879 1
5879 1
5879 1
5879 1
5879 1
5879 1
5879 1
5879 1
5879 1
5879 1
5879 1
5879 1
5879 1
5879 1
5879 1
5879 1
5879 1
5879 1
5879 1
5879 1
5879 1
5879 1
5879 1
5879 1
5879 1
5879 1
5879 1
5879 1
5879 1
5879 1
5879 1
5879 1
5879 1
5879 1
5879 1
5879 1
5879 1
5879 1
5879 1
5879 1
5879 1
5879 1
5879 1
5984 1
5984 1
5984 1
5984 1
5984 1
5984 1
5984 1
5984 1
5984 1
5984 1
5984 1
5984 1
5984 1
5984 1
5984 1
5984 1
5984 1
5984 1
5984 1
5984 1
5984 1
5984 1
5984 1
5984 1
5984 1
5984 1
5984 1
5984 1
5984 1
5984 1
5984 1
5984 1
5984 1
5984 1
5984 1
5984 1
5984 1
5984 1
5984 1
5984 1
5984 1
5984 1
5984 1
5984 1
5984 1
5871 1
5871 1
5871 1
5871 1
5871 1
5871 1
5871 1
5871 1
5871 1
5871 1
5871 1
5871 1
5871 1
5871 1
5871 1
5871 1
5871 1
5871 1
5871 1
5871 1
5871 1
5871 1
5871 1
5871 1
5871 1
5871 1
5871 1
5871 1
5871 1
5871 1
5871 1
5871 1
5871 1
5871 1
5871 1
5871 1
5871 1
5871 1
5871 1
5871 1
5871 1
5871 1
5871 1
5871 1
5871 1
5870 1
5870 1
5870 1
5870 1
5870 1
5870 1
5870 1
5870 1
5870 1
5870 1
5870 1
5870 1
5870 1
5870 1
5870 1
5870 1
5870 1
5870 1
5870 1
5870 1
5870 1
5870 1
5870 1
5870 1
5870 1
5870 1
5870 1
5870 1
5870 1
5870 1
5870 1
5870 1
5870 1
5870 1
5870 1
5870 1
5870 1
5870 1
5870 1
5870 1
5870 1
5870 1
5870 1
5870 1
5870 1
5976 1
5976 1
5976 1
5976 1
5976 1
5976 1
5976 1
5976 1
5976 1
5976 1
5976 1
5976 1
5976 1
5976 1
5976 1
5976 1
5976 1
5976 1
5976 1
5976 1
5976 1
5976 1
5976 1
5976 1
5976 1
5976 1
5976 1
5976 1
5976 1
5976 1
5976 1
5976 1
5976 1
5976 1
5976 1
5976 1
5976 1
5976 1
5976 1
5976 1
5976 1
5976 1
5976 1
5976 1
5976 1
6086 1
6086 1
6086 1
6086 1
6086 1
6086 1
6086 1
6086 1
6086 1
6086 1
6086 1
6086 1
6086 1
6086 1
6086 1
6086 1
6086 1
6086 1
6086 1
6086 1
6086 1
6086 1
6086 1
6086 1
6086 1
6086 1
6086 1
6086 1
6086 1
6086 1
6086 1
6086 1
6086 1
6086 1
6086 1
6086 1
6086 1
6086 1
6086 1
6086 1
6086 1
6086 1
6086 1
6086 1
6086 1
5969 1
5969 1
5969 1
5969 1
5969 1
5969 1
5969 1
5969 1
5969 1
5969 1
5969 1
5969 1
5969 1
5969 1
5969 1
5969 1
5969 1
5969 1
5969 1
5969 1
5969 1
5969 1
5969 1
5969 1
5969 1
5969 1
5969 1
5969 1
5969 1
5969 1
5969 1
5969 1
5969 1
5969 1
5969 1
5969 1
5969 1
5969 1
5969 1
5969 1
5969 1
5969 1
5969 1
5969 1
5969 1
6083 1
6083 1
6083 1
6083 1
6083 1
6083 1
6083 1
6083 1
6083 1
6083 1
6083 1
6083 1
6083 1
6083 1
6083 1
6083 1
6083 1
6083 1
6083 1
6083 1
6083 1
6083 1
6083 1
6083 1
6083 1
6083 1
6083 1
6083 1
6083 1
6083 1
6083 1
6083 1
6083 1
6083 1
6083 1
6083 1
6083 1
6083 1
6083 1
6083 1
6083 1
6083 1
6083 1
6083 1
6083 1
5968 1
5968 1
5968 1
5968 1
5968 1
5968 1
5968 1
5968 1
5968 1
5968 1
5968 1
5968 1
5968 1
5968 1
5968 1
5968 1
5968 1
5968 1
5968 1
5968 1
5968 1
5968 1
5968 1
5968 1
5968 1
5968 1
5968 1
5968 1
5968 1
5968 1
5968 1
5968 1
5968 1
5968 1
5968 1
5968 1
5968 1
5968 1
5968 1
5968 1
5968 1
5968 1
5968 1
5968 1
5968 1
6082 1
6082 1
6082 1
6082 1
6082 1
6082 1
6082 1
6082 1
6082 1
6082 1
6082 1
6082 1
6082 1
6082 1
6082 1
6082 1
6082 1
6082 1
6082 1
6082 1
6082 1
6082 1
6082 1
6082 1
6082 1
6082 1
6082 1
6082 1
6082 1
6082 1
6082 1
6082 1
6082 1
6082 1
6082 1
6082 1
6082 1
6082 1
6082 1
6082 1
6082 1
6082 1
6082 1
6082 1
6082 1
6080 1
6080 1
6080 1
6080 1
6080 1
6080 1
6080 1
6080 1
6080 1
6080 1
6080 1
6080 1
6080 1
6080 1
6080 1
6080 1
6080 1
6080 1
6080 1
6080 1
6080 1
6080 1
6080 1
6080 1
6080 1
6080 1
6080 1
6080 1
6080 1
6080 1
6080 1
6080 1
6080 1
6080 1
6080 1
6080 1
6080 1
6080 1
6080 1
6080 1
6080 1
6080 1
6080 1
6080 1
6080 1
6079 1
6079 1
6079 1
6079 1
6079 1
6079 1
6079 1
6079 1
6079 1
6079 1
6079 1
6079 1
6079 1
6079 1
6079 1
6079 1
6079 1
6079 1
6079 1
6079 1
6079 1
6079 1
6079 1
6079 1
6079 1
6079 1
6079 1
6079 1
6079 1
6079 1
6079 1
6079 1
6079 1
6079 1
6079 1
6079 1
6079 1
6079 1
6079 1
6079 1
6079 1
6079 1
6079 1
6079 1
6079 1
6077 1
6077 1
6077 1
6077 1
6077 1
6077 1
6077 1
6077 1
6077 1
6077 1
6077 1
6077 1
6077 1
6077 1
6077 1
6077 1
6077 1
6077 1
6077 1
6077 1
6077 1
6077 1
6077 1
6077 1
6077 1
6077 1
6077 1
6077 1
6077 1
6077 1
6077 1
6077 1
6077 1
6077 1
6077 1
6077 1
6077 1
6077 1
6077 1
6077 1
6077 1
6077 1
6077 1
6077 1
6077 1
6073 1
6073 1
6073 1
6073 1
6073 1
6073 1
6073 1
6073 1
6073 1
6073 1
6073 1
6073 1
6073 1
6073 1
6073 1
6073 1
6073 1
6073 1
6073 1
6073 1
6073 1
6073 1
6073 1
6073 1
6073 1
6073 1
6073 1
6073 1
6073 1
6073 1
6073 1
6073 1
6073 1
6073 1
6073 1
6073 1
6073 1
6073 1
6073 1
6073 1
6073 1
6073 1
6073 1
6073 1
6073 1
6179 1
6179 1
6179 1
6179 1
6179 1
6179 1
6179 1
6179 1
6179 1
6179 1
6179 1
6179 1
6179 1
6179 1
6179 1
6179 1
6179 1
6179 1
6179 1
6179 1
6179 1
6179 1
6179 1
6179 1
6179 1
6179 1
6179 1
6179 1
6179 1
6179 1
6179 1
6179 1
6179 1
6179 1
6179 1
6179 1
6179 1
6179 1
6179 1
6179 1
6179 1
6179 1
6179 1
6179 1
6179 1
6178 1
6178 1
6178 1
6178 1
6178 1
6178 1
6178 1
6178 1
6178 1
6178 1
6178 1
6178 1
6178 1
6178 1
6178 1
6178 1
6178 1
6178 1
6178 1
6178 1
6178 1
6178 1
6178 1
6178 1
6178 1
6178 1
6178 1
6178 1
6178 1
6178 1
6178 1
6178 1
6178 1
6178 1
6178 1
6178 1
6178 1
6178 1
6178 1
6178 1
6178 1
6178 1
6178 1
6178 1
6178 1
6177 1
6177 1
6177 1
6177 1
6177 1
6177 1
6177 1
6177 1
6177 1
6177 1
6177 1
6177 1
6177 1
6177 1
6177 1
6177 1
6177 1
6177 1
6177 1
6177 1
6177 1
6177 1
6177 1
6177 1
6177 1
6177 1
6177 1
6177 1
6177 1
6177 1
6177 1
6177 1
6177 1
6177 1
6177 1
6177 1
6177 1
6177 1
6177 1
6177 1
6177 1
6177 1
6177 1
6177 1
6177 1
6175 1
6175 1
6175 1
6175 1
6175 1
6175 1
6175 1
6175 1
6175 1
6175 1
6175 1
6175 1
6175 1
6175 1
6175 1
6175 1
6175 1
6175 1
6175 1
6175 1
6175 1
6175 1
6175 1
6175 1
6175 1
6175 1
6175 1
6175 1
6175 1
6175 1
6175 1
6175 1
6175 1
6175 1
6175 1
6175 1
6175 1
6175 1
6175 1
6175 1
6175 1
6175 1
6175 1
6175 1
6175 1
6174 1
6174 1
6174 1
6174 1
6174 1
6174 1
6174 1
6174 1
6174 1
6174 1
6174 1
6174 1
6174 1
6174 1
6174 1
6174 1
6174 1
6174 1
6174 1
6174 1
6174 1
6174 1
6174 1
6174 1
6174 1
6174 1
6174 1
6174 1
6174 1
6174 1
6174 1
6174 1
6174 1
6174 1
6174 1
6174 1
6174 1
6174 1
6174 1
6174 1
6174 1
6174 1
6174 1
6174 1
6174 1
6172 1
6172 1
6172 1
6172 1
6172 1
6172 1
6172 1
6172 1
6172 1
6172 1
6172 1
6172 1
6172 1
6172 1
6172 1
6172 1
6172 1
6172 1
6172 1
6172 1
6172 1
6172 1
6172 1
6172 1
6172 1
6172 1
6172 1
6172 1
6172 1
6172 1
6172 1
6172 1
6172 1
6172 1
6172 1
6172 1
6172 1
6172 1
6172 1
6172 1
6172 1
6172 1
6172 1
6172 1
6172 1
6274 1
6274 1
6274 1
6274 1
6274 1
6274 1
6274 1
6274 1
6274 1
6274 1
6274 1
6274 1
6274 1
6274 1
6274 1
6274 1
6274 1
6274 1
6274 1
6274 1
6274 1
6274 1
6274 1
6274 1
6274 1
6274 1
6274 1
6274 1
6274 1
6274 1
6274 1
6274 1
6274 1
6274 1
6274 1
6274 1
6274 1
6274 1
6274 1
6274 1
6274 1
6274 1
6274 1
6274 1
6274 1
6273 1
6273 1
6273 1
6273 1
6273 1
6273 1
6273 1
6273 1
6273 1
6273 1
6273 1
6273 1
6273 1
6273 1
6273 1
6273 1
6273 1
6273 1
6273 1
6273 1
6273 1
6273 1
6273 1
6273 1
6273 1
6273 1
6273 1
6273 1
6273 1
6273 1
6273 1
6273 1
6273 1
6273 1
6273 1
6273 1
6273 1
6273 1
6273 1
6273 1
6273 1
6273 1
6273 1
6273 1
6273 1
6271 1
6271 1
6271 1
6271 1
6271 1
6271 1
6271 1
6271 1
6271 1
6271 1
6271 1
6271 1
6271 1
6271 1
6271 1
6271 1
6271 1
6271 1
6271 1
6271 1
6271 1
6271 1
6271 1
6271 1
6271 1
6271 1
6271 1
6271 1
6271 1
6271 1
6271 1
6271 1
6271 1
6271 1
6271 1
6271 1
6271 1
6271 1
6271 1
6271 1
6271 1
6271 1
6271 1
6271 1
6271 1
6270 1
6270 1
6270 1
6270 1
6270 1
6270 1
6270 1
6270 1
6270 1
6270 1
6270 1
6270 1
6270 1
6270 1
6270 1
6270 1
6270 1
6270 1
6270 1
6270 1
6270 1
6270 1
6270 1
6270 1
6270 1
6270 1
6270 1
6270 1
6270 1
6270 1
6270 1
6270 1
6270 1
6270 1
6270 1
6270 1
6270 1
6270 1
6270 1
6270 1
6270 1
6270 1
6270 1
6270 1
6270 1
6269 1
6269 1
6269 1
6269 1
6269 1
6269 1
6269 1
6269 1
6269 1
6269 1
6269 1
6269 1
6269 1
6269 1
6269 1
6269 1
6269 1
6269 1
6269 1
6269 1
6269 1
6269 1
6269 1
6269 1
6269 1
6269 1
6269 1
6269 1
6269 1
6269 1
6269 1
6269 1
6269 1
6269 1
6269 1
6269 1
6269 1
6269 1
6269 1
6269 1
6269 1
6269 1
6269 1
6269 1
6269 1
6268 1
6268 1
6268 1
6268 1
6268 1
6268 1
6268 1
6268 1
6268 1
6268 1
6268 1
6268 1
6268 1
6268 1
6268 1
6268 1
6268 1
6268 1
6268 1
6268 1
6268 1
6268 1
6268 1
6268 1
6268 1
6268 1
6268 1
6268 1
6268 1
6268 1
6268 1
6268 1
6268 1
6268 1
6268 1
6268 1
6268 1
6268 1
6268 1
6268 1
6268 1
6268 1
6268 1
6268 1
6268 1
6364 1
6364 1
6364 1
6364 1
6364 1
6364 1
6364 1
6364 1
6364 1
6364 1
6364 1
6364 1
6364 1
6364 1
6364 1
6364 1
6364 1
6364 1
6364 1
6364 1
6364 1
6364 1
6364 1
6364 1
6364 1
6364 1
6364 1
6364 1
6364 1
6364 1
6364 1
6364 1
6364 1
6364 1
6364 1
6364 1
6364 1
6364 1
6364 1
6364 1
6364 1
6364 1
6364 1
6364 1
6364 1
6363 1
6363 1
6363 1
6363 1
6363 1
6363 1
6363 1
6363 1
6363 1
6363 1
6363 1
6363 1
6363 1
6363 1
6363 1
6363 1
6363 1
6363 1
6363 1
6363 1
6363 1
6363 1
6363 1
6363 1
6363 1
6363 1
6363 1
6363 1
6363 1
6363 1
6363 1
6363 1
6363 1
6363 1
6363 1
6363 1
6363 1
6363 1
6363 1
6363 1
6363 1
6363 1
6363 1
6363 1
6363 1
6361 1
6361 1
6361 1
6361 1
6361 1
6361 1
6361 1
6361 1
6361 1
6361 1
6361 1
6361 1
6361 1
6361 1
6361 1
6361 1
6361 1
6361 1
6361 1
6361 1
6361 1
6361 1
6361 1
6361 1
6361 1
6361 1
6361 1
6361 1
6361 1
6361 1
6361 1
6361 1
6361 1
6361 1
6361 1
6361 1
6361 1
6361 1
6361 1
6361 1
6361 1
6361 1
6361 1
6361 1
6361 1
6360 1
6360 1
6360 1
6360 1
6360 1
6360 1
6360 1
6360 1
6360 1
6360 1
6360 1
6360 1
6360 1
6360 1
6360 1
6360 1
6360 1
6360 1
6360 1
6360 1
6360 1
6360 1
6360 1
6360 1
6360 1
6360 1
6360 1
6360 1
6360 1
6360 1
6360 1
6360 1
6360 1
6360 1
6360 1
6360 1
6360 1
6360 1
6360 1
6360 1
6360 1
6360 1
6360 1
6360 1
6360 1
6456 1
6456 1
6456 1
6456 1
6456 1
6456 1
6456 1
6456 1
6456 1
6456 1
6456 1
6456 1
6456 1
6456 1
6456 1
6456 1
6456 1
6456 1
6456 1
6456 1
6456 1
6456 1
6456 1
6456 1
6456 1
6456 1
6456 1
6456 1
6456 1
6456 1
6456 1
6456 1
6456 1
6456 1
6456 1
6456 1
6456 1
6456 1
6456 1
6456 1
6456 1
6456 1
6456 1
6456 1
6456 1
6453 1
6453 1
6453 1
6453 1
6453 1
6453 1
6453 1
6453 1
6453 1
6453 1
6453 1
6453 1
6453 1
6453 1
6453 1
6453 1
6453 1
6453 1
6453 1
6453 1
6453 1
6453 1
6453 1
6453 1
6453 1
6453 1
6453 1
6453 1
6453 1
6453 1
6453 1
6453 1
6453 1
6453 1
6453 1
6453 1
6453 1
6453 1
6453 1
6453 1
6453 1
6453 1
6453 1
6453 1
6453 1
6452 1
6452 1
6452 1
6452 1
6452 1
6452 1
6452 1
6452 1
6452 1
6452 1
6452 1
6452 1
6452 1
6452 1
6452 1
6452 1
6452 1
6452 1
6452 1
6452 1
6452 1
6452 1
6452 1
6452 1
6452 1
6452 1
6452 1
6452 1
6452 1
6452 1
6452 1
6452 1
6452 1
6452 1
6452 1
6452 1
6452 1
6452 1
6452 1
6452 1
6452 1
6452 1
6452 1
6452 1
6452 1
6539 1
6539 1
6539 1
6539 1
6539 1
6539 1
6539 1
6539 1
6539 1
6539 1
6539 1
6539 1
6539 1
6539 1
6539 1
6539 1
6539 1
6539 1
6539 1
6539 1
6539 1
6539 1
6539 1
6539 1
6539 1
6539 1
6539 1
6539 1
6539 1
6539 1
6539 1
6539 1
6539 1
6539 1
6539 1
6539 1
6539 1
6539 1
6539 1
6539 1
6539 1
6539 1
6539 1
6539 1
6539 1
6441 1
6441 1
6441 1
6441 1
6441 1
6441 1
6441 1
6441 1
6441 1
6441 1
6441 1
6441 1
6441 1
6441 1
6441 1
6441 1
6441 1
6441 1
6441 1
6441 1
6441 1
6441 1
6441 1
6441 1
6441 1
6441 1
6441 1
6441 1
6441 1
6441 1
6441 1
6441 1
6441 1
6441 1
6441 1
6441 1
6441 1
6441 1
6441 1
6441 1
6441 1
6441 1
6441 1
6441 1
6441 1
6610 1
6610 1
6610 1
6610 1
6610 1
6610 1
6610 1
6610 1
6610 1
6610 1
6610 1
6610 1
6610 1
6610 1
6610 1
6610 1
6610 1
6610 1
6610 1
6610 1
6610 1
6610 1
6610 1
6610 1
6610 1
6610 1
6610 1
6610 1
6610 1
6610 1
6610 1
6610 1
6610 1
6610 1
6610 1
6610 1
6610 1
6610 1
6610 1
6610 1
6610 1
6610 1
6610 1
6610 1
6610 1
6847 1
6847 1
6847 1
6847 1
6847 1
6847 1
6847 1
6847 1
6847 1
6847 1
6847 1
6847 1
6847 1
6847 1
6847 1
6847 1
6847 1
6847 1
6847 1
6847 1
6847 1
6847 1
6847 1
6847 1
6847 1
6847 1
6847 1
6847 1
6847 1
6847 1
6847 1
6847 1
6847 1
6847 1
6847 1
6847 1
6847 1
6847 1
6847 1
6847 1
6847 1
6847 1
6847 1
6847 1
6847 1
6917 1
6917 1
6917 1
6917 1
6917 1
6917 1
6917 1
6917 1
6917 1
6917 1
6917 1
6917 1
6917 1
6917 1
6917 1
6917 1
6917 1
6917 1
6917 1
6917 1
6917 1
6917 1
6917 1
6917 1
6917 1
6917 1
6917 1
6917 1
6917 1
6917 1
6917 1
6917 1
6917 1
6917 1
6917 1
6917 1
6917 1
6917 1
6917 1
6917 1
6917 1
6917 1
6917 1
6917 1
6917 1
6910 1
6910 1
6910 1
6910 1
6910 1
6910 1
6910 1
6910 1
6910 1
6910 1
6910 1
6910 1
6910 1
6910 1
6910 1
6910 1
6910 1
6910 1
6910 1
6910 1
6910 1
6910 1
6910 1
6910 1
6910 1
6910 1
6910 1
6910 1
6910 1
6910 1
6910 1
6910 1
6910 1
6910 1
6910 1
6910 1
6910 1
6910 1
6910 1
6910 1
6910 1
6910 1
6910 1
6910 1
6910 1
6986 1
6986 1
6986 1
6986 1
6986 1
6986 1
6986 1
6986 1
6986 1
6986 1
6986 1
6986 1
6986 1
6986 1
6986 1
6986 1
6986 1
6986 1
6986 1
6986 1
6986 1
6986 1
6986 1
6986 1
6986 1
6986 1
6986 1
6986 1
6986 1
6986 1
6986 1
6986 1
6986 1
6986 1
6986 1
6986 1
6986 1
6986 1
6986 1
6986 1
6986 1
6986 1
6986 1
6986 1
6986 1
6985 1
6985 1
6985 1
6985 1
6985 1
6985 1
6985 1
6985 1
6985 1
6985 1
6985 1
6985 1
6985 1
6985 1
6985 1
6985 1
6985 1
6985 1
6985 1
6985 1
6985 1
6985 1
6985 1
6985 1
6985 1
6985 1
6985 1
6985 1
6985 1
6985 1
6985 1
6985 1
6985 1
6985 1
6985 1
6985 1
6985 1
6985 1
6985 1
6985 1
6985 1
6985 1
6985 1
6985 1
6985 1
7057 1
7057 1
7057 1
7057 1
7057 1
7057 1
7057 1
7057 1
7057 1
7057 1
7057 1
7057 1
7057 1
7057 1
7057 1
7057 1
7057 1
7057 1
7057 1
7057 1
7057 1
7057 1
7057 1
7057 1
7057 1
7057 1
7057 1
7057 1
7057 1
7057 1
7057 1
7057 1
7057 1
7057 1
7057 1
7057 1
7057 1
7057 1
7057 1
7057 1
7057 1
7057 1
7057 1
7057 1
7057 1
7053 1
7053 1
7053 1
7053 1
7053 1
7053 1
7053 1
7053 1
7053 1
7053 1
7053 1
7053 1
7053 1
7053 1
7053 1
7053 1
7053 1
7053 1
7053 1
7053 1
7053 1
7053 1
7053 1
7053 1
7053 1
7053 1
7053 1
7053 1
7053 1
7053 1
7053 1
7053 1
7053 1
7053 1
7053 1
7053 1
7053 1
7053 1
7053 1
7053 1
7053 1
7053 1
7053 1
7053 1
7053 1
7200 1
7200 1
7200 1
7200 1
7200 1
7200 1
7200 1
7200 1
7200 1
7200 1
7200 1
7200 1
7200 1
7200 1
7200 1
7200 1
7200 1
7200 1
7200 1
7200 1
7200 1
7200 1
7200 1
7200 1
7200 1
7200 1
7200 1
7200 1
7200 1
7200 1
7200 1
7200 1
7200 1
7200 1
7200 1
7200 1
7200 1
7200 1
7200 1
7200 1
7200 1
7200 1
7200 1
7200 1
7200 1
