pt_graph cpue_kghour
3650 0
3650 4.63503039665627
3650 4.63503039665627
3650 4.63503039665627
3650 4.63503039665627
3650 0
3650 2.47486738431394
3650 2.47486738431394
3650 2.68260171371779
3650 2.68260171371779
3650 2.68260171371779
3650 0
3650 1.40606963672547
3650 6.4928544871644
3650 6.4928544871644
3650 6.4928544871644
3650 0.86353189637128
3650 0.305598340935215
3650 3.90744919889126
3650 1.03214814796064
3650 0
3650 3.32179712817487
3650 0
3650 0
3650 9.4328385754032
3650 9.4328385754032
3650 0
3650 16.8405823185984
3650 16.8405823185984
3650 16.8405823185984
3650 3.84759237250954
3650 0
3650 29.9362771840751
3650 1015.81798032133
3650 0.60551761167694
3650 0.60551761167694
3650 8.74225147396345
3650 8.74225147396345
3650 1.06216612699686
3650 1.06216612699686
3650 1.06216612699686
3650 0.394121497985637
3650 0.394121497985637
3650 0.394121497985637
3650 2.41932465428334
3818 0
3818 4.63503039665627
3818 4.63503039665627
3818 4.63503039665627
3818 4.63503039665627
3818 0
3818 2.47486738431394
3818 2.47486738431394
3818 2.68260171371779
3818 2.68260171371779
3818 2.68260171371779
3818 0
3818 1.40606963672547
3818 6.4928544871644
3818 6.4928544871644
3818 6.4928544871644
3818 0.86353189637128
3818 0.305598340935215
3818 3.90744919889126
3818 1.03214814796064
3818 0
3818 3.32179712817487
3818 0
3818 0
3818 9.4328385754032
3818 9.4328385754032
3818 0
3818 16.8405823185984
3818 16.8405823185984
3818 16.8405823185984
3818 3.84759237250954
3818 0
3818 29.9362771840751
3818 1015.81798032133
3818 0.60551761167694
3818 0.60551761167694
3818 8.74225147396345
3818 8.74225147396345
3818 1.06216612699686
3818 1.06216612699686
3818 1.06216612699686
3818 0.394121497985637
3818 0.394121497985637
3818 0.394121497985637
3818 2.41932465428334
4101 0
4101 4.63503039665627
4101 4.63503039665627
4101 4.63503039665627
4101 4.63503039665627
4101 0
4101 2.47486738431394
4101 2.47486738431394
4101 2.68260171371779
4101 2.68260171371779
4101 2.68260171371779
4101 0
4101 1.40606963672547
4101 6.4928544871644
4101 6.4928544871644
4101 6.4928544871644
4101 0.86353189637128
4101 0.305598340935215
4101 3.90744919889126
4101 1.03214814796064
4101 0
4101 3.32179712817487
4101 0
4101 0
4101 9.4328385754032
4101 9.4328385754032
4101 0
4101 16.8405823185984
4101 16.8405823185984
4101 16.8405823185984
4101 3.84759237250954
4101 0
4101 29.9362771840751
4101 1015.81798032133
4101 0.60551761167694
4101 0.60551761167694
4101 8.74225147396345
4101 8.74225147396345
4101 1.06216612699686
4101 1.06216612699686
4101 1.06216612699686
4101 0.394121497985637
4101 0.394121497985637
4101 0.394121497985637
4101 2.41932465428334
4266 0
4266 4.63503039665627
4266 4.63503039665627
4266 4.63503039665627
4266 4.63503039665627
4266 0
4266 2.47486738431394
4266 2.47486738431394
4266 2.68260171371779
4266 2.68260171371779
4266 2.68260171371779
4266 0
4266 1.40606963672547
4266 6.4928544871644
4266 6.4928544871644
4266 6.4928544871644
4266 0.86353189637128
4266 0.305598340935215
4266 3.90744919889126
4266 1.03214814796064
4266 0
4266 3.32179712817487
4266 0
4266 0
4266 9.4328385754032
4266 9.4328385754032
4266 0
4266 16.8405823185984
4266 16.8405823185984
4266 16.8405823185984
4266 3.84759237250954
4266 0
4266 29.9362771840751
4266 1015.81798032133
4266 0.60551761167694
4266 0.60551761167694
4266 8.74225147396345
4266 8.74225147396345
4266 1.06216612699686
4266 1.06216612699686
4266 1.06216612699686
4266 0.394121497985637
4266 0.394121497985637
4266 0.394121497985637
4266 2.41932465428334
4355 0
4355 4.63503039665627
4355 4.63503039665627
4355 4.63503039665627
4355 4.63503039665627
4355 0
4355 2.47486738431394
4355 2.47486738431394
4355 2.68260171371779
4355 2.68260171371779
4355 2.68260171371779
4355 0
4355 1.40606963672547
4355 6.4928544871644
4355 6.4928544871644
4355 6.4928544871644
4355 0.86353189637128
4355 0.305598340935215
4355 3.90744919889126
4355 1.03214814796064
4355 0
4355 3.32179712817487
4355 0
4355 0
4355 9.4328385754032
4355 9.4328385754032
4355 0
4355 16.8405823185984
4355 16.8405823185984
4355 16.8405823185984
4355 3.84759237250954
4355 0
4355 29.9362771840751
4355 1015.81798032133
4355 0.60551761167694
4355 0.60551761167694
4355 8.74225147396345
4355 8.74225147396345
4355 1.06216612699686
4355 1.06216612699686
4355 1.06216612699686
4355 0.394121497985637
4355 0.394121497985637
4355 0.394121497985637
4355 2.41932465428334
4544 0
4544 4.63503039665627
4544 4.63503039665627
4544 4.63503039665627
4544 4.63503039665627
4544 0
4544 2.47486738431394
4544 2.47486738431394
4544 2.68260171371779
4544 2.68260171371779
4544 2.68260171371779
4544 0
4544 1.40606963672547
4544 6.4928544871644
4544 6.4928544871644
4544 6.4928544871644
4544 0.86353189637128
4544 0.305598340935215
4544 3.90744919889126
4544 1.03214814796064
4544 0
4544 3.32179712817487
4544 0
4544 0
4544 9.4328385754032
4544 9.4328385754032
4544 0
4544 16.8405823185984
4544 16.8405823185984
4544 16.8405823185984
4544 3.84759237250954
4544 0
4544 29.9362771840751
4544 1015.81798032133
4544 0.60551761167694
4544 0.60551761167694
4544 8.74225147396345
4544 8.74225147396345
4544 1.06216612699686
4544 1.06216612699686
4544 1.06216612699686
4544 0.394121497985637
4544 0.394121497985637
4544 0.394121497985637
4544 2.41932465428334
4348 0
4348 4.63503039665627
4348 4.63503039665627
4348 4.63503039665627
4348 4.63503039665627
4348 0
4348 2.47486738431394
4348 2.47486738431394
4348 2.68260171371779
4348 2.68260171371779
4348 2.68260171371779
4348 0
4348 1.40606963672547
4348 6.4928544871644
4348 6.4928544871644
4348 6.4928544871644
4348 0.86353189637128
4348 0.305598340935215
4348 3.90744919889126
4348 1.03214814796064
4348 0
4348 3.32179712817487
4348 0
4348 0
4348 9.4328385754032
4348 9.4328385754032
4348 0
4348 16.8405823185984
4348 16.8405823185984
4348 16.8405823185984
4348 3.84759237250954
4348 0
4348 29.9362771840751
4348 1015.81798032133
4348 0.60551761167694
4348 0.60551761167694
4348 8.74225147396345
4348 8.74225147396345
4348 1.06216612699686
4348 1.06216612699686
4348 1.06216612699686
4348 0.394121497985637
4348 0.394121497985637
4348 0.394121497985637
4348 2.41932465428334
4890 0
4890 4.63503039665627
4890 4.63503039665627
4890 4.63503039665627
4890 4.63503039665627
4890 0
4890 2.47486738431394
4890 2.47486738431394
4890 2.68260171371779
4890 2.68260171371779
4890 2.68260171371779
4890 0
4890 1.40606963672547
4890 6.4928544871644
4890 6.4928544871644
4890 6.4928544871644
4890 0.86353189637128
4890 0.305598340935215
4890 3.90744919889126
4890 1.03214814796064
4890 0
4890 3.32179712817487
4890 0
4890 0
4890 9.4328385754032
4890 9.4328385754032
4890 0
4890 16.8405823185984
4890 16.8405823185984
4890 16.8405823185984
4890 3.84759237250954
4890 0
4890 29.9362771840751
4890 1015.81798032133
4890 0.60551761167694
4890 0.60551761167694
4890 8.74225147396345
4890 8.74225147396345
4890 1.06216612699686
4890 1.06216612699686
4890 1.06216612699686
4890 0.394121497985637
4890 0.394121497985637
4890 0.394121497985637
4890 2.41932465428334
4981 0
4981 4.63503039665627
4981 4.63503039665627
4981 4.63503039665627
4981 4.63503039665627
4981 0
4981 2.47486738431394
4981 2.47486738431394
4981 2.68260171371779
4981 2.68260171371779
4981 2.68260171371779
4981 0
4981 1.40606963672547
4981 6.4928544871644
4981 6.4928544871644
4981 6.4928544871644
4981 0.86353189637128
4981 0.305598340935215
4981 3.90744919889126
4981 1.03214814796064
4981 0
4981 3.32179712817487
4981 0
4981 0
4981 9.4328385754032
4981 9.4328385754032
4981 0
4981 16.8405823185984
4981 16.8405823185984
4981 16.8405823185984
4981 3.84759237250954
4981 0
4981 29.9362771840751
4981 1015.81798032133
4981 0.60551761167694
4981 0.60551761167694
4981 8.74225147396345
4981 8.74225147396345
4981 1.06216612699686
4981 1.06216612699686
4981 1.06216612699686
4981 0.394121497985637
4981 0.394121497985637
4981 0.394121497985637
4981 2.41932465428334
4978 0
4978 4.63503039665627
4978 4.63503039665627
4978 4.63503039665627
4978 4.63503039665627
4978 0
4978 2.47486738431394
4978 2.47486738431394
4978 2.68260171371779
4978 2.68260171371779
4978 2.68260171371779
4978 0
4978 1.40606963672547
4978 6.4928544871644
4978 6.4928544871644
4978 6.4928544871644
4978 0.86353189637128
4978 0.305598340935215
4978 3.90744919889126
4978 1.03214814796064
4978 0
4978 3.32179712817487
4978 0
4978 0
4978 9.4328385754032
4978 9.4328385754032
4978 0
4978 16.8405823185984
4978 16.8405823185984
4978 16.8405823185984
4978 3.84759237250954
4978 0
4978 29.9362771840751
4978 1015.81798032133
4978 0.60551761167694
4978 0.60551761167694
4978 8.74225147396345
4978 8.74225147396345
4978 1.06216612699686
4978 1.06216612699686
4978 1.06216612699686
4978 0.394121497985637
4978 0.394121497985637
4978 0.394121497985637
4978 2.41932465428334
9794 0
9794 4.63503039665627
9794 4.63503039665627
9794 4.63503039665627
9794 4.63503039665627
9794 0
9794 2.47486738431394
9794 2.47486738431394
9794 2.68260171371779
9794 2.68260171371779
9794 2.68260171371779
9794 0
9794 1.40606963672547
9794 6.4928544871644
9794 6.4928544871644
9794 6.4928544871644
9794 0.86353189637128
9794 0.305598340935215
9794 3.90744919889126
9794 1.03214814796064
9794 0
9794 3.32179712817487
9794 0
9794 0
9794 9.4328385754032
9794 9.4328385754032
9794 0
9794 16.8405823185984
9794 16.8405823185984
9794 16.8405823185984
9794 3.84759237250954
9794 0
9794 29.9362771840751
9794 1015.81798032133
9794 0.60551761167694
9794 0.60551761167694
9794 8.74225147396345
9794 8.74225147396345
9794 1.06216612699686
9794 1.06216612699686
9794 1.06216612699686
9794 0.394121497985637
9794 0.394121497985637
9794 0.394121497985637
9794 2.41932465428334
5075 0
5075 4.63503039665627
5075 4.63503039665627
5075 4.63503039665627
5075 4.63503039665627
5075 0
5075 2.47486738431394
5075 2.47486738431394
5075 2.68260171371779
5075 2.68260171371779
5075 2.68260171371779
5075 0
5075 1.40606963672547
5075 6.4928544871644
5075 6.4928544871644
5075 6.4928544871644
5075 0.86353189637128
5075 0.305598340935215
5075 3.90744919889126
5075 1.03214814796064
5075 0
5075 3.32179712817487
5075 0
5075 0
5075 9.4328385754032
5075 9.4328385754032
5075 0
5075 16.8405823185984
5075 16.8405823185984
5075 16.8405823185984
5075 3.84759237250954
5075 0
5075 29.9362771840751
5075 1015.81798032133
5075 0.60551761167694
5075 0.60551761167694
5075 8.74225147396345
5075 8.74225147396345
5075 1.06216612699686
5075 1.06216612699686
5075 1.06216612699686
5075 0.394121497985637
5075 0.394121497985637
5075 0.394121497985637
5075 2.41932465428334
5163 0
5163 4.63503039665627
5163 4.63503039665627
5163 4.63503039665627
5163 4.63503039665627
5163 0
5163 2.47486738431394
5163 2.47486738431394
5163 2.68260171371779
5163 2.68260171371779
5163 2.68260171371779
5163 0
5163 1.40606963672547
5163 6.4928544871644
5163 6.4928544871644
5163 6.4928544871644
5163 0.86353189637128
5163 0.305598340935215
5163 3.90744919889126
5163 1.03214814796064
5163 0
5163 3.32179712817487
5163 0
5163 0
5163 9.4328385754032
5163 9.4328385754032
5163 0
5163 16.8405823185984
5163 16.8405823185984
5163 16.8405823185984
5163 3.84759237250954
5163 0
5163 29.9362771840751
5163 1015.81798032133
5163 0.60551761167694
5163 0.60551761167694
5163 8.74225147396345
5163 8.74225147396345
5163 1.06216612699686
5163 1.06216612699686
5163 1.06216612699686
5163 0.394121497985637
5163 0.394121497985637
5163 0.394121497985637
5163 2.41932465428334
5355 0
5355 4.63503039665627
5355 4.63503039665627
5355 4.63503039665627
5355 4.63503039665627
5355 0
5355 2.47486738431394
5355 2.47486738431394
5355 2.68260171371779
5355 2.68260171371779
5355 2.68260171371779
5355 0
5355 1.40606963672547
5355 6.4928544871644
5355 6.4928544871644
5355 6.4928544871644
5355 0.86353189637128
5355 0.305598340935215
5355 3.90744919889126
5355 1.03214814796064
5355 0
5355 3.32179712817487
5355 0
5355 0
5355 9.4328385754032
5355 9.4328385754032
5355 0
5355 16.8405823185984
5355 16.8405823185984
5355 16.8405823185984
5355 3.84759237250954
5355 0
5355 29.9362771840751
5355 1015.81798032133
5355 0.60551761167694
5355 0.60551761167694
5355 8.74225147396345
5355 8.74225147396345
5355 1.06216612699686
5355 1.06216612699686
5355 1.06216612699686
5355 0.394121497985637
5355 0.394121497985637
5355 0.394121497985637
5355 2.41932465428334
5344 0
5344 4.63503039665627
5344 4.63503039665627
5344 4.63503039665627
5344 4.63503039665627
5344 0
5344 2.47486738431394
5344 2.47486738431394
5344 2.68260171371779
5344 2.68260171371779
5344 2.68260171371779
5344 0
5344 1.40606963672547
5344 6.4928544871644
5344 6.4928544871644
5344 6.4928544871644
5344 0.86353189637128
5344 0.305598340935215
5344 3.90744919889126
5344 1.03214814796064
5344 0
5344 3.32179712817487
5344 0
5344 0
5344 9.4328385754032
5344 9.4328385754032
5344 0
5344 16.8405823185984
5344 16.8405823185984
5344 16.8405823185984
5344 3.84759237250954
5344 0
5344 29.9362771840751
5344 1015.81798032133
5344 0.60551761167694
5344 0.60551761167694
5344 8.74225147396345
5344 8.74225147396345
5344 1.06216612699686
5344 1.06216612699686
5344 1.06216612699686
5344 0.394121497985637
5344 0.394121497985637
5344 0.394121497985637
5344 2.41932465428334
5437 0
5437 4.63503039665627
5437 4.63503039665627
5437 4.63503039665627
5437 4.63503039665627
5437 0
5437 2.47486738431394
5437 2.47486738431394
5437 2.68260171371779
5437 2.68260171371779
5437 2.68260171371779
5437 0
5437 1.40606963672547
5437 6.4928544871644
5437 6.4928544871644
5437 6.4928544871644
5437 0.86353189637128
5437 0.305598340935215
5437 3.90744919889126
5437 1.03214814796064
5437 0
5437 3.32179712817487
5437 0
5437 0
5437 9.4328385754032
5437 9.4328385754032
5437 0
5437 16.8405823185984
5437 16.8405823185984
5437 16.8405823185984
5437 3.84759237250954
5437 0
5437 29.9362771840751
5437 1015.81798032133
5437 0.60551761167694
5437 0.60551761167694
5437 8.74225147396345
5437 8.74225147396345
5437 1.06216612699686
5437 1.06216612699686
5437 1.06216612699686
5437 0.394121497985637
5437 0.394121497985637
5437 0.394121497985637
5437 2.41932465428334
5428 0
5428 4.63503039665627
5428 4.63503039665627
5428 4.63503039665627
5428 4.63503039665627
5428 0
5428 2.47486738431394
5428 2.47486738431394
5428 2.68260171371779
5428 2.68260171371779
5428 2.68260171371779
5428 0
5428 1.40606963672547
5428 6.4928544871644
5428 6.4928544871644
5428 6.4928544871644
5428 0.86353189637128
5428 0.305598340935215
5428 3.90744919889126
5428 1.03214814796064
5428 0
5428 3.32179712817487
5428 0
5428 0
5428 9.4328385754032
5428 9.4328385754032
5428 0
5428 16.8405823185984
5428 16.8405823185984
5428 16.8405823185984
5428 3.84759237250954
5428 0
5428 29.9362771840751
5428 1015.81798032133
5428 0.60551761167694
5428 0.60551761167694
5428 8.74225147396345
5428 8.74225147396345
5428 1.06216612699686
5428 1.06216612699686
5428 1.06216612699686
5428 0.394121497985637
5428 0.394121497985637
5428 0.394121497985637
5428 2.41932465428334
5427 0
5427 4.63503039665627
5427 4.63503039665627
5427 4.63503039665627
5427 4.63503039665627
5427 0
5427 2.47486738431394
5427 2.47486738431394
5427 2.68260171371779
5427 2.68260171371779
5427 2.68260171371779
5427 0
5427 1.40606963672547
5427 6.4928544871644
5427 6.4928544871644
5427 6.4928544871644
5427 0.86353189637128
5427 0.305598340935215
5427 3.90744919889126
5427 1.03214814796064
5427 0
5427 3.32179712817487
5427 0
5427 0
5427 9.4328385754032
5427 9.4328385754032
5427 0
5427 16.8405823185984
5427 16.8405823185984
5427 16.8405823185984
5427 3.84759237250954
5427 0
5427 29.9362771840751
5427 1015.81798032133
5427 0.60551761167694
5427 0.60551761167694
5427 8.74225147396345
5427 8.74225147396345
5427 1.06216612699686
5427 1.06216612699686
5427 1.06216612699686
5427 0.394121497985637
5427 0.394121497985637
5427 0.394121497985637
5427 2.41932465428334
5618 0
5618 4.63503039665627
5618 4.63503039665627
5618 4.63503039665627
5618 4.63503039665627
5618 0
5618 2.47486738431394
5618 2.47486738431394
5618 2.68260171371779
5618 2.68260171371779
5618 2.68260171371779
5618 0
5618 1.40606963672547
5618 6.4928544871644
5618 6.4928544871644
5618 6.4928544871644
5618 0.86353189637128
5618 0.305598340935215
5618 3.90744919889126
5618 1.03214814796064
5618 0
5618 3.32179712817487
5618 0
5618 0
5618 9.4328385754032
5618 9.4328385754032
5618 0
5618 16.8405823185984
5618 16.8405823185984
5618 16.8405823185984
5618 3.84759237250954
5618 0
5618 29.9362771840751
5618 1015.81798032133
5618 0.60551761167694
5618 0.60551761167694
5618 8.74225147396345
5618 8.74225147396345
5618 1.06216612699686
5618 1.06216612699686
5618 1.06216612699686
5618 0.394121497985637
5618 0.394121497985637
5618 0.394121497985637
5618 2.41932465428334
5615 0
5615 4.63503039665627
5615 4.63503039665627
5615 4.63503039665627
5615 4.63503039665627
5615 0
5615 2.47486738431394
5615 2.47486738431394
5615 2.68260171371779
5615 2.68260171371779
5615 2.68260171371779
5615 0
5615 1.40606963672547
5615 6.4928544871644
5615 6.4928544871644
5615 6.4928544871644
5615 0.86353189637128
5615 0.305598340935215
5615 3.90744919889126
5615 1.03214814796064
5615 0
5615 3.32179712817487
5615 0
5615 0
5615 9.4328385754032
5615 9.4328385754032
5615 0
5615 16.8405823185984
5615 16.8405823185984
5615 16.8405823185984
5615 3.84759237250954
5615 0
5615 29.9362771840751
5615 1015.81798032133
5615 0.60551761167694
5615 0.60551761167694
5615 8.74225147396345
5615 8.74225147396345
5615 1.06216612699686
5615 1.06216612699686
5615 1.06216612699686
5615 0.394121497985637
5615 0.394121497985637
5615 0.394121497985637
5615 2.41932465428334
5614 0
5614 4.63503039665627
5614 4.63503039665627
5614 4.63503039665627
5614 4.63503039665627
5614 0
5614 2.47486738431394
5614 2.47486738431394
5614 2.68260171371779
5614 2.68260171371779
5614 2.68260171371779
5614 0
5614 1.40606963672547
5614 6.4928544871644
5614 6.4928544871644
5614 6.4928544871644
5614 0.86353189637128
5614 0.305598340935215
5614 3.90744919889126
5614 1.03214814796064
5614 0
5614 3.32179712817487
5614 0
5614 0
5614 9.4328385754032
5614 9.4328385754032
5614 0
5614 16.8405823185984
5614 16.8405823185984
5614 16.8405823185984
5614 3.84759237250954
5614 0
5614 29.9362771840751
5614 1015.81798032133
5614 0.60551761167694
5614 0.60551761167694
5614 8.74225147396345
5614 8.74225147396345
5614 1.06216612699686
5614 1.06216612699686
5614 1.06216612699686
5614 0.394121497985637
5614 0.394121497985637
5614 0.394121497985637
5614 2.41932465428334
5518 0
5518 4.63503039665627
5518 4.63503039665627
5518 4.63503039665627
5518 4.63503039665627
5518 0
5518 2.47486738431394
5518 2.47486738431394
5518 2.68260171371779
5518 2.68260171371779
5518 2.68260171371779
5518 0
5518 1.40606963672547
5518 6.4928544871644
5518 6.4928544871644
5518 6.4928544871644
5518 0.86353189637128
5518 0.305598340935215
5518 3.90744919889126
5518 1.03214814796064
5518 0
5518 3.32179712817487
5518 0
5518 0
5518 9.4328385754032
5518 9.4328385754032
5518 0
5518 16.8405823185984
5518 16.8405823185984
5518 16.8405823185984
5518 3.84759237250954
5518 0
5518 29.9362771840751
5518 1015.81798032133
5518 0.60551761167694
5518 0.60551761167694
5518 8.74225147396345
5518 8.74225147396345
5518 1.06216612699686
5518 1.06216612699686
5518 1.06216612699686
5518 0.394121497985637
5518 0.394121497985637
5518 0.394121497985637
5518 2.41932465428334
5517 0
5517 4.63503039665627
5517 4.63503039665627
5517 4.63503039665627
5517 4.63503039665627
5517 0
5517 2.47486738431394
5517 2.47486738431394
5517 2.68260171371779
5517 2.68260171371779
5517 2.68260171371779
5517 0
5517 1.40606963672547
5517 6.4928544871644
5517 6.4928544871644
5517 6.4928544871644
5517 0.86353189637128
5517 0.305598340935215
5517 3.90744919889126
5517 1.03214814796064
5517 0
5517 3.32179712817487
5517 0
5517 0
5517 9.4328385754032
5517 9.4328385754032
5517 0
5517 16.8405823185984
5517 16.8405823185984
5517 16.8405823185984
5517 3.84759237250954
5517 0
5517 29.9362771840751
5517 1015.81798032133
5517 0.60551761167694
5517 0.60551761167694
5517 8.74225147396345
5517 8.74225147396345
5517 1.06216612699686
5517 1.06216612699686
5517 1.06216612699686
5517 0.394121497985637
5517 0.394121497985637
5517 0.394121497985637
5517 2.41932465428334
5515 0
5515 4.63503039665627
5515 4.63503039665627
5515 4.63503039665627
5515 4.63503039665627
5515 0
5515 2.47486738431394
5515 2.47486738431394
5515 2.68260171371779
5515 2.68260171371779
5515 2.68260171371779
5515 0
5515 1.40606963672547
5515 6.4928544871644
5515 6.4928544871644
5515 6.4928544871644
5515 0.86353189637128
5515 0.305598340935215
5515 3.90744919889126
5515 1.03214814796064
5515 0
5515 3.32179712817487
5515 0
5515 0
5515 9.4328385754032
5515 9.4328385754032
5515 0
5515 16.8405823185984
5515 16.8405823185984
5515 16.8405823185984
5515 3.84759237250954
5515 0
5515 29.9362771840751
5515 1015.81798032133
5515 0.60551761167694
5515 0.60551761167694
5515 8.74225147396345
5515 8.74225147396345
5515 1.06216612699686
5515 1.06216612699686
5515 1.06216612699686
5515 0.394121497985637
5515 0.394121497985637
5515 0.394121497985637
5515 2.41932465428334
5511 0
5511 4.63503039665627
5511 4.63503039665627
5511 4.63503039665627
5511 4.63503039665627
5511 0
5511 2.47486738431394
5511 2.47486738431394
5511 2.68260171371779
5511 2.68260171371779
5511 2.68260171371779
5511 0
5511 1.40606963672547
5511 6.4928544871644
5511 6.4928544871644
5511 6.4928544871644
5511 0.86353189637128
5511 0.305598340935215
5511 3.90744919889126
5511 1.03214814796064
5511 0
5511 3.32179712817487
5511 0
5511 0
5511 9.4328385754032
5511 9.4328385754032
5511 0
5511 16.8405823185984
5511 16.8405823185984
5511 16.8405823185984
5511 3.84759237250954
5511 0
5511 29.9362771840751
5511 1015.81798032133
5511 0.60551761167694
5511 0.60551761167694
5511 8.74225147396345
5511 8.74225147396345
5511 1.06216612699686
5511 1.06216612699686
5511 1.06216612699686
5511 0.394121497985637
5511 0.394121497985637
5511 0.394121497985637
5511 2.41932465428334
5510 0
5510 4.63503039665627
5510 4.63503039665627
5510 4.63503039665627
5510 4.63503039665627
5510 0
5510 2.47486738431394
5510 2.47486738431394
5510 2.68260171371779
5510 2.68260171371779
5510 2.68260171371779
5510 0
5510 1.40606963672547
5510 6.4928544871644
5510 6.4928544871644
5510 6.4928544871644
5510 0.86353189637128
5510 0.305598340935215
5510 3.90744919889126
5510 1.03214814796064
5510 0
5510 3.32179712817487
5510 0
5510 0
5510 9.4328385754032
5510 9.4328385754032
5510 0
5510 16.8405823185984
5510 16.8405823185984
5510 16.8405823185984
5510 3.84759237250954
5510 0
5510 29.9362771840751
5510 1015.81798032133
5510 0.60551761167694
5510 0.60551761167694
5510 8.74225147396345
5510 8.74225147396345
5510 1.06216612699686
5510 1.06216612699686
5510 1.06216612699686
5510 0.394121497985637
5510 0.394121497985637
5510 0.394121497985637
5510 2.41932465428334
5508 0
5508 4.63503039665627
5508 4.63503039665627
5508 4.63503039665627
5508 4.63503039665627
5508 0
5508 2.47486738431394
5508 2.47486738431394
5508 2.68260171371779
5508 2.68260171371779
5508 2.68260171371779
5508 0
5508 1.40606963672547
5508 6.4928544871644
5508 6.4928544871644
5508 6.4928544871644
5508 0.86353189637128
5508 0.305598340935215
5508 3.90744919889126
5508 1.03214814796064
5508 0
5508 3.32179712817487
5508 0
5508 0
5508 9.4328385754032
5508 9.4328385754032
5508 0
5508 16.8405823185984
5508 16.8405823185984
5508 16.8405823185984
5508 3.84759237250954
5508 0
5508 29.9362771840751
5508 1015.81798032133
5508 0.60551761167694
5508 0.60551761167694
5508 8.74225147396345
5508 8.74225147396345
5508 1.06216612699686
5508 1.06216612699686
5508 1.06216612699686
5508 0.394121497985637
5508 0.394121497985637
5508 0.394121497985637
5508 2.41932465428334
5702 0
5702 4.63503039665627
5702 4.63503039665627
5702 4.63503039665627
5702 4.63503039665627
5702 0
5702 2.47486738431394
5702 2.47486738431394
5702 2.68260171371779
5702 2.68260171371779
5702 2.68260171371779
5702 0
5702 1.40606963672547
5702 6.4928544871644
5702 6.4928544871644
5702 6.4928544871644
5702 0.86353189637128
5702 0.305598340935215
5702 3.90744919889126
5702 1.03214814796064
5702 0
5702 3.32179712817487
5702 0
5702 0
5702 9.4328385754032
5702 9.4328385754032
5702 0
5702 16.8405823185984
5702 16.8405823185984
5702 16.8405823185984
5702 3.84759237250954
5702 0
5702 29.9362771840751
5702 1015.81798032133
5702 0.60551761167694
5702 0.60551761167694
5702 8.74225147396345
5702 8.74225147396345
5702 1.06216612699686
5702 1.06216612699686
5702 1.06216612699686
5702 0.394121497985637
5702 0.394121497985637
5702 0.394121497985637
5702 2.41932465428334
5606 0
5606 4.63503039665627
5606 4.63503039665627
5606 4.63503039665627
5606 4.63503039665627
5606 0
5606 2.47486738431394
5606 2.47486738431394
5606 2.68260171371779
5606 2.68260171371779
5606 2.68260171371779
5606 0
5606 1.40606963672547
5606 6.4928544871644
5606 6.4928544871644
5606 6.4928544871644
5606 0.86353189637128
5606 0.305598340935215
5606 3.90744919889126
5606 1.03214814796064
5606 0
5606 3.32179712817487
5606 0
5606 0
5606 9.4328385754032
5606 9.4328385754032
5606 0
5606 16.8405823185984
5606 16.8405823185984
5606 16.8405823185984
5606 3.84759237250954
5606 0
5606 29.9362771840751
5606 1015.81798032133
5606 0.60551761167694
5606 0.60551761167694
5606 8.74225147396345
5606 8.74225147396345
5606 1.06216612699686
5606 1.06216612699686
5606 1.06216612699686
5606 0.394121497985637
5606 0.394121497985637
5606 0.394121497985637
5606 2.41932465428334
5605 0
5605 4.63503039665627
5605 4.63503039665627
5605 4.63503039665627
5605 4.63503039665627
5605 0
5605 2.47486738431394
5605 2.47486738431394
5605 2.68260171371779
5605 2.68260171371779
5605 2.68260171371779
5605 0
5605 1.40606963672547
5605 6.4928544871644
5605 6.4928544871644
5605 6.4928544871644
5605 0.86353189637128
5605 0.305598340935215
5605 3.90744919889126
5605 1.03214814796064
5605 0
5605 3.32179712817487
5605 0
5605 0
5605 9.4328385754032
5605 9.4328385754032
5605 0
5605 16.8405823185984
5605 16.8405823185984
5605 16.8405823185984
5605 3.84759237250954
5605 0
5605 29.9362771840751
5605 1015.81798032133
5605 0.60551761167694
5605 0.60551761167694
5605 8.74225147396345
5605 8.74225147396345
5605 1.06216612699686
5605 1.06216612699686
5605 1.06216612699686
5605 0.394121497985637
5605 0.394121497985637
5605 0.394121497985637
5605 2.41932465428334
5798 0
5798 4.63503039665627
5798 4.63503039665627
5798 4.63503039665627
5798 4.63503039665627
5798 0
5798 2.47486738431394
5798 2.47486738431394
5798 2.68260171371779
5798 2.68260171371779
5798 2.68260171371779
5798 0
5798 1.40606963672547
5798 6.4928544871644
5798 6.4928544871644
5798 6.4928544871644
5798 0.86353189637128
5798 0.305598340935215
5798 3.90744919889126
5798 1.03214814796064
5798 0
5798 3.32179712817487
5798 0
5798 0
5798 9.4328385754032
5798 9.4328385754032
5798 0
5798 16.8405823185984
5798 16.8405823185984
5798 16.8405823185984
5798 3.84759237250954
5798 0
5798 29.9362771840751
5798 1015.81798032133
5798 0.60551761167694
5798 0.60551761167694
5798 8.74225147396345
5798 8.74225147396345
5798 1.06216612699686
5798 1.06216612699686
5798 1.06216612699686
5798 0.394121497985637
5798 0.394121497985637
5798 0.394121497985637
5798 2.41932465428334
5796 0
5796 4.63503039665627
5796 4.63503039665627
5796 4.63503039665627
5796 4.63503039665627
5796 0
5796 2.47486738431394
5796 2.47486738431394
5796 2.68260171371779
5796 2.68260171371779
5796 2.68260171371779
5796 0
5796 1.40606963672547
5796 6.4928544871644
5796 6.4928544871644
5796 6.4928544871644
5796 0.86353189637128
5796 0.305598340935215
5796 3.90744919889126
5796 1.03214814796064
5796 0
5796 3.32179712817487
5796 0
5796 0
5796 9.4328385754032
5796 9.4328385754032
5796 0
5796 16.8405823185984
5796 16.8405823185984
5796 16.8405823185984
5796 3.84759237250954
5796 0
5796 29.9362771840751
5796 1015.81798032133
5796 0.60551761167694
5796 0.60551761167694
5796 8.74225147396345
5796 8.74225147396345
5796 1.06216612699686
5796 1.06216612699686
5796 1.06216612699686
5796 0.394121497985637
5796 0.394121497985637
5796 0.394121497985637
5796 2.41932465428334
5600 0
5600 4.63503039665627
5600 4.63503039665627
5600 4.63503039665627
5600 4.63503039665627
5600 0
5600 2.47486738431394
5600 2.47486738431394
5600 2.68260171371779
5600 2.68260171371779
5600 2.68260171371779
5600 0
5600 1.40606963672547
5600 6.4928544871644
5600 6.4928544871644
5600 6.4928544871644
5600 0.86353189637128
5600 0.305598340935215
5600 3.90744919889126
5600 1.03214814796064
5600 0
5600 3.32179712817487
5600 0
5600 0
5600 9.4328385754032
5600 9.4328385754032
5600 0
5600 16.8405823185984
5600 16.8405823185984
5600 16.8405823185984
5600 3.84759237250954
5600 0
5600 29.9362771840751
5600 1015.81798032133
5600 0.60551761167694
5600 0.60551761167694
5600 8.74225147396345
5600 8.74225147396345
5600 1.06216612699686
5600 1.06216612699686
5600 1.06216612699686
5600 0.394121497985637
5600 0.394121497985637
5600 0.394121497985637
5600 2.41932465428334
5795 0
5795 4.63503039665627
5795 4.63503039665627
5795 4.63503039665627
5795 4.63503039665627
5795 0
5795 2.47486738431394
5795 2.47486738431394
5795 2.68260171371779
5795 2.68260171371779
5795 2.68260171371779
5795 0
5795 1.40606963672547
5795 6.4928544871644
5795 6.4928544871644
5795 6.4928544871644
5795 0.86353189637128
5795 0.305598340935215
5795 3.90744919889126
5795 1.03214814796064
5795 0
5795 3.32179712817487
5795 0
5795 0
5795 9.4328385754032
5795 9.4328385754032
5795 0
5795 16.8405823185984
5795 16.8405823185984
5795 16.8405823185984
5795 3.84759237250954
5795 0
5795 29.9362771840751
5795 1015.81798032133
5795 0.60551761167694
5795 0.60551761167694
5795 8.74225147396345
5795 8.74225147396345
5795 1.06216612699686
5795 1.06216612699686
5795 1.06216612699686
5795 0.394121497985637
5795 0.394121497985637
5795 0.394121497985637
5795 2.41932465428334
9810 0
9810 4.63503039665627
9810 4.63503039665627
9810 4.63503039665627
9810 4.63503039665627
9810 0
9810 2.47486738431394
9810 2.47486738431394
9810 2.68260171371779
9810 2.68260171371779
9810 2.68260171371779
9810 0
9810 1.40606963672547
9810 6.4928544871644
9810 6.4928544871644
9810 6.4928544871644
9810 0.86353189637128
9810 0.305598340935215
9810 3.90744919889126
9810 1.03214814796064
9810 0
9810 3.32179712817487
9810 0
9810 0
9810 9.4328385754032
9810 9.4328385754032
9810 0
9810 16.8405823185984
9810 16.8405823185984
9810 16.8405823185984
9810 3.84759237250954
9810 0
9810 29.9362771840751
9810 1015.81798032133
9810 0.60551761167694
9810 0.60551761167694
9810 8.74225147396345
9810 8.74225147396345
9810 1.06216612699686
9810 1.06216612699686
9810 1.06216612699686
9810 0.394121497985637
9810 0.394121497985637
9810 0.394121497985637
9810 2.41932465428334
5591 0
5591 4.63503039665627
5591 4.63503039665627
5591 4.63503039665627
5591 4.63503039665627
5591 0
5591 2.47486738431394
5591 2.47486738431394
5591 2.68260171371779
5591 2.68260171371779
5591 2.68260171371779
5591 0
5591 1.40606963672547
5591 6.4928544871644
5591 6.4928544871644
5591 6.4928544871644
5591 0.86353189637128
5591 0.305598340935215
5591 3.90744919889126
5591 1.03214814796064
5591 0
5591 3.32179712817487
5591 0
5591 0
5591 9.4328385754032
5591 9.4328385754032
5591 0
5591 16.8405823185984
5591 16.8405823185984
5591 16.8405823185984
5591 3.84759237250954
5591 0
5591 29.9362771840751
5591 1015.81798032133
5591 0.60551761167694
5591 0.60551761167694
5591 8.74225147396345
5591 8.74225147396345
5591 1.06216612699686
5591 1.06216612699686
5591 1.06216612699686
5591 0.394121497985637
5591 0.394121497985637
5591 0.394121497985637
5591 2.41932465428334
5792 0
5792 4.63503039665627
5792 4.63503039665627
5792 4.63503039665627
5792 4.63503039665627
5792 0
5792 2.47486738431394
5792 2.47486738431394
5792 2.68260171371779
5792 2.68260171371779
5792 2.68260171371779
5792 0
5792 1.40606963672547
5792 6.4928544871644
5792 6.4928544871644
5792 6.4928544871644
5792 0.86353189637128
5792 0.305598340935215
5792 3.90744919889126
5792 1.03214814796064
5792 0
5792 3.32179712817487
5792 0
5792 0
5792 9.4328385754032
5792 9.4328385754032
5792 0
5792 16.8405823185984
5792 16.8405823185984
5792 16.8405823185984
5792 3.84759237250954
5792 0
5792 29.9362771840751
5792 1015.81798032133
5792 0.60551761167694
5792 0.60551761167694
5792 8.74225147396345
5792 8.74225147396345
5792 1.06216612699686
5792 1.06216612699686
5792 1.06216612699686
5792 0.394121497985637
5792 0.394121497985637
5792 0.394121497985637
5792 2.41932465428334
5689 0
5689 4.63503039665627
5689 4.63503039665627
5689 4.63503039665627
5689 4.63503039665627
5689 0
5689 2.47486738431394
5689 2.47486738431394
5689 2.68260171371779
5689 2.68260171371779
5689 2.68260171371779
5689 0
5689 1.40606963672547
5689 6.4928544871644
5689 6.4928544871644
5689 6.4928544871644
5689 0.86353189637128
5689 0.305598340935215
5689 3.90744919889126
5689 1.03214814796064
5689 0
5689 3.32179712817487
5689 0
5689 0
5689 9.4328385754032
5689 9.4328385754032
5689 0
5689 16.8405823185984
5689 16.8405823185984
5689 16.8405823185984
5689 3.84759237250954
5689 0
5689 29.9362771840751
5689 1015.81798032133
5689 0.60551761167694
5689 0.60551761167694
5689 8.74225147396345
5689 8.74225147396345
5689 1.06216612699686
5689 1.06216612699686
5689 1.06216612699686
5689 0.394121497985637
5689 0.394121497985637
5689 0.394121497985637
5689 2.41932465428334
5887 0
5887 4.63503039665627
5887 4.63503039665627
5887 4.63503039665627
5887 4.63503039665627
5887 0
5887 2.47486738431394
5887 2.47486738431394
5887 2.68260171371779
5887 2.68260171371779
5887 2.68260171371779
5887 0
5887 1.40606963672547
5887 6.4928544871644
5887 6.4928544871644
5887 6.4928544871644
5887 0.86353189637128
5887 0.305598340935215
5887 3.90744919889126
5887 1.03214814796064
5887 0
5887 3.32179712817487
5887 0
5887 0
5887 9.4328385754032
5887 9.4328385754032
5887 0
5887 16.8405823185984
5887 16.8405823185984
5887 16.8405823185984
5887 3.84759237250954
5887 0
5887 29.9362771840751
5887 1015.81798032133
5887 0.60551761167694
5887 0.60551761167694
5887 8.74225147396345
5887 8.74225147396345
5887 1.06216612699686
5887 1.06216612699686
5887 1.06216612699686
5887 0.394121497985637
5887 0.394121497985637
5887 0.394121497985637
5887 2.41932465428334
5778 0
5778 4.63503039665627
5778 4.63503039665627
5778 4.63503039665627
5778 4.63503039665627
5778 0
5778 2.47486738431394
5778 2.47486738431394
5778 2.68260171371779
5778 2.68260171371779
5778 2.68260171371779
5778 0
5778 1.40606963672547
5778 6.4928544871644
5778 6.4928544871644
5778 6.4928544871644
5778 0.86353189637128
5778 0.305598340935215
5778 3.90744919889126
5778 1.03214814796064
5778 0
5778 3.32179712817487
5778 0
5778 0
5778 9.4328385754032
5778 9.4328385754032
5778 0
5778 16.8405823185984
5778 16.8405823185984
5778 16.8405823185984
5778 3.84759237250954
5778 0
5778 29.9362771840751
5778 1015.81798032133
5778 0.60551761167694
5778 0.60551761167694
5778 8.74225147396345
5778 8.74225147396345
5778 1.06216612699686
5778 1.06216612699686
5778 1.06216612699686
5778 0.394121497985637
5778 0.394121497985637
5778 0.394121497985637
5778 2.41932465428334
5776 0
5776 4.63503039665627
5776 4.63503039665627
5776 4.63503039665627
5776 4.63503039665627
5776 0
5776 2.47486738431394
5776 2.47486738431394
5776 2.68260171371779
5776 2.68260171371779
5776 2.68260171371779
5776 0
5776 1.40606963672547
5776 6.4928544871644
5776 6.4928544871644
5776 6.4928544871644
5776 0.86353189637128
5776 0.305598340935215
5776 3.90744919889126
5776 1.03214814796064
5776 0
5776 3.32179712817487
5776 0
5776 0
5776 9.4328385754032
5776 9.4328385754032
5776 0
5776 16.8405823185984
5776 16.8405823185984
5776 16.8405823185984
5776 3.84759237250954
5776 0
5776 29.9362771840751
5776 1015.81798032133
5776 0.60551761167694
5776 0.60551761167694
5776 8.74225147396345
5776 8.74225147396345
5776 1.06216612699686
5776 1.06216612699686
5776 1.06216612699686
5776 0.394121497985637
5776 0.394121497985637
5776 0.394121497985637
5776 2.41932465428334
5879 0
5879 4.63503039665627
5879 4.63503039665627
5879 4.63503039665627
5879 4.63503039665627
5879 0
5879 2.47486738431394
5879 2.47486738431394
5879 2.68260171371779
5879 2.68260171371779
5879 2.68260171371779
5879 0
5879 1.40606963672547
5879 6.4928544871644
5879 6.4928544871644
5879 6.4928544871644
5879 0.86353189637128
5879 0.305598340935215
5879 3.90744919889126
5879 1.03214814796064
5879 0
5879 3.32179712817487
5879 0
5879 0
5879 9.4328385754032
5879 9.4328385754032
5879 0
5879 16.8405823185984
5879 16.8405823185984
5879 16.8405823185984
5879 3.84759237250954
5879 0
5879 29.9362771840751
5879 1015.81798032133
5879 0.60551761167694
5879 0.60551761167694
5879 8.74225147396345
5879 8.74225147396345
5879 1.06216612699686
5879 1.06216612699686
5879 1.06216612699686
5879 0.394121497985637
5879 0.394121497985637
5879 0.394121497985637
5879 2.41932465428334
5871 0
5871 4.63503039665627
5871 4.63503039665627
5871 4.63503039665627
5871 4.63503039665627
5871 0
5871 2.47486738431394
5871 2.47486738431394
5871 2.68260171371779
5871 2.68260171371779
5871 2.68260171371779
5871 0
5871 1.40606963672547
5871 6.4928544871644
5871 6.4928544871644
5871 6.4928544871644
5871 0.86353189637128
5871 0.305598340935215
5871 3.90744919889126
5871 1.03214814796064
5871 0
5871 3.32179712817487
5871 0
5871 0
5871 9.4328385754032
5871 9.4328385754032
5871 0
5871 16.8405823185984
5871 16.8405823185984
5871 16.8405823185984
5871 3.84759237250954
5871 0
5871 29.9362771840751
5871 1015.81798032133
5871 0.60551761167694
5871 0.60551761167694
5871 8.74225147396345
5871 8.74225147396345
5871 1.06216612699686
5871 1.06216612699686
5871 1.06216612699686
5871 0.394121497985637
5871 0.394121497985637
5871 0.394121497985637
5871 2.41932465428334
5976 0
5976 4.63503039665627
5976 4.63503039665627
5976 4.63503039665627
5976 4.63503039665627
5976 0
5976 2.47486738431394
5976 2.47486738431394
5976 2.68260171371779
5976 2.68260171371779
5976 2.68260171371779
5976 0
5976 1.40606963672547
5976 6.4928544871644
5976 6.4928544871644
5976 6.4928544871644
5976 0.86353189637128
5976 0.305598340935215
5976 3.90744919889126
5976 1.03214814796064
5976 0
5976 3.32179712817487
5976 0
5976 0
5976 9.4328385754032
5976 9.4328385754032
5976 0
5976 16.8405823185984
5976 16.8405823185984
5976 16.8405823185984
5976 3.84759237250954
5976 0
5976 29.9362771840751
5976 1015.81798032133
5976 0.60551761167694
5976 0.60551761167694
5976 8.74225147396345
5976 8.74225147396345
5976 1.06216612699686
5976 1.06216612699686
5976 1.06216612699686
5976 0.394121497985637
5976 0.394121497985637
5976 0.394121497985637
5976 2.41932465428334
6088 0
6088 4.63503039665627
6088 4.63503039665627
6088 4.63503039665627
6088 4.63503039665627
6088 0
6088 2.47486738431394
6088 2.47486738431394
6088 2.68260171371779
6088 2.68260171371779
6088 2.68260171371779
6088 0
6088 1.40606963672547
6088 6.4928544871644
6088 6.4928544871644
6088 6.4928544871644
6088 0.86353189637128
6088 0.305598340935215
6088 3.90744919889126
6088 1.03214814796064
6088 0
6088 3.32179712817487
6088 0
6088 0
6088 9.4328385754032
6088 9.4328385754032
6088 0
6088 16.8405823185984
6088 16.8405823185984
6088 16.8405823185984
6088 3.84759237250954
6088 0
6088 29.9362771840751
6088 1015.81798032133
6088 0.60551761167694
6088 0.60551761167694
6088 8.74225147396345
6088 8.74225147396345
6088 1.06216612699686
6088 1.06216612699686
6088 1.06216612699686
6088 0.394121497985637
6088 0.394121497985637
6088 0.394121497985637
6088 2.41932465428334
5975 0
5975 4.63503039665627
5975 4.63503039665627
5975 4.63503039665627
5975 4.63503039665627
5975 0
5975 2.47486738431394
5975 2.47486738431394
5975 2.68260171371779
5975 2.68260171371779
5975 2.68260171371779
5975 0
5975 1.40606963672547
5975 6.4928544871644
5975 6.4928544871644
5975 6.4928544871644
5975 0.86353189637128
5975 0.305598340935215
5975 3.90744919889126
5975 1.03214814796064
5975 0
5975 3.32179712817487
5975 0
5975 0
5975 9.4328385754032
5975 9.4328385754032
5975 0
5975 16.8405823185984
5975 16.8405823185984
5975 16.8405823185984
5975 3.84759237250954
5975 0
5975 29.9362771840751
5975 1015.81798032133
5975 0.60551761167694
5975 0.60551761167694
5975 8.74225147396345
5975 8.74225147396345
5975 1.06216612699686
5975 1.06216612699686
5975 1.06216612699686
5975 0.394121497985637
5975 0.394121497985637
5975 0.394121497985637
5975 2.41932465428334
5971 0
5971 4.63503039665627
5971 4.63503039665627
5971 4.63503039665627
5971 4.63503039665627
5971 0
5971 2.47486738431394
5971 2.47486738431394
5971 2.68260171371779
5971 2.68260171371779
5971 2.68260171371779
5971 0
5971 1.40606963672547
5971 6.4928544871644
5971 6.4928544871644
5971 6.4928544871644
5971 0.86353189637128
5971 0.305598340935215
5971 3.90744919889126
5971 1.03214814796064
5971 0
5971 3.32179712817487
5971 0
5971 0
5971 9.4328385754032
5971 9.4328385754032
5971 0
5971 16.8405823185984
5971 16.8405823185984
5971 16.8405823185984
5971 3.84759237250954
5971 0
5971 29.9362771840751
5971 1015.81798032133
5971 0.60551761167694
5971 0.60551761167694
5971 8.74225147396345
5971 8.74225147396345
5971 1.06216612699686
5971 1.06216612699686
5971 1.06216612699686
5971 0.394121497985637
5971 0.394121497985637
5971 0.394121497985637
5971 2.41932465428334
5969 0
5969 4.63503039665627
5969 4.63503039665627
5969 4.63503039665627
5969 4.63503039665627
5969 0
5969 2.47486738431394
5969 2.47486738431394
5969 2.68260171371779
5969 2.68260171371779
5969 2.68260171371779
5969 0
5969 1.40606963672547
5969 6.4928544871644
5969 6.4928544871644
5969 6.4928544871644
5969 0.86353189637128
5969 0.305598340935215
5969 3.90744919889126
5969 1.03214814796064
5969 0
5969 3.32179712817487
5969 0
5969 0
5969 9.4328385754032
5969 9.4328385754032
5969 0
5969 16.8405823185984
5969 16.8405823185984
5969 16.8405823185984
5969 3.84759237250954
5969 0
5969 29.9362771840751
5969 1015.81798032133
5969 0.60551761167694
5969 0.60551761167694
5969 8.74225147396345
5969 8.74225147396345
5969 1.06216612699686
5969 1.06216612699686
5969 1.06216612699686
5969 0.394121497985637
5969 0.394121497985637
5969 0.394121497985637
5969 2.41932465428334
6081 0
6081 4.63503039665627
6081 4.63503039665627
6081 4.63503039665627
6081 4.63503039665627
6081 0
6081 2.47486738431394
6081 2.47486738431394
6081 2.68260171371779
6081 2.68260171371779
6081 2.68260171371779
6081 0
6081 1.40606963672547
6081 6.4928544871644
6081 6.4928544871644
6081 6.4928544871644
6081 0.86353189637128
6081 0.305598340935215
6081 3.90744919889126
6081 1.03214814796064
6081 0
6081 3.32179712817487
6081 0
6081 0
6081 9.4328385754032
6081 9.4328385754032
6081 0
6081 16.8405823185984
6081 16.8405823185984
6081 16.8405823185984
6081 3.84759237250954
6081 0
6081 29.9362771840751
6081 1015.81798032133
6081 0.60551761167694
6081 0.60551761167694
6081 8.74225147396345
6081 8.74225147396345
6081 1.06216612699686
6081 1.06216612699686
6081 1.06216612699686
6081 0.394121497985637
6081 0.394121497985637
6081 0.394121497985637
6081 2.41932465428334
6080 0
6080 4.63503039665627
6080 4.63503039665627
6080 4.63503039665627
6080 4.63503039665627
6080 0
6080 2.47486738431394
6080 2.47486738431394
6080 2.68260171371779
6080 2.68260171371779
6080 2.68260171371779
6080 0
6080 1.40606963672547
6080 6.4928544871644
6080 6.4928544871644
6080 6.4928544871644
6080 0.86353189637128
6080 0.305598340935215
6080 3.90744919889126
6080 1.03214814796064
6080 0
6080 3.32179712817487
6080 0
6080 0
6080 9.4328385754032
6080 9.4328385754032
6080 0
6080 16.8405823185984
6080 16.8405823185984
6080 16.8405823185984
6080 3.84759237250954
6080 0
6080 29.9362771840751
6080 1015.81798032133
6080 0.60551761167694
6080 0.60551761167694
6080 8.74225147396345
6080 8.74225147396345
6080 1.06216612699686
6080 1.06216612699686
6080 1.06216612699686
6080 0.394121497985637
6080 0.394121497985637
6080 0.394121497985637
6080 2.41932465428334
6079 0
6079 4.63503039665627
6079 4.63503039665627
6079 4.63503039665627
6079 4.63503039665627
6079 0
6079 2.47486738431394
6079 2.47486738431394
6079 2.68260171371779
6079 2.68260171371779
6079 2.68260171371779
6079 0
6079 1.40606963672547
6079 6.4928544871644
6079 6.4928544871644
6079 6.4928544871644
6079 0.86353189637128
6079 0.305598340935215
6079 3.90744919889126
6079 1.03214814796064
6079 0
6079 3.32179712817487
6079 0
6079 0
6079 9.4328385754032
6079 9.4328385754032
6079 0
6079 16.8405823185984
6079 16.8405823185984
6079 16.8405823185984
6079 3.84759237250954
6079 0
6079 29.9362771840751
6079 1015.81798032133
6079 0.60551761167694
6079 0.60551761167694
6079 8.74225147396345
6079 8.74225147396345
6079 1.06216612699686
6079 1.06216612699686
6079 1.06216612699686
6079 0.394121497985637
6079 0.394121497985637
6079 0.394121497985637
6079 2.41932465428334
5960 0
5960 4.63503039665627
5960 4.63503039665627
5960 4.63503039665627
5960 4.63503039665627
5960 0
5960 2.47486738431394
5960 2.47486738431394
5960 2.68260171371779
5960 2.68260171371779
5960 2.68260171371779
5960 0
5960 1.40606963672547
5960 6.4928544871644
5960 6.4928544871644
5960 6.4928544871644
5960 0.86353189637128
5960 0.305598340935215
5960 3.90744919889126
5960 1.03214814796064
5960 0
5960 3.32179712817487
5960 0
5960 0
5960 9.4328385754032
5960 9.4328385754032
5960 0
5960 16.8405823185984
5960 16.8405823185984
5960 16.8405823185984
5960 3.84759237250954
5960 0
5960 29.9362771840751
5960 1015.81798032133
5960 0.60551761167694
5960 0.60551761167694
5960 8.74225147396345
5960 8.74225147396345
5960 1.06216612699686
5960 1.06216612699686
5960 1.06216612699686
5960 0.394121497985637
5960 0.394121497985637
5960 0.394121497985637
5960 2.41932465428334
6074 0
6074 4.63503039665627
6074 4.63503039665627
6074 4.63503039665627
6074 4.63503039665627
6074 0
6074 2.47486738431394
6074 2.47486738431394
6074 2.68260171371779
6074 2.68260171371779
6074 2.68260171371779
6074 0
6074 1.40606963672547
6074 6.4928544871644
6074 6.4928544871644
6074 6.4928544871644
6074 0.86353189637128
6074 0.305598340935215
6074 3.90744919889126
6074 1.03214814796064
6074 0
6074 3.32179712817487
6074 0
6074 0
6074 9.4328385754032
6074 9.4328385754032
6074 0
6074 16.8405823185984
6074 16.8405823185984
6074 16.8405823185984
6074 3.84759237250954
6074 0
6074 29.9362771840751
6074 1015.81798032133
6074 0.60551761167694
6074 0.60551761167694
6074 8.74225147396345
6074 8.74225147396345
6074 1.06216612699686
6074 1.06216612699686
6074 1.06216612699686
6074 0.394121497985637
6074 0.394121497985637
6074 0.394121497985637
6074 2.41932465428334
6073 0
6073 4.63503039665627
6073 4.63503039665627
6073 4.63503039665627
6073 4.63503039665627
6073 0
6073 2.47486738431394
6073 2.47486738431394
6073 2.68260171371779
6073 2.68260171371779
6073 2.68260171371779
6073 0
6073 1.40606963672547
6073 6.4928544871644
6073 6.4928544871644
6073 6.4928544871644
6073 0.86353189637128
6073 0.305598340935215
6073 3.90744919889126
6073 1.03214814796064
6073 0
6073 3.32179712817487
6073 0
6073 0
6073 9.4328385754032
6073 9.4328385754032
6073 0
6073 16.8405823185984
6073 16.8405823185984
6073 16.8405823185984
6073 3.84759237250954
6073 0
6073 29.9362771840751
6073 1015.81798032133
6073 0.60551761167694
6073 0.60551761167694
6073 8.74225147396345
6073 8.74225147396345
6073 1.06216612699686
6073 1.06216612699686
6073 1.06216612699686
6073 0.394121497985637
6073 0.394121497985637
6073 0.394121497985637
6073 2.41932465428334
6180 0
6180 4.63503039665627
6180 4.63503039665627
6180 4.63503039665627
6180 4.63503039665627
6180 0
6180 2.47486738431394
6180 2.47486738431394
6180 2.68260171371779
6180 2.68260171371779
6180 2.68260171371779
6180 0
6180 1.40606963672547
6180 6.4928544871644
6180 6.4928544871644
6180 6.4928544871644
6180 0.86353189637128
6180 0.305598340935215
6180 3.90744919889126
6180 1.03214814796064
6180 0
6180 3.32179712817487
6180 0
6180 0
6180 9.4328385754032
6180 9.4328385754032
6180 0
6180 16.8405823185984
6180 16.8405823185984
6180 16.8405823185984
6180 3.84759237250954
6180 0
6180 29.9362771840751
6180 1015.81798032133
6180 0.60551761167694
6180 0.60551761167694
6180 8.74225147396345
6180 8.74225147396345
6180 1.06216612699686
6180 1.06216612699686
6180 1.06216612699686
6180 0.394121497985637
6180 0.394121497985637
6180 0.394121497985637
6180 2.41932465428334
6179 0
6179 4.63503039665627
6179 4.63503039665627
6179 4.63503039665627
6179 4.63503039665627
6179 0
6179 2.47486738431394
6179 2.47486738431394
6179 2.68260171371779
6179 2.68260171371779
6179 2.68260171371779
6179 0
6179 1.40606963672547
6179 6.4928544871644
6179 6.4928544871644
6179 6.4928544871644
6179 0.86353189637128
6179 0.305598340935215
6179 3.90744919889126
6179 1.03214814796064
6179 0
6179 3.32179712817487
6179 0
6179 0
6179 9.4328385754032
6179 9.4328385754032
6179 0
6179 16.8405823185984
6179 16.8405823185984
6179 16.8405823185984
6179 3.84759237250954
6179 0
6179 29.9362771840751
6179 1015.81798032133
6179 0.60551761167694
6179 0.60551761167694
6179 8.74225147396345
6179 8.74225147396345
6179 1.06216612699686
6179 1.06216612699686
6179 1.06216612699686
6179 0.394121497985637
6179 0.394121497985637
6179 0.394121497985637
6179 2.41932465428334
6178 0
6178 4.63503039665627
6178 4.63503039665627
6178 4.63503039665627
6178 4.63503039665627
6178 0
6178 2.47486738431394
6178 2.47486738431394
6178 2.68260171371779
6178 2.68260171371779
6178 2.68260171371779
6178 0
6178 1.40606963672547
6178 6.4928544871644
6178 6.4928544871644
6178 6.4928544871644
6178 0.86353189637128
6178 0.305598340935215
6178 3.90744919889126
6178 1.03214814796064
6178 0
6178 3.32179712817487
6178 0
6178 0
6178 9.4328385754032
6178 9.4328385754032
6178 0
6178 16.8405823185984
6178 16.8405823185984
6178 16.8405823185984
6178 3.84759237250954
6178 0
6178 29.9362771840751
6178 1015.81798032133
6178 0.60551761167694
6178 0.60551761167694
6178 8.74225147396345
6178 8.74225147396345
6178 1.06216612699686
6178 1.06216612699686
6178 1.06216612699686
6178 0.394121497985637
6178 0.394121497985637
6178 0.394121497985637
6178 2.41932465428334
6177 0
6177 4.63503039665627
6177 4.63503039665627
6177 4.63503039665627
6177 4.63503039665627
6177 0
6177 2.47486738431394
6177 2.47486738431394
6177 2.68260171371779
6177 2.68260171371779
6177 2.68260171371779
6177 0
6177 1.40606963672547
6177 6.4928544871644
6177 6.4928544871644
6177 6.4928544871644
6177 0.86353189637128
6177 0.305598340935215
6177 3.90744919889126
6177 1.03214814796064
6177 0
6177 3.32179712817487
6177 0
6177 0
6177 9.4328385754032
6177 9.4328385754032
6177 0
6177 16.8405823185984
6177 16.8405823185984
6177 16.8405823185984
6177 3.84759237250954
6177 0
6177 29.9362771840751
6177 1015.81798032133
6177 0.60551761167694
6177 0.60551761167694
6177 8.74225147396345
6177 8.74225147396345
6177 1.06216612699686
6177 1.06216612699686
6177 1.06216612699686
6177 0.394121497985637
6177 0.394121497985637
6177 0.394121497985637
6177 2.41932465428334
6062 0
6062 4.63503039665627
6062 4.63503039665627
6062 4.63503039665627
6062 4.63503039665627
6062 0
6062 2.47486738431394
6062 2.47486738431394
6062 2.68260171371779
6062 2.68260171371779
6062 2.68260171371779
6062 0
6062 1.40606963672547
6062 6.4928544871644
6062 6.4928544871644
6062 6.4928544871644
6062 0.86353189637128
6062 0.305598340935215
6062 3.90744919889126
6062 1.03214814796064
6062 0
6062 3.32179712817487
6062 0
6062 0
6062 9.4328385754032
6062 9.4328385754032
6062 0
6062 16.8405823185984
6062 16.8405823185984
6062 16.8405823185984
6062 3.84759237250954
6062 0
6062 29.9362771840751
6062 1015.81798032133
6062 0.60551761167694
6062 0.60551761167694
6062 8.74225147396345
6062 8.74225147396345
6062 1.06216612699686
6062 1.06216612699686
6062 1.06216612699686
6062 0.394121497985637
6062 0.394121497985637
6062 0.394121497985637
6062 2.41932465428334
6175 0
6175 4.63503039665627
6175 4.63503039665627
6175 4.63503039665627
6175 4.63503039665627
6175 0
6175 2.47486738431394
6175 2.47486738431394
6175 2.68260171371779
6175 2.68260171371779
6175 2.68260171371779
6175 0
6175 1.40606963672547
6175 6.4928544871644
6175 6.4928544871644
6175 6.4928544871644
6175 0.86353189637128
6175 0.305598340935215
6175 3.90744919889126
6175 1.03214814796064
6175 0
6175 3.32179712817487
6175 0
6175 0
6175 9.4328385754032
6175 9.4328385754032
6175 0
6175 16.8405823185984
6175 16.8405823185984
6175 16.8405823185984
6175 3.84759237250954
6175 0
6175 29.9362771840751
6175 1015.81798032133
6175 0.60551761167694
6175 0.60551761167694
6175 8.74225147396345
6175 8.74225147396345
6175 1.06216612699686
6175 1.06216612699686
6175 1.06216612699686
6175 0.394121497985637
6175 0.394121497985637
6175 0.394121497985637
6175 2.41932465428334
6174 0
6174 4.63503039665627
6174 4.63503039665627
6174 4.63503039665627
6174 4.63503039665627
6174 0
6174 2.47486738431394
6174 2.47486738431394
6174 2.68260171371779
6174 2.68260171371779
6174 2.68260171371779
6174 0
6174 1.40606963672547
6174 6.4928544871644
6174 6.4928544871644
6174 6.4928544871644
6174 0.86353189637128
6174 0.305598340935215
6174 3.90744919889126
6174 1.03214814796064
6174 0
6174 3.32179712817487
6174 0
6174 0
6174 9.4328385754032
6174 9.4328385754032
6174 0
6174 16.8405823185984
6174 16.8405823185984
6174 16.8405823185984
6174 3.84759237250954
6174 0
6174 29.9362771840751
6174 1015.81798032133
6174 0.60551761167694
6174 0.60551761167694
6174 8.74225147396345
6174 8.74225147396345
6174 1.06216612699686
6174 1.06216612699686
6174 1.06216612699686
6174 0.394121497985637
6174 0.394121497985637
6174 0.394121497985637
6174 2.41932465428334
6275 0
6275 4.63503039665627
6275 4.63503039665627
6275 4.63503039665627
6275 4.63503039665627
6275 0
6275 2.47486738431394
6275 2.47486738431394
6275 2.68260171371779
6275 2.68260171371779
6275 2.68260171371779
6275 0
6275 1.40606963672547
6275 6.4928544871644
6275 6.4928544871644
6275 6.4928544871644
6275 0.86353189637128
6275 0.305598340935215
6275 3.90744919889126
6275 1.03214814796064
6275 0
6275 3.32179712817487
6275 0
6275 0
6275 9.4328385754032
6275 9.4328385754032
6275 0
6275 16.8405823185984
6275 16.8405823185984
6275 16.8405823185984
6275 3.84759237250954
6275 0
6275 29.9362771840751
6275 1015.81798032133
6275 0.60551761167694
6275 0.60551761167694
6275 8.74225147396345
6275 8.74225147396345
6275 1.06216612699686
6275 1.06216612699686
6275 1.06216612699686
6275 0.394121497985637
6275 0.394121497985637
6275 0.394121497985637
6275 2.41932465428334
6274 0
6274 4.63503039665627
6274 4.63503039665627
6274 4.63503039665627
6274 4.63503039665627
6274 0
6274 2.47486738431394
6274 2.47486738431394
6274 2.68260171371779
6274 2.68260171371779
6274 2.68260171371779
6274 0
6274 1.40606963672547
6274 6.4928544871644
6274 6.4928544871644
6274 6.4928544871644
6274 0.86353189637128
6274 0.305598340935215
6274 3.90744919889126
6274 1.03214814796064
6274 0
6274 3.32179712817487
6274 0
6274 0
6274 9.4328385754032
6274 9.4328385754032
6274 0
6274 16.8405823185984
6274 16.8405823185984
6274 16.8405823185984
6274 3.84759237250954
6274 0
6274 29.9362771840751
6274 1015.81798032133
6274 0.60551761167694
6274 0.60551761167694
6274 8.74225147396345
6274 8.74225147396345
6274 1.06216612699686
6274 1.06216612699686
6274 1.06216612699686
6274 0.394121497985637
6274 0.394121497985637
6274 0.394121497985637
6274 2.41932465428334
6273 0
6273 4.63503039665627
6273 4.63503039665627
6273 4.63503039665627
6273 4.63503039665627
6273 0
6273 2.47486738431394
6273 2.47486738431394
6273 2.68260171371779
6273 2.68260171371779
6273 2.68260171371779
6273 0
6273 1.40606963672547
6273 6.4928544871644
6273 6.4928544871644
6273 6.4928544871644
6273 0.86353189637128
6273 0.305598340935215
6273 3.90744919889126
6273 1.03214814796064
6273 0
6273 3.32179712817487
6273 0
6273 0
6273 9.4328385754032
6273 9.4328385754032
6273 0
6273 16.8405823185984
6273 16.8405823185984
6273 16.8405823185984
6273 3.84759237250954
6273 0
6273 29.9362771840751
6273 1015.81798032133
6273 0.60551761167694
6273 0.60551761167694
6273 8.74225147396345
6273 8.74225147396345
6273 1.06216612699686
6273 1.06216612699686
6273 1.06216612699686
6273 0.394121497985637
6273 0.394121497985637
6273 0.394121497985637
6273 2.41932465428334
6271 0
6271 4.63503039665627
6271 4.63503039665627
6271 4.63503039665627
6271 4.63503039665627
6271 0
6271 2.47486738431394
6271 2.47486738431394
6271 2.68260171371779
6271 2.68260171371779
6271 2.68260171371779
6271 0
6271 1.40606963672547
6271 6.4928544871644
6271 6.4928544871644
6271 6.4928544871644
6271 0.86353189637128
6271 0.305598340935215
6271 3.90744919889126
6271 1.03214814796064
6271 0
6271 3.32179712817487
6271 0
6271 0
6271 9.4328385754032
6271 9.4328385754032
6271 0
6271 16.8405823185984
6271 16.8405823185984
6271 16.8405823185984
6271 3.84759237250954
6271 0
6271 29.9362771840751
6271 1015.81798032133
6271 0.60551761167694
6271 0.60551761167694
6271 8.74225147396345
6271 8.74225147396345
6271 1.06216612699686
6271 1.06216612699686
6271 1.06216612699686
6271 0.394121497985637
6271 0.394121497985637
6271 0.394121497985637
6271 2.41932465428334
6270 0
6270 4.63503039665627
6270 4.63503039665627
6270 4.63503039665627
6270 4.63503039665627
6270 0
6270 2.47486738431394
6270 2.47486738431394
6270 2.68260171371779
6270 2.68260171371779
6270 2.68260171371779
6270 0
6270 1.40606963672547
6270 6.4928544871644
6270 6.4928544871644
6270 6.4928544871644
6270 0.86353189637128
6270 0.305598340935215
6270 3.90744919889126
6270 1.03214814796064
6270 0
6270 3.32179712817487
6270 0
6270 0
6270 9.4328385754032
6270 9.4328385754032
6270 0
6270 16.8405823185984
6270 16.8405823185984
6270 16.8405823185984
6270 3.84759237250954
6270 0
6270 29.9362771840751
6270 1015.81798032133
6270 0.60551761167694
6270 0.60551761167694
6270 8.74225147396345
6270 8.74225147396345
6270 1.06216612699686
6270 1.06216612699686
6270 1.06216612699686
6270 0.394121497985637
6270 0.394121497985637
6270 0.394121497985637
6270 2.41932465428334
6269 0
6269 4.63503039665627
6269 4.63503039665627
6269 4.63503039665627
6269 4.63503039665627
6269 0
6269 2.47486738431394
6269 2.47486738431394
6269 2.68260171371779
6269 2.68260171371779
6269 2.68260171371779
6269 0
6269 1.40606963672547
6269 6.4928544871644
6269 6.4928544871644
6269 6.4928544871644
6269 0.86353189637128
6269 0.305598340935215
6269 3.90744919889126
6269 1.03214814796064
6269 0
6269 3.32179712817487
6269 0
6269 0
6269 9.4328385754032
6269 9.4328385754032
6269 0
6269 16.8405823185984
6269 16.8405823185984
6269 16.8405823185984
6269 3.84759237250954
6269 0
6269 29.9362771840751
6269 1015.81798032133
6269 0.60551761167694
6269 0.60551761167694
6269 8.74225147396345
6269 8.74225147396345
6269 1.06216612699686
6269 1.06216612699686
6269 1.06216612699686
6269 0.394121497985637
6269 0.394121497985637
6269 0.394121497985637
6269 2.41932465428334
6268 0
6268 4.63503039665627
6268 4.63503039665627
6268 4.63503039665627
6268 4.63503039665627
6268 0
6268 2.47486738431394
6268 2.47486738431394
6268 2.68260171371779
6268 2.68260171371779
6268 2.68260171371779
6268 0
6268 1.40606963672547
6268 6.4928544871644
6268 6.4928544871644
6268 6.4928544871644
6268 0.86353189637128
6268 0.305598340935215
6268 3.90744919889126
6268 1.03214814796064
6268 0
6268 3.32179712817487
6268 0
6268 0
6268 9.4328385754032
6268 9.4328385754032
6268 0
6268 16.8405823185984
6268 16.8405823185984
6268 16.8405823185984
6268 3.84759237250954
6268 0
6268 29.9362771840751
6268 1015.81798032133
6268 0.60551761167694
6268 0.60551761167694
6268 8.74225147396345
6268 8.74225147396345
6268 1.06216612699686
6268 1.06216612699686
6268 1.06216612699686
6268 0.394121497985637
6268 0.394121497985637
6268 0.394121497985637
6268 2.41932465428334
6267 0
6267 4.63503039665627
6267 4.63503039665627
6267 4.63503039665627
6267 4.63503039665627
6267 0
6267 2.47486738431394
6267 2.47486738431394
6267 2.68260171371779
6267 2.68260171371779
6267 2.68260171371779
6267 0
6267 1.40606963672547
6267 6.4928544871644
6267 6.4928544871644
6267 6.4928544871644
6267 0.86353189637128
6267 0.305598340935215
6267 3.90744919889126
6267 1.03214814796064
6267 0
6267 3.32179712817487
6267 0
6267 0
6267 9.4328385754032
6267 9.4328385754032
6267 0
6267 16.8405823185984
6267 16.8405823185984
6267 16.8405823185984
6267 3.84759237250954
6267 0
6267 29.9362771840751
6267 1015.81798032133
6267 0.60551761167694
6267 0.60551761167694
6267 8.74225147396345
6267 8.74225147396345
6267 1.06216612699686
6267 1.06216612699686
6267 1.06216612699686
6267 0.394121497985637
6267 0.394121497985637
6267 0.394121497985637
6267 2.41932465428334
6364 0
6364 4.63503039665627
6364 4.63503039665627
6364 4.63503039665627
6364 4.63503039665627
6364 0
6364 2.47486738431394
6364 2.47486738431394
6364 2.68260171371779
6364 2.68260171371779
6364 2.68260171371779
6364 0
6364 1.40606963672547
6364 6.4928544871644
6364 6.4928544871644
6364 6.4928544871644
6364 0.86353189637128
6364 0.305598340935215
6364 3.90744919889126
6364 1.03214814796064
6364 0
6364 3.32179712817487
6364 0
6364 0
6364 9.4328385754032
6364 9.4328385754032
6364 0
6364 16.8405823185984
6364 16.8405823185984
6364 16.8405823185984
6364 3.84759237250954
6364 0
6364 29.9362771840751
6364 1015.81798032133
6364 0.60551761167694
6364 0.60551761167694
6364 8.74225147396345
6364 8.74225147396345
6364 1.06216612699686
6364 1.06216612699686
6364 1.06216612699686
6364 0.394121497985637
6364 0.394121497985637
6364 0.394121497985637
6364 2.41932465428334
6363 0
6363 4.63503039665627
6363 4.63503039665627
6363 4.63503039665627
6363 4.63503039665627
6363 0
6363 2.47486738431394
6363 2.47486738431394
6363 2.68260171371779
6363 2.68260171371779
6363 2.68260171371779
6363 0
6363 1.40606963672547
6363 6.4928544871644
6363 6.4928544871644
6363 6.4928544871644
6363 0.86353189637128
6363 0.305598340935215
6363 3.90744919889126
6363 1.03214814796064
6363 0
6363 3.32179712817487
6363 0
6363 0
6363 9.4328385754032
6363 9.4328385754032
6363 0
6363 16.8405823185984
6363 16.8405823185984
6363 16.8405823185984
6363 3.84759237250954
6363 0
6363 29.9362771840751
6363 1015.81798032133
6363 0.60551761167694
6363 0.60551761167694
6363 8.74225147396345
6363 8.74225147396345
6363 1.06216612699686
6363 1.06216612699686
6363 1.06216612699686
6363 0.394121497985637
6363 0.394121497985637
6363 0.394121497985637
6363 2.41932465428334
6361 0
6361 4.63503039665627
6361 4.63503039665627
6361 4.63503039665627
6361 4.63503039665627
6361 0
6361 2.47486738431394
6361 2.47486738431394
6361 2.68260171371779
6361 2.68260171371779
6361 2.68260171371779
6361 0
6361 1.40606963672547
6361 6.4928544871644
6361 6.4928544871644
6361 6.4928544871644
6361 0.86353189637128
6361 0.305598340935215
6361 3.90744919889126
6361 1.03214814796064
6361 0
6361 3.32179712817487
6361 0
6361 0
6361 9.4328385754032
6361 9.4328385754032
6361 0
6361 16.8405823185984
6361 16.8405823185984
6361 16.8405823185984
6361 3.84759237250954
6361 0
6361 29.9362771840751
6361 1015.81798032133
6361 0.60551761167694
6361 0.60551761167694
6361 8.74225147396345
6361 8.74225147396345
6361 1.06216612699686
6361 1.06216612699686
6361 1.06216612699686
6361 0.394121497985637
6361 0.394121497985637
6361 0.394121497985637
6361 2.41932465428334
6360 0
6360 4.63503039665627
6360 4.63503039665627
6360 4.63503039665627
6360 4.63503039665627
6360 0
6360 2.47486738431394
6360 2.47486738431394
6360 2.68260171371779
6360 2.68260171371779
6360 2.68260171371779
6360 0
6360 1.40606963672547
6360 6.4928544871644
6360 6.4928544871644
6360 6.4928544871644
6360 0.86353189637128
6360 0.305598340935215
6360 3.90744919889126
6360 1.03214814796064
6360 0
6360 3.32179712817487
6360 0
6360 0
6360 9.4328385754032
6360 9.4328385754032
6360 0
6360 16.8405823185984
6360 16.8405823185984
6360 16.8405823185984
6360 3.84759237250954
6360 0
6360 29.9362771840751
6360 1015.81798032133
6360 0.60551761167694
6360 0.60551761167694
6360 8.74225147396345
6360 8.74225147396345
6360 1.06216612699686
6360 1.06216612699686
6360 1.06216612699686
6360 0.394121497985637
6360 0.394121497985637
6360 0.394121497985637
6360 2.41932465428334
6453 0
6453 4.63503039665627
6453 4.63503039665627
6453 4.63503039665627
6453 4.63503039665627
6453 0
6453 2.47486738431394
6453 2.47486738431394
6453 2.68260171371779
6453 2.68260171371779
6453 2.68260171371779
6453 0
6453 1.40606963672547
6453 6.4928544871644
6453 6.4928544871644
6453 6.4928544871644
6453 0.86353189637128
6453 0.305598340935215
6453 3.90744919889126
6453 1.03214814796064
6453 0
6453 3.32179712817487
6453 0
6453 0
6453 9.4328385754032
6453 9.4328385754032
6453 0
6453 16.8405823185984
6453 16.8405823185984
6453 16.8405823185984
6453 3.84759237250954
6453 0
6453 29.9362771840751
6453 1015.81798032133
6453 0.60551761167694
6453 0.60551761167694
6453 8.74225147396345
6453 8.74225147396345
6453 1.06216612699686
6453 1.06216612699686
6453 1.06216612699686
6453 0.394121497985637
6453 0.394121497985637
6453 0.394121497985637
6453 2.41932465428334
6452 0
6452 4.63503039665627
6452 4.63503039665627
6452 4.63503039665627
6452 4.63503039665627
6452 0
6452 2.47486738431394
6452 2.47486738431394
6452 2.68260171371779
6452 2.68260171371779
6452 2.68260171371779
6452 0
6452 1.40606963672547
6452 6.4928544871644
6452 6.4928544871644
6452 6.4928544871644
6452 0.86353189637128
6452 0.305598340935215
6452 3.90744919889126
6452 1.03214814796064
6452 0
6452 3.32179712817487
6452 0
6452 0
6452 9.4328385754032
6452 9.4328385754032
6452 0
6452 16.8405823185984
6452 16.8405823185984
6452 16.8405823185984
6452 3.84759237250954
6452 0
6452 29.9362771840751
6452 1015.81798032133
6452 0.60551761167694
6452 0.60551761167694
6452 8.74225147396345
6452 8.74225147396345
6452 1.06216612699686
6452 1.06216612699686
6452 1.06216612699686
6452 0.394121497985637
6452 0.394121497985637
6452 0.394121497985637
6452 2.41932465428334
6451 0
6451 4.63503039665627
6451 4.63503039665627
6451 4.63503039665627
6451 4.63503039665627
6451 0
6451 2.47486738431394
6451 2.47486738431394
6451 2.68260171371779
6451 2.68260171371779
6451 2.68260171371779
6451 0
6451 1.40606963672547
6451 6.4928544871644
6451 6.4928544871644
6451 6.4928544871644
6451 0.86353189637128
6451 0.305598340935215
6451 3.90744919889126
6451 1.03214814796064
6451 0
6451 3.32179712817487
6451 0
6451 0
6451 9.4328385754032
6451 9.4328385754032
6451 0
6451 16.8405823185984
6451 16.8405823185984
6451 16.8405823185984
6451 3.84759237250954
6451 0
6451 29.9362771840751
6451 1015.81798032133
6451 0.60551761167694
6451 0.60551761167694
6451 8.74225147396345
6451 8.74225147396345
6451 1.06216612699686
6451 1.06216612699686
6451 1.06216612699686
6451 0.394121497985637
6451 0.394121497985637
6451 0.394121497985637
6451 2.41932465428334
6349 0
6349 4.63503039665627
6349 4.63503039665627
6349 4.63503039665627
6349 4.63503039665627
6349 0
6349 2.47486738431394
6349 2.47486738431394
6349 2.68260171371779
6349 2.68260171371779
6349 2.68260171371779
6349 0
6349 1.40606963672547
6349 6.4928544871644
6349 6.4928544871644
6349 6.4928544871644
6349 0.86353189637128
6349 0.305598340935215
6349 3.90744919889126
6349 1.03214814796064
6349 0
6349 3.32179712817487
6349 0
6349 0
6349 9.4328385754032
6349 9.4328385754032
6349 0
6349 16.8405823185984
6349 16.8405823185984
6349 16.8405823185984
6349 3.84759237250954
6349 0
6349 29.9362771840751
6349 1015.81798032133
6349 0.60551761167694
6349 0.60551761167694
6349 8.74225147396345
6349 8.74225147396345
6349 1.06216612699686
6349 1.06216612699686
6349 1.06216612699686
6349 0.394121497985637
6349 0.394121497985637
6349 0.394121497985637
6349 2.41932465428334
6536 0
6536 4.63503039665627
6536 4.63503039665627
6536 4.63503039665627
6536 4.63503039665627
6536 0
6536 2.47486738431394
6536 2.47486738431394
6536 2.68260171371779
6536 2.68260171371779
6536 2.68260171371779
6536 0
6536 1.40606963672547
6536 6.4928544871644
6536 6.4928544871644
6536 6.4928544871644
6536 0.86353189637128
6536 0.305598340935215
6536 3.90744919889126
6536 1.03214814796064
6536 0
6536 3.32179712817487
6536 0
6536 0
6536 9.4328385754032
6536 9.4328385754032
6536 0
6536 16.8405823185984
6536 16.8405823185984
6536 16.8405823185984
6536 3.84759237250954
6536 0
6536 29.9362771840751
6536 1015.81798032133
6536 0.60551761167694
6536 0.60551761167694
6536 8.74225147396345
6536 8.74225147396345
6536 1.06216612699686
6536 1.06216612699686
6536 1.06216612699686
6536 0.394121497985637
6536 0.394121497985637
6536 0.394121497985637
6536 2.41932465428334
6778 0
6778 4.63503039665627
6778 4.63503039665627
6778 4.63503039665627
6778 4.63503039665627
6778 0
6778 2.47486738431394
6778 2.47486738431394
6778 2.68260171371779
6778 2.68260171371779
6778 2.68260171371779
6778 0
6778 1.40606963672547
6778 6.4928544871644
6778 6.4928544871644
6778 6.4928544871644
6778 0.86353189637128
6778 0.305598340935215
6778 3.90744919889126
6778 1.03214814796064
6778 0
6778 3.32179712817487
6778 0
6778 0
6778 9.4328385754032
6778 9.4328385754032
6778 0
6778 16.8405823185984
6778 16.8405823185984
6778 16.8405823185984
6778 3.84759237250954
6778 0
6778 29.9362771840751
6778 1015.81798032133
6778 0.60551761167694
6778 0.60551761167694
6778 8.74225147396345
6778 8.74225147396345
6778 1.06216612699686
6778 1.06216612699686
6778 1.06216612699686
6778 0.394121497985637
6778 0.394121497985637
6778 0.394121497985637
6778 2.41932465428334
6766 0
6766 4.63503039665627
6766 4.63503039665627
6766 4.63503039665627
6766 4.63503039665627
6766 0
6766 2.47486738431394
6766 2.47486738431394
6766 2.68260171371779
6766 2.68260171371779
6766 2.68260171371779
6766 0
6766 1.40606963672547
6766 6.4928544871644
6766 6.4928544871644
6766 6.4928544871644
6766 0.86353189637128
6766 0.305598340935215
6766 3.90744919889126
6766 1.03214814796064
6766 0
6766 3.32179712817487
6766 0
6766 0
6766 9.4328385754032
6766 9.4328385754032
6766 0
6766 16.8405823185984
6766 16.8405823185984
6766 16.8405823185984
6766 3.84759237250954
6766 0
6766 29.9362771840751
6766 1015.81798032133
6766 0.60551761167694
6766 0.60551761167694
6766 8.74225147396345
6766 8.74225147396345
6766 1.06216612699686
6766 1.06216612699686
6766 1.06216612699686
6766 0.394121497985637
6766 0.394121497985637
6766 0.394121497985637
6766 2.41932465428334
7200 0
7200 4.63503039665627
7200 4.63503039665627
7200 4.63503039665627
7200 4.63503039665627
7200 0
7200 2.47486738431394
7200 2.47486738431394
7200 2.68260171371779
7200 2.68260171371779
7200 2.68260171371779
7200 0
7200 1.40606963672547
7200 6.4928544871644
7200 6.4928544871644
7200 6.4928544871644
7200 0.86353189637128
7200 0.305598340935215
7200 3.90744919889126
7200 1.03214814796064
7200 0
7200 3.32179712817487
7200 0
7200 0
7200 9.4328385754032
7200 9.4328385754032
7200 0
7200 16.8405823185984
7200 16.8405823185984
7200 16.8405823185984
7200 3.84759237250954
7200 0
7200 29.9362771840751
7200 1015.81798032133
7200 0.60551761167694
7200 0.60551761167694
7200 8.74225147396345
7200 8.74225147396345
7200 1.06216612699686
7200 1.06216612699686
7200 1.06216612699686
7200 0.394121497985637
7200 0.394121497985637
7200 0.394121497985637
7200 2.41932465428334
7196 0
7196 4.63503039665627
7196 4.63503039665627
7196 4.63503039665627
7196 4.63503039665627
7196 0
7196 2.47486738431394
7196 2.47486738431394
7196 2.68260171371779
7196 2.68260171371779
7196 2.68260171371779
7196 0
7196 1.40606963672547
7196 6.4928544871644
7196 6.4928544871644
7196 6.4928544871644
7196 0.86353189637128
7196 0.305598340935215
7196 3.90744919889126
7196 1.03214814796064
7196 0
7196 3.32179712817487
7196 0
7196 0
7196 9.4328385754032
7196 9.4328385754032
7196 0
7196 16.8405823185984
7196 16.8405823185984
7196 16.8405823185984
7196 3.84759237250954
7196 0
7196 29.9362771840751
7196 1015.81798032133
7196 0.60551761167694
7196 0.60551761167694
7196 8.74225147396345
7196 8.74225147396345
7196 1.06216612699686
7196 1.06216612699686
7196 1.06216612699686
7196 0.394121497985637
7196 0.394121497985637
7196 0.394121497985637
7196 2.41932465428334
