pt_graph shape
10350 1
10350 1
10350 1
10350 1
10350 1
10350 1
10350 1
10350 1
10350 1
10350 1
10350 1
10350 1
10350 1
10350 1
10350 1
10350 1
10350 1
10350 1
10350 1
10350 1
10350 1
10350 1
10350 1
10350 1
10350 1
10350 1
10350 1
10350 1
10350 1
10350 1
10350 1
10350 1
10350 1
10350 1
10350 1
10350 1
10350 1
10350 1
10350 1
10350 1
10350 1
10350 1
10350 1
10350 1
10350 1
4001 1
4001 1
4001 1
4001 1
4001 1
4001 1
4001 1
4001 1
4001 1
4001 1
4001 1
4001 1
4001 1
4001 1
4001 1
4001 1
4001 1
4001 1
4001 1
4001 1
4001 1
4001 1
4001 1
4001 1
4001 1
4001 1
4001 1
4001 1
4001 1
4001 1
4001 1
4001 1
4001 1
4001 1
4001 1
4001 1
4001 1
4001 1
4001 1
4001 1
4001 1
4001 1
4001 1
4001 1
4001 1
4271 1
4271 1
4271 1
4271 1
4271 1
4271 1
4271 1
4271 1
4271 1
4271 1
4271 1
4271 1
4271 1
4271 1
4271 1
4271 1
4271 1
4271 1
4271 1
4271 1
4271 1
4271 1
4271 1
4271 1
4271 1
4271 1
4271 1
4271 1
4271 1
4271 1
4271 1
4271 1
4271 1
4271 1
4271 1
4271 1
4271 1
4271 1
4271 1
4271 1
4271 1
4271 1
4271 1
4271 1
4271 1
10341 1
10341 1
10341 1
10341 1
10341 1
10341 1
10341 1
10341 1
10341 1
10341 1
10341 1
10341 1
10341 1
10341 1
10341 1
10341 1
10341 1
10341 1
10341 1
10341 1
10341 1
10341 1
10341 1
10341 1
10341 1
10341 1
10341 1
10341 1
10341 1
10341 1
10341 1
10341 1
10341 1
10341 1
10341 1
10341 1
10341 1
10341 1
10341 1
10341 1
10341 1
10341 1
10341 1
10341 1
10341 1
4362 1
4362 1
4362 1
4362 1
4362 1
4362 1
4362 1
4362 1
4362 1
4362 1
4362 1
4362 1
4362 1
4362 1
4362 1
4362 1
4362 1
4362 1
4362 1
4362 1
4362 1
4362 1
4362 1
4362 1
4362 1
4362 1
4362 1
4362 1
4362 1
4362 1
4362 1
4362 1
4362 1
4362 1
4362 1
4362 1
4362 1
4362 1
4362 1
4362 1
4362 1
4362 1
4362 1
4362 1
4362 1
4544 1
4544 1
4544 1
4544 1
4544 1
4544 1
4544 1
4544 1
4544 1
4544 1
4544 1
4544 1
4544 1
4544 1
4544 1
4544 1
4544 1
4544 1
4544 1
4544 1
4544 1
4544 1
4544 1
4544 1
4544 1
4544 1
4544 1
4544 1
4544 1
4544 1
4544 1
4544 1
4544 1
4544 1
4544 1
4544 1
4544 1
4544 1
4544 1
4544 1
4544 1
4544 1
4544 1
4544 1
4544 1
4437 1
4437 1
4437 1
4437 1
4437 1
4437 1
4437 1
4437 1
4437 1
4437 1
4437 1
4437 1
4437 1
4437 1
4437 1
4437 1
4437 1
4437 1
4437 1
4437 1
4437 1
4437 1
4437 1
4437 1
4437 1
4437 1
4437 1
4437 1
4437 1
4437 1
4437 1
4437 1
4437 1
4437 1
4437 1
4437 1
4437 1
4437 1
4437 1
4437 1
4437 1
4437 1
4437 1
4437 1
4437 1
10934 1
10934 1
10934 1
10934 1
10934 1
10934 1
10934 1
10934 1
10934 1
10934 1
10934 1
10934 1
10934 1
10934 1
10934 1
10934 1
10934 1
10934 1
10934 1
10934 1
10934 1
10934 1
10934 1
10934 1
10934 1
10934 1
10934 1
10934 1
10934 1
10934 1
10934 1
10934 1
10934 1
10934 1
10934 1
10934 1
10934 1
10934 1
10934 1
10934 1
10934 1
10934 1
10934 1
10934 1
10934 1
4533 1
4533 1
4533 1
4533 1
4533 1
4533 1
4533 1
4533 1
4533 1
4533 1
4533 1
4533 1
4533 1
4533 1
4533 1
4533 1
4533 1
4533 1
4533 1
4533 1
4533 1
4533 1
4533 1
4533 1
4533 1
4533 1
4533 1
4533 1
4533 1
4533 1
4533 1
4533 1
4533 1
4533 1
4533 1
4533 1
4533 1
4533 1
4533 1
4533 1
4533 1
4533 1
4533 1
4533 1
4533 1
4711 1
4711 1
4711 1
4711 1
4711 1
4711 1
4711 1
4711 1
4711 1
4711 1
4711 1
4711 1
4711 1
4711 1
4711 1
4711 1
4711 1
4711 1
4711 1
4711 1
4711 1
4711 1
4711 1
4711 1
4711 1
4711 1
4711 1
4711 1
4711 1
4711 1
4711 1
4711 1
4711 1
4711 1
4711 1
4711 1
4711 1
4711 1
4711 1
4711 1
4711 1
4711 1
4711 1
4711 1
4711 1
5089 1
5089 1
5089 1
5089 1
5089 1
5089 1
5089 1
5089 1
5089 1
5089 1
5089 1
5089 1
5089 1
5089 1
5089 1
5089 1
5089 1
5089 1
5089 1
5089 1
5089 1
5089 1
5089 1
5089 1
5089 1
5089 1
5089 1
5089 1
5089 1
5089 1
5089 1
5089 1
5089 1
5089 1
5089 1
5089 1
5089 1
5089 1
5089 1
5089 1
5089 1
5089 1
5089 1
5089 1
5089 1
4890 1
4890 1
4890 1
4890 1
4890 1
4890 1
4890 1
4890 1
4890 1
4890 1
4890 1
4890 1
4890 1
4890 1
4890 1
4890 1
4890 1
4890 1
4890 1
4890 1
4890 1
4890 1
4890 1
4890 1
4890 1
4890 1
4890 1
4890 1
4890 1
4890 1
4890 1
4890 1
4890 1
4890 1
4890 1
4890 1
4890 1
4890 1
4890 1
4890 1
4890 1
4890 1
4890 1
4890 1
4890 1
4981 1
4981 1
4981 1
4981 1
4981 1
4981 1
4981 1
4981 1
4981 1
4981 1
4981 1
4981 1
4981 1
4981 1
4981 1
4981 1
4981 1
4981 1
4981 1
4981 1
4981 1
4981 1
4981 1
4981 1
4981 1
4981 1
4981 1
4981 1
4981 1
4981 1
4981 1
4981 1
4981 1
4981 1
4981 1
4981 1
4981 1
4981 1
4981 1
4981 1
4981 1
4981 1
4981 1
4981 1
4981 1
4980 1
4980 1
4980 1
4980 1
4980 1
4980 1
4980 1
4980 1
4980 1
4980 1
4980 1
4980 1
4980 1
4980 1
4980 1
4980 1
4980 1
4980 1
4980 1
4980 1
4980 1
4980 1
4980 1
4980 1
4980 1
4980 1
4980 1
4980 1
4980 1
4980 1
4980 1
4980 1
4980 1
4980 1
4980 1
4980 1
4980 1
4980 1
4980 1
4980 1
4980 1
4980 1
4980 1
4980 1
4980 1
5071 1
5071 1
5071 1
5071 1
5071 1
5071 1
5071 1
5071 1
5071 1
5071 1
5071 1
5071 1
5071 1
5071 1
5071 1
5071 1
5071 1
5071 1
5071 1
5071 1
5071 1
5071 1
5071 1
5071 1
5071 1
5071 1
5071 1
5071 1
5071 1
5071 1
5071 1
5071 1
5071 1
5071 1
5071 1
5071 1
5071 1
5071 1
5071 1
5071 1
5071 1
5071 1
5071 1
5071 1
5071 1
5355 1
5355 1
5355 1
5355 1
5355 1
5355 1
5355 1
5355 1
5355 1
5355 1
5355 1
5355 1
5355 1
5355 1
5355 1
5355 1
5355 1
5355 1
5355 1
5355 1
5355 1
5355 1
5355 1
5355 1
5355 1
5355 1
5355 1
5355 1
5355 1
5355 1
5355 1
5355 1
5355 1
5355 1
5355 1
5355 1
5355 1
5355 1
5355 1
5355 1
5355 1
5355 1
5355 1
5355 1
5355 1
5158 1
5158 1
5158 1
5158 1
5158 1
5158 1
5158 1
5158 1
5158 1
5158 1
5158 1
5158 1
5158 1
5158 1
5158 1
5158 1
5158 1
5158 1
5158 1
5158 1
5158 1
5158 1
5158 1
5158 1
5158 1
5158 1
5158 1
5158 1
5158 1
5158 1
5158 1
5158 1
5158 1
5158 1
5158 1
5158 1
5158 1
5158 1
5158 1
5158 1
5158 1
5158 1
5158 1
5158 1
5158 1
5258 1
5258 1
5258 1
5258 1
5258 1
5258 1
5258 1
5258 1
5258 1
5258 1
5258 1
5258 1
5258 1
5258 1
5258 1
5258 1
5258 1
5258 1
5258 1
5258 1
5258 1
5258 1
5258 1
5258 1
5258 1
5258 1
5258 1
5258 1
5258 1
5258 1
5258 1
5258 1
5258 1
5258 1
5258 1
5258 1
5258 1
5258 1
5258 1
5258 1
5258 1
5258 1
5258 1
5258 1
5258 1
9910 1
9910 1
9910 1
9910 1
9910 1
9910 1
9910 1
9910 1
9910 1
9910 1
9910 1
9910 1
9910 1
9910 1
9910 1
9910 1
9910 1
9910 1
9910 1
9910 1
9910 1
9910 1
9910 1
9910 1
9910 1
9910 1
9910 1
9910 1
9910 1
9910 1
9910 1
9910 1
9910 1
9910 1
9910 1
9910 1
9910 1
9910 1
9910 1
9910 1
9910 1
9910 1
9910 1
9910 1
9910 1
5339 1
5339 1
5339 1
5339 1
5339 1
5339 1
5339 1
5339 1
5339 1
5339 1
5339 1
5339 1
5339 1
5339 1
5339 1
5339 1
5339 1
5339 1
5339 1
5339 1
5339 1
5339 1
5339 1
5339 1
5339 1
5339 1
5339 1
5339 1
5339 1
5339 1
5339 1
5339 1
5339 1
5339 1
5339 1
5339 1
5339 1
5339 1
5339 1
5339 1
5339 1
5339 1
5339 1
5339 1
5339 1
5337 1
5337 1
5337 1
5337 1
5337 1
5337 1
5337 1
5337 1
5337 1
5337 1
5337 1
5337 1
5337 1
5337 1
5337 1
5337 1
5337 1
5337 1
5337 1
5337 1
5337 1
5337 1
5337 1
5337 1
5337 1
5337 1
5337 1
5337 1
5337 1
5337 1
5337 1
5337 1
5337 1
5337 1
5337 1
5337 1
5337 1
5337 1
5337 1
5337 1
5337 1
5337 1
5337 1
5337 1
5337 1
5615 1
5615 1
5615 1
5615 1
5615 1
5615 1
5615 1
5615 1
5615 1
5615 1
5615 1
5615 1
5615 1
5615 1
5615 1
5615 1
5615 1
5615 1
5615 1
5615 1
5615 1
5615 1
5615 1
5615 1
5615 1
5615 1
5615 1
5615 1
5615 1
5615 1
5615 1
5615 1
5615 1
5615 1
5615 1
5615 1
5615 1
5615 1
5615 1
5615 1
5615 1
5615 1
5615 1
5615 1
5615 1
5614 1
5614 1
5614 1
5614 1
5614 1
5614 1
5614 1
5614 1
5614 1
5614 1
5614 1
5614 1
5614 1
5614 1
5614 1
5614 1
5614 1
5614 1
5614 1
5614 1
5614 1
5614 1
5614 1
5614 1
5614 1
5614 1
5614 1
5614 1
5614 1
5614 1
5614 1
5614 1
5614 1
5614 1
5614 1
5614 1
5614 1
5614 1
5614 1
5614 1
5614 1
5614 1
5614 1
5614 1
5614 1
5517 1
5517 1
5517 1
5517 1
5517 1
5517 1
5517 1
5517 1
5517 1
5517 1
5517 1
5517 1
5517 1
5517 1
5517 1
5517 1
5517 1
5517 1
5517 1
5517 1
5517 1
5517 1
5517 1
5517 1
5517 1
5517 1
5517 1
5517 1
5517 1
5517 1
5517 1
5517 1
5517 1
5517 1
5517 1
5517 1
5517 1
5517 1
5517 1
5517 1
5517 1
5517 1
5517 1
5517 1
5517 1
5516 1
5516 1
5516 1
5516 1
5516 1
5516 1
5516 1
5516 1
5516 1
5516 1
5516 1
5516 1
5516 1
5516 1
5516 1
5516 1
5516 1
5516 1
5516 1
5516 1
5516 1
5516 1
5516 1
5516 1
5516 1
5516 1
5516 1
5516 1
5516 1
5516 1
5516 1
5516 1
5516 1
5516 1
5516 1
5516 1
5516 1
5516 1
5516 1
5516 1
5516 1
5516 1
5516 1
5516 1
5516 1
5508 1
5508 1
5508 1
5508 1
5508 1
5508 1
5508 1
5508 1
5508 1
5508 1
5508 1
5508 1
5508 1
5508 1
5508 1
5508 1
5508 1
5508 1
5508 1
5508 1
5508 1
5508 1
5508 1
5508 1
5508 1
5508 1
5508 1
5508 1
5508 1
5508 1
5508 1
5508 1
5508 1
5508 1
5508 1
5508 1
5508 1
5508 1
5508 1
5508 1
5508 1
5508 1
5508 1
5508 1
5508 1
5701 1
5701 1
5701 1
5701 1
5701 1
5701 1
5701 1
5701 1
5701 1
5701 1
5701 1
5701 1
5701 1
5701 1
5701 1
5701 1
5701 1
5701 1
5701 1
5701 1
5701 1
5701 1
5701 1
5701 1
5701 1
5701 1
5701 1
5701 1
5701 1
5701 1
5701 1
5701 1
5701 1
5701 1
5701 1
5701 1
5701 1
5701 1
5701 1
5701 1
5701 1
5701 1
5701 1
5701 1
5701 1
5606 1
5606 1
5606 1
5606 1
5606 1
5606 1
5606 1
5606 1
5606 1
5606 1
5606 1
5606 1
5606 1
5606 1
5606 1
5606 1
5606 1
5606 1
5606 1
5606 1
5606 1
5606 1
5606 1
5606 1
5606 1
5606 1
5606 1
5606 1
5606 1
5606 1
5606 1
5606 1
5606 1
5606 1
5606 1
5606 1
5606 1
5606 1
5606 1
5606 1
5606 1
5606 1
5606 1
5606 1
5606 1
5605 1
5605 1
5605 1
5605 1
5605 1
5605 1
5605 1
5605 1
5605 1
5605 1
5605 1
5605 1
5605 1
5605 1
5605 1
5605 1
5605 1
5605 1
5605 1
5605 1
5605 1
5605 1
5605 1
5605 1
5605 1
5605 1
5605 1
5605 1
5605 1
5605 1
5605 1
5605 1
5605 1
5605 1
5605 1
5605 1
5605 1
5605 1
5605 1
5605 1
5605 1
5605 1
5605 1
5605 1
5605 1
5796 1
5796 1
5796 1
5796 1
5796 1
5796 1
5796 1
5796 1
5796 1
5796 1
5796 1
5796 1
5796 1
5796 1
5796 1
5796 1
5796 1
5796 1
5796 1
5796 1
5796 1
5796 1
5796 1
5796 1
5796 1
5796 1
5796 1
5796 1
5796 1
5796 1
5796 1
5796 1
5796 1
5796 1
5796 1
5796 1
5796 1
5796 1
5796 1
5796 1
5796 1
5796 1
5796 1
5796 1
5796 1
5600 1
5600 1
5600 1
5600 1
5600 1
5600 1
5600 1
5600 1
5600 1
5600 1
5600 1
5600 1
5600 1
5600 1
5600 1
5600 1
5600 1
5600 1
5600 1
5600 1
5600 1
5600 1
5600 1
5600 1
5600 1
5600 1
5600 1
5600 1
5600 1
5600 1
5600 1
5600 1
5600 1
5600 1
5600 1
5600 1
5600 1
5600 1
5600 1
5600 1
5600 1
5600 1
5600 1
5600 1
5600 1
5793 1
5793 1
5793 1
5793 1
5793 1
5793 1
5793 1
5793 1
5793 1
5793 1
5793 1
5793 1
5793 1
5793 1
5793 1
5793 1
5793 1
5793 1
5793 1
5793 1
5793 1
5793 1
5793 1
5793 1
5793 1
5793 1
5793 1
5793 1
5793 1
5793 1
5793 1
5793 1
5793 1
5793 1
5793 1
5793 1
5793 1
5793 1
5793 1
5793 1
5793 1
5793 1
5793 1
5793 1
5793 1
9714 1
9714 1
9714 1
9714 1
9714 1
9714 1
9714 1
9714 1
9714 1
9714 1
9714 1
9714 1
9714 1
9714 1
9714 1
9714 1
9714 1
9714 1
9714 1
9714 1
9714 1
9714 1
9714 1
9714 1
9714 1
9714 1
9714 1
9714 1
9714 1
9714 1
9714 1
9714 1
9714 1
9714 1
9714 1
9714 1
9714 1
9714 1
9714 1
9714 1
9714 1
9714 1
9714 1
9714 1
9714 1
5689 1
5689 1
5689 1
5689 1
5689 1
5689 1
5689 1
5689 1
5689 1
5689 1
5689 1
5689 1
5689 1
5689 1
5689 1
5689 1
5689 1
5689 1
5689 1
5689 1
5689 1
5689 1
5689 1
5689 1
5689 1
5689 1
5689 1
5689 1
5689 1
5689 1
5689 1
5689 1
5689 1
5689 1
5689 1
5689 1
5689 1
5689 1
5689 1
5689 1
5689 1
5689 1
5689 1
5689 1
5689 1
5887 1
5887 1
5887 1
5887 1
5887 1
5887 1
5887 1
5887 1
5887 1
5887 1
5887 1
5887 1
5887 1
5887 1
5887 1
5887 1
5887 1
5887 1
5887 1
5887 1
5887 1
5887 1
5887 1
5887 1
5887 1
5887 1
5887 1
5887 1
5887 1
5887 1
5887 1
5887 1
5887 1
5887 1
5887 1
5887 1
5887 1
5887 1
5887 1
5887 1
5887 1
5887 1
5887 1
5887 1
5887 1
5886 1
5886 1
5886 1
5886 1
5886 1
5886 1
5886 1
5886 1
5886 1
5886 1
5886 1
5886 1
5886 1
5886 1
5886 1
5886 1
5886 1
5886 1
5886 1
5886 1
5886 1
5886 1
5886 1
5886 1
5886 1
5886 1
5886 1
5886 1
5886 1
5886 1
5886 1
5886 1
5886 1
5886 1
5886 1
5886 1
5886 1
5886 1
5886 1
5886 1
5886 1
5886 1
5886 1
5886 1
5886 1
5782 1
5782 1
5782 1
5782 1
5782 1
5782 1
5782 1
5782 1
5782 1
5782 1
5782 1
5782 1
5782 1
5782 1
5782 1
5782 1
5782 1
5782 1
5782 1
5782 1
5782 1
5782 1
5782 1
5782 1
5782 1
5782 1
5782 1
5782 1
5782 1
5782 1
5782 1
5782 1
5782 1
5782 1
5782 1
5782 1
5782 1
5782 1
5782 1
5782 1
5782 1
5782 1
5782 1
5782 1
5782 1
10511 1
10511 1
10511 1
10511 1
10511 1
10511 1
10511 1
10511 1
10511 1
10511 1
10511 1
10511 1
10511 1
10511 1
10511 1
10511 1
10511 1
10511 1
10511 1
10511 1
10511 1
10511 1
10511 1
10511 1
10511 1
10511 1
10511 1
10511 1
10511 1
10511 1
10511 1
10511 1
10511 1
10511 1
10511 1
10511 1
10511 1
10511 1
10511 1
10511 1
10511 1
10511 1
10511 1
10511 1
10511 1
5778 1
5778 1
5778 1
5778 1
5778 1
5778 1
5778 1
5778 1
5778 1
5778 1
5778 1
5778 1
5778 1
5778 1
5778 1
5778 1
5778 1
5778 1
5778 1
5778 1
5778 1
5778 1
5778 1
5778 1
5778 1
5778 1
5778 1
5778 1
5778 1
5778 1
5778 1
5778 1
5778 1
5778 1
5778 1
5778 1
5778 1
5778 1
5778 1
5778 1
5778 1
5778 1
5778 1
5778 1
5778 1
5879 1
5879 1
5879 1
5879 1
5879 1
5879 1
5879 1
5879 1
5879 1
5879 1
5879 1
5879 1
5879 1
5879 1
5879 1
5879 1
5879 1
5879 1
5879 1
5879 1
5879 1
5879 1
5879 1
5879 1
5879 1
5879 1
5879 1
5879 1
5879 1
5879 1
5879 1
5879 1
5879 1
5879 1
5879 1
5879 1
5879 1
5879 1
5879 1
5879 1
5879 1
5879 1
5879 1
5879 1
5879 1
5878 1
5878 1
5878 1
5878 1
5878 1
5878 1
5878 1
5878 1
5878 1
5878 1
5878 1
5878 1
5878 1
5878 1
5878 1
5878 1
5878 1
5878 1
5878 1
5878 1
5878 1
5878 1
5878 1
5878 1
5878 1
5878 1
5878 1
5878 1
5878 1
5878 1
5878 1
5878 1
5878 1
5878 1
5878 1
5878 1
5878 1
5878 1
5878 1
5878 1
5878 1
5878 1
5878 1
5878 1
5878 1
5984 1
5984 1
5984 1
5984 1
5984 1
5984 1
5984 1
5984 1
5984 1
5984 1
5984 1
5984 1
5984 1
5984 1
5984 1
5984 1
5984 1
5984 1
5984 1
5984 1
5984 1
5984 1
5984 1
5984 1
5984 1
5984 1
5984 1
5984 1
5984 1
5984 1
5984 1
5984 1
5984 1
5984 1
5984 1
5984 1
5984 1
5984 1
5984 1
5984 1
5984 1
5984 1
5984 1
5984 1
5984 1
5983 1
5983 1
5983 1
5983 1
5983 1
5983 1
5983 1
5983 1
5983 1
5983 1
5983 1
5983 1
5983 1
5983 1
5983 1
5983 1
5983 1
5983 1
5983 1
5983 1
5983 1
5983 1
5983 1
5983 1
5983 1
5983 1
5983 1
5983 1
5983 1
5983 1
5983 1
5983 1
5983 1
5983 1
5983 1
5983 1
5983 1
5983 1
5983 1
5983 1
5983 1
5983 1
5983 1
5983 1
5983 1
5977 1
5977 1
5977 1
5977 1
5977 1
5977 1
5977 1
5977 1
5977 1
5977 1
5977 1
5977 1
5977 1
5977 1
5977 1
5977 1
5977 1
5977 1
5977 1
5977 1
5977 1
5977 1
5977 1
5977 1
5977 1
5977 1
5977 1
5977 1
5977 1
5977 1
5977 1
5977 1
5977 1
5977 1
5977 1
5977 1
5977 1
5977 1
5977 1
5977 1
5977 1
5977 1
5977 1
5977 1
5977 1
6088 1
6088 1
6088 1
6088 1
6088 1
6088 1
6088 1
6088 1
6088 1
6088 1
6088 1
6088 1
6088 1
6088 1
6088 1
6088 1
6088 1
6088 1
6088 1
6088 1
6088 1
6088 1
6088 1
6088 1
6088 1
6088 1
6088 1
6088 1
6088 1
6088 1
6088 1
6088 1
6088 1
6088 1
6088 1
6088 1
6088 1
6088 1
6088 1
6088 1
6088 1
6088 1
6088 1
6088 1
6088 1
5975 1
5975 1
5975 1
5975 1
5975 1
5975 1
5975 1
5975 1
5975 1
5975 1
5975 1
5975 1
5975 1
5975 1
5975 1
5975 1
5975 1
5975 1
5975 1
5975 1
5975 1
5975 1
5975 1
5975 1
5975 1
5975 1
5975 1
5975 1
5975 1
5975 1
5975 1
5975 1
5975 1
5975 1
5975 1
5975 1
5975 1
5975 1
5975 1
5975 1
5975 1
5975 1
5975 1
5975 1
5975 1
5969 1
5969 1
5969 1
5969 1
5969 1
5969 1
5969 1
5969 1
5969 1
5969 1
5969 1
5969 1
5969 1
5969 1
5969 1
5969 1
5969 1
5969 1
5969 1
5969 1
5969 1
5969 1
5969 1
5969 1
5969 1
5969 1
5969 1
5969 1
5969 1
5969 1
5969 1
5969 1
5969 1
5969 1
5969 1
5969 1
5969 1
5969 1
5969 1
5969 1
5969 1
5969 1
5969 1
5969 1
5969 1
6080 1
6080 1
6080 1
6080 1
6080 1
6080 1
6080 1
6080 1
6080 1
6080 1
6080 1
6080 1
6080 1
6080 1
6080 1
6080 1
6080 1
6080 1
6080 1
6080 1
6080 1
6080 1
6080 1
6080 1
6080 1
6080 1
6080 1
6080 1
6080 1
6080 1
6080 1
6080 1
6080 1
6080 1
6080 1
6080 1
6080 1
6080 1
6080 1
6080 1
6080 1
6080 1
6080 1
6080 1
6080 1
6079 1
6079 1
6079 1
6079 1
6079 1
6079 1
6079 1
6079 1
6079 1
6079 1
6079 1
6079 1
6079 1
6079 1
6079 1
6079 1
6079 1
6079 1
6079 1
6079 1
6079 1
6079 1
6079 1
6079 1
6079 1
6079 1
6079 1
6079 1
6079 1
6079 1
6079 1
6079 1
6079 1
6079 1
6079 1
6079 1
6079 1
6079 1
6079 1
6079 1
6079 1
6079 1
6079 1
6079 1
6079 1
6077 1
6077 1
6077 1
6077 1
6077 1
6077 1
6077 1
6077 1
6077 1
6077 1
6077 1
6077 1
6077 1
6077 1
6077 1
6077 1
6077 1
6077 1
6077 1
6077 1
6077 1
6077 1
6077 1
6077 1
6077 1
6077 1
6077 1
6077 1
6077 1
6077 1
6077 1
6077 1
6077 1
6077 1
6077 1
6077 1
6077 1
6077 1
6077 1
6077 1
6077 1
6077 1
6077 1
6077 1
6077 1
6073 1
6073 1
6073 1
6073 1
6073 1
6073 1
6073 1
6073 1
6073 1
6073 1
6073 1
6073 1
6073 1
6073 1
6073 1
6073 1
6073 1
6073 1
6073 1
6073 1
6073 1
6073 1
6073 1
6073 1
6073 1
6073 1
6073 1
6073 1
6073 1
6073 1
6073 1
6073 1
6073 1
6073 1
6073 1
6073 1
6073 1
6073 1
6073 1
6073 1
6073 1
6073 1
6073 1
6073 1
6073 1
6182 1
6182 1
6182 1
6182 1
6182 1
6182 1
6182 1
6182 1
6182 1
6182 1
6182 1
6182 1
6182 1
6182 1
6182 1
6182 1
6182 1
6182 1
6182 1
6182 1
6182 1
6182 1
6182 1
6182 1
6182 1
6182 1
6182 1
6182 1
6182 1
6182 1
6182 1
6182 1
6182 1
6182 1
6182 1
6182 1
6182 1
6182 1
6182 1
6182 1
6182 1
6182 1
6182 1
6182 1
6182 1
6180 1
6180 1
6180 1
6180 1
6180 1
6180 1
6180 1
6180 1
6180 1
6180 1
6180 1
6180 1
6180 1
6180 1
6180 1
6180 1
6180 1
6180 1
6180 1
6180 1
6180 1
6180 1
6180 1
6180 1
6180 1
6180 1
6180 1
6180 1
6180 1
6180 1
6180 1
6180 1
6180 1
6180 1
6180 1
6180 1
6180 1
6180 1
6180 1
6180 1
6180 1
6180 1
6180 1
6180 1
6180 1
6179 1
6179 1
6179 1
6179 1
6179 1
6179 1
6179 1
6179 1
6179 1
6179 1
6179 1
6179 1
6179 1
6179 1
6179 1
6179 1
6179 1
6179 1
6179 1
6179 1
6179 1
6179 1
6179 1
6179 1
6179 1
6179 1
6179 1
6179 1
6179 1
6179 1
6179 1
6179 1
6179 1
6179 1
6179 1
6179 1
6179 1
6179 1
6179 1
6179 1
6179 1
6179 1
6179 1
6179 1
6179 1
6178 1
6178 1
6178 1
6178 1
6178 1
6178 1
6178 1
6178 1
6178 1
6178 1
6178 1
6178 1
6178 1
6178 1
6178 1
6178 1
6178 1
6178 1
6178 1
6178 1
6178 1
6178 1
6178 1
6178 1
6178 1
6178 1
6178 1
6178 1
6178 1
6178 1
6178 1
6178 1
6178 1
6178 1
6178 1
6178 1
6178 1
6178 1
6178 1
6178 1
6178 1
6178 1
6178 1
6178 1
6178 1
6177 1
6177 1
6177 1
6177 1
6177 1
6177 1
6177 1
6177 1
6177 1
6177 1
6177 1
6177 1
6177 1
6177 1
6177 1
6177 1
6177 1
6177 1
6177 1
6177 1
6177 1
6177 1
6177 1
6177 1
6177 1
6177 1
6177 1
6177 1
6177 1
6177 1
6177 1
6177 1
6177 1
6177 1
6177 1
6177 1
6177 1
6177 1
6177 1
6177 1
6177 1
6177 1
6177 1
6177 1
6177 1
6175 1
6175 1
6175 1
6175 1
6175 1
6175 1
6175 1
6175 1
6175 1
6175 1
6175 1
6175 1
6175 1
6175 1
6175 1
6175 1
6175 1
6175 1
6175 1
6175 1
6175 1
6175 1
6175 1
6175 1
6175 1
6175 1
6175 1
6175 1
6175 1
6175 1
6175 1
6175 1
6175 1
6175 1
6175 1
6175 1
6175 1
6175 1
6175 1
6175 1
6175 1
6175 1
6175 1
6175 1
6175 1
6174 1
6174 1
6174 1
6174 1
6174 1
6174 1
6174 1
6174 1
6174 1
6174 1
6174 1
6174 1
6174 1
6174 1
6174 1
6174 1
6174 1
6174 1
6174 1
6174 1
6174 1
6174 1
6174 1
6174 1
6174 1
6174 1
6174 1
6174 1
6174 1
6174 1
6174 1
6174 1
6174 1
6174 1
6174 1
6174 1
6174 1
6174 1
6174 1
6174 1
6174 1
6174 1
6174 1
6174 1
6174 1
6274 1
6274 1
6274 1
6274 1
6274 1
6274 1
6274 1
6274 1
6274 1
6274 1
6274 1
6274 1
6274 1
6274 1
6274 1
6274 1
6274 1
6274 1
6274 1
6274 1
6274 1
6274 1
6274 1
6274 1
6274 1
6274 1
6274 1
6274 1
6274 1
6274 1
6274 1
6274 1
6274 1
6274 1
6274 1
6274 1
6274 1
6274 1
6274 1
6274 1
6274 1
6274 1
6274 1
6274 1
6274 1
6271 1
6271 1
6271 1
6271 1
6271 1
6271 1
6271 1
6271 1
6271 1
6271 1
6271 1
6271 1
6271 1
6271 1
6271 1
6271 1
6271 1
6271 1
6271 1
6271 1
6271 1
6271 1
6271 1
6271 1
6271 1
6271 1
6271 1
6271 1
6271 1
6271 1
6271 1
6271 1
6271 1
6271 1
6271 1
6271 1
6271 1
6271 1
6271 1
6271 1
6271 1
6271 1
6271 1
6271 1
6271 1
6270 1
6270 1
6270 1
6270 1
6270 1
6270 1
6270 1
6270 1
6270 1
6270 1
6270 1
6270 1
6270 1
6270 1
6270 1
6270 1
6270 1
6270 1
6270 1
6270 1
6270 1
6270 1
6270 1
6270 1
6270 1
6270 1
6270 1
6270 1
6270 1
6270 1
6270 1
6270 1
6270 1
6270 1
6270 1
6270 1
6270 1
6270 1
6270 1
6270 1
6270 1
6270 1
6270 1
6270 1
6270 1
6269 1
6269 1
6269 1
6269 1
6269 1
6269 1
6269 1
6269 1
6269 1
6269 1
6269 1
6269 1
6269 1
6269 1
6269 1
6269 1
6269 1
6269 1
6269 1
6269 1
6269 1
6269 1
6269 1
6269 1
6269 1
6269 1
6269 1
6269 1
6269 1
6269 1
6269 1
6269 1
6269 1
6269 1
6269 1
6269 1
6269 1
6269 1
6269 1
6269 1
6269 1
6269 1
6269 1
6269 1
6269 1
6268 1
6268 1
6268 1
6268 1
6268 1
6268 1
6268 1
6268 1
6268 1
6268 1
6268 1
6268 1
6268 1
6268 1
6268 1
6268 1
6268 1
6268 1
6268 1
6268 1
6268 1
6268 1
6268 1
6268 1
6268 1
6268 1
6268 1
6268 1
6268 1
6268 1
6268 1
6268 1
6268 1
6268 1
6268 1
6268 1
6268 1
6268 1
6268 1
6268 1
6268 1
6268 1
6268 1
6268 1
6268 1
6368 1
6368 1
6368 1
6368 1
6368 1
6368 1
6368 1
6368 1
6368 1
6368 1
6368 1
6368 1
6368 1
6368 1
6368 1
6368 1
6368 1
6368 1
6368 1
6368 1
6368 1
6368 1
6368 1
6368 1
6368 1
6368 1
6368 1
6368 1
6368 1
6368 1
6368 1
6368 1
6368 1
6368 1
6368 1
6368 1
6368 1
6368 1
6368 1
6368 1
6368 1
6368 1
6368 1
6368 1
6368 1
6364 1
6364 1
6364 1
6364 1
6364 1
6364 1
6364 1
6364 1
6364 1
6364 1
6364 1
6364 1
6364 1
6364 1
6364 1
6364 1
6364 1
6364 1
6364 1
6364 1
6364 1
6364 1
6364 1
6364 1
6364 1
6364 1
6364 1
6364 1
6364 1
6364 1
6364 1
6364 1
6364 1
6364 1
6364 1
6364 1
6364 1
6364 1
6364 1
6364 1
6364 1
6364 1
6364 1
6364 1
6364 1
6363 1
6363 1
6363 1
6363 1
6363 1
6363 1
6363 1
6363 1
6363 1
6363 1
6363 1
6363 1
6363 1
6363 1
6363 1
6363 1
6363 1
6363 1
6363 1
6363 1
6363 1
6363 1
6363 1
6363 1
6363 1
6363 1
6363 1
6363 1
6363 1
6363 1
6363 1
6363 1
6363 1
6363 1
6363 1
6363 1
6363 1
6363 1
6363 1
6363 1
6363 1
6363 1
6363 1
6363 1
6363 1
6361 1
6361 1
6361 1
6361 1
6361 1
6361 1
6361 1
6361 1
6361 1
6361 1
6361 1
6361 1
6361 1
6361 1
6361 1
6361 1
6361 1
6361 1
6361 1
6361 1
6361 1
6361 1
6361 1
6361 1
6361 1
6361 1
6361 1
6361 1
6361 1
6361 1
6361 1
6361 1
6361 1
6361 1
6361 1
6361 1
6361 1
6361 1
6361 1
6361 1
6361 1
6361 1
6361 1
6361 1
6361 1
6360 1
6360 1
6360 1
6360 1
6360 1
6360 1
6360 1
6360 1
6360 1
6360 1
6360 1
6360 1
6360 1
6360 1
6360 1
6360 1
6360 1
6360 1
6360 1
6360 1
6360 1
6360 1
6360 1
6360 1
6360 1
6360 1
6360 1
6360 1
6360 1
6360 1
6360 1
6360 1
6360 1
6360 1
6360 1
6360 1
6360 1
6360 1
6360 1
6360 1
6360 1
6360 1
6360 1
6360 1
6360 1
6453 1
6453 1
6453 1
6453 1
6453 1
6453 1
6453 1
6453 1
6453 1
6453 1
6453 1
6453 1
6453 1
6453 1
6453 1
6453 1
6453 1
6453 1
6453 1
6453 1
6453 1
6453 1
6453 1
6453 1
6453 1
6453 1
6453 1
6453 1
6453 1
6453 1
6453 1
6453 1
6453 1
6453 1
6453 1
6453 1
6453 1
6453 1
6453 1
6453 1
6453 1
6453 1
6453 1
6453 1
6453 1
6452 1
6452 1
6452 1
6452 1
6452 1
6452 1
6452 1
6452 1
6452 1
6452 1
6452 1
6452 1
6452 1
6452 1
6452 1
6452 1
6452 1
6452 1
6452 1
6452 1
6452 1
6452 1
6452 1
6452 1
6452 1
6452 1
6452 1
6452 1
6452 1
6452 1
6452 1
6452 1
6452 1
6452 1
6452 1
6452 1
6452 1
6452 1
6452 1
6452 1
6452 1
6452 1
6452 1
6452 1
6452 1
6451 1
6451 1
6451 1
6451 1
6451 1
6451 1
6451 1
6451 1
6451 1
6451 1
6451 1
6451 1
6451 1
6451 1
6451 1
6451 1
6451 1
6451 1
6451 1
6451 1
6451 1
6451 1
6451 1
6451 1
6451 1
6451 1
6451 1
6451 1
6451 1
6451 1
6451 1
6451 1
6451 1
6451 1
6451 1
6451 1
6451 1
6451 1
6451 1
6451 1
6451 1
6451 1
6451 1
6451 1
6451 1
6449 1
6449 1
6449 1
6449 1
6449 1
6449 1
6449 1
6449 1
6449 1
6449 1
6449 1
6449 1
6449 1
6449 1
6449 1
6449 1
6449 1
6449 1
6449 1
6449 1
6449 1
6449 1
6449 1
6449 1
6449 1
6449 1
6449 1
6449 1
6449 1
6449 1
6449 1
6449 1
6449 1
6449 1
6449 1
6449 1
6449 1
6449 1
6449 1
6449 1
6449 1
6449 1
6449 1
6449 1
6449 1
6540 1
6540 1
6540 1
6540 1
6540 1
6540 1
6540 1
6540 1
6540 1
6540 1
6540 1
6540 1
6540 1
6540 1
6540 1
6540 1
6540 1
6540 1
6540 1
6540 1
6540 1
6540 1
6540 1
6540 1
6540 1
6540 1
6540 1
6540 1
6540 1
6540 1
6540 1
6540 1
6540 1
6540 1
6540 1
6540 1
6540 1
6540 1
6540 1
6540 1
6540 1
6540 1
6540 1
6540 1
6540 1
6441 1
6441 1
6441 1
6441 1
6441 1
6441 1
6441 1
6441 1
6441 1
6441 1
6441 1
6441 1
6441 1
6441 1
6441 1
6441 1
6441 1
6441 1
6441 1
6441 1
6441 1
6441 1
6441 1
6441 1
6441 1
6441 1
6441 1
6441 1
6441 1
6441 1
6441 1
6441 1
6441 1
6441 1
6441 1
6441 1
6441 1
6441 1
6441 1
6441 1
6441 1
6441 1
6441 1
6441 1
6441 1
6528 1
6528 1
6528 1
6528 1
6528 1
6528 1
6528 1
6528 1
6528 1
6528 1
6528 1
6528 1
6528 1
6528 1
6528 1
6528 1
6528 1
6528 1
6528 1
6528 1
6528 1
6528 1
6528 1
6528 1
6528 1
6528 1
6528 1
6528 1
6528 1
6528 1
6528 1
6528 1
6528 1
6528 1
6528 1
6528 1
6528 1
6528 1
6528 1
6528 1
6528 1
6528 1
6528 1
6528 1
6528 1
6845 1
6845 1
6845 1
6845 1
6845 1
6845 1
6845 1
6845 1
6845 1
6845 1
6845 1
6845 1
6845 1
6845 1
6845 1
6845 1
6845 1
6845 1
6845 1
6845 1
6845 1
6845 1
6845 1
6845 1
6845 1
6845 1
6845 1
6845 1
6845 1
6845 1
6845 1
6845 1
6845 1
6845 1
6845 1
6845 1
6845 1
6845 1
6845 1
6845 1
6845 1
6845 1
6845 1
6845 1
6845 1
6984 1
6984 1
6984 1
6984 1
6984 1
6984 1
6984 1
6984 1
6984 1
6984 1
6984 1
6984 1
6984 1
6984 1
6984 1
6984 1
6984 1
6984 1
6984 1
6984 1
6984 1
6984 1
6984 1
6984 1
6984 1
6984 1
6984 1
6984 1
6984 1
6984 1
6984 1
6984 1
6984 1
6984 1
6984 1
6984 1
6984 1
6984 1
6984 1
6984 1
6984 1
6984 1
6984 1
6984 1
6984 1
7057 1
7057 1
7057 1
7057 1
7057 1
7057 1
7057 1
7057 1
7057 1
7057 1
7057 1
7057 1
7057 1
7057 1
7057 1
7057 1
7057 1
7057 1
7057 1
7057 1
7057 1
7057 1
7057 1
7057 1
7057 1
7057 1
7057 1
7057 1
7057 1
7057 1
7057 1
7057 1
7057 1
7057 1
7057 1
7057 1
7057 1
7057 1
7057 1
7057 1
7057 1
7057 1
7057 1
7057 1
7057 1
7052 1
7052 1
7052 1
7052 1
7052 1
7052 1
7052 1
7052 1
7052 1
7052 1
7052 1
7052 1
7052 1
7052 1
7052 1
7052 1
7052 1
7052 1
7052 1
7052 1
7052 1
7052 1
7052 1
7052 1
7052 1
7052 1
7052 1
7052 1
7052 1
7052 1
7052 1
7052 1
7052 1
7052 1
7052 1
7052 1
7052 1
7052 1
7052 1
7052 1
7052 1
7052 1
7052 1
7052 1
7052 1
