pt_graph cpue_kghour
3650 0
3650 52.4575418965593
3650 52.4575418965593
3650 52.4575418965593
3650 52.4575418965593
3650 0
3650 4.31806184596379
3650 4.31806184596379
3650 17.6262098114515
3650 17.6262098114515
3650 17.6262098114515
3650 0
3650 1.20997765409178
3650 6.34181050716048
3650 6.34181050716048
3650 6.34181050716048
3650 0.73452343271322
3650 0.319952407068434
3650 0.831783600927938
3650 2.36653655913599
3650 0
3650 1.38872753580014
3650 0
3650 0
3650 13.2285772528462
3650 13.2285772528462
3650 0
3650 13.9912208257612
3650 13.9912208257612
3650 13.9912208257612
3650 2.82057729300058
3650 0
3650 0
3650 964.358135011162
3650 1.00962340647607
3650 1.00962340647607
3650 8.46827030493397
3650 8.46827030493397
3650 0.65693225042096
3650 0.65693225042096
3650 0.65693225042096
3650 1.13483962413451
3650 1.13483962413451
3650 1.13483962413451
3650 0.621681871783126
4099 0
4099 52.4575418965593
4099 52.4575418965593
4099 52.4575418965593
4099 52.4575418965593
4099 0
4099 4.31806184596379
4099 4.31806184596379
4099 17.6262098114515
4099 17.6262098114515
4099 17.6262098114515
4099 0
4099 1.20997765409178
4099 6.34181050716048
4099 6.34181050716048
4099 6.34181050716048
4099 0.73452343271322
4099 0.319952407068434
4099 0.831783600927938
4099 2.36653655913599
4099 0
4099 1.38872753580014
4099 0
4099 0
4099 13.2285772528462
4099 13.2285772528462
4099 0
4099 13.9912208257612
4099 13.9912208257612
4099 13.9912208257612
4099 2.82057729300058
4099 0
4099 0
4099 964.358135011162
4099 1.00962340647607
4099 1.00962340647607
4099 8.46827030493397
4099 8.46827030493397
4099 0.65693225042096
4099 0.65693225042096
4099 0.65693225042096
4099 1.13483962413451
4099 1.13483962413451
4099 1.13483962413451
4099 0.621681871783126
4182 0
4182 52.4575418965593
4182 52.4575418965593
4182 52.4575418965593
4182 52.4575418965593
4182 0
4182 4.31806184596379
4182 4.31806184596379
4182 17.6262098114515
4182 17.6262098114515
4182 17.6262098114515
4182 0
4182 1.20997765409178
4182 6.34181050716048
4182 6.34181050716048
4182 6.34181050716048
4182 0.73452343271322
4182 0.319952407068434
4182 0.831783600927938
4182 2.36653655913599
4182 0
4182 1.38872753580014
4182 0
4182 0
4182 13.2285772528462
4182 13.2285772528462
4182 0
4182 13.9912208257612
4182 13.9912208257612
4182 13.9912208257612
4182 2.82057729300058
4182 0
4182 0
4182 964.358135011162
4182 1.00962340647607
4182 1.00962340647607
4182 8.46827030493397
4182 8.46827030493397
4182 0.65693225042096
4182 0.65693225042096
4182 0.65693225042096
4182 1.13483962413451
4182 1.13483962413451
4182 1.13483962413451
4182 0.621681871783126
4361 0
4361 52.4575418965593
4361 52.4575418965593
4361 52.4575418965593
4361 52.4575418965593
4361 0
4361 4.31806184596379
4361 4.31806184596379
4361 17.6262098114515
4361 17.6262098114515
4361 17.6262098114515
4361 0
4361 1.20997765409178
4361 6.34181050716048
4361 6.34181050716048
4361 6.34181050716048
4361 0.73452343271322
4361 0.319952407068434
4361 0.831783600927938
4361 2.36653655913599
4361 0
4361 1.38872753580014
4361 0
4361 0
4361 13.2285772528462
4361 13.2285772528462
4361 0
4361 13.9912208257612
4361 13.9912208257612
4361 13.9912208257612
4361 2.82057729300058
4361 0
4361 0
4361 964.358135011162
4361 1.00962340647607
4361 1.00962340647607
4361 8.46827030493397
4361 8.46827030493397
4361 0.65693225042096
4361 0.65693225042096
4361 0.65693225042096
4361 1.13483962413451
4361 1.13483962413451
4361 1.13483962413451
4361 0.621681871783126
4636 0
4636 52.4575418965593
4636 52.4575418965593
4636 52.4575418965593
4636 52.4575418965593
4636 0
4636 4.31806184596379
4636 4.31806184596379
4636 17.6262098114515
4636 17.6262098114515
4636 17.6262098114515
4636 0
4636 1.20997765409178
4636 6.34181050716048
4636 6.34181050716048
4636 6.34181050716048
4636 0.73452343271322
4636 0.319952407068434
4636 0.831783600927938
4636 2.36653655913599
4636 0
4636 1.38872753580014
4636 0
4636 0
4636 13.2285772528462
4636 13.2285772528462
4636 0
4636 13.9912208257612
4636 13.9912208257612
4636 13.9912208257612
4636 2.82057729300058
4636 0
4636 0
4636 964.358135011162
4636 1.00962340647607
4636 1.00962340647607
4636 8.46827030493397
4636 8.46827030493397
4636 0.65693225042096
4636 0.65693225042096
4636 0.65693225042096
4636 1.13483962413451
4636 1.13483962413451
4636 1.13483962413451
4636 0.621681871783126
10002 0
10002 52.4575418965593
10002 52.4575418965593
10002 52.4575418965593
10002 52.4575418965593
10002 0
10002 4.31806184596379
10002 4.31806184596379
10002 17.6262098114515
10002 17.6262098114515
10002 17.6262098114515
10002 0
10002 1.20997765409178
10002 6.34181050716048
10002 6.34181050716048
10002 6.34181050716048
10002 0.73452343271322
10002 0.319952407068434
10002 0.831783600927938
10002 2.36653655913599
10002 0
10002 1.38872753580014
10002 0
10002 0
10002 13.2285772528462
10002 13.2285772528462
10002 0
10002 13.9912208257612
10002 13.9912208257612
10002 13.9912208257612
10002 2.82057729300058
10002 0
10002 0
10002 964.358135011162
10002 1.00962340647607
10002 1.00962340647607
10002 8.46827030493397
10002 8.46827030493397
10002 0.65693225042096
10002 0.65693225042096
10002 0.65693225042096
10002 1.13483962413451
10002 1.13483962413451
10002 1.13483962413451
10002 0.621681871783126
4529 0
4529 52.4575418965593
4529 52.4575418965593
4529 52.4575418965593
4529 52.4575418965593
4529 0
4529 4.31806184596379
4529 4.31806184596379
4529 17.6262098114515
4529 17.6262098114515
4529 17.6262098114515
4529 0
4529 1.20997765409178
4529 6.34181050716048
4529 6.34181050716048
4529 6.34181050716048
4529 0.73452343271322
4529 0.319952407068434
4529 0.831783600927938
4529 2.36653655913599
4529 0
4529 1.38872753580014
4529 0
4529 0
4529 13.2285772528462
4529 13.2285772528462
4529 0
4529 13.9912208257612
4529 13.9912208257612
4529 13.9912208257612
4529 2.82057729300058
4529 0
4529 0
4529 964.358135011162
4529 1.00962340647607
4529 1.00962340647607
4529 8.46827030493397
4529 8.46827030493397
4529 0.65693225042096
4529 0.65693225042096
4529 0.65693225042096
4529 1.13483962413451
4529 1.13483962413451
4529 1.13483962413451
4529 0.621681871783126
4820 0
4820 52.4575418965593
4820 52.4575418965593
4820 52.4575418965593
4820 52.4575418965593
4820 0
4820 4.31806184596379
4820 4.31806184596379
4820 17.6262098114515
4820 17.6262098114515
4820 17.6262098114515
4820 0
4820 1.20997765409178
4820 6.34181050716048
4820 6.34181050716048
4820 6.34181050716048
4820 0.73452343271322
4820 0.319952407068434
4820 0.831783600927938
4820 2.36653655913599
4820 0
4820 1.38872753580014
4820 0
4820 0
4820 13.2285772528462
4820 13.2285772528462
4820 0
4820 13.9912208257612
4820 13.9912208257612
4820 13.9912208257612
4820 2.82057729300058
4820 0
4820 0
4820 964.358135011162
4820 1.00962340647607
4820 1.00962340647607
4820 8.46827030493397
4820 8.46827030493397
4820 0.65693225042096
4820 0.65693225042096
4820 0.65693225042096
4820 1.13483962413451
4820 1.13483962413451
4820 1.13483962413451
4820 0.621681871783126
5355 0
5355 52.4575418965593
5355 52.4575418965593
5355 52.4575418965593
5355 52.4575418965593
5355 0
5355 4.31806184596379
5355 4.31806184596379
5355 17.6262098114515
5355 17.6262098114515
5355 17.6262098114515
5355 0
5355 1.20997765409178
5355 6.34181050716048
5355 6.34181050716048
5355 6.34181050716048
5355 0.73452343271322
5355 0.319952407068434
5355 0.831783600927938
5355 2.36653655913599
5355 0
5355 1.38872753580014
5355 0
5355 0
5355 13.2285772528462
5355 13.2285772528462
5355 0
5355 13.9912208257612
5355 13.9912208257612
5355 13.9912208257612
5355 2.82057729300058
5355 0
5355 0
5355 964.358135011162
5355 1.00962340647607
5355 1.00962340647607
5355 8.46827030493397
5355 8.46827030493397
5355 0.65693225042096
5355 0.65693225042096
5355 0.65693225042096
5355 1.13483962413451
5355 1.13483962413451
5355 1.13483962413451
5355 0.621681871783126
5160 0
5160 52.4575418965593
5160 52.4575418965593
5160 52.4575418965593
5160 52.4575418965593
5160 0
5160 4.31806184596379
5160 4.31806184596379
5160 17.6262098114515
5160 17.6262098114515
5160 17.6262098114515
5160 0
5160 1.20997765409178
5160 6.34181050716048
5160 6.34181050716048
5160 6.34181050716048
5160 0.73452343271322
5160 0.319952407068434
5160 0.831783600927938
5160 2.36653655913599
5160 0
5160 1.38872753580014
5160 0
5160 0
5160 13.2285772528462
5160 13.2285772528462
5160 0
5160 13.9912208257612
5160 13.9912208257612
5160 13.9912208257612
5160 2.82057729300058
5160 0
5160 0
5160 964.358135011162
5160 1.00962340647607
5160 1.00962340647607
5160 8.46827030493397
5160 8.46827030493397
5160 0.65693225042096
5160 0.65693225042096
5160 0.65693225042096
5160 1.13483962413451
5160 1.13483962413451
5160 1.13483962413451
5160 0.621681871783126
5427 0
5427 52.4575418965593
5427 52.4575418965593
5427 52.4575418965593
5427 52.4575418965593
5427 0
5427 4.31806184596379
5427 4.31806184596379
5427 17.6262098114515
5427 17.6262098114515
5427 17.6262098114515
5427 0
5427 1.20997765409178
5427 6.34181050716048
5427 6.34181050716048
5427 6.34181050716048
5427 0.73452343271322
5427 0.319952407068434
5427 0.831783600927938
5427 2.36653655913599
5427 0
5427 1.38872753580014
5427 0
5427 0
5427 13.2285772528462
5427 13.2285772528462
5427 0
5427 13.9912208257612
5427 13.9912208257612
5427 13.9912208257612
5427 2.82057729300058
5427 0
5427 0
5427 964.358135011162
5427 1.00962340647607
5427 1.00962340647607
5427 8.46827030493397
5427 8.46827030493397
5427 0.65693225042096
5427 0.65693225042096
5427 0.65693225042096
5427 1.13483962413451
5427 1.13483962413451
5427 1.13483962413451
5427 0.621681871783126
5618 0
5618 52.4575418965593
5618 52.4575418965593
5618 52.4575418965593
5618 52.4575418965593
5618 0
5618 4.31806184596379
5618 4.31806184596379
5618 17.6262098114515
5618 17.6262098114515
5618 17.6262098114515
5618 0
5618 1.20997765409178
5618 6.34181050716048
5618 6.34181050716048
5618 6.34181050716048
5618 0.73452343271322
5618 0.319952407068434
5618 0.831783600927938
5618 2.36653655913599
5618 0
5618 1.38872753580014
5618 0
5618 0
5618 13.2285772528462
5618 13.2285772528462
5618 0
5618 13.9912208257612
5618 13.9912208257612
5618 13.9912208257612
5618 2.82057729300058
5618 0
5618 0
5618 964.358135011162
5618 1.00962340647607
5618 1.00962340647607
5618 8.46827030493397
5618 8.46827030493397
5618 0.65693225042096
5618 0.65693225042096
5618 0.65693225042096
5618 1.13483962413451
5618 1.13483962413451
5618 1.13483962413451
5618 0.621681871783126
5615 0
5615 52.4575418965593
5615 52.4575418965593
5615 52.4575418965593
5615 52.4575418965593
5615 0
5615 4.31806184596379
5615 4.31806184596379
5615 17.6262098114515
5615 17.6262098114515
5615 17.6262098114515
5615 0
5615 1.20997765409178
5615 6.34181050716048
5615 6.34181050716048
5615 6.34181050716048
5615 0.73452343271322
5615 0.319952407068434
5615 0.831783600927938
5615 2.36653655913599
5615 0
5615 1.38872753580014
5615 0
5615 0
5615 13.2285772528462
5615 13.2285772528462
5615 0
5615 13.9912208257612
5615 13.9912208257612
5615 13.9912208257612
5615 2.82057729300058
5615 0
5615 0
5615 964.358135011162
5615 1.00962340647607
5615 1.00962340647607
5615 8.46827030493397
5615 8.46827030493397
5615 0.65693225042096
5615 0.65693225042096
5615 0.65693225042096
5615 1.13483962413451
5615 1.13483962413451
5615 1.13483962413451
5615 0.621681871783126
5614 0
5614 52.4575418965593
5614 52.4575418965593
5614 52.4575418965593
5614 52.4575418965593
5614 0
5614 4.31806184596379
5614 4.31806184596379
5614 17.6262098114515
5614 17.6262098114515
5614 17.6262098114515
5614 0
5614 1.20997765409178
5614 6.34181050716048
5614 6.34181050716048
5614 6.34181050716048
5614 0.73452343271322
5614 0.319952407068434
5614 0.831783600927938
5614 2.36653655913599
5614 0
5614 1.38872753580014
5614 0
5614 0
5614 13.2285772528462
5614 13.2285772528462
5614 0
5614 13.9912208257612
5614 13.9912208257612
5614 13.9912208257612
5614 2.82057729300058
5614 0
5614 0
5614 964.358135011162
5614 1.00962340647607
5614 1.00962340647607
5614 8.46827030493397
5614 8.46827030493397
5614 0.65693225042096
5614 0.65693225042096
5614 0.65693225042096
5614 1.13483962413451
5614 1.13483962413451
5614 1.13483962413451
5614 0.621681871783126
5517 0
5517 52.4575418965593
5517 52.4575418965593
5517 52.4575418965593
5517 52.4575418965593
5517 0
5517 4.31806184596379
5517 4.31806184596379
5517 17.6262098114515
5517 17.6262098114515
5517 17.6262098114515
5517 0
5517 1.20997765409178
5517 6.34181050716048
5517 6.34181050716048
5517 6.34181050716048
5517 0.73452343271322
5517 0.319952407068434
5517 0.831783600927938
5517 2.36653655913599
5517 0
5517 1.38872753580014
5517 0
5517 0
5517 13.2285772528462
5517 13.2285772528462
5517 0
5517 13.9912208257612
5517 13.9912208257612
5517 13.9912208257612
5517 2.82057729300058
5517 0
5517 0
5517 964.358135011162
5517 1.00962340647607
5517 1.00962340647607
5517 8.46827030493397
5517 8.46827030493397
5517 0.65693225042096
5517 0.65693225042096
5517 0.65693225042096
5517 1.13483962413451
5517 1.13483962413451
5517 1.13483962413451
5517 0.621681871783126
5611 0
5611 52.4575418965593
5611 52.4575418965593
5611 52.4575418965593
5611 52.4575418965593
5611 0
5611 4.31806184596379
5611 4.31806184596379
5611 17.6262098114515
5611 17.6262098114515
5611 17.6262098114515
5611 0
5611 1.20997765409178
5611 6.34181050716048
5611 6.34181050716048
5611 6.34181050716048
5611 0.73452343271322
5611 0.319952407068434
5611 0.831783600927938
5611 2.36653655913599
5611 0
5611 1.38872753580014
5611 0
5611 0
5611 13.2285772528462
5611 13.2285772528462
5611 0
5611 13.9912208257612
5611 13.9912208257612
5611 13.9912208257612
5611 2.82057729300058
5611 0
5611 0
5611 964.358135011162
5611 1.00962340647607
5611 1.00962340647607
5611 8.46827030493397
5611 8.46827030493397
5611 0.65693225042096
5611 0.65693225042096
5611 0.65693225042096
5611 1.13483962413451
5611 1.13483962413451
5611 1.13483962413451
5611 0.621681871783126
5606 0
5606 52.4575418965593
5606 52.4575418965593
5606 52.4575418965593
5606 52.4575418965593
5606 0
5606 4.31806184596379
5606 4.31806184596379
5606 17.6262098114515
5606 17.6262098114515
5606 17.6262098114515
5606 0
5606 1.20997765409178
5606 6.34181050716048
5606 6.34181050716048
5606 6.34181050716048
5606 0.73452343271322
5606 0.319952407068434
5606 0.831783600927938
5606 2.36653655913599
5606 0
5606 1.38872753580014
5606 0
5606 0
5606 13.2285772528462
5606 13.2285772528462
5606 0
5606 13.9912208257612
5606 13.9912208257612
5606 13.9912208257612
5606 2.82057729300058
5606 0
5606 0
5606 964.358135011162
5606 1.00962340647607
5606 1.00962340647607
5606 8.46827030493397
5606 8.46827030493397
5606 0.65693225042096
5606 0.65693225042096
5606 0.65693225042096
5606 1.13483962413451
5606 1.13483962413451
5606 1.13483962413451
5606 0.621681871783126
5605 0
5605 52.4575418965593
5605 52.4575418965593
5605 52.4575418965593
5605 52.4575418965593
5605 0
5605 4.31806184596379
5605 4.31806184596379
5605 17.6262098114515
5605 17.6262098114515
5605 17.6262098114515
5605 0
5605 1.20997765409178
5605 6.34181050716048
5605 6.34181050716048
5605 6.34181050716048
5605 0.73452343271322
5605 0.319952407068434
5605 0.831783600927938
5605 2.36653655913599
5605 0
5605 1.38872753580014
5605 0
5605 0
5605 13.2285772528462
5605 13.2285772528462
5605 0
5605 13.9912208257612
5605 13.9912208257612
5605 13.9912208257612
5605 2.82057729300058
5605 0
5605 0
5605 964.358135011162
5605 1.00962340647607
5605 1.00962340647607
5605 8.46827030493397
5605 8.46827030493397
5605 0.65693225042096
5605 0.65693225042096
5605 0.65693225042096
5605 1.13483962413451
5605 1.13483962413451
5605 1.13483962413451
5605 0.621681871783126
5796 0
5796 52.4575418965593
5796 52.4575418965593
5796 52.4575418965593
5796 52.4575418965593
5796 0
5796 4.31806184596379
5796 4.31806184596379
5796 17.6262098114515
5796 17.6262098114515
5796 17.6262098114515
5796 0
5796 1.20997765409178
5796 6.34181050716048
5796 6.34181050716048
5796 6.34181050716048
5796 0.73452343271322
5796 0.319952407068434
5796 0.831783600927938
5796 2.36653655913599
5796 0
5796 1.38872753580014
5796 0
5796 0
5796 13.2285772528462
5796 13.2285772528462
5796 0
5796 13.9912208257612
5796 13.9912208257612
5796 13.9912208257612
5796 2.82057729300058
5796 0
5796 0
5796 964.358135011162
5796 1.00962340647607
5796 1.00962340647607
5796 8.46827030493397
5796 8.46827030493397
5796 0.65693225042096
5796 0.65693225042096
5796 0.65693225042096
5796 1.13483962413451
5796 1.13483962413451
5796 1.13483962413451
5796 0.621681871783126
5599 0
5599 52.4575418965593
5599 52.4575418965593
5599 52.4575418965593
5599 52.4575418965593
5599 0
5599 4.31806184596379
5599 4.31806184596379
5599 17.6262098114515
5599 17.6262098114515
5599 17.6262098114515
5599 0
5599 1.20997765409178
5599 6.34181050716048
5599 6.34181050716048
5599 6.34181050716048
5599 0.73452343271322
5599 0.319952407068434
5599 0.831783600927938
5599 2.36653655913599
5599 0
5599 1.38872753580014
5599 0
5599 0
5599 13.2285772528462
5599 13.2285772528462
5599 0
5599 13.9912208257612
5599 13.9912208257612
5599 13.9912208257612
5599 2.82057729300058
5599 0
5599 0
5599 964.358135011162
5599 1.00962340647607
5599 1.00962340647607
5599 8.46827030493397
5599 8.46827030493397
5599 0.65693225042096
5599 0.65693225042096
5599 0.65693225042096
5599 1.13483962413451
5599 1.13483962413451
5599 1.13483962413451
5599 0.621681871783126
5795 0
5795 52.4575418965593
5795 52.4575418965593
5795 52.4575418965593
5795 52.4575418965593
5795 0
5795 4.31806184596379
5795 4.31806184596379
5795 17.6262098114515
5795 17.6262098114515
5795 17.6262098114515
5795 0
5795 1.20997765409178
5795 6.34181050716048
5795 6.34181050716048
5795 6.34181050716048
5795 0.73452343271322
5795 0.319952407068434
5795 0.831783600927938
5795 2.36653655913599
5795 0
5795 1.38872753580014
5795 0
5795 0
5795 13.2285772528462
5795 13.2285772528462
5795 0
5795 13.9912208257612
5795 13.9912208257612
5795 13.9912208257612
5795 2.82057729300058
5795 0
5795 0
5795 964.358135011162
5795 1.00962340647607
5795 1.00962340647607
5795 8.46827030493397
5795 8.46827030493397
5795 0.65693225042096
5795 0.65693225042096
5795 0.65693225042096
5795 1.13483962413451
5795 1.13483962413451
5795 1.13483962413451
5795 0.621681871783126
5694 0
5694 52.4575418965593
5694 52.4575418965593
5694 52.4575418965593
5694 52.4575418965593
5694 0
5694 4.31806184596379
5694 4.31806184596379
5694 17.6262098114515
5694 17.6262098114515
5694 17.6262098114515
5694 0
5694 1.20997765409178
5694 6.34181050716048
5694 6.34181050716048
5694 6.34181050716048
5694 0.73452343271322
5694 0.319952407068434
5694 0.831783600927938
5694 2.36653655913599
5694 0
5694 1.38872753580014
5694 0
5694 0
5694 13.2285772528462
5694 13.2285772528462
5694 0
5694 13.9912208257612
5694 13.9912208257612
5694 13.9912208257612
5694 2.82057729300058
5694 0
5694 0
5694 964.358135011162
5694 1.00962340647607
5694 1.00962340647607
5694 8.46827030493397
5694 8.46827030493397
5694 0.65693225042096
5694 0.65693225042096
5694 0.65693225042096
5694 1.13483962413451
5694 1.13483962413451
5694 1.13483962413451
5694 0.621681871783126
5692 0
5692 52.4575418965593
5692 52.4575418965593
5692 52.4575418965593
5692 52.4575418965593
5692 0
5692 4.31806184596379
5692 4.31806184596379
5692 17.6262098114515
5692 17.6262098114515
5692 17.6262098114515
5692 0
5692 1.20997765409178
5692 6.34181050716048
5692 6.34181050716048
5692 6.34181050716048
5692 0.73452343271322
5692 0.319952407068434
5692 0.831783600927938
5692 2.36653655913599
5692 0
5692 1.38872753580014
5692 0
5692 0
5692 13.2285772528462
5692 13.2285772528462
5692 0
5692 13.9912208257612
5692 13.9912208257612
5692 13.9912208257612
5692 2.82057729300058
5692 0
5692 0
5692 964.358135011162
5692 1.00962340647607
5692 1.00962340647607
5692 8.46827030493397
5692 8.46827030493397
5692 0.65693225042096
5692 0.65693225042096
5692 0.65693225042096
5692 1.13483962413451
5692 1.13483962413451
5692 1.13483962413451
5692 0.621681871783126
5690 0
5690 52.4575418965593
5690 52.4575418965593
5690 52.4575418965593
5690 52.4575418965593
5690 0
5690 4.31806184596379
5690 4.31806184596379
5690 17.6262098114515
5690 17.6262098114515
5690 17.6262098114515
5690 0
5690 1.20997765409178
5690 6.34181050716048
5690 6.34181050716048
5690 6.34181050716048
5690 0.73452343271322
5690 0.319952407068434
5690 0.831783600927938
5690 2.36653655913599
5690 0
5690 1.38872753580014
5690 0
5690 0
5690 13.2285772528462
5690 13.2285772528462
5690 0
5690 13.9912208257612
5690 13.9912208257612
5690 13.9912208257612
5690 2.82057729300058
5690 0
5690 0
5690 964.358135011162
5690 1.00962340647607
5690 1.00962340647607
5690 8.46827030493397
5690 8.46827030493397
5690 0.65693225042096
5690 0.65693225042096
5690 0.65693225042096
5690 1.13483962413451
5690 1.13483962413451
5690 1.13483962413451
5690 0.621681871783126
5689 0
5689 52.4575418965593
5689 52.4575418965593
5689 52.4575418965593
5689 52.4575418965593
5689 0
5689 4.31806184596379
5689 4.31806184596379
5689 17.6262098114515
5689 17.6262098114515
5689 17.6262098114515
5689 0
5689 1.20997765409178
5689 6.34181050716048
5689 6.34181050716048
5689 6.34181050716048
5689 0.73452343271322
5689 0.319952407068434
5689 0.831783600927938
5689 2.36653655913599
5689 0
5689 1.38872753580014
5689 0
5689 0
5689 13.2285772528462
5689 13.2285772528462
5689 0
5689 13.9912208257612
5689 13.9912208257612
5689 13.9912208257612
5689 2.82057729300058
5689 0
5689 0
5689 964.358135011162
5689 1.00962340647607
5689 1.00962340647607
5689 8.46827030493397
5689 8.46827030493397
5689 0.65693225042096
5689 0.65693225042096
5689 0.65693225042096
5689 1.13483962413451
5689 1.13483962413451
5689 1.13483962413451
5689 0.621681871783126
5788 0
5788 52.4575418965593
5788 52.4575418965593
5788 52.4575418965593
5788 52.4575418965593
5788 0
5788 4.31806184596379
5788 4.31806184596379
5788 17.6262098114515
5788 17.6262098114515
5788 17.6262098114515
5788 0
5788 1.20997765409178
5788 6.34181050716048
5788 6.34181050716048
5788 6.34181050716048
5788 0.73452343271322
5788 0.319952407068434
5788 0.831783600927938
5788 2.36653655913599
5788 0
5788 1.38872753580014
5788 0
5788 0
5788 13.2285772528462
5788 13.2285772528462
5788 0
5788 13.9912208257612
5788 13.9912208257612
5788 13.9912208257612
5788 2.82057729300058
5788 0
5788 0
5788 964.358135011162
5788 1.00962340647607
5788 1.00962340647607
5788 8.46827030493397
5788 8.46827030493397
5788 0.65693225042096
5788 0.65693225042096
5788 0.65693225042096
5788 1.13483962413451
5788 1.13483962413451
5788 1.13483962413451
5788 0.621681871783126
5887 0
5887 52.4575418965593
5887 52.4575418965593
5887 52.4575418965593
5887 52.4575418965593
5887 0
5887 4.31806184596379
5887 4.31806184596379
5887 17.6262098114515
5887 17.6262098114515
5887 17.6262098114515
5887 0
5887 1.20997765409178
5887 6.34181050716048
5887 6.34181050716048
5887 6.34181050716048
5887 0.73452343271322
5887 0.319952407068434
5887 0.831783600927938
5887 2.36653655913599
5887 0
5887 1.38872753580014
5887 0
5887 0
5887 13.2285772528462
5887 13.2285772528462
5887 0
5887 13.9912208257612
5887 13.9912208257612
5887 13.9912208257612
5887 2.82057729300058
5887 0
5887 0
5887 964.358135011162
5887 1.00962340647607
5887 1.00962340647607
5887 8.46827030493397
5887 8.46827030493397
5887 0.65693225042096
5887 0.65693225042096
5887 0.65693225042096
5887 1.13483962413451
5887 1.13483962413451
5887 1.13483962413451
5887 0.621681871783126
5786 0
5786 52.4575418965593
5786 52.4575418965593
5786 52.4575418965593
5786 52.4575418965593
5786 0
5786 4.31806184596379
5786 4.31806184596379
5786 17.6262098114515
5786 17.6262098114515
5786 17.6262098114515
5786 0
5786 1.20997765409178
5786 6.34181050716048
5786 6.34181050716048
5786 6.34181050716048
5786 0.73452343271322
5786 0.319952407068434
5786 0.831783600927938
5786 2.36653655913599
5786 0
5786 1.38872753580014
5786 0
5786 0
5786 13.2285772528462
5786 13.2285772528462
5786 0
5786 13.9912208257612
5786 13.9912208257612
5786 13.9912208257612
5786 2.82057729300058
5786 0
5786 0
5786 964.358135011162
5786 1.00962340647607
5786 1.00962340647607
5786 8.46827030493397
5786 8.46827030493397
5786 0.65693225042096
5786 0.65693225042096
5786 0.65693225042096
5786 1.13483962413451
5786 1.13483962413451
5786 1.13483962413451
5786 0.621681871783126
5780 0
5780 52.4575418965593
5780 52.4575418965593
5780 52.4575418965593
5780 52.4575418965593
5780 0
5780 4.31806184596379
5780 4.31806184596379
5780 17.6262098114515
5780 17.6262098114515
5780 17.6262098114515
5780 0
5780 1.20997765409178
5780 6.34181050716048
5780 6.34181050716048
5780 6.34181050716048
5780 0.73452343271322
5780 0.319952407068434
5780 0.831783600927938
5780 2.36653655913599
5780 0
5780 1.38872753580014
5780 0
5780 0
5780 13.2285772528462
5780 13.2285772528462
5780 0
5780 13.9912208257612
5780 13.9912208257612
5780 13.9912208257612
5780 2.82057729300058
5780 0
5780 0
5780 964.358135011162
5780 1.00962340647607
5780 1.00962340647607
5780 8.46827030493397
5780 8.46827030493397
5780 0.65693225042096
5780 0.65693225042096
5780 0.65693225042096
5780 1.13483962413451
5780 1.13483962413451
5780 1.13483962413451
5780 0.621681871783126
5777 0
5777 52.4575418965593
5777 52.4575418965593
5777 52.4575418965593
5777 52.4575418965593
5777 0
5777 4.31806184596379
5777 4.31806184596379
5777 17.6262098114515
5777 17.6262098114515
5777 17.6262098114515
5777 0
5777 1.20997765409178
5777 6.34181050716048
5777 6.34181050716048
5777 6.34181050716048
5777 0.73452343271322
5777 0.319952407068434
5777 0.831783600927938
5777 2.36653655913599
5777 0
5777 1.38872753580014
5777 0
5777 0
5777 13.2285772528462
5777 13.2285772528462
5777 0
5777 13.9912208257612
5777 13.9912208257612
5777 13.9912208257612
5777 2.82057729300058
5777 0
5777 0
5777 964.358135011162
5777 1.00962340647607
5777 1.00962340647607
5777 8.46827030493397
5777 8.46827030493397
5777 0.65693225042096
5777 0.65693225042096
5777 0.65693225042096
5777 1.13483962413451
5777 1.13483962413451
5777 1.13483962413451
5777 0.621681871783126
5879 0
5879 52.4575418965593
5879 52.4575418965593
5879 52.4575418965593
5879 52.4575418965593
5879 0
5879 4.31806184596379
5879 4.31806184596379
5879 17.6262098114515
5879 17.6262098114515
5879 17.6262098114515
5879 0
5879 1.20997765409178
5879 6.34181050716048
5879 6.34181050716048
5879 6.34181050716048
5879 0.73452343271322
5879 0.319952407068434
5879 0.831783600927938
5879 2.36653655913599
5879 0
5879 1.38872753580014
5879 0
5879 0
5879 13.2285772528462
5879 13.2285772528462
5879 0
5879 13.9912208257612
5879 13.9912208257612
5879 13.9912208257612
5879 2.82057729300058
5879 0
5879 0
5879 964.358135011162
5879 1.00962340647607
5879 1.00962340647607
5879 8.46827030493397
5879 8.46827030493397
5879 0.65693225042096
5879 0.65693225042096
5879 0.65693225042096
5879 1.13483962413451
5879 1.13483962413451
5879 1.13483962413451
5879 0.621681871783126
5984 0
5984 52.4575418965593
5984 52.4575418965593
5984 52.4575418965593
5984 52.4575418965593
5984 0
5984 4.31806184596379
5984 4.31806184596379
5984 17.6262098114515
5984 17.6262098114515
5984 17.6262098114515
5984 0
5984 1.20997765409178
5984 6.34181050716048
5984 6.34181050716048
5984 6.34181050716048
5984 0.73452343271322
5984 0.319952407068434
5984 0.831783600927938
5984 2.36653655913599
5984 0
5984 1.38872753580014
5984 0
5984 0
5984 13.2285772528462
5984 13.2285772528462
5984 0
5984 13.9912208257612
5984 13.9912208257612
5984 13.9912208257612
5984 2.82057729300058
5984 0
5984 0
5984 964.358135011162
5984 1.00962340647607
5984 1.00962340647607
5984 8.46827030493397
5984 8.46827030493397
5984 0.65693225042096
5984 0.65693225042096
5984 0.65693225042096
5984 1.13483962413451
5984 1.13483962413451
5984 1.13483962413451
5984 0.621681871783126
5871 0
5871 52.4575418965593
5871 52.4575418965593
5871 52.4575418965593
5871 52.4575418965593
5871 0
5871 4.31806184596379
5871 4.31806184596379
5871 17.6262098114515
5871 17.6262098114515
5871 17.6262098114515
5871 0
5871 1.20997765409178
5871 6.34181050716048
5871 6.34181050716048
5871 6.34181050716048
5871 0.73452343271322
5871 0.319952407068434
5871 0.831783600927938
5871 2.36653655913599
5871 0
5871 1.38872753580014
5871 0
5871 0
5871 13.2285772528462
5871 13.2285772528462
5871 0
5871 13.9912208257612
5871 13.9912208257612
5871 13.9912208257612
5871 2.82057729300058
5871 0
5871 0
5871 964.358135011162
5871 1.00962340647607
5871 1.00962340647607
5871 8.46827030493397
5871 8.46827030493397
5871 0.65693225042096
5871 0.65693225042096
5871 0.65693225042096
5871 1.13483962413451
5871 1.13483962413451
5871 1.13483962413451
5871 0.621681871783126
5977 0
5977 52.4575418965593
5977 52.4575418965593
5977 52.4575418965593
5977 52.4575418965593
5977 0
5977 4.31806184596379
5977 4.31806184596379
5977 17.6262098114515
5977 17.6262098114515
5977 17.6262098114515
5977 0
5977 1.20997765409178
5977 6.34181050716048
5977 6.34181050716048
5977 6.34181050716048
5977 0.73452343271322
5977 0.319952407068434
5977 0.831783600927938
5977 2.36653655913599
5977 0
5977 1.38872753580014
5977 0
5977 0
5977 13.2285772528462
5977 13.2285772528462
5977 0
5977 13.9912208257612
5977 13.9912208257612
5977 13.9912208257612
5977 2.82057729300058
5977 0
5977 0
5977 964.358135011162
5977 1.00962340647607
5977 1.00962340647607
5977 8.46827030493397
5977 8.46827030493397
5977 0.65693225042096
5977 0.65693225042096
5977 0.65693225042096
5977 1.13483962413451
5977 1.13483962413451
5977 1.13483962413451
5977 0.621681871783126
5976 0
5976 52.4575418965593
5976 52.4575418965593
5976 52.4575418965593
5976 52.4575418965593
5976 0
5976 4.31806184596379
5976 4.31806184596379
5976 17.6262098114515
5976 17.6262098114515
5976 17.6262098114515
5976 0
5976 1.20997765409178
5976 6.34181050716048
5976 6.34181050716048
5976 6.34181050716048
5976 0.73452343271322
5976 0.319952407068434
5976 0.831783600927938
5976 2.36653655913599
5976 0
5976 1.38872753580014
5976 0
5976 0
5976 13.2285772528462
5976 13.2285772528462
5976 0
5976 13.9912208257612
5976 13.9912208257612
5976 13.9912208257612
5976 2.82057729300058
5976 0
5976 0
5976 964.358135011162
5976 1.00962340647607
5976 1.00962340647607
5976 8.46827030493397
5976 8.46827030493397
5976 0.65693225042096
5976 0.65693225042096
5976 0.65693225042096
5976 1.13483962413451
5976 1.13483962413451
5976 1.13483962413451
5976 0.621681871783126
5973 0
5973 52.4575418965593
5973 52.4575418965593
5973 52.4575418965593
5973 52.4575418965593
5973 0
5973 4.31806184596379
5973 4.31806184596379
5973 17.6262098114515
5973 17.6262098114515
5973 17.6262098114515
5973 0
5973 1.20997765409178
5973 6.34181050716048
5973 6.34181050716048
5973 6.34181050716048
5973 0.73452343271322
5973 0.319952407068434
5973 0.831783600927938
5973 2.36653655913599
5973 0
5973 1.38872753580014
5973 0
5973 0
5973 13.2285772528462
5973 13.2285772528462
5973 0
5973 13.9912208257612
5973 13.9912208257612
5973 13.9912208257612
5973 2.82057729300058
5973 0
5973 0
5973 964.358135011162
5973 1.00962340647607
5973 1.00962340647607
5973 8.46827030493397
5973 8.46827030493397
5973 0.65693225042096
5973 0.65693225042096
5973 0.65693225042096
5973 1.13483962413451
5973 1.13483962413451
5973 1.13483962413451
5973 0.621681871783126
5970 0
5970 52.4575418965593
5970 52.4575418965593
5970 52.4575418965593
5970 52.4575418965593
5970 0
5970 4.31806184596379
5970 4.31806184596379
5970 17.6262098114515
5970 17.6262098114515
5970 17.6262098114515
5970 0
5970 1.20997765409178
5970 6.34181050716048
5970 6.34181050716048
5970 6.34181050716048
5970 0.73452343271322
5970 0.319952407068434
5970 0.831783600927938
5970 2.36653655913599
5970 0
5970 1.38872753580014
5970 0
5970 0
5970 13.2285772528462
5970 13.2285772528462
5970 0
5970 13.9912208257612
5970 13.9912208257612
5970 13.9912208257612
5970 2.82057729300058
5970 0
5970 0
5970 964.358135011162
5970 1.00962340647607
5970 1.00962340647607
5970 8.46827030493397
5970 8.46827030493397
5970 0.65693225042096
5970 0.65693225042096
5970 0.65693225042096
5970 1.13483962413451
5970 1.13483962413451
5970 1.13483962413451
5970 0.621681871783126
6082 0
6082 52.4575418965593
6082 52.4575418965593
6082 52.4575418965593
6082 52.4575418965593
6082 0
6082 4.31806184596379
6082 4.31806184596379
6082 17.6262098114515
6082 17.6262098114515
6082 17.6262098114515
6082 0
6082 1.20997765409178
6082 6.34181050716048
6082 6.34181050716048
6082 6.34181050716048
6082 0.73452343271322
6082 0.319952407068434
6082 0.831783600927938
6082 2.36653655913599
6082 0
6082 1.38872753580014
6082 0
6082 0
6082 13.2285772528462
6082 13.2285772528462
6082 0
6082 13.9912208257612
6082 13.9912208257612
6082 13.9912208257612
6082 2.82057729300058
6082 0
6082 0
6082 964.358135011162
6082 1.00962340647607
6082 1.00962340647607
6082 8.46827030493397
6082 8.46827030493397
6082 0.65693225042096
6082 0.65693225042096
6082 0.65693225042096
6082 1.13483962413451
6082 1.13483962413451
6082 1.13483962413451
6082 0.621681871783126
6080 0
6080 52.4575418965593
6080 52.4575418965593
6080 52.4575418965593
6080 52.4575418965593
6080 0
6080 4.31806184596379
6080 4.31806184596379
6080 17.6262098114515
6080 17.6262098114515
6080 17.6262098114515
6080 0
6080 1.20997765409178
6080 6.34181050716048
6080 6.34181050716048
6080 6.34181050716048
6080 0.73452343271322
6080 0.319952407068434
6080 0.831783600927938
6080 2.36653655913599
6080 0
6080 1.38872753580014
6080 0
6080 0
6080 13.2285772528462
6080 13.2285772528462
6080 0
6080 13.9912208257612
6080 13.9912208257612
6080 13.9912208257612
6080 2.82057729300058
6080 0
6080 0
6080 964.358135011162
6080 1.00962340647607
6080 1.00962340647607
6080 8.46827030493397
6080 8.46827030493397
6080 0.65693225042096
6080 0.65693225042096
6080 0.65693225042096
6080 1.13483962413451
6080 1.13483962413451
6080 1.13483962413451
6080 0.621681871783126
6079 0
6079 52.4575418965593
6079 52.4575418965593
6079 52.4575418965593
6079 52.4575418965593
6079 0
6079 4.31806184596379
6079 4.31806184596379
6079 17.6262098114515
6079 17.6262098114515
6079 17.6262098114515
6079 0
6079 1.20997765409178
6079 6.34181050716048
6079 6.34181050716048
6079 6.34181050716048
6079 0.73452343271322
6079 0.319952407068434
6079 0.831783600927938
6079 2.36653655913599
6079 0
6079 1.38872753580014
6079 0
6079 0
6079 13.2285772528462
6079 13.2285772528462
6079 0
6079 13.9912208257612
6079 13.9912208257612
6079 13.9912208257612
6079 2.82057729300058
6079 0
6079 0
6079 964.358135011162
6079 1.00962340647607
6079 1.00962340647607
6079 8.46827030493397
6079 8.46827030493397
6079 0.65693225042096
6079 0.65693225042096
6079 0.65693225042096
6079 1.13483962413451
6079 1.13483962413451
6079 1.13483962413451
6079 0.621681871783126
6078 0
6078 52.4575418965593
6078 52.4575418965593
6078 52.4575418965593
6078 52.4575418965593
6078 0
6078 4.31806184596379
6078 4.31806184596379
6078 17.6262098114515
6078 17.6262098114515
6078 17.6262098114515
6078 0
6078 1.20997765409178
6078 6.34181050716048
6078 6.34181050716048
6078 6.34181050716048
6078 0.73452343271322
6078 0.319952407068434
6078 0.831783600927938
6078 2.36653655913599
6078 0
6078 1.38872753580014
6078 0
6078 0
6078 13.2285772528462
6078 13.2285772528462
6078 0
6078 13.9912208257612
6078 13.9912208257612
6078 13.9912208257612
6078 2.82057729300058
6078 0
6078 0
6078 964.358135011162
6078 1.00962340647607
6078 1.00962340647607
6078 8.46827030493397
6078 8.46827030493397
6078 0.65693225042096
6078 0.65693225042096
6078 0.65693225042096
6078 1.13483962413451
6078 1.13483962413451
6078 1.13483962413451
6078 0.621681871783126
6077 0
6077 52.4575418965593
6077 52.4575418965593
6077 52.4575418965593
6077 52.4575418965593
6077 0
6077 4.31806184596379
6077 4.31806184596379
6077 17.6262098114515
6077 17.6262098114515
6077 17.6262098114515
6077 0
6077 1.20997765409178
6077 6.34181050716048
6077 6.34181050716048
6077 6.34181050716048
6077 0.73452343271322
6077 0.319952407068434
6077 0.831783600927938
6077 2.36653655913599
6077 0
6077 1.38872753580014
6077 0
6077 0
6077 13.2285772528462
6077 13.2285772528462
6077 0
6077 13.9912208257612
6077 13.9912208257612
6077 13.9912208257612
6077 2.82057729300058
6077 0
6077 0
6077 964.358135011162
6077 1.00962340647607
6077 1.00962340647607
6077 8.46827030493397
6077 8.46827030493397
6077 0.65693225042096
6077 0.65693225042096
6077 0.65693225042096
6077 1.13483962413451
6077 1.13483962413451
6077 1.13483962413451
6077 0.621681871783126
6074 0
6074 52.4575418965593
6074 52.4575418965593
6074 52.4575418965593
6074 52.4575418965593
6074 0
6074 4.31806184596379
6074 4.31806184596379
6074 17.6262098114515
6074 17.6262098114515
6074 17.6262098114515
6074 0
6074 1.20997765409178
6074 6.34181050716048
6074 6.34181050716048
6074 6.34181050716048
6074 0.73452343271322
6074 0.319952407068434
6074 0.831783600927938
6074 2.36653655913599
6074 0
6074 1.38872753580014
6074 0
6074 0
6074 13.2285772528462
6074 13.2285772528462
6074 0
6074 13.9912208257612
6074 13.9912208257612
6074 13.9912208257612
6074 2.82057729300058
6074 0
6074 0
6074 964.358135011162
6074 1.00962340647607
6074 1.00962340647607
6074 8.46827030493397
6074 8.46827030493397
6074 0.65693225042096
6074 0.65693225042096
6074 0.65693225042096
6074 1.13483962413451
6074 1.13483962413451
6074 1.13483962413451
6074 0.621681871783126
6073 0
6073 52.4575418965593
6073 52.4575418965593
6073 52.4575418965593
6073 52.4575418965593
6073 0
6073 4.31806184596379
6073 4.31806184596379
6073 17.6262098114515
6073 17.6262098114515
6073 17.6262098114515
6073 0
6073 1.20997765409178
6073 6.34181050716048
6073 6.34181050716048
6073 6.34181050716048
6073 0.73452343271322
6073 0.319952407068434
6073 0.831783600927938
6073 2.36653655913599
6073 0
6073 1.38872753580014
6073 0
6073 0
6073 13.2285772528462
6073 13.2285772528462
6073 0
6073 13.9912208257612
6073 13.9912208257612
6073 13.9912208257612
6073 2.82057729300058
6073 0
6073 0
6073 964.358135011162
6073 1.00962340647607
6073 1.00962340647607
6073 8.46827030493397
6073 8.46827030493397
6073 0.65693225042096
6073 0.65693225042096
6073 0.65693225042096
6073 1.13483962413451
6073 1.13483962413451
6073 1.13483962413451
6073 0.621681871783126
6072 0
6072 52.4575418965593
6072 52.4575418965593
6072 52.4575418965593
6072 52.4575418965593
6072 0
6072 4.31806184596379
6072 4.31806184596379
6072 17.6262098114515
6072 17.6262098114515
6072 17.6262098114515
6072 0
6072 1.20997765409178
6072 6.34181050716048
6072 6.34181050716048
6072 6.34181050716048
6072 0.73452343271322
6072 0.319952407068434
6072 0.831783600927938
6072 2.36653655913599
6072 0
6072 1.38872753580014
6072 0
6072 0
6072 13.2285772528462
6072 13.2285772528462
6072 0
6072 13.9912208257612
6072 13.9912208257612
6072 13.9912208257612
6072 2.82057729300058
6072 0
6072 0
6072 964.358135011162
6072 1.00962340647607
6072 1.00962340647607
6072 8.46827030493397
6072 8.46827030493397
6072 0.65693225042096
6072 0.65693225042096
6072 0.65693225042096
6072 1.13483962413451
6072 1.13483962413451
6072 1.13483962413451
6072 0.621681871783126
6180 0
6180 52.4575418965593
6180 52.4575418965593
6180 52.4575418965593
6180 52.4575418965593
6180 0
6180 4.31806184596379
6180 4.31806184596379
6180 17.6262098114515
6180 17.6262098114515
6180 17.6262098114515
6180 0
6180 1.20997765409178
6180 6.34181050716048
6180 6.34181050716048
6180 6.34181050716048
6180 0.73452343271322
6180 0.319952407068434
6180 0.831783600927938
6180 2.36653655913599
6180 0
6180 1.38872753580014
6180 0
6180 0
6180 13.2285772528462
6180 13.2285772528462
6180 0
6180 13.9912208257612
6180 13.9912208257612
6180 13.9912208257612
6180 2.82057729300058
6180 0
6180 0
6180 964.358135011162
6180 1.00962340647607
6180 1.00962340647607
6180 8.46827030493397
6180 8.46827030493397
6180 0.65693225042096
6180 0.65693225042096
6180 0.65693225042096
6180 1.13483962413451
6180 1.13483962413451
6180 1.13483962413451
6180 0.621681871783126
6179 0
6179 52.4575418965593
6179 52.4575418965593
6179 52.4575418965593
6179 52.4575418965593
6179 0
6179 4.31806184596379
6179 4.31806184596379
6179 17.6262098114515
6179 17.6262098114515
6179 17.6262098114515
6179 0
6179 1.20997765409178
6179 6.34181050716048
6179 6.34181050716048
6179 6.34181050716048
6179 0.73452343271322
6179 0.319952407068434
6179 0.831783600927938
6179 2.36653655913599
6179 0
6179 1.38872753580014
6179 0
6179 0
6179 13.2285772528462
6179 13.2285772528462
6179 0
6179 13.9912208257612
6179 13.9912208257612
6179 13.9912208257612
6179 2.82057729300058
6179 0
6179 0
6179 964.358135011162
6179 1.00962340647607
6179 1.00962340647607
6179 8.46827030493397
6179 8.46827030493397
6179 0.65693225042096
6179 0.65693225042096
6179 0.65693225042096
6179 1.13483962413451
6179 1.13483962413451
6179 1.13483962413451
6179 0.621681871783126
6178 0
6178 52.4575418965593
6178 52.4575418965593
6178 52.4575418965593
6178 52.4575418965593
6178 0
6178 4.31806184596379
6178 4.31806184596379
6178 17.6262098114515
6178 17.6262098114515
6178 17.6262098114515
6178 0
6178 1.20997765409178
6178 6.34181050716048
6178 6.34181050716048
6178 6.34181050716048
6178 0.73452343271322
6178 0.319952407068434
6178 0.831783600927938
6178 2.36653655913599
6178 0
6178 1.38872753580014
6178 0
6178 0
6178 13.2285772528462
6178 13.2285772528462
6178 0
6178 13.9912208257612
6178 13.9912208257612
6178 13.9912208257612
6178 2.82057729300058
6178 0
6178 0
6178 964.358135011162
6178 1.00962340647607
6178 1.00962340647607
6178 8.46827030493397
6178 8.46827030493397
6178 0.65693225042096
6178 0.65693225042096
6178 0.65693225042096
6178 1.13483962413451
6178 1.13483962413451
6178 1.13483962413451
6178 0.621681871783126
6177 0
6177 52.4575418965593
6177 52.4575418965593
6177 52.4575418965593
6177 52.4575418965593
6177 0
6177 4.31806184596379
6177 4.31806184596379
6177 17.6262098114515
6177 17.6262098114515
6177 17.6262098114515
6177 0
6177 1.20997765409178
6177 6.34181050716048
6177 6.34181050716048
6177 6.34181050716048
6177 0.73452343271322
6177 0.319952407068434
6177 0.831783600927938
6177 2.36653655913599
6177 0
6177 1.38872753580014
6177 0
6177 0
6177 13.2285772528462
6177 13.2285772528462
6177 0
6177 13.9912208257612
6177 13.9912208257612
6177 13.9912208257612
6177 2.82057729300058
6177 0
6177 0
6177 964.358135011162
6177 1.00962340647607
6177 1.00962340647607
6177 8.46827030493397
6177 8.46827030493397
6177 0.65693225042096
6177 0.65693225042096
6177 0.65693225042096
6177 1.13483962413451
6177 1.13483962413451
6177 1.13483962413451
6177 0.621681871783126
6064 0
6064 52.4575418965593
6064 52.4575418965593
6064 52.4575418965593
6064 52.4575418965593
6064 0
6064 4.31806184596379
6064 4.31806184596379
6064 17.6262098114515
6064 17.6262098114515
6064 17.6262098114515
6064 0
6064 1.20997765409178
6064 6.34181050716048
6064 6.34181050716048
6064 6.34181050716048
6064 0.73452343271322
6064 0.319952407068434
6064 0.831783600927938
6064 2.36653655913599
6064 0
6064 1.38872753580014
6064 0
6064 0
6064 13.2285772528462
6064 13.2285772528462
6064 0
6064 13.9912208257612
6064 13.9912208257612
6064 13.9912208257612
6064 2.82057729300058
6064 0
6064 0
6064 964.358135011162
6064 1.00962340647607
6064 1.00962340647607
6064 8.46827030493397
6064 8.46827030493397
6064 0.65693225042096
6064 0.65693225042096
6064 0.65693225042096
6064 1.13483962413451
6064 1.13483962413451
6064 1.13483962413451
6064 0.621681871783126
6175 0
6175 52.4575418965593
6175 52.4575418965593
6175 52.4575418965593
6175 52.4575418965593
6175 0
6175 4.31806184596379
6175 4.31806184596379
6175 17.6262098114515
6175 17.6262098114515
6175 17.6262098114515
6175 0
6175 1.20997765409178
6175 6.34181050716048
6175 6.34181050716048
6175 6.34181050716048
6175 0.73452343271322
6175 0.319952407068434
6175 0.831783600927938
6175 2.36653655913599
6175 0
6175 1.38872753580014
6175 0
6175 0
6175 13.2285772528462
6175 13.2285772528462
6175 0
6175 13.9912208257612
6175 13.9912208257612
6175 13.9912208257612
6175 2.82057729300058
6175 0
6175 0
6175 964.358135011162
6175 1.00962340647607
6175 1.00962340647607
6175 8.46827030493397
6175 8.46827030493397
6175 0.65693225042096
6175 0.65693225042096
6175 0.65693225042096
6175 1.13483962413451
6175 1.13483962413451
6175 1.13483962413451
6175 0.621681871783126
6174 0
6174 52.4575418965593
6174 52.4575418965593
6174 52.4575418965593
6174 52.4575418965593
6174 0
6174 4.31806184596379
6174 4.31806184596379
6174 17.6262098114515
6174 17.6262098114515
6174 17.6262098114515
6174 0
6174 1.20997765409178
6174 6.34181050716048
6174 6.34181050716048
6174 6.34181050716048
6174 0.73452343271322
6174 0.319952407068434
6174 0.831783600927938
6174 2.36653655913599
6174 0
6174 1.38872753580014
6174 0
6174 0
6174 13.2285772528462
6174 13.2285772528462
6174 0
6174 13.9912208257612
6174 13.9912208257612
6174 13.9912208257612
6174 2.82057729300058
6174 0
6174 0
6174 964.358135011162
6174 1.00962340647607
6174 1.00962340647607
6174 8.46827030493397
6174 8.46827030493397
6174 0.65693225042096
6174 0.65693225042096
6174 0.65693225042096
6174 1.13483962413451
6174 1.13483962413451
6174 1.13483962413451
6174 0.621681871783126
6274 0
6274 52.4575418965593
6274 52.4575418965593
6274 52.4575418965593
6274 52.4575418965593
6274 0
6274 4.31806184596379
6274 4.31806184596379
6274 17.6262098114515
6274 17.6262098114515
6274 17.6262098114515
6274 0
6274 1.20997765409178
6274 6.34181050716048
6274 6.34181050716048
6274 6.34181050716048
6274 0.73452343271322
6274 0.319952407068434
6274 0.831783600927938
6274 2.36653655913599
6274 0
6274 1.38872753580014
6274 0
6274 0
6274 13.2285772528462
6274 13.2285772528462
6274 0
6274 13.9912208257612
6274 13.9912208257612
6274 13.9912208257612
6274 2.82057729300058
6274 0
6274 0
6274 964.358135011162
6274 1.00962340647607
6274 1.00962340647607
6274 8.46827030493397
6274 8.46827030493397
6274 0.65693225042096
6274 0.65693225042096
6274 0.65693225042096
6274 1.13483962413451
6274 1.13483962413451
6274 1.13483962413451
6274 0.621681871783126
6271 0
6271 52.4575418965593
6271 52.4575418965593
6271 52.4575418965593
6271 52.4575418965593
6271 0
6271 4.31806184596379
6271 4.31806184596379
6271 17.6262098114515
6271 17.6262098114515
6271 17.6262098114515
6271 0
6271 1.20997765409178
6271 6.34181050716048
6271 6.34181050716048
6271 6.34181050716048
6271 0.73452343271322
6271 0.319952407068434
6271 0.831783600927938
6271 2.36653655913599
6271 0
6271 1.38872753580014
6271 0
6271 0
6271 13.2285772528462
6271 13.2285772528462
6271 0
6271 13.9912208257612
6271 13.9912208257612
6271 13.9912208257612
6271 2.82057729300058
6271 0
6271 0
6271 964.358135011162
6271 1.00962340647607
6271 1.00962340647607
6271 8.46827030493397
6271 8.46827030493397
6271 0.65693225042096
6271 0.65693225042096
6271 0.65693225042096
6271 1.13483962413451
6271 1.13483962413451
6271 1.13483962413451
6271 0.621681871783126
6269 0
6269 52.4575418965593
6269 52.4575418965593
6269 52.4575418965593
6269 52.4575418965593
6269 0
6269 4.31806184596379
6269 4.31806184596379
6269 17.6262098114515
6269 17.6262098114515
6269 17.6262098114515
6269 0
6269 1.20997765409178
6269 6.34181050716048
6269 6.34181050716048
6269 6.34181050716048
6269 0.73452343271322
6269 0.319952407068434
6269 0.831783600927938
6269 2.36653655913599
6269 0
6269 1.38872753580014
6269 0
6269 0
6269 13.2285772528462
6269 13.2285772528462
6269 0
6269 13.9912208257612
6269 13.9912208257612
6269 13.9912208257612
6269 2.82057729300058
6269 0
6269 0
6269 964.358135011162
6269 1.00962340647607
6269 1.00962340647607
6269 8.46827030493397
6269 8.46827030493397
6269 0.65693225042096
6269 0.65693225042096
6269 0.65693225042096
6269 1.13483962413451
6269 1.13483962413451
6269 1.13483962413451
6269 0.621681871783126
6268 0
6268 52.4575418965593
6268 52.4575418965593
6268 52.4575418965593
6268 52.4575418965593
6268 0
6268 4.31806184596379
6268 4.31806184596379
6268 17.6262098114515
6268 17.6262098114515
6268 17.6262098114515
6268 0
6268 1.20997765409178
6268 6.34181050716048
6268 6.34181050716048
6268 6.34181050716048
6268 0.73452343271322
6268 0.319952407068434
6268 0.831783600927938
6268 2.36653655913599
6268 0
6268 1.38872753580014
6268 0
6268 0
6268 13.2285772528462
6268 13.2285772528462
6268 0
6268 13.9912208257612
6268 13.9912208257612
6268 13.9912208257612
6268 2.82057729300058
6268 0
6268 0
6268 964.358135011162
6268 1.00962340647607
6268 1.00962340647607
6268 8.46827030493397
6268 8.46827030493397
6268 0.65693225042096
6268 0.65693225042096
6268 0.65693225042096
6268 1.13483962413451
6268 1.13483962413451
6268 1.13483962413451
6268 0.621681871783126
6364 0
6364 52.4575418965593
6364 52.4575418965593
6364 52.4575418965593
6364 52.4575418965593
6364 0
6364 4.31806184596379
6364 4.31806184596379
6364 17.6262098114515
6364 17.6262098114515
6364 17.6262098114515
6364 0
6364 1.20997765409178
6364 6.34181050716048
6364 6.34181050716048
6364 6.34181050716048
6364 0.73452343271322
6364 0.319952407068434
6364 0.831783600927938
6364 2.36653655913599
6364 0
6364 1.38872753580014
6364 0
6364 0
6364 13.2285772528462
6364 13.2285772528462
6364 0
6364 13.9912208257612
6364 13.9912208257612
6364 13.9912208257612
6364 2.82057729300058
6364 0
6364 0
6364 964.358135011162
6364 1.00962340647607
6364 1.00962340647607
6364 8.46827030493397
6364 8.46827030493397
6364 0.65693225042096
6364 0.65693225042096
6364 0.65693225042096
6364 1.13483962413451
6364 1.13483962413451
6364 1.13483962413451
6364 0.621681871783126
6363 0
6363 52.4575418965593
6363 52.4575418965593
6363 52.4575418965593
6363 52.4575418965593
6363 0
6363 4.31806184596379
6363 4.31806184596379
6363 17.6262098114515
6363 17.6262098114515
6363 17.6262098114515
6363 0
6363 1.20997765409178
6363 6.34181050716048
6363 6.34181050716048
6363 6.34181050716048
6363 0.73452343271322
6363 0.319952407068434
6363 0.831783600927938
6363 2.36653655913599
6363 0
6363 1.38872753580014
6363 0
6363 0
6363 13.2285772528462
6363 13.2285772528462
6363 0
6363 13.9912208257612
6363 13.9912208257612
6363 13.9912208257612
6363 2.82057729300058
6363 0
6363 0
6363 964.358135011162
6363 1.00962340647607
6363 1.00962340647607
6363 8.46827030493397
6363 8.46827030493397
6363 0.65693225042096
6363 0.65693225042096
6363 0.65693225042096
6363 1.13483962413451
6363 1.13483962413451
6363 1.13483962413451
6363 0.621681871783126
6361 0
6361 52.4575418965593
6361 52.4575418965593
6361 52.4575418965593
6361 52.4575418965593
6361 0
6361 4.31806184596379
6361 4.31806184596379
6361 17.6262098114515
6361 17.6262098114515
6361 17.6262098114515
6361 0
6361 1.20997765409178
6361 6.34181050716048
6361 6.34181050716048
6361 6.34181050716048
6361 0.73452343271322
6361 0.319952407068434
6361 0.831783600927938
6361 2.36653655913599
6361 0
6361 1.38872753580014
6361 0
6361 0
6361 13.2285772528462
6361 13.2285772528462
6361 0
6361 13.9912208257612
6361 13.9912208257612
6361 13.9912208257612
6361 2.82057729300058
6361 0
6361 0
6361 964.358135011162
6361 1.00962340647607
6361 1.00962340647607
6361 8.46827030493397
6361 8.46827030493397
6361 0.65693225042096
6361 0.65693225042096
6361 0.65693225042096
6361 1.13483962413451
6361 1.13483962413451
6361 1.13483962413451
6361 0.621681871783126
6453 0
6453 52.4575418965593
6453 52.4575418965593
6453 52.4575418965593
6453 52.4575418965593
6453 0
6453 4.31806184596379
6453 4.31806184596379
6453 17.6262098114515
6453 17.6262098114515
6453 17.6262098114515
6453 0
6453 1.20997765409178
6453 6.34181050716048
6453 6.34181050716048
6453 6.34181050716048
6453 0.73452343271322
6453 0.319952407068434
6453 0.831783600927938
6453 2.36653655913599
6453 0
6453 1.38872753580014
6453 0
6453 0
6453 13.2285772528462
6453 13.2285772528462
6453 0
6453 13.9912208257612
6453 13.9912208257612
6453 13.9912208257612
6453 2.82057729300058
6453 0
6453 0
6453 964.358135011162
6453 1.00962340647607
6453 1.00962340647607
6453 8.46827030493397
6453 8.46827030493397
6453 0.65693225042096
6453 0.65693225042096
6453 0.65693225042096
6453 1.13483962413451
6453 1.13483962413451
6453 1.13483962413451
6453 0.621681871783126
6452 0
6452 52.4575418965593
6452 52.4575418965593
6452 52.4575418965593
6452 52.4575418965593
6452 0
6452 4.31806184596379
6452 4.31806184596379
6452 17.6262098114515
6452 17.6262098114515
6452 17.6262098114515
6452 0
6452 1.20997765409178
6452 6.34181050716048
6452 6.34181050716048
6452 6.34181050716048
6452 0.73452343271322
6452 0.319952407068434
6452 0.831783600927938
6452 2.36653655913599
6452 0
6452 1.38872753580014
6452 0
6452 0
6452 13.2285772528462
6452 13.2285772528462
6452 0
6452 13.9912208257612
6452 13.9912208257612
6452 13.9912208257612
6452 2.82057729300058
6452 0
6452 0
6452 964.358135011162
6452 1.00962340647607
6452 1.00962340647607
6452 8.46827030493397
6452 8.46827030493397
6452 0.65693225042096
6452 0.65693225042096
6452 0.65693225042096
6452 1.13483962413451
6452 1.13483962413451
6452 1.13483962413451
6452 0.621681871783126
6451 0
6451 52.4575418965593
6451 52.4575418965593
6451 52.4575418965593
6451 52.4575418965593
6451 0
6451 4.31806184596379
6451 4.31806184596379
6451 17.6262098114515
6451 17.6262098114515
6451 17.6262098114515
6451 0
6451 1.20997765409178
6451 6.34181050716048
6451 6.34181050716048
6451 6.34181050716048
6451 0.73452343271322
6451 0.319952407068434
6451 0.831783600927938
6451 2.36653655913599
6451 0
6451 1.38872753580014
6451 0
6451 0
6451 13.2285772528462
6451 13.2285772528462
6451 0
6451 13.9912208257612
6451 13.9912208257612
6451 13.9912208257612
6451 2.82057729300058
6451 0
6451 0
6451 964.358135011162
6451 1.00962340647607
6451 1.00962340647607
6451 8.46827030493397
6451 8.46827030493397
6451 0.65693225042096
6451 0.65693225042096
6451 0.65693225042096
6451 1.13483962413451
6451 1.13483962413451
6451 1.13483962413451
6451 0.621681871783126
6442 0
6442 52.4575418965593
6442 52.4575418965593
6442 52.4575418965593
6442 52.4575418965593
6442 0
6442 4.31806184596379
6442 4.31806184596379
6442 17.6262098114515
6442 17.6262098114515
6442 17.6262098114515
6442 0
6442 1.20997765409178
6442 6.34181050716048
6442 6.34181050716048
6442 6.34181050716048
6442 0.73452343271322
6442 0.319952407068434
6442 0.831783600927938
6442 2.36653655913599
6442 0
6442 1.38872753580014
6442 0
6442 0
6442 13.2285772528462
6442 13.2285772528462
6442 0
6442 13.9912208257612
6442 13.9912208257612
6442 13.9912208257612
6442 2.82057729300058
6442 0
6442 0
6442 964.358135011162
6442 1.00962340647607
6442 1.00962340647607
6442 8.46827030493397
6442 8.46827030493397
6442 0.65693225042096
6442 0.65693225042096
6442 0.65693225042096
6442 1.13483962413451
6442 1.13483962413451
6442 1.13483962413451
6442 0.621681871783126
6538 0
6538 52.4575418965593
6538 52.4575418965593
6538 52.4575418965593
6538 52.4575418965593
6538 0
6538 4.31806184596379
6538 4.31806184596379
6538 17.6262098114515
6538 17.6262098114515
6538 17.6262098114515
6538 0
6538 1.20997765409178
6538 6.34181050716048
6538 6.34181050716048
6538 6.34181050716048
6538 0.73452343271322
6538 0.319952407068434
6538 0.831783600927938
6538 2.36653655913599
6538 0
6538 1.38872753580014
6538 0
6538 0
6538 13.2285772528462
6538 13.2285772528462
6538 0
6538 13.9912208257612
6538 13.9912208257612
6538 13.9912208257612
6538 2.82057729300058
6538 0
6538 0
6538 964.358135011162
6538 1.00962340647607
6538 1.00962340647607
6538 8.46827030493397
6538 8.46827030493397
6538 0.65693225042096
6538 0.65693225042096
6538 0.65693225042096
6538 1.13483962413451
6538 1.13483962413451
6538 1.13483962413451
6538 0.621681871783126
6610 0
6610 52.4575418965593
6610 52.4575418965593
6610 52.4575418965593
6610 52.4575418965593
6610 0
6610 4.31806184596379
6610 4.31806184596379
6610 17.6262098114515
6610 17.6262098114515
6610 17.6262098114515
6610 0
6610 1.20997765409178
6610 6.34181050716048
6610 6.34181050716048
6610 6.34181050716048
6610 0.73452343271322
6610 0.319952407068434
6610 0.831783600927938
6610 2.36653655913599
6610 0
6610 1.38872753580014
6610 0
6610 0
6610 13.2285772528462
6610 13.2285772528462
6610 0
6610 13.9912208257612
6610 13.9912208257612
6610 13.9912208257612
6610 2.82057729300058
6610 0
6610 0
6610 964.358135011162
6610 1.00962340647607
6610 1.00962340647607
6610 8.46827030493397
6610 8.46827030493397
6610 0.65693225042096
6610 0.65693225042096
6610 0.65693225042096
6610 1.13483962413451
6610 1.13483962413451
6610 1.13483962413451
6610 0.621681871783126
6773 0
6773 52.4575418965593
6773 52.4575418965593
6773 52.4575418965593
6773 52.4575418965593
6773 0
6773 4.31806184596379
6773 4.31806184596379
6773 17.6262098114515
6773 17.6262098114515
6773 17.6262098114515
6773 0
6773 1.20997765409178
6773 6.34181050716048
6773 6.34181050716048
6773 6.34181050716048
6773 0.73452343271322
6773 0.319952407068434
6773 0.831783600927938
6773 2.36653655913599
6773 0
6773 1.38872753580014
6773 0
6773 0
6773 13.2285772528462
6773 13.2285772528462
6773 0
6773 13.9912208257612
6773 13.9912208257612
6773 13.9912208257612
6773 2.82057729300058
6773 0
6773 0
6773 964.358135011162
6773 1.00962340647607
6773 1.00962340647607
6773 8.46827030493397
6773 8.46827030493397
6773 0.65693225042096
6773 0.65693225042096
6773 0.65693225042096
6773 1.13483962413451
6773 1.13483962413451
6773 1.13483962413451
6773 0.621681871783126
6917 0
6917 52.4575418965593
6917 52.4575418965593
6917 52.4575418965593
6917 52.4575418965593
6917 0
6917 4.31806184596379
6917 4.31806184596379
6917 17.6262098114515
6917 17.6262098114515
6917 17.6262098114515
6917 0
6917 1.20997765409178
6917 6.34181050716048
6917 6.34181050716048
6917 6.34181050716048
6917 0.73452343271322
6917 0.319952407068434
6917 0.831783600927938
6917 2.36653655913599
6917 0
6917 1.38872753580014
6917 0
6917 0
6917 13.2285772528462
6917 13.2285772528462
6917 0
6917 13.9912208257612
6917 13.9912208257612
6917 13.9912208257612
6917 2.82057729300058
6917 0
6917 0
6917 964.358135011162
6917 1.00962340647607
6917 1.00962340647607
6917 8.46827030493397
6917 8.46827030493397
6917 0.65693225042096
6917 0.65693225042096
6917 0.65693225042096
6917 1.13483962413451
6917 1.13483962413451
6917 1.13483962413451
6917 0.621681871783126
6985 0
6985 52.4575418965593
6985 52.4575418965593
6985 52.4575418965593
6985 52.4575418965593
6985 0
6985 4.31806184596379
6985 4.31806184596379
6985 17.6262098114515
6985 17.6262098114515
6985 17.6262098114515
6985 0
6985 1.20997765409178
6985 6.34181050716048
6985 6.34181050716048
6985 6.34181050716048
6985 0.73452343271322
6985 0.319952407068434
6985 0.831783600927938
6985 2.36653655913599
6985 0
6985 1.38872753580014
6985 0
6985 0
6985 13.2285772528462
6985 13.2285772528462
6985 0
6985 13.9912208257612
6985 13.9912208257612
6985 13.9912208257612
6985 2.82057729300058
6985 0
6985 0
6985 964.358135011162
6985 1.00962340647607
6985 1.00962340647607
6985 8.46827030493397
6985 8.46827030493397
6985 0.65693225042096
6985 0.65693225042096
6985 0.65693225042096
6985 1.13483962413451
6985 1.13483962413451
6985 1.13483962413451
6985 0.621681871783126
7200 0
7200 52.4575418965593
7200 52.4575418965593
7200 52.4575418965593
7200 52.4575418965593
7200 0
7200 4.31806184596379
7200 4.31806184596379
7200 17.6262098114515
7200 17.6262098114515
7200 17.6262098114515
7200 0
7200 1.20997765409178
7200 6.34181050716048
7200 6.34181050716048
7200 6.34181050716048
7200 0.73452343271322
7200 0.319952407068434
7200 0.831783600927938
7200 2.36653655913599
7200 0
7200 1.38872753580014
7200 0
7200 0
7200 13.2285772528462
7200 13.2285772528462
7200 0
7200 13.9912208257612
7200 13.9912208257612
7200 13.9912208257612
7200 2.82057729300058
7200 0
7200 0
7200 964.358135011162
7200 1.00962340647607
7200 1.00962340647607
7200 8.46827030493397
7200 8.46827030493397
7200 0.65693225042096
7200 0.65693225042096
7200 0.65693225042096
7200 1.13483962413451
7200 1.13483962413451
7200 1.13483962413451
7200 0.621681871783126
7194 0
7194 52.4575418965593
7194 52.4575418965593
7194 52.4575418965593
7194 52.4575418965593
7194 0
7194 4.31806184596379
7194 4.31806184596379
7194 17.6262098114515
7194 17.6262098114515
7194 17.6262098114515
7194 0
7194 1.20997765409178
7194 6.34181050716048
7194 6.34181050716048
7194 6.34181050716048
7194 0.73452343271322
7194 0.319952407068434
7194 0.831783600927938
7194 2.36653655913599
7194 0
7194 1.38872753580014
7194 0
7194 0
7194 13.2285772528462
7194 13.2285772528462
7194 0
7194 13.9912208257612
7194 13.9912208257612
7194 13.9912208257612
7194 2.82057729300058
7194 0
7194 0
7194 964.358135011162
7194 1.00962340647607
7194 1.00962340647607
7194 8.46827030493397
7194 8.46827030493397
7194 0.65693225042096
7194 0.65693225042096
7194 0.65693225042096
7194 1.13483962413451
7194 1.13483962413451
7194 1.13483962413451
7194 0.621681871783126
7269 0
7269 52.4575418965593
7269 52.4575418965593
7269 52.4575418965593
7269 52.4575418965593
7269 0
7269 4.31806184596379
7269 4.31806184596379
7269 17.6262098114515
7269 17.6262098114515
7269 17.6262098114515
7269 0
7269 1.20997765409178
7269 6.34181050716048
7269 6.34181050716048
7269 6.34181050716048
7269 0.73452343271322
7269 0.319952407068434
7269 0.831783600927938
7269 2.36653655913599
7269 0
7269 1.38872753580014
7269 0
7269 0
7269 13.2285772528462
7269 13.2285772528462
7269 0
7269 13.9912208257612
7269 13.9912208257612
7269 13.9912208257612
7269 2.82057729300058
7269 0
7269 0
7269 964.358135011162
7269 1.00962340647607
7269 1.00962340647607
7269 8.46827030493397
7269 8.46827030493397
7269 0.65693225042096
7269 0.65693225042096
7269 0.65693225042096
7269 1.13483962413451
7269 1.13483962413451
7269 1.13483962413451
7269 0.621681871783126
7266 0
7266 52.4575418965593
7266 52.4575418965593
7266 52.4575418965593
7266 52.4575418965593
7266 0
7266 4.31806184596379
7266 4.31806184596379
7266 17.6262098114515
7266 17.6262098114515
7266 17.6262098114515
7266 0
7266 1.20997765409178
7266 6.34181050716048
7266 6.34181050716048
7266 6.34181050716048
7266 0.73452343271322
7266 0.319952407068434
7266 0.831783600927938
7266 2.36653655913599
7266 0
7266 1.38872753580014
7266 0
7266 0
7266 13.2285772528462
7266 13.2285772528462
7266 0
7266 13.9912208257612
7266 13.9912208257612
7266 13.9912208257612
7266 2.82057729300058
7266 0
7266 0
7266 964.358135011162
7266 1.00962340647607
7266 1.00962340647607
7266 8.46827030493397
7266 8.46827030493397
7266 0.65693225042096
7266 0.65693225042096
7266 0.65693225042096
7266 1.13483962413451
7266 1.13483962413451
7266 1.13483962413451
7266 0.621681871783126
7334 0
7334 52.4575418965593
7334 52.4575418965593
7334 52.4575418965593
7334 52.4575418965593
7334 0
7334 4.31806184596379
7334 4.31806184596379
7334 17.6262098114515
7334 17.6262098114515
7334 17.6262098114515
7334 0
7334 1.20997765409178
7334 6.34181050716048
7334 6.34181050716048
7334 6.34181050716048
7334 0.73452343271322
7334 0.319952407068434
7334 0.831783600927938
7334 2.36653655913599
7334 0
7334 1.38872753580014
7334 0
7334 0
7334 13.2285772528462
7334 13.2285772528462
7334 0
7334 13.9912208257612
7334 13.9912208257612
7334 13.9912208257612
7334 2.82057729300058
7334 0
7334 0
7334 964.358135011162
7334 1.00962340647607
7334 1.00962340647607
7334 8.46827030493397
7334 8.46827030493397
7334 0.65693225042096
7334 0.65693225042096
7334 0.65693225042096
7334 1.13483962413451
7334 1.13483962413451
7334 1.13483962413451
7334 0.621681871783126
7512 0
7512 52.4575418965593
7512 52.4575418965593
7512 52.4575418965593
7512 52.4575418965593
7512 0
7512 4.31806184596379
7512 4.31806184596379
7512 17.6262098114515
7512 17.6262098114515
7512 17.6262098114515
7512 0
7512 1.20997765409178
7512 6.34181050716048
7512 6.34181050716048
7512 6.34181050716048
7512 0.73452343271322
7512 0.319952407068434
7512 0.831783600927938
7512 2.36653655913599
7512 0
7512 1.38872753580014
7512 0
7512 0
7512 13.2285772528462
7512 13.2285772528462
7512 0
7512 13.9912208257612
7512 13.9912208257612
7512 13.9912208257612
7512 2.82057729300058
7512 0
7512 0
7512 964.358135011162
7512 1.00962340647607
7512 1.00962340647607
7512 8.46827030493397
7512 8.46827030493397
7512 0.65693225042096
7512 0.65693225042096
7512 0.65693225042096
7512 1.13483962413451
7512 1.13483962413451
7512 1.13483962413451
7512 0.621681871783126
