pt_graph shape
3650 1
3650 1
3650 1
3650 1
3650 1
3650 1
3650 1
3650 1
3650 1
3650 1
3650 1
3650 1
3650 1
3650 1
3650 1
3650 1
3650 1
3650 1
3650 1
3650 1
3650 1
3650 1
3650 1
3650 1
3650 1
3650 1
3650 1
3650 1
3650 1
3650 1
3650 1
3650 1
3650 1
3650 1
3650 1
3650 1
3650 1
3650 1
3650 1
3650 1
3650 1
3650 1
3650 1
3650 1
3650 1
4003 1
4003 1
4003 1
4003 1
4003 1
4003 1
4003 1
4003 1
4003 1
4003 1
4003 1
4003 1
4003 1
4003 1
4003 1
4003 1
4003 1
4003 1
4003 1
4003 1
4003 1
4003 1
4003 1
4003 1
4003 1
4003 1
4003 1
4003 1
4003 1
4003 1
4003 1
4003 1
4003 1
4003 1
4003 1
4003 1
4003 1
4003 1
4003 1
4003 1
4003 1
4003 1
4003 1
4003 1
4003 1
4358 1
4358 1
4358 1
4358 1
4358 1
4358 1
4358 1
4358 1
4358 1
4358 1
4358 1
4358 1
4358 1
4358 1
4358 1
4358 1
4358 1
4358 1
4358 1
4358 1
4358 1
4358 1
4358 1
4358 1
4358 1
4358 1
4358 1
4358 1
4358 1
4358 1
4358 1
4358 1
4358 1
4358 1
4358 1
4358 1
4358 1
4358 1
4358 1
4358 1
4358 1
4358 1
4358 1
4358 1
4358 1
4543 1
4543 1
4543 1
4543 1
4543 1
4543 1
4543 1
4543 1
4543 1
4543 1
4543 1
4543 1
4543 1
4543 1
4543 1
4543 1
4543 1
4543 1
4543 1
4543 1
4543 1
4543 1
4543 1
4543 1
4543 1
4543 1
4543 1
4543 1
4543 1
4543 1
4543 1
4543 1
4543 1
4543 1
4543 1
4543 1
4543 1
4543 1
4543 1
4543 1
4543 1
4543 1
4543 1
4543 1
4543 1
4640 1
4640 1
4640 1
4640 1
4640 1
4640 1
4640 1
4640 1
4640 1
4640 1
4640 1
4640 1
4640 1
4640 1
4640 1
4640 1
4640 1
4640 1
4640 1
4640 1
4640 1
4640 1
4640 1
4640 1
4640 1
4640 1
4640 1
4640 1
4640 1
4640 1
4640 1
4640 1
4640 1
4640 1
4640 1
4640 1
4640 1
4640 1
4640 1
4640 1
4640 1
4640 1
4640 1
4640 1
4640 1
4529 1
4529 1
4529 1
4529 1
4529 1
4529 1
4529 1
4529 1
4529 1
4529 1
4529 1
4529 1
4529 1
4529 1
4529 1
4529 1
4529 1
4529 1
4529 1
4529 1
4529 1
4529 1
4529 1
4529 1
4529 1
4529 1
4529 1
4529 1
4529 1
4529 1
4529 1
4529 1
4529 1
4529 1
4529 1
4529 1
4529 1
4529 1
4529 1
4529 1
4529 1
4529 1
4529 1
4529 1
4529 1
9847 1
9847 1
9847 1
9847 1
9847 1
9847 1
9847 1
9847 1
9847 1
9847 1
9847 1
9847 1
9847 1
9847 1
9847 1
9847 1
9847 1
9847 1
9847 1
9847 1
9847 1
9847 1
9847 1
9847 1
9847 1
9847 1
9847 1
9847 1
9847 1
9847 1
9847 1
9847 1
9847 1
9847 1
9847 1
9847 1
9847 1
9847 1
9847 1
9847 1
9847 1
9847 1
9847 1
9847 1
9847 1
4985 1
4985 1
4985 1
4985 1
4985 1
4985 1
4985 1
4985 1
4985 1
4985 1
4985 1
4985 1
4985 1
4985 1
4985 1
4985 1
4985 1
4985 1
4985 1
4985 1
4985 1
4985 1
4985 1
4985 1
4985 1
4985 1
4985 1
4985 1
4985 1
4985 1
4985 1
4985 1
4985 1
4985 1
4985 1
4985 1
4985 1
4985 1
4985 1
4985 1
4985 1
4985 1
4985 1
4985 1
4985 1
5355 1
5355 1
5355 1
5355 1
5355 1
5355 1
5355 1
5355 1
5355 1
5355 1
5355 1
5355 1
5355 1
5355 1
5355 1
5355 1
5355 1
5355 1
5355 1
5355 1
5355 1
5355 1
5355 1
5355 1
5355 1
5355 1
5355 1
5355 1
5355 1
5355 1
5355 1
5355 1
5355 1
5355 1
5355 1
5355 1
5355 1
5355 1
5355 1
5355 1
5355 1
5355 1
5355 1
5355 1
5355 1
5430 1
5430 1
5430 1
5430 1
5430 1
5430 1
5430 1
5430 1
5430 1
5430 1
5430 1
5430 1
5430 1
5430 1
5430 1
5430 1
5430 1
5430 1
5430 1
5430 1
5430 1
5430 1
5430 1
5430 1
5430 1
5430 1
5430 1
5430 1
5430 1
5430 1
5430 1
5430 1
5430 1
5430 1
5430 1
5430 1
5430 1
5430 1
5430 1
5430 1
5430 1
5430 1
5430 1
5430 1
5430 1
5429 1
5429 1
5429 1
5429 1
5429 1
5429 1
5429 1
5429 1
5429 1
5429 1
5429 1
5429 1
5429 1
5429 1
5429 1
5429 1
5429 1
5429 1
5429 1
5429 1
5429 1
5429 1
5429 1
5429 1
5429 1
5429 1
5429 1
5429 1
5429 1
5429 1
5429 1
5429 1
5429 1
5429 1
5429 1
5429 1
5429 1
5429 1
5429 1
5429 1
5429 1
5429 1
5429 1
5429 1
5429 1
5618 1
5618 1
5618 1
5618 1
5618 1
5618 1
5618 1
5618 1
5618 1
5618 1
5618 1
5618 1
5618 1
5618 1
5618 1
5618 1
5618 1
5618 1
5618 1
5618 1
5618 1
5618 1
5618 1
5618 1
5618 1
5618 1
5618 1
5618 1
5618 1
5618 1
5618 1
5618 1
5618 1
5618 1
5618 1
5618 1
5618 1
5618 1
5618 1
5618 1
5618 1
5618 1
5618 1
5618 1
5618 1
5525 1
5525 1
5525 1
5525 1
5525 1
5525 1
5525 1
5525 1
5525 1
5525 1
5525 1
5525 1
5525 1
5525 1
5525 1
5525 1
5525 1
5525 1
5525 1
5525 1
5525 1
5525 1
5525 1
5525 1
5525 1
5525 1
5525 1
5525 1
5525 1
5525 1
5525 1
5525 1
5525 1
5525 1
5525 1
5525 1
5525 1
5525 1
5525 1
5525 1
5525 1
5525 1
5525 1
5525 1
5525 1
5615 1
5615 1
5615 1
5615 1
5615 1
5615 1
5615 1
5615 1
5615 1
5615 1
5615 1
5615 1
5615 1
5615 1
5615 1
5615 1
5615 1
5615 1
5615 1
5615 1
5615 1
5615 1
5615 1
5615 1
5615 1
5615 1
5615 1
5615 1
5615 1
5615 1
5615 1
5615 1
5615 1
5615 1
5615 1
5615 1
5615 1
5615 1
5615 1
5615 1
5615 1
5615 1
5615 1
5615 1
5615 1
5614 1
5614 1
5614 1
5614 1
5614 1
5614 1
5614 1
5614 1
5614 1
5614 1
5614 1
5614 1
5614 1
5614 1
5614 1
5614 1
5614 1
5614 1
5614 1
5614 1
5614 1
5614 1
5614 1
5614 1
5614 1
5614 1
5614 1
5614 1
5614 1
5614 1
5614 1
5614 1
5614 1
5614 1
5614 1
5614 1
5614 1
5614 1
5614 1
5614 1
5614 1
5614 1
5614 1
5614 1
5614 1
5518 1
5518 1
5518 1
5518 1
5518 1
5518 1
5518 1
5518 1
5518 1
5518 1
5518 1
5518 1
5518 1
5518 1
5518 1
5518 1
5518 1
5518 1
5518 1
5518 1
5518 1
5518 1
5518 1
5518 1
5518 1
5518 1
5518 1
5518 1
5518 1
5518 1
5518 1
5518 1
5518 1
5518 1
5518 1
5518 1
5518 1
5518 1
5518 1
5518 1
5518 1
5518 1
5518 1
5518 1
5518 1
5517 1
5517 1
5517 1
5517 1
5517 1
5517 1
5517 1
5517 1
5517 1
5517 1
5517 1
5517 1
5517 1
5517 1
5517 1
5517 1
5517 1
5517 1
5517 1
5517 1
5517 1
5517 1
5517 1
5517 1
5517 1
5517 1
5517 1
5517 1
5517 1
5517 1
5517 1
5517 1
5517 1
5517 1
5517 1
5517 1
5517 1
5517 1
5517 1
5517 1
5517 1
5517 1
5517 1
5517 1
5517 1
5516 1
5516 1
5516 1
5516 1
5516 1
5516 1
5516 1
5516 1
5516 1
5516 1
5516 1
5516 1
5516 1
5516 1
5516 1
5516 1
5516 1
5516 1
5516 1
5516 1
5516 1
5516 1
5516 1
5516 1
5516 1
5516 1
5516 1
5516 1
5516 1
5516 1
5516 1
5516 1
5516 1
5516 1
5516 1
5516 1
5516 1
5516 1
5516 1
5516 1
5516 1
5516 1
5516 1
5516 1
5516 1
5515 1
5515 1
5515 1
5515 1
5515 1
5515 1
5515 1
5515 1
5515 1
5515 1
5515 1
5515 1
5515 1
5515 1
5515 1
5515 1
5515 1
5515 1
5515 1
5515 1
5515 1
5515 1
5515 1
5515 1
5515 1
5515 1
5515 1
5515 1
5515 1
5515 1
5515 1
5515 1
5515 1
5515 1
5515 1
5515 1
5515 1
5515 1
5515 1
5515 1
5515 1
5515 1
5515 1
5515 1
5515 1
5513 1
5513 1
5513 1
5513 1
5513 1
5513 1
5513 1
5513 1
5513 1
5513 1
5513 1
5513 1
5513 1
5513 1
5513 1
5513 1
5513 1
5513 1
5513 1
5513 1
5513 1
5513 1
5513 1
5513 1
5513 1
5513 1
5513 1
5513 1
5513 1
5513 1
5513 1
5513 1
5513 1
5513 1
5513 1
5513 1
5513 1
5513 1
5513 1
5513 1
5513 1
5513 1
5513 1
5513 1
5513 1
5702 1
5702 1
5702 1
5702 1
5702 1
5702 1
5702 1
5702 1
5702 1
5702 1
5702 1
5702 1
5702 1
5702 1
5702 1
5702 1
5702 1
5702 1
5702 1
5702 1
5702 1
5702 1
5702 1
5702 1
5702 1
5702 1
5702 1
5702 1
5702 1
5702 1
5702 1
5702 1
5702 1
5702 1
5702 1
5702 1
5702 1
5702 1
5702 1
5702 1
5702 1
5702 1
5702 1
5702 1
5702 1
5701 1
5701 1
5701 1
5701 1
5701 1
5701 1
5701 1
5701 1
5701 1
5701 1
5701 1
5701 1
5701 1
5701 1
5701 1
5701 1
5701 1
5701 1
5701 1
5701 1
5701 1
5701 1
5701 1
5701 1
5701 1
5701 1
5701 1
5701 1
5701 1
5701 1
5701 1
5701 1
5701 1
5701 1
5701 1
5701 1
5701 1
5701 1
5701 1
5701 1
5701 1
5701 1
5701 1
5701 1
5701 1
5606 1
5606 1
5606 1
5606 1
5606 1
5606 1
5606 1
5606 1
5606 1
5606 1
5606 1
5606 1
5606 1
5606 1
5606 1
5606 1
5606 1
5606 1
5606 1
5606 1
5606 1
5606 1
5606 1
5606 1
5606 1
5606 1
5606 1
5606 1
5606 1
5606 1
5606 1
5606 1
5606 1
5606 1
5606 1
5606 1
5606 1
5606 1
5606 1
5606 1
5606 1
5606 1
5606 1
5606 1
5606 1
5605 1
5605 1
5605 1
5605 1
5605 1
5605 1
5605 1
5605 1
5605 1
5605 1
5605 1
5605 1
5605 1
5605 1
5605 1
5605 1
5605 1
5605 1
5605 1
5605 1
5605 1
5605 1
5605 1
5605 1
5605 1
5605 1
5605 1
5605 1
5605 1
5605 1
5605 1
5605 1
5605 1
5605 1
5605 1
5605 1
5605 1
5605 1
5605 1
5605 1
5605 1
5605 1
5605 1
5605 1
5605 1
5798 1
5798 1
5798 1
5798 1
5798 1
5798 1
5798 1
5798 1
5798 1
5798 1
5798 1
5798 1
5798 1
5798 1
5798 1
5798 1
5798 1
5798 1
5798 1
5798 1
5798 1
5798 1
5798 1
5798 1
5798 1
5798 1
5798 1
5798 1
5798 1
5798 1
5798 1
5798 1
5798 1
5798 1
5798 1
5798 1
5798 1
5798 1
5798 1
5798 1
5798 1
5798 1
5798 1
5798 1
5798 1
5796 1
5796 1
5796 1
5796 1
5796 1
5796 1
5796 1
5796 1
5796 1
5796 1
5796 1
5796 1
5796 1
5796 1
5796 1
5796 1
5796 1
5796 1
5796 1
5796 1
5796 1
5796 1
5796 1
5796 1
5796 1
5796 1
5796 1
5796 1
5796 1
5796 1
5796 1
5796 1
5796 1
5796 1
5796 1
5796 1
5796 1
5796 1
5796 1
5796 1
5796 1
5796 1
5796 1
5796 1
5796 1
5795 1
5795 1
5795 1
5795 1
5795 1
5795 1
5795 1
5795 1
5795 1
5795 1
5795 1
5795 1
5795 1
5795 1
5795 1
5795 1
5795 1
5795 1
5795 1
5795 1
5795 1
5795 1
5795 1
5795 1
5795 1
5795 1
5795 1
5795 1
5795 1
5795 1
5795 1
5795 1
5795 1
5795 1
5795 1
5795 1
5795 1
5795 1
5795 1
5795 1
5795 1
5795 1
5795 1
5795 1
5795 1
5791 1
5791 1
5791 1
5791 1
5791 1
5791 1
5791 1
5791 1
5791 1
5791 1
5791 1
5791 1
5791 1
5791 1
5791 1
5791 1
5791 1
5791 1
5791 1
5791 1
5791 1
5791 1
5791 1
5791 1
5791 1
5791 1
5791 1
5791 1
5791 1
5791 1
5791 1
5791 1
5791 1
5791 1
5791 1
5791 1
5791 1
5791 1
5791 1
5791 1
5791 1
5791 1
5791 1
5791 1
5791 1
5889 1
5889 1
5889 1
5889 1
5889 1
5889 1
5889 1
5889 1
5889 1
5889 1
5889 1
5889 1
5889 1
5889 1
5889 1
5889 1
5889 1
5889 1
5889 1
5889 1
5889 1
5889 1
5889 1
5889 1
5889 1
5889 1
5889 1
5889 1
5889 1
5889 1
5889 1
5889 1
5889 1
5889 1
5889 1
5889 1
5889 1
5889 1
5889 1
5889 1
5889 1
5889 1
5889 1
5889 1
5889 1
5689 1
5689 1
5689 1
5689 1
5689 1
5689 1
5689 1
5689 1
5689 1
5689 1
5689 1
5689 1
5689 1
5689 1
5689 1
5689 1
5689 1
5689 1
5689 1
5689 1
5689 1
5689 1
5689 1
5689 1
5689 1
5689 1
5689 1
5689 1
5689 1
5689 1
5689 1
5689 1
5689 1
5689 1
5689 1
5689 1
5689 1
5689 1
5689 1
5689 1
5689 1
5689 1
5689 1
5689 1
5689 1
5688 1
5688 1
5688 1
5688 1
5688 1
5688 1
5688 1
5688 1
5688 1
5688 1
5688 1
5688 1
5688 1
5688 1
5688 1
5688 1
5688 1
5688 1
5688 1
5688 1
5688 1
5688 1
5688 1
5688 1
5688 1
5688 1
5688 1
5688 1
5688 1
5688 1
5688 1
5688 1
5688 1
5688 1
5688 1
5688 1
5688 1
5688 1
5688 1
5688 1
5688 1
5688 1
5688 1
5688 1
5688 1
5887 1
5887 1
5887 1
5887 1
5887 1
5887 1
5887 1
5887 1
5887 1
5887 1
5887 1
5887 1
5887 1
5887 1
5887 1
5887 1
5887 1
5887 1
5887 1
5887 1
5887 1
5887 1
5887 1
5887 1
5887 1
5887 1
5887 1
5887 1
5887 1
5887 1
5887 1
5887 1
5887 1
5887 1
5887 1
5887 1
5887 1
5887 1
5887 1
5887 1
5887 1
5887 1
5887 1
5887 1
5887 1
5782 1
5782 1
5782 1
5782 1
5782 1
5782 1
5782 1
5782 1
5782 1
5782 1
5782 1
5782 1
5782 1
5782 1
5782 1
5782 1
5782 1
5782 1
5782 1
5782 1
5782 1
5782 1
5782 1
5782 1
5782 1
5782 1
5782 1
5782 1
5782 1
5782 1
5782 1
5782 1
5782 1
5782 1
5782 1
5782 1
5782 1
5782 1
5782 1
5782 1
5782 1
5782 1
5782 1
5782 1
5782 1
5780 1
5780 1
5780 1
5780 1
5780 1
5780 1
5780 1
5780 1
5780 1
5780 1
5780 1
5780 1
5780 1
5780 1
5780 1
5780 1
5780 1
5780 1
5780 1
5780 1
5780 1
5780 1
5780 1
5780 1
5780 1
5780 1
5780 1
5780 1
5780 1
5780 1
5780 1
5780 1
5780 1
5780 1
5780 1
5780 1
5780 1
5780 1
5780 1
5780 1
5780 1
5780 1
5780 1
5780 1
5780 1
5778 1
5778 1
5778 1
5778 1
5778 1
5778 1
5778 1
5778 1
5778 1
5778 1
5778 1
5778 1
5778 1
5778 1
5778 1
5778 1
5778 1
5778 1
5778 1
5778 1
5778 1
5778 1
5778 1
5778 1
5778 1
5778 1
5778 1
5778 1
5778 1
5778 1
5778 1
5778 1
5778 1
5778 1
5778 1
5778 1
5778 1
5778 1
5778 1
5778 1
5778 1
5778 1
5778 1
5778 1
5778 1
5879 1
5879 1
5879 1
5879 1
5879 1
5879 1
5879 1
5879 1
5879 1
5879 1
5879 1
5879 1
5879 1
5879 1
5879 1
5879 1
5879 1
5879 1
5879 1
5879 1
5879 1
5879 1
5879 1
5879 1
5879 1
5879 1
5879 1
5879 1
5879 1
5879 1
5879 1
5879 1
5879 1
5879 1
5879 1
5879 1
5879 1
5879 1
5879 1
5879 1
5879 1
5879 1
5879 1
5879 1
5879 1
5871 1
5871 1
5871 1
5871 1
5871 1
5871 1
5871 1
5871 1
5871 1
5871 1
5871 1
5871 1
5871 1
5871 1
5871 1
5871 1
5871 1
5871 1
5871 1
5871 1
5871 1
5871 1
5871 1
5871 1
5871 1
5871 1
5871 1
5871 1
5871 1
5871 1
5871 1
5871 1
5871 1
5871 1
5871 1
5871 1
5871 1
5871 1
5871 1
5871 1
5871 1
5871 1
5871 1
5871 1
5871 1
5978 1
5978 1
5978 1
5978 1
5978 1
5978 1
5978 1
5978 1
5978 1
5978 1
5978 1
5978 1
5978 1
5978 1
5978 1
5978 1
5978 1
5978 1
5978 1
5978 1
5978 1
5978 1
5978 1
5978 1
5978 1
5978 1
5978 1
5978 1
5978 1
5978 1
5978 1
5978 1
5978 1
5978 1
5978 1
5978 1
5978 1
5978 1
5978 1
5978 1
5978 1
5978 1
5978 1
5978 1
5978 1
5976 1
5976 1
5976 1
5976 1
5976 1
5976 1
5976 1
5976 1
5976 1
5976 1
5976 1
5976 1
5976 1
5976 1
5976 1
5976 1
5976 1
5976 1
5976 1
5976 1
5976 1
5976 1
5976 1
5976 1
5976 1
5976 1
5976 1
5976 1
5976 1
5976 1
5976 1
5976 1
5976 1
5976 1
5976 1
5976 1
5976 1
5976 1
5976 1
5976 1
5976 1
5976 1
5976 1
5976 1
5976 1
6085 1
6085 1
6085 1
6085 1
6085 1
6085 1
6085 1
6085 1
6085 1
6085 1
6085 1
6085 1
6085 1
6085 1
6085 1
6085 1
6085 1
6085 1
6085 1
6085 1
6085 1
6085 1
6085 1
6085 1
6085 1
6085 1
6085 1
6085 1
6085 1
6085 1
6085 1
6085 1
6085 1
6085 1
6085 1
6085 1
6085 1
6085 1
6085 1
6085 1
6085 1
6085 1
6085 1
6085 1
6085 1
6080 1
6080 1
6080 1
6080 1
6080 1
6080 1
6080 1
6080 1
6080 1
6080 1
6080 1
6080 1
6080 1
6080 1
6080 1
6080 1
6080 1
6080 1
6080 1
6080 1
6080 1
6080 1
6080 1
6080 1
6080 1
6080 1
6080 1
6080 1
6080 1
6080 1
6080 1
6080 1
6080 1
6080 1
6080 1
6080 1
6080 1
6080 1
6080 1
6080 1
6080 1
6080 1
6080 1
6080 1
6080 1
6079 1
6079 1
6079 1
6079 1
6079 1
6079 1
6079 1
6079 1
6079 1
6079 1
6079 1
6079 1
6079 1
6079 1
6079 1
6079 1
6079 1
6079 1
6079 1
6079 1
6079 1
6079 1
6079 1
6079 1
6079 1
6079 1
6079 1
6079 1
6079 1
6079 1
6079 1
6079 1
6079 1
6079 1
6079 1
6079 1
6079 1
6079 1
6079 1
6079 1
6079 1
6079 1
6079 1
6079 1
6079 1
6185 1
6185 1
6185 1
6185 1
6185 1
6185 1
6185 1
6185 1
6185 1
6185 1
6185 1
6185 1
6185 1
6185 1
6185 1
6185 1
6185 1
6185 1
6185 1
6185 1
6185 1
6185 1
6185 1
6185 1
6185 1
6185 1
6185 1
6185 1
6185 1
6185 1
6185 1
6185 1
6185 1
6185 1
6185 1
6185 1
6185 1
6185 1
6185 1
6185 1
6185 1
6185 1
6185 1
6185 1
6185 1
6073 1
6073 1
6073 1
6073 1
6073 1
6073 1
6073 1
6073 1
6073 1
6073 1
6073 1
6073 1
6073 1
6073 1
6073 1
6073 1
6073 1
6073 1
6073 1
6073 1
6073 1
6073 1
6073 1
6073 1
6073 1
6073 1
6073 1
6073 1
6073 1
6073 1
6073 1
6073 1
6073 1
6073 1
6073 1
6073 1
6073 1
6073 1
6073 1
6073 1
6073 1
6073 1
6073 1
6073 1
6073 1
6180 1
6180 1
6180 1
6180 1
6180 1
6180 1
6180 1
6180 1
6180 1
6180 1
6180 1
6180 1
6180 1
6180 1
6180 1
6180 1
6180 1
6180 1
6180 1
6180 1
6180 1
6180 1
6180 1
6180 1
6180 1
6180 1
6180 1
6180 1
6180 1
6180 1
6180 1
6180 1
6180 1
6180 1
6180 1
6180 1
6180 1
6180 1
6180 1
6180 1
6180 1
6180 1
6180 1
6180 1
6180 1
6179 1
6179 1
6179 1
6179 1
6179 1
6179 1
6179 1
6179 1
6179 1
6179 1
6179 1
6179 1
6179 1
6179 1
6179 1
6179 1
6179 1
6179 1
6179 1
6179 1
6179 1
6179 1
6179 1
6179 1
6179 1
6179 1
6179 1
6179 1
6179 1
6179 1
6179 1
6179 1
6179 1
6179 1
6179 1
6179 1
6179 1
6179 1
6179 1
6179 1
6179 1
6179 1
6179 1
6179 1
6179 1
6177 1
6177 1
6177 1
6177 1
6177 1
6177 1
6177 1
6177 1
6177 1
6177 1
6177 1
6177 1
6177 1
6177 1
6177 1
6177 1
6177 1
6177 1
6177 1
6177 1
6177 1
6177 1
6177 1
6177 1
6177 1
6177 1
6177 1
6177 1
6177 1
6177 1
6177 1
6177 1
6177 1
6177 1
6177 1
6177 1
6177 1
6177 1
6177 1
6177 1
6177 1
6177 1
6177 1
6177 1
6177 1
6175 1
6175 1
6175 1
6175 1
6175 1
6175 1
6175 1
6175 1
6175 1
6175 1
6175 1
6175 1
6175 1
6175 1
6175 1
6175 1
6175 1
6175 1
6175 1
6175 1
6175 1
6175 1
6175 1
6175 1
6175 1
6175 1
6175 1
6175 1
6175 1
6175 1
6175 1
6175 1
6175 1
6175 1
6175 1
6175 1
6175 1
6175 1
6175 1
6175 1
6175 1
6175 1
6175 1
6175 1
6175 1
6174 1
6174 1
6174 1
6174 1
6174 1
6174 1
6174 1
6174 1
6174 1
6174 1
6174 1
6174 1
6174 1
6174 1
6174 1
6174 1
6174 1
6174 1
6174 1
6174 1
6174 1
6174 1
6174 1
6174 1
6174 1
6174 1
6174 1
6174 1
6174 1
6174 1
6174 1
6174 1
6174 1
6174 1
6174 1
6174 1
6174 1
6174 1
6174 1
6174 1
6174 1
6174 1
6174 1
6174 1
6174 1
6274 1
6274 1
6274 1
6274 1
6274 1
6274 1
6274 1
6274 1
6274 1
6274 1
6274 1
6274 1
6274 1
6274 1
6274 1
6274 1
6274 1
6274 1
6274 1
6274 1
6274 1
6274 1
6274 1
6274 1
6274 1
6274 1
6274 1
6274 1
6274 1
6274 1
6274 1
6274 1
6274 1
6274 1
6274 1
6274 1
6274 1
6274 1
6274 1
6274 1
6274 1
6274 1
6274 1
6274 1
6274 1
6271 1
6271 1
6271 1
6271 1
6271 1
6271 1
6271 1
6271 1
6271 1
6271 1
6271 1
6271 1
6271 1
6271 1
6271 1
6271 1
6271 1
6271 1
6271 1
6271 1
6271 1
6271 1
6271 1
6271 1
6271 1
6271 1
6271 1
6271 1
6271 1
6271 1
6271 1
6271 1
6271 1
6271 1
6271 1
6271 1
6271 1
6271 1
6271 1
6271 1
6271 1
6271 1
6271 1
6271 1
6271 1
6166 1
6166 1
6166 1
6166 1
6166 1
6166 1
6166 1
6166 1
6166 1
6166 1
6166 1
6166 1
6166 1
6166 1
6166 1
6166 1
6166 1
6166 1
6166 1
6166 1
6166 1
6166 1
6166 1
6166 1
6166 1
6166 1
6166 1
6166 1
6166 1
6166 1
6166 1
6166 1
6166 1
6166 1
6166 1
6166 1
6166 1
6166 1
6166 1
6166 1
6166 1
6166 1
6166 1
6166 1
6166 1
6370 1
6370 1
6370 1
6370 1
6370 1
6370 1
6370 1
6370 1
6370 1
6370 1
6370 1
6370 1
6370 1
6370 1
6370 1
6370 1
6370 1
6370 1
6370 1
6370 1
6370 1
6370 1
6370 1
6370 1
6370 1
6370 1
6370 1
6370 1
6370 1
6370 1
6370 1
6370 1
6370 1
6370 1
6370 1
6370 1
6370 1
6370 1
6370 1
6370 1
6370 1
6370 1
6370 1
6370 1
6370 1
6270 1
6270 1
6270 1
6270 1
6270 1
6270 1
6270 1
6270 1
6270 1
6270 1
6270 1
6270 1
6270 1
6270 1
6270 1
6270 1
6270 1
6270 1
6270 1
6270 1
6270 1
6270 1
6270 1
6270 1
6270 1
6270 1
6270 1
6270 1
6270 1
6270 1
6270 1
6270 1
6270 1
6270 1
6270 1
6270 1
6270 1
6270 1
6270 1
6270 1
6270 1
6270 1
6270 1
6270 1
6270 1
6269 1
6269 1
6269 1
6269 1
6269 1
6269 1
6269 1
6269 1
6269 1
6269 1
6269 1
6269 1
6269 1
6269 1
6269 1
6269 1
6269 1
6269 1
6269 1
6269 1
6269 1
6269 1
6269 1
6269 1
6269 1
6269 1
6269 1
6269 1
6269 1
6269 1
6269 1
6269 1
6269 1
6269 1
6269 1
6269 1
6269 1
6269 1
6269 1
6269 1
6269 1
6269 1
6269 1
6269 1
6269 1
6364 1
6364 1
6364 1
6364 1
6364 1
6364 1
6364 1
6364 1
6364 1
6364 1
6364 1
6364 1
6364 1
6364 1
6364 1
6364 1
6364 1
6364 1
6364 1
6364 1
6364 1
6364 1
6364 1
6364 1
6364 1
6364 1
6364 1
6364 1
6364 1
6364 1
6364 1
6364 1
6364 1
6364 1
6364 1
6364 1
6364 1
6364 1
6364 1
6364 1
6364 1
6364 1
6364 1
6364 1
6364 1
6363 1
6363 1
6363 1
6363 1
6363 1
6363 1
6363 1
6363 1
6363 1
6363 1
6363 1
6363 1
6363 1
6363 1
6363 1
6363 1
6363 1
6363 1
6363 1
6363 1
6363 1
6363 1
6363 1
6363 1
6363 1
6363 1
6363 1
6363 1
6363 1
6363 1
6363 1
6363 1
6363 1
6363 1
6363 1
6363 1
6363 1
6363 1
6363 1
6363 1
6363 1
6363 1
6363 1
6363 1
6363 1
6360 1
6360 1
6360 1
6360 1
6360 1
6360 1
6360 1
6360 1
6360 1
6360 1
6360 1
6360 1
6360 1
6360 1
6360 1
6360 1
6360 1
6360 1
6360 1
6360 1
6360 1
6360 1
6360 1
6360 1
6360 1
6360 1
6360 1
6360 1
6360 1
6360 1
6360 1
6360 1
6360 1
6360 1
6360 1
6360 1
6360 1
6360 1
6360 1
6360 1
6360 1
6360 1
6360 1
6360 1
6360 1
6453 1
6453 1
6453 1
6453 1
6453 1
6453 1
6453 1
6453 1
6453 1
6453 1
6453 1
6453 1
6453 1
6453 1
6453 1
6453 1
6453 1
6453 1
6453 1
6453 1
6453 1
6453 1
6453 1
6453 1
6453 1
6453 1
6453 1
6453 1
6453 1
6453 1
6453 1
6453 1
6453 1
6453 1
6453 1
6453 1
6453 1
6453 1
6453 1
6453 1
6453 1
6453 1
6453 1
6453 1
6453 1
6452 1
6452 1
6452 1
6452 1
6452 1
6452 1
6452 1
6452 1
6452 1
6452 1
6452 1
6452 1
6452 1
6452 1
6452 1
6452 1
6452 1
6452 1
6452 1
6452 1
6452 1
6452 1
6452 1
6452 1
6452 1
6452 1
6452 1
6452 1
6452 1
6452 1
6452 1
6452 1
6452 1
6452 1
6452 1
6452 1
6452 1
6452 1
6452 1
6452 1
6452 1
6452 1
6452 1
6452 1
6452 1
6451 1
6451 1
6451 1
6451 1
6451 1
6451 1
6451 1
6451 1
6451 1
6451 1
6451 1
6451 1
6451 1
6451 1
6451 1
6451 1
6451 1
6451 1
6451 1
6451 1
6451 1
6451 1
6451 1
6451 1
6451 1
6451 1
6451 1
6451 1
6451 1
6451 1
6451 1
6451 1
6451 1
6451 1
6451 1
6451 1
6451 1
6451 1
6451 1
6451 1
6451 1
6451 1
6451 1
6451 1
6451 1
6449 1
6449 1
6449 1
6449 1
6449 1
6449 1
6449 1
6449 1
6449 1
6449 1
6449 1
6449 1
6449 1
6449 1
6449 1
6449 1
6449 1
6449 1
6449 1
6449 1
6449 1
6449 1
6449 1
6449 1
6449 1
6449 1
6449 1
6449 1
6449 1
6449 1
6449 1
6449 1
6449 1
6449 1
6449 1
6449 1
6449 1
6449 1
6449 1
6449 1
6449 1
6449 1
6449 1
6449 1
6449 1
6540 1
6540 1
6540 1
6540 1
6540 1
6540 1
6540 1
6540 1
6540 1
6540 1
6540 1
6540 1
6540 1
6540 1
6540 1
6540 1
6540 1
6540 1
6540 1
6540 1
6540 1
6540 1
6540 1
6540 1
6540 1
6540 1
6540 1
6540 1
6540 1
6540 1
6540 1
6540 1
6540 1
6540 1
6540 1
6540 1
6540 1
6540 1
6540 1
6540 1
6540 1
6540 1
6540 1
6540 1
6540 1
6538 1
6538 1
6538 1
6538 1
6538 1
6538 1
6538 1
6538 1
6538 1
6538 1
6538 1
6538 1
6538 1
6538 1
6538 1
6538 1
6538 1
6538 1
6538 1
6538 1
6538 1
6538 1
6538 1
6538 1
6538 1
6538 1
6538 1
6538 1
6538 1
6538 1
6538 1
6538 1
6538 1
6538 1
6538 1
6538 1
6538 1
6538 1
6538 1
6538 1
6538 1
6538 1
6538 1
6538 1
6538 1
6537 1
6537 1
6537 1
6537 1
6537 1
6537 1
6537 1
6537 1
6537 1
6537 1
6537 1
6537 1
6537 1
6537 1
6537 1
6537 1
6537 1
6537 1
6537 1
6537 1
6537 1
6537 1
6537 1
6537 1
6537 1
6537 1
6537 1
6537 1
6537 1
6537 1
6537 1
6537 1
6537 1
6537 1
6537 1
6537 1
6537 1
6537 1
6537 1
6537 1
6537 1
6537 1
6537 1
6537 1
6537 1
6623 1
6623 1
6623 1
6623 1
6623 1
6623 1
6623 1
6623 1
6623 1
6623 1
6623 1
6623 1
6623 1
6623 1
6623 1
6623 1
6623 1
6623 1
6623 1
6623 1
6623 1
6623 1
6623 1
6623 1
6623 1
6623 1
6623 1
6623 1
6623 1
6623 1
6623 1
6623 1
6623 1
6623 1
6623 1
6623 1
6623 1
6623 1
6623 1
6623 1
6623 1
6623 1
6623 1
6623 1
6623 1
6986 1
6986 1
6986 1
6986 1
6986 1
6986 1
6986 1
6986 1
6986 1
6986 1
6986 1
6986 1
6986 1
6986 1
6986 1
6986 1
6986 1
6986 1
6986 1
6986 1
6986 1
6986 1
6986 1
6986 1
6986 1
6986 1
6986 1
6986 1
6986 1
6986 1
6986 1
6986 1
6986 1
6986 1
6986 1
6986 1
6986 1
6986 1
6986 1
6986 1
6986 1
6986 1
6986 1
6986 1
6986 1
7122 1
7122 1
7122 1
7122 1
7122 1
7122 1
7122 1
7122 1
7122 1
7122 1
7122 1
7122 1
7122 1
7122 1
7122 1
7122 1
7122 1
7122 1
7122 1
7122 1
7122 1
7122 1
7122 1
7122 1
7122 1
7122 1
7122 1
7122 1
7122 1
7122 1
7122 1
7122 1
7122 1
7122 1
7122 1
7122 1
7122 1
7122 1
7122 1
7122 1
7122 1
7122 1
7122 1
7122 1
7122 1
7200 1
7200 1
7200 1
7200 1
7200 1
7200 1
7200 1
7200 1
7200 1
7200 1
7200 1
7200 1
7200 1
7200 1
7200 1
7200 1
7200 1
7200 1
7200 1
7200 1
7200 1
7200 1
7200 1
7200 1
7200 1
7200 1
7200 1
7200 1
7200 1
7200 1
7200 1
7200 1
7200 1
7200 1
7200 1
7200 1
7200 1
7200 1
7200 1
7200 1
7200 1
7200 1
7200 1
7200 1
7200 1
7399 1
7399 1
7399 1
7399 1
7399 1
7399 1
7399 1
7399 1
7399 1
7399 1
7399 1
7399 1
7399 1
7399 1
7399 1
7399 1
7399 1
7399 1
7399 1
7399 1
7399 1
7399 1
7399 1
7399 1
7399 1
7399 1
7399 1
7399 1
7399 1
7399 1
7399 1
7399 1
7399 1
7399 1
7399 1
7399 1
7399 1
7399 1
7399 1
7399 1
7399 1
7399 1
7399 1
7399 1
7399 1
7397 1
7397 1
7397 1
7397 1
7397 1
7397 1
7397 1
7397 1
7397 1
7397 1
7397 1
7397 1
7397 1
7397 1
7397 1
7397 1
7397 1
7397 1
7397 1
7397 1
7397 1
7397 1
7397 1
7397 1
7397 1
7397 1
7397 1
7397 1
7397 1
7397 1
7397 1
7397 1
7397 1
7397 1
7397 1
7397 1
7397 1
7397 1
7397 1
7397 1
7397 1
7397 1
7397 1
7397 1
7397 1
