pt_graph cpue_kghour
10341 0
10341 34.9716945977062
10341 34.9716945977062
10341 34.9716945977062
10341 34.9716945977062
10341 0
10341 2.87870789730919
10341 2.87870789730919
10341 11.7508065409677
10341 11.7508065409677
10341 11.7508065409677
10341 0
10341 0.80665176939452
10341 4.22787367144032
10341 4.22787367144032
10341 4.22787367144032
10341 0.48968228847548
10341 0.21330160471229
10341 0.554522400618625
10341 1.57769103942399
10341 0
10341 0.925818357200095
10341 0
10341 0
10341 8.81905150189745
10341 8.81905150189745
10341 0
10341 9.32748055050745
10341 9.32748055050745
10341 9.32748055050745
10341 1.88038486200038
10341 0
10341 0
10341 642.905423340775
10341 0.673082270984045
10341 0.673082270984045
10341 5.64551353662265
10341 5.64551353662265
10341 0.437954833613974
10341 0.437954833613974
10341 0.437954833613974
10341 0.75655974942301
10341 0.75655974942301
10341 0.75655974942301
10341 0.414454581188751
4544 0
4544 34.9716945977062
4544 34.9716945977062
4544 34.9716945977062
4544 34.9716945977062
4544 0
4544 2.87870789730919
4544 2.87870789730919
4544 11.7508065409677
4544 11.7508065409677
4544 11.7508065409677
4544 0
4544 0.80665176939452
4544 4.22787367144032
4544 4.22787367144032
4544 4.22787367144032
4544 0.48968228847548
4544 0.21330160471229
4544 0.554522400618625
4544 1.57769103942399
4544 0
4544 0.925818357200095
4544 0
4544 0
4544 8.81905150189745
4544 8.81905150189745
4544 0
4544 9.32748055050745
4544 9.32748055050745
4544 9.32748055050745
4544 1.88038486200038
4544 0
4544 0
4544 642.905423340775
4544 0.673082270984045
4544 0.673082270984045
4544 5.64551353662265
4544 5.64551353662265
4544 0.437954833613974
4544 0.437954833613974
4544 0.437954833613974
4544 0.75655974942301
4544 0.75655974942301
4544 0.75655974942301
4544 0.414454581188751
4640 0
4640 34.9716945977062
4640 34.9716945977062
4640 34.9716945977062
4640 34.9716945977062
4640 0
4640 2.87870789730919
4640 2.87870789730919
4640 11.7508065409677
4640 11.7508065409677
4640 11.7508065409677
4640 0
4640 0.80665176939452
4640 4.22787367144032
4640 4.22787367144032
4640 4.22787367144032
4640 0.48968228847548
4640 0.21330160471229
4640 0.554522400618625
4640 1.57769103942399
4640 0
4640 0.925818357200095
4640 0
4640 0
4640 8.81905150189745
4640 8.81905150189745
4640 0
4640 9.32748055050745
4640 9.32748055050745
4640 9.32748055050745
4640 1.88038486200038
4640 0
4640 0
4640 642.905423340775
4640 0.673082270984045
4640 0.673082270984045
4640 5.64551353662265
4640 5.64551353662265
4640 0.437954833613974
4640 0.437954833613974
4640 0.437954833613974
4640 0.75655974942301
4640 0.75655974942301
4640 0.75655974942301
4640 0.414454581188751
4823 0
4823 34.9716945977062
4823 34.9716945977062
4823 34.9716945977062
4823 34.9716945977062
4823 0
4823 2.87870789730919
4823 2.87870789730919
4823 11.7508065409677
4823 11.7508065409677
4823 11.7508065409677
4823 0
4823 0.80665176939452
4823 4.22787367144032
4823 4.22787367144032
4823 4.22787367144032
4823 0.48968228847548
4823 0.21330160471229
4823 0.554522400618625
4823 1.57769103942399
4823 0
4823 0.925818357200095
4823 0
4823 0
4823 8.81905150189745
4823 8.81905150189745
4823 0
4823 9.32748055050745
4823 9.32748055050745
4823 9.32748055050745
4823 1.88038486200038
4823 0
4823 0
4823 642.905423340775
4823 0.673082270984045
4823 0.673082270984045
4823 5.64551353662265
4823 5.64551353662265
4823 0.437954833613974
4823 0.437954833613974
4823 0.437954833613974
4823 0.75655974942301
4823 0.75655974942301
4823 0.75655974942301
4823 0.414454581188751
5091 0
5091 34.9716945977062
5091 34.9716945977062
5091 34.9716945977062
5091 34.9716945977062
5091 0
5091 2.87870789730919
5091 2.87870789730919
5091 11.7508065409677
5091 11.7508065409677
5091 11.7508065409677
5091 0
5091 0.80665176939452
5091 4.22787367144032
5091 4.22787367144032
5091 4.22787367144032
5091 0.48968228847548
5091 0.21330160471229
5091 0.554522400618625
5091 1.57769103942399
5091 0
5091 0.925818357200095
5091 0
5091 0
5091 8.81905150189745
5091 8.81905150189745
5091 0
5091 9.32748055050745
5091 9.32748055050745
5091 9.32748055050745
5091 1.88038486200038
5091 0
5091 0
5091 642.905423340775
5091 0.673082270984045
5091 0.673082270984045
5091 5.64551353662265
5091 5.64551353662265
5091 0.437954833613974
5091 0.437954833613974
5091 0.437954833613974
5091 0.75655974942301
5091 0.75655974942301
5091 0.75655974942301
5091 0.414454581188751
5089 0
5089 34.9716945977062
5089 34.9716945977062
5089 34.9716945977062
5089 34.9716945977062
5089 0
5089 2.87870789730919
5089 2.87870789730919
5089 11.7508065409677
5089 11.7508065409677
5089 11.7508065409677
5089 0
5089 0.80665176939452
5089 4.22787367144032
5089 4.22787367144032
5089 4.22787367144032
5089 0.48968228847548
5089 0.21330160471229
5089 0.554522400618625
5089 1.57769103942399
5089 0
5089 0.925818357200095
5089 0
5089 0
5089 8.81905150189745
5089 8.81905150189745
5089 0
5089 9.32748055050745
5089 9.32748055050745
5089 9.32748055050745
5089 1.88038486200038
5089 0
5089 0
5089 642.905423340775
5089 0.673082270984045
5089 0.673082270984045
5089 5.64551353662265
5089 5.64551353662265
5089 0.437954833613974
5089 0.437954833613974
5089 0.437954833613974
5089 0.75655974942301
5089 0.75655974942301
5089 0.75655974942301
5089 0.414454581188751
4890 0
4890 34.9716945977062
4890 34.9716945977062
4890 34.9716945977062
4890 34.9716945977062
4890 0
4890 2.87870789730919
4890 2.87870789730919
4890 11.7508065409677
4890 11.7508065409677
4890 11.7508065409677
4890 0
4890 0.80665176939452
4890 4.22787367144032
4890 4.22787367144032
4890 4.22787367144032
4890 0.48968228847548
4890 0.21330160471229
4890 0.554522400618625
4890 1.57769103942399
4890 0
4890 0.925818357200095
4890 0
4890 0
4890 8.81905150189745
4890 8.81905150189745
4890 0
4890 9.32748055050745
4890 9.32748055050745
4890 9.32748055050745
4890 1.88038486200038
4890 0
4890 0
4890 642.905423340775
4890 0.673082270984045
4890 0.673082270984045
4890 5.64551353662265
4890 5.64551353662265
4890 0.437954833613974
4890 0.437954833613974
4890 0.437954833613974
4890 0.75655974942301
4890 0.75655974942301
4890 0.75655974942301
4890 0.414454581188751
4982 0
4982 34.9716945977062
4982 34.9716945977062
4982 34.9716945977062
4982 34.9716945977062
4982 0
4982 2.87870789730919
4982 2.87870789730919
4982 11.7508065409677
4982 11.7508065409677
4982 11.7508065409677
4982 0
4982 0.80665176939452
4982 4.22787367144032
4982 4.22787367144032
4982 4.22787367144032
4982 0.48968228847548
4982 0.21330160471229
4982 0.554522400618625
4982 1.57769103942399
4982 0
4982 0.925818357200095
4982 0
4982 0
4982 8.81905150189745
4982 8.81905150189745
4982 0
4982 9.32748055050745
4982 9.32748055050745
4982 9.32748055050745
4982 1.88038486200038
4982 0
4982 0
4982 642.905423340775
4982 0.673082270984045
4982 0.673082270984045
4982 5.64551353662265
4982 5.64551353662265
4982 0.437954833613974
4982 0.437954833613974
4982 0.437954833613974
4982 0.75655974942301
4982 0.75655974942301
4982 0.75655974942301
4982 0.414454581188751
4981 0
4981 34.9716945977062
4981 34.9716945977062
4981 34.9716945977062
4981 34.9716945977062
4981 0
4981 2.87870789730919
4981 2.87870789730919
4981 11.7508065409677
4981 11.7508065409677
4981 11.7508065409677
4981 0
4981 0.80665176939452
4981 4.22787367144032
4981 4.22787367144032
4981 4.22787367144032
4981 0.48968228847548
4981 0.21330160471229
4981 0.554522400618625
4981 1.57769103942399
4981 0
4981 0.925818357200095
4981 0
4981 0
4981 8.81905150189745
4981 8.81905150189745
4981 0
4981 9.32748055050745
4981 9.32748055050745
4981 9.32748055050745
4981 1.88038486200038
4981 0
4981 0
4981 642.905423340775
4981 0.673082270984045
4981 0.673082270984045
4981 5.64551353662265
4981 5.64551353662265
4981 0.437954833613974
4981 0.437954833613974
4981 0.437954833613974
4981 0.75655974942301
4981 0.75655974942301
4981 0.75655974942301
4981 0.414454581188751
5070 0
5070 34.9716945977062
5070 34.9716945977062
5070 34.9716945977062
5070 34.9716945977062
5070 0
5070 2.87870789730919
5070 2.87870789730919
5070 11.7508065409677
5070 11.7508065409677
5070 11.7508065409677
5070 0
5070 0.80665176939452
5070 4.22787367144032
5070 4.22787367144032
5070 4.22787367144032
5070 0.48968228847548
5070 0.21330160471229
5070 0.554522400618625
5070 1.57769103942399
5070 0
5070 0.925818357200095
5070 0
5070 0
5070 8.81905150189745
5070 8.81905150189745
5070 0
5070 9.32748055050745
5070 9.32748055050745
5070 9.32748055050745
5070 1.88038486200038
5070 0
5070 0
5070 642.905423340775
5070 0.673082270984045
5070 0.673082270984045
5070 5.64551353662265
5070 5.64551353662265
5070 0.437954833613974
5070 0.437954833613974
5070 0.437954833613974
5070 0.75655974942301
5070 0.75655974942301
5070 0.75655974942301
5070 0.414454581188751
5355 0
5355 34.9716945977062
5355 34.9716945977062
5355 34.9716945977062
5355 34.9716945977062
5355 0
5355 2.87870789730919
5355 2.87870789730919
5355 11.7508065409677
5355 11.7508065409677
5355 11.7508065409677
5355 0
5355 0.80665176939452
5355 4.22787367144032
5355 4.22787367144032
5355 4.22787367144032
5355 0.48968228847548
5355 0.21330160471229
5355 0.554522400618625
5355 1.57769103942399
5355 0
5355 0.925818357200095
5355 0
5355 0
5355 8.81905150189745
5355 8.81905150189745
5355 0
5355 9.32748055050745
5355 9.32748055050745
5355 9.32748055050745
5355 1.88038486200038
5355 0
5355 0
5355 642.905423340775
5355 0.673082270984045
5355 0.673082270984045
5355 5.64551353662265
5355 5.64551353662265
5355 0.437954833613974
5355 0.437954833613974
5355 0.437954833613974
5355 0.75655974942301
5355 0.75655974942301
5355 0.75655974942301
5355 0.414454581188751
5340 0
5340 34.9716945977062
5340 34.9716945977062
5340 34.9716945977062
5340 34.9716945977062
5340 0
5340 2.87870789730919
5340 2.87870789730919
5340 11.7508065409677
5340 11.7508065409677
5340 11.7508065409677
5340 0
5340 0.80665176939452
5340 4.22787367144032
5340 4.22787367144032
5340 4.22787367144032
5340 0.48968228847548
5340 0.21330160471229
5340 0.554522400618625
5340 1.57769103942399
5340 0
5340 0.925818357200095
5340 0
5340 0
5340 8.81905150189745
5340 8.81905150189745
5340 0
5340 9.32748055050745
5340 9.32748055050745
5340 9.32748055050745
5340 1.88038486200038
5340 0
5340 0
5340 642.905423340775
5340 0.673082270984045
5340 0.673082270984045
5340 5.64551353662265
5340 5.64551353662265
5340 0.437954833613974
5340 0.437954833613974
5340 0.437954833613974
5340 0.75655974942301
5340 0.75655974942301
5340 0.75655974942301
5340 0.414454581188751
5339 0
5339 34.9716945977062
5339 34.9716945977062
5339 34.9716945977062
5339 34.9716945977062
5339 0
5339 2.87870789730919
5339 2.87870789730919
5339 11.7508065409677
5339 11.7508065409677
5339 11.7508065409677
5339 0
5339 0.80665176939452
5339 4.22787367144032
5339 4.22787367144032
5339 4.22787367144032
5339 0.48968228847548
5339 0.21330160471229
5339 0.554522400618625
5339 1.57769103942399
5339 0
5339 0.925818357200095
5339 0
5339 0
5339 8.81905150189745
5339 8.81905150189745
5339 0
5339 9.32748055050745
5339 9.32748055050745
5339 9.32748055050745
5339 1.88038486200038
5339 0
5339 0
5339 642.905423340775
5339 0.673082270984045
5339 0.673082270984045
5339 5.64551353662265
5339 5.64551353662265
5339 0.437954833613974
5339 0.437954833613974
5339 0.437954833613974
5339 0.75655974942301
5339 0.75655974942301
5339 0.75655974942301
5339 0.414454581188751
5428 0
5428 34.9716945977062
5428 34.9716945977062
5428 34.9716945977062
5428 34.9716945977062
5428 0
5428 2.87870789730919
5428 2.87870789730919
5428 11.7508065409677
5428 11.7508065409677
5428 11.7508065409677
5428 0
5428 0.80665176939452
5428 4.22787367144032
5428 4.22787367144032
5428 4.22787367144032
5428 0.48968228847548
5428 0.21330160471229
5428 0.554522400618625
5428 1.57769103942399
5428 0
5428 0.925818357200095
5428 0
5428 0
5428 8.81905150189745
5428 8.81905150189745
5428 0
5428 9.32748055050745
5428 9.32748055050745
5428 9.32748055050745
5428 1.88038486200038
5428 0
5428 0
5428 642.905423340775
5428 0.673082270984045
5428 0.673082270984045
5428 5.64551353662265
5428 5.64551353662265
5428 0.437954833613974
5428 0.437954833613974
5428 0.437954833613974
5428 0.75655974942301
5428 0.75655974942301
5428 0.75655974942301
5428 0.414454581188751
5427 0
5427 34.9716945977062
5427 34.9716945977062
5427 34.9716945977062
5427 34.9716945977062
5427 0
5427 2.87870789730919
5427 2.87870789730919
5427 11.7508065409677
5427 11.7508065409677
5427 11.7508065409677
5427 0
5427 0.80665176939452
5427 4.22787367144032
5427 4.22787367144032
5427 4.22787367144032
5427 0.48968228847548
5427 0.21330160471229
5427 0.554522400618625
5427 1.57769103942399
5427 0
5427 0.925818357200095
5427 0
5427 0
5427 8.81905150189745
5427 8.81905150189745
5427 0
5427 9.32748055050745
5427 9.32748055050745
5427 9.32748055050745
5427 1.88038486200038
5427 0
5427 0
5427 642.905423340775
5427 0.673082270984045
5427 0.673082270984045
5427 5.64551353662265
5427 5.64551353662265
5427 0.437954833613974
5427 0.437954833613974
5427 0.437954833613974
5427 0.75655974942301
5427 0.75655974942301
5427 0.75655974942301
5427 0.414454581188751
5618 0
5618 34.9716945977062
5618 34.9716945977062
5618 34.9716945977062
5618 34.9716945977062
5618 0
5618 2.87870789730919
5618 2.87870789730919
5618 11.7508065409677
5618 11.7508065409677
5618 11.7508065409677
5618 0
5618 0.80665176939452
5618 4.22787367144032
5618 4.22787367144032
5618 4.22787367144032
5618 0.48968228847548
5618 0.21330160471229
5618 0.554522400618625
5618 1.57769103942399
5618 0
5618 0.925818357200095
5618 0
5618 0
5618 8.81905150189745
5618 8.81905150189745
5618 0
5618 9.32748055050745
5618 9.32748055050745
5618 9.32748055050745
5618 1.88038486200038
5618 0
5618 0
5618 642.905423340775
5618 0.673082270984045
5618 0.673082270984045
5618 5.64551353662265
5618 5.64551353662265
5618 0.437954833613974
5618 0.437954833613974
5618 0.437954833613974
5618 0.75655974942301
5618 0.75655974942301
5618 0.75655974942301
5618 0.414454581188751
5615 0
5615 34.9716945977062
5615 34.9716945977062
5615 34.9716945977062
5615 34.9716945977062
5615 0
5615 2.87870789730919
5615 2.87870789730919
5615 11.7508065409677
5615 11.7508065409677
5615 11.7508065409677
5615 0
5615 0.80665176939452
5615 4.22787367144032
5615 4.22787367144032
5615 4.22787367144032
5615 0.48968228847548
5615 0.21330160471229
5615 0.554522400618625
5615 1.57769103942399
5615 0
5615 0.925818357200095
5615 0
5615 0
5615 8.81905150189745
5615 8.81905150189745
5615 0
5615 9.32748055050745
5615 9.32748055050745
5615 9.32748055050745
5615 1.88038486200038
5615 0
5615 0
5615 642.905423340775
5615 0.673082270984045
5615 0.673082270984045
5615 5.64551353662265
5615 5.64551353662265
5615 0.437954833613974
5615 0.437954833613974
5615 0.437954833613974
5615 0.75655974942301
5615 0.75655974942301
5615 0.75655974942301
5615 0.414454581188751
5419 0
5419 34.9716945977062
5419 34.9716945977062
5419 34.9716945977062
5419 34.9716945977062
5419 0
5419 2.87870789730919
5419 2.87870789730919
5419 11.7508065409677
5419 11.7508065409677
5419 11.7508065409677
5419 0
5419 0.80665176939452
5419 4.22787367144032
5419 4.22787367144032
5419 4.22787367144032
5419 0.48968228847548
5419 0.21330160471229
5419 0.554522400618625
5419 1.57769103942399
5419 0
5419 0.925818357200095
5419 0
5419 0
5419 8.81905150189745
5419 8.81905150189745
5419 0
5419 9.32748055050745
5419 9.32748055050745
5419 9.32748055050745
5419 1.88038486200038
5419 0
5419 0
5419 642.905423340775
5419 0.673082270984045
5419 0.673082270984045
5419 5.64551353662265
5419 5.64551353662265
5419 0.437954833613974
5419 0.437954833613974
5419 0.437954833613974
5419 0.75655974942301
5419 0.75655974942301
5419 0.75655974942301
5419 0.414454581188751
5614 0
5614 34.9716945977062
5614 34.9716945977062
5614 34.9716945977062
5614 34.9716945977062
5614 0
5614 2.87870789730919
5614 2.87870789730919
5614 11.7508065409677
5614 11.7508065409677
5614 11.7508065409677
5614 0
5614 0.80665176939452
5614 4.22787367144032
5614 4.22787367144032
5614 4.22787367144032
5614 0.48968228847548
5614 0.21330160471229
5614 0.554522400618625
5614 1.57769103942399
5614 0
5614 0.925818357200095
5614 0
5614 0
5614 8.81905150189745
5614 8.81905150189745
5614 0
5614 9.32748055050745
5614 9.32748055050745
5614 9.32748055050745
5614 1.88038486200038
5614 0
5614 0
5614 642.905423340775
5614 0.673082270984045
5614 0.673082270984045
5614 5.64551353662265
5614 5.64551353662265
5614 0.437954833613974
5614 0.437954833613974
5614 0.437954833613974
5614 0.75655974942301
5614 0.75655974942301
5614 0.75655974942301
5614 0.414454581188751
5519 0
5519 34.9716945977062
5519 34.9716945977062
5519 34.9716945977062
5519 34.9716945977062
5519 0
5519 2.87870789730919
5519 2.87870789730919
5519 11.7508065409677
5519 11.7508065409677
5519 11.7508065409677
5519 0
5519 0.80665176939452
5519 4.22787367144032
5519 4.22787367144032
5519 4.22787367144032
5519 0.48968228847548
5519 0.21330160471229
5519 0.554522400618625
5519 1.57769103942399
5519 0
5519 0.925818357200095
5519 0
5519 0
5519 8.81905150189745
5519 8.81905150189745
5519 0
5519 9.32748055050745
5519 9.32748055050745
5519 9.32748055050745
5519 1.88038486200038
5519 0
5519 0
5519 642.905423340775
5519 0.673082270984045
5519 0.673082270984045
5519 5.64551353662265
5519 5.64551353662265
5519 0.437954833613974
5519 0.437954833613974
5519 0.437954833613974
5519 0.75655974942301
5519 0.75655974942301
5519 0.75655974942301
5519 0.414454581188751
5517 0
5517 34.9716945977062
5517 34.9716945977062
5517 34.9716945977062
5517 34.9716945977062
5517 0
5517 2.87870789730919
5517 2.87870789730919
5517 11.7508065409677
5517 11.7508065409677
5517 11.7508065409677
5517 0
5517 0.80665176939452
5517 4.22787367144032
5517 4.22787367144032
5517 4.22787367144032
5517 0.48968228847548
5517 0.21330160471229
5517 0.554522400618625
5517 1.57769103942399
5517 0
5517 0.925818357200095
5517 0
5517 0
5517 8.81905150189745
5517 8.81905150189745
5517 0
5517 9.32748055050745
5517 9.32748055050745
5517 9.32748055050745
5517 1.88038486200038
5517 0
5517 0
5517 642.905423340775
5517 0.673082270984045
5517 0.673082270984045
5517 5.64551353662265
5517 5.64551353662265
5517 0.437954833613974
5517 0.437954833613974
5517 0.437954833613974
5517 0.75655974942301
5517 0.75655974942301
5517 0.75655974942301
5517 0.414454581188751
5704 0
5704 34.9716945977062
5704 34.9716945977062
5704 34.9716945977062
5704 34.9716945977062
5704 0
5704 2.87870789730919
5704 2.87870789730919
5704 11.7508065409677
5704 11.7508065409677
5704 11.7508065409677
5704 0
5704 0.80665176939452
5704 4.22787367144032
5704 4.22787367144032
5704 4.22787367144032
5704 0.48968228847548
5704 0.21330160471229
5704 0.554522400618625
5704 1.57769103942399
5704 0
5704 0.925818357200095
5704 0
5704 0
5704 8.81905150189745
5704 8.81905150189745
5704 0
5704 9.32748055050745
5704 9.32748055050745
5704 9.32748055050745
5704 1.88038486200038
5704 0
5704 0
5704 642.905423340775
5704 0.673082270984045
5704 0.673082270984045
5704 5.64551353662265
5704 5.64551353662265
5704 0.437954833613974
5704 0.437954833613974
5704 0.437954833613974
5704 0.75655974942301
5704 0.75655974942301
5704 0.75655974942301
5704 0.414454581188751
5703 0
5703 34.9716945977062
5703 34.9716945977062
5703 34.9716945977062
5703 34.9716945977062
5703 0
5703 2.87870789730919
5703 2.87870789730919
5703 11.7508065409677
5703 11.7508065409677
5703 11.7508065409677
5703 0
5703 0.80665176939452
5703 4.22787367144032
5703 4.22787367144032
5703 4.22787367144032
5703 0.48968228847548
5703 0.21330160471229
5703 0.554522400618625
5703 1.57769103942399
5703 0
5703 0.925818357200095
5703 0
5703 0
5703 8.81905150189745
5703 8.81905150189745
5703 0
5703 9.32748055050745
5703 9.32748055050745
5703 9.32748055050745
5703 1.88038486200038
5703 0
5703 0
5703 642.905423340775
5703 0.673082270984045
5703 0.673082270984045
5703 5.64551353662265
5703 5.64551353662265
5703 0.437954833613974
5703 0.437954833613974
5703 0.437954833613974
5703 0.75655974942301
5703 0.75655974942301
5703 0.75655974942301
5703 0.414454581188751
5702 0
5702 34.9716945977062
5702 34.9716945977062
5702 34.9716945977062
5702 34.9716945977062
5702 0
5702 2.87870789730919
5702 2.87870789730919
5702 11.7508065409677
5702 11.7508065409677
5702 11.7508065409677
5702 0
5702 0.80665176939452
5702 4.22787367144032
5702 4.22787367144032
5702 4.22787367144032
5702 0.48968228847548
5702 0.21330160471229
5702 0.554522400618625
5702 1.57769103942399
5702 0
5702 0.925818357200095
5702 0
5702 0
5702 8.81905150189745
5702 8.81905150189745
5702 0
5702 9.32748055050745
5702 9.32748055050745
5702 9.32748055050745
5702 1.88038486200038
5702 0
5702 0
5702 642.905423340775
5702 0.673082270984045
5702 0.673082270984045
5702 5.64551353662265
5702 5.64551353662265
5702 0.437954833613974
5702 0.437954833613974
5702 0.437954833613974
5702 0.75655974942301
5702 0.75655974942301
5702 0.75655974942301
5702 0.414454581188751
5606 0
5606 34.9716945977062
5606 34.9716945977062
5606 34.9716945977062
5606 34.9716945977062
5606 0
5606 2.87870789730919
5606 2.87870789730919
5606 11.7508065409677
5606 11.7508065409677
5606 11.7508065409677
5606 0
5606 0.80665176939452
5606 4.22787367144032
5606 4.22787367144032
5606 4.22787367144032
5606 0.48968228847548
5606 0.21330160471229
5606 0.554522400618625
5606 1.57769103942399
5606 0
5606 0.925818357200095
5606 0
5606 0
5606 8.81905150189745
5606 8.81905150189745
5606 0
5606 9.32748055050745
5606 9.32748055050745
5606 9.32748055050745
5606 1.88038486200038
5606 0
5606 0
5606 642.905423340775
5606 0.673082270984045
5606 0.673082270984045
5606 5.64551353662265
5606 5.64551353662265
5606 0.437954833613974
5606 0.437954833613974
5606 0.437954833613974
5606 0.75655974942301
5606 0.75655974942301
5606 0.75655974942301
5606 0.414454581188751
5605 0
5605 34.9716945977062
5605 34.9716945977062
5605 34.9716945977062
5605 34.9716945977062
5605 0
5605 2.87870789730919
5605 2.87870789730919
5605 11.7508065409677
5605 11.7508065409677
5605 11.7508065409677
5605 0
5605 0.80665176939452
5605 4.22787367144032
5605 4.22787367144032
5605 4.22787367144032
5605 0.48968228847548
5605 0.21330160471229
5605 0.554522400618625
5605 1.57769103942399
5605 0
5605 0.925818357200095
5605 0
5605 0
5605 8.81905150189745
5605 8.81905150189745
5605 0
5605 9.32748055050745
5605 9.32748055050745
5605 9.32748055050745
5605 1.88038486200038
5605 0
5605 0
5605 642.905423340775
5605 0.673082270984045
5605 0.673082270984045
5605 5.64551353662265
5605 5.64551353662265
5605 0.437954833613974
5605 0.437954833613974
5605 0.437954833613974
5605 0.75655974942301
5605 0.75655974942301
5605 0.75655974942301
5605 0.414454581188751
5796 0
5796 34.9716945977062
5796 34.9716945977062
5796 34.9716945977062
5796 34.9716945977062
5796 0
5796 2.87870789730919
5796 2.87870789730919
5796 11.7508065409677
5796 11.7508065409677
5796 11.7508065409677
5796 0
5796 0.80665176939452
5796 4.22787367144032
5796 4.22787367144032
5796 4.22787367144032
5796 0.48968228847548
5796 0.21330160471229
5796 0.554522400618625
5796 1.57769103942399
5796 0
5796 0.925818357200095
5796 0
5796 0
5796 8.81905150189745
5796 8.81905150189745
5796 0
5796 9.32748055050745
5796 9.32748055050745
5796 9.32748055050745
5796 1.88038486200038
5796 0
5796 0
5796 642.905423340775
5796 0.673082270984045
5796 0.673082270984045
5796 5.64551353662265
5796 5.64551353662265
5796 0.437954833613974
5796 0.437954833613974
5796 0.437954833613974
5796 0.75655974942301
5796 0.75655974942301
5796 0.75655974942301
5796 0.414454581188751
5594 0
5594 34.9716945977062
5594 34.9716945977062
5594 34.9716945977062
5594 34.9716945977062
5594 0
5594 2.87870789730919
5594 2.87870789730919
5594 11.7508065409677
5594 11.7508065409677
5594 11.7508065409677
5594 0
5594 0.80665176939452
5594 4.22787367144032
5594 4.22787367144032
5594 4.22787367144032
5594 0.48968228847548
5594 0.21330160471229
5594 0.554522400618625
5594 1.57769103942399
5594 0
5594 0.925818357200095
5594 0
5594 0
5594 8.81905150189745
5594 8.81905150189745
5594 0
5594 9.32748055050745
5594 9.32748055050745
5594 9.32748055050745
5594 1.88038486200038
5594 0
5594 0
5594 642.905423340775
5594 0.673082270984045
5594 0.673082270984045
5594 5.64551353662265
5594 5.64551353662265
5594 0.437954833613974
5594 0.437954833613974
5594 0.437954833613974
5594 0.75655974942301
5594 0.75655974942301
5594 0.75655974942301
5594 0.414454581188751
5694 0
5694 34.9716945977062
5694 34.9716945977062
5694 34.9716945977062
5694 34.9716945977062
5694 0
5694 2.87870789730919
5694 2.87870789730919
5694 11.7508065409677
5694 11.7508065409677
5694 11.7508065409677
5694 0
5694 0.80665176939452
5694 4.22787367144032
5694 4.22787367144032
5694 4.22787367144032
5694 0.48968228847548
5694 0.21330160471229
5694 0.554522400618625
5694 1.57769103942399
5694 0
5694 0.925818357200095
5694 0
5694 0
5694 8.81905150189745
5694 8.81905150189745
5694 0
5694 9.32748055050745
5694 9.32748055050745
5694 9.32748055050745
5694 1.88038486200038
5694 0
5694 0
5694 642.905423340775
5694 0.673082270984045
5694 0.673082270984045
5694 5.64551353662265
5694 5.64551353662265
5694 0.437954833613974
5694 0.437954833613974
5694 0.437954833613974
5694 0.75655974942301
5694 0.75655974942301
5694 0.75655974942301
5694 0.414454581188751
5693 0
5693 34.9716945977062
5693 34.9716945977062
5693 34.9716945977062
5693 34.9716945977062
5693 0
5693 2.87870789730919
5693 2.87870789730919
5693 11.7508065409677
5693 11.7508065409677
5693 11.7508065409677
5693 0
5693 0.80665176939452
5693 4.22787367144032
5693 4.22787367144032
5693 4.22787367144032
5693 0.48968228847548
5693 0.21330160471229
5693 0.554522400618625
5693 1.57769103942399
5693 0
5693 0.925818357200095
5693 0
5693 0
5693 8.81905150189745
5693 8.81905150189745
5693 0
5693 9.32748055050745
5693 9.32748055050745
5693 9.32748055050745
5693 1.88038486200038
5693 0
5693 0
5693 642.905423340775
5693 0.673082270984045
5693 0.673082270984045
5693 5.64551353662265
5693 5.64551353662265
5693 0.437954833613974
5693 0.437954833613974
5693 0.437954833613974
5693 0.75655974942301
5693 0.75655974942301
5693 0.75655974942301
5693 0.414454581188751
5691 0
5691 34.9716945977062
5691 34.9716945977062
5691 34.9716945977062
5691 34.9716945977062
5691 0
5691 2.87870789730919
5691 2.87870789730919
5691 11.7508065409677
5691 11.7508065409677
5691 11.7508065409677
5691 0
5691 0.80665176939452
5691 4.22787367144032
5691 4.22787367144032
5691 4.22787367144032
5691 0.48968228847548
5691 0.21330160471229
5691 0.554522400618625
5691 1.57769103942399
5691 0
5691 0.925818357200095
5691 0
5691 0
5691 8.81905150189745
5691 8.81905150189745
5691 0
5691 9.32748055050745
5691 9.32748055050745
5691 9.32748055050745
5691 1.88038486200038
5691 0
5691 0
5691 642.905423340775
5691 0.673082270984045
5691 0.673082270984045
5691 5.64551353662265
5691 5.64551353662265
5691 0.437954833613974
5691 0.437954833613974
5691 0.437954833613974
5691 0.75655974942301
5691 0.75655974942301
5691 0.75655974942301
5691 0.414454581188751
5689 0
5689 34.9716945977062
5689 34.9716945977062
5689 34.9716945977062
5689 34.9716945977062
5689 0
5689 2.87870789730919
5689 2.87870789730919
5689 11.7508065409677
5689 11.7508065409677
5689 11.7508065409677
5689 0
5689 0.80665176939452
5689 4.22787367144032
5689 4.22787367144032
5689 4.22787367144032
5689 0.48968228847548
5689 0.21330160471229
5689 0.554522400618625
5689 1.57769103942399
5689 0
5689 0.925818357200095
5689 0
5689 0
5689 8.81905150189745
5689 8.81905150189745
5689 0
5689 9.32748055050745
5689 9.32748055050745
5689 9.32748055050745
5689 1.88038486200038
5689 0
5689 0
5689 642.905423340775
5689 0.673082270984045
5689 0.673082270984045
5689 5.64551353662265
5689 5.64551353662265
5689 0.437954833613974
5689 0.437954833613974
5689 0.437954833613974
5689 0.75655974942301
5689 0.75655974942301
5689 0.75655974942301
5689 0.414454581188751
5688 0
5688 34.9716945977062
5688 34.9716945977062
5688 34.9716945977062
5688 34.9716945977062
5688 0
5688 2.87870789730919
5688 2.87870789730919
5688 11.7508065409677
5688 11.7508065409677
5688 11.7508065409677
5688 0
5688 0.80665176939452
5688 4.22787367144032
5688 4.22787367144032
5688 4.22787367144032
5688 0.48968228847548
5688 0.21330160471229
5688 0.554522400618625
5688 1.57769103942399
5688 0
5688 0.925818357200095
5688 0
5688 0
5688 8.81905150189745
5688 8.81905150189745
5688 0
5688 9.32748055050745
5688 9.32748055050745
5688 9.32748055050745
5688 1.88038486200038
5688 0
5688 0
5688 642.905423340775
5688 0.673082270984045
5688 0.673082270984045
5688 5.64551353662265
5688 5.64551353662265
5688 0.437954833613974
5688 0.437954833613974
5688 0.437954833613974
5688 0.75655974942301
5688 0.75655974942301
5688 0.75655974942301
5688 0.414454581188751
5887 0
5887 34.9716945977062
5887 34.9716945977062
5887 34.9716945977062
5887 34.9716945977062
5887 0
5887 2.87870789730919
5887 2.87870789730919
5887 11.7508065409677
5887 11.7508065409677
5887 11.7508065409677
5887 0
5887 0.80665176939452
5887 4.22787367144032
5887 4.22787367144032
5887 4.22787367144032
5887 0.48968228847548
5887 0.21330160471229
5887 0.554522400618625
5887 1.57769103942399
5887 0
5887 0.925818357200095
5887 0
5887 0
5887 8.81905150189745
5887 8.81905150189745
5887 0
5887 9.32748055050745
5887 9.32748055050745
5887 9.32748055050745
5887 1.88038486200038
5887 0
5887 0
5887 642.905423340775
5887 0.673082270984045
5887 0.673082270984045
5887 5.64551353662265
5887 5.64551353662265
5887 0.437954833613974
5887 0.437954833613974
5887 0.437954833613974
5887 0.75655974942301
5887 0.75655974942301
5887 0.75655974942301
5887 0.414454581188751
5883 0
5883 34.9716945977062
5883 34.9716945977062
5883 34.9716945977062
5883 34.9716945977062
5883 0
5883 2.87870789730919
5883 2.87870789730919
5883 11.7508065409677
5883 11.7508065409677
5883 11.7508065409677
5883 0
5883 0.80665176939452
5883 4.22787367144032
5883 4.22787367144032
5883 4.22787367144032
5883 0.48968228847548
5883 0.21330160471229
5883 0.554522400618625
5883 1.57769103942399
5883 0
5883 0.925818357200095
5883 0
5883 0
5883 8.81905150189745
5883 8.81905150189745
5883 0
5883 9.32748055050745
5883 9.32748055050745
5883 9.32748055050745
5883 1.88038486200038
5883 0
5883 0
5883 642.905423340775
5883 0.673082270984045
5883 0.673082270984045
5883 5.64551353662265
5883 5.64551353662265
5883 0.437954833613974
5883 0.437954833613974
5883 0.437954833613974
5883 0.75655974942301
5883 0.75655974942301
5883 0.75655974942301
5883 0.414454581188751
5677 0
5677 34.9716945977062
5677 34.9716945977062
5677 34.9716945977062
5677 34.9716945977062
5677 0
5677 2.87870789730919
5677 2.87870789730919
5677 11.7508065409677
5677 11.7508065409677
5677 11.7508065409677
5677 0
5677 0.80665176939452
5677 4.22787367144032
5677 4.22787367144032
5677 4.22787367144032
5677 0.48968228847548
5677 0.21330160471229
5677 0.554522400618625
5677 1.57769103942399
5677 0
5677 0.925818357200095
5677 0
5677 0
5677 8.81905150189745
5677 8.81905150189745
5677 0
5677 9.32748055050745
5677 9.32748055050745
5677 9.32748055050745
5677 1.88038486200038
5677 0
5677 0
5677 642.905423340775
5677 0.673082270984045
5677 0.673082270984045
5677 5.64551353662265
5677 5.64551353662265
5677 0.437954833613974
5677 0.437954833613974
5677 0.437954833613974
5677 0.75655974942301
5677 0.75655974942301
5677 0.75655974942301
5677 0.414454581188751
5985 0
5985 34.9716945977062
5985 34.9716945977062
5985 34.9716945977062
5985 34.9716945977062
5985 0
5985 2.87870789730919
5985 2.87870789730919
5985 11.7508065409677
5985 11.7508065409677
5985 11.7508065409677
5985 0
5985 0.80665176939452
5985 4.22787367144032
5985 4.22787367144032
5985 4.22787367144032
5985 0.48968228847548
5985 0.21330160471229
5985 0.554522400618625
5985 1.57769103942399
5985 0
5985 0.925818357200095
5985 0
5985 0
5985 8.81905150189745
5985 8.81905150189745
5985 0
5985 9.32748055050745
5985 9.32748055050745
5985 9.32748055050745
5985 1.88038486200038
5985 0
5985 0
5985 642.905423340775
5985 0.673082270984045
5985 0.673082270984045
5985 5.64551353662265
5985 5.64551353662265
5985 0.437954833613974
5985 0.437954833613974
5985 0.437954833613974
5985 0.75655974942301
5985 0.75655974942301
5985 0.75655974942301
5985 0.414454581188751
5879 0
5879 34.9716945977062
5879 34.9716945977062
5879 34.9716945977062
5879 34.9716945977062
5879 0
5879 2.87870789730919
5879 2.87870789730919
5879 11.7508065409677
5879 11.7508065409677
5879 11.7508065409677
5879 0
5879 0.80665176939452
5879 4.22787367144032
5879 4.22787367144032
5879 4.22787367144032
5879 0.48968228847548
5879 0.21330160471229
5879 0.554522400618625
5879 1.57769103942399
5879 0
5879 0.925818357200095
5879 0
5879 0
5879 8.81905150189745
5879 8.81905150189745
5879 0
5879 9.32748055050745
5879 9.32748055050745
5879 9.32748055050745
5879 1.88038486200038
5879 0
5879 0
5879 642.905423340775
5879 0.673082270984045
5879 0.673082270984045
5879 5.64551353662265
5879 5.64551353662265
5879 0.437954833613974
5879 0.437954833613974
5879 0.437954833613974
5879 0.75655974942301
5879 0.75655974942301
5879 0.75655974942301
5879 0.414454581188751
5984 0
5984 34.9716945977062
5984 34.9716945977062
5984 34.9716945977062
5984 34.9716945977062
5984 0
5984 2.87870789730919
5984 2.87870789730919
5984 11.7508065409677
5984 11.7508065409677
5984 11.7508065409677
5984 0
5984 0.80665176939452
5984 4.22787367144032
5984 4.22787367144032
5984 4.22787367144032
5984 0.48968228847548
5984 0.21330160471229
5984 0.554522400618625
5984 1.57769103942399
5984 0
5984 0.925818357200095
5984 0
5984 0
5984 8.81905150189745
5984 8.81905150189745
5984 0
5984 9.32748055050745
5984 9.32748055050745
5984 9.32748055050745
5984 1.88038486200038
5984 0
5984 0
5984 642.905423340775
5984 0.673082270984045
5984 0.673082270984045
5984 5.64551353662265
5984 5.64551353662265
5984 0.437954833613974
5984 0.437954833613974
5984 0.437954833613974
5984 0.75655974942301
5984 0.75655974942301
5984 0.75655974942301
5984 0.414454581188751
5977 0
5977 34.9716945977062
5977 34.9716945977062
5977 34.9716945977062
5977 34.9716945977062
5977 0
5977 2.87870789730919
5977 2.87870789730919
5977 11.7508065409677
5977 11.7508065409677
5977 11.7508065409677
5977 0
5977 0.80665176939452
5977 4.22787367144032
5977 4.22787367144032
5977 4.22787367144032
5977 0.48968228847548
5977 0.21330160471229
5977 0.554522400618625
5977 1.57769103942399
5977 0
5977 0.925818357200095
5977 0
5977 0
5977 8.81905150189745
5977 8.81905150189745
5977 0
5977 9.32748055050745
5977 9.32748055050745
5977 9.32748055050745
5977 1.88038486200038
5977 0
5977 0
5977 642.905423340775
5977 0.673082270984045
5977 0.673082270984045
5977 5.64551353662265
5977 5.64551353662265
5977 0.437954833613974
5977 0.437954833613974
5977 0.437954833613974
5977 0.75655974942301
5977 0.75655974942301
5977 0.75655974942301
5977 0.414454581188751
5976 0
5976 34.9716945977062
5976 34.9716945977062
5976 34.9716945977062
5976 34.9716945977062
5976 0
5976 2.87870789730919
5976 2.87870789730919
5976 11.7508065409677
5976 11.7508065409677
5976 11.7508065409677
5976 0
5976 0.80665176939452
5976 4.22787367144032
5976 4.22787367144032
5976 4.22787367144032
5976 0.48968228847548
5976 0.21330160471229
5976 0.554522400618625
5976 1.57769103942399
5976 0
5976 0.925818357200095
5976 0
5976 0
5976 8.81905150189745
5976 8.81905150189745
5976 0
5976 9.32748055050745
5976 9.32748055050745
5976 9.32748055050745
5976 1.88038486200038
5976 0
5976 0
5976 642.905423340775
5976 0.673082270984045
5976 0.673082270984045
5976 5.64551353662265
5976 5.64551353662265
5976 0.437954833613974
5976 0.437954833613974
5976 0.437954833613974
5976 0.75655974942301
5976 0.75655974942301
5976 0.75655974942301
5976 0.414454581188751
6083 0
6083 34.9716945977062
6083 34.9716945977062
6083 34.9716945977062
6083 34.9716945977062
6083 0
6083 2.87870789730919
6083 2.87870789730919
6083 11.7508065409677
6083 11.7508065409677
6083 11.7508065409677
6083 0
6083 0.80665176939452
6083 4.22787367144032
6083 4.22787367144032
6083 4.22787367144032
6083 0.48968228847548
6083 0.21330160471229
6083 0.554522400618625
6083 1.57769103942399
6083 0
6083 0.925818357200095
6083 0
6083 0
6083 8.81905150189745
6083 8.81905150189745
6083 0
6083 9.32748055050745
6083 9.32748055050745
6083 9.32748055050745
6083 1.88038486200038
6083 0
6083 0
6083 642.905423340775
6083 0.673082270984045
6083 0.673082270984045
6083 5.64551353662265
6083 5.64551353662265
6083 0.437954833613974
6083 0.437954833613974
6083 0.437954833613974
6083 0.75655974942301
6083 0.75655974942301
6083 0.75655974942301
6083 0.414454581188751
6079 0
6079 34.9716945977062
6079 34.9716945977062
6079 34.9716945977062
6079 34.9716945977062
6079 0
6079 2.87870789730919
6079 2.87870789730919
6079 11.7508065409677
6079 11.7508065409677
6079 11.7508065409677
6079 0
6079 0.80665176939452
6079 4.22787367144032
6079 4.22787367144032
6079 4.22787367144032
6079 0.48968228847548
6079 0.21330160471229
6079 0.554522400618625
6079 1.57769103942399
6079 0
6079 0.925818357200095
6079 0
6079 0
6079 8.81905150189745
6079 8.81905150189745
6079 0
6079 9.32748055050745
6079 9.32748055050745
6079 9.32748055050745
6079 1.88038486200038
6079 0
6079 0
6079 642.905423340775
6079 0.673082270984045
6079 0.673082270984045
6079 5.64551353662265
6079 5.64551353662265
6079 0.437954833613974
6079 0.437954833613974
6079 0.437954833613974
6079 0.75655974942301
6079 0.75655974942301
6079 0.75655974942301
6079 0.414454581188751
6078 0
6078 34.9716945977062
6078 34.9716945977062
6078 34.9716945977062
6078 34.9716945977062
6078 0
6078 2.87870789730919
6078 2.87870789730919
6078 11.7508065409677
6078 11.7508065409677
6078 11.7508065409677
6078 0
6078 0.80665176939452
6078 4.22787367144032
6078 4.22787367144032
6078 4.22787367144032
6078 0.48968228847548
6078 0.21330160471229
6078 0.554522400618625
6078 1.57769103942399
6078 0
6078 0.925818357200095
6078 0
6078 0
6078 8.81905150189745
6078 8.81905150189745
6078 0
6078 9.32748055050745
6078 9.32748055050745
6078 9.32748055050745
6078 1.88038486200038
6078 0
6078 0
6078 642.905423340775
6078 0.673082270984045
6078 0.673082270984045
6078 5.64551353662265
6078 5.64551353662265
6078 0.437954833613974
6078 0.437954833613974
6078 0.437954833613974
6078 0.75655974942301
6078 0.75655974942301
6078 0.75655974942301
6078 0.414454581188751
6073 0
6073 34.9716945977062
6073 34.9716945977062
6073 34.9716945977062
6073 34.9716945977062
6073 0
6073 2.87870789730919
6073 2.87870789730919
6073 11.7508065409677
6073 11.7508065409677
6073 11.7508065409677
6073 0
6073 0.80665176939452
6073 4.22787367144032
6073 4.22787367144032
6073 4.22787367144032
6073 0.48968228847548
6073 0.21330160471229
6073 0.554522400618625
6073 1.57769103942399
6073 0
6073 0.925818357200095
6073 0
6073 0
6073 8.81905150189745
6073 8.81905150189745
6073 0
6073 9.32748055050745
6073 9.32748055050745
6073 9.32748055050745
6073 1.88038486200038
6073 0
6073 0
6073 642.905423340775
6073 0.673082270984045
6073 0.673082270984045
6073 5.64551353662265
6073 5.64551353662265
6073 0.437954833613974
6073 0.437954833613974
6073 0.437954833613974
6073 0.75655974942301
6073 0.75655974942301
6073 0.75655974942301
6073 0.414454581188751
6180 0
6180 34.9716945977062
6180 34.9716945977062
6180 34.9716945977062
6180 34.9716945977062
6180 0
6180 2.87870789730919
6180 2.87870789730919
6180 11.7508065409677
6180 11.7508065409677
6180 11.7508065409677
6180 0
6180 0.80665176939452
6180 4.22787367144032
6180 4.22787367144032
6180 4.22787367144032
6180 0.48968228847548
6180 0.21330160471229
6180 0.554522400618625
6180 1.57769103942399
6180 0
6180 0.925818357200095
6180 0
6180 0
6180 8.81905150189745
6180 8.81905150189745
6180 0
6180 9.32748055050745
6180 9.32748055050745
6180 9.32748055050745
6180 1.88038486200038
6180 0
6180 0
6180 642.905423340775
6180 0.673082270984045
6180 0.673082270984045
6180 5.64551353662265
6180 5.64551353662265
6180 0.437954833613974
6180 0.437954833613974
6180 0.437954833613974
6180 0.75655974942301
6180 0.75655974942301
6180 0.75655974942301
6180 0.414454581188751
6179 0
6179 34.9716945977062
6179 34.9716945977062
6179 34.9716945977062
6179 34.9716945977062
6179 0
6179 2.87870789730919
6179 2.87870789730919
6179 11.7508065409677
6179 11.7508065409677
6179 11.7508065409677
6179 0
6179 0.80665176939452
6179 4.22787367144032
6179 4.22787367144032
6179 4.22787367144032
6179 0.48968228847548
6179 0.21330160471229
6179 0.554522400618625
6179 1.57769103942399
6179 0
6179 0.925818357200095
6179 0
6179 0
6179 8.81905150189745
6179 8.81905150189745
6179 0
6179 9.32748055050745
6179 9.32748055050745
6179 9.32748055050745
6179 1.88038486200038
6179 0
6179 0
6179 642.905423340775
6179 0.673082270984045
6179 0.673082270984045
6179 5.64551353662265
6179 5.64551353662265
6179 0.437954833613974
6179 0.437954833613974
6179 0.437954833613974
6179 0.75655974942301
6179 0.75655974942301
6179 0.75655974942301
6179 0.414454581188751
6178 0
6178 34.9716945977062
6178 34.9716945977062
6178 34.9716945977062
6178 34.9716945977062
6178 0
6178 2.87870789730919
6178 2.87870789730919
6178 11.7508065409677
6178 11.7508065409677
6178 11.7508065409677
6178 0
6178 0.80665176939452
6178 4.22787367144032
6178 4.22787367144032
6178 4.22787367144032
6178 0.48968228847548
6178 0.21330160471229
6178 0.554522400618625
6178 1.57769103942399
6178 0
6178 0.925818357200095
6178 0
6178 0
6178 8.81905150189745
6178 8.81905150189745
6178 0
6178 9.32748055050745
6178 9.32748055050745
6178 9.32748055050745
6178 1.88038486200038
6178 0
6178 0
6178 642.905423340775
6178 0.673082270984045
6178 0.673082270984045
6178 5.64551353662265
6178 5.64551353662265
6178 0.437954833613974
6178 0.437954833613974
6178 0.437954833613974
6178 0.75655974942301
6178 0.75655974942301
6178 0.75655974942301
6178 0.414454581188751
6177 0
6177 34.9716945977062
6177 34.9716945977062
6177 34.9716945977062
6177 34.9716945977062
6177 0
6177 2.87870789730919
6177 2.87870789730919
6177 11.7508065409677
6177 11.7508065409677
6177 11.7508065409677
6177 0
6177 0.80665176939452
6177 4.22787367144032
6177 4.22787367144032
6177 4.22787367144032
6177 0.48968228847548
6177 0.21330160471229
6177 0.554522400618625
6177 1.57769103942399
6177 0
6177 0.925818357200095
6177 0
6177 0
6177 8.81905150189745
6177 8.81905150189745
6177 0
6177 9.32748055050745
6177 9.32748055050745
6177 9.32748055050745
6177 1.88038486200038
6177 0
6177 0
6177 642.905423340775
6177 0.673082270984045
6177 0.673082270984045
6177 5.64551353662265
6177 5.64551353662265
6177 0.437954833613974
6177 0.437954833613974
6177 0.437954833613974
6177 0.75655974942301
6177 0.75655974942301
6177 0.75655974942301
6177 0.414454581188751
6175 0
6175 34.9716945977062
6175 34.9716945977062
6175 34.9716945977062
6175 34.9716945977062
6175 0
6175 2.87870789730919
6175 2.87870789730919
6175 11.7508065409677
6175 11.7508065409677
6175 11.7508065409677
6175 0
6175 0.80665176939452
6175 4.22787367144032
6175 4.22787367144032
6175 4.22787367144032
6175 0.48968228847548
6175 0.21330160471229
6175 0.554522400618625
6175 1.57769103942399
6175 0
6175 0.925818357200095
6175 0
6175 0
6175 8.81905150189745
6175 8.81905150189745
6175 0
6175 9.32748055050745
6175 9.32748055050745
6175 9.32748055050745
6175 1.88038486200038
6175 0
6175 0
6175 642.905423340775
6175 0.673082270984045
6175 0.673082270984045
6175 5.64551353662265
6175 5.64551353662265
6175 0.437954833613974
6175 0.437954833613974
6175 0.437954833613974
6175 0.75655974942301
6175 0.75655974942301
6175 0.75655974942301
6175 0.414454581188751
6174 0
6174 34.9716945977062
6174 34.9716945977062
6174 34.9716945977062
6174 34.9716945977062
6174 0
6174 2.87870789730919
6174 2.87870789730919
6174 11.7508065409677
6174 11.7508065409677
6174 11.7508065409677
6174 0
6174 0.80665176939452
6174 4.22787367144032
6174 4.22787367144032
6174 4.22787367144032
6174 0.48968228847548
6174 0.21330160471229
6174 0.554522400618625
6174 1.57769103942399
6174 0
6174 0.925818357200095
6174 0
6174 0
6174 8.81905150189745
6174 8.81905150189745
6174 0
6174 9.32748055050745
6174 9.32748055050745
6174 9.32748055050745
6174 1.88038486200038
6174 0
6174 0
6174 642.905423340775
6174 0.673082270984045
6174 0.673082270984045
6174 5.64551353662265
6174 5.64551353662265
6174 0.437954833613974
6174 0.437954833613974
6174 0.437954833613974
6174 0.75655974942301
6174 0.75655974942301
6174 0.75655974942301
6174 0.414454581188751
6276 0
6276 34.9716945977062
6276 34.9716945977062
6276 34.9716945977062
6276 34.9716945977062
6276 0
6276 2.87870789730919
6276 2.87870789730919
6276 11.7508065409677
6276 11.7508065409677
6276 11.7508065409677
6276 0
6276 0.80665176939452
6276 4.22787367144032
6276 4.22787367144032
6276 4.22787367144032
6276 0.48968228847548
6276 0.21330160471229
6276 0.554522400618625
6276 1.57769103942399
6276 0
6276 0.925818357200095
6276 0
6276 0
6276 8.81905150189745
6276 8.81905150189745
6276 0
6276 9.32748055050745
6276 9.32748055050745
6276 9.32748055050745
6276 1.88038486200038
6276 0
6276 0
6276 642.905423340775
6276 0.673082270984045
6276 0.673082270984045
6276 5.64551353662265
6276 5.64551353662265
6276 0.437954833613974
6276 0.437954833613974
6276 0.437954833613974
6276 0.75655974942301
6276 0.75655974942301
6276 0.75655974942301
6276 0.414454581188751
6056 0
6056 34.9716945977062
6056 34.9716945977062
6056 34.9716945977062
6056 34.9716945977062
6056 0
6056 2.87870789730919
6056 2.87870789730919
6056 11.7508065409677
6056 11.7508065409677
6056 11.7508065409677
6056 0
6056 0.80665176939452
6056 4.22787367144032
6056 4.22787367144032
6056 4.22787367144032
6056 0.48968228847548
6056 0.21330160471229
6056 0.554522400618625
6056 1.57769103942399
6056 0
6056 0.925818357200095
6056 0
6056 0
6056 8.81905150189745
6056 8.81905150189745
6056 0
6056 9.32748055050745
6056 9.32748055050745
6056 9.32748055050745
6056 1.88038486200038
6056 0
6056 0
6056 642.905423340775
6056 0.673082270984045
6056 0.673082270984045
6056 5.64551353662265
6056 5.64551353662265
6056 0.437954833613974
6056 0.437954833613974
6056 0.437954833613974
6056 0.75655974942301
6056 0.75655974942301
6056 0.75655974942301
6056 0.414454581188751
6166 0
6166 34.9716945977062
6166 34.9716945977062
6166 34.9716945977062
6166 34.9716945977062
6166 0
6166 2.87870789730919
6166 2.87870789730919
6166 11.7508065409677
6166 11.7508065409677
6166 11.7508065409677
6166 0
6166 0.80665176939452
6166 4.22787367144032
6166 4.22787367144032
6166 4.22787367144032
6166 0.48968228847548
6166 0.21330160471229
6166 0.554522400618625
6166 1.57769103942399
6166 0
6166 0.925818357200095
6166 0
6166 0
6166 8.81905150189745
6166 8.81905150189745
6166 0
6166 9.32748055050745
6166 9.32748055050745
6166 9.32748055050745
6166 1.88038486200038
6166 0
6166 0
6166 642.905423340775
6166 0.673082270984045
6166 0.673082270984045
6166 5.64551353662265
6166 5.64551353662265
6166 0.437954833613974
6166 0.437954833613974
6166 0.437954833613974
6166 0.75655974942301
6166 0.75655974942301
6166 0.75655974942301
6166 0.414454581188751
6270 0
6270 34.9716945977062
6270 34.9716945977062
6270 34.9716945977062
6270 34.9716945977062
6270 0
6270 2.87870789730919
6270 2.87870789730919
6270 11.7508065409677
6270 11.7508065409677
6270 11.7508065409677
6270 0
6270 0.80665176939452
6270 4.22787367144032
6270 4.22787367144032
6270 4.22787367144032
6270 0.48968228847548
6270 0.21330160471229
6270 0.554522400618625
6270 1.57769103942399
6270 0
6270 0.925818357200095
6270 0
6270 0
6270 8.81905150189745
6270 8.81905150189745
6270 0
6270 9.32748055050745
6270 9.32748055050745
6270 9.32748055050745
6270 1.88038486200038
6270 0
6270 0
6270 642.905423340775
6270 0.673082270984045
6270 0.673082270984045
6270 5.64551353662265
6270 5.64551353662265
6270 0.437954833613974
6270 0.437954833613974
6270 0.437954833613974
6270 0.75655974942301
6270 0.75655974942301
6270 0.75655974942301
6270 0.414454581188751
6269 0
6269 34.9716945977062
6269 34.9716945977062
6269 34.9716945977062
6269 34.9716945977062
6269 0
6269 2.87870789730919
6269 2.87870789730919
6269 11.7508065409677
6269 11.7508065409677
6269 11.7508065409677
6269 0
6269 0.80665176939452
6269 4.22787367144032
6269 4.22787367144032
6269 4.22787367144032
6269 0.48968228847548
6269 0.21330160471229
6269 0.554522400618625
6269 1.57769103942399
6269 0
6269 0.925818357200095
6269 0
6269 0
6269 8.81905150189745
6269 8.81905150189745
6269 0
6269 9.32748055050745
6269 9.32748055050745
6269 9.32748055050745
6269 1.88038486200038
6269 0
6269 0
6269 642.905423340775
6269 0.673082270984045
6269 0.673082270984045
6269 5.64551353662265
6269 5.64551353662265
6269 0.437954833613974
6269 0.437954833613974
6269 0.437954833613974
6269 0.75655974942301
6269 0.75655974942301
6269 0.75655974942301
6269 0.414454581188751
6163 0
6163 34.9716945977062
6163 34.9716945977062
6163 34.9716945977062
6163 34.9716945977062
6163 0
6163 2.87870789730919
6163 2.87870789730919
6163 11.7508065409677
6163 11.7508065409677
6163 11.7508065409677
6163 0
6163 0.80665176939452
6163 4.22787367144032
6163 4.22787367144032
6163 4.22787367144032
6163 0.48968228847548
6163 0.21330160471229
6163 0.554522400618625
6163 1.57769103942399
6163 0
6163 0.925818357200095
6163 0
6163 0
6163 8.81905150189745
6163 8.81905150189745
6163 0
6163 9.32748055050745
6163 9.32748055050745
6163 9.32748055050745
6163 1.88038486200038
6163 0
6163 0
6163 642.905423340775
6163 0.673082270984045
6163 0.673082270984045
6163 5.64551353662265
6163 5.64551353662265
6163 0.437954833613974
6163 0.437954833613974
6163 0.437954833613974
6163 0.75655974942301
6163 0.75655974942301
6163 0.75655974942301
6163 0.414454581188751
6268 0
6268 34.9716945977062
6268 34.9716945977062
6268 34.9716945977062
6268 34.9716945977062
6268 0
6268 2.87870789730919
6268 2.87870789730919
6268 11.7508065409677
6268 11.7508065409677
6268 11.7508065409677
6268 0
6268 0.80665176939452
6268 4.22787367144032
6268 4.22787367144032
6268 4.22787367144032
6268 0.48968228847548
6268 0.21330160471229
6268 0.554522400618625
6268 1.57769103942399
6268 0
6268 0.925818357200095
6268 0
6268 0
6268 8.81905150189745
6268 8.81905150189745
6268 0
6268 9.32748055050745
6268 9.32748055050745
6268 9.32748055050745
6268 1.88038486200038
6268 0
6268 0
6268 642.905423340775
6268 0.673082270984045
6268 0.673082270984045
6268 5.64551353662265
6268 5.64551353662265
6268 0.437954833613974
6268 0.437954833613974
6268 0.437954833613974
6268 0.75655974942301
6268 0.75655974942301
6268 0.75655974942301
6268 0.414454581188751
6364 0
6364 34.9716945977062
6364 34.9716945977062
6364 34.9716945977062
6364 34.9716945977062
6364 0
6364 2.87870789730919
6364 2.87870789730919
6364 11.7508065409677
6364 11.7508065409677
6364 11.7508065409677
6364 0
6364 0.80665176939452
6364 4.22787367144032
6364 4.22787367144032
6364 4.22787367144032
6364 0.48968228847548
6364 0.21330160471229
6364 0.554522400618625
6364 1.57769103942399
6364 0
6364 0.925818357200095
6364 0
6364 0
6364 8.81905150189745
6364 8.81905150189745
6364 0
6364 9.32748055050745
6364 9.32748055050745
6364 9.32748055050745
6364 1.88038486200038
6364 0
6364 0
6364 642.905423340775
6364 0.673082270984045
6364 0.673082270984045
6364 5.64551353662265
6364 5.64551353662265
6364 0.437954833613974
6364 0.437954833613974
6364 0.437954833613974
6364 0.75655974942301
6364 0.75655974942301
6364 0.75655974942301
6364 0.414454581188751
6363 0
6363 34.9716945977062
6363 34.9716945977062
6363 34.9716945977062
6363 34.9716945977062
6363 0
6363 2.87870789730919
6363 2.87870789730919
6363 11.7508065409677
6363 11.7508065409677
6363 11.7508065409677
6363 0
6363 0.80665176939452
6363 4.22787367144032
6363 4.22787367144032
6363 4.22787367144032
6363 0.48968228847548
6363 0.21330160471229
6363 0.554522400618625
6363 1.57769103942399
6363 0
6363 0.925818357200095
6363 0
6363 0
6363 8.81905150189745
6363 8.81905150189745
6363 0
6363 9.32748055050745
6363 9.32748055050745
6363 9.32748055050745
6363 1.88038486200038
6363 0
6363 0
6363 642.905423340775
6363 0.673082270984045
6363 0.673082270984045
6363 5.64551353662265
6363 5.64551353662265
6363 0.437954833613974
6363 0.437954833613974
6363 0.437954833613974
6363 0.75655974942301
6363 0.75655974942301
6363 0.75655974942301
6363 0.414454581188751
6361 0
6361 34.9716945977062
6361 34.9716945977062
6361 34.9716945977062
6361 34.9716945977062
6361 0
6361 2.87870789730919
6361 2.87870789730919
6361 11.7508065409677
6361 11.7508065409677
6361 11.7508065409677
6361 0
6361 0.80665176939452
6361 4.22787367144032
6361 4.22787367144032
6361 4.22787367144032
6361 0.48968228847548
6361 0.21330160471229
6361 0.554522400618625
6361 1.57769103942399
6361 0
6361 0.925818357200095
6361 0
6361 0
6361 8.81905150189745
6361 8.81905150189745
6361 0
6361 9.32748055050745
6361 9.32748055050745
6361 9.32748055050745
6361 1.88038486200038
6361 0
6361 0
6361 642.905423340775
6361 0.673082270984045
6361 0.673082270984045
6361 5.64551353662265
6361 5.64551353662265
6361 0.437954833613974
6361 0.437954833613974
6361 0.437954833613974
6361 0.75655974942301
6361 0.75655974942301
6361 0.75655974942301
6361 0.414454581188751
6360 0
6360 34.9716945977062
6360 34.9716945977062
6360 34.9716945977062
6360 34.9716945977062
6360 0
6360 2.87870789730919
6360 2.87870789730919
6360 11.7508065409677
6360 11.7508065409677
6360 11.7508065409677
6360 0
6360 0.80665176939452
6360 4.22787367144032
6360 4.22787367144032
6360 4.22787367144032
6360 0.48968228847548
6360 0.21330160471229
6360 0.554522400618625
6360 1.57769103942399
6360 0
6360 0.925818357200095
6360 0
6360 0
6360 8.81905150189745
6360 8.81905150189745
6360 0
6360 9.32748055050745
6360 9.32748055050745
6360 9.32748055050745
6360 1.88038486200038
6360 0
6360 0
6360 642.905423340775
6360 0.673082270984045
6360 0.673082270984045
6360 5.64551353662265
6360 5.64551353662265
6360 0.437954833613974
6360 0.437954833613974
6360 0.437954833613974
6360 0.75655974942301
6360 0.75655974942301
6360 0.75655974942301
6360 0.414454581188751
6453 0
6453 34.9716945977062
6453 34.9716945977062
6453 34.9716945977062
6453 34.9716945977062
6453 0
6453 2.87870789730919
6453 2.87870789730919
6453 11.7508065409677
6453 11.7508065409677
6453 11.7508065409677
6453 0
6453 0.80665176939452
6453 4.22787367144032
6453 4.22787367144032
6453 4.22787367144032
6453 0.48968228847548
6453 0.21330160471229
6453 0.554522400618625
6453 1.57769103942399
6453 0
6453 0.925818357200095
6453 0
6453 0
6453 8.81905150189745
6453 8.81905150189745
6453 0
6453 9.32748055050745
6453 9.32748055050745
6453 9.32748055050745
6453 1.88038486200038
6453 0
6453 0
6453 642.905423340775
6453 0.673082270984045
6453 0.673082270984045
6453 5.64551353662265
6453 5.64551353662265
6453 0.437954833613974
6453 0.437954833613974
6453 0.437954833613974
6453 0.75655974942301
6453 0.75655974942301
6453 0.75655974942301
6453 0.414454581188751
6452 0
6452 34.9716945977062
6452 34.9716945977062
6452 34.9716945977062
6452 34.9716945977062
6452 0
6452 2.87870789730919
6452 2.87870789730919
6452 11.7508065409677
6452 11.7508065409677
6452 11.7508065409677
6452 0
6452 0.80665176939452
6452 4.22787367144032
6452 4.22787367144032
6452 4.22787367144032
6452 0.48968228847548
6452 0.21330160471229
6452 0.554522400618625
6452 1.57769103942399
6452 0
6452 0.925818357200095
6452 0
6452 0
6452 8.81905150189745
6452 8.81905150189745
6452 0
6452 9.32748055050745
6452 9.32748055050745
6452 9.32748055050745
6452 1.88038486200038
6452 0
6452 0
6452 642.905423340775
6452 0.673082270984045
6452 0.673082270984045
6452 5.64551353662265
6452 5.64551353662265
6452 0.437954833613974
6452 0.437954833613974
6452 0.437954833613974
6452 0.75655974942301
6452 0.75655974942301
6452 0.75655974942301
6452 0.414454581188751
6451 0
6451 34.9716945977062
6451 34.9716945977062
6451 34.9716945977062
6451 34.9716945977062
6451 0
6451 2.87870789730919
6451 2.87870789730919
6451 11.7508065409677
6451 11.7508065409677
6451 11.7508065409677
6451 0
6451 0.80665176939452
6451 4.22787367144032
6451 4.22787367144032
6451 4.22787367144032
6451 0.48968228847548
6451 0.21330160471229
6451 0.554522400618625
6451 1.57769103942399
6451 0
6451 0.925818357200095
6451 0
6451 0
6451 8.81905150189745
6451 8.81905150189745
6451 0
6451 9.32748055050745
6451 9.32748055050745
6451 9.32748055050745
6451 1.88038486200038
6451 0
6451 0
6451 642.905423340775
6451 0.673082270984045
6451 0.673082270984045
6451 5.64551353662265
6451 5.64551353662265
6451 0.437954833613974
6451 0.437954833613974
6451 0.437954833613974
6451 0.75655974942301
6451 0.75655974942301
6451 0.75655974942301
6451 0.414454581188751
6442 0
6442 34.9716945977062
6442 34.9716945977062
6442 34.9716945977062
6442 34.9716945977062
6442 0
6442 2.87870789730919
6442 2.87870789730919
6442 11.7508065409677
6442 11.7508065409677
6442 11.7508065409677
6442 0
6442 0.80665176939452
6442 4.22787367144032
6442 4.22787367144032
6442 4.22787367144032
6442 0.48968228847548
6442 0.21330160471229
6442 0.554522400618625
6442 1.57769103942399
6442 0
6442 0.925818357200095
6442 0
6442 0
6442 8.81905150189745
6442 8.81905150189745
6442 0
6442 9.32748055050745
6442 9.32748055050745
6442 9.32748055050745
6442 1.88038486200038
6442 0
6442 0
6442 642.905423340775
6442 0.673082270984045
6442 0.673082270984045
6442 5.64551353662265
6442 5.64551353662265
6442 0.437954833613974
6442 0.437954833613974
6442 0.437954833613974
6442 0.75655974942301
6442 0.75655974942301
6442 0.75655974942301
6442 0.414454581188751
6539 0
6539 34.9716945977062
6539 34.9716945977062
6539 34.9716945977062
6539 34.9716945977062
6539 0
6539 2.87870789730919
6539 2.87870789730919
6539 11.7508065409677
6539 11.7508065409677
6539 11.7508065409677
6539 0
6539 0.80665176939452
6539 4.22787367144032
6539 4.22787367144032
6539 4.22787367144032
6539 0.48968228847548
6539 0.21330160471229
6539 0.554522400618625
6539 1.57769103942399
6539 0
6539 0.925818357200095
6539 0
6539 0
6539 8.81905150189745
6539 8.81905150189745
6539 0
6539 9.32748055050745
6539 9.32748055050745
6539 9.32748055050745
6539 1.88038486200038
6539 0
6539 0
6539 642.905423340775
6539 0.673082270984045
6539 0.673082270984045
6539 5.64551353662265
6539 5.64551353662265
6539 0.437954833613974
6539 0.437954833613974
6539 0.437954833613974
6539 0.75655974942301
6539 0.75655974942301
6539 0.75655974942301
6539 0.414454581188751
6538 0
6538 34.9716945977062
6538 34.9716945977062
6538 34.9716945977062
6538 34.9716945977062
6538 0
6538 2.87870789730919
6538 2.87870789730919
6538 11.7508065409677
6538 11.7508065409677
6538 11.7508065409677
6538 0
6538 0.80665176939452
6538 4.22787367144032
6538 4.22787367144032
6538 4.22787367144032
6538 0.48968228847548
6538 0.21330160471229
6538 0.554522400618625
6538 1.57769103942399
6538 0
6538 0.925818357200095
6538 0
6538 0
6538 8.81905150189745
6538 8.81905150189745
6538 0
6538 9.32748055050745
6538 9.32748055050745
6538 9.32748055050745
6538 1.88038486200038
6538 0
6538 0
6538 642.905423340775
6538 0.673082270984045
6538 0.673082270984045
6538 5.64551353662265
6538 5.64551353662265
6538 0.437954833613974
6538 0.437954833613974
6538 0.437954833613974
6538 0.75655974942301
6538 0.75655974942301
6538 0.75655974942301
6538 0.414454581188751
6536 0
6536 34.9716945977062
6536 34.9716945977062
6536 34.9716945977062
6536 34.9716945977062
6536 0
6536 2.87870789730919
6536 2.87870789730919
6536 11.7508065409677
6536 11.7508065409677
6536 11.7508065409677
6536 0
6536 0.80665176939452
6536 4.22787367144032
6536 4.22787367144032
6536 4.22787367144032
6536 0.48968228847548
6536 0.21330160471229
6536 0.554522400618625
6536 1.57769103942399
6536 0
6536 0.925818357200095
6536 0
6536 0
6536 8.81905150189745
6536 8.81905150189745
6536 0
6536 9.32748055050745
6536 9.32748055050745
6536 9.32748055050745
6536 1.88038486200038
6536 0
6536 0
6536 642.905423340775
6536 0.673082270984045
6536 0.673082270984045
6536 5.64551353662265
6536 5.64551353662265
6536 0.437954833613974
6536 0.437954833613974
6536 0.437954833613974
6536 0.75655974942301
6536 0.75655974942301
6536 0.75655974942301
6536 0.414454581188751
6535 0
6535 34.9716945977062
6535 34.9716945977062
6535 34.9716945977062
6535 34.9716945977062
6535 0
6535 2.87870789730919
6535 2.87870789730919
6535 11.7508065409677
6535 11.7508065409677
6535 11.7508065409677
6535 0
6535 0.80665176939452
6535 4.22787367144032
6535 4.22787367144032
6535 4.22787367144032
6535 0.48968228847548
6535 0.21330160471229
6535 0.554522400618625
6535 1.57769103942399
6535 0
6535 0.925818357200095
6535 0
6535 0
6535 8.81905150189745
6535 8.81905150189745
6535 0
6535 9.32748055050745
6535 9.32748055050745
6535 9.32748055050745
6535 1.88038486200038
6535 0
6535 0
6535 642.905423340775
6535 0.673082270984045
6535 0.673082270984045
6535 5.64551353662265
6535 5.64551353662265
6535 0.437954833613974
6535 0.437954833613974
6535 0.437954833613974
6535 0.75655974942301
6535 0.75655974942301
6535 0.75655974942301
6535 0.414454581188751
6439 0
6439 34.9716945977062
6439 34.9716945977062
6439 34.9716945977062
6439 34.9716945977062
6439 0
6439 2.87870789730919
6439 2.87870789730919
6439 11.7508065409677
6439 11.7508065409677
6439 11.7508065409677
6439 0
6439 0.80665176939452
6439 4.22787367144032
6439 4.22787367144032
6439 4.22787367144032
6439 0.48968228847548
6439 0.21330160471229
6439 0.554522400618625
6439 1.57769103942399
6439 0
6439 0.925818357200095
6439 0
6439 0
6439 8.81905150189745
6439 8.81905150189745
6439 0
6439 9.32748055050745
6439 9.32748055050745
6439 9.32748055050745
6439 1.88038486200038
6439 0
6439 0
6439 642.905423340775
6439 0.673082270984045
6439 0.673082270984045
6439 5.64551353662265
6439 5.64551353662265
6439 0.437954833613974
6439 0.437954833613974
6439 0.437954833613974
6439 0.75655974942301
6439 0.75655974942301
6439 0.75655974942301
6439 0.414454581188751
6701 0
6701 34.9716945977062
6701 34.9716945977062
6701 34.9716945977062
6701 34.9716945977062
6701 0
6701 2.87870789730919
6701 2.87870789730919
6701 11.7508065409677
6701 11.7508065409677
6701 11.7508065409677
6701 0
6701 0.80665176939452
6701 4.22787367144032
6701 4.22787367144032
6701 4.22787367144032
6701 0.48968228847548
6701 0.21330160471229
6701 0.554522400618625
6701 1.57769103942399
6701 0
6701 0.925818357200095
6701 0
6701 0
6701 8.81905150189745
6701 8.81905150189745
6701 0
6701 9.32748055050745
6701 9.32748055050745
6701 9.32748055050745
6701 1.88038486200038
6701 0
6701 0
6701 642.905423340775
6701 0.673082270984045
6701 0.673082270984045
6701 5.64551353662265
6701 5.64551353662265
6701 0.437954833613974
6701 0.437954833613974
6701 0.437954833613974
6701 0.75655974942301
6701 0.75655974942301
6701 0.75655974942301
6701 0.414454581188751
7055 0
7055 34.9716945977062
7055 34.9716945977062
7055 34.9716945977062
7055 34.9716945977062
7055 0
7055 2.87870789730919
7055 2.87870789730919
7055 11.7508065409677
7055 11.7508065409677
7055 11.7508065409677
7055 0
7055 0.80665176939452
7055 4.22787367144032
7055 4.22787367144032
7055 4.22787367144032
7055 0.48968228847548
7055 0.21330160471229
7055 0.554522400618625
7055 1.57769103942399
7055 0
7055 0.925818357200095
7055 0
7055 0
7055 8.81905150189745
7055 8.81905150189745
7055 0
7055 9.32748055050745
7055 9.32748055050745
7055 9.32748055050745
7055 1.88038486200038
7055 0
7055 0
7055 642.905423340775
7055 0.673082270984045
7055 0.673082270984045
7055 5.64551353662265
7055 5.64551353662265
7055 0.437954833613974
7055 0.437954833613974
7055 0.437954833613974
7055 0.75655974942301
7055 0.75655974942301
7055 0.75655974942301
7055 0.414454581188751
7052 0
7052 34.9716945977062
7052 34.9716945977062
7052 34.9716945977062
7052 34.9716945977062
7052 0
7052 2.87870789730919
7052 2.87870789730919
7052 11.7508065409677
7052 11.7508065409677
7052 11.7508065409677
7052 0
7052 0.80665176939452
7052 4.22787367144032
7052 4.22787367144032
7052 4.22787367144032
7052 0.48968228847548
7052 0.21330160471229
7052 0.554522400618625
7052 1.57769103942399
7052 0
7052 0.925818357200095
7052 0
7052 0
7052 8.81905150189745
7052 8.81905150189745
7052 0
7052 9.32748055050745
7052 9.32748055050745
7052 9.32748055050745
7052 1.88038486200038
7052 0
7052 0
7052 642.905423340775
7052 0.673082270984045
7052 0.673082270984045
7052 5.64551353662265
7052 5.64551353662265
7052 0.437954833613974
7052 0.437954833613974
7052 0.437954833613974
7052 0.75655974942301
7052 0.75655974942301
7052 0.75655974942301
7052 0.414454581188751
7122 0
7122 34.9716945977062
7122 34.9716945977062
7122 34.9716945977062
7122 34.9716945977062
7122 0
7122 2.87870789730919
7122 2.87870789730919
7122 11.7508065409677
7122 11.7508065409677
7122 11.7508065409677
7122 0
7122 0.80665176939452
7122 4.22787367144032
7122 4.22787367144032
7122 4.22787367144032
7122 0.48968228847548
7122 0.21330160471229
7122 0.554522400618625
7122 1.57769103942399
7122 0
7122 0.925818357200095
7122 0
7122 0
7122 8.81905150189745
7122 8.81905150189745
7122 0
7122 9.32748055050745
7122 9.32748055050745
7122 9.32748055050745
7122 1.88038486200038
7122 0
7122 0
7122 642.905423340775
7122 0.673082270984045
7122 0.673082270984045
7122 5.64551353662265
7122 5.64551353662265
7122 0.437954833613974
7122 0.437954833613974
7122 0.437954833613974
7122 0.75655974942301
7122 0.75655974942301
7122 0.75655974942301
7122 0.414454581188751
7200 0
7200 34.9716945977062
7200 34.9716945977062
7200 34.9716945977062
7200 34.9716945977062
7200 0
7200 2.87870789730919
7200 2.87870789730919
7200 11.7508065409677
7200 11.7508065409677
7200 11.7508065409677
7200 0
7200 0.80665176939452
7200 4.22787367144032
7200 4.22787367144032
7200 4.22787367144032
7200 0.48968228847548
7200 0.21330160471229
7200 0.554522400618625
7200 1.57769103942399
7200 0
7200 0.925818357200095
7200 0
7200 0
7200 8.81905150189745
7200 8.81905150189745
7200 0
7200 9.32748055050745
7200 9.32748055050745
7200 9.32748055050745
7200 1.88038486200038
7200 0
7200 0
7200 642.905423340775
7200 0.673082270984045
7200 0.673082270984045
7200 5.64551353662265
7200 5.64551353662265
7200 0.437954833613974
7200 0.437954833613974
7200 0.437954833613974
7200 0.75655974942301
7200 0.75655974942301
7200 0.75655974942301
7200 0.414454581188751
7199 0
7199 34.9716945977062
7199 34.9716945977062
7199 34.9716945977062
7199 34.9716945977062
7199 0
7199 2.87870789730919
7199 2.87870789730919
7199 11.7508065409677
7199 11.7508065409677
7199 11.7508065409677
7199 0
7199 0.80665176939452
7199 4.22787367144032
7199 4.22787367144032
7199 4.22787367144032
7199 0.48968228847548
7199 0.21330160471229
7199 0.554522400618625
7199 1.57769103942399
7199 0
7199 0.925818357200095
7199 0
7199 0
7199 8.81905150189745
7199 8.81905150189745
7199 0
7199 9.32748055050745
7199 9.32748055050745
7199 9.32748055050745
7199 1.88038486200038
7199 0
7199 0
7199 642.905423340775
7199 0.673082270984045
7199 0.673082270984045
7199 5.64551353662265
7199 5.64551353662265
7199 0.437954833613974
7199 0.437954833613974
7199 0.437954833613974
7199 0.75655974942301
7199 0.75655974942301
7199 0.75655974942301
7199 0.414454581188751
7268 0
7268 34.9716945977062
7268 34.9716945977062
7268 34.9716945977062
7268 34.9716945977062
7268 0
7268 2.87870789730919
7268 2.87870789730919
7268 11.7508065409677
7268 11.7508065409677
7268 11.7508065409677
7268 0
7268 0.80665176939452
7268 4.22787367144032
7268 4.22787367144032
7268 4.22787367144032
7268 0.48968228847548
7268 0.21330160471229
7268 0.554522400618625
7268 1.57769103942399
7268 0
7268 0.925818357200095
7268 0
7268 0
7268 8.81905150189745
7268 8.81905150189745
7268 0
7268 9.32748055050745
7268 9.32748055050745
7268 9.32748055050745
7268 1.88038486200038
7268 0
7268 0
7268 642.905423340775
7268 0.673082270984045
7268 0.673082270984045
7268 5.64551353662265
7268 5.64551353662265
7268 0.437954833613974
7268 0.437954833613974
7268 0.437954833613974
7268 0.75655974942301
7268 0.75655974942301
7268 0.75655974942301
7268 0.414454581188751
7267 0
7267 34.9716945977062
7267 34.9716945977062
7267 34.9716945977062
7267 34.9716945977062
7267 0
7267 2.87870789730919
7267 2.87870789730919
7267 11.7508065409677
7267 11.7508065409677
7267 11.7508065409677
7267 0
7267 0.80665176939452
7267 4.22787367144032
7267 4.22787367144032
7267 4.22787367144032
7267 0.48968228847548
7267 0.21330160471229
7267 0.554522400618625
7267 1.57769103942399
7267 0
7267 0.925818357200095
7267 0
7267 0
7267 8.81905150189745
7267 8.81905150189745
7267 0
7267 9.32748055050745
7267 9.32748055050745
7267 9.32748055050745
7267 1.88038486200038
7267 0
7267 0
7267 642.905423340775
7267 0.673082270984045
7267 0.673082270984045
7267 5.64551353662265
7267 5.64551353662265
7267 0.437954833613974
7267 0.437954833613974
7267 0.437954833613974
7267 0.75655974942301
7267 0.75655974942301
7267 0.75655974942301
7267 0.414454581188751
