17.5898279902083
24.5521815754167
NA
17.6017094017
11.7017094017
14.0017094017
15.7017094017
20.9017094017
19.6017094017
36.8017094017
19.4017094017
10.0017094017
32.9017094017
17.9017094017
12.7017094017
9.6017094017
15.0017094017
17.4017094017
15.9017094017
25.1017094017
14.0017094017
20.5017094017
11.9017094017
30.0017094017
21.3017094017
19.4017094017
20.5017094017
19.9017094017
21.0017094017
18.5017094017
21.5017094017
14.4017094017
20.2017094017
21.0017094017
17.5017094017
15.9017094017
19.5017094017
32.6017094017
24.4017094017
38.6017094017
17.9017094017
23.4017094017
12.5017094017
20.3017094017
19.7017094017
19.2017094017
32.9017094017
10.7017094017
18.5017094017
17.7017094017
26.1017094017
20.3017094017
38.9017094017
24.3017094017
21.2017094017
41.3017094017
26.0017094017
20.0017094017
19.3017094017
24.7017094017
20.0017094017
17.2017094017
19.7017094017
34.6017094017
16.7017094017
38.5017094017
17.4017094017
17.3017094017
21.6017094017
21.2017094017
11.0017094017
17.6017094017
18.0017094017
22.8017094017
12.8017094017
38.3017094017
22.9017094017
16.8017094017
15.5017094017
37.9017094017
30.0017094017
11.4017094017
32.8017094017
25.5017094017
19.1017094017
23.9017094017
25.0017094017
12.2017094017
22.2017094017
17.3017094017
11.0017094017
17.6017094017
22.9017094017
18.4017094017
22.4017094017
13.3017094017
19.8017094017
19.0017094017
20.4017094017
31.3017094017
22.7017094017
21.8017094017
30.7017094017
23.7017094017
27.6017094017
11.1017094017
18.3017094017
30.5017094017
31.3017094017
15.1017094017
16.5017094017
28.3017094017
29.2017094017
12.9017094017
23.6017094017
31.6017094017
25.1017094017
28.2017094017
19.7017094017
18.7017094017
23.4017094017
20.9017094017
23.4017094017
23.5017094017
23.8017094017
11.5017094017
15.9017094017
12.2017094017
23.8017094017
25.2017094017
17.6017094017
10.1017094017
15.6017094017
18.5017094017
18.0017094017
23.9017094017
23.1017094017
16.5017094017
16.5017094017
17.0017094017
26.9017094017
27.8017094017
16.3017094017
25.4017094017
17.1017094017
22.9017094017
27.4017094017
11.8017094017
17.3017094017
20.4017094017
14.3017094017
21.8017094017
25.1017094017
16.4017094017
22.8017094017
21.0017094017
20.3017094017
19.5017094017
25.2017094017
22.7017094017
19.5017094017
19.4017094017
16.0017094017
22.1017094017
18.5017094017
21.0017094017
22.8017094017
21.3017094017
22.5017094017
22.1017094017
15.5017094017
13.2017094017
22.1017094017
25.2017094017
22.9017094017
20.0017094017
25.1017094017
24.9017094017
22.3017094017
22.0017094017
24.0017094017
23.0017094017
15.8017094017
20.8017094017
26.8017094017
30.6017094017
28.7017094017
30.6017094017
20.2017094017
10.9017094017
19.1017094017
30.8017094017
16.1017094017
10.8017094017
20.3017094017
17.2017094017
19.9017094017
19.9017094017
18.8017094017
13.9017094017
31.3017094017
24.8017094017
20.5017094017
27.0017094017
10.7017094017
30.4017094017
26.4017094017
14.7017094017
19.4017094017
19.3017094017
10.9017094017
30.2017094017
28.5017094017
9.9017094017
16.2017094017
19.6017094017
19.9017094017
12.4017094017
20.4017094017
11.6017094017
15.5017094017
20.7017094017
19.2017094017
22.3017094017
19.1017094017
16.3017094017
20.8017094017
19.3017094017
12.5017094017
14.3017094017
16.8017094017
17.8017094017
14.5017094017
23.3017094017
20.3017094017
19.8017094017
17.4017094017
22.6017094017
25.0017094017
22.2017094017
20.4017094017
21.7017094017
20.9017094017
10.9017094017
17.1017094017
22.8017094017
23.9017094017
20.6017094017
17.0017094017
26.5017094017
29.4017094017
19.8017094017
20.1017094017
14.4017094017
31.4017094017
22.8017094017
29.8017094017
18.1017094017
19.9017094017
22.2017094017
31.0017094017
31.4017094017
21.0017094017
29.1017094017
23.1017094017
20.7017094017
13.2017094017
20.8017094017
22.8017094017
23.0017094017
18.9017094017
18.0017094017
22.8017094017
16.6017094017
18.6017094017
27.1017094017
22.4017094017
26.2017094017
16.8017094017
37.5017094017
14.9017094017
24.3017094017
23.2017094017
33.5017094017
21.9017094017
23.0017094017
25.9017094017
14.0017094017
24.8017094017
26.3017094017
24.0017094017
19.7017094017
33.8017094017
23.3017094017
23.6017094017
22.7017094017
16.0017094017
25.9017094017
26.5017094017
23.3017094017
23.5017094017
25.0017094017
11.1017094017
25.9017094017
12.9017094017
13.0017094017
25.0017094017
28.4017094017
20.3017094017
25.8017094017
25.4017094017
23.2017094017
27.3017094017
20.6017094017
19.5017094017
11.2017094017
24.8017094017
19.8017094017
13.7017094017
14.9017094017
25.4017094017
25.9017094017
20.4017094017
24.7017094017
28.5017094017
21.6017094017
28.3017094017
27.4017094017
13.2017094017
27.2017094017
25.1017094017
18.9017094017
21.5017094017
13.7017094017
25.3017094017
19.9017094017
25.4017094017
21.8017094017
28.7017094017
13.8017094017
58.9017094017
24.7017094017
44.6017094017
39.8017094017
17.9017094017
19.5017094017
19.7017094017
20.1017094017
20.8017094017
20.7017094017
16.7017094017
16.2017094017
20.7017094017
22.2017094017
47.1017094017
29.7017094017
49.4017094017
21.2017094017
10.7017094017
29.4017094017
34.2017094017
43.1017094017
14.9017094017
28.1017094017
27.5017094017
21.3017094017
55.4017094017
23.7017094017
