pt_graph coeff
338 0.5
338 0.5
338 0.5
338 0.5
338 0.5
338 0.5
338 0.1
338 0.1
338 0.1
338 0.5
338 0.5
338 0.5
338 0.5
338 0.5
339 0.5
339 0.5
339 0.5
339 0.5
339 0.5
339 0.5
339 0.1
339 0.1
339 0.1
339 0.5
339 0.5
339 0.5
339 0.5
339 0.5
340 0.5
340 0.5
340 0.5
340 0.5
340 0.5
340 0.5
340 0.1
340 0.1
340 0.1
340 0.5
340 0.5
340 0.5
340 0.5
340 0.5
341 0.5
341 0.5
341 0.5
341 0.5
341 0.5
341 0.5
341 0.1
341 0.1
341 0.1
341 0.5
341 0.5
341 0.5
341 0.5
341 0.5
342 0.5
342 0.5
342 0.5
342 0.5
342 0.5
342 0.5
342 0.1
342 0.1
342 0.1
342 0.5
342 0.5
342 0.5
342 0.5
342 0.5
343 0.5
343 0.5
343 0.5
343 0.5
343 0.5
343 0.5
343 0.1
343 0.1
343 0.1
343 0.5
343 0.5
343 0.5
343 0.5
343 0.5
360 0.5
360 0.5
360 0.5
360 0.5
360 0.5
360 0.5
360 0.1
360 0.1
360 0.1
360 0.5
360 0.5
360 0.5
360 0.5
360 0.5
361 0.5
361 0.5
361 0.5
361 0.5
361 0.5
361 0.5
361 0.1
361 0.1
361 0.1
361 0.5
361 0.5
361 0.5
361 0.5
361 0.5
362 0.5
362 0.5
362 0.5
362 0.5
362 0.5
362 0.5
362 0.1
362 0.1
362 0.1
362 0.5
362 0.5
362 0.5
362 0.5
362 0.5
363 0.5
363 0.5
363 0.5
363 0.5
363 0.5
363 0.5
363 0.1
363 0.1
363 0.1
363 0.5
363 0.5
363 0.5
363 0.5
363 0.5
364 0.5
364 0.5
364 0.5
364 0.5
364 0.5
364 0.5
364 0.1
364 0.1
364 0.1
364 0.5
364 0.5
364 0.5
364 0.5
364 0.5
365 0.5
365 0.5
365 0.5
365 0.5
365 0.5
365 0.5
365 0.05
365 0.05
365 0.05
365 0.5
365 0.5
365 0.5
365 0.5
365 0.5
366 0.5
366 0.5
366 0.5
366 0.5
366 0.5
366 0.5
366 0.1
366 0.1
366 0.1
366 0.5
366 0.5
366 0.5
366 0.5
366 0.5
367 0.5
367 0.5
367 0.5
367 0.5
367 0.5
367 0.5
367 0.1
367 0.1
367 0.1
367 0.5
367 0.5
367 0.5
367 0.5
367 0.5
382 0.5
382 0.5
382 0.5
382 0.5
382 0.5
382 0.5
382 0.1
382 0.1
382 0.1
382 0.5
382 0.5
382 0.5
382 0.5
382 0.5
383 0.5
383 0.5
383 0.5
383 0.5
383 0.5
383 0.5
383 0.05
383 0.05
383 0.05
383 0.5
383 0.5
383 0.5
383 0.5
383 0.5
384 0.5
384 0.5
384 0.5
384 0.5
384 0.5
384 0.5
384 0.05
384 0.05
384 0.05
384 0.5
384 0.5
384 0.5
384 0.5
384 0.5
385 0.5
385 0.5
385 0.5
385 0.5
385 0.5
385 0.5
385 0.05
385 0.05
385 0.05
385 0.5
385 0.5
385 0.5
385 0.5
385 0.5
386 0.5
386 0.5
386 0.5
386 0.5
386 0.5
386 0.5
386 0.05
386 0.05
386 0.05
386 0.5
386 0.5
386 0.5
386 0.5
386 0.5
387 0.5
387 0.5
387 0.5
387 0.5
387 0.5
387 0.5
387 0.05
387 0.05
387 0.05
387 0.5
387 0.5
387 0.5
387 0.5
387 0.5
388 0.5
388 0.5
388 0.5
388 0.5
388 0.5
388 0.5
388 0.05
388 0.05
388 0.05
388 0.5
388 0.5
388 0.5
388 0.5
388 0.5
389 0.5
389 0.5
389 0.5
389 0.5
389 0.5
389 0.5
389 0.05
389 0.05
389 0.05
389 0.5
389 0.5
389 0.5
389 0.5
389 0.5
390 0.5
390 0.5
390 0.5
390 0.5
390 0.5
390 0.5
390 0.1
390 0.1
390 0.1
390 0.5
390 0.5
390 0.5
390 0.5
390 0.5
405 0.5
405 0.5
405 0.5
405 0.5
405 0.5
405 0.5
405 0.1
405 0.1
405 0.1
405 0.5
405 0.5
405 0.5
405 0.5
405 0.5
406 0.5
406 0.5
406 0.5
406 0.5
406 0.5
406 0.5
406 0.05
406 0.05
406 0.05
406 0.5
406 0.5
406 0.5
406 0.5
406 0.5
407 0.5
407 0.5
407 0.5
407 0.5
407 0.5
407 0.5
407 0.05
407 0.05
407 0.05
407 0.5
407 0.5
407 0.5
407 0.5
407 0.5
408 0.5
408 0.5
408 0.5
408 0.5
408 0.5
408 0.5
408 0.05
408 0.05
408 0.05
408 0.5
408 0.5
408 0.5
408 0.5
408 0.5
409 0.5
409 0.5
409 0.5
409 0.5
409 0.5
409 0.5
409 0.05
409 0.05
409 0.05
409 0.5
409 0.5
409 0.5
409 0.5
409 0.5
410 0.1
410 0.1
410 0.1
410 0.1
410 0.1
410 0.1
410 0.05
410 0.05
410 0.05
410 0.5
410 0.5
410 0.5
410 0.5
410 0.5
411 0.1
411 0.1
411 0.1
411 0.1
411 0.1
411 0.1
411 0.05
411 0.05
411 0.05
411 0.5
411 0.5
411 0.5
411 0.5
411 0.5
412 0.1
412 0.1
412 0.1
412 0.1
412 0.1
412 0.1
412 0.05
412 0.05
412 0.05
412 0.5
412 0.5
412 0.5
412 0.5
412 0.5
413 0.5
413 0.5
413 0.5
413 0.5
413 0.5
413 0.5
413 0.05
413 0.05
413 0.05
413 0.5
413 0.5
413 0.5
413 0.5
413 0.5
414 0.5
414 0.5
414 0.5
414 0.5
414 0.5
414 0.5
414 0.1
414 0.1
414 0.1
414 0.5
414 0.5
414 0.5
414 0.5
414 0.5
430 0.5
430 0.5
430 0.5
430 0.5
430 0.5
430 0.5
430 0.05
430 0.05
430 0.05
430 0.5
430 0.5
430 0.5
430 0.5
430 0.5
431 0.1
431 0.1
431 0.1
431 0.1
431 0.1
431 0.1
431 0.05
431 0.05
431 0.05
431 0.5
431 0.5
431 0.5
431 0.5
431 0.5
432 0.1
432 0.1
432 0.1
432 0.1
432 0.1
432 0.1
432 0.05
432 0.05
432 0.05
432 0.5
432 0.5
432 0.5
432 0.5
432 0.5
433 0.1
433 0.1
433 0.1
433 0.1
433 0.1
433 0.1
433 0.05
433 0.05
433 0.05
433 0.5
433 0.5
433 0.5
433 0.5
433 0.5
434 0.1
434 0.1
434 0.1
434 0.1
434 0.1
434 0.1
434 0.05
434 0.05
434 0.05
434 0.5
434 0.5
434 0.5
434 0.5
434 0.5
435 0.1
435 0.1
435 0.1
435 0.1
435 0.1
435 0.1
435 0.05
435 0.05
435 0.05
435 0.5
435 0.5
435 0.5
435 0.5
435 0.5
436 0.1
436 0.1
436 0.1
436 0.1
436 0.1
436 0.1
436 0.05
436 0.05
436 0.05
436 0.5
436 0.5
436 0.5
436 0.5
436 0.5
437 0.1
437 0.1
437 0.1
437 0.1
437 0.1
437 0.1
437 0.05
437 0.05
437 0.05
437 0.5
437 0.5
437 0.5
437 0.5
437 0.5
438 0.5
438 0.5
438 0.5
438 0.5
438 0.5
438 0.5
438 0.05
438 0.05
438 0.05
438 0.5
438 0.5
438 0.5
438 0.5
438 0.5
439 0.5
439 0.5
439 0.5
439 0.5
439 0.5
439 0.5
439 0.1
439 0.1
439 0.1
439 0.5
439 0.5
439 0.5
439 0.5
439 0.5
455 0.5
455 0.5
455 0.5
455 0.5
455 0.5
455 0.5
455 0.05
455 0.05
455 0.05
455 0.5
455 0.5
455 0.5
455 0.5
455 0.5
456 0.1
456 0.1
456 0.1
456 0.1
456 0.1
456 0.1
456 0.05
456 0.05
456 0.05
456 0.5
456 0.5
456 0.5
456 0.5
456 0.5
457 0.1
457 0.1
457 0.1
457 0.1
457 0.1
457 0.1
457 0.05
457 0.05
457 0.05
457 0.5
457 0.5
457 0.5
457 0.5
457 0.5
458 0.1
458 0.1
458 0.1
458 0.1
458 0.1
458 0.1
458 0.05
458 0.05
458 0.05
458 0.5
458 0.5
458 0.5
458 0.5
458 0.5
459 0.1
459 0.1
459 0.1
459 0.1
459 0.1
459 0.1
459 0.05
459 0.05
459 0.05
459 0.5
459 0.5
459 0.5
459 0.5
459 0.5
460 0.1
460 0.1
460 0.1
460 0.1
460 0.1
460 0.1
460 0.05
460 0.05
460 0.05
460 0.5
460 0.5
460 0.5
460 0.5
460 0.5
461 0.1
461 0.1
461 0.1
461 0.1
461 0.1
461 0.1
461 0.05
461 0.05
461 0.05
461 0.5
461 0.5
461 0.5
461 0.5
461 0.5
462 0.1
462 0.1
462 0.1
462 0.1
462 0.1
462 0.1
462 0.05
462 0.05
462 0.05
462 0.5
462 0.5
462 0.5
462 0.5
462 0.5
463 0.1
463 0.1
463 0.1
463 0.1
463 0.1
463 0.1
463 0.05
463 0.05
463 0.05
463 0.5
463 0.5
463 0.5
463 0.5
463 0.5
464 0.5
464 0.5
464 0.5
464 0.5
464 0.5
464 0.5
464 0.1
464 0.1
464 0.1
464 0.5
464 0.5
464 0.5
464 0.5
464 0.5
480 0.5
480 0.5
480 0.5
480 0.5
480 0.5
480 0.5
480 0.05
480 0.05
480 0.05
480 0.5
480 0.5
480 0.5
480 0.5
480 0.5
481 0.1
481 0.1
481 0.1
481 0.1
481 0.1
481 0.1
481 0.05
481 0.05
481 0.05
481 0.5
481 0.5
481 0.5
481 0.5
481 0.5
482 0.1
482 0.1
482 0.1
482 0.1
482 0.1
482 0.1
482 0.05
482 0.05
482 0.05
482 0.5
482 0.5
482 0.5
482 0.5
482 0.5
483 0.1
483 0.1
483 0.1
483 0.1
483 0.1
483 0.1
483 0.05
483 0.05
483 0.05
483 0.5
483 0.5
483 0.5
483 0.5
483 0.5
484 0.1
484 0.1
484 0.1
484 0.1
484 0.1
484 0.1
484 0.05
484 0.05
484 0.05
484 0.5
484 0.5
484 0.5
484 0.5
484 0.5
485 0.1
485 0.1
485 0.1
485 0.1
485 0.1
485 0.1
485 0.05
485 0.05
485 0.05
485 0.5
485 0.5
485 0.5
485 0.5
485 0.5
486 0.1
486 0.1
486 0.1
486 0.1
486 0.1
486 0.1
486 0.05
486 0.05
486 0.05
486 0.5
486 0.5
486 0.5
486 0.5
486 0.5
487 0.1
487 0.1
487 0.1
487 0.1
487 0.1
487 0.1
487 0.05
487 0.05
487 0.05
487 0.5
487 0.5
487 0.5
487 0.5
487 0.5
488 0.1
488 0.1
488 0.1
488 0.1
488 0.1
488 0.1
488 0.05
488 0.05
488 0.05
488 0.5
488 0.5
488 0.5
488 0.5
488 0.5
489 0.5
489 0.5
489 0.5
489 0.5
489 0.5
489 0.5
489 0.05
489 0.05
489 0.05
489 0.5
489 0.5
489 0.5
489 0.5
489 0.5
490 0.5
490 0.5
490 0.5
490 0.5
490 0.5
490 0.5
490 0.1
490 0.1
490 0.1
490 0.5
490 0.5
490 0.5
490 0.5
490 0.5
504 0.1
504 0.1
504 0.1
504 0.1
504 0.1
504 0.1
504 0.05
504 0.05
504 0.05
504 0.5
504 0.5
504 0.5
504 0.5
504 0.5
505 0.1
505 0.1
505 0.1
505 0.1
505 0.1
505 0.1
505 0.05
505 0.05
505 0.05
505 0.5
505 0.5
505 0.5
505 0.5
505 0.5
506 0.1
506 0.1
506 0.1
506 0.1
506 0.1
506 0.1
506 0.05
506 0.05
506 0.05
506 0.5
506 0.5
506 0.5
506 0.5
506 0.5
507 0.1
507 0.1
507 0.1
507 0.1
507 0.1
507 0.1
507 0.05
507 0.05
507 0.05
507 0.5
507 0.5
507 0.5
507 0.5
507 0.5
508 0.1
508 0.1
508 0.1
508 0.1
508 0.1
508 0.1
508 0.05
508 0.05
508 0.05
508 0.5
508 0.5
508 0.5
508 0.5
508 0.5
509 0.1
509 0.1
509 0.1
509 0.1
509 0.1
509 0.1
509 0.05
509 0.05
509 0.05
509 0.5
509 0.5
509 0.5
509 0.5
509 0.5
510 0.1
510 0.1
510 0.1
510 0.1
510 0.1
510 0.1
510 0.05
510 0.05
510 0.05
510 0.5
510 0.5
510 0.5
510 0.5
510 0.5
511 0.1
511 0.1
511 0.1
511 0.1
511 0.1
511 0.1
511 0.05
511 0.05
511 0.05
511 0.5
511 0.5
511 0.5
511 0.5
511 0.5
512 0.1
512 0.1
512 0.1
512 0.1
512 0.1
512 0.1
512 0.05
512 0.05
512 0.05
512 0.5
512 0.5
512 0.5
512 0.5
512 0.5
513 0.1
513 0.1
513 0.1
513 0.1
513 0.1
513 0.1
513 0.05
513 0.05
513 0.05
513 0.5
513 0.5
513 0.5
513 0.5
513 0.5
514 0.5
514 0.5
514 0.5
514 0.5
514 0.5
514 0.5
514 0.1
514 0.1
514 0.1
514 0.5
514 0.5
514 0.5
514 0.5
514 0.5
532 0.5
532 0.5
532 0.5
532 0.5
532 0.5
532 0.5
532 0.1
532 0.1
532 0.1
532 0.5
532 0.5
532 0.5
532 0.5
532 0.5
533 0.5
533 0.5
533 0.5
533 0.5
533 0.5
533 0.5
533 0.05
533 0.05
533 0.05
533 0.5
533 0.5
533 0.5
533 0.5
533 0.5
534 0.5
534 0.5
534 0.5
534 0.5
534 0.5
534 0.5
534 0.05
534 0.05
534 0.05
534 0.5
534 0.5
534 0.5
534 0.5
534 0.5
535 0.5
535 0.5
535 0.5
535 0.5
535 0.5
535 0.5
535 0.05
535 0.05
535 0.05
535 0.5
535 0.5
535 0.5
535 0.5
535 0.5
536 0.5
536 0.5
536 0.5
536 0.5
536 0.5
536 0.5
536 0.05
536 0.05
536 0.05
536 0.5
536 0.5
536 0.5
536 0.5
536 0.5
537 0.5
537 0.5
537 0.5
537 0.5
537 0.5
537 0.5
537 0.05
537 0.05
537 0.05
537 0.5
537 0.5
537 0.5
537 0.5
537 0.5
538 0.1
538 0.1
538 0.1
538 0.1
538 0.1
538 0.1
538 0.05
538 0.05
538 0.05
538 0.5
538 0.5
538 0.5
538 0.5
538 0.5
539 0.1
539 0.1
539 0.1
539 0.1
539 0.1
539 0.1
539 0.05
539 0.05
539 0.05
539 0.5
539 0.5
539 0.5
539 0.5
539 0.5
540 0.1
540 0.1
540 0.1
540 0.1
540 0.1
540 0.1
540 0.05
540 0.05
540 0.05
540 0.5
540 0.5
540 0.5
540 0.5
540 0.5
541 0.1
541 0.1
541 0.1
541 0.1
541 0.1
541 0.1
541 0.05
541 0.05
541 0.05
541 0.5
541 0.5
541 0.5
541 0.5
541 0.5
542 0.1
542 0.1
542 0.1
542 0.1
542 0.1
542 0.1
542 0.05
542 0.05
542 0.05
542 0.5
542 0.5
542 0.5
542 0.5
542 0.5
543 0.5
543 0.5
543 0.5
543 0.5
543 0.5
543 0.5
543 0.05
543 0.05
543 0.05
543 0.5
543 0.5
543 0.5
543 0.5
543 0.5
562 0.5
562 0.5
562 0.5
562 0.5
562 0.5
562 0.5
562 0.1
562 0.1
562 0.1
562 0.5
562 0.5
562 0.5
562 0.5
562 0.5
563 0.5
563 0.5
563 0.5
563 0.5
563 0.5
563 0.5
563 0.05
563 0.05
563 0.05
563 0.5
563 0.5
563 0.5
563 0.5
563 0.5
564 0.5
564 0.5
564 0.5
564 0.5
564 0.5
564 0.5
564 0.05
564 0.05
564 0.05
564 0.5
564 0.5
564 0.5
564 0.5
564 0.5
565 0.5
565 0.5
565 0.5
565 0.5
565 0.5
565 0.5
565 0.05
565 0.05
565 0.05
565 0.5
565 0.5
565 0.5
565 0.5
565 0.5
566 0.5
566 0.5
566 0.5
566 0.5
566 0.5
566 0.5
566 0.05
566 0.05
566 0.05
566 0.5
566 0.5
566 0.5
566 0.5
566 0.5
567 0.5
567 0.5
567 0.5
567 0.5
567 0.5
567 0.5
567 0.05
567 0.05
567 0.05
567 0.5
567 0.5
567 0.5
567 0.5
567 0.5
568 0.5
568 0.5
568 0.5
568 0.5
568 0.5
568 0.5
568 0.05
568 0.05
568 0.05
568 0.5
568 0.5
568 0.5
568 0.5
568 0.5
569 0.1
569 0.1
569 0.1
569 0.1
569 0.1
569 0.1
569 0.05
569 0.05
569 0.05
569 0.5
569 0.5
569 0.5
569 0.5
569 0.5
570 0.1
570 0.1
570 0.1
570 0.1
570 0.1
570 0.1
570 0.05
570 0.05
570 0.05
570 0.5
570 0.5
570 0.5
570 0.5
570 0.5
571 0.1
571 0.1
571 0.1
571 0.1
571 0.1
571 0.1
571 0.05
571 0.05
571 0.05
571 0.5
571 0.5
571 0.5
571 0.5
571 0.5
572 0.1
572 0.1
572 0.1
572 0.1
572 0.1
572 0.1
572 0.05
572 0.05
572 0.05
572 0.5
572 0.5
572 0.5
572 0.5
572 0.5
573 0.5
573 0.5
573 0.5
573 0.5
573 0.5
573 0.5
573 0.1
573 0.1
573 0.1
573 0.5
573 0.5
573 0.5
573 0.5
573 0.5
597 0.5
597 0.5
597 0.5
597 0.5
597 0.5
597 0.5
597 0.1
597 0.1
597 0.1
597 0.5
597 0.5
597 0.5
597 0.5
597 0.5
598 0.5
598 0.5
598 0.5
598 0.5
598 0.5
598 0.5
598 0.05
598 0.05
598 0.05
598 0.5
598 0.5
598 0.5
598 0.5
598 0.5
599 0.5
599 0.5
599 0.5
599 0.5
599 0.5
599 0.5
599 0.05
599 0.05
599 0.05
599 0.5
599 0.5
599 0.5
599 0.5
599 0.5
600 0.5
600 0.5
600 0.5
600 0.5
600 0.5
600 0.5
600 0.05
600 0.05
600 0.05
600 0.5
600 0.5
600 0.5
600 0.5
600 0.5
601 0.5
601 0.5
601 0.5
601 0.5
601 0.5
601 0.5
601 0.05
601 0.05
601 0.05
601 0.5
601 0.5
601 0.5
601 0.5
601 0.5
602 0.5
602 0.5
602 0.5
602 0.5
602 0.5
602 0.5
602 0.05
602 0.05
602 0.05
602 0.5
602 0.5
602 0.5
602 0.5
602 0.5
603 0.5
603 0.5
603 0.5
603 0.5
603 0.5
603 0.5
603 0.05
603 0.05
603 0.05
603 0.5
603 0.5
603 0.5
603 0.5
603 0.5
604 0.1
604 0.1
604 0.1
604 0.1
604 0.1
604 0.1
604 0.05
604 0.05
604 0.05
604 0.5
604 0.5
604 0.5
604 0.5
604 0.5
605 0.1
605 0.1
605 0.1
605 0.1
605 0.1
605 0.1
605 0.05
605 0.05
605 0.05
605 0.5
605 0.5
605 0.5
605 0.5
605 0.5
606 0.1
606 0.1
606 0.1
606 0.1
606 0.1
606 0.1
606 0.05
606 0.05
606 0.05
606 0.5
606 0.5
606 0.5
606 0.5
606 0.5
607 0.5
607 0.5
607 0.5
607 0.5
607 0.5
607 0.5
607 0.1
607 0.1
607 0.1
607 0.5
607 0.5
607 0.5
607 0.5
607 0.5
608 0.5
608 0.5
608 0.5
608 0.5
608 0.5
608 0.5
608 0.5
608 0.5
608 0.5
608 0.5
608 0.5
608 0.5
608 0.5
608 0.5
609 0.5
609 0.5
609 0.5
609 0.5
609 0.5
609 0.5
609 0.5
609 0.5
609 0.5
609 0.5
609 0.5
609 0.5
609 0.5
609 0.5
610 0.5
610 0.5
610 0.5
610 0.5
610 0.5
610 0.5
610 0.5
610 0.5
610 0.5
610 0.5
610 0.5
610 0.5
610 0.5
610 0.5
635 0.5
635 0.5
635 0.5
635 0.5
635 0.5
635 0.5
635 0.1
635 0.1
635 0.1
635 0.5
635 0.5
635 0.5
635 0.5
635 0.5
636 0.5
636 0.5
636 0.5
636 0.5
636 0.5
636 0.5
636 0.1
636 0.1
636 0.1
636 0.5
636 0.5
636 0.5
636 0.5
636 0.5
637 0.1
637 0.1
637 0.1
637 0.1
637 0.1
637 0.1
637 0.05
637 0.05
637 0.05
637 0.5
637 0.5
637 0.5
637 0.5
637 0.5
638 0.5
638 0.5
638 0.5
638 0.5
638 0.5
638 0.5
638 0.05
638 0.05
638 0.05
638 0.5
638 0.5
638 0.5
638 0.5
638 0.5
639 0.5
639 0.5
639 0.5
639 0.5
639 0.5
639 0.5
639 0.05
639 0.05
639 0.05
639 0.5
639 0.5
639 0.5
639 0.5
639 0.5
640 0.5
640 0.5
640 0.5
640 0.5
640 0.5
640 0.5
640 0.05
640 0.05
640 0.05
640 0.5
640 0.5
640 0.5
640 0.5
640 0.5
641 0.5
641 0.5
641 0.5
641 0.5
641 0.5
641 0.5
641 0.05
641 0.05
641 0.05
641 0.5
641 0.5
641 0.5
641 0.5
641 0.5
642 0.5
642 0.5
642 0.5
642 0.5
642 0.5
642 0.5
642 0.05
642 0.05
642 0.05
642 0.5
642 0.5
642 0.5
642 0.5
642 0.5
643 0.5
643 0.5
643 0.5
643 0.5
643 0.5
643 0.5
643 0.1
643 0.1
643 0.1
643 0.5
643 0.5
643 0.5
643 0.5
643 0.5
644 0.5
644 0.5
644 0.5
644 0.5
644 0.5
644 0.5
644 0.1
644 0.1
644 0.1
644 0.5
644 0.5
644 0.5
644 0.5
644 0.5
645 0.5
645 0.5
645 0.5
645 0.5
645 0.5
645 0.5
645 0.5
645 0.5
645 0.5
645 0.5
645 0.5
645 0.5
645 0.5
645 0.5
646 0.5
646 0.5
646 0.5
646 0.5
646 0.5
646 0.5
646 0.5
646 0.5
646 0.5
646 0.5
646 0.5
646 0.5
646 0.5
646 0.5
647 0.5
647 0.5
647 0.5
647 0.5
647 0.5
647 0.5
647 0.5
647 0.5
647 0.5
647 0.5
647 0.5
647 0.5
647 0.5
647 0.5
648 0.5
648 0.5
648 0.5
648 0.5
648 0.5
648 0.5
648 0.5
648 0.5
648 0.5
648 0.5
648 0.5
648 0.5
648 0.5
648 0.5
649 0.5
649 0.5
649 0.5
649 0.5
649 0.5
649 0.5
649 0.5
649 0.5
649 0.5
649 0.5
649 0.5
649 0.5
649 0.5
649 0.5
672 0.5
672 0.5
672 0.5
672 0.5
672 0.5
672 0.5
672 0.1
672 0.1
672 0.1
672 0.5
672 0.5
672 0.5
672 0.5
672 0.5
673 0.5
673 0.5
673 0.5
673 0.5
673 0.5
673 0.5
673 0.1
673 0.1
673 0.1
673 0.5
673 0.5
673 0.5
673 0.5
673 0.5
674 0.5
674 0.5
674 0.5
674 0.5
674 0.5
674 0.5
674 0.05
674 0.05
674 0.05
674 0.5
674 0.5
674 0.5
674 0.5
674 0.5
675 0.5
675 0.5
675 0.5
675 0.5
675 0.5
675 0.5
675 0.1
675 0.1
675 0.1
675 0.5
675 0.5
675 0.5
675 0.5
675 0.5
676 0.5
676 0.5
676 0.5
676 0.5
676 0.5
676 0.5
676 0.1
676 0.1
676 0.1
676 0.5
676 0.5
676 0.5
676 0.5
676 0.5
677 0.5
677 0.5
677 0.5
677 0.5
677 0.5
677 0.5
677 0.1
677 0.1
677 0.1
677 0.5
677 0.5
677 0.5
677 0.5
677 0.5
678 0.5
678 0.5
678 0.5
678 0.5
678 0.5
678 0.5
678 0.1
678 0.1
678 0.1
678 0.5
678 0.5
678 0.5
678 0.5
678 0.5
679 0.5
679 0.5
679 0.5
679 0.5
679 0.5
679 0.5
679 0.1
679 0.1
679 0.1
679 0.5
679 0.5
679 0.5
679 0.5
679 0.5
680 0.5
680 0.5
680 0.5
680 0.5
680 0.5
680 0.5
680 0.5
680 0.5
680 0.5
680 0.5
680 0.5
680 0.5
680 0.5
680 0.5
681 0.5
681 0.5
681 0.5
681 0.5
681 0.5
681 0.5
681 0.5
681 0.5
681 0.5
681 0.5
681 0.5
681 0.5
681 0.5
681 0.5
682 0.5
682 0.5
682 0.5
682 0.5
682 0.5
682 0.5
682 0.5
682 0.5
682 0.5
682 0.05
682 0.05
682 0.05
682 0.05
682 0.05
683 0.5
683 0.5
683 0.5
683 0.5
683 0.5
683 0.5
683 0.5
683 0.5
683 0.5
683 0.5
683 0.5
683 0.5
683 0.5
683 0.5
684 0.5
684 0.5
684 0.5
684 0.5
684 0.5
684 0.5
684 0.5
684 0.5
684 0.5
684 0.5
684 0.5
684 0.5
684 0.5
684 0.5
685 0.5
685 0.5
685 0.5
685 0.5
685 0.5
685 0.5
685 0.5
685 0.5
685 0.5
685 0.5
685 0.5
685 0.5
685 0.5
685 0.5
686 0.5
686 0.5
686 0.5
686 0.5
686 0.5
686 0.5
686 0.5
686 0.5
686 0.5
686 0.5
686 0.5
686 0.5
686 0.5
686 0.5
710 0.5
710 0.5
710 0.5
710 0.5
710 0.5
710 0.5
710 0.1
710 0.1
710 0.1
710 0.5
710 0.5
710 0.5
710 0.5
710 0.5
711 0.5
711 0.5
711 0.5
711 0.5
711 0.5
711 0.5
711 0.1
711 0.1
711 0.1
711 0.5
711 0.5
711 0.5
711 0.5
711 0.5
712 0.5
712 0.5
712 0.5
712 0.5
712 0.5
712 0.5
712 0.1
712 0.1
712 0.1
712 0.5
712 0.5
712 0.5
712 0.5
712 0.5
713 0.5
713 0.5
713 0.5
713 0.5
713 0.5
713 0.5
713 0.1
713 0.1
713 0.1
713 0.5
713 0.5
713 0.5
713 0.5
713 0.5
714 0.5
714 0.5
714 0.5
714 0.5
714 0.5
714 0.5
714 0.1
714 0.1
714 0.1
714 0.5
714 0.5
714 0.5
714 0.5
714 0.5
715 0.5
715 0.5
715 0.5
715 0.5
715 0.5
715 0.5
715 0.1
715 0.1
715 0.1
715 0.5
715 0.5
715 0.5
715 0.5
715 0.5
716 0.5
716 0.5
716 0.5
716 0.5
716 0.5
716 0.5
716 0.5
716 0.5
716 0.5
716 0.5
716 0.5
716 0.5
716 0.5
716 0.5
717 0.5
717 0.5
717 0.5
717 0.5
717 0.5
717 0.5
717 0.5
717 0.5
717 0.5
717 0.5
717 0.5
717 0.5
717 0.5
717 0.5
718 0.5
718 0.5
718 0.5
718 0.5
718 0.5
718 0.5
718 0.5
718 0.5
718 0.5
718 0.5
718 0.5
718 0.5
718 0.5
718 0.5
719 0.5
719 0.5
719 0.5
719 0.5
719 0.5
719 0.5
719 0.5
719 0.5
719 0.5
719 0.05
719 0.05
719 0.05
719 0.05
719 0.05
720 0.5
720 0.5
720 0.5
720 0.5
720 0.5
720 0.5
720 0.5
720 0.5
720 0.5
720 0.05
720 0.05
720 0.05
720 0.05
720 0.05
721 0.5
721 0.5
721 0.5
721 0.5
721 0.5
721 0.5
721 0.5
721 0.5
721 0.5
721 0.5
721 0.5
721 0.5
721 0.5
721 0.5
722 0.5
722 0.5
722 0.5
722 0.5
722 0.5
722 0.5
722 0.5
722 0.5
722 0.5
722 0.5
722 0.5
722 0.5
722 0.5
722 0.5
723 0.5
723 0.5
723 0.5
723 0.5
723 0.5
723 0.5
723 0.5
723 0.5
723 0.5
723 0.5
723 0.5
723 0.5
723 0.5
723 0.5
724 0.5
724 0.5
724 0.5
724 0.5
724 0.5
724 0.5
724 0.5
724 0.5
724 0.5
724 0.5
724 0.5
724 0.5
724 0.5
724 0.5
754 0.5
754 0.5
754 0.5
754 0.5
754 0.5
754 0.5
754 0.5
754 0.5
754 0.5
754 0.5
754 0.5
754 0.5
754 0.5
754 0.5
755 0.5
755 0.5
755 0.5
755 0.5
755 0.5
755 0.5
755 0.5
755 0.5
755 0.5
755 0.5
755 0.5
755 0.5
755 0.5
755 0.5
756 0.5
756 0.5
756 0.5
756 0.5
756 0.5
756 0.5
756 0.5
756 0.5
756 0.5
756 0.5
756 0.5
756 0.5
756 0.5
756 0.5
757 0.5
757 0.5
757 0.5
757 0.5
757 0.5
757 0.5
757 0.5
757 0.5
757 0.5
757 0.05
757 0.05
757 0.05
757 0.05
757 0.05
758 0.5
758 0.5
758 0.5
758 0.5
758 0.5
758 0.5
758 0.5
758 0.5
758 0.5
758 0.05
758 0.05
758 0.05
758 0.05
758 0.05
759 0.5
759 0.5
759 0.5
759 0.5
759 0.5
759 0.5
759 0.5
759 0.5
759 0.5
759 0.5
759 0.5
759 0.5
759 0.5
759 0.5
760 0.5
760 0.5
760 0.5
760 0.5
760 0.5
760 0.5
760 0.5
760 0.5
760 0.5
760 0.5
760 0.5
760 0.5
760 0.5
760 0.5
761 0.5
761 0.5
761 0.5
761 0.5
761 0.5
761 0.5
761 0.5
761 0.5
761 0.5
761 0.5
761 0.5
761 0.5
761 0.5
761 0.5
762 0.5
762 0.5
762 0.5
762 0.5
762 0.5
762 0.5
762 0.5
762 0.5
762 0.5
762 0.5
762 0.5
762 0.5
762 0.5
762 0.5
795 0.5
795 0.5
795 0.5
795 0.5
795 0.5
795 0.5
795 0.5
795 0.5
795 0.5
795 0.5
795 0.5
795 0.5
795 0.5
795 0.5
796 0.5
796 0.5
796 0.5
796 0.5
796 0.5
796 0.5
796 0.5
796 0.5
796 0.5
796 0.5
796 0.5
796 0.5
796 0.5
796 0.5
797 0.5
797 0.5
797 0.5
797 0.5
797 0.5
797 0.5
797 0.5
797 0.5
797 0.5
797 0.5
797 0.5
797 0.5
797 0.5
797 0.5
798 0.5
798 0.5
798 0.5
798 0.5
798 0.5
798 0.5
798 0.5
798 0.5
798 0.5
798 0.5
798 0.5
798 0.5
798 0.5
798 0.5
799 0.5
799 0.5
799 0.5
799 0.5
799 0.5
799 0.5
799 0.5
799 0.5
799 0.5
799 0.5
799 0.5
799 0.5
799 0.5
799 0.5
800 0.5
800 0.5
800 0.5
800 0.5
800 0.5
800 0.5
800 0.5
800 0.5
800 0.5
800 0.5
800 0.5
800 0.5
800 0.5
800 0.5
801 0.5
801 0.5
801 0.5
801 0.5
801 0.5
801 0.5
801 0.5
801 0.5
801 0.5
801 0.5
801 0.5
801 0.5
801 0.5
801 0.5
802 0.5
802 0.5
802 0.5
802 0.5
802 0.5
802 0.5
802 0.5
802 0.5
802 0.5
802 0.5
802 0.5
802 0.5
802 0.5
802 0.5
835 0.5
835 0.5
835 0.5
835 0.5
835 0.5
835 0.5
835 0.5
835 0.5
835 0.5
835 0.5
835 0.5
835 0.5
835 0.5
835 0.5
836 0.5
836 0.5
836 0.5
836 0.5
836 0.5
836 0.5
836 0.5
836 0.5
836 0.5
836 0.5
836 0.5
836 0.5
836 0.5
836 0.5
837 0.5
837 0.5
837 0.5
837 0.5
837 0.5
837 0.5
837 0.5
837 0.5
837 0.5
837 0.5
837 0.5
837 0.5
837 0.5
837 0.5
838 0.5
838 0.5
838 0.5
838 0.5
838 0.5
838 0.5
838 0.5
838 0.5
838 0.5
838 0.5
838 0.5
838 0.5
838 0.5
838 0.5
839 0.5
839 0.5
839 0.5
839 0.5
839 0.5
839 0.5
839 0.5
839 0.5
839 0.5
839 0.5
839 0.5
839 0.5
839 0.5
839 0.5
840 0.5
840 0.5
840 0.5
840 0.5
840 0.5
840 0.5
840 0.5
840 0.5
840 0.5
840 0.5
840 0.5
840 0.5
840 0.5
840 0.5
841 0.5
841 0.5
841 0.5
841 0.5
841 0.5
841 0.5
841 0.5
841 0.5
841 0.5
841 0.5
841 0.5
841 0.5
841 0.5
841 0.5
880 0.5
880 0.5
880 0.5
880 0.5
880 0.5
880 0.5
880 0.5
880 0.5
880 0.5
880 0.5
880 0.5
880 0.5
880 0.5
880 0.5
881 0.5
881 0.5
881 0.5
881 0.5
881 0.5
881 0.5
881 0.5
881 0.5
881 0.5
881 0.5
881 0.5
881 0.5
881 0.5
881 0.5
882 0.5
882 0.5
882 0.5
882 0.5
882 0.5
882 0.5
882 0.5
882 0.5
882 0.5
882 0.5
882 0.5
882 0.5
882 0.5
882 0.5
883 0.5
883 0.5
883 0.5
883 0.5
883 0.5
883 0.5
883 0.5
883 0.5
883 0.5
883 0.5
883 0.5
883 0.5
883 0.5
883 0.5
884 0.5
884 0.5
884 0.5
884 0.5
884 0.5
884 0.5
884 0.5
884 0.5
884 0.5
884 0.5
884 0.5
884 0.5
884 0.5
884 0.5
885 0.5
885 0.5
885 0.5
885 0.5
885 0.5
885 0.5
885 0.5
885 0.5
885 0.5
885 0.5
885 0.5
885 0.5
885 0.5
885 0.5
886 0.5
886 0.5
886 0.5
886 0.5
886 0.5
886 0.5
886 0.5
886 0.5
886 0.5
886 0.5
886 0.5
886 0.5
886 0.5
886 0.5
887 0.5
887 0.5
887 0.5
887 0.5
887 0.5
887 0.5
887 0.5
887 0.5
887 0.5
887 0.5
887 0.5
887 0.5
887 0.5
887 0.5
931 0.5
931 0.5
931 0.5
931 0.5
931 0.5
931 0.5
931 0.5
931 0.5
931 0.5
931 0.5
931 0.5
931 0.5
931 0.5
931 0.5
932 0.5
932 0.5
932 0.5
932 0.5
932 0.5
932 0.5
932 0.5
932 0.5
932 0.5
932 0.5
932 0.5
932 0.5
932 0.5
932 0.5
933 0.5
933 0.5
933 0.5
933 0.5
933 0.5
933 0.5
933 0.5
933 0.5
933 0.5
933 0.5
933 0.5
933 0.5
933 0.5
933 0.5
934 0.5
934 0.5
934 0.5
934 0.5
934 0.5
934 0.5
934 0.5
934 0.5
934 0.5
934 0.5
934 0.5
934 0.5
934 0.5
934 0.5
935 0.5
935 0.5
935 0.5
935 0.5
935 0.5
935 0.5
935 0.5
935 0.5
935 0.5
935 0.5
935 0.5
935 0.5
935 0.5
935 0.5
936 0.5
936 0.5
936 0.5
936 0.5
936 0.5
936 0.5
936 0.5
936 0.5
936 0.5
936 0.5
936 0.5
936 0.5
936 0.5
936 0.5
937 0.5
937 0.5
937 0.5
937 0.5
937 0.5
937 0.5
937 0.5
937 0.5
937 0.5
937 0.5
937 0.5
937 0.5
937 0.5
937 0.5
938 0.5
938 0.5
938 0.5
938 0.5
938 0.5
938 0.5
938 0.5
938 0.5
938 0.5
938 0.5
938 0.5
938 0.5
938 0.5
938 0.5
983 0.5
983 0.5
983 0.5
983 0.5
983 0.5
983 0.5
983 0.5
983 0.5
983 0.5
983 0.5
983 0.5
983 0.5
983 0.5
983 0.5
984 0.5
984 0.5
984 0.5
984 0.5
984 0.5
984 0.5
984 0.5
984 0.5
984 0.5
984 0.5
984 0.5
984 0.5
984 0.5
984 0.5
985 0.5
985 0.5
985 0.5
985 0.5
985 0.5
985 0.5
985 0.5
985 0.5
985 0.5
985 0.5
985 0.5
985 0.5
985 0.5
985 0.5
986 0.5
986 0.5
986 0.5
986 0.5
986 0.5
986 0.5
986 0.5
986 0.5
986 0.5
986 0.5
986 0.5
986 0.5
986 0.5
986 0.5
987 0.5
987 0.5
987 0.5
987 0.5
987 0.5
987 0.5
987 0.5
987 0.5
987 0.5
987 0.5
987 0.5
987 0.5
987 0.5
987 0.5
988 0.5
988 0.5
988 0.5
988 0.5
988 0.5
988 0.5
988 0.5
988 0.5
988 0.5
988 0.5
988 0.5
988 0.5
988 0.5
988 0.5
989 0.5
989 0.5
989 0.5
989 0.5
989 0.5
989 0.5
989 0.5
989 0.5
989 0.5
989 0.5
989 0.5
989 0.5
989 0.5
989 0.5
990 0.5
990 0.5
990 0.5
990 0.5
990 0.5
990 0.5
990 0.5
990 0.5
990 0.5
990 0.5
990 0.5
990 0.5
990 0.5
990 0.5
1037 0.5
1037 0.5
1037 0.5
1037 0.5
1037 0.5
1037 0.5
1037 0.5
1037 0.5
1037 0.5
1037 0.5
1037 0.5
1037 0.5
1037 0.5
1037 0.5
1038 0.5
1038 0.5
1038 0.5
1038 0.5
1038 0.5
1038 0.5
1038 0.5
1038 0.5
1038 0.5
1038 0.5
1038 0.5
1038 0.5
1038 0.5
1038 0.5
1039 0.5
1039 0.5
1039 0.5
1039 0.5
1039 0.5
1039 0.5
1039 0.5
1039 0.5
1039 0.5
1039 0.5
1039 0.5
1039 0.5
1039 0.5
1039 0.5
1040 0.5
1040 0.5
1040 0.5
1040 0.5
1040 0.5
1040 0.5
1040 0.5
1040 0.5
1040 0.5
1040 0.5
1040 0.5
1040 0.5
1040 0.5
1040 0.5
1041 0.5
1041 0.5
1041 0.5
1041 0.5
1041 0.5
1041 0.5
1041 0.5
1041 0.5
1041 0.5
1041 0.5
1041 0.5
1041 0.5
1041 0.5
1041 0.5
1042 0.5
1042 0.5
1042 0.5
1042 0.5
1042 0.5
1042 0.5
1042 0.5
1042 0.5
1042 0.5
1042 0.5
1042 0.5
1042 0.5
1042 0.5
1042 0.5
1043 0.5
1043 0.5
1043 0.5
1043 0.5
1043 0.5
1043 0.5
1043 0.5
1043 0.5
1043 0.5
1043 0.5
1043 0.5
1043 0.5
1043 0.5
1043 0.5
1094 0.5
1094 0.5
1094 0.5
1094 0.5
1094 0.5
1094 0.5
1094 0.5
1094 0.5
1094 0.5
1094 0.5
1094 0.5
1094 0.5
1094 0.5
1094 0.5
1095 0.5
1095 0.5
1095 0.5
1095 0.5
1095 0.5
1095 0.5
1095 0.5
1095 0.5
1095 0.5
1095 0.5
1095 0.5
1095 0.5
1095 0.5
1095 0.5
1096 0.5
1096 0.5
1096 0.5
1096 0.5
1096 0.5
1096 0.5
1096 0.5
1096 0.5
1096 0.5
1096 0.5
1096 0.5
1096 0.5
1096 0.5
1096 0.5
1097 0.5
1097 0.5
1097 0.5
1097 0.5
1097 0.5
1097 0.5
1097 0.5
1097 0.5
1097 0.5
1097 0.5
1097 0.5
1097 0.5
1097 0.5
1097 0.5
1098 0.5
1098 0.5
1098 0.5
1098 0.5
1098 0.5
1098 0.5
1098 0.5
1098 0.5
1098 0.5
1098 0.5
1098 0.5
1098 0.5
1098 0.5
1098 0.5
1158 0.5
1158 0.5
1158 0.5
1158 0.5
1158 0.5
1158 0.5
1158 0.5
1158 0.5
1158 0.5
1158 0.5
1158 0.5
1158 0.5
1158 0.5
1158 0.5
1159 0.5
1159 0.5
1159 0.5
1159 0.5
1159 0.5
1159 0.5
1159 0.5
1159 0.5
1159 0.5
1159 0.5
1159 0.5
1159 0.5
1159 0.5
1159 0.5
1160 0.5
1160 0.5
1160 0.5
1160 0.5
1160 0.5
1160 0.5
1160 0.5
1160 0.5
1160 0.5
1160 0.5
1160 0.5
1160 0.5
1160 0.5
1160 0.5
2382 0.1
2382 0.1
2382 0.1
2382 0.1
2382 0.1
2382 0.1
2382 0.5
2382 0.5
2382 0.5
2382 0.5
2382 0.5
2382 0.5
2382 0.5
2382 0.5
2457 0.1
2457 0.1
2457 0.1
2457 0.1
2457 0.1
2457 0.1
2457 0.5
2457 0.5
2457 0.5
2457 0.5
2457 0.5
2457 0.5
2457 0.5
2457 0.5
2458 0.1
2458 0.1
2458 0.1
2458 0.1
2458 0.1
2458 0.1
2458 0.5
2458 0.5
2458 0.5
2458 0.5
2458 0.5
2458 0.5
2458 0.5
2458 0.5
2459 0.1
2459 0.1
2459 0.1
2459 0.1
2459 0.1
2459 0.1
2459 0.5
2459 0.5
2459 0.5
2459 0.5
2459 0.5
2459 0.5
2459 0.5
2459 0.5
2460 0.1
2460 0.1
2460 0.1
2460 0.1
2460 0.1
2460 0.1
2460 0.5
2460 0.5
2460 0.5
2460 0.5
2460 0.5
2460 0.5
2460 0.5
2460 0.5
2536 0.1
2536 0.1
2536 0.1
2536 0.1
2536 0.1
2536 0.1
2536 0.5
2536 0.5
2536 0.5
2536 0.5
2536 0.5
2536 0.5
2536 0.5
2536 0.5
2537 0.1
2537 0.1
2537 0.1
2537 0.1
2537 0.1
2537 0.1
2537 0.5
2537 0.5
2537 0.5
2537 0.5
2537 0.5
2537 0.5
2537 0.5
2537 0.5
2615 0.1
2615 0.1
2615 0.1
2615 0.1
2615 0.1
2615 0.1
2615 0.5
2615 0.5
2615 0.5
2615 0.5
2615 0.5
2615 0.5
2615 0.5
2615 0.5
2616 0.1
2616 0.1
2616 0.1
2616 0.1
2616 0.1
2616 0.1
2616 0.5
2616 0.5
2616 0.5
2616 0.5
2616 0.5
2616 0.5
2616 0.5
2616 0.5
2617 0.1
2617 0.1
2617 0.1
2617 0.1
2617 0.1
2617 0.1
2617 0.5
2617 0.5
2617 0.5
2617 0.5
2617 0.5
2617 0.5
2617 0.5
2617 0.5
2700 0.1
2700 0.1
2700 0.1
2700 0.1
2700 0.1
2700 0.1
2700 0.5
2700 0.5
2700 0.5
2700 0.5
2700 0.5
2700 0.5
2700 0.5
2700 0.5
2701 0.1
2701 0.1
2701 0.1
2701 0.1
2701 0.1
2701 0.1
2701 0.5
2701 0.5
2701 0.5
2701 0.5
2701 0.5
2701 0.5
2701 0.5
2701 0.5
2702 0.1
2702 0.1
2702 0.1
2702 0.1
2702 0.1
2702 0.1
2702 0.5
2702 0.5
2702 0.5
2702 0.5
2702 0.5
2702 0.5
2702 0.5
2702 0.5
2782 0.1
2782 0.1
2782 0.1
2782 0.1
2782 0.1
2782 0.1
2782 0.5
2782 0.5
2782 0.5
2782 0.5
2782 0.5
2782 0.5
2782 0.5
2782 0.5
2783 0.1
2783 0.1
2783 0.1
2783 0.1
2783 0.1
2783 0.1
2783 0.5
2783 0.5
2783 0.5
2783 0.5
2783 0.5
2783 0.5
2783 0.5
2783 0.5
2784 0.1
2784 0.1
2784 0.1
2784 0.1
2784 0.1
2784 0.1
2784 0.5
2784 0.5
2784 0.5
2784 0.5
2784 0.5
2784 0.5
2784 0.5
2784 0.5
2785 0.1
2785 0.1
2785 0.1
2785 0.1
2785 0.1
2785 0.1
2785 0.5
2785 0.5
2785 0.5
2785 0.5
2785 0.5
2785 0.5
2785 0.5
2785 0.5
2786 0.1
2786 0.1
2786 0.1
2786 0.1
2786 0.1
2786 0.1
2786 0.5
2786 0.5
2786 0.5
2786 0.5
2786 0.5
2786 0.5
2786 0.5
2786 0.5
2863 0.1
2863 0.1
2863 0.1
2863 0.1
2863 0.1
2863 0.1
2863 0.5
2863 0.5
2863 0.5
2863 0.5
2863 0.5
2863 0.5
2863 0.5
2863 0.5
2864 0.1
2864 0.1
2864 0.1
2864 0.1
2864 0.1
2864 0.1
2864 0.5
2864 0.5
2864 0.5
2864 0.5
2864 0.5
2864 0.5
2864 0.5
2864 0.5
2865 0.1
2865 0.1
2865 0.1
2865 0.1
2865 0.1
2865 0.1
2865 0.5
2865 0.5
2865 0.5
2865 0.5
2865 0.5
2865 0.5
2865 0.5
2865 0.5
2866 0.1
2866 0.1
2866 0.1
2866 0.1
2866 0.1
2866 0.1
2866 0.5
2866 0.5
2866 0.5
2866 0.5
2866 0.5
2866 0.5
2866 0.5
2866 0.5
2867 0.1
2867 0.1
2867 0.1
2867 0.1
2867 0.1
2867 0.1
2867 0.5
2867 0.5
2867 0.5
2867 0.5
2867 0.5
2867 0.5
2867 0.5
2867 0.5
2940 0.1
2940 0.1
2940 0.1
2940 0.1
2940 0.1
2940 0.1
2940 0.5
2940 0.5
2940 0.5
2940 0.5
2940 0.5
2940 0.5
2940 0.5
2940 0.5
2941 0.1
2941 0.1
2941 0.1
2941 0.1
2941 0.1
2941 0.1
2941 0.5
2941 0.5
2941 0.5
2941 0.5
2941 0.5
2941 0.5
2941 0.5
2941 0.5
2942 0.1
2942 0.1
2942 0.1
2942 0.1
2942 0.1
2942 0.1
2942 0.5
2942 0.5
2942 0.5
2942 0.5
2942 0.5
2942 0.5
2942 0.5
2942 0.5
2943 0.1
2943 0.1
2943 0.1
2943 0.1
2943 0.1
2943 0.1
2943 0.5
2943 0.5
2943 0.5
2943 0.5
2943 0.5
2943 0.5
2943 0.5
2943 0.5
3014 0.1
3014 0.1
3014 0.1
3014 0.1
3014 0.1
3014 0.1
3014 0.5
3014 0.5
3014 0.5
3014 0.5
3014 0.5
3014 0.5
3014 0.5
3014 0.5
3015 0.1
3015 0.1
3015 0.1
3015 0.1
3015 0.1
3015 0.1
3015 0.5
3015 0.5
3015 0.5
3015 0.5
3015 0.5
3015 0.5
3015 0.5
3015 0.5
3016 0.1
3016 0.1
3016 0.1
3016 0.1
3016 0.1
3016 0.1
3016 0.5
3016 0.5
3016 0.5
3016 0.5
3016 0.5
3016 0.5
3016 0.5
3016 0.5
3017 0.1
3017 0.1
3017 0.1
3017 0.1
3017 0.1
3017 0.1
3017 0.5
3017 0.5
3017 0.5
3017 0.5
3017 0.5
3017 0.5
3017 0.5
3017 0.5
3089 0.1
3089 0.1
3089 0.1
3089 0.1
3089 0.1
3089 0.1
3089 0.5
3089 0.5
3089 0.5
3089 0.5
3089 0.5
3089 0.5
3089 0.5
3089 0.5
5707 0.1
5707 0.1
5707 0.1
5707 0.1
5707 0.1
5707 0.1
5707 0.5
5707 0.5
5707 0.5
5707 0.5
5707 0.5
5707 0.5
5707 0.5
5707 0.5
5789 0.1
5789 0.1
5789 0.1
5789 0.1
5789 0.1
5789 0.1
5789 0.5
5789 0.5
5789 0.5
5789 0.5
5789 0.5
5789 0.5
5789 0.5
5789 0.5
5796 0.1
5796 0.1
5796 0.1
5796 0.1
5796 0.1
5796 0.1
5796 0.5
5796 0.5
5796 0.5
5796 0.5
5796 0.5
5796 0.5
5796 0.5
5796 0.5
5797 0.05
5797 0.05
5797 0.05
5797 0.05
5797 0.05
5797 0.05
5797 0.5
5797 0.5
5797 0.5
5797 0.5
5797 0.5
5797 0.5
5797 0.5
5797 0.5
5798 0.1
5798 0.1
5798 0.1
5798 0.1
5798 0.1
5798 0.1
5798 0.5
5798 0.5
5798 0.5
5798 0.5
5798 0.5
5798 0.5
5798 0.5
5798 0.5
5799 0.1
5799 0.1
5799 0.1
5799 0.1
5799 0.1
5799 0.1
5799 0.5
5799 0.5
5799 0.5
5799 0.5
5799 0.5
5799 0.5
5799 0.5
5799 0.5
5879 0.1
5879 0.1
5879 0.1
5879 0.1
5879 0.1
5879 0.1
5879 0.5
5879 0.5
5879 0.5
5879 0.5
5879 0.5
5879 0.5
5879 0.5
5879 0.5
5880 0.1
5880 0.1
5880 0.1
5880 0.1
5880 0.1
5880 0.1
5880 0.5
5880 0.5
5880 0.5
5880 0.5
5880 0.5
5880 0.5
5880 0.5
5880 0.5
5881 0.1
5881 0.1
5881 0.1
5881 0.1
5881 0.1
5881 0.1
5881 0.5
5881 0.5
5881 0.5
5881 0.5
5881 0.5
5881 0.5
5881 0.5
5881 0.5
5882 0.1
5882 0.1
5882 0.1
5882 0.1
5882 0.1
5882 0.1
5882 0.5
5882 0.5
5882 0.5
5882 0.5
5882 0.5
5882 0.5
5882 0.5
5882 0.5
5883 0.1
5883 0.1
5883 0.1
5883 0.1
5883 0.1
5883 0.1
5883 0.5
5883 0.5
5883 0.5
5883 0.5
5883 0.5
5883 0.5
5883 0.5
5883 0.5
5884 0.1
5884 0.1
5884 0.1
5884 0.1
5884 0.1
5884 0.1
5884 0.5
5884 0.5
5884 0.5
5884 0.5
5884 0.5
5884 0.5
5884 0.5
5884 0.5
5885 0.1
5885 0.1
5885 0.1
5885 0.1
5885 0.1
5885 0.1
5885 0.5
5885 0.5
5885 0.5
5885 0.5
5885 0.5
5885 0.5
5885 0.5
5885 0.5
5886 0.1
5886 0.1
5886 0.1
5886 0.1
5886 0.1
5886 0.1
5886 0.5
5886 0.5
5886 0.5
5886 0.5
5886 0.5
5886 0.5
5886 0.5
5886 0.5
5887 0.05
5887 0.05
5887 0.05
5887 0.05
5887 0.05
5887 0.05
5887 0.5
5887 0.5
5887 0.5
5887 0.5
5887 0.5
5887 0.5
5887 0.5
5887 0.5
5888 0.05
5888 0.05
5888 0.05
5888 0.05
5888 0.05
5888 0.05
5888 0.5
5888 0.5
5888 0.5
5888 0.5
5888 0.5
5888 0.5
5888 0.5
5888 0.5
5889 0.1
5889 0.1
5889 0.1
5889 0.1
5889 0.1
5889 0.1
5889 0.5
5889 0.5
5889 0.5
5889 0.5
5889 0.5
5889 0.5
5889 0.5
5889 0.5
5976 0.1
5976 0.1
5976 0.1
5976 0.1
5976 0.1
5976 0.1
5976 0.5
5976 0.5
5976 0.5
5976 0.5
5976 0.5
5976 0.5
5976 0.5
5976 0.5
5977 0.1
5977 0.1
5977 0.1
5977 0.1
5977 0.1
5977 0.1
5977 0.5
5977 0.5
5977 0.5
5977 0.5
5977 0.5
5977 0.5
5977 0.5
5977 0.5
5978 0.1
5978 0.1
5978 0.1
5978 0.1
5978 0.1
5978 0.1
5978 0.5
5978 0.5
5978 0.5
5978 0.5
5978 0.5
5978 0.5
5978 0.5
5978 0.5
5979 0.1
5979 0.1
5979 0.1
5979 0.1
5979 0.1
5979 0.1
5979 0.5
5979 0.5
5979 0.5
5979 0.5
5979 0.5
5979 0.5
5979 0.5
5979 0.5
5980 0.1
5980 0.1
5980 0.1
5980 0.1
5980 0.1
5980 0.1
5980 0.5
5980 0.5
5980 0.5
5980 0.5
5980 0.5
5980 0.5
5980 0.5
5980 0.5
5981 0.1
5981 0.1
5981 0.1
5981 0.1
5981 0.1
5981 0.1
5981 0.5
5981 0.5
5981 0.5
5981 0.5
5981 0.5
5981 0.5
5981 0.5
5981 0.5
5982 0.05
5982 0.05
5982 0.05
5982 0.05
5982 0.05
5982 0.05
5982 0.5
5982 0.5
5982 0.5
5982 0.5
5982 0.5
5982 0.5
5982 0.5
5982 0.5
5983 0.05
5983 0.05
5983 0.05
5983 0.05
5983 0.05
5983 0.05
5983 0.5
5983 0.5
5983 0.5
5983 0.5
5983 0.5
5983 0.5
5983 0.5
5983 0.5
5984 0.05
5984 0.05
5984 0.05
5984 0.05
5984 0.05
5984 0.05
5984 0.5
5984 0.5
5984 0.5
5984 0.5
5984 0.5
5984 0.5
5984 0.5
5984 0.5
5985 0.05
5985 0.05
5985 0.05
5985 0.05
5985 0.05
5985 0.05
5985 0.5
5985 0.5
5985 0.5
5985 0.5
5985 0.5
5985 0.5
5985 0.5
5985 0.5
5986 0.05
5986 0.05
5986 0.05
5986 0.05
5986 0.05
5986 0.05
5986 0.5
5986 0.5
5986 0.5
5986 0.5
5986 0.5
5986 0.5
5986 0.5
5986 0.5
6079 0.1
6079 0.1
6079 0.1
6079 0.1
6079 0.1
6079 0.1
6079 0.5
6079 0.5
6079 0.5
6079 0.5
6079 0.5
6079 0.5
6079 0.5
6079 0.5
6080 0.1
6080 0.1
6080 0.1
6080 0.1
6080 0.1
6080 0.1
6080 0.5
6080 0.5
6080 0.5
6080 0.5
6080 0.5
6080 0.5
6080 0.5
6080 0.5
6081 0.1
6081 0.1
6081 0.1
6081 0.1
6081 0.1
6081 0.1
6081 0.5
6081 0.5
6081 0.5
6081 0.5
6081 0.5
6081 0.5
6081 0.5
6081 0.5
6082 0.1
6082 0.1
6082 0.1
6082 0.1
6082 0.1
6082 0.1
6082 0.5
6082 0.5
6082 0.5
6082 0.5
6082 0.5
6082 0.5
6082 0.5
6082 0.5
6083 0.1
6083 0.1
6083 0.1
6083 0.1
6083 0.1
6083 0.1
6083 0.5
6083 0.5
6083 0.5
6083 0.5
6083 0.5
6083 0.5
6083 0.5
6083 0.5
6084 0.05
6084 0.05
6084 0.05
6084 0.05
6084 0.05
6084 0.05
6084 0.5
6084 0.5
6084 0.5
6084 0.5
6084 0.5
6084 0.5
6084 0.5
6084 0.5
6085 0.05
6085 0.05
6085 0.05
6085 0.05
6085 0.05
6085 0.05
6085 0.5
6085 0.5
6085 0.5
6085 0.5
6085 0.5
6085 0.5
6085 0.5
6085 0.5
6086 0.05
6086 0.05
6086 0.05
6086 0.05
6086 0.05
6086 0.05
6086 0.5
6086 0.5
6086 0.5
6086 0.5
6086 0.5
6086 0.5
6086 0.5
6086 0.5
6087 0.05
6087 0.05
6087 0.05
6087 0.05
6087 0.05
6087 0.05
6087 0.5
6087 0.5
6087 0.5
6087 0.5
6087 0.5
6087 0.5
6087 0.5
6087 0.5
6088 0.05
6088 0.05
6088 0.05
6088 0.05
6088 0.05
6088 0.05
6088 0.5
6088 0.5
6088 0.5
6088 0.5
6088 0.5
6088 0.5
6088 0.5
6088 0.5
6089 0.05
6089 0.05
6089 0.05
6089 0.05
6089 0.05
6089 0.05
6089 0.5
6089 0.5
6089 0.5
6089 0.5
6089 0.5
6089 0.5
6089 0.5
6089 0.5
6180 0.1
6180 0.1
6180 0.1
6180 0.1
6180 0.1
6180 0.1
6180 0.5
6180 0.5
6180 0.5
6180 0.5
6180 0.5
6180 0.5
6180 0.5
6180 0.5
6181 0.1
6181 0.1
6181 0.1
6181 0.1
6181 0.1
6181 0.1
6181 0.5
6181 0.5
6181 0.5
6181 0.5
6181 0.5
6181 0.5
6181 0.5
6181 0.5
6182 0.1
6182 0.1
6182 0.1
6182 0.1
6182 0.1
6182 0.1
6182 0.5
6182 0.5
6182 0.5
6182 0.5
6182 0.5
6182 0.5
6182 0.5
6182 0.5
6183 0.05
6183 0.05
6183 0.05
6183 0.05
6183 0.05
6183 0.05
6183 0.5
6183 0.5
6183 0.5
6183 0.5
6183 0.5
6183 0.5
6183 0.5
6183 0.5
6184 0.05
6184 0.05
6184 0.05
6184 0.05
6184 0.05
6184 0.05
6184 0.5
6184 0.5
6184 0.5
6184 0.5
6184 0.5
6184 0.5
6184 0.5
6184 0.5
6185 0.05
6185 0.05
6185 0.05
6185 0.05
6185 0.05
6185 0.05
6185 0.5
6185 0.5
6185 0.5
6185 0.5
6185 0.5
6185 0.5
6185 0.5
6185 0.5
6186 0.05
6186 0.05
6186 0.05
6186 0.05
6186 0.05
6186 0.05
6186 0.5
6186 0.5
6186 0.5
6186 0.5
6186 0.5
6186 0.5
6186 0.5
6186 0.5
6187 0.05
6187 0.05
6187 0.05
6187 0.05
6187 0.05
6187 0.05
6187 0.5
6187 0.5
6187 0.5
6187 0.5
6187 0.5
6187 0.5
6187 0.5
6187 0.5
6188 0.05
6188 0.05
6188 0.05
6188 0.05
6188 0.05
6188 0.05
6188 0.5
6188 0.5
6188 0.5
6188 0.5
6188 0.5
6188 0.5
6188 0.5
6188 0.5
6273 0.1
6273 0.1
6273 0.1
6273 0.1
6273 0.1
6273 0.1
6273 0.5
6273 0.5
6273 0.5
6273 0.5
6273 0.5
6273 0.5
6273 0.5
6273 0.5
6274 0.1
6274 0.1
6274 0.1
6274 0.1
6274 0.1
6274 0.1
6274 0.5
6274 0.5
6274 0.5
6274 0.5
6274 0.5
6274 0.5
6274 0.5
6274 0.5
6275 0.05
6275 0.05
6275 0.05
6275 0.05
6275 0.05
6275 0.05
6275 0.5
6275 0.5
6275 0.5
6275 0.5
6275 0.5
6275 0.5
6275 0.5
6275 0.5
6276 0.05
6276 0.05
6276 0.05
6276 0.05
6276 0.05
6276 0.05
6276 0.5
6276 0.5
6276 0.5
6276 0.5
6276 0.5
6276 0.5
6276 0.5
6276 0.5
6277 0.05
6277 0.05
6277 0.05
6277 0.05
6277 0.05
6277 0.05
6277 0.5
6277 0.5
6277 0.5
6277 0.5
6277 0.5
6277 0.5
6277 0.5
6277 0.5
6278 0.05
6278 0.05
6278 0.05
6278 0.05
6278 0.05
6278 0.05
6278 0.5
6278 0.5
6278 0.5
6278 0.5
6278 0.5
6278 0.5
6278 0.5
6278 0.5
6279 0.05
6279 0.05
6279 0.05
6279 0.05
6279 0.05
6279 0.05
6279 0.5
6279 0.5
6279 0.5
6279 0.5
6279 0.5
6279 0.5
6279 0.5
6279 0.5
6364 0.1
6364 0.1
6364 0.1
6364 0.1
6364 0.1
6364 0.1
6364 0.5
6364 0.5
6364 0.5
6364 0.5
6364 0.5
6364 0.5
6364 0.5
6364 0.5
6365 0.1
6365 0.1
6365 0.1
6365 0.1
6365 0.1
6365 0.1
6365 0.5
6365 0.5
6365 0.5
6365 0.5
6365 0.5
6365 0.5
6365 0.5
6365 0.5
6366 0.1
6366 0.1
6366 0.1
6366 0.1
6366 0.1
6366 0.1
6366 0.5
6366 0.5
6366 0.5
6366 0.5
6366 0.5
6366 0.5
6366 0.5
6366 0.5
6367 0.05
6367 0.05
6367 0.05
6367 0.05
6367 0.05
6367 0.05
6367 0.5
6367 0.5
6367 0.5
6367 0.5
6367 0.5
6367 0.5
6367 0.5
6367 0.5
6368 0.05
6368 0.05
6368 0.05
6368 0.05
6368 0.05
6368 0.05
6368 0.5
6368 0.5
6368 0.5
6368 0.5
6368 0.5
6368 0.5
6368 0.5
6368 0.5
6369 0.05
6369 0.05
6369 0.05
6369 0.05
6369 0.05
6369 0.05
6369 0.5
6369 0.5
6369 0.5
6369 0.5
6369 0.5
6369 0.5
6369 0.5
6369 0.5
6370 0.05
6370 0.05
6370 0.05
6370 0.05
6370 0.05
6370 0.05
6370 0.5
6370 0.5
6370 0.5
6370 0.5
6370 0.5
6370 0.5
6370 0.5
6370 0.5
6455 0.1
6455 0.1
6455 0.1
6455 0.1
6455 0.1
6455 0.1
6455 0.5
6455 0.5
6455 0.5
6455 0.5
6455 0.5
6455 0.5
6455 0.5
6455 0.5
6456 0.1
6456 0.1
6456 0.1
6456 0.1
6456 0.1
6456 0.1
6456 0.5
6456 0.5
6456 0.5
6456 0.5
6456 0.5
6456 0.5
6456 0.5
6456 0.5
6457 0.1
6457 0.1
6457 0.1
6457 0.1
6457 0.1
6457 0.1
6457 0.5
6457 0.5
6457 0.5
6457 0.5
6457 0.5
6457 0.5
6457 0.5
6457 0.5
6458 0.1
6458 0.1
6458 0.1
6458 0.1
6458 0.1
6458 0.1
6458 0.5
6458 0.5
6458 0.5
6458 0.5
6458 0.5
6458 0.5
6458 0.5
6458 0.5
6459 0.1
6459 0.1
6459 0.1
6459 0.1
6459 0.1
6459 0.1
6459 0.5
6459 0.5
6459 0.5
6459 0.5
6459 0.5
6459 0.5
6459 0.5
6459 0.5
6543 0.1
6543 0.1
6543 0.1
6543 0.1
6543 0.1
6543 0.1
6543 0.5
6543 0.5
6543 0.5
6543 0.5
6543 0.5
6543 0.5
6543 0.5
6543 0.5
6544 0.1
6544 0.1
6544 0.1
6544 0.1
6544 0.1
6544 0.1
6544 0.5
6544 0.5
6544 0.5
6544 0.5
6544 0.5
6544 0.5
6544 0.5
6544 0.5
6545 0.1
6545 0.1
6545 0.1
6545 0.1
6545 0.1
6545 0.1
6545 0.5
6545 0.5
6545 0.5
6545 0.5
6545 0.5
6545 0.5
6545 0.5
6545 0.5
6664 0.5
6664 0.5
6664 0.5
6664 0.5
6664 0.5
6664 0.5
6664 0.5
6664 0.5
6664 0.5
6664 0.5
6664 0.5
6664 0.5
6664 0.5
6664 0.5
6665 0.5
6665 0.5
6665 0.5
6665 0.5
6665 0.5
6665 0.5
6665 0.5
6665 0.5
6665 0.5
6665 0.5
6665 0.5
6665 0.5
6665 0.5
6665 0.5
6666 0.5
6666 0.5
6666 0.5
6666 0.5
6666 0.5
6666 0.5
6666 0.5
6666 0.5
6666 0.5
6666 0.5
6666 0.5
6666 0.5
6666 0.5
6666 0.5
6667 0.5
6667 0.5
6667 0.5
6667 0.5
6667 0.5
6667 0.5
6667 0.5
6667 0.5
6667 0.5
6667 0.5
6667 0.5
6667 0.5
6667 0.5
6667 0.5
6739 0.5
6739 0.5
6739 0.5
6739 0.5
6739 0.5
6739 0.5
6739 0.5
6739 0.5
6739 0.5
6739 0.5
6739 0.5
6739 0.5
6739 0.5
6739 0.5
6740 0.5
6740 0.5
6740 0.5
6740 0.5
6740 0.5
6740 0.5
6740 0.5
6740 0.5
6740 0.5
6740 0.5
6740 0.5
6740 0.5
6740 0.5
6740 0.5
6741 0.5
6741 0.5
6741 0.5
6741 0.5
6741 0.5
6741 0.5
6741 0.5
6741 0.5
6741 0.5
6741 0.5
6741 0.5
6741 0.5
6741 0.5
6741 0.5
6742 0.5
6742 0.5
6742 0.5
6742 0.5
6742 0.5
6742 0.5
6742 0.5
6742 0.5
6742 0.5
6742 0.5
6742 0.5
6742 0.5
6742 0.5
6742 0.5
6743 0.5
6743 0.5
6743 0.5
6743 0.5
6743 0.5
6743 0.5
6743 0.5
6743 0.5
6743 0.5
6743 0.5
6743 0.5
6743 0.5
6743 0.5
6743 0.5
6744 0.5
6744 0.5
6744 0.5
6744 0.5
6744 0.5
6744 0.5
6744 0.5
6744 0.5
6744 0.5
6744 0.5
6744 0.5
6744 0.5
6744 0.5
6744 0.5
6812 0.5
6812 0.5
6812 0.5
6812 0.5
6812 0.5
6812 0.5
6812 0.5
6812 0.5
6812 0.5
6812 0.5
6812 0.5
6812 0.5
6812 0.5
6812 0.5
6813 0.5
6813 0.5
6813 0.5
6813 0.5
6813 0.5
6813 0.5
6813 0.5
6813 0.5
6813 0.5
6813 0.5
6813 0.5
6813 0.5
6813 0.5
6813 0.5
6814 0.5
6814 0.5
6814 0.5
6814 0.5
6814 0.5
6814 0.5
6814 0.5
6814 0.5
6814 0.5
6814 0.5
6814 0.5
6814 0.5
6814 0.5
6814 0.5
6815 0.5
6815 0.5
6815 0.5
6815 0.5
6815 0.5
6815 0.5
6815 0.5
6815 0.5
6815 0.5
6815 0.05
6815 0.05
6815 0.05
6815 0.05
6815 0.05
6816 0.5
6816 0.5
6816 0.5
6816 0.5
6816 0.5
6816 0.5
6816 0.5
6816 0.5
6816 0.5
6816 0.5
6816 0.5
6816 0.5
6816 0.5
6816 0.5
6817 0.5
6817 0.5
6817 0.5
6817 0.5
6817 0.5
6817 0.5
6817 0.5
6817 0.5
6817 0.5
6817 0.5
6817 0.5
6817 0.5
6817 0.5
6817 0.5
6818 0.5
6818 0.5
6818 0.5
6818 0.5
6818 0.5
6818 0.5
6818 0.5
6818 0.5
6818 0.5
6818 0.5
6818 0.5
6818 0.5
6818 0.5
6818 0.5
6819 0.5
6819 0.5
6819 0.5
6819 0.5
6819 0.5
6819 0.5
6819 0.5
6819 0.5
6819 0.5
6819 0.5
6819 0.5
6819 0.5
6819 0.5
6819 0.5
6883 0.5
6883 0.5
6883 0.5
6883 0.5
6883 0.5
6883 0.5
6883 0.5
6883 0.5
6883 0.5
6883 0.5
6883 0.5
6883 0.5
6883 0.5
6883 0.5
6884 0.5
6884 0.5
6884 0.5
6884 0.5
6884 0.5
6884 0.5
6884 0.5
6884 0.5
6884 0.5
6884 0.5
6884 0.5
6884 0.5
6884 0.5
6884 0.5
6885 0.5
6885 0.5
6885 0.5
6885 0.5
6885 0.5
6885 0.5
6885 0.5
6885 0.5
6885 0.5
6885 0.5
6885 0.5
6885 0.5
6885 0.5
6885 0.5
6886 0.5
6886 0.5
6886 0.5
6886 0.5
6886 0.5
6886 0.5
6886 0.5
6886 0.5
6886 0.5
6886 0.05
6886 0.05
6886 0.05
6886 0.05
6886 0.05
6887 0.5
6887 0.5
6887 0.5
6887 0.5
6887 0.5
6887 0.5
6887 0.5
6887 0.5
6887 0.5
6887 0.05
6887 0.05
6887 0.05
6887 0.05
6887 0.05
6888 0.5
6888 0.5
6888 0.5
6888 0.5
6888 0.5
6888 0.5
6888 0.5
6888 0.5
6888 0.5
6888 0.05
6888 0.05
6888 0.05
6888 0.05
6888 0.05
6889 0.5
6889 0.5
6889 0.5
6889 0.5
6889 0.5
6889 0.5
6889 0.5
6889 0.5
6889 0.5
6889 0.05
6889 0.05
6889 0.05
6889 0.05
6889 0.05
6890 0.5
6890 0.5
6890 0.5
6890 0.5
6890 0.5
6890 0.5
6890 0.5
6890 0.5
6890 0.5
6890 0.5
6890 0.5
6890 0.5
6890 0.5
6890 0.5
6891 0.5
6891 0.5
6891 0.5
6891 0.5
6891 0.5
6891 0.5
6891 0.5
6891 0.5
6891 0.5
6891 0.5
6891 0.5
6891 0.5
6891 0.5
6891 0.5
6953 0.5
6953 0.5
6953 0.5
6953 0.5
6953 0.5
6953 0.5
6953 0.5
6953 0.5
6953 0.5
6953 0.5
6953 0.5
6953 0.5
6953 0.5
6953 0.5
6954 0.5
6954 0.5
6954 0.5
6954 0.5
6954 0.5
6954 0.5
6954 0.5
6954 0.5
6954 0.5
6954 0.5
6954 0.5
6954 0.5
6954 0.5
6954 0.5
6955 0.5
6955 0.5
6955 0.5
6955 0.5
6955 0.5
6955 0.5
6955 0.5
6955 0.5
6955 0.5
6955 0.5
6955 0.5
6955 0.5
6955 0.5
6955 0.5
6956 0.5
6956 0.5
6956 0.5
6956 0.5
6956 0.5
6956 0.5
6956 0.5
6956 0.5
6956 0.5
6956 0.05
6956 0.05
6956 0.05
6956 0.05
6956 0.05
6957 0.5
6957 0.5
6957 0.5
6957 0.5
6957 0.5
6957 0.5
6957 0.5
6957 0.5
6957 0.5
6957 0.05
6957 0.05
6957 0.05
6957 0.05
6957 0.05
6958 0.5
6958 0.5
6958 0.5
6958 0.5
6958 0.5
6958 0.5
6958 0.5
6958 0.5
6958 0.5
6958 0.05
6958 0.05
6958 0.05
6958 0.05
6958 0.05
6959 0.5
6959 0.5
6959 0.5
6959 0.5
6959 0.5
6959 0.5
6959 0.5
6959 0.5
6959 0.5
6959 0.05
6959 0.05
6959 0.05
6959 0.05
6959 0.05
6960 0.5
6960 0.5
6960 0.5
6960 0.5
6960 0.5
6960 0.5
6960 0.5
6960 0.5
6960 0.5
6960 0.05
6960 0.05
6960 0.05
6960 0.05
6960 0.05
6961 0.5
6961 0.5
6961 0.5
6961 0.5
6961 0.5
6961 0.5
6961 0.5
6961 0.5
6961 0.5
6961 0.5
6961 0.5
6961 0.5
6961 0.5
6961 0.5
6962 0.5
6962 0.5
6962 0.5
6962 0.5
6962 0.5
6962 0.5
6962 0.5
6962 0.5
6962 0.5
6962 0.5
6962 0.5
6962 0.5
6962 0.5
6962 0.5
7021 0.5
7021 0.5
7021 0.5
7021 0.5
7021 0.5
7021 0.5
7021 0.5
7021 0.5
7021 0.5
7021 0.5
7021 0.5
7021 0.5
7021 0.5
7021 0.5
7022 0.5
7022 0.5
7022 0.5
7022 0.5
7022 0.5
7022 0.5
7022 0.5
7022 0.5
7022 0.5
7022 0.5
7022 0.5
7022 0.5
7022 0.5
7022 0.5
7023 0.5
7023 0.5
7023 0.5
7023 0.5
7023 0.5
7023 0.5
7023 0.5
7023 0.5
7023 0.5
7023 0.5
7023 0.5
7023 0.5
7023 0.5
7023 0.5
7024 0.5
7024 0.5
7024 0.5
7024 0.5
7024 0.5
7024 0.5
7024 0.5
7024 0.5
7024 0.5
7024 0.05
7024 0.05
7024 0.05
7024 0.05
7024 0.05
7025 0.5
7025 0.5
7025 0.5
7025 0.5
7025 0.5
7025 0.5
7025 0.5
7025 0.5
7025 0.5
7025 0.05
7025 0.05
7025 0.05
7025 0.05
7025 0.05
7026 0.5
7026 0.5
7026 0.5
7026 0.5
7026 0.5
7026 0.5
7026 0.5
7026 0.5
7026 0.5
7026 0.05
7026 0.05
7026 0.05
7026 0.05
7026 0.05
7027 0.5
7027 0.5
7027 0.5
7027 0.5
7027 0.5
7027 0.5
7027 0.5
7027 0.5
7027 0.5
7027 0.05
7027 0.05
7027 0.05
7027 0.05
7027 0.05
7028 0.5
7028 0.5
7028 0.5
7028 0.5
7028 0.5
7028 0.5
7028 0.5
7028 0.5
7028 0.5
7028 0.05
7028 0.05
7028 0.05
7028 0.05
7028 0.05
7029 0.5
7029 0.5
7029 0.5
7029 0.5
7029 0.5
7029 0.5
7029 0.5
7029 0.5
7029 0.5
7029 0.5
7029 0.5
7029 0.5
7029 0.5
7029 0.5
7030 0.5
7030 0.5
7030 0.5
7030 0.5
7030 0.5
7030 0.5
7030 0.5
7030 0.5
7030 0.5
7030 0.5
7030 0.5
7030 0.5
7030 0.5
7030 0.5
7092 0.5
7092 0.5
7092 0.5
7092 0.5
7092 0.5
7092 0.5
7092 0.5
7092 0.5
7092 0.5
7092 0.5
7092 0.5
7092 0.5
7092 0.5
7092 0.5
7093 0.5
7093 0.5
7093 0.5
7093 0.5
7093 0.5
7093 0.5
7093 0.5
7093 0.5
7093 0.5
7093 0.5
7093 0.5
7093 0.5
7093 0.5
7093 0.5
7094 0.5
7094 0.5
7094 0.5
7094 0.5
7094 0.5
7094 0.5
7094 0.5
7094 0.5
7094 0.5
7094 0.5
7094 0.5
7094 0.5
7094 0.5
7094 0.5
7095 0.5
7095 0.5
7095 0.5
7095 0.5
7095 0.5
7095 0.5
7095 0.5
7095 0.5
7095 0.5
7095 0.5
7095 0.5
7095 0.5
7095 0.5
7095 0.5
7096 0.5
7096 0.5
7096 0.5
7096 0.5
7096 0.5
7096 0.5
7096 0.5
7096 0.5
7096 0.5
7096 0.05
7096 0.05
7096 0.05
7096 0.05
7096 0.05
7097 0.5
7097 0.5
7097 0.5
7097 0.5
7097 0.5
7097 0.5
7097 0.5
7097 0.5
7097 0.5
7097 0.05
7097 0.05
7097 0.05
7097 0.05
7097 0.05
7098 0.5
7098 0.5
7098 0.5
7098 0.5
7098 0.5
7098 0.5
7098 0.5
7098 0.5
7098 0.5
7098 0.05
7098 0.05
7098 0.05
7098 0.05
7098 0.05
7099 0.5
7099 0.5
7099 0.5
7099 0.5
7099 0.5
7099 0.5
7099 0.5
7099 0.5
7099 0.5
7099 0.05
7099 0.05
7099 0.05
7099 0.05
7099 0.05
7100 0.5
7100 0.5
7100 0.5
7100 0.5
7100 0.5
7100 0.5
7100 0.5
7100 0.5
7100 0.5
7100 0.5
7100 0.5
7100 0.5
7100 0.5
7100 0.5
7101 0.5
7101 0.5
7101 0.5
7101 0.5
7101 0.5
7101 0.5
7101 0.5
7101 0.5
7101 0.5
7101 0.5
7101 0.5
7101 0.5
7101 0.5
7101 0.5
7102 0.5
7102 0.5
7102 0.5
7102 0.5
7102 0.5
7102 0.5
7102 0.5
7102 0.5
7102 0.5
7102 0.5
7102 0.5
7102 0.5
7102 0.5
7102 0.5
7165 0.5
7165 0.5
7165 0.5
7165 0.5
7165 0.5
7165 0.5
7165 0.5
7165 0.5
7165 0.5
7165 0.5
7165 0.5
7165 0.5
7165 0.5
7165 0.5
7166 0.5
7166 0.5
7166 0.5
7166 0.5
7166 0.5
7166 0.5
7166 0.5
7166 0.5
7166 0.5
7166 0.5
7166 0.5
7166 0.5
7166 0.5
7166 0.5
7167 0.5
7167 0.5
7167 0.5
7167 0.5
7167 0.5
7167 0.5
7167 0.5
7167 0.5
7167 0.5
7167 0.5
7167 0.5
7167 0.5
7167 0.5
7167 0.5
7168 0.5
7168 0.5
7168 0.5
7168 0.5
7168 0.5
7168 0.5
7168 0.5
7168 0.5
7168 0.5
7168 0.5
7168 0.5
7168 0.5
7168 0.5
7168 0.5
7169 0.5
7169 0.5
7169 0.5
7169 0.5
7169 0.5
7169 0.5
7169 0.5
7169 0.5
7169 0.5
7169 0.5
7169 0.5
7169 0.5
7169 0.5
7169 0.5
7170 0.5
7170 0.5
7170 0.5
7170 0.5
7170 0.5
7170 0.5
7170 0.5
7170 0.5
7170 0.5
7170 0.05
7170 0.05
7170 0.05
7170 0.05
7170 0.05
7171 0.5
7171 0.5
7171 0.5
7171 0.5
7171 0.5
7171 0.5
7171 0.5
7171 0.5
7171 0.5
7171 0.5
7171 0.5
7171 0.5
7171 0.5
7171 0.5
7172 0.5
7172 0.5
7172 0.5
7172 0.5
7172 0.5
7172 0.5
7172 0.5
7172 0.5
7172 0.5
7172 0.5
7172 0.5
7172 0.5
7172 0.5
7172 0.5
7173 0.5
7173 0.5
7173 0.5
7173 0.5
7173 0.5
7173 0.5
7173 0.5
7173 0.5
7173 0.5
7173 0.5
7173 0.5
7173 0.5
7173 0.5
7173 0.5
7174 0.5
7174 0.5
7174 0.5
7174 0.5
7174 0.5
7174 0.5
7174 0.5
7174 0.5
7174 0.5
7174 0.5
7174 0.5
7174 0.5
7174 0.5
7174 0.5
7237 0.5
7237 0.5
7237 0.5
7237 0.5
7237 0.5
7237 0.5
7237 0.5
7237 0.5
7237 0.5
7237 0.5
7237 0.5
7237 0.5
7237 0.5
7237 0.5
7238 0.5
7238 0.5
7238 0.5
7238 0.5
7238 0.5
7238 0.5
7238 0.5
7238 0.5
7238 0.5
7238 0.5
7238 0.5
7238 0.5
7238 0.5
7238 0.5
7239 0.5
7239 0.5
7239 0.5
7239 0.5
7239 0.5
7239 0.5
7239 0.5
7239 0.5
7239 0.5
7239 0.5
7239 0.5
7239 0.5
7239 0.5
7239 0.5
7240 0.5
7240 0.5
7240 0.5
7240 0.5
7240 0.5
7240 0.5
7240 0.5
7240 0.5
7240 0.5
7240 0.5
7240 0.5
7240 0.5
7240 0.5
7240 0.5
7241 0.5
7241 0.5
7241 0.5
7241 0.5
7241 0.5
7241 0.5
7241 0.5
7241 0.5
7241 0.5
7241 0.5
7241 0.5
7241 0.5
7241 0.5
7241 0.5
7242 0.5
7242 0.5
7242 0.5
7242 0.5
7242 0.5
7242 0.5
7242 0.5
7242 0.5
7242 0.5
7242 0.5
7242 0.5
7242 0.5
7242 0.5
7242 0.5
7243 0.5
7243 0.5
7243 0.5
7243 0.5
7243 0.5
7243 0.5
7243 0.5
7243 0.5
7243 0.5
7243 0.5
7243 0.5
7243 0.5
7243 0.5
7243 0.5
7244 0.5
7244 0.5
7244 0.5
7244 0.5
7244 0.5
7244 0.5
7244 0.5
7244 0.5
7244 0.5
7244 0.5
7244 0.5
7244 0.5
7244 0.5
7244 0.5
7245 0.5
7245 0.5
7245 0.5
7245 0.5
7245 0.5
7245 0.5
7245 0.5
7245 0.5
7245 0.5
7245 0.5
7245 0.5
7245 0.5
7245 0.5
7245 0.5
7305 0.5
7305 0.5
7305 0.5
7305 0.5
7305 0.5
7305 0.5
7305 0.5
7305 0.5
7305 0.5
7305 0.5
7305 0.5
7305 0.5
7305 0.5
7305 0.5
7306 0.5
7306 0.5
7306 0.5
7306 0.5
7306 0.5
7306 0.5
7306 0.5
7306 0.5
7306 0.5
7306 0.5
7306 0.5
7306 0.5
7306 0.5
7306 0.5
7307 0.5
7307 0.5
7307 0.5
7307 0.5
7307 0.5
7307 0.5
7307 0.5
7307 0.5
7307 0.5
7307 0.5
7307 0.5
7307 0.5
7307 0.5
7307 0.5
7308 0.5
7308 0.5
7308 0.5
7308 0.5
7308 0.5
7308 0.5
7308 0.5
7308 0.5
7308 0.5
7308 0.5
7308 0.5
7308 0.5
7308 0.5
7308 0.5
7309 0.5
7309 0.5
7309 0.5
7309 0.5
7309 0.5
7309 0.5
7309 0.5
7309 0.5
7309 0.5
7309 0.5
7309 0.5
7309 0.5
7309 0.5
7309 0.5
7310 0.5
7310 0.5
7310 0.5
7310 0.5
7310 0.5
7310 0.5
7310 0.5
7310 0.5
7310 0.5
7310 0.5
7310 0.5
7310 0.5
7310 0.5
7310 0.5
7311 0.5
7311 0.5
7311 0.5
7311 0.5
7311 0.5
7311 0.5
7311 0.5
7311 0.5
7311 0.5
7311 0.5
7311 0.5
7311 0.5
7311 0.5
7311 0.5
7312 0.5
7312 0.5
7312 0.5
7312 0.5
7312 0.5
7312 0.5
7312 0.5
7312 0.5
7312 0.5
7312 0.5
7312 0.5
7312 0.5
7312 0.5
7312 0.5
7372 0.5
7372 0.5
7372 0.5
7372 0.5
7372 0.5
7372 0.5
7372 0.5
7372 0.5
7372 0.5
7372 0.5
7372 0.5
7372 0.5
7372 0.5
7372 0.5
7373 0.5
7373 0.5
7373 0.5
7373 0.5
7373 0.5
7373 0.5
7373 0.5
7373 0.5
7373 0.5
7373 0.5
7373 0.5
7373 0.5
7373 0.5
7373 0.5
7374 0.5
7374 0.5
7374 0.5
7374 0.5
7374 0.5
7374 0.5
7374 0.5
7374 0.5
7374 0.5
7374 0.5
7374 0.5
7374 0.5
7374 0.5
7374 0.5
7375 0.5
7375 0.5
7375 0.5
7375 0.5
7375 0.5
7375 0.5
7375 0.5
7375 0.5
7375 0.5
7375 0.5
7375 0.5
7375 0.5
7375 0.5
7375 0.5
7376 0.5
7376 0.5
7376 0.5
7376 0.5
7376 0.5
7376 0.5
7376 0.5
7376 0.5
7376 0.5
7376 0.5
7376 0.5
7376 0.5
7376 0.5
7376 0.5
7377 0.5
7377 0.5
7377 0.5
7377 0.5
7377 0.5
7377 0.5
7377 0.5
7377 0.5
7377 0.5
7377 0.5
7377 0.5
7377 0.5
7377 0.5
7377 0.5
7378 0.5
7378 0.5
7378 0.5
7378 0.5
7378 0.5
7378 0.5
7378 0.5
7378 0.5
7378 0.5
7378 0.5
7378 0.5
7378 0.5
7378 0.5
7378 0.5
7435 0.5
7435 0.5
7435 0.5
7435 0.5
7435 0.5
7435 0.5
7435 0.5
7435 0.5
7435 0.5
7435 0.5
7435 0.5
7435 0.5
7435 0.5
7435 0.5
7436 0.5
7436 0.5
7436 0.5
7436 0.5
7436 0.5
7436 0.5
7436 0.5
7436 0.5
7436 0.5
7436 0.5
7436 0.5
7436 0.5
7436 0.5
7436 0.5
7437 0.5
7437 0.5
7437 0.5
7437 0.5
7437 0.5
7437 0.5
7437 0.5
7437 0.5
7437 0.5
7437 0.5
7437 0.5
7437 0.5
7437 0.5
7437 0.5
7438 0.5
7438 0.5
7438 0.5
7438 0.5
7438 0.5
7438 0.5
7438 0.5
7438 0.5
7438 0.5
7438 0.5
7438 0.5
7438 0.5
7438 0.5
7438 0.5
7439 0.5
7439 0.5
7439 0.5
7439 0.5
7439 0.5
7439 0.5
7439 0.5
7439 0.5
7439 0.5
7439 0.5
7439 0.5
7439 0.5
7439 0.5
7439 0.5
7440 0.5
7440 0.5
7440 0.5
7440 0.5
7440 0.5
7440 0.5
7440 0.5
7440 0.5
7440 0.5
7440 0.5
7440 0.5
7440 0.5
7440 0.5
7440 0.5
7660 0.5
7660 0.5
7660 0.5
7660 0.5
7660 0.5
7660 0.5
7660 0.5
7660 0.5
7660 0.5
7660 0.5
7660 0.5
7660 0.5
7660 0.5
7660 0.5
7714 0.5
7714 0.5
7714 0.5
7714 0.5
7714 0.5
7714 0.5
7714 0.5
7714 0.5
7714 0.5
7714 0.5
7714 0.5
7714 0.5
7714 0.5
7714 0.5
7715 0.5
7715 0.5
7715 0.5
7715 0.5
7715 0.5
7715 0.5
7715 0.5
7715 0.5
7715 0.5
7715 0.5
7715 0.5
7715 0.5
7715 0.5
7715 0.5
7716 0.5
7716 0.5
7716 0.5
7716 0.5
7716 0.5
7716 0.5
7716 0.5
7716 0.5
7716 0.5
7716 0.5
7716 0.5
7716 0.5
7716 0.5
7716 0.5
7717 0.5
7717 0.5
7717 0.5
7717 0.5
7717 0.5
7717 0.5
7717 0.5
7717 0.5
7717 0.5
7717 0.5
7717 0.5
7717 0.5
7717 0.5
7717 0.5
7718 0.5
7718 0.5
7718 0.5
7718 0.5
7718 0.5
7718 0.5
7718 0.5
7718 0.5
7718 0.5
7718 0.5
7718 0.5
7718 0.5
7718 0.5
7718 0.5
7770 0.5
7770 0.5
7770 0.5
7770 0.5
7770 0.5
7770 0.5
7770 0.5
7770 0.5
7770 0.5
7770 0.5
7770 0.5
7770 0.5
7770 0.5
7770 0.5
7771 0.5
7771 0.5
7771 0.5
7771 0.5
7771 0.5
7771 0.5
7771 0.5
7771 0.5
7771 0.5
7771 0.5
7771 0.5
7771 0.5
7771 0.5
7771 0.5
7772 0.5
7772 0.5
7772 0.5
7772 0.5
7772 0.5
7772 0.5
7772 0.5
7772 0.5
7772 0.5
7772 0.5
7772 0.5
7772 0.5
7772 0.5
7772 0.5
7773 0.5
7773 0.5
7773 0.5
7773 0.5
7773 0.5
7773 0.5
7773 0.5
7773 0.5
7773 0.5
7773 0.5
7773 0.5
7773 0.5
7773 0.5
7773 0.5
7774 0.5
7774 0.5
7774 0.5
7774 0.5
7774 0.5
7774 0.5
7774 0.5
7774 0.5
7774 0.5
7774 0.5
7774 0.5
7774 0.5
7774 0.5
7774 0.5
7775 0.5
7775 0.5
7775 0.5
7775 0.5
7775 0.5
7775 0.5
7775 0.5
7775 0.5
7775 0.5
7775 0.5
7775 0.5
7775 0.5
7775 0.5
7775 0.5
7828 0.5
7828 0.5
7828 0.5
7828 0.5
7828 0.5
7828 0.5
7828 0.5
7828 0.5
7828 0.5
7828 0.5
7828 0.5
7828 0.5
7828 0.5
7828 0.5
7829 0.5
7829 0.5
7829 0.5
7829 0.5
7829 0.5
7829 0.5
7829 0.5
7829 0.5
7829 0.5
7829 0.5
7829 0.5
7829 0.5
7829 0.5
7829 0.5
7830 0.5
7830 0.5
7830 0.5
7830 0.5
7830 0.5
7830 0.5
7830 0.5
7830 0.5
7830 0.5
7830 0.5
7830 0.5
7830 0.5
7830 0.5
7830 0.5
7831 0.5
7831 0.5
7831 0.5
7831 0.5
7831 0.5
7831 0.5
7831 0.5
7831 0.5
7831 0.5
7831 0.5
7831 0.5
7831 0.5
7831 0.5
7831 0.5
7832 0.5
7832 0.5
7832 0.5
7832 0.5
7832 0.5
7832 0.5
7832 0.5
7832 0.5
7832 0.5
7832 0.5
7832 0.5
7832 0.5
7832 0.5
7832 0.5
7833 0.5
7833 0.5
7833 0.5
7833 0.5
7833 0.5
7833 0.5
7833 0.5
7833 0.5
7833 0.5
7833 0.5
7833 0.5
7833 0.5
7833 0.5
7833 0.5
7834 0.5
7834 0.5
7834 0.5
7834 0.5
7834 0.5
7834 0.5
7834 0.5
7834 0.5
7834 0.5
7834 0.5
7834 0.5
7834 0.5
7834 0.5
7834 0.5
7835 0.5
7835 0.5
7835 0.5
7835 0.5
7835 0.5
7835 0.5
7835 0.5
7835 0.5
7835 0.5
7835 0.5
7835 0.5
7835 0.5
7835 0.5
7835 0.5
7884 0.5
7884 0.5
7884 0.5
7884 0.5
7884 0.5
7884 0.5
7884 0.5
7884 0.5
7884 0.5
7884 0.5
7884 0.5
7884 0.5
7884 0.5
7884 0.5
7885 0.5
7885 0.5
7885 0.5
7885 0.5
7885 0.5
7885 0.5
7885 0.5
7885 0.5
7885 0.5
7885 0.5
7885 0.5
7885 0.5
7885 0.5
7885 0.5
7886 0.5
7886 0.5
7886 0.5
7886 0.5
7886 0.5
7886 0.5
7886 0.5
7886 0.5
7886 0.5
7886 0.5
7886 0.5
7886 0.5
7886 0.5
7886 0.5
7887 0.5
7887 0.5
7887 0.5
7887 0.5
7887 0.5
7887 0.5
7887 0.5
7887 0.5
7887 0.5
7887 0.5
7887 0.5
7887 0.5
7887 0.5
7887 0.5
7888 0.5
7888 0.5
7888 0.5
7888 0.5
7888 0.5
7888 0.5
7888 0.5
7888 0.5
7888 0.5
7888 0.5
7888 0.5
7888 0.5
7888 0.5
7888 0.5
7889 0.5
7889 0.5
7889 0.5
7889 0.5
7889 0.5
7889 0.5
7889 0.5
7889 0.5
7889 0.5
7889 0.5
7889 0.5
7889 0.5
7889 0.5
7889 0.5
7890 0.5
7890 0.5
7890 0.5
7890 0.5
7890 0.5
7890 0.5
7890 0.5
7890 0.5
7890 0.5
7890 0.5
7890 0.5
7890 0.5
7890 0.5
7890 0.5
7891 0.5
7891 0.5
7891 0.5
7891 0.5
7891 0.5
7891 0.5
7891 0.5
7891 0.5
7891 0.5
7891 0.5
7891 0.5
7891 0.5
7891 0.5
7891 0.5
7892 0.5
7892 0.5
7892 0.5
7892 0.5
7892 0.5
7892 0.5
7892 0.5
7892 0.5
7892 0.5
7892 0.5
7892 0.5
7892 0.5
7892 0.5
7892 0.5
7893 0.5
7893 0.5
7893 0.5
7893 0.5
7893 0.5
7893 0.5
7893 0.5
7893 0.5
7893 0.5
7893 0.5
7893 0.5
7893 0.5
7893 0.5
7893 0.5
7941 0.5
7941 0.5
7941 0.5
7941 0.5
7941 0.5
7941 0.5
7941 0.5
7941 0.5
7941 0.5
7941 0.5
7941 0.5
7941 0.5
7941 0.5
7941 0.5
7942 0.5
7942 0.5
7942 0.5
7942 0.5
7942 0.5
7942 0.5
7942 0.5
7942 0.5
7942 0.5
7942 0.5
7942 0.5
7942 0.5
7942 0.5
7942 0.5
7943 0.5
7943 0.5
7943 0.5
7943 0.5
7943 0.5
7943 0.5
7943 0.5
7943 0.5
7943 0.5
7943 0.5
7943 0.5
7943 0.5
7943 0.5
7943 0.5
7944 0.5
7944 0.5
7944 0.5
7944 0.5
7944 0.5
7944 0.5
7944 0.5
7944 0.5
7944 0.5
7944 0.5
7944 0.5
7944 0.5
7944 0.5
7944 0.5
7945 0.5
7945 0.5
7945 0.5
7945 0.5
7945 0.5
7945 0.5
7945 0.5
7945 0.5
7945 0.5
7945 0.5
7945 0.5
7945 0.5
7945 0.5
7945 0.5
7946 0.5
7946 0.5
7946 0.5
7946 0.5
7946 0.5
7946 0.5
7946 0.5
7946 0.5
7946 0.5
7946 0.5
7946 0.5
7946 0.5
7946 0.5
7946 0.5
7947 0.5
7947 0.5
7947 0.5
7947 0.5
7947 0.5
7947 0.5
7947 0.5
7947 0.5
7947 0.5
7947 0.5
7947 0.5
7947 0.5
7947 0.5
7947 0.5
7948 0.5
7948 0.5
7948 0.5
7948 0.5
7948 0.5
7948 0.5
7948 0.5
7948 0.5
7948 0.5
7948 0.5
7948 0.5
7948 0.5
7948 0.5
7948 0.5
7949 0.5
7949 0.5
7949 0.5
7949 0.5
7949 0.5
7949 0.5
7949 0.5
7949 0.5
7949 0.5
7949 0.5
7949 0.5
7949 0.5
7949 0.5
7949 0.5
7950 0.5
7950 0.5
7950 0.5
7950 0.5
7950 0.5
7950 0.5
7950 0.5
7950 0.5
7950 0.5
7950 0.5
7950 0.5
7950 0.5
7950 0.5
7950 0.5
7951 0.5
7951 0.5
7951 0.5
7951 0.5
7951 0.5
7951 0.5
7951 0.5
7951 0.5
7951 0.5
7951 0.5
7951 0.5
7951 0.5
7951 0.5
7951 0.5
7998 0.5
7998 0.5
7998 0.5
7998 0.5
7998 0.5
7998 0.5
7998 0.5
7998 0.5
7998 0.5
7998 0.5
7998 0.5
7998 0.5
7998 0.5
7998 0.5
7999 0.5
7999 0.5
7999 0.5
7999 0.5
7999 0.5
7999 0.5
7999 0.5
7999 0.5
7999 0.5
7999 0.5
7999 0.5
7999 0.5
7999 0.5
7999 0.5
8000 0.5
8000 0.5
8000 0.5
8000 0.5
8000 0.5
8000 0.5
8000 0.5
8000 0.5
8000 0.5
8000 0.5
8000 0.5
8000 0.5
8000 0.5
8000 0.5
8001 0.5
8001 0.5
8001 0.5
8001 0.5
8001 0.5
8001 0.5
8001 0.5
8001 0.5
8001 0.5
8001 0.5
8001 0.5
8001 0.5
8001 0.5
8001 0.5
8002 0.5
8002 0.5
8002 0.5
8002 0.5
8002 0.5
8002 0.5
8002 0.5
8002 0.5
8002 0.5
8002 0.5
8002 0.5
8002 0.5
8002 0.5
8002 0.5
8003 0.5
8003 0.5
8003 0.5
8003 0.5
8003 0.5
8003 0.5
8003 0.5
8003 0.5
8003 0.5
8003 0.5
8003 0.5
8003 0.5
8003 0.5
8003 0.5
8004 0.5
8004 0.5
8004 0.5
8004 0.5
8004 0.5
8004 0.5
8004 0.5
8004 0.5
8004 0.5
8004 0.5
8004 0.5
8004 0.5
8004 0.5
8004 0.5
8005 0.5
8005 0.5
8005 0.5
8005 0.5
8005 0.5
8005 0.5
8005 0.5
8005 0.5
8005 0.5
8005 0.5
8005 0.5
8005 0.5
8005 0.5
8005 0.5
8006 0.5
8006 0.5
8006 0.5
8006 0.5
8006 0.5
8006 0.5
8006 0.5
8006 0.5
8006 0.5
8006 0.5
8006 0.5
8006 0.5
8006 0.5
8006 0.5
8007 0.5
8007 0.5
8007 0.5
8007 0.5
8007 0.5
8007 0.5
8007 0.5
8007 0.5
8007 0.5
8007 0.5
8007 0.5
8007 0.5
8007 0.5
8007 0.5
8008 0.5
8008 0.5
8008 0.5
8008 0.5
8008 0.5
8008 0.5
8008 0.5
8008 0.5
8008 0.5
8008 0.5
8008 0.5
8008 0.5
8008 0.5
8008 0.5
8009 0.5
8009 0.5
8009 0.5
8009 0.5
8009 0.5
8009 0.5
8009 0.5
8009 0.5
8009 0.5
8009 0.5
8009 0.5
8009 0.5
8009 0.5
8009 0.5
8056 0.5
8056 0.5
8056 0.5
8056 0.5
8056 0.5
8056 0.5
8056 0.5
8056 0.5
8056 0.5
8056 0.5
8056 0.5
8056 0.5
8056 0.5
8056 0.5
8057 0.5
8057 0.5
8057 0.5
8057 0.5
8057 0.5
8057 0.5
8057 0.5
8057 0.5
8057 0.5
8057 0.5
8057 0.5
8057 0.5
8057 0.5
8057 0.5
8058 0.5
8058 0.5
8058 0.5
8058 0.5
8058 0.5
8058 0.5
8058 0.5
8058 0.5
8058 0.5
8058 0.5
8058 0.5
8058 0.5
8058 0.5
8058 0.5
8059 0.5
8059 0.5
8059 0.5
8059 0.5
8059 0.5
8059 0.5
8059 0.5
8059 0.5
8059 0.5
8059 0.05
8059 0.05
8059 0.05
8059 0.05
8059 0.05
8060 0.5
8060 0.5
8060 0.5
8060 0.5
8060 0.5
8060 0.5
8060 0.5
8060 0.5
8060 0.5
8060 0.05
8060 0.05
8060 0.05
8060 0.05
8060 0.05
8061 0.5
8061 0.5
8061 0.5
8061 0.5
8061 0.5
8061 0.5
8061 0.5
8061 0.5
8061 0.5
8061 0.05
8061 0.05
8061 0.05
8061 0.05
8061 0.05
8062 0.5
8062 0.5
8062 0.5
8062 0.5
8062 0.5
8062 0.5
8062 0.5
8062 0.5
8062 0.5
8062 0.05
8062 0.05
8062 0.05
8062 0.05
8062 0.05
8063 0.5
8063 0.5
8063 0.5
8063 0.5
8063 0.5
8063 0.5
8063 0.5
8063 0.5
8063 0.5
8063 0.5
8063 0.5
8063 0.5
8063 0.5
8063 0.5
8064 0.5
8064 0.5
8064 0.5
8064 0.5
8064 0.5
8064 0.5
8064 0.5
8064 0.5
8064 0.5
8064 0.5
8064 0.5
8064 0.5
8064 0.5
8064 0.5
8065 0.5
8065 0.5
8065 0.5
8065 0.5
8065 0.5
8065 0.5
8065 0.5
8065 0.5
8065 0.5
8065 0.5
8065 0.5
8065 0.5
8065 0.5
8065 0.5
8066 0.5
8066 0.5
8066 0.5
8066 0.5
8066 0.5
8066 0.5
8066 0.5
8066 0.5
8066 0.5
8066 0.5
8066 0.5
8066 0.5
8066 0.5
8066 0.5
8110 0.5
8110 0.5
8110 0.5
8110 0.5
8110 0.5
8110 0.5
8110 0.5
8110 0.5
8110 0.5
8110 0.5
8110 0.5
8110 0.5
8110 0.5
8110 0.5
8111 0.5
8111 0.5
8111 0.5
8111 0.5
8111 0.5
8111 0.5
8111 0.5
8111 0.5
8111 0.5
8111 0.5
8111 0.5
8111 0.5
8111 0.5
8111 0.5
8112 0.5
8112 0.5
8112 0.5
8112 0.5
8112 0.5
8112 0.5
8112 0.5
8112 0.5
8112 0.5
8112 0.5
8112 0.5
8112 0.5
8112 0.5
8112 0.5
8113 0.5
8113 0.5
8113 0.5
8113 0.5
8113 0.5
8113 0.5
8113 0.5
8113 0.5
8113 0.5
8113 0.05
8113 0.05
8113 0.05
8113 0.05
8113 0.05
8114 0.5
8114 0.5
8114 0.5
8114 0.5
8114 0.5
8114 0.5
8114 0.5
8114 0.5
8114 0.5
8114 0.05
8114 0.05
8114 0.05
8114 0.05
8114 0.05
8115 0.5
8115 0.5
8115 0.5
8115 0.5
8115 0.5
8115 0.5
8115 0.5
8115 0.5
8115 0.5
8115 0.05
8115 0.05
8115 0.05
8115 0.05
8115 0.05
8116 0.5
8116 0.5
8116 0.5
8116 0.5
8116 0.5
8116 0.5
8116 0.5
8116 0.5
8116 0.5
8116 0.05
8116 0.05
8116 0.05
8116 0.05
8116 0.05
8117 0.5
8117 0.5
8117 0.5
8117 0.5
8117 0.5
8117 0.5
8117 0.5
8117 0.5
8117 0.5
8117 0.5
8117 0.5
8117 0.5
8117 0.5
8117 0.5
8118 0.5
8118 0.5
8118 0.5
8118 0.5
8118 0.5
8118 0.5
8118 0.5
8118 0.5
8118 0.5
8118 0.5
8118 0.5
8118 0.5
8118 0.5
8118 0.5
8119 0.5
8119 0.5
8119 0.5
8119 0.5
8119 0.5
8119 0.5
8119 0.5
8119 0.5
8119 0.5
8119 0.5
8119 0.5
8119 0.5
8119 0.5
8119 0.5
8120 0.5
8120 0.5
8120 0.5
8120 0.5
8120 0.5
8120 0.5
8120 0.5
8120 0.5
8120 0.5
8120 0.5
8120 0.5
8120 0.5
8120 0.5
8120 0.5
8121 0.5
8121 0.5
8121 0.5
8121 0.5
8121 0.5
8121 0.5
8121 0.5
8121 0.5
8121 0.5
8121 0.5
8121 0.5
8121 0.5
8121 0.5
8121 0.5
8166 0.5
8166 0.5
8166 0.5
8166 0.5
8166 0.5
8166 0.5
8166 0.5
8166 0.5
8166 0.5
8166 0.5
8166 0.5
8166 0.5
8166 0.5
8166 0.5
8167 0.5
8167 0.5
8167 0.5
8167 0.5
8167 0.5
8167 0.5
8167 0.5
8167 0.5
8167 0.5
8167 0.5
8167 0.5
8167 0.5
8167 0.5
8167 0.5
8168 0.5
8168 0.5
8168 0.5
8168 0.5
8168 0.5
8168 0.5
8168 0.5
8168 0.5
8168 0.5
8168 0.05
8168 0.05
8168 0.05
8168 0.05
8168 0.05
8169 0.5
8169 0.5
8169 0.5
8169 0.5
8169 0.5
8169 0.5
8169 0.5
8169 0.5
8169 0.5
8169 0.05
8169 0.05
8169 0.05
8169 0.05
8169 0.05
8170 0.5
8170 0.5
8170 0.5
8170 0.5
8170 0.5
8170 0.5
8170 0.5
8170 0.5
8170 0.5
8170 0.05
8170 0.05
8170 0.05
8170 0.05
8170 0.05
8171 0.5
8171 0.5
8171 0.5
8171 0.5
8171 0.5
8171 0.5
8171 0.5
8171 0.5
8171 0.5
8171 0.05
8171 0.05
8171 0.05
8171 0.05
8171 0.05
8172 0.5
8172 0.5
8172 0.5
8172 0.5
8172 0.5
8172 0.5
8172 0.5
8172 0.5
8172 0.5
8172 0.05
8172 0.05
8172 0.05
8172 0.05
8172 0.05
8173 0.5
8173 0.5
8173 0.5
8173 0.5
8173 0.5
8173 0.5
8173 0.5
8173 0.5
8173 0.5
8173 0.5
8173 0.5
8173 0.5
8173 0.5
8173 0.5
8174 0.5
8174 0.5
8174 0.5
8174 0.5
8174 0.5
8174 0.5
8174 0.5
8174 0.5
8174 0.5
8174 0.5
8174 0.5
8174 0.5
8174 0.5
8174 0.5
8175 0.5
8175 0.5
8175 0.5
8175 0.5
8175 0.5
8175 0.5
8175 0.5
8175 0.5
8175 0.5
8175 0.5
8175 0.5
8175 0.5
8175 0.5
8175 0.5
8176 0.5
8176 0.5
8176 0.5
8176 0.5
8176 0.5
8176 0.5
8176 0.5
8176 0.5
8176 0.5
8176 0.5
8176 0.5
8176 0.5
8176 0.5
8176 0.5
8220 0.5
8220 0.5
8220 0.5
8220 0.5
8220 0.5
8220 0.5
8220 0.5
8220 0.5
8220 0.5
8220 0.5
8220 0.5
8220 0.5
8220 0.5
8220 0.5
8221 0.5
8221 0.5
8221 0.5
8221 0.5
8221 0.5
8221 0.5
8221 0.5
8221 0.5
8221 0.5
8221 0.5
8221 0.5
8221 0.5
8221 0.5
8221 0.5
8222 0.5
8222 0.5
8222 0.5
8222 0.5
8222 0.5
8222 0.5
8222 0.5
8222 0.5
8222 0.5
8222 0.05
8222 0.05
8222 0.05
8222 0.05
8222 0.05
8223 0.5
8223 0.5
8223 0.5
8223 0.5
8223 0.5
8223 0.5
8223 0.5
8223 0.5
8223 0.5
8223 0.05
8223 0.05
8223 0.05
8223 0.05
8223 0.05
8224 0.5
8224 0.5
8224 0.5
8224 0.5
8224 0.5
8224 0.5
8224 0.5
8224 0.5
8224 0.5
8224 0.05
8224 0.05
8224 0.05
8224 0.05
8224 0.05
8225 0.5
8225 0.5
8225 0.5
8225 0.5
8225 0.5
8225 0.5
8225 0.5
8225 0.5
8225 0.5
8225 0.05
8225 0.05
8225 0.05
8225 0.05
8225 0.05
8226 0.5
8226 0.5
8226 0.5
8226 0.5
8226 0.5
8226 0.5
8226 0.5
8226 0.5
8226 0.5
8226 0.5
8226 0.5
8226 0.5
8226 0.5
8226 0.5
8227 0.5
8227 0.5
8227 0.5
8227 0.5
8227 0.5
8227 0.5
8227 0.5
8227 0.5
8227 0.5
8227 0.5
8227 0.5
8227 0.5
8227 0.5
8227 0.5
8228 0.5
8228 0.5
8228 0.5
8228 0.5
8228 0.5
8228 0.5
8228 0.5
8228 0.5
8228 0.5
8228 0.5
8228 0.5
8228 0.5
8228 0.5
8228 0.5
8229 0.5
8229 0.5
8229 0.5
8229 0.5
8229 0.5
8229 0.5
8229 0.5
8229 0.5
8229 0.5
8229 0.5
8229 0.5
8229 0.5
8229 0.5
8229 0.5
8230 0.5
8230 0.5
8230 0.5
8230 0.5
8230 0.5
8230 0.5
8230 0.5
8230 0.5
8230 0.5
8230 0.5
8230 0.5
8230 0.5
8230 0.5
8230 0.5
8231 0.5
8231 0.5
8231 0.5
8231 0.5
8231 0.5
8231 0.5
8231 0.5
8231 0.5
8231 0.5
8231 0.5
8231 0.5
8231 0.5
8231 0.5
8231 0.5
8274 0.5
8274 0.5
8274 0.5
8274 0.5
8274 0.5
8274 0.5
8274 0.5
8274 0.5
8274 0.5
8274 0.5
8274 0.5
8274 0.5
8274 0.5
8274 0.5
8275 0.5
8275 0.5
8275 0.5
8275 0.5
8275 0.5
8275 0.5
8275 0.5
8275 0.5
8275 0.5
8275 0.5
8275 0.5
8275 0.5
8275 0.5
8275 0.5
8276 0.5
8276 0.5
8276 0.5
8276 0.5
8276 0.5
8276 0.5
8276 0.5
8276 0.5
8276 0.5
8276 0.5
8276 0.5
8276 0.5
8276 0.5
8276 0.5
8277 0.5
8277 0.5
8277 0.5
8277 0.5
8277 0.5
8277 0.5
8277 0.5
8277 0.5
8277 0.5
8277 0.05
8277 0.05
8277 0.05
8277 0.05
8277 0.05
8278 0.5
8278 0.5
8278 0.5
8278 0.5
8278 0.5
8278 0.5
8278 0.5
8278 0.5
8278 0.5
8278 0.05
8278 0.05
8278 0.05
8278 0.05
8278 0.05
8279 0.5
8279 0.5
8279 0.5
8279 0.5
8279 0.5
8279 0.5
8279 0.5
8279 0.5
8279 0.5
8279 0.05
8279 0.05
8279 0.05
8279 0.05
8279 0.05
8280 0.5
8280 0.5
8280 0.5
8280 0.5
8280 0.5
8280 0.5
8280 0.5
8280 0.5
8280 0.5
8280 0.5
8280 0.5
8280 0.5
8280 0.5
8280 0.5
8281 0.5
8281 0.5
8281 0.5
8281 0.5
8281 0.5
8281 0.5
8281 0.5
8281 0.5
8281 0.5
8281 0.5
8281 0.5
8281 0.5
8281 0.5
8281 0.5
8282 0.5
8282 0.5
8282 0.5
8282 0.5
8282 0.5
8282 0.5
8282 0.5
8282 0.5
8282 0.5
8282 0.5
8282 0.5
8282 0.5
8282 0.5
8282 0.5
8283 0.5
8283 0.5
8283 0.5
8283 0.5
8283 0.5
8283 0.5
8283 0.5
8283 0.5
8283 0.5
8283 0.5
8283 0.5
8283 0.5
8283 0.5
8283 0.5
8284 0.5
8284 0.5
8284 0.5
8284 0.5
8284 0.5
8284 0.5
8284 0.5
8284 0.5
8284 0.5
8284 0.5
8284 0.5
8284 0.5
8284 0.5
8284 0.5
8285 0.5
8285 0.5
8285 0.5
8285 0.5
8285 0.5
8285 0.5
8285 0.5
8285 0.5
8285 0.5
8285 0.5
8285 0.5
8285 0.5
8285 0.5
8285 0.5
8325 0.5
8325 0.5
8325 0.5
8325 0.5
8325 0.5
8325 0.5
8325 0.5
8325 0.5
8325 0.5
8325 0.5
8325 0.5
8325 0.5
8325 0.5
8325 0.5
8326 0.5
8326 0.5
8326 0.5
8326 0.5
8326 0.5
8326 0.5
8326 0.5
8326 0.5
8326 0.5
8326 0.5
8326 0.5
8326 0.5
8326 0.5
8326 0.5
8327 0.5
8327 0.5
8327 0.5
8327 0.5
8327 0.5
8327 0.5
8327 0.5
8327 0.5
8327 0.5
8327 0.5
8327 0.5
8327 0.5
8327 0.5
8327 0.5
8328 0.5
8328 0.5
8328 0.5
8328 0.5
8328 0.5
8328 0.5
8328 0.5
8328 0.5
8328 0.5
8328 0.5
8328 0.5
8328 0.5
8328 0.5
8328 0.5
8329 0.5
8329 0.5
8329 0.5
8329 0.5
8329 0.5
8329 0.5
8329 0.5
8329 0.5
8329 0.5
8329 0.05
8329 0.05
8329 0.05
8329 0.05
8329 0.05
8330 0.5
8330 0.5
8330 0.5
8330 0.5
8330 0.5
8330 0.5
8330 0.5
8330 0.5
8330 0.5
8330 0.5
8330 0.5
8330 0.5
8330 0.5
8330 0.5
8331 0.5
8331 0.5
8331 0.5
8331 0.5
8331 0.5
8331 0.5
8331 0.5
8331 0.5
8331 0.5
8331 0.5
8331 0.5
8331 0.5
8331 0.5
8331 0.5
8332 0.5
8332 0.5
8332 0.5
8332 0.5
8332 0.5
8332 0.5
8332 0.5
8332 0.5
8332 0.5
8332 0.5
8332 0.5
8332 0.5
8332 0.5
8332 0.5
8333 0.5
8333 0.5
8333 0.5
8333 0.5
8333 0.5
8333 0.5
8333 0.5
8333 0.5
8333 0.5
8333 0.5
8333 0.5
8333 0.5
8333 0.5
8333 0.5
8334 0.5
8334 0.5
8334 0.5
8334 0.5
8334 0.5
8334 0.5
8334 0.5
8334 0.5
8334 0.5
8334 0.5
8334 0.5
8334 0.5
8334 0.5
8334 0.5
8335 0.5
8335 0.5
8335 0.5
8335 0.5
8335 0.5
8335 0.5
8335 0.5
8335 0.5
8335 0.5
8335 0.5
8335 0.5
8335 0.5
8335 0.5
8335 0.5
8336 0.5
8336 0.5
8336 0.5
8336 0.5
8336 0.5
8336 0.5
8336 0.5
8336 0.5
8336 0.5
8336 0.5
8336 0.5
8336 0.5
8336 0.5
8336 0.5
8374 0.5
8374 0.5
8374 0.5
8374 0.5
8374 0.5
8374 0.5
8374 0.5
8374 0.5
8374 0.5
8374 0.5
8374 0.5
8374 0.5
8374 0.5
8374 0.5
8375 0.5
8375 0.5
8375 0.5
8375 0.5
8375 0.5
8375 0.5
8375 0.5
8375 0.5
8375 0.5
8375 0.5
8375 0.5
8375 0.5
8375 0.5
8375 0.5
8376 0.5
8376 0.5
8376 0.5
8376 0.5
8376 0.5
8376 0.5
8376 0.5
8376 0.5
8376 0.5
8376 0.5
8376 0.5
8376 0.5
8376 0.5
8376 0.5
8377 0.5
8377 0.5
8377 0.5
8377 0.5
8377 0.5
8377 0.5
8377 0.5
8377 0.5
8377 0.5
8377 0.5
8377 0.5
8377 0.5
8377 0.5
8377 0.5
8378 0.5
8378 0.5
8378 0.5
8378 0.5
8378 0.5
8378 0.5
8378 0.5
8378 0.5
8378 0.5
8378 0.5
8378 0.5
8378 0.5
8378 0.5
8378 0.5
8379 0.5
8379 0.5
8379 0.5
8379 0.5
8379 0.5
8379 0.5
8379 0.5
8379 0.5
8379 0.5
8379 0.5
8379 0.5
8379 0.5
8379 0.5
8379 0.5
8380 0.5
8380 0.5
8380 0.5
8380 0.5
8380 0.5
8380 0.5
8380 0.5
8380 0.5
8380 0.5
8380 0.5
8380 0.5
8380 0.5
8380 0.5
8380 0.5
8381 0.5
8381 0.5
8381 0.5
8381 0.5
8381 0.5
8381 0.5
8381 0.5
8381 0.5
8381 0.5
8381 0.5
8381 0.5
8381 0.5
8381 0.5
8381 0.5
8382 0.5
8382 0.5
8382 0.5
8382 0.5
8382 0.5
8382 0.5
8382 0.5
8382 0.5
8382 0.5
8382 0.5
8382 0.5
8382 0.5
8382 0.5
8382 0.5
8383 0.5
8383 0.5
8383 0.5
8383 0.5
8383 0.5
8383 0.5
8383 0.5
8383 0.5
8383 0.5
8383 0.5
8383 0.5
8383 0.5
8383 0.5
8383 0.5
8384 0.5
8384 0.5
8384 0.5
8384 0.5
8384 0.5
8384 0.5
8384 0.5
8384 0.5
8384 0.5
8384 0.5
8384 0.5
8384 0.5
8384 0.5
8384 0.5
8385 0.5
8385 0.5
8385 0.5
8385 0.5
8385 0.5
8385 0.5
8385 0.5
8385 0.5
8385 0.5
8385 0.5
8385 0.5
8385 0.5
8385 0.5
8385 0.5
8386 0.5
8386 0.5
8386 0.5
8386 0.5
8386 0.5
8386 0.5
8386 0.5
8386 0.5
8386 0.5
8386 0.5
8386 0.5
8386 0.5
8386 0.5
8386 0.5
8422 0.5
8422 0.5
8422 0.5
8422 0.5
8422 0.5
8422 0.5
8422 0.5
8422 0.5
8422 0.5
8422 0.5
8422 0.5
8422 0.5
8422 0.5
8422 0.5
8423 0.5
8423 0.5
8423 0.5
8423 0.5
8423 0.5
8423 0.5
8423 0.5
8423 0.5
8423 0.5
8423 0.5
8423 0.5
8423 0.5
8423 0.5
8423 0.5
8424 0.5
8424 0.5
8424 0.5
8424 0.5
8424 0.5
8424 0.5
8424 0.5
8424 0.5
8424 0.5
8424 0.5
8424 0.5
8424 0.5
8424 0.5
8424 0.5
8425 0.5
8425 0.5
8425 0.5
8425 0.5
8425 0.5
8425 0.5
8425 0.5
8425 0.5
8425 0.5
8425 0.5
8425 0.5
8425 0.5
8425 0.5
8425 0.5
8426 0.5
8426 0.5
8426 0.5
8426 0.5
8426 0.5
8426 0.5
8426 0.5
8426 0.5
8426 0.5
8426 0.5
8426 0.5
8426 0.5
8426 0.5
8426 0.5
8427 0.5
8427 0.5
8427 0.5
8427 0.5
8427 0.5
8427 0.5
8427 0.5
8427 0.5
8427 0.5
8427 0.5
8427 0.5
8427 0.5
8427 0.5
8427 0.5
8428 0.5
8428 0.5
8428 0.5
8428 0.5
8428 0.5
8428 0.5
8428 0.5
8428 0.5
8428 0.5
8428 0.5
8428 0.5
8428 0.5
8428 0.5
8428 0.5
8429 0.5
8429 0.5
8429 0.5
8429 0.5
8429 0.5
8429 0.5
8429 0.5
8429 0.5
8429 0.5
8429 0.5
8429 0.5
8429 0.5
8429 0.5
8429 0.5
8431 0.5
8431 0.5
8431 0.5
8431 0.5
8431 0.5
8431 0.5
8431 0.5
8431 0.5
8431 0.5
8431 0.5
8431 0.5
8431 0.5
8431 0.5
8431 0.5
8432 0.5
8432 0.5
8432 0.5
8432 0.5
8432 0.5
8432 0.5
8432 0.5
8432 0.5
8432 0.5
8432 0.5
8432 0.5
8432 0.5
8432 0.5
8432 0.5
8433 0.5
8433 0.5
8433 0.5
8433 0.5
8433 0.5
8433 0.5
8433 0.5
8433 0.5
8433 0.5
8433 0.5
8433 0.5
8433 0.5
8433 0.5
8433 0.5
8434 0.5
8434 0.5
8434 0.5
8434 0.5
8434 0.5
8434 0.5
8434 0.5
8434 0.5
8434 0.5
8434 0.5
8434 0.5
8434 0.5
8434 0.5
8434 0.5
8435 0.5
8435 0.5
8435 0.5
8435 0.5
8435 0.5
8435 0.5
8435 0.5
8435 0.5
8435 0.5
8435 0.5
8435 0.5
8435 0.5
8435 0.5
8435 0.5
8436 0.5
8436 0.5
8436 0.5
8436 0.5
8436 0.5
8436 0.5
8436 0.5
8436 0.5
8436 0.5
8436 0.5
8436 0.5
8436 0.5
8436 0.5
8436 0.5
8437 0.5
8437 0.5
8437 0.5
8437 0.5
8437 0.5
8437 0.5
8437 0.5
8437 0.5
8437 0.5
8437 0.5
8437 0.5
8437 0.5
8437 0.5
8437 0.5
8438 0.5
8438 0.5
8438 0.5
8438 0.5
8438 0.5
8438 0.5
8438 0.5
8438 0.5
8438 0.5
8438 0.5
8438 0.5
8438 0.5
8438 0.5
8438 0.5
8473 0.5
8473 0.5
8473 0.5
8473 0.5
8473 0.5
8473 0.5
8473 0.5
8473 0.5
8473 0.5
8473 0.5
8473 0.5
8473 0.5
8473 0.5
8473 0.5
8474 0.5
8474 0.5
8474 0.5
8474 0.5
8474 0.5
8474 0.5
8474 0.5
8474 0.5
8474 0.5
8474 0.05
8474 0.05
8474 0.05
8474 0.05
8474 0.05
8475 0.5
8475 0.5
8475 0.5
8475 0.5
8475 0.5
8475 0.5
8475 0.5
8475 0.5
8475 0.5
8475 0.05
8475 0.05
8475 0.05
8475 0.05
8475 0.05
8476 0.5
8476 0.5
8476 0.5
8476 0.5
8476 0.5
8476 0.5
8476 0.5
8476 0.5
8476 0.5
8476 0.05
8476 0.05
8476 0.05
8476 0.05
8476 0.05
8477 0.5
8477 0.5
8477 0.5
8477 0.5
8477 0.5
8477 0.5
8477 0.5
8477 0.5
8477 0.5
8477 0.05
8477 0.05
8477 0.05
8477 0.05
8477 0.05
8478 0.5
8478 0.5
8478 0.5
8478 0.5
8478 0.5
8478 0.5
8478 0.5
8478 0.5
8478 0.5
8478 0.5
8478 0.5
8478 0.5
8478 0.5
8478 0.5
8479 0.5
8479 0.5
8479 0.5
8479 0.5
8479 0.5
8479 0.5
8479 0.5
8479 0.5
8479 0.5
8479 0.5
8479 0.5
8479 0.5
8479 0.5
8479 0.5
8480 0.5
8480 0.5
8480 0.5
8480 0.5
8480 0.5
8480 0.5
8480 0.5
8480 0.5
8480 0.5
8480 0.5
8480 0.5
8480 0.5
8480 0.5
8480 0.5
8481 0.5
8481 0.5
8481 0.5
8481 0.5
8481 0.5
8481 0.5
8481 0.5
8481 0.5
8481 0.5
8481 0.5
8481 0.5
8481 0.5
8481 0.5
8481 0.5
8485 0.5
8485 0.5
8485 0.5
8485 0.5
8485 0.5
8485 0.5
8485 0.5
8485 0.5
8485 0.5
8485 0.5
8485 0.5
8485 0.5
8485 0.5
8485 0.5
8486 0.5
8486 0.5
8486 0.5
8486 0.5
8486 0.5
8486 0.5
8486 0.5
8486 0.5
8486 0.5
8486 0.5
8486 0.5
8486 0.5
8486 0.5
8486 0.5
8487 0.5
8487 0.5
8487 0.5
8487 0.5
8487 0.5
8487 0.5
8487 0.5
8487 0.5
8487 0.5
8487 0.5
8487 0.5
8487 0.5
8487 0.5
8487 0.5
8488 0.5
8488 0.5
8488 0.5
8488 0.5
8488 0.5
8488 0.5
8488 0.5
8488 0.5
8488 0.5
8488 0.5
8488 0.5
8488 0.5
8488 0.5
8488 0.5
8489 0.5
8489 0.5
8489 0.5
8489 0.5
8489 0.5
8489 0.5
8489 0.5
8489 0.5
8489 0.5
8489 0.5
8489 0.5
8489 0.5
8489 0.5
8489 0.5
8523 0.5
8523 0.5
8523 0.5
8523 0.5
8523 0.5
8523 0.5
8523 0.5
8523 0.5
8523 0.5
8523 0.5
8523 0.5
8523 0.5
8523 0.5
8523 0.5
8524 0.5
8524 0.5
8524 0.5
8524 0.5
8524 0.5
8524 0.5
8524 0.5
8524 0.5
8524 0.5
8524 0.5
8524 0.5
8524 0.5
8524 0.5
8524 0.5
8525 0.5
8525 0.5
8525 0.5
8525 0.5
8525 0.5
8525 0.5
8525 0.5
8525 0.5
8525 0.5
8525 0.05
8525 0.05
8525 0.05
8525 0.05
8525 0.05
8526 0.5
8526 0.5
8526 0.5
8526 0.5
8526 0.5
8526 0.5
8526 0.5
8526 0.5
8526 0.5
8526 0.05
8526 0.05
8526 0.05
8526 0.05
8526 0.05
8527 0.5
8527 0.5
8527 0.5
8527 0.5
8527 0.5
8527 0.5
8527 0.5
8527 0.5
8527 0.5
8527 0.05
8527 0.05
8527 0.05
8527 0.05
8527 0.05
8528 0.5
8528 0.5
8528 0.5
8528 0.5
8528 0.5
8528 0.5
8528 0.5
8528 0.5
8528 0.5
8528 0.05
8528 0.05
8528 0.05
8528 0.05
8528 0.05
8529 0.5
8529 0.5
8529 0.5
8529 0.5
8529 0.5
8529 0.5
8529 0.5
8529 0.5
8529 0.5
8529 0.05
8529 0.05
8529 0.05
8529 0.05
8529 0.05
8530 0.5
8530 0.5
8530 0.5
8530 0.5
8530 0.5
8530 0.5
8530 0.5
8530 0.5
8530 0.5
8530 0.05
8530 0.05
8530 0.05
8530 0.05
8530 0.05
8531 0.5
8531 0.5
8531 0.5
8531 0.5
8531 0.5
8531 0.5
8531 0.5
8531 0.5
8531 0.5
8531 0.5
8531 0.5
8531 0.5
8531 0.5
8531 0.5
8532 0.5
8532 0.5
8532 0.5
8532 0.5
8532 0.5
8532 0.5
8532 0.5
8532 0.5
8532 0.5
8532 0.5
8532 0.5
8532 0.5
8532 0.5
8532 0.5
8533 0.5
8533 0.5
8533 0.5
8533 0.5
8533 0.5
8533 0.5
8533 0.5
8533 0.5
8533 0.5
8533 0.5
8533 0.5
8533 0.5
8533 0.5
8533 0.5
8573 0.5
8573 0.5
8573 0.5
8573 0.5
8573 0.5
8573 0.5
8573 0.5
8573 0.5
8573 0.5
8573 0.5
8573 0.5
8573 0.5
8573 0.5
8573 0.5
8574 0.5
8574 0.5
8574 0.5
8574 0.5
8574 0.5
8574 0.5
8574 0.5
8574 0.5
8574 0.5
8574 0.05
8574 0.05
8574 0.05
8574 0.05
8574 0.05
8575 0.5
8575 0.5
8575 0.5
8575 0.5
8575 0.5
8575 0.5
8575 0.5
8575 0.5
8575 0.5
8575 0.05
8575 0.05
8575 0.05
8575 0.05
8575 0.05
8576 0.5
8576 0.5
8576 0.5
8576 0.5
8576 0.5
8576 0.5
8576 0.5
8576 0.5
8576 0.5
8576 0.05
8576 0.05
8576 0.05
8576 0.05
8576 0.05
8577 0.5
8577 0.5
8577 0.5
8577 0.5
8577 0.5
8577 0.5
8577 0.5
8577 0.5
8577 0.5
8577 0.05
8577 0.05
8577 0.05
8577 0.05
8577 0.05
8578 0.5
8578 0.5
8578 0.5
8578 0.5
8578 0.5
8578 0.5
8578 0.5
8578 0.5
8578 0.5
8578 0.05
8578 0.05
8578 0.05
8578 0.05
8578 0.05
8579 0.5
8579 0.5
8579 0.5
8579 0.5
8579 0.5
8579 0.5
8579 0.5
8579 0.5
8579 0.5
8579 0.05
8579 0.05
8579 0.05
8579 0.05
8579 0.05
8580 0.5
8580 0.5
8580 0.5
8580 0.5
8580 0.5
8580 0.5
8580 0.5
8580 0.5
8580 0.5
8580 0.05
8580 0.05
8580 0.05
8580 0.05
8580 0.05
8581 0.5
8581 0.5
8581 0.5
8581 0.5
8581 0.5
8581 0.5
8581 0.5
8581 0.5
8581 0.5
8581 0.5
8581 0.5
8581 0.5
8581 0.5
8581 0.5
8582 0.5
8582 0.5
8582 0.5
8582 0.5
8582 0.5
8582 0.5
8582 0.5
8582 0.5
8582 0.5
8582 0.5
8582 0.5
8582 0.5
8582 0.5
8582 0.5
8583 0.5
8583 0.5
8583 0.5
8583 0.5
8583 0.5
8583 0.5
8583 0.5
8583 0.5
8583 0.5
8583 0.5
8583 0.5
8583 0.5
8583 0.5
8583 0.5
8584 0.5
8584 0.5
8584 0.5
8584 0.5
8584 0.5
8584 0.5
8584 0.5
8584 0.5
8584 0.5
8584 0.5
8584 0.5
8584 0.5
8584 0.5
8584 0.5
8624 0.5
8624 0.5
8624 0.5
8624 0.5
8624 0.5
8624 0.5
8624 0.5
8624 0.5
8624 0.5
8624 0.5
8624 0.5
8624 0.5
8624 0.5
8624 0.5
8625 0.5
8625 0.5
8625 0.5
8625 0.5
8625 0.5
8625 0.5
8625 0.5
8625 0.5
8625 0.5
8625 0.05
8625 0.05
8625 0.05
8625 0.05
8625 0.05
8626 0.5
8626 0.5
8626 0.5
8626 0.5
8626 0.5
8626 0.5
8626 0.5
8626 0.5
8626 0.5
8626 0.05
8626 0.05
8626 0.05
8626 0.05
8626 0.05
8627 0.5
8627 0.5
8627 0.5
8627 0.5
8627 0.5
8627 0.5
8627 0.5
8627 0.5
8627 0.5
8627 0.05
8627 0.05
8627 0.05
8627 0.05
8627 0.05
8628 0.5
8628 0.5
8628 0.5
8628 0.5
8628 0.5
8628 0.5
8628 0.5
8628 0.5
8628 0.5
8628 0.05
8628 0.05
8628 0.05
8628 0.05
8628 0.05
8629 0.5
8629 0.5
8629 0.5
8629 0.5
8629 0.5
8629 0.5
8629 0.5
8629 0.5
8629 0.5
8629 0.5
8629 0.5
8629 0.5
8629 0.5
8629 0.5
8630 0.5
8630 0.5
8630 0.5
8630 0.5
8630 0.5
8630 0.5
8630 0.5
8630 0.5
8630 0.5
8630 0.5
8630 0.5
8630 0.5
8630 0.5
8630 0.5
8631 0.5
8631 0.5
8631 0.5
8631 0.5
8631 0.5
8631 0.5
8631 0.5
8631 0.5
8631 0.5
8631 0.5
8631 0.5
8631 0.5
8631 0.5
8631 0.5
8632 0.5
8632 0.5
8632 0.5
8632 0.5
8632 0.5
8632 0.5
8632 0.5
8632 0.5
8632 0.5
8632 0.5
8632 0.5
8632 0.5
8632 0.5
8632 0.5
8633 0.5
8633 0.5
8633 0.5
8633 0.5
8633 0.5
8633 0.5
8633 0.5
8633 0.5
8633 0.5
8633 0.5
8633 0.5
8633 0.5
8633 0.5
8633 0.5
8634 0.5
8634 0.5
8634 0.5
8634 0.5
8634 0.5
8634 0.5
8634 0.5
8634 0.5
8634 0.5
8634 0.5
8634 0.5
8634 0.5
8634 0.5
8634 0.5
8677 0.5
8677 0.5
8677 0.5
8677 0.5
8677 0.5
8677 0.5
8677 0.5
8677 0.5
8677 0.5
8677 0.5
8677 0.5
8677 0.5
8677 0.5
8677 0.5
8678 0.5
8678 0.5
8678 0.5
8678 0.5
8678 0.5
8678 0.5
8678 0.5
8678 0.5
8678 0.5
8678 0.05
8678 0.05
8678 0.05
8678 0.05
8678 0.05
8679 0.5
8679 0.5
8679 0.5
8679 0.5
8679 0.5
8679 0.5
8679 0.5
8679 0.5
8679 0.5
8679 0.05
8679 0.05
8679 0.05
8679 0.05
8679 0.05
8680 0.5
8680 0.5
8680 0.5
8680 0.5
8680 0.5
8680 0.5
8680 0.5
8680 0.5
8680 0.5
8680 0.05
8680 0.05
8680 0.05
8680 0.05
8680 0.05
8681 0.5
8681 0.5
8681 0.5
8681 0.5
8681 0.5
8681 0.5
8681 0.5
8681 0.5
8681 0.5
8681 0.05
8681 0.05
8681 0.05
8681 0.05
8681 0.05
8682 0.5
8682 0.5
8682 0.5
8682 0.5
8682 0.5
8682 0.5
8682 0.5
8682 0.5
8682 0.5
8682 0.05
8682 0.05
8682 0.05
8682 0.05
8682 0.05
8683 0.5
8683 0.5
8683 0.5
8683 0.5
8683 0.5
8683 0.5
8683 0.5
8683 0.5
8683 0.5
8683 0.5
8683 0.5
8683 0.5
8683 0.5
8683 0.5
8684 0.5
8684 0.5
8684 0.5
8684 0.5
8684 0.5
8684 0.5
8684 0.5
8684 0.5
8684 0.5
8684 0.5
8684 0.5
8684 0.5
8684 0.5
8684 0.5
8685 0.5
8685 0.5
8685 0.5
8685 0.5
8685 0.5
8685 0.5
8685 0.5
8685 0.5
8685 0.5
8685 0.5
8685 0.5
8685 0.5
8685 0.5
8685 0.5
8686 0.5
8686 0.5
8686 0.5
8686 0.5
8686 0.5
8686 0.5
8686 0.5
8686 0.5
8686 0.5
8686 0.5
8686 0.5
8686 0.5
8686 0.5
8686 0.5
8687 0.5
8687 0.5
8687 0.5
8687 0.5
8687 0.5
8687 0.5
8687 0.5
8687 0.5
8687 0.5
8687 0.5
8687 0.5
8687 0.5
8687 0.5
8687 0.5
8688 0.5
8688 0.5
8688 0.5
8688 0.5
8688 0.5
8688 0.5
8688 0.5
8688 0.5
8688 0.5
8688 0.5
8688 0.5
8688 0.5
8688 0.5
8688 0.5
8729 0.5
8729 0.5
8729 0.5
8729 0.5
8729 0.5
8729 0.5
8729 0.5
8729 0.5
8729 0.5
8729 0.5
8729 0.5
8729 0.5
8729 0.5
8729 0.5
8730 0.5
8730 0.5
8730 0.5
8730 0.5
8730 0.5
8730 0.5
8730 0.5
8730 0.5
8730 0.5
8730 0.05
8730 0.05
8730 0.05
8730 0.05
8730 0.05
8731 0.5
8731 0.5
8731 0.5
8731 0.5
8731 0.5
8731 0.5
8731 0.5
8731 0.5
8731 0.5
8731 0.05
8731 0.05
8731 0.05
8731 0.05
8731 0.05
8732 0.5
8732 0.5
8732 0.5
8732 0.5
8732 0.5
8732 0.5
8732 0.5
8732 0.5
8732 0.5
8732 0.05
8732 0.05
8732 0.05
8732 0.05
8732 0.05
8733 0.5
8733 0.5
8733 0.5
8733 0.5
8733 0.5
8733 0.5
8733 0.5
8733 0.5
8733 0.5
8733 0.05
8733 0.05
8733 0.05
8733 0.05
8733 0.05
8734 0.5
8734 0.5
8734 0.5
8734 0.5
8734 0.5
8734 0.5
8734 0.5
8734 0.5
8734 0.5
8734 0.5
8734 0.5
8734 0.5
8734 0.5
8734 0.5
8735 0.5
8735 0.5
8735 0.5
8735 0.5
8735 0.5
8735 0.5
8735 0.5
8735 0.5
8735 0.5
8735 0.5
8735 0.5
8735 0.5
8735 0.5
8735 0.5
8736 0.5
8736 0.5
8736 0.5
8736 0.5
8736 0.5
8736 0.5
8736 0.5
8736 0.5
8736 0.5
8736 0.5
8736 0.5
8736 0.5
8736 0.5
8736 0.5
8737 0.5
8737 0.5
8737 0.5
8737 0.5
8737 0.5
8737 0.5
8737 0.5
8737 0.5
8737 0.5
8737 0.5
8737 0.5
8737 0.5
8737 0.5
8737 0.5
8738 0.5
8738 0.5
8738 0.5
8738 0.5
8738 0.5
8738 0.5
8738 0.5
8738 0.5
8738 0.5
8738 0.5
8738 0.5
8738 0.5
8738 0.5
8738 0.5
8739 0.5
8739 0.5
8739 0.5
8739 0.5
8739 0.5
8739 0.5
8739 0.5
8739 0.5
8739 0.5
8739 0.5
8739 0.5
8739 0.5
8739 0.5
8739 0.5
8781 0.5
8781 0.5
8781 0.5
8781 0.5
8781 0.5
8781 0.5
8781 0.5
8781 0.5
8781 0.5
8781 0.5
8781 0.5
8781 0.5
8781 0.5
8781 0.5
8782 0.5
8782 0.5
8782 0.5
8782 0.5
8782 0.5
8782 0.5
8782 0.5
8782 0.5
8782 0.5
8782 0.05
8782 0.05
8782 0.05
8782 0.05
8782 0.05
8783 0.5
8783 0.5
8783 0.5
8783 0.5
8783 0.5
8783 0.5
8783 0.5
8783 0.5
8783 0.5
8783 0.05
8783 0.05
8783 0.05
8783 0.05
8783 0.05
8784 0.5
8784 0.5
8784 0.5
8784 0.5
8784 0.5
8784 0.5
8784 0.5
8784 0.5
8784 0.5
8784 0.05
8784 0.05
8784 0.05
8784 0.05
8784 0.05
8785 0.5
8785 0.5
8785 0.5
8785 0.5
8785 0.5
8785 0.5
8785 0.5
8785 0.5
8785 0.5
8785 0.05
8785 0.05
8785 0.05
8785 0.05
8785 0.05
8786 0.5
8786 0.5
8786 0.5
8786 0.5
8786 0.5
8786 0.5
8786 0.5
8786 0.5
8786 0.5
8786 0.05
8786 0.05
8786 0.05
8786 0.05
8786 0.05
8787 0.5
8787 0.5
8787 0.5
8787 0.5
8787 0.5
8787 0.5
8787 0.5
8787 0.5
8787 0.5
8787 0.5
8787 0.5
8787 0.5
8787 0.5
8787 0.5
8788 0.5
8788 0.5
8788 0.5
8788 0.5
8788 0.5
8788 0.5
8788 0.5
8788 0.5
8788 0.5
8788 0.5
8788 0.5
8788 0.5
8788 0.5
8788 0.5
8789 0.5
8789 0.5
8789 0.5
8789 0.5
8789 0.5
8789 0.5
8789 0.5
8789 0.5
8789 0.5
8789 0.5
8789 0.5
8789 0.5
8789 0.5
8789 0.5
8790 0.5
8790 0.5
8790 0.5
8790 0.5
8790 0.5
8790 0.5
8790 0.5
8790 0.5
8790 0.5
8790 0.5
8790 0.5
8790 0.5
8790 0.5
8790 0.5
8791 0.5
8791 0.5
8791 0.5
8791 0.5
8791 0.5
8791 0.5
8791 0.5
8791 0.5
8791 0.5
8791 0.5
8791 0.5
8791 0.5
8791 0.5
8791 0.5
8834 0.5
8834 0.5
8834 0.5
8834 0.5
8834 0.5
8834 0.5
8834 0.5
8834 0.5
8834 0.5
8834 0.5
8834 0.5
8834 0.5
8834 0.5
8834 0.5
8835 0.5
8835 0.5
8835 0.5
8835 0.5
8835 0.5
8835 0.5
8835 0.5
8835 0.5
8835 0.5
8835 0.05
8835 0.05
8835 0.05
8835 0.05
8835 0.05
8836 0.5
8836 0.5
8836 0.5
8836 0.5
8836 0.5
8836 0.5
8836 0.5
8836 0.5
8836 0.5
8836 0.05
8836 0.05
8836 0.05
8836 0.05
8836 0.05
8837 0.5
8837 0.5
8837 0.5
8837 0.5
8837 0.5
8837 0.5
8837 0.5
8837 0.5
8837 0.5
8837 0.05
8837 0.05
8837 0.05
8837 0.05
8837 0.05
8838 0.5
8838 0.5
8838 0.5
8838 0.5
8838 0.5
8838 0.5
8838 0.5
8838 0.5
8838 0.5
8838 0.05
8838 0.05
8838 0.05
8838 0.05
8838 0.05
8839 0.5
8839 0.5
8839 0.5
8839 0.5
8839 0.5
8839 0.5
8839 0.5
8839 0.5
8839 0.5
8839 0.05
8839 0.05
8839 0.05
8839 0.05
8839 0.05
8840 0.5
8840 0.5
8840 0.5
8840 0.5
8840 0.5
8840 0.5
8840 0.5
8840 0.5
8840 0.5
8840 0.5
8840 0.5
8840 0.5
8840 0.5
8840 0.5
8841 0.5
8841 0.5
8841 0.5
8841 0.5
8841 0.5
8841 0.5
8841 0.5
8841 0.5
8841 0.5
8841 0.5
8841 0.5
8841 0.5
8841 0.5
8841 0.5
8842 0.5
8842 0.5
8842 0.5
8842 0.5
8842 0.5
8842 0.5
8842 0.5
8842 0.5
8842 0.5
8842 0.5
8842 0.5
8842 0.5
8842 0.5
8842 0.5
8843 0.5
8843 0.5
8843 0.5
8843 0.5
8843 0.5
8843 0.5
8843 0.5
8843 0.5
8843 0.5
8843 0.5
8843 0.5
8843 0.5
8843 0.5
8843 0.5
8887 0.5
8887 0.5
8887 0.5
8887 0.5
8887 0.5
8887 0.5
8887 0.5
8887 0.5
8887 0.5
8887 0.5
8887 0.5
8887 0.5
8887 0.5
8887 0.5
8888 0.5
8888 0.5
8888 0.5
8888 0.5
8888 0.5
8888 0.5
8888 0.5
8888 0.5
8888 0.5
8888 0.05
8888 0.05
8888 0.05
8888 0.05
8888 0.05
8889 0.5
8889 0.5
8889 0.5
8889 0.5
8889 0.5
8889 0.5
8889 0.5
8889 0.5
8889 0.5
8889 0.05
8889 0.05
8889 0.05
8889 0.05
8889 0.05
8890 0.5
8890 0.5
8890 0.5
8890 0.5
8890 0.5
8890 0.5
8890 0.5
8890 0.5
8890 0.5
8890 0.05
8890 0.05
8890 0.05
8890 0.05
8890 0.05
8891 0.5
8891 0.5
8891 0.5
8891 0.5
8891 0.5
8891 0.5
8891 0.5
8891 0.5
8891 0.5
8891 0.05
8891 0.05
8891 0.05
8891 0.05
8891 0.05
8892 0.5
8892 0.5
8892 0.5
8892 0.5
8892 0.5
8892 0.5
8892 0.5
8892 0.5
8892 0.5
8892 0.5
8892 0.5
8892 0.5
8892 0.5
8892 0.5
8893 0.5
8893 0.5
8893 0.5
8893 0.5
8893 0.5
8893 0.5
8893 0.5
8893 0.5
8893 0.5
8893 0.5
8893 0.5
8893 0.5
8893 0.5
8893 0.5
8894 0.5
8894 0.5
8894 0.5
8894 0.5
8894 0.5
8894 0.5
8894 0.5
8894 0.5
8894 0.5
8894 0.5
8894 0.5
8894 0.5
8894 0.5
8894 0.5
8895 0.5
8895 0.5
8895 0.5
8895 0.5
8895 0.5
8895 0.5
8895 0.5
8895 0.5
8895 0.5
8895 0.5
8895 0.5
8895 0.5
8895 0.5
8895 0.5
8940 0.5
8940 0.5
8940 0.5
8940 0.5
8940 0.5
8940 0.5
8940 0.5
8940 0.5
8940 0.5
8940 0.5
8940 0.5
8940 0.5
8940 0.5
8940 0.5
8941 0.5
8941 0.5
8941 0.5
8941 0.5
8941 0.5
8941 0.5
8941 0.5
8941 0.5
8941 0.5
8941 0.5
8941 0.5
8941 0.5
8941 0.5
8941 0.5
8942 0.5
8942 0.5
8942 0.5
8942 0.5
8942 0.5
8942 0.5
8942 0.5
8942 0.5
8942 0.5
8942 0.05
8942 0.05
8942 0.05
8942 0.05
8942 0.05
8943 0.5
8943 0.5
8943 0.5
8943 0.5
8943 0.5
8943 0.5
8943 0.5
8943 0.5
8943 0.5
8943 0.5
8943 0.5
8943 0.5
8943 0.5
8943 0.5
8944 0.5
8944 0.5
8944 0.5
8944 0.5
8944 0.5
8944 0.5
8944 0.5
8944 0.5
8944 0.5
8944 0.5
8944 0.5
8944 0.5
8944 0.5
8944 0.5
8945 0.5
8945 0.5
8945 0.5
8945 0.5
8945 0.5
8945 0.5
8945 0.5
8945 0.5
8945 0.5
8945 0.5
8945 0.5
8945 0.5
8945 0.5
8945 0.5
8946 0.5
8946 0.5
8946 0.5
8946 0.5
8946 0.5
8946 0.5
8946 0.5
8946 0.5
8946 0.5
8946 0.5
8946 0.5
8946 0.5
8946 0.5
8946 0.5
8993 0.5
8993 0.5
8993 0.5
8993 0.5
8993 0.5
8993 0.5
8993 0.5
8993 0.5
8993 0.5
8993 0.5
8993 0.5
8993 0.5
8993 0.5
8993 0.5
8994 0.5
8994 0.5
8994 0.5
8994 0.5
8994 0.5
8994 0.5
8994 0.5
8994 0.5
8994 0.5
8994 0.5
8994 0.5
8994 0.5
8994 0.5
8994 0.5
8995 0.5
8995 0.5
8995 0.5
8995 0.5
8995 0.5
8995 0.5
8995 0.5
8995 0.5
8995 0.5
8995 0.5
8995 0.5
8995 0.5
8995 0.5
8995 0.5
8996 0.5
8996 0.5
8996 0.5
8996 0.5
8996 0.5
8996 0.5
8996 0.5
8996 0.5
8996 0.5
8996 0.5
8996 0.5
8996 0.5
8996 0.5
8996 0.5
8997 0.5
8997 0.5
8997 0.5
8997 0.5
8997 0.5
8997 0.5
8997 0.5
8997 0.5
8997 0.5
8997 0.5
8997 0.5
8997 0.5
8997 0.5
8997 0.5
9046 0.5
9046 0.5
9046 0.5
9046 0.5
9046 0.5
9046 0.5
9046 0.5
9046 0.5
9046 0.5
9046 0.5
9046 0.5
9046 0.5
9046 0.5
9046 0.5
9047 0.5
9047 0.5
9047 0.5
9047 0.5
9047 0.5
9047 0.5
9047 0.5
9047 0.5
9047 0.5
9047 0.5
9047 0.5
9047 0.5
9047 0.5
9047 0.5
9679 0.1
9679 0.1
9679 0.1
9679 0.1
9679 0.1
9679 0.1
9679 0.5
9679 0.5
9679 0.5
9679 0.5
9679 0.5
9679 0.5
9679 0.5
9679 0.5
9800 0.1
9800 0.1
9800 0.1
9800 0.1
9800 0.1
9800 0.1
9800 0.5
9800 0.5
9800 0.5
9800 0.5
9800 0.5
9800 0.5
9800 0.5
9800 0.5
9801 0.1
9801 0.1
9801 0.1
9801 0.1
9801 0.1
9801 0.1
9801 0.5
9801 0.5
9801 0.5
9801 0.5
9801 0.5
9801 0.5
9801 0.5
9801 0.5
9920 0.1
9920 0.1
9920 0.1
9920 0.1
9920 0.1
9920 0.1
9920 0.5
9920 0.5
9920 0.5
9920 0.5
9920 0.5
9920 0.5
9920 0.5
9920 0.5
9945 0.1
9945 0.1
9945 0.1
9945 0.1
9945 0.1
9945 0.1
9945 0.5
9945 0.5
9945 0.5
9945 0.5
9945 0.5
9945 0.5
9945 0.5
9945 0.5
9962 0.1
9962 0.1
9962 0.1
9962 0.1
9962 0.1
9962 0.1
9962 0.5
9962 0.5
9962 0.5
9962 0.5
9962 0.5
9962 0.5
9962 0.5
9962 0.5
10112 0.5
10112 0.5
10112 0.5
10112 0.5
10112 0.5
10112 0.5
10112 0.05
10112 0.05
10112 0.05
10112 0.5
10112 0.5
10112 0.5
10112 0.5
10112 0.5
10144 0.5
10144 0.5
10144 0.5
10144 0.5
10144 0.5
10144 0.5
10144 0.1
10144 0.1
10144 0.1
10144 0.5
10144 0.5
10144 0.5
10144 0.5
10144 0.5
10288 0.1
10288 0.1
10288 0.1
10288 0.1
10288 0.1
10288 0.1
10288 0.5
10288 0.5
10288 0.5
10288 0.5
10288 0.5
10288 0.5
10288 0.5
10288 0.5
10332 0.1
10332 0.1
10332 0.1
10332 0.1
10332 0.1
10332 0.1
10332 0.5
10332 0.5
10332 0.5
10332 0.5
10332 0.5
10332 0.5
10332 0.5
10332 0.5
10374 0.1
10374 0.1
10374 0.1
10374 0.1
10374 0.1
10374 0.1
10374 0.5
10374 0.5
10374 0.5
10374 0.5
10374 0.5
10374 0.5
10374 0.5
10374 0.5
10489 0.1
10489 0.1
10489 0.1
10489 0.1
10489 0.1
10489 0.1
10489 0.5
10489 0.5
10489 0.5
10489 0.5
10489 0.5
10489 0.5
10489 0.5
10489 0.5
10511 0.05
10511 0.05
10511 0.05
10511 0.05
10511 0.05
10511 0.05
10511 0.5
10511 0.5
10511 0.5
10511 0.5
10511 0.5
10511 0.5
10511 0.5
10511 0.5
10516 0.05
10516 0.05
10516 0.05
10516 0.05
10516 0.05
10516 0.05
10516 0.5
10516 0.5
10516 0.5
10516 0.5
10516 0.5
10516 0.5
10516 0.5
10516 0.5
10517 0.05
10517 0.05
10517 0.05
10517 0.05
10517 0.05
10517 0.05
10517 0.5
10517 0.5
10517 0.5
10517 0.5
10517 0.5
10517 0.5
10517 0.5
10517 0.5
10526 0.1
10526 0.1
10526 0.1
10526 0.1
10526 0.1
10526 0.1
10526 0.5
10526 0.5
10526 0.5
10526 0.5
10526 0.5
10526 0.5
10526 0.5
10526 0.5
10528 0.05
10528 0.05
10528 0.05
10528 0.05
10528 0.05
10528 0.05
10528 0.5
10528 0.5
10528 0.5
10528 0.5
10528 0.5
10528 0.5
10528 0.5
10528 0.5
10530 0.05
10530 0.05
10530 0.05
10530 0.05
10530 0.05
10530 0.05
10530 0.5
10530 0.5
10530 0.5
10530 0.5
10530 0.5
10530 0.5
10530 0.5
10530 0.5
10531 0.05
10531 0.05
10531 0.05
10531 0.05
10531 0.05
10531 0.05
10531 0.5
10531 0.5
10531 0.5
10531 0.5
10531 0.5
10531 0.5
10531 0.5
10531 0.5
10538 0.1
10538 0.1
10538 0.1
10538 0.1
10538 0.1
10538 0.1
10538 0.5
10538 0.5
10538 0.5
10538 0.5
10538 0.5
10538 0.5
10538 0.5
10538 0.5
10540 0.1
10540 0.1
10540 0.1
10540 0.1
10540 0.1
10540 0.1
10540 0.5
10540 0.5
10540 0.5
10540 0.5
10540 0.5
10540 0.5
10540 0.5
10540 0.5
10732 0.1
10732 0.1
10732 0.1
10732 0.1
10732 0.1
10732 0.1
10732 0.5
10732 0.5
10732 0.5
10732 0.5
10732 0.5
10732 0.5
10732 0.5
10732 0.5
10733 0.1
10733 0.1
10733 0.1
10733 0.1
10733 0.1
10733 0.1
10733 0.5
10733 0.5
10733 0.5
10733 0.5
10733 0.5
10733 0.5
10733 0.5
10733 0.5
10833 0.1
10833 0.1
10833 0.1
10833 0.1
10833 0.1
10833 0.1
10833 0.5
10833 0.5
10833 0.5
10833 0.5
10833 0.5
10833 0.5
10833 0.5
10833 0.5
10837 0.1
10837 0.1
10837 0.1
10837 0.1
10837 0.1
10837 0.1
10837 0.5
10837 0.5
10837 0.5
10837 0.5
10837 0.5
10837 0.5
10837 0.5
10837 0.5
10838 0.1
10838 0.1
10838 0.1
10838 0.1
10838 0.1
10838 0.1
10838 0.5
10838 0.5
10838 0.5
10838 0.5
10838 0.5
10838 0.5
10838 0.5
10838 0.5
10842 0.1
10842 0.1
10842 0.1
10842 0.1
10842 0.1
10842 0.1
10842 0.5
10842 0.5
10842 0.5
10842 0.5
10842 0.5
10842 0.5
10842 0.5
10842 0.5
10843 0.1
10843 0.1
10843 0.1
10843 0.1
10843 0.1
10843 0.1
10843 0.5
10843 0.5
10843 0.5
10843 0.5
10843 0.5
10843 0.5
10843 0.5
10843 0.5
10854 0.5
10854 0.5
10854 0.5
10854 0.5
10854 0.5
10854 0.5
10854 0.1
10854 0.1
10854 0.1
10854 0.5
10854 0.5
10854 0.5
10854 0.5
10854 0.5
10855 0.5
10855 0.5
10855 0.5
10855 0.5
10855 0.5
10855 0.5
10855 0.1
10855 0.1
10855 0.1
10855 0.5
10855 0.5
10855 0.5
10855 0.5
10855 0.5
10894 0.1
10894 0.1
10894 0.1
10894 0.1
10894 0.1
10894 0.1
10894 0.5
10894 0.5
10894 0.5
10894 0.5
10894 0.5
10894 0.5
10894 0.5
10894 0.5
10896 0.1
10896 0.1
10896 0.1
10896 0.1
10896 0.1
10896 0.1
10896 0.5
10896 0.5
10896 0.5
10896 0.5
10896 0.5
10896 0.5
10896 0.5
10896 0.5
10947 0.1
10947 0.1
10947 0.1
10947 0.1
10947 0.1
10947 0.1
10947 0.5
10947 0.5
10947 0.5
10947 0.5
10947 0.5
10947 0.5
10947 0.5
10947 0.5
