pt_graph coeff
1813 0.5
1813 0.5
1813 0.5
1813 0.5
1813 0.5
1813 0.5
1813 0.5
1813 0.5
1813 0.5
1813 0.5
1813 0.5
1813 0.5
1813 0.5
1813 0.5
1890 0.5
1890 0.5
1890 0.5
1890 0.5
1890 0.1
1890 0.1
1890 0.1
1890 0.1
1890 0.1
1890 0.1
1890 0.1
1890 0.5
1890 0.5
1890 0.5
1891 0.5
1891 0.5
1891 0.5
1891 0.5
1891 0.1
1891 0.1
1891 0.1
1891 0.1
1891 0.1
1891 0.1
1891 0.1
1891 0.5
1891 0.5
1891 0.5
1892 0.5
1892 0.5
1892 0.5
1892 0.5
1892 0.5
1892 0.5
1892 0.5
1892 0.5
1892 0.5
1892 0.5
1892 0.5
1892 0.5
1892 0.5
1892 0.5
1893 0.5
1893 0.5
1893 0.5
1893 0.5
1893 0.5
1893 0.5
1893 0.5
1893 0.5
1893 0.5
1893 0.5
1893 0.5
1893 0.5
1893 0.5
1893 0.5
1894 0.5
1894 0.5
1894 0.5
1894 0.5
1894 0.5
1894 0.5
1894 0.5
1894 0.5
1894 0.5
1894 0.5
1894 0.5
1894 0.5
1894 0.5
1894 0.5
1895 0.5
1895 0.5
1895 0.5
1895 0.5
1895 0.5
1895 0.5
1895 0.5
1895 0.5
1895 0.5
1895 0.5
1895 0.5
1895 0.5
1895 0.5
1895 0.5
1896 0.5
1896 0.5
1896 0.5
1896 0.5
1896 0.5
1896 0.5
1896 0.5
1896 0.5
1896 0.5
1896 0.5
1896 0.5
1896 0.5
1896 0.5
1896 0.5
1969 0.5
1969 0.5
1969 0.5
1969 0.5
1969 0.5
1969 0.5
1969 0.5
1969 0.5
1969 0.5
1969 0.5
1969 0.5
1969 0.5
1969 0.5
1969 0.5
1970 0.5
1970 0.5
1970 0.5
1970 0.5
1970 0.1
1970 0.1
1970 0.1
1970 0.1
1970 0.1
1970 0.1
1970 0.1
1970 0.5
1970 0.5
1970 0.5
1971 0.5
1971 0.5
1971 0.5
1971 0.5
1971 0.1
1971 0.1
1971 0.1
1971 0.1
1971 0.1
1971 0.1
1971 0.1
1971 0.5
1971 0.5
1971 0.5
1972 0.5
1972 0.5
1972 0.5
1972 0.5
1972 0.1
1972 0.1
1972 0.1
1972 0.1
1972 0.1
1972 0.1
1972 0.1
1972 0.5
1972 0.5
1972 0.5
1973 0.5
1973 0.5
1973 0.5
1973 0.5
1973 0.1
1973 0.1
1973 0.1
1973 0.1
1973 0.1
1973 0.1
1973 0.1
1973 0.5
1973 0.5
1973 0.5
1974 0.5
1974 0.5
1974 0.5
1974 0.5
1974 0.1
1974 0.1
1974 0.1
1974 0.1
1974 0.1
1974 0.1
1974 0.1
1974 0.5
1974 0.5
1974 0.5
1975 0.5
1975 0.5
1975 0.5
1975 0.5
1975 0.1
1975 0.1
1975 0.1
1975 0.1
1975 0.1
1975 0.1
1975 0.1
1975 0.5
1975 0.5
1975 0.5
1976 0.5
1976 0.5
1976 0.5
1976 0.5
1976 0.5
1976 0.5
1976 0.5
1976 0.5
1976 0.5
1976 0.5
1976 0.5
1976 0.5
1976 0.5
1976 0.5
1977 0.5
1977 0.5
1977 0.5
1977 0.5
1977 0.5
1977 0.5
1977 0.5
1977 0.5
1977 0.5
1977 0.5
1977 0.5
1977 0.5
1977 0.5
1977 0.5
2051 0.5
2051 0.5
2051 0.5
2051 0.5
2051 0.1
2051 0.1
2051 0.1
2051 0.1
2051 0.1
2051 0.1
2051 0.1
2051 0.5
2051 0.5
2051 0.5
2052 0.5
2052 0.5
2052 0.5
2052 0.5
2052 0.05
2052 0.05
2052 0.05
2052 0.05
2052 0.05
2052 0.05
2052 0.05
2052 0.5
2052 0.5
2052 0.5
2053 0.5
2053 0.5
2053 0.5
2053 0.5
2053 0.05
2053 0.05
2053 0.05
2053 0.05
2053 0.05
2053 0.05
2053 0.05
2053 0.5
2053 0.5
2053 0.5
2054 0.5
2054 0.5
2054 0.5
2054 0.5
2054 0.1
2054 0.1
2054 0.1
2054 0.1
2054 0.1
2054 0.1
2054 0.1
2054 0.5
2054 0.5
2054 0.5
2055 0.5
2055 0.5
2055 0.5
2055 0.5
2055 0.1
2055 0.1
2055 0.1
2055 0.1
2055 0.1
2055 0.1
2055 0.1
2055 0.5
2055 0.5
2055 0.5
2056 0.5
2056 0.5
2056 0.5
2056 0.5
2056 0.1
2056 0.1
2056 0.1
2056 0.1
2056 0.1
2056 0.1
2056 0.1
2056 0.5
2056 0.5
2056 0.5
2057 0.5
2057 0.5
2057 0.5
2057 0.5
2057 0.1
2057 0.1
2057 0.1
2057 0.1
2057 0.1
2057 0.1
2057 0.1
2057 0.5
2057 0.5
2057 0.5
2058 0.5
2058 0.5
2058 0.5
2058 0.5
2058 0.1
2058 0.1
2058 0.1
2058 0.1
2058 0.1
2058 0.1
2058 0.1
2058 0.5
2058 0.5
2058 0.5
2059 0.5
2059 0.5
2059 0.5
2059 0.5
2059 0.5
2059 0.5
2059 0.5
2059 0.5
2059 0.5
2059 0.5
2059 0.5
2059 0.5
2059 0.5
2059 0.5
2134 0.5
2134 0.5
2134 0.5
2134 0.5
2134 0.05
2134 0.05
2134 0.05
2134 0.05
2134 0.05
2134 0.05
2134 0.05
2134 0.5
2134 0.5
2134 0.5
2135 0.5
2135 0.5
2135 0.5
2135 0.5
2135 0.05
2135 0.05
2135 0.05
2135 0.05
2135 0.05
2135 0.05
2135 0.05
2135 0.5
2135 0.5
2135 0.5
2136 0.5
2136 0.5
2136 0.5
2136 0.5
2136 0.05
2136 0.05
2136 0.05
2136 0.05
2136 0.05
2136 0.05
2136 0.05
2136 0.5
2136 0.5
2136 0.5
2137 0.5
2137 0.5
2137 0.5
2137 0.5
2137 0.1
2137 0.1
2137 0.1
2137 0.1
2137 0.1
2137 0.1
2137 0.1
2137 0.5
2137 0.5
2137 0.5
2138 0.5
2138 0.5
2138 0.5
2138 0.5
2138 0.1
2138 0.1
2138 0.1
2138 0.1
2138 0.1
2138 0.1
2138 0.1
2138 0.5
2138 0.5
2138 0.5
2139 0.5
2139 0.5
2139 0.5
2139 0.5
2139 0.1
2139 0.1
2139 0.1
2139 0.1
2139 0.1
2139 0.1
2139 0.1
2139 0.5
2139 0.5
2139 0.5
2140 0.5
2140 0.5
2140 0.5
2140 0.5
2140 0.1
2140 0.1
2140 0.1
2140 0.1
2140 0.1
2140 0.1
2140 0.1
2140 0.5
2140 0.5
2140 0.5
2141 0.5
2141 0.5
2141 0.5
2141 0.5
2141 0.1
2141 0.1
2141 0.1
2141 0.1
2141 0.1
2141 0.1
2141 0.1
2141 0.5
2141 0.5
2141 0.5
2142 0.5
2142 0.5
2142 0.5
2142 0.5
2142 0.1
2142 0.1
2142 0.1
2142 0.1
2142 0.1
2142 0.1
2142 0.1
2142 0.5
2142 0.5
2142 0.5
2143 0.5
2143 0.5
2143 0.5
2143 0.5
2143 0.5
2143 0.5
2143 0.5
2143 0.5
2143 0.5
2143 0.5
2143 0.5
2143 0.5
2143 0.5
2143 0.5
2219 0.5
2219 0.5
2219 0.5
2219 0.5
2219 0.05
2219 0.05
2219 0.05
2219 0.05
2219 0.05
2219 0.05
2219 0.05
2219 0.5
2219 0.5
2219 0.5
2220 0.5
2220 0.5
2220 0.5
2220 0.5
2220 0.05
2220 0.05
2220 0.05
2220 0.05
2220 0.05
2220 0.05
2220 0.05
2220 0.5
2220 0.5
2220 0.5
2221 0.5
2221 0.5
2221 0.5
2221 0.5
2221 0.05
2221 0.05
2221 0.05
2221 0.05
2221 0.05
2221 0.05
2221 0.05
2221 0.5
2221 0.5
2221 0.5
2222 0.5
2222 0.5
2222 0.5
2222 0.5
2222 0.05
2222 0.05
2222 0.05
2222 0.05
2222 0.05
2222 0.05
2222 0.05
2222 0.5
2222 0.5
2222 0.5
2223 0.5
2223 0.5
2223 0.5
2223 0.5
2223 0.1
2223 0.1
2223 0.1
2223 0.1
2223 0.1
2223 0.1
2223 0.1
2223 0.5
2223 0.5
2223 0.5
2224 0.5
2224 0.5
2224 0.5
2224 0.5
2224 0.1
2224 0.1
2224 0.1
2224 0.1
2224 0.1
2224 0.1
2224 0.1
2224 0.5
2224 0.5
2224 0.5
2225 0.5
2225 0.5
2225 0.5
2225 0.5
2225 0.1
2225 0.1
2225 0.1
2225 0.1
2225 0.1
2225 0.1
2225 0.1
2225 0.5
2225 0.5
2225 0.5
2226 0.5
2226 0.5
2226 0.5
2226 0.5
2226 0.1
2226 0.1
2226 0.1
2226 0.1
2226 0.1
2226 0.1
2226 0.1
2226 0.5
2226 0.5
2226 0.5
2227 0.5
2227 0.5
2227 0.5
2227 0.5
2227 0.1
2227 0.1
2227 0.1
2227 0.1
2227 0.1
2227 0.1
2227 0.1
2227 0.5
2227 0.5
2227 0.5
2228 0.5
2228 0.5
2228 0.5
2228 0.5
2228 0.5
2228 0.5
2228 0.5
2228 0.5
2228 0.5
2228 0.5
2228 0.5
2228 0.5
2228 0.5
2228 0.5
2303 0.5
2303 0.5
2303 0.5
2303 0.5
2303 0.5
2303 0.5
2303 0.5
2303 0.5
2303 0.5
2303 0.5
2303 0.5
2303 0.5
2303 0.5
2303 0.5
2304 0.5
2304 0.5
2304 0.5
2304 0.5
2304 0.1
2304 0.1
2304 0.1
2304 0.1
2304 0.1
2304 0.1
2304 0.1
2304 0.5
2304 0.5
2304 0.5
2305 0.5
2305 0.5
2305 0.5
2305 0.5
2305 0.05
2305 0.05
2305 0.05
2305 0.05
2305 0.05
2305 0.05
2305 0.05
2305 0.5
2305 0.5
2305 0.5
2306 0.5
2306 0.5
2306 0.5
2306 0.5
2306 0.05
2306 0.05
2306 0.05
2306 0.05
2306 0.05
2306 0.05
2306 0.05
2306 0.5
2306 0.5
2306 0.5
2307 0.5
2307 0.5
2307 0.5
2307 0.5
2307 0.05
2307 0.05
2307 0.05
2307 0.05
2307 0.05
2307 0.05
2307 0.05
2307 0.5
2307 0.5
2307 0.5
2308 0.5
2308 0.5
2308 0.5
2308 0.5
2308 0.05
2308 0.05
2308 0.05
2308 0.05
2308 0.05
2308 0.05
2308 0.05
2308 0.5
2308 0.5
2308 0.5
2309 0.5
2309 0.5
2309 0.5
2309 0.5
2309 0.05
2309 0.05
2309 0.05
2309 0.05
2309 0.05
2309 0.05
2309 0.05
2309 0.5
2309 0.5
2309 0.5
2310 0.5
2310 0.5
2310 0.5
2310 0.5
2310 0.1
2310 0.1
2310 0.1
2310 0.1
2310 0.1
2310 0.1
2310 0.1
2310 0.5
2310 0.5
2310 0.5
2311 0.5
2311 0.5
2311 0.5
2311 0.5
2311 0.1
2311 0.1
2311 0.1
2311 0.1
2311 0.1
2311 0.1
2311 0.1
2311 0.5
2311 0.5
2311 0.5
2312 0.5
2312 0.5
2312 0.5
2312 0.5
2312 0.1
2312 0.1
2312 0.1
2312 0.1
2312 0.1
2312 0.1
2312 0.1
2312 0.5
2312 0.5
2312 0.5
2384 0.5
2384 0.5
2384 0.5
2384 0.5
2384 0.1
2384 0.1
2384 0.1
2384 0.1
2384 0.1
2384 0.1
2384 0.1
2384 0.5
2384 0.5
2384 0.5
2385 0.5
2385 0.5
2385 0.1
2385 0.1
2385 0.05
2385 0.05
2385 0.05
2385 0.05
2385 0.05
2385 0.05
2385 0.05
2385 0.5
2385 0.5
2385 0.5
2386 0.5
2386 0.5
2386 0.1
2386 0.1
2386 0.05
2386 0.05
2386 0.05
2386 0.05
2386 0.05
2386 0.05
2386 0.05
2386 0.5
2386 0.5
2386 0.5
2387 0.5
2387 0.5
2387 0.1
2387 0.1
2387 0.05
2387 0.05
2387 0.05
2387 0.05
2387 0.05
2387 0.05
2387 0.05
2387 0.5
2387 0.5
2387 0.5
2388 0.5
2388 0.5
2388 0.5
2388 0.5
2388 0.05
2388 0.05
2388 0.05
2388 0.05
2388 0.05
2388 0.05
2388 0.05
2388 0.5
2388 0.5
2388 0.5
2389 0.5
2389 0.5
2389 0.5
2389 0.5
2389 0.05
2389 0.05
2389 0.05
2389 0.05
2389 0.05
2389 0.05
2389 0.05
2389 0.5
2389 0.5
2389 0.5
2461 0.5
2461 0.5
2461 0.1
2461 0.1
2461 0.05
2461 0.05
2461 0.05
2461 0.05
2461 0.05
2461 0.05
2461 0.05
2461 0.5
2461 0.5
2461 0.5
2462 0.1
2462 0.1
2462 0.1
2462 0.1
2462 0.5
2462 0.5
2462 0.5
2462 0.5
2462 0.5
2462 0.5
2462 0.5
2462 0.5
2462 0.5
2462 0.5
2463 0.1
2463 0.1
2463 0.1
2463 0.1
2463 0.05
2463 0.05
2463 0.05
2463 0.05
2463 0.05
2463 0.05
2463 0.05
2463 0.5
2463 0.5
2463 0.5
2464 0.1
2464 0.1
2464 0.1
2464 0.1
2464 0.05
2464 0.05
2464 0.05
2464 0.05
2464 0.05
2464 0.05
2464 0.05
2464 0.5
2464 0.5
2464 0.5
2465 0.1
2465 0.1
2465 0.1
2465 0.1
2465 0.05
2465 0.05
2465 0.05
2465 0.05
2465 0.05
2465 0.05
2465 0.05
2465 0.5
2465 0.5
2465 0.5
2466 0.1
2466 0.1
2466 0.1
2466 0.1
2466 0.05
2466 0.05
2466 0.05
2466 0.05
2466 0.05
2466 0.05
2466 0.05
2466 0.5
2466 0.5
2466 0.5
2467 0.5
2467 0.5
2467 0.5
2467 0.5
2467 0.5
2467 0.5
2467 0.5
2467 0.5
2467 0.5
2467 0.5
2467 0.5
2467 0.5
2467 0.5
2467 0.5
2538 0.5
2538 0.5
2538 0.1
2538 0.1
2538 0.05
2538 0.05
2538 0.05
2538 0.05
2538 0.05
2538 0.05
2538 0.05
2538 0.5
2538 0.5
2538 0.5
2539 0.5
2539 0.5
2539 0.1
2539 0.1
2539 0.05
2539 0.05
2539 0.05
2539 0.05
2539 0.05
2539 0.05
2539 0.05
2539 0.5
2539 0.5
2539 0.5
2540 0.1
2540 0.1
2540 0.1
2540 0.1
2540 0.5
2540 0.5
2540 0.5
2540 0.5
2540 0.5
2540 0.5
2540 0.5
2540 0.5
2540 0.5
2540 0.5
2541 0.1
2541 0.1
2541 0.1
2541 0.1
2541 0.05
2541 0.05
2541 0.05
2541 0.05
2541 0.05
2541 0.05
2541 0.05
2541 0.5
2541 0.5
2541 0.5
2542 0.1
2542 0.1
2542 0.1
2542 0.1
2542 0.05
2542 0.05
2542 0.05
2542 0.05
2542 0.05
2542 0.05
2542 0.05
2542 0.5
2542 0.5
2542 0.5
2543 0.1
2543 0.1
2543 0.1
2543 0.1
2543 0.05
2543 0.05
2543 0.05
2543 0.05
2543 0.05
2543 0.05
2543 0.05
2543 0.5
2543 0.5
2543 0.5
2544 0.1
2544 0.1
2544 0.1
2544 0.1
2544 0.1
2544 0.1
2544 0.1
2544 0.1
2544 0.1
2544 0.1
2544 0.1
2544 0.5
2544 0.5
2544 0.5
2545 0.1
2545 0.1
2545 0.1
2545 0.1
2545 0.5
2545 0.5
2545 0.5
2545 0.5
2545 0.5
2545 0.5
2545 0.5
2545 0.5
2545 0.5
2545 0.5
2546 0.5
2546 0.5
2546 0.1
2546 0.1
2546 0.5
2546 0.5
2546 0.5
2546 0.5
2546 0.5
2546 0.5
2546 0.5
2546 0.5
2546 0.5
2546 0.5
2618 0.5
2618 0.5
2618 0.5
2618 0.5
2618 0.5
2618 0.5
2618 0.5
2618 0.5
2618 0.5
2618 0.5
2618 0.5
2618 0.5
2618 0.5
2618 0.5
2619 0.5
2619 0.5
2619 0.1
2619 0.1
2619 0.5
2619 0.5
2619 0.5
2619 0.5
2619 0.5
2619 0.5
2619 0.5
2619 0.5
2619 0.5
2619 0.5
2620 0.5
2620 0.5
2620 0.1
2620 0.1
2620 0.1
2620 0.1
2620 0.1
2620 0.1
2620 0.1
2620 0.1
2620 0.1
2620 0.5
2620 0.5
2620 0.5
2621 0.5
2621 0.5
2621 0.1
2621 0.1
2621 0.05
2621 0.05
2621 0.05
2621 0.05
2621 0.05
2621 0.05
2621 0.05
2621 0.5
2621 0.5
2621 0.5
2622 0.1
2622 0.1
2622 0.1
2622 0.1
2622 0.05
2622 0.05
2622 0.05
2622 0.05
2622 0.05
2622 0.05
2622 0.05
2622 0.5
2622 0.5
2622 0.5
2623 0.1
2623 0.1
2623 0.1
2623 0.1
2623 0.05
2623 0.05
2623 0.05
2623 0.05
2623 0.05
2623 0.05
2623 0.05
2623 0.5
2623 0.5
2623 0.5
2624 0.1
2624 0.1
2624 0.1
2624 0.1
2624 0.05
2624 0.05
2624 0.05
2624 0.05
2624 0.05
2624 0.05
2624 0.05
2624 0.5
2624 0.5
2624 0.5
2625 0.1
2625 0.1
2625 0.1
2625 0.1
2625 0.05
2625 0.05
2625 0.05
2625 0.05
2625 0.05
2625 0.05
2625 0.05
2625 0.5
2625 0.5
2625 0.5
2626 0.1
2626 0.1
2626 0.1
2626 0.1
2626 0.05
2626 0.05
2626 0.05
2626 0.05
2626 0.05
2626 0.05
2626 0.05
2626 0.5
2626 0.5
2626 0.5
2627 0.1
2627 0.1
2627 0.1
2627 0.1
2627 0.1
2627 0.1
2627 0.1
2627 0.1
2627 0.1
2627 0.1
2627 0.1
2627 0.5
2627 0.5
2627 0.5
2628 0.1
2628 0.1
2628 0.1
2628 0.1
2628 0.5
2628 0.5
2628 0.5
2628 0.5
2628 0.5
2628 0.5
2628 0.5
2628 0.5
2628 0.5
2628 0.5
2629 0.5
2629 0.5
2629 0.1
2629 0.1
2629 0.5
2629 0.5
2629 0.5
2629 0.5
2629 0.5
2629 0.5
2629 0.5
2629 0.5
2629 0.5
2629 0.5
2630 0.5
2630 0.5
2630 0.5
2630 0.5
2630 0.5
2630 0.5
2630 0.5
2630 0.5
2630 0.5
2630 0.5
2630 0.5
2630 0.5
2630 0.5
2630 0.5
2704 0.5
2704 0.5
2704 0.5
2704 0.5
2704 0.5
2704 0.5
2704 0.5
2704 0.5
2704 0.5
2704 0.5
2704 0.5
2704 0.5
2704 0.5
2704 0.5
2705 0.5
2705 0.5
2705 0.5
2705 0.5
2705 0.5
2705 0.5
2705 0.5
2705 0.5
2705 0.5
2705 0.5
2705 0.5
2705 0.5
2705 0.5
2705 0.5
2706 0.5
2706 0.5
2706 0.1
2706 0.1
2706 0.1
2706 0.1
2706 0.1
2706 0.1
2706 0.1
2706 0.1
2706 0.1
2706 0.5
2706 0.5
2706 0.5
2707 0.1
2707 0.1
2707 0.1
2707 0.1
2707 0.1
2707 0.1
2707 0.1
2707 0.1
2707 0.1
2707 0.1
2707 0.1
2707 0.5
2707 0.5
2707 0.5
2708 0.1
2708 0.1
2708 0.1
2708 0.1
2708 0.1
2708 0.1
2708 0.1
2708 0.1
2708 0.1
2708 0.1
2708 0.1
2708 0.5
2708 0.5
2708 0.5
2709 0.1
2709 0.1
2709 0.1
2709 0.1
2709 0.1
2709 0.1
2709 0.1
2709 0.1
2709 0.1
2709 0.1
2709 0.1
2709 0.5
2709 0.5
2709 0.5
2710 0.1
2710 0.1
2710 0.1
2710 0.1
2710 0.1
2710 0.1
2710 0.1
2710 0.1
2710 0.1
2710 0.1
2710 0.1
2710 0.5
2710 0.5
2710 0.5
2711 0.1
2711 0.1
2711 0.1
2711 0.1
2711 0.5
2711 0.5
2711 0.5
2711 0.5
2711 0.5
2711 0.5
2711 0.5
2711 0.5
2711 0.5
2711 0.5
2712 0.5
2712 0.5
2712 0.1
2712 0.1
2712 0.5
2712 0.5
2712 0.5
2712 0.5
2712 0.5
2712 0.5
2712 0.5
2712 0.5
2712 0.5
2712 0.5
2713 0.5
2713 0.5
2713 0.5
2713 0.5
2713 0.5
2713 0.5
2713 0.5
2713 0.5
2713 0.5
2713 0.5
2713 0.5
2713 0.5
2713 0.5
2713 0.5
2787 0.5
2787 0.5
2787 0.5
2787 0.5
2787 0.5
2787 0.5
2787 0.5
2787 0.5
2787 0.5
2787 0.5
2787 0.5
2787 0.5
2787 0.5
2787 0.5
2788 0.5
2788 0.5
2788 0.5
2788 0.5
2788 0.5
2788 0.5
2788 0.5
2788 0.5
2788 0.5
2788 0.5
2788 0.5
2788 0.5
2788 0.5
2788 0.5
2789 0.1
2789 0.1
2789 0.1
2789 0.1
2789 0.5
2789 0.5
2789 0.5
2789 0.5
2789 0.5
2789 0.5
2789 0.5
2789 0.5
2789 0.5
2789 0.5
2790 0.1
2790 0.1
2790 0.1
2790 0.1
2790 0.1
2790 0.1
2790 0.1
2790 0.1
2790 0.1
2790 0.1
2790 0.1
2790 0.5
2790 0.5
2790 0.5
2791 0.1
2791 0.1
2791 0.1
2791 0.1
2791 0.1
2791 0.1
2791 0.1
2791 0.1
2791 0.1
2791 0.1
2791 0.1
2791 0.5
2791 0.5
2791 0.5
2792 0.1
2792 0.1
2792 0.1
2792 0.1
2792 0.5
2792 0.5
2792 0.5
2792 0.5
2792 0.5
2792 0.5
2792 0.5
2792 0.5
2792 0.5
2792 0.5
2793 0.1
2793 0.1
2793 0.1
2793 0.1
2793 0.5
2793 0.5
2793 0.5
2793 0.5
2793 0.5
2793 0.5
2793 0.5
2793 0.5
2793 0.5
2793 0.5
2794 0.5
2794 0.5
2794 0.1
2794 0.1
2794 0.5
2794 0.5
2794 0.5
2794 0.5
2794 0.5
2794 0.5
2794 0.5
2794 0.5
2794 0.5
2794 0.5
2869 0.5
2869 0.5
2869 0.1
2869 0.1
2869 0.5
2869 0.5
2869 0.5
2869 0.5
2869 0.5
2869 0.5
2869 0.5
2869 0.5
2869 0.5
2869 0.5
2870 0.1
2870 0.1
2870 0.1
2870 0.1
2870 0.5
2870 0.5
2870 0.5
2870 0.5
2870 0.5
2870 0.5
2870 0.5
2870 0.5
2870 0.5
2870 0.5
2871 0.1
2871 0.1
2871 0.1
2871 0.1
2871 0.5
2871 0.5
2871 0.5
2871 0.5
2871 0.5
2871 0.5
2871 0.5
2871 0.5
2871 0.5
2871 0.5
2872 0.5
2872 0.5
2872 0.1
2872 0.1
2872 0.5
2872 0.5
2872 0.5
2872 0.5
2872 0.5
2872 0.5
2872 0.5
2872 0.5
2872 0.5
2872 0.5
2945 0.5
2945 0.5
2945 0.1
2945 0.1
2945 0.5
2945 0.5
2945 0.5
2945 0.5
2945 0.5
2945 0.5
2945 0.5
2945 0.5
2945 0.5
2945 0.5
2946 0.1
2946 0.1
2946 0.1
2946 0.1
2946 0.5
2946 0.5
2946 0.5
2946 0.5
2946 0.5
2946 0.5
2946 0.5
2946 0.5
2946 0.5
2946 0.5
3020 0.5
3020 0.5
3020 0.5
3020 0.5
3020 0.5
3020 0.5
3020 0.5
3020 0.5
3020 0.5
3020 0.5
3020 0.5
3020 0.5
3020 0.5
3020 0.5
3021 0.5
3021 0.5
3021 0.5
3021 0.5
3021 0.5
3021 0.5
3021 0.5
3021 0.5
3021 0.5
3021 0.5
3021 0.5
3021 0.5
3021 0.5
3021 0.5
3090 0.5
3090 0.5
3090 0.1
3090 0.1
3090 0.5
3090 0.5
3090 0.5
3090 0.5
3090 0.5
3090 0.5
3090 0.5
3090 0.5
3090 0.5
3090 0.5
3091 0.5
3091 0.5
3091 0.5
3091 0.5
3091 0.5
3091 0.5
3091 0.5
3091 0.5
3091 0.5
3091 0.5
3091 0.5
3091 0.5
3091 0.5
3091 0.5
3092 0.5
3092 0.5
3092 0.5
3092 0.5
3092 0.5
3092 0.5
3092 0.5
3092 0.5
3092 0.5
3092 0.5
3092 0.5
3092 0.5
3092 0.5
3092 0.5
3093 0.5
3093 0.5
3093 0.1
3093 0.1
3093 0.5
3093 0.5
3093 0.5
3093 0.5
3093 0.5
3093 0.5
3093 0.5
3093 0.5
3093 0.5
3093 0.5
3163 0.5
3163 0.5
3163 0.1
3163 0.1
3163 0.5
3163 0.5
3163 0.5
3163 0.5
3163 0.5
3163 0.5
3163 0.5
3163 0.5
3163 0.5
3163 0.5
3164 0.5
3164 0.5
3164 0.5
3164 0.5
3164 0.5
3164 0.5
3164 0.5
3164 0.5
3164 0.5
3164 0.5
3164 0.5
3164 0.5
3164 0.5
3164 0.5
3165 0.5
3165 0.5
3165 0.5
3165 0.5
3165 0.5
3165 0.5
3165 0.5
3165 0.5
3165 0.5
3165 0.5
3165 0.5
3165 0.5
3165 0.5
3165 0.5
3166 0.5
3166 0.5
3166 0.5
3166 0.5
3166 0.5
3166 0.5
3166 0.5
3166 0.5
3166 0.5
3166 0.5
3166 0.5
3166 0.5
3166 0.5
3166 0.5
3244 0.5
3244 0.5
3244 0.5
3244 0.5
3244 0.5
3244 0.5
3244 0.5
3244 0.5
3244 0.5
3244 0.5
3244 0.5
3244 0.5
3244 0.5
3244 0.5
3245 0.5
3245 0.5
3245 0.1
3245 0.1
3245 0.5
3245 0.5
3245 0.5
3245 0.5
3245 0.5
3245 0.5
3245 0.5
3245 0.5
3245 0.5
3245 0.5
3246 0.5
3246 0.5
3246 0.5
3246 0.5
3246 0.5
3246 0.5
3246 0.5
3246 0.5
3246 0.5
3246 0.5
3246 0.5
3246 0.5
3246 0.5
3246 0.5
3247 0.5
3247 0.5
3247 0.5
3247 0.5
3247 0.5
3247 0.5
3247 0.5
3247 0.5
3247 0.5
3247 0.5
3247 0.5
3247 0.5
3247 0.5
3247 0.5
3248 0.5
3248 0.5
3248 0.5
3248 0.5
3248 0.5
3248 0.5
3248 0.5
3248 0.5
3248 0.5
3248 0.5
3248 0.5
3248 0.5
3248 0.5
3248 0.5
3328 0.5
3328 0.5
3328 0.5
3328 0.5
3328 0.5
3328 0.5
3328 0.5
3328 0.5
3328 0.5
3328 0.5
3328 0.5
3328 0.5
3328 0.5
3328 0.5
3329 0.5
3329 0.5
3329 0.5
3329 0.5
3329 0.5
3329 0.5
3329 0.5
3329 0.5
3329 0.5
3329 0.5
3329 0.5
3329 0.5
3329 0.5
3329 0.5
3330 0.5
3330 0.5
3330 0.5
3330 0.5
3330 0.5
3330 0.5
3330 0.5
3330 0.5
3330 0.5
3330 0.5
3330 0.5
3330 0.5
3330 0.5
3330 0.5
3331 0.5
3331 0.5
3331 0.5
3331 0.5
3331 0.5
3331 0.5
3331 0.5
3331 0.5
3331 0.5
3331 0.5
3331 0.5
3331 0.5
3331 0.5
3331 0.5
3410 0.5
3410 0.5
3410 0.5
3410 0.5
3410 0.5
3410 0.5
3410 0.5
3410 0.5
3410 0.5
3410 0.5
3410 0.5
3410 0.5
3410 0.5
3410 0.5
3411 0.5
3411 0.5
3411 0.5
3411 0.5
3411 0.5
3411 0.5
3411 0.5
3411 0.5
3411 0.5
3411 0.5
3411 0.5
3411 0.5
3411 0.5
3411 0.5
3412 0.5
3412 0.5
3412 0.5
3412 0.5
3412 0.5
3412 0.5
3412 0.5
3412 0.5
3412 0.5
3412 0.5
3412 0.5
3412 0.5
3412 0.5
3412 0.5
3413 0.5
3413 0.5
3413 0.5
3413 0.5
3413 0.5
3413 0.5
3413 0.5
3413 0.5
3413 0.5
3413 0.5
3413 0.5
3413 0.5
3413 0.5
3413 0.5
3414 0.5
3414 0.5
3414 0.5
3414 0.5
3414 0.5
3414 0.5
3414 0.5
3414 0.5
3414 0.5
3414 0.5
3414 0.5
3414 0.5
3414 0.5
3414 0.5
3489 0.5
3489 0.5
3489 0.5
3489 0.5
3489 0.5
3489 0.5
3489 0.5
3489 0.5
3489 0.5
3489 0.5
3489 0.5
3489 0.5
3489 0.5
3489 0.5
3490 0.5
3490 0.5
3490 0.5
3490 0.5
3490 0.5
3490 0.5
3490 0.5
3490 0.5
3490 0.5
3490 0.5
3490 0.5
3490 0.5
3490 0.5
3490 0.5
3491 0.5
3491 0.5
3491 0.5
3491 0.5
3491 0.5
3491 0.5
3491 0.5
3491 0.5
3491 0.5
3491 0.5
3491 0.5
3491 0.5
3491 0.5
3491 0.5
3492 0.5
3492 0.5
3492 0.5
3492 0.5
3492 0.5
3492 0.5
3492 0.5
3492 0.5
3492 0.5
3492 0.5
3492 0.5
3492 0.5
3492 0.5
3492 0.5
3493 0.5
3493 0.5
3493 0.5
3493 0.5
3493 0.5
3493 0.5
3493 0.5
3493 0.5
3493 0.5
3493 0.5
3493 0.5
3493 0.5
3493 0.5
3493 0.5
3494 0.5
3494 0.5
3494 0.5
3494 0.5
3494 0.5
3494 0.5
3494 0.5
3494 0.5
3494 0.5
3494 0.5
3494 0.5
3494 0.5
3494 0.5
3494 0.5
3496 0.5
3496 0.5
3496 0.5
3496 0.5
3496 0.5
3496 0.5
3496 0.5
3496 0.5
3496 0.5
3496 0.5
3496 0.5
3496 0.5
3496 0.5
3496 0.5
3497 0.5
3497 0.5
3497 0.5
3497 0.5
3497 0.5
3497 0.5
3497 0.5
3497 0.5
3497 0.5
3497 0.5
3497 0.5
3497 0.5
3497 0.5
3497 0.5
3572 0.5
3572 0.5
3572 0.5
3572 0.5
3572 0.5
3572 0.5
3572 0.5
3572 0.5
3572 0.5
3572 0.5
3572 0.5
3572 0.5
3572 0.5
3572 0.5
3574 0.5
3574 0.5
3574 0.5
3574 0.5
3574 0.5
3574 0.5
3574 0.5
3574 0.5
3574 0.5
3574 0.5
3574 0.5
3574 0.5
3574 0.5
3574 0.5
3575 0.5
3575 0.5
3575 0.5
3575 0.5
3575 0.5
3575 0.5
3575 0.5
3575 0.5
3575 0.5
3575 0.5
3575 0.5
3575 0.5
3575 0.5
3575 0.5
3576 0.5
3576 0.5
3576 0.5
3576 0.5
3576 0.5
3576 0.5
3576 0.5
3576 0.5
3576 0.5
3576 0.5
3576 0.5
3576 0.5
3576 0.5
3576 0.5
3577 0.5
3577 0.5
3577 0.5
3577 0.5
3577 0.5
3577 0.5
3577 0.5
3577 0.5
3577 0.5
3577 0.5
3577 0.5
3577 0.5
3577 0.5
3577 0.5
3578 0.5
3578 0.5
3578 0.5
3578 0.5
3578 0.5
3578 0.5
3578 0.5
3578 0.5
3578 0.5
3578 0.5
3578 0.5
3578 0.5
3578 0.5
3578 0.5
3579 0.5
3579 0.5
3579 0.5
3579 0.5
3579 0.5
3579 0.5
3579 0.5
3579 0.5
3579 0.5
3579 0.5
3579 0.5
3579 0.5
3579 0.5
3579 0.5
3656 0.5
3656 0.5
3656 0.5
3656 0.5
3656 0.5
3656 0.5
3656 0.5
3656 0.5
3656 0.5
3656 0.5
3656 0.5
3656 0.5
3656 0.5
3656 0.5
3657 0.5
3657 0.5
3657 0.5
3657 0.5
3657 0.5
3657 0.5
3657 0.5
3657 0.5
3657 0.5
3657 0.5
3657 0.5
3657 0.5
3657 0.5
3657 0.5
3658 0.5
3658 0.5
3658 0.5
3658 0.5
3658 0.5
3658 0.5
3658 0.5
3658 0.5
3658 0.5
3658 0.5
3658 0.5
3658 0.5
3658 0.5
3658 0.5
3659 0.5
3659 0.5
3659 0.5
3659 0.5
3659 0.5
3659 0.5
3659 0.5
3659 0.5
3659 0.5
3659 0.5
3659 0.5
3659 0.5
3659 0.5
3659 0.5
3660 0.5
3660 0.5
3660 0.5
3660 0.5
3660 0.5
3660 0.5
3660 0.5
3660 0.5
3660 0.5
3660 0.5
3660 0.5
3660 0.5
3660 0.5
3660 0.5
3661 0.5
3661 0.5
3661 0.5
3661 0.5
3661 0.5
3661 0.5
3661 0.5
3661 0.5
3661 0.5
3661 0.5
3661 0.5
3661 0.5
3661 0.5
3661 0.5
3740 0.5
3740 0.5
3740 0.5
3740 0.5
3740 0.5
3740 0.5
3740 0.5
3740 0.5
3740 0.5
3740 0.5
3740 0.5
3740 0.5
3740 0.5
3740 0.5
3741 0.5
3741 0.5
3741 0.5
3741 0.5
3741 0.5
3741 0.5
3741 0.5
3741 0.5
3741 0.5
3741 0.5
3741 0.5
3741 0.5
3741 0.5
3741 0.5
3742 0.5
3742 0.5
3742 0.5
3742 0.5
3742 0.5
3742 0.5
3742 0.5
3742 0.5
3742 0.5
3742 0.5
3742 0.5
3742 0.5
3742 0.5
3742 0.5
3743 0.5
3743 0.5
3743 0.5
3743 0.5
3743 0.5
3743 0.5
3743 0.5
3743 0.5
3743 0.5
3743 0.5
3743 0.5
3743 0.5
3743 0.5
3743 0.5
3828 0.5
3828 0.5
3828 0.5
3828 0.5
3828 0.5
3828 0.5
3828 0.5
3828 0.5
3828 0.5
3828 0.5
3828 0.5
3828 0.5
3828 0.5
3828 0.5
3829 0.5
3829 0.5
3829 0.5
3829 0.5
3829 0.5
3829 0.5
3829 0.5
3829 0.5
3829 0.5
3829 0.5
3829 0.5
3829 0.5
3829 0.5
3829 0.5
3830 0.5
3830 0.5
3830 0.5
3830 0.5
3830 0.5
3830 0.5
3830 0.5
3830 0.5
3830 0.5
3830 0.5
3830 0.5
3830 0.5
3830 0.5
3830 0.5
3831 0.5
3831 0.5
3831 0.5
3831 0.5
3831 0.5
3831 0.5
3831 0.5
3831 0.5
3831 0.5
3831 0.5
3831 0.5
3831 0.5
3831 0.5
3831 0.5
3832 0.5
3832 0.5
3832 0.5
3832 0.5
3832 0.5
3832 0.5
3832 0.5
3832 0.5
3832 0.5
3832 0.5
3832 0.5
3832 0.5
3832 0.5
3832 0.5
3915 0.5
3915 0.5
3915 0.5
3915 0.5
3915 0.5
3915 0.5
3915 0.5
3915 0.5
3915 0.5
3915 0.5
3915 0.5
3915 0.5
3915 0.5
3915 0.5
3921 0.5
3921 0.5
3921 0.5
3921 0.5
3921 0.5
3921 0.5
3921 0.5
3921 0.5
3921 0.5
3921 0.5
3921 0.5
3921 0.5
3921 0.5
3921 0.5
3922 0.5
3922 0.5
3922 0.5
3922 0.5
3922 0.5
3922 0.5
3922 0.5
3922 0.5
3922 0.5
3922 0.5
3922 0.5
3922 0.5
3922 0.5
3922 0.5
3923 0.5
3923 0.5
3923 0.5
3923 0.5
3923 0.5
3923 0.5
3923 0.5
3923 0.5
3923 0.5
3923 0.5
3923 0.5
3923 0.5
3923 0.5
3923 0.5
3924 0.5
3924 0.5
3924 0.5
3924 0.5
3924 0.5
3924 0.5
3924 0.5
3924 0.5
3924 0.5
3924 0.5
3924 0.5
3924 0.5
3924 0.5
3924 0.5
4005 0.5
4005 0.5
4005 0.5
4005 0.5
4005 0.5
4005 0.5
4005 0.5
4005 0.5
4005 0.5
4005 0.5
4005 0.5
4005 0.5
4005 0.5
4005 0.5
4010 0.5
4010 0.5
4010 0.5
4010 0.5
4010 0.5
4010 0.5
4010 0.5
4010 0.5
4010 0.5
4010 0.5
4010 0.5
4010 0.5
4010 0.5
4010 0.5
4011 0.5
4011 0.5
4011 0.5
4011 0.5
4011 0.5
4011 0.5
4011 0.5
4011 0.5
4011 0.5
4011 0.5
4011 0.5
4011 0.5
4011 0.5
4011 0.5
4094 0.5
4094 0.5
4094 0.5
4094 0.5
4094 0.5
4094 0.5
4094 0.5
4094 0.5
4094 0.5
4094 0.5
4094 0.5
4094 0.5
4094 0.5
4094 0.5
4095 0.5
4095 0.5
4095 0.5
4095 0.5
4095 0.5
4095 0.5
4095 0.5
4095 0.5
4095 0.5
4095 0.5
4095 0.5
4095 0.5
4095 0.5
4095 0.5
4096 0.5
4096 0.5
4096 0.5
4096 0.5
4096 0.5
4096 0.5
4096 0.5
4096 0.5
4096 0.5
4096 0.5
4096 0.5
4096 0.5
4096 0.5
4096 0.5
4097 0.5
4097 0.5
4097 0.5
4097 0.5
4097 0.5
4097 0.5
4097 0.5
4097 0.5
4097 0.5
4097 0.5
4097 0.5
4097 0.5
4097 0.5
4097 0.5
4179 0.5
4179 0.5
4179 0.5
4179 0.5
4179 0.5
4179 0.5
4179 0.5
4179 0.5
4179 0.5
4179 0.5
4179 0.5
4179 0.5
4179 0.5
4179 0.5
4180 0.5
4180 0.5
4180 0.5
4180 0.5
4180 0.5
4180 0.5
4180 0.5
4180 0.5
4180 0.5
4180 0.5
4180 0.5
4180 0.5
4180 0.5
4180 0.5
4181 0.5
4181 0.5
4181 0.5
4181 0.5
4181 0.5
4181 0.5
4181 0.5
4181 0.5
4181 0.5
4181 0.5
4181 0.5
4181 0.5
4181 0.5
4181 0.5
4182 0.5
4182 0.5
4182 0.5
4182 0.5
4182 0.5
4182 0.5
4182 0.5
4182 0.5
4182 0.5
4182 0.5
4182 0.5
4182 0.5
4182 0.5
4182 0.5
4183 0.5
4183 0.5
4183 0.5
4183 0.5
4183 0.5
4183 0.5
4183 0.5
4183 0.5
4183 0.5
4183 0.5
4183 0.5
4183 0.5
4183 0.5
4183 0.5
4184 0.5
4184 0.5
4184 0.5
4184 0.5
4184 0.5
4184 0.5
4184 0.5
4184 0.5
4184 0.5
4184 0.5
4184 0.5
4184 0.5
4184 0.5
4184 0.5
4185 0.5
4185 0.5
4185 0.5
4185 0.5
4185 0.5
4185 0.5
4185 0.5
4185 0.5
4185 0.5
4185 0.5
4185 0.5
4185 0.5
4185 0.5
4185 0.5
4186 0.5
4186 0.5
4186 0.5
4186 0.5
4186 0.5
4186 0.5
4186 0.5
4186 0.5
4186 0.5
4186 0.5
4186 0.5
4186 0.5
4186 0.5
4186 0.5
4187 0.5
4187 0.5
4187 0.5
4187 0.5
4187 0.5
4187 0.5
4187 0.5
4187 0.5
4187 0.5
4187 0.5
4187 0.5
4187 0.5
4187 0.5
4187 0.5
4266 0.5
4266 0.5
4266 0.5
4266 0.5
4266 0.5
4266 0.5
4266 0.5
4266 0.5
4266 0.5
4266 0.5
4266 0.5
4266 0.5
4266 0.5
4266 0.5
4267 0.1
4267 0.1
4267 0.5
4267 0.5
4267 0.5
4267 0.5
4267 0.5
4267 0.5
4267 0.5
4267 0.5
4267 0.5
4267 0.5
4267 0.5
4267 0.5
4268 0.5
4268 0.5
4268 0.5
4268 0.5
4268 0.5
4268 0.5
4268 0.5
4268 0.5
4268 0.5
4268 0.5
4268 0.5
4268 0.5
4268 0.5
4268 0.5
4269 0.5
4269 0.5
4269 0.5
4269 0.5
4269 0.5
4269 0.5
4269 0.5
4269 0.5
4269 0.5
4269 0.5
4269 0.5
4269 0.5
4269 0.5
4269 0.5
4270 0.5
4270 0.5
4270 0.5
4270 0.5
4270 0.5
4270 0.5
4270 0.5
4270 0.5
4270 0.5
4270 0.5
4270 0.5
4270 0.5
4270 0.5
4270 0.5
4271 0.5
4271 0.5
4271 0.5
4271 0.5
4271 0.5
4271 0.5
4271 0.5
4271 0.5
4271 0.5
4271 0.5
4271 0.5
4271 0.5
4271 0.5
4271 0.5
4272 0.5
4272 0.5
4272 0.5
4272 0.5
4272 0.5
4272 0.5
4272 0.5
4272 0.5
4272 0.5
4272 0.5
4272 0.5
4272 0.5
4272 0.5
4272 0.5
4273 0.5
4273 0.5
4273 0.5
4273 0.5
4273 0.5
4273 0.5
4273 0.5
4273 0.5
4273 0.5
4273 0.5
4273 0.5
4273 0.5
4273 0.5
4273 0.5
4274 0.5
4274 0.5
4274 0.5
4274 0.5
4274 0.5
4274 0.5
4274 0.5
4274 0.5
4274 0.5
4274 0.5
4274 0.5
4274 0.5
4274 0.5
4274 0.5
4275 0.5
4275 0.5
4275 0.5
4275 0.5
4275 0.5
4275 0.5
4275 0.5
4275 0.5
4275 0.5
4275 0.5
4275 0.5
4275 0.5
4275 0.5
4275 0.5
4356 0.1
4356 0.1
4356 0.5
4356 0.5
4356 0.5
4356 0.5
4356 0.5
4356 0.5
4356 0.5
4356 0.5
4356 0.5
4356 0.5
4356 0.5
4356 0.5
4357 0.1
4357 0.1
4357 0.1
4357 0.1
4357 0.5
4357 0.5
4357 0.5
4357 0.5
4357 0.5
4357 0.5
4357 0.5
4357 0.5
4357 0.5
4357 0.5
4358 0.1
4358 0.1
4358 0.1
4358 0.1
4358 0.5
4358 0.5
4358 0.5
4358 0.5
4358 0.5
4358 0.5
4358 0.5
4358 0.5
4358 0.5
4358 0.5
4359 0.1
4359 0.1
4359 0.5
4359 0.5
4359 0.5
4359 0.5
4359 0.5
4359 0.5
4359 0.5
4359 0.5
4359 0.5
4359 0.5
4359 0.5
4359 0.5
4360 0.1
4360 0.1
4360 0.5
4360 0.5
4360 0.5
4360 0.5
4360 0.5
4360 0.5
4360 0.5
4360 0.5
4360 0.5
4360 0.5
4360 0.5
4360 0.5
4361 0.1
4361 0.1
4361 0.5
4361 0.5
4361 0.5
4361 0.5
4361 0.5
4361 0.5
4361 0.5
4361 0.5
4361 0.5
4361 0.5
4361 0.5
4361 0.5
4362 0.1
4362 0.1
4362 0.5
4362 0.5
4362 0.5
4362 0.5
4362 0.5
4362 0.5
4362 0.5
4362 0.5
4362 0.5
4362 0.5
4362 0.5
4362 0.5
4363 0.1
4363 0.1
4363 0.5
4363 0.5
4363 0.5
4363 0.5
4363 0.5
4363 0.5
4363 0.5
4363 0.5
4363 0.5
4363 0.5
4363 0.5
4363 0.5
4364 0.5
4364 0.5
4364 0.5
4364 0.5
4364 0.5
4364 0.5
4364 0.5
4364 0.5
4364 0.5
4364 0.5
4364 0.5
4364 0.5
4364 0.5
4364 0.5
4365 0.5
4365 0.5
4365 0.5
4365 0.5
4365 0.5
4365 0.5
4365 0.5
4365 0.5
4365 0.5
4365 0.5
4365 0.5
4365 0.5
4365 0.5
4365 0.5
4366 0.5
4366 0.5
4366 0.5
4366 0.5
4366 0.5
4366 0.5
4366 0.5
4366 0.5
4366 0.5
4366 0.5
4366 0.5
4366 0.5
4366 0.5
4366 0.5
4448 0.1
4448 0.1
4448 0.5
4448 0.5
4448 0.5
4448 0.5
4448 0.5
4448 0.5
4448 0.5
4448 0.5
4448 0.5
4448 0.5
4448 0.5
4448 0.5
4449 0.05
4449 0.05
4449 0.1
4449 0.1
4449 0.5
4449 0.5
4449 0.5
4449 0.5
4449 0.5
4449 0.5
4449 0.5
4449 0.5
4449 0.5
4449 0.5
4450 0.05
4450 0.05
4450 0.1
4450 0.1
4450 0.5
4450 0.5
4450 0.5
4450 0.5
4450 0.5
4450 0.5
4450 0.5
4450 0.5
4450 0.5
4450 0.5
4451 0.05
4451 0.05
4451 0.1
4451 0.1
4451 0.5
4451 0.5
4451 0.5
4451 0.5
4451 0.5
4451 0.5
4451 0.5
4451 0.5
4451 0.5
4451 0.5
4452 0.05
4452 0.05
4452 0.1
4452 0.1
4452 0.5
4452 0.5
4452 0.5
4452 0.5
4452 0.5
4452 0.5
4452 0.5
4452 0.5
4452 0.5
4452 0.5
4453 0.1
4453 0.1
4453 0.1
4453 0.1
4453 0.5
4453 0.5
4453 0.5
4453 0.5
4453 0.5
4453 0.5
4453 0.5
4453 0.5
4453 0.5
4453 0.5
4454 0.1
4454 0.1
4454 0.1
4454 0.1
4454 0.5
4454 0.5
4454 0.5
4454 0.5
4454 0.5
4454 0.5
4454 0.5
4454 0.5
4454 0.5
4454 0.5
4455 0.1
4455 0.1
4455 0.1
4455 0.1
4455 0.5
4455 0.5
4455 0.5
4455 0.5
4455 0.5
4455 0.5
4455 0.5
4455 0.5
4455 0.5
4455 0.5
4456 0.1
4456 0.1
4456 0.1
4456 0.1
4456 0.5
4456 0.5
4456 0.5
4456 0.5
4456 0.5
4456 0.5
4456 0.5
4456 0.5
4456 0.5
4456 0.5
4457 0.1
4457 0.1
4457 0.1
4457 0.1
4457 0.5
4457 0.5
4457 0.5
4457 0.5
4457 0.5
4457 0.5
4457 0.5
4457 0.5
4457 0.5
4457 0.5
4458 0.5
4458 0.5
4458 0.5
4458 0.5
4458 0.5
4458 0.5
4458 0.5
4458 0.5
4458 0.5
4458 0.5
4458 0.5
4458 0.5
4458 0.5
4458 0.5
4459 0.5
4459 0.5
4459 0.5
4459 0.5
4459 0.5
4459 0.5
4459 0.5
4459 0.5
4459 0.5
4459 0.5
4459 0.5
4459 0.5
4459 0.5
4459 0.5
4539 0.1
4539 0.1
4539 0.5
4539 0.5
4539 0.5
4539 0.5
4539 0.5
4539 0.5
4539 0.5
4539 0.5
4539 0.5
4539 0.5
4539 0.5
4539 0.5
4540 0.05
4540 0.05
4540 0.1
4540 0.1
4540 0.5
4540 0.5
4540 0.5
4540 0.5
4540 0.5
4540 0.5
4540 0.5
4540 0.5
4540 0.5
4540 0.5
4541 0.05
4541 0.05
4541 0.05
4541 0.05
4541 0.5
4541 0.5
4541 0.5
4541 0.5
4541 0.5
4541 0.5
4541 0.5
4541 0.5
4541 0.5
4541 0.5
4542 0.05
4542 0.05
4542 0.05
4542 0.05
4542 0.5
4542 0.5
4542 0.5
4542 0.5
4542 0.5
4542 0.5
4542 0.5
4542 0.5
4542 0.5
4542 0.5
4543 0.05
4543 0.05
4543 0.05
4543 0.05
4543 0.5
4543 0.5
4543 0.5
4543 0.5
4543 0.5
4543 0.5
4543 0.5
4543 0.5
4543 0.5
4543 0.5
4544 0.05
4544 0.05
4544 0.1
4544 0.1
4544 0.5
4544 0.5
4544 0.5
4544 0.5
4544 0.5
4544 0.5
4544 0.5
4544 0.5
4544 0.5
4544 0.5
4545 0.05
4545 0.05
4545 0.1
4545 0.1
4545 0.5
4545 0.5
4545 0.5
4545 0.5
4545 0.5
4545 0.5
4545 0.5
4545 0.5
4545 0.5
4545 0.5
4546 0.05
4546 0.05
4546 0.1
4546 0.1
4546 0.5
4546 0.5
4546 0.5
4546 0.5
4546 0.5
4546 0.5
4546 0.5
4546 0.5
4546 0.5
4546 0.5
4547 0.1
4547 0.1
4547 0.1
4547 0.1
4547 0.5
4547 0.5
4547 0.5
4547 0.5
4547 0.5
4547 0.5
4547 0.5
4547 0.5
4547 0.5
4547 0.5
4548 0.1
4548 0.1
4548 0.1
4548 0.1
4548 0.5
4548 0.5
4548 0.5
4548 0.5
4548 0.5
4548 0.5
4548 0.5
4548 0.5
4548 0.5
4548 0.5
4549 0.1
4549 0.1
4549 0.1
4549 0.1
4549 0.5
4549 0.5
4549 0.5
4549 0.5
4549 0.5
4549 0.5
4549 0.5
4549 0.5
4549 0.5
4549 0.5
4550 0.5
4550 0.5
4550 0.5
4550 0.5
4550 0.5
4550 0.5
4550 0.5
4550 0.5
4550 0.5
4550 0.5
4550 0.5
4550 0.5
4550 0.5
4550 0.5
4551 0.5
4551 0.5
4551 0.5
4551 0.5
4551 0.5
4551 0.5
4551 0.5
4551 0.5
4551 0.5
4551 0.5
4551 0.5
4551 0.5
4551 0.5
4551 0.5
4552 0.5
4552 0.5
4552 0.5
4552 0.5
4552 0.5
4552 0.5
4552 0.5
4552 0.5
4552 0.5
4552 0.5
4552 0.5
4552 0.5
4552 0.5
4552 0.5
4629 0.5
4629 0.5
4629 0.5
4629 0.5
4629 0.5
4629 0.5
4629 0.5
4629 0.5
4629 0.5
4629 0.5
4629 0.5
4629 0.5
4629 0.5
4629 0.5
4630 0.1
4630 0.1
4630 0.5
4630 0.5
4630 0.5
4630 0.5
4630 0.5
4630 0.5
4630 0.5
4630 0.5
4630 0.5
4630 0.5
4630 0.5
4630 0.5
4631 0.05
4631 0.05
4631 0.1
4631 0.1
4631 0.5
4631 0.5
4631 0.5
4631 0.5
4631 0.5
4631 0.5
4631 0.5
4631 0.5
4631 0.5
4631 0.5
4632 0.05
4632 0.05
4632 0.05
4632 0.05
4632 0.5
4632 0.5
4632 0.5
4632 0.5
4632 0.5
4632 0.5
4632 0.5
4632 0.5
4632 0.5
4632 0.5
4633 0.05
4633 0.05
4633 0.05
4633 0.05
4633 0.5
4633 0.5
4633 0.5
4633 0.5
4633 0.5
4633 0.5
4633 0.5
4633 0.5
4633 0.5
4633 0.5
4634 0.05
4634 0.05
4634 0.05
4634 0.05
4634 0.5
4634 0.5
4634 0.5
4634 0.5
4634 0.5
4634 0.5
4634 0.5
4634 0.5
4634 0.5
4634 0.5
4635 0.05
4635 0.05
4635 0.05
4635 0.05
4635 0.5
4635 0.5
4635 0.5
4635 0.5
4635 0.5
4635 0.5
4635 0.5
4635 0.5
4635 0.5
4635 0.5
4636 0.05
4636 0.05
4636 0.1
4636 0.1
4636 0.5
4636 0.5
4636 0.5
4636 0.5
4636 0.5
4636 0.5
4636 0.5
4636 0.5
4636 0.5
4636 0.5
4637 0.05
4637 0.05
4637 0.1
4637 0.1
4637 0.5
4637 0.5
4637 0.5
4637 0.5
4637 0.5
4637 0.5
4637 0.5
4637 0.5
4637 0.5
4637 0.5
4638 0.05
4638 0.05
4638 0.1
4638 0.1
4638 0.5
4638 0.5
4638 0.5
4638 0.5
4638 0.5
4638 0.5
4638 0.5
4638 0.5
4638 0.5
4638 0.5
4639 0.05
4639 0.05
4639 0.1
4639 0.1
4639 0.5
4639 0.5
4639 0.5
4639 0.5
4639 0.5
4639 0.5
4639 0.5
4639 0.5
4639 0.5
4639 0.5
4640 0.1
4640 0.1
4640 0.1
4640 0.1
4640 0.5
4640 0.5
4640 0.5
4640 0.5
4640 0.5
4640 0.5
4640 0.5
4640 0.5
4640 0.5
4640 0.5
4641 0.1
4641 0.1
4641 0.1
4641 0.1
4641 0.5
4641 0.5
4641 0.5
4641 0.5
4641 0.5
4641 0.5
4641 0.5
4641 0.5
4641 0.5
4641 0.5
4642 0.5
4642 0.5
4642 0.5
4642 0.5
4642 0.5
4642 0.5
4642 0.5
4642 0.5
4642 0.5
4642 0.5
4642 0.5
4642 0.5
4642 0.5
4642 0.5
4643 0.5
4643 0.5
4643 0.5
4643 0.5
4643 0.5
4643 0.5
4643 0.5
4643 0.5
4643 0.5
4643 0.5
4643 0.5
4643 0.5
4643 0.5
4643 0.5
4722 0.1
4722 0.1
4722 0.1
4722 0.1
4722 0.5
4722 0.5
4722 0.5
4722 0.5
4722 0.5
4722 0.5
4722 0.5
4722 0.5
4722 0.5
4722 0.5
4723 0.05
4723 0.05
4723 0.05
4723 0.05
4723 0.5
4723 0.5
4723 0.5
4723 0.5
4723 0.5
4723 0.5
4723 0.5
4723 0.5
4723 0.5
4723 0.5
4724 0.05
4724 0.05
4724 0.05
4724 0.05
4724 0.5
4724 0.5
4724 0.5
4724 0.5
4724 0.5
4724 0.5
4724 0.5
4724 0.5
4724 0.5
4724 0.5
4725 0.05
4725 0.05
4725 0.05
4725 0.05
4725 0.5
4725 0.5
4725 0.5
4725 0.5
4725 0.5
4725 0.5
4725 0.5
4725 0.5
4725 0.5
4725 0.5
4726 0.05
4726 0.05
4726 0.05
4726 0.05
4726 0.5
4726 0.5
4726 0.5
4726 0.5
4726 0.5
4726 0.5
4726 0.5
4726 0.5
4726 0.5
4726 0.5
4727 0.05
4727 0.05
4727 0.05
4727 0.05
4727 0.5
4727 0.5
4727 0.5
4727 0.5
4727 0.5
4727 0.5
4727 0.5
4727 0.5
4727 0.5
4727 0.5
4728 0.05
4728 0.05
4728 0.05
4728 0.05
4728 0.5
4728 0.5
4728 0.5
4728 0.5
4728 0.5
4728 0.5
4728 0.5
4728 0.5
4728 0.5
4728 0.5
4729 0.05
4729 0.05
4729 0.1
4729 0.1
4729 0.5
4729 0.5
4729 0.5
4729 0.5
4729 0.5
4729 0.5
4729 0.5
4729 0.5
4729 0.5
4729 0.5
4730 0.05
4730 0.05
4730 0.1
4730 0.1
4730 0.5
4730 0.5
4730 0.5
4730 0.5
4730 0.5
4730 0.5
4730 0.5
4730 0.5
4730 0.5
4730 0.5
4731 0.05
4731 0.05
4731 0.1
4731 0.1
4731 0.5
4731 0.5
4731 0.5
4731 0.5
4731 0.5
4731 0.5
4731 0.5
4731 0.5
4731 0.5
4731 0.5
4732 0.1
4732 0.1
4732 0.1
4732 0.1
4732 0.5
4732 0.5
4732 0.5
4732 0.5
4732 0.5
4732 0.5
4732 0.5
4732 0.5
4732 0.5
4732 0.5
4733 0.1
4733 0.1
4733 0.1
4733 0.1
4733 0.5
4733 0.5
4733 0.5
4733 0.5
4733 0.5
4733 0.5
4733 0.5
4733 0.5
4733 0.5
4733 0.5
4806 0.5
4806 0.5
4806 0.5
4806 0.5
4806 0.5
4806 0.5
4806 0.5
4806 0.5
4806 0.5
4806 0.5
4806 0.5
4806 0.5
4806 0.5
4806 0.5
4813 0.1
4813 0.1
4813 0.5
4813 0.5
4813 0.5
4813 0.5
4813 0.5
4813 0.5
4813 0.5
4813 0.5
4813 0.5
4813 0.5
4813 0.5
4813 0.5
4814 0.05
4814 0.05
4814 0.1
4814 0.1
4814 0.5
4814 0.5
4814 0.5
4814 0.5
4814 0.5
4814 0.5
4814 0.5
4814 0.5
4814 0.5
4814 0.5
4815 0.05
4815 0.05
4815 0.05
4815 0.05
4815 0.5
4815 0.5
4815 0.5
4815 0.5
4815 0.5
4815 0.5
4815 0.5
4815 0.5
4815 0.5
4815 0.5
4816 0.05
4816 0.05
4816 0.05
4816 0.05
4816 0.5
4816 0.5
4816 0.5
4816 0.5
4816 0.5
4816 0.5
4816 0.5
4816 0.5
4816 0.5
4816 0.5
4817 0.05
4817 0.05
4817 0.05
4817 0.05
4817 0.5
4817 0.5
4817 0.5
4817 0.5
4817 0.5
4817 0.5
4817 0.5
4817 0.5
4817 0.5
4817 0.5
4818 0.05
4818 0.05
4818 0.05
4818 0.05
4818 0.5
4818 0.5
4818 0.5
4818 0.5
4818 0.5
4818 0.5
4818 0.5
4818 0.5
4818 0.5
4818 0.5
4819 0.05
4819 0.05
4819 0.05
4819 0.05
4819 0.5
4819 0.5
4819 0.5
4819 0.5
4819 0.5
4819 0.5
4819 0.5
4819 0.5
4819 0.5
4819 0.5
4820 0.05
4820 0.05
4820 0.05
4820 0.05
4820 0.5
4820 0.5
4820 0.5
4820 0.5
4820 0.5
4820 0.5
4820 0.5
4820 0.5
4820 0.5
4820 0.5
4821 0.05
4821 0.05
4821 0.05
4821 0.05
4821 0.5
4821 0.5
4821 0.5
4821 0.5
4821 0.5
4821 0.5
4821 0.5
4821 0.5
4821 0.5
4821 0.5
4822 0.05
4822 0.05
4822 0.05
4822 0.05
4822 0.5
4822 0.5
4822 0.5
4822 0.5
4822 0.5
4822 0.5
4822 0.5
4822 0.5
4822 0.5
4822 0.5
4823 0.05
4823 0.05
4823 0.1
4823 0.1
4823 0.5
4823 0.5
4823 0.5
4823 0.5
4823 0.5
4823 0.5
4823 0.5
4823 0.5
4823 0.5
4823 0.5
4824 0.05
4824 0.05
4824 0.1
4824 0.1
4824 0.5
4824 0.5
4824 0.5
4824 0.5
4824 0.5
4824 0.5
4824 0.5
4824 0.5
4824 0.5
4824 0.5
4825 0.1
4825 0.1
4825 0.1
4825 0.1
4825 0.5
4825 0.5
4825 0.5
4825 0.5
4825 0.5
4825 0.5
4825 0.5
4825 0.5
4825 0.5
4825 0.5
4826 0.1
4826 0.1
4826 0.1
4826 0.1
4826 0.5
4826 0.5
4826 0.5
4826 0.5
4826 0.5
4826 0.5
4826 0.5
4826 0.5
4826 0.5
4826 0.5
4904 0.05
4904 0.05
4904 0.1
4904 0.1
4904 0.5
4904 0.5
4904 0.5
4904 0.5
4904 0.5
4904 0.5
4904 0.5
4904 0.5
4904 0.5
4904 0.5
4905 0.05
4905 0.05
4905 0.05
4905 0.05
4905 0.5
4905 0.5
4905 0.5
4905 0.5
4905 0.5
4905 0.5
4905 0.5
4905 0.5
4905 0.5
4905 0.5
4906 0.05
4906 0.05
4906 0.05
4906 0.05
4906 0.5
4906 0.5
4906 0.5
4906 0.5
4906 0.5
4906 0.5
4906 0.5
4906 0.5
4906 0.5
4906 0.5
4907 0.05
4907 0.05
4907 0.1
4907 0.1
4907 0.5
4907 0.5
4907 0.5
4907 0.5
4907 0.5
4907 0.5
4907 0.5
4907 0.5
4907 0.5
4907 0.5
4908 0.05
4908 0.05
4908 0.05
4908 0.05
4908 0.5
4908 0.5
4908 0.5
4908 0.5
4908 0.5
4908 0.5
4908 0.5
4908 0.5
4908 0.5
4908 0.5
4909 0.05
4909 0.05
4909 0.05
4909 0.05
4909 0.5
4909 0.5
4909 0.5
4909 0.5
4909 0.5
4909 0.5
4909 0.5
4909 0.5
4909 0.5
4909 0.5
4910 0.05
4910 0.05
4910 0.05
4910 0.05
4910 0.5
4910 0.5
4910 0.5
4910 0.5
4910 0.5
4910 0.5
4910 0.5
4910 0.5
4910 0.5
4910 0.5
4911 0.05
4911 0.05
4911 0.05
4911 0.05
4911 0.5
4911 0.5
4911 0.5
4911 0.5
4911 0.5
4911 0.5
4911 0.5
4911 0.5
4911 0.5
4911 0.5
4912 0.05
4912 0.05
4912 0.05
4912 0.05
4912 0.5
4912 0.5
4912 0.5
4912 0.5
4912 0.5
4912 0.5
4912 0.5
4912 0.5
4912 0.5
4912 0.5
4913 0.05
4913 0.05
4913 0.05
4913 0.05
4913 0.5
4913 0.5
4913 0.5
4913 0.5
4913 0.5
4913 0.5
4913 0.5
4913 0.5
4913 0.5
4913 0.5
4914 0.05
4914 0.05
4914 0.05
4914 0.05
4914 0.5
4914 0.5
4914 0.5
4914 0.5
4914 0.5
4914 0.5
4914 0.5
4914 0.5
4914 0.5
4914 0.5
4915 0.05
4915 0.05
4915 0.1
4915 0.1
4915 0.5
4915 0.5
4915 0.5
4915 0.5
4915 0.5
4915 0.5
4915 0.5
4915 0.5
4915 0.5
4915 0.5
4916 0.1
4916 0.1
4916 0.1
4916 0.1
4916 0.5
4916 0.5
4916 0.5
4916 0.5
4916 0.5
4916 0.5
4916 0.5
4916 0.5
4916 0.5
4916 0.5
4988 0.5
4988 0.5
4988 0.5
4988 0.5
4988 0.5
4988 0.5
4988 0.5
4988 0.5
4988 0.5
4988 0.5
4988 0.5
4988 0.5
4988 0.5
4988 0.5
4993 0.1
4993 0.1
4993 0.1
4993 0.1
4993 0.5
4993 0.5
4993 0.5
4993 0.5
4993 0.5
4993 0.5
4993 0.5
4993 0.5
4993 0.5
4993 0.5
4994 0.05
4994 0.05
4994 0.05
4994 0.05
4994 0.5
4994 0.5
4994 0.5
4994 0.5
4994 0.5
4994 0.5
4994 0.5
4994 0.5
4994 0.5
4994 0.5
4995 0.05
4995 0.05
4995 0.05
4995 0.05
4995 0.5
4995 0.5
4995 0.5
4995 0.5
4995 0.5
4995 0.5
4995 0.5
4995 0.5
4995 0.5
4995 0.5
4996 0.05
4996 0.05
4996 0.1
4996 0.1
4996 0.5
4996 0.5
4996 0.5
4996 0.5
4996 0.5
4996 0.5
4996 0.5
4996 0.5
4996 0.5
4996 0.5
4997 0.05
4997 0.05
4997 0.1
4997 0.1
4997 0.5
4997 0.5
4997 0.5
4997 0.5
4997 0.5
4997 0.5
4997 0.5
4997 0.5
4997 0.5
4997 0.5
4998 0.05
4998 0.05
4998 0.1
4998 0.1
4998 0.5
4998 0.5
4998 0.5
4998 0.5
4998 0.5
4998 0.5
4998 0.5
4998 0.5
4998 0.5
4998 0.5
4999 0.05
4999 0.05
4999 0.05
4999 0.05
4999 0.5
4999 0.5
4999 0.5
4999 0.5
4999 0.5
4999 0.5
4999 0.5
4999 0.5
4999 0.5
4999 0.5
5000 0.05
5000 0.05
5000 0.05
5000 0.05
5000 0.5
5000 0.5
5000 0.5
5000 0.5
5000 0.5
5000 0.5
5000 0.5
5000 0.5
5000 0.5
5000 0.5
5001 0.05
5001 0.05
5001 0.05
5001 0.05
5001 0.5
5001 0.5
5001 0.5
5001 0.5
5001 0.5
5001 0.5
5001 0.5
5001 0.5
5001 0.5
5001 0.5
5002 0.05
5002 0.05
5002 0.05
5002 0.05
5002 0.1
5002 0.1
5002 0.1
5002 0.1
5002 0.1
5002 0.1
5002 0.1
5002 0.5
5002 0.5
5002 0.5
5003 0.05
5003 0.05
5003 0.05
5003 0.05
5003 0.5
5003 0.5
5003 0.5
5003 0.5
5003 0.5
5003 0.5
5003 0.5
5003 0.5
5003 0.5
5003 0.5
5004 0.05
5004 0.05
5004 0.1
5004 0.1
5004 0.5
5004 0.5
5004 0.5
5004 0.5
5004 0.5
5004 0.5
5004 0.5
5004 0.5
5004 0.5
5004 0.5
5074 0.5
5074 0.5
5074 0.5
5074 0.5
5074 0.5
5074 0.5
5074 0.5
5074 0.5
5074 0.5
5074 0.5
5074 0.5
5074 0.5
5074 0.5
5074 0.5
5075 0.5
5075 0.5
5075 0.1
5075 0.1
5075 0.5
5075 0.5
5075 0.5
5075 0.5
5075 0.5
5075 0.5
5075 0.5
5075 0.5
5075 0.5
5075 0.5
5076 0.1
5076 0.1
5076 0.1
5076 0.1
5076 0.5
5076 0.5
5076 0.5
5076 0.5
5076 0.5
5076 0.5
5076 0.5
5076 0.5
5076 0.5
5076 0.5
5077 0.05
5077 0.05
5077 0.05
5077 0.05
5077 0.5
5077 0.5
5077 0.5
5077 0.5
5077 0.5
5077 0.5
5077 0.5
5077 0.5
5077 0.5
5077 0.5
5078 0.05
5078 0.05
5078 0.05
5078 0.05
5078 0.5
5078 0.5
5078 0.5
5078 0.5
5078 0.5
5078 0.5
5078 0.5
5078 0.5
5078 0.5
5078 0.5
5082 0.5
5082 0.5
5082 0.5
5082 0.5
5082 0.5
5082 0.5
5082 0.5
5082 0.5
5082 0.5
5082 0.5
5082 0.5
5082 0.5
5082 0.5
5082 0.5
5083 0.05
5083 0.05
5083 0.1
5083 0.1
5083 0.5
5083 0.5
5083 0.5
5083 0.5
5083 0.5
5083 0.5
5083 0.5
5083 0.5
5083 0.5
5083 0.5
5084 0.05
5084 0.05
5084 0.05
5084 0.05
5084 0.5
5084 0.5
5084 0.5
5084 0.5
5084 0.5
5084 0.5
5084 0.5
5084 0.5
5084 0.5
5084 0.5
5085 0.05
5085 0.05
5085 0.05
5085 0.05
5085 0.5
5085 0.5
5085 0.5
5085 0.5
5085 0.5
5085 0.5
5085 0.5
5085 0.5
5085 0.5
5085 0.5
5086 0.05
5086 0.05
5086 0.1
5086 0.1
5086 0.5
5086 0.5
5086 0.5
5086 0.5
5086 0.5
5086 0.5
5086 0.5
5086 0.5
5086 0.5
5086 0.5
5087 0.05
5087 0.05
5087 0.1
5087 0.1
5087 0.5
5087 0.5
5087 0.5
5087 0.5
5087 0.5
5087 0.5
5087 0.5
5087 0.5
5087 0.5
5087 0.5
5088 0.05
5088 0.05
5088 0.1
5088 0.1
5088 0.5
5088 0.5
5088 0.5
5088 0.5
5088 0.5
5088 0.5
5088 0.5
5088 0.5
5088 0.5
5088 0.5
5089 0.05
5089 0.05
5089 0.1
5089 0.1
5089 0.5
5089 0.5
5089 0.5
5089 0.5
5089 0.5
5089 0.5
5089 0.5
5089 0.5
5089 0.5
5089 0.5
5090 0.05
5090 0.05
5090 0.05
5090 0.05
5090 0.5
5090 0.5
5090 0.5
5090 0.5
5090 0.5
5090 0.5
5090 0.5
5090 0.5
5090 0.5
5090 0.5
5091 0.05
5091 0.05
5091 0.05
5091 0.05
5091 0.1
5091 0.1
5091 0.1
5091 0.1
5091 0.1
5091 0.1
5091 0.1
5091 0.5
5091 0.5
5091 0.5
5092 0.05
5092 0.05
5092 0.05
5092 0.05
5092 0.5
5092 0.5
5092 0.5
5092 0.5
5092 0.5
5092 0.5
5092 0.5
5092 0.5
5092 0.5
5092 0.5
5161 0.5
5161 0.5
5161 0.5
5161 0.5
5161 0.5
5161 0.5
5161 0.5
5161 0.5
5161 0.5
5161 0.5
5161 0.5
5161 0.5
5161 0.5
5161 0.5
5162 0.1
5162 0.1
5162 0.1
5162 0.1
5162 0.5
5162 0.5
5162 0.5
5162 0.5
5162 0.5
5162 0.5
5162 0.5
5162 0.5
5162 0.5
5162 0.5
5163 0.1
5163 0.1
5163 0.05
5163 0.05
5163 0.5
5163 0.5
5163 0.5
5163 0.5
5163 0.5
5163 0.5
5163 0.5
5163 0.5
5163 0.5
5163 0.5
5164 0.05
5164 0.05
5164 0.05
5164 0.05
5164 0.5
5164 0.5
5164 0.5
5164 0.5
5164 0.5
5164 0.5
5164 0.5
5164 0.5
5164 0.5
5164 0.5
5165 0.05
5165 0.05
5165 0.05
5165 0.05
5165 0.5
5165 0.5
5165 0.5
5165 0.5
5165 0.5
5165 0.5
5165 0.5
5165 0.5
5165 0.5
5165 0.5
5166 0.05
5166 0.05
5166 0.05
5166 0.05
5166 0.5
5166 0.5
5166 0.5
5166 0.5
5166 0.5
5166 0.5
5166 0.5
5166 0.5
5166 0.5
5166 0.5
5167 0.05
5167 0.05
5167 0.05
5167 0.05
5167 0.5
5167 0.5
5167 0.5
5167 0.5
5167 0.5
5167 0.5
5167 0.5
5167 0.5
5167 0.5
5167 0.5
5168 0.05
5168 0.05
5168 0.05
5168 0.05
5168 0.5
5168 0.5
5168 0.5
5168 0.5
5168 0.5
5168 0.5
5168 0.5
5168 0.5
5168 0.5
5168 0.5
5169 0.1
5169 0.1
5169 0.1
5169 0.1
5169 0.5
5169 0.5
5169 0.5
5169 0.5
5169 0.5
5169 0.5
5169 0.5
5169 0.5
5169 0.5
5169 0.5
5172 0.5
5172 0.5
5172 0.5
5172 0.5
5172 0.5
5172 0.5
5172 0.5
5172 0.5
5172 0.5
5172 0.5
5172 0.5
5172 0.5
5172 0.5
5172 0.5
5173 0.05
5173 0.05
5173 0.1
5173 0.1
5173 0.5
5173 0.5
5173 0.5
5173 0.5
5173 0.5
5173 0.5
5173 0.5
5173 0.5
5173 0.5
5173 0.5
5174 0.05
5174 0.05
5174 0.1
5174 0.1
5174 0.5
5174 0.5
5174 0.5
5174 0.5
5174 0.5
5174 0.5
5174 0.5
5174 0.5
5174 0.5
5174 0.5
5175 0.05
5175 0.05
5175 0.1
5175 0.1
5175 0.5
5175 0.5
5175 0.5
5175 0.5
5175 0.5
5175 0.5
5175 0.5
5175 0.5
5175 0.5
5175 0.5
5176 0.05
5176 0.05
5176 0.1
5176 0.1
5176 0.5
5176 0.5
5176 0.5
5176 0.5
5176 0.5
5176 0.5
5176 0.5
5176 0.5
5176 0.5
5176 0.5
5177 0.05
5177 0.05
5177 0.1
5177 0.1
5177 0.5
5177 0.5
5177 0.5
5177 0.5
5177 0.5
5177 0.5
5177 0.5
5177 0.5
5177 0.5
5177 0.5
5178 0.05
5178 0.05
5178 0.1
5178 0.1
5178 0.5
5178 0.5
5178 0.5
5178 0.5
5178 0.5
5178 0.5
5178 0.5
5178 0.5
5178 0.5
5178 0.5
5179 0.05
5179 0.05
5179 0.1
5179 0.1
5179 0.5
5179 0.5
5179 0.5
5179 0.5
5179 0.5
5179 0.5
5179 0.5
5179 0.5
5179 0.5
5179 0.5
5180 0.05
5180 0.05
5180 0.05
5180 0.05
5180 0.5
5180 0.5
5180 0.5
5180 0.5
5180 0.5
5180 0.5
5180 0.5
5180 0.5
5180 0.5
5180 0.5
5181 0.05
5181 0.05
5181 0.05
5181 0.05
5181 0.1
5181 0.1
5181 0.1
5181 0.1
5181 0.1
5181 0.1
5181 0.1
5181 0.5
5181 0.5
5181 0.5
5182 0.05
5182 0.05
5182 0.1
5182 0.1
5182 0.5
5182 0.5
5182 0.5
5182 0.5
5182 0.5
5182 0.5
5182 0.5
5182 0.5
5182 0.5
5182 0.5
5250 0.5
5250 0.5
5250 0.5
5250 0.5
5250 0.5
5250 0.5
5250 0.5
5250 0.5
5250 0.5
5250 0.5
5250 0.5
5250 0.5
5250 0.5
5250 0.5
5251 0.5
5251 0.5
5251 0.1
5251 0.1
5251 0.5
5251 0.5
5251 0.5
5251 0.5
5251 0.5
5251 0.5
5251 0.5
5251 0.5
5251 0.5
5251 0.5
5252 0.1
5252 0.1
5252 0.1
5252 0.1
5252 0.5
5252 0.5
5252 0.5
5252 0.5
5252 0.5
5252 0.5
5252 0.5
5252 0.5
5252 0.5
5252 0.5
5253 0.05
5253 0.05
5253 0.05
5253 0.05
5253 0.5
5253 0.5
5253 0.5
5253 0.5
5253 0.5
5253 0.5
5253 0.5
5253 0.5
5253 0.5
5253 0.5
5254 0.05
5254 0.05
5254 0.05
5254 0.05
5254 0.5
5254 0.5
5254 0.5
5254 0.5
5254 0.5
5254 0.5
5254 0.5
5254 0.5
5254 0.5
5254 0.5
5255 0.05
5255 0.05
5255 0.05
5255 0.05
5255 0.5
5255 0.5
5255 0.5
5255 0.5
5255 0.5
5255 0.5
5255 0.5
5255 0.5
5255 0.5
5255 0.5
5256 0.05
5256 0.05
5256 0.05
5256 0.05
5256 0.5
5256 0.5
5256 0.5
5256 0.5
5256 0.5
5256 0.5
5256 0.5
5256 0.5
5256 0.5
5256 0.5
5257 0.05
5257 0.05
5257 0.05
5257 0.05
5257 0.5
5257 0.5
5257 0.5
5257 0.5
5257 0.5
5257 0.5
5257 0.5
5257 0.5
5257 0.5
5257 0.5
5258 0.05
5258 0.05
5258 0.05
5258 0.05
5258 0.5
5258 0.5
5258 0.5
5258 0.5
5258 0.5
5258 0.5
5258 0.5
5258 0.5
5258 0.5
5258 0.5
5259 0.1
5259 0.1
5259 0.05
5259 0.05
5259 0.5
5259 0.5
5259 0.5
5259 0.5
5259 0.5
5259 0.5
5259 0.5
5259 0.5
5259 0.5
5259 0.5
5260 0.5
5260 0.5
5260 0.5
5260 0.5
5260 0.5
5260 0.5
5260 0.5
5260 0.5
5260 0.5
5260 0.5
5260 0.5
5260 0.5
5260 0.5
5260 0.5
5262 0.5
5262 0.5
5262 0.5
5262 0.5
5262 0.5
5262 0.5
5262 0.5
5262 0.5
5262 0.5
5262 0.5
5262 0.5
5262 0.5
5262 0.5
5262 0.5
5263 0.1
5263 0.1
5263 0.1
5263 0.1
5263 0.5
5263 0.5
5263 0.5
5263 0.5
5263 0.5
5263 0.5
5263 0.5
5263 0.5
5263 0.5
5263 0.5
5264 0.05
5264 0.05
5264 0.1
5264 0.1
5264 0.5
5264 0.5
5264 0.5
5264 0.5
5264 0.5
5264 0.5
5264 0.5
5264 0.5
5264 0.5
5264 0.5
5265 0.05
5265 0.05
5265 0.1
5265 0.1
5265 0.5
5265 0.5
5265 0.5
5265 0.5
5265 0.5
5265 0.5
5265 0.5
5265 0.5
5265 0.5
5265 0.5
5266 0.05
5266 0.05
5266 0.1
5266 0.1
5266 0.5
5266 0.5
5266 0.5
5266 0.5
5266 0.5
5266 0.5
5266 0.5
5266 0.5
5266 0.5
5266 0.5
5267 0.05
5267 0.05
5267 0.1
5267 0.1
5267 0.5
5267 0.5
5267 0.5
5267 0.5
5267 0.5
5267 0.5
5267 0.5
5267 0.5
5267 0.5
5267 0.5
5268 0.05
5268 0.05
5268 0.1
5268 0.1
5268 0.5
5268 0.5
5268 0.5
5268 0.5
5268 0.5
5268 0.5
5268 0.5
5268 0.5
5268 0.5
5268 0.5
5269 0.05
5269 0.05
5269 0.1
5269 0.1
5269 0.5
5269 0.5
5269 0.5
5269 0.5
5269 0.5
5269 0.5
5269 0.5
5269 0.5
5269 0.5
5269 0.5
5270 0.05
5270 0.05
5270 0.1
5270 0.1
5270 0.5
5270 0.5
5270 0.5
5270 0.5
5270 0.5
5270 0.5
5270 0.5
5270 0.5
5270 0.5
5270 0.5
5271 0.05
5271 0.05
5271 0.05
5271 0.05
5271 0.5
5271 0.5
5271 0.5
5271 0.5
5271 0.5
5271 0.5
5271 0.5
5271 0.5
5271 0.5
5271 0.5
5338 0.5
5338 0.5
5338 0.5
5338 0.5
5338 0.5
5338 0.5
5338 0.5
5338 0.5
5338 0.5
5338 0.5
5338 0.5
5338 0.5
5338 0.5
5338 0.5
5339 0.1
5339 0.1
5339 0.1
5339 0.1
5339 0.5
5339 0.5
5339 0.5
5339 0.5
5339 0.5
5339 0.5
5339 0.5
5339 0.5
5339 0.5
5339 0.5
5340 0.1
5340 0.1
5340 0.1
5340 0.1
5340 0.5
5340 0.5
5340 0.5
5340 0.5
5340 0.5
5340 0.5
5340 0.5
5340 0.5
5340 0.5
5340 0.5
5341 0.05
5341 0.05
5341 0.05
5341 0.05
5341 0.5
5341 0.5
5341 0.5
5341 0.5
5341 0.5
5341 0.5
5341 0.5
5341 0.5
5341 0.5
5341 0.5
5342 0.05
5342 0.05
5342 0.05
5342 0.05
5342 0.5
5342 0.5
5342 0.5
5342 0.5
5342 0.5
5342 0.5
5342 0.5
5342 0.5
5342 0.5
5342 0.5
5343 0.05
5343 0.05
5343 0.05
5343 0.05
5343 0.5
5343 0.5
5343 0.5
5343 0.5
5343 0.5
5343 0.5
5343 0.5
5343 0.5
5343 0.5
5343 0.5
5344 0.05
5344 0.05
5344 0.05
5344 0.05
5344 0.5
5344 0.5
5344 0.5
5344 0.5
5344 0.5
5344 0.5
5344 0.5
5344 0.5
5344 0.5
5344 0.5
5345 0.05
5345 0.05
5345 0.05
5345 0.05
5345 0.5
5345 0.5
5345 0.5
5345 0.5
5345 0.5
5345 0.5
5345 0.5
5345 0.5
5345 0.5
5345 0.5
5346 0.05
5346 0.05
5346 0.05
5346 0.05
5346 0.5
5346 0.5
5346 0.5
5346 0.5
5346 0.5
5346 0.5
5346 0.5
5346 0.5
5346 0.5
5346 0.5
5347 0.05
5347 0.05
5347 0.05
5347 0.05
5347 0.5
5347 0.5
5347 0.5
5347 0.5
5347 0.5
5347 0.5
5347 0.5
5347 0.5
5347 0.5
5347 0.5
5348 0.1
5348 0.1
5348 0.1
5348 0.1
5348 0.5
5348 0.5
5348 0.5
5348 0.5
5348 0.5
5348 0.5
5348 0.5
5348 0.5
5348 0.5
5348 0.5
5349 0.5
5349 0.5
5349 0.5
5349 0.5
5349 0.5
5349 0.5
5349 0.5
5349 0.5
5349 0.5
5349 0.5
5349 0.5
5349 0.5
5349 0.5
5349 0.5
5352 0.5
5352 0.5
5352 0.5
5352 0.5
5352 0.5
5352 0.5
5352 0.5
5352 0.5
5352 0.5
5352 0.5
5352 0.5
5352 0.5
5352 0.5
5352 0.5
5353 0.1
5353 0.1
5353 0.1
5353 0.1
5353 0.5
5353 0.5
5353 0.5
5353 0.5
5353 0.5
5353 0.5
5353 0.5
5353 0.5
5353 0.5
5353 0.5
5354 0.05
5354 0.05
5354 0.1
5354 0.1
5354 0.5
5354 0.5
5354 0.5
5354 0.5
5354 0.5
5354 0.5
5354 0.5
5354 0.5
5354 0.5
5354 0.5
5355 0.05
5355 0.05
5355 0.1
5355 0.1
5355 0.5
5355 0.5
5355 0.5
5355 0.5
5355 0.5
5355 0.5
5355 0.5
5355 0.5
5355 0.5
5355 0.5
5356 0.05
5356 0.05
5356 0.1
5356 0.1
5356 0.5
5356 0.5
5356 0.5
5356 0.5
5356 0.5
5356 0.5
5356 0.5
5356 0.5
5356 0.5
5356 0.5
5357 0.05
5357 0.05
5357 0.1
5357 0.1
5357 0.5
5357 0.5
5357 0.5
5357 0.5
5357 0.5
5357 0.5
5357 0.5
5357 0.5
5357 0.5
5357 0.5
5358 0.05
5358 0.05
5358 0.1
5358 0.1
5358 0.5
5358 0.5
5358 0.5
5358 0.5
5358 0.5
5358 0.5
5358 0.5
5358 0.5
5358 0.5
5358 0.5
5359 0.05
5359 0.05
5359 0.1
5359 0.1
5359 0.5
5359 0.5
5359 0.5
5359 0.5
5359 0.5
5359 0.5
5359 0.5
5359 0.5
5359 0.5
5359 0.5
5425 0.5
5425 0.5
5425 0.5
5425 0.5
5425 0.5
5425 0.5
5425 0.5
5425 0.5
5425 0.5
5425 0.5
5425 0.5
5425 0.5
5425 0.5
5425 0.5
5426 0.1
5426 0.1
5426 0.1
5426 0.1
5426 0.5
5426 0.5
5426 0.5
5426 0.5
5426 0.5
5426 0.5
5426 0.5
5426 0.5
5426 0.5
5426 0.5
5427 0.05
5427 0.05
5427 0.05
5427 0.05
5427 0.5
5427 0.5
5427 0.5
5427 0.5
5427 0.5
5427 0.5
5427 0.5
5427 0.5
5427 0.5
5427 0.5
5428 0.05
5428 0.05
5428 0.05
5428 0.05
5428 0.5
5428 0.5
5428 0.5
5428 0.5
5428 0.5
5428 0.5
5428 0.5
5428 0.5
5428 0.5
5428 0.5
5429 0.05
5429 0.05
5429 0.05
5429 0.05
5429 0.5
5429 0.5
5429 0.5
5429 0.5
5429 0.5
5429 0.5
5429 0.5
5429 0.5
5429 0.5
5429 0.5
5430 0.05
5430 0.05
5430 0.05
5430 0.05
5430 0.5
5430 0.5
5430 0.5
5430 0.5
5430 0.5
5430 0.5
5430 0.5
5430 0.5
5430 0.5
5430 0.5
5431 0.05
5431 0.05
5431 0.05
5431 0.05
5431 0.5
5431 0.5
5431 0.5
5431 0.5
5431 0.5
5431 0.5
5431 0.5
5431 0.5
5431 0.5
5431 0.5
5432 0.05
5432 0.05
5432 0.05
5432 0.05
5432 0.5
5432 0.5
5432 0.5
5432 0.5
5432 0.5
5432 0.5
5432 0.5
5432 0.5
5432 0.5
5432 0.5
5433 0.05
5433 0.05
5433 0.05
5433 0.05
5433 0.5
5433 0.5
5433 0.5
5433 0.5
5433 0.5
5433 0.5
5433 0.5
5433 0.5
5433 0.5
5433 0.5
5434 0.05
5434 0.05
5434 0.05
5434 0.05
5434 0.5
5434 0.5
5434 0.5
5434 0.5
5434 0.5
5434 0.5
5434 0.5
5434 0.5
5434 0.5
5434 0.5
5435 0.1
5435 0.1
5435 0.1
5435 0.1
5435 0.5
5435 0.5
5435 0.5
5435 0.5
5435 0.5
5435 0.5
5435 0.5
5435 0.5
5435 0.5
5435 0.5
5436 0.5
5436 0.5
5436 0.5
5436 0.5
5436 0.5
5436 0.5
5436 0.5
5436 0.5
5436 0.5
5436 0.5
5436 0.5
5436 0.5
5436 0.5
5436 0.5
5440 0.5
5440 0.5
5440 0.5
5440 0.5
5440 0.5
5440 0.5
5440 0.5
5440 0.5
5440 0.5
5440 0.5
5440 0.5
5440 0.5
5440 0.5
5440 0.5
5441 0.5
5441 0.5
5441 0.5
5441 0.5
5441 0.5
5441 0.5
5441 0.5
5441 0.5
5441 0.5
5441 0.5
5441 0.5
5441 0.5
5441 0.5
5441 0.5
5442 0.1
5442 0.1
5442 0.1
5442 0.1
5442 0.5
5442 0.5
5442 0.5
5442 0.5
5442 0.5
5442 0.5
5442 0.5
5442 0.5
5442 0.5
5442 0.5
5443 0.05
5443 0.05
5443 0.1
5443 0.1
5443 0.5
5443 0.5
5443 0.5
5443 0.5
5443 0.5
5443 0.5
5443 0.5
5443 0.5
5443 0.5
5443 0.5
5444 0.05
5444 0.05
5444 0.1
5444 0.1
5444 0.5
5444 0.5
5444 0.5
5444 0.5
5444 0.5
5444 0.5
5444 0.5
5444 0.5
5444 0.5
5444 0.5
5445 0.05
5445 0.05
5445 0.1
5445 0.1
5445 0.5
5445 0.5
5445 0.5
5445 0.5
5445 0.5
5445 0.5
5445 0.5
5445 0.5
5445 0.5
5445 0.5
5446 0.05
5446 0.05
5446 0.1
5446 0.1
5446 0.5
5446 0.5
5446 0.5
5446 0.5
5446 0.5
5446 0.5
5446 0.5
5446 0.5
5446 0.5
5446 0.5
5447 0.1
5447 0.1
5447 0.1
5447 0.1
5447 0.5
5447 0.5
5447 0.5
5447 0.5
5447 0.5
5447 0.5
5447 0.5
5447 0.5
5447 0.5
5447 0.5
5513 0.1
5513 0.1
5513 0.1
5513 0.1
5513 0.5
5513 0.5
5513 0.5
5513 0.5
5513 0.5
5513 0.5
5513 0.5
5513 0.5
5513 0.5
5513 0.5
5514 0.05
5514 0.05
5514 0.05
5514 0.05
5514 0.5
5514 0.5
5514 0.5
5514 0.5
5514 0.5
5514 0.5
5514 0.5
5514 0.5
5514 0.5
5514 0.5
5515 0.05
5515 0.05
5515 0.05
5515 0.05
5515 0.5
5515 0.5
5515 0.5
5515 0.5
5515 0.5
5515 0.5
5515 0.5
5515 0.5
5515 0.5
5515 0.5
5516 0.05
5516 0.05
5516 0.05
5516 0.05
5516 0.5
5516 0.5
5516 0.5
5516 0.5
5516 0.5
5516 0.5
5516 0.5
5516 0.5
5516 0.5
5516 0.5
5517 0.05
5517 0.05
5517 0.05
5517 0.05
5517 0.5
5517 0.5
5517 0.5
5517 0.5
5517 0.5
5517 0.5
5517 0.5
5517 0.5
5517 0.5
5517 0.5
5518 0.05
5518 0.05
5518 0.05
5518 0.05
5518 0.5
5518 0.5
5518 0.5
5518 0.5
5518 0.5
5518 0.5
5518 0.5
5518 0.5
5518 0.5
5518 0.5
5519 0.05
5519 0.05
5519 0.05
5519 0.05
5519 0.5
5519 0.5
5519 0.5
5519 0.5
5519 0.5
5519 0.5
5519 0.5
5519 0.5
5519 0.5
5519 0.5
5520 0.05
5520 0.05
5520 0.05
5520 0.05
5520 0.5
5520 0.5
5520 0.5
5520 0.5
5520 0.5
5520 0.5
5520 0.5
5520 0.5
5520 0.5
5520 0.5
5521 0.05
5521 0.05
5521 0.05
5521 0.05
5521 0.5
5521 0.5
5521 0.5
5521 0.5
5521 0.5
5521 0.5
5521 0.5
5521 0.5
5521 0.5
5521 0.5
5522 0.1
5522 0.1
5522 0.05
5522 0.05
5522 0.5
5522 0.5
5522 0.5
5522 0.5
5522 0.5
5522 0.5
5522 0.5
5522 0.5
5522 0.5
5522 0.5
5523 0.5
5523 0.5
5523 0.1
5523 0.1
5523 0.5
5523 0.5
5523 0.5
5523 0.5
5523 0.5
5523 0.5
5523 0.5
5523 0.5
5523 0.5
5523 0.5
5526 0.5
5526 0.5
5526 0.5
5526 0.5
5526 0.5
5526 0.5
5526 0.5
5526 0.5
5526 0.5
5526 0.5
5526 0.5
5526 0.5
5526 0.5
5526 0.5
5529 0.5
5529 0.5
5529 0.5
5529 0.5
5529 0.5
5529 0.5
5529 0.5
5529 0.5
5529 0.5
5529 0.5
5529 0.5
5529 0.5
5529 0.5
5529 0.5
5530 0.5
5530 0.5
5530 0.5
5530 0.5
5530 0.5
5530 0.5
5530 0.5
5530 0.5
5530 0.5
5530 0.5
5530 0.5
5530 0.5
5530 0.5
5530 0.5
5531 0.1
5531 0.1
5531 0.5
5531 0.5
5531 0.5
5531 0.5
5531 0.5
5531 0.5
5531 0.5
5531 0.5
5531 0.5
5531 0.5
5531 0.5
5531 0.5
5532 0.1
5532 0.1
5532 0.1
5532 0.1
5532 0.5
5532 0.5
5532 0.5
5532 0.5
5532 0.5
5532 0.5
5532 0.5
5532 0.5
5532 0.5
5532 0.5
5533 0.1
5533 0.1
5533 0.1
5533 0.1
5533 0.5
5533 0.5
5533 0.5
5533 0.5
5533 0.5
5533 0.5
5533 0.5
5533 0.5
5533 0.5
5533 0.5
5534 0.1
5534 0.1
5534 0.1
5534 0.1
5534 0.5
5534 0.5
5534 0.5
5534 0.5
5534 0.5
5534 0.5
5534 0.5
5534 0.5
5534 0.5
5534 0.5
5535 0.1
5535 0.1
5535 0.5
5535 0.5
5535 0.5
5535 0.5
5535 0.5
5535 0.5
5535 0.5
5535 0.5
5535 0.5
5535 0.5
5535 0.5
5535 0.5
5599 0.5
5599 0.5
5599 0.5
5599 0.5
5599 0.5
5599 0.5
5599 0.5
5599 0.5
5599 0.5
5599 0.5
5599 0.5
5599 0.5
5599 0.5
5599 0.5
5600 0.1
5600 0.1
5600 0.1
5600 0.1
5600 0.5
5600 0.5
5600 0.5
5600 0.5
5600 0.5
5600 0.5
5600 0.5
5600 0.5
5600 0.5
5600 0.5
5601 0.05
5601 0.05
5601 0.05
5601 0.05
5601 0.5
5601 0.5
5601 0.5
5601 0.5
5601 0.5
5601 0.5
5601 0.5
5601 0.5
5601 0.5
5601 0.5
5602 0.05
5602 0.05
5602 0.05
5602 0.05
5602 0.5
5602 0.5
5602 0.5
5602 0.5
5602 0.5
5602 0.5
5602 0.5
5602 0.5
5602 0.5
5602 0.5
5603 0.05
5603 0.05
5603 0.05
5603 0.05
5603 0.5
5603 0.5
5603 0.5
5603 0.5
5603 0.5
5603 0.5
5603 0.5
5603 0.5
5603 0.5
5603 0.5
5604 0.05
5604 0.05
5604 0.05
5604 0.05
5604 0.5
5604 0.5
5604 0.5
5604 0.5
5604 0.5
5604 0.5
5604 0.5
5604 0.5
5604 0.5
5604 0.5
5605 0.05
5605 0.05
5605 0.05
5605 0.05
5605 0.5
5605 0.5
5605 0.5
5605 0.5
5605 0.5
5605 0.5
5605 0.5
5605 0.5
5605 0.5
5605 0.5
5606 0.05
5606 0.05
5606 0.05
5606 0.05
5606 0.5
5606 0.5
5606 0.5
5606 0.5
5606 0.5
5606 0.5
5606 0.5
5606 0.5
5606 0.5
5606 0.5
5607 0.05
5607 0.05
5607 0.05
5607 0.05
5607 0.5
5607 0.5
5607 0.5
5607 0.5
5607 0.5
5607 0.5
5607 0.5
5607 0.5
5607 0.5
5607 0.5
5608 0.05
5608 0.05
5608 0.05
5608 0.05
5608 0.5
5608 0.5
5608 0.5
5608 0.5
5608 0.5
5608 0.5
5608 0.5
5608 0.5
5608 0.5
5608 0.5
5609 0.1
5609 0.1
5609 0.05
5609 0.05
5609 0.5
5609 0.5
5609 0.5
5609 0.5
5609 0.5
5609 0.5
5609 0.5
5609 0.5
5609 0.5
5609 0.5
5610 0.5
5610 0.5
5610 0.1
5610 0.1
5610 0.5
5610 0.5
5610 0.5
5610 0.5
5610 0.5
5610 0.5
5610 0.5
5610 0.5
5610 0.5
5610 0.5
5613 0.5
5613 0.5
5613 0.5
5613 0.5
5613 0.5
5613 0.5
5613 0.5
5613 0.5
5613 0.5
5613 0.5
5613 0.5
5613 0.5
5613 0.5
5613 0.5
5614 0.5
5614 0.5
5614 0.5
5614 0.5
5614 0.5
5614 0.5
5614 0.5
5614 0.5
5614 0.5
5614 0.5
5614 0.5
5614 0.5
5614 0.5
5614 0.5
5618 0.5
5618 0.5
5618 0.5
5618 0.5
5618 0.5
5618 0.5
5618 0.5
5618 0.5
5618 0.5
5618 0.5
5618 0.5
5618 0.5
5618 0.5
5618 0.5
5619 0.5
5619 0.5
5619 0.5
5619 0.5
5619 0.5
5619 0.5
5619 0.5
5619 0.5
5619 0.5
5619 0.5
5619 0.5
5619 0.5
5619 0.5
5619 0.5
5620 0.1
5620 0.1
5620 0.5
5620 0.5
5620 0.5
5620 0.5
5620 0.5
5620 0.5
5620 0.5
5620 0.5
5620 0.5
5620 0.5
5620 0.5
5620 0.5
5621 0.1
5621 0.1
5621 0.5
5621 0.5
5621 0.5
5621 0.5
5621 0.5
5621 0.5
5621 0.5
5621 0.5
5621 0.5
5621 0.5
5621 0.5
5621 0.5
5685 0.5
5685 0.5
5685 0.5
5685 0.5
5685 0.5
5685 0.5
5685 0.5
5685 0.5
5685 0.5
5685 0.5
5685 0.5
5685 0.5
5685 0.5
5685 0.5
5686 0.1
5686 0.1
5686 0.1
5686 0.1
5686 0.5
5686 0.5
5686 0.5
5686 0.5
5686 0.5
5686 0.5
5686 0.5
5686 0.5
5686 0.5
5686 0.5
5687 0.05
5687 0.05
5687 0.05
5687 0.05
5687 0.5
5687 0.5
5687 0.5
5687 0.5
5687 0.5
5687 0.5
5687 0.5
5687 0.5
5687 0.5
5687 0.5
5688 0.05
5688 0.05
5688 0.05
5688 0.05
5688 0.5
5688 0.5
5688 0.5
5688 0.5
5688 0.5
5688 0.5
5688 0.5
5688 0.5
5688 0.5
5688 0.5
5689 0.05
5689 0.05
5689 0.05
5689 0.05
5689 0.5
5689 0.5
5689 0.5
5689 0.5
5689 0.5
5689 0.5
5689 0.5
5689 0.5
5689 0.5
5689 0.5
5690 0.05
5690 0.05
5690 0.05
5690 0.05
5690 0.5
5690 0.5
5690 0.5
5690 0.5
5690 0.5
5690 0.5
5690 0.5
5690 0.5
5690 0.5
5690 0.5
5691 0.05
5691 0.05
5691 0.05
5691 0.05
5691 0.5
5691 0.5
5691 0.5
5691 0.5
5691 0.5
5691 0.5
5691 0.5
5691 0.5
5691 0.5
5691 0.5
5692 0.05
5692 0.05
5692 0.05
5692 0.05
5692 0.5
5692 0.5
5692 0.5
5692 0.5
5692 0.5
5692 0.5
5692 0.5
5692 0.5
5692 0.5
5692 0.5
5693 0.05
5693 0.05
5693 0.05
5693 0.05
5693 0.5
5693 0.5
5693 0.5
5693 0.5
5693 0.5
5693 0.5
5693 0.5
5693 0.5
5693 0.5
5693 0.5
5694 0.05
5694 0.05
5694 0.05
5694 0.05
5694 0.5
5694 0.5
5694 0.5
5694 0.5
5694 0.5
5694 0.5
5694 0.5
5694 0.5
5694 0.5
5694 0.5
5695 0.1
5695 0.1
5695 0.05
5695 0.05
5695 0.5
5695 0.5
5695 0.5
5695 0.5
5695 0.5
5695 0.5
5695 0.5
5695 0.5
5695 0.5
5695 0.5
5696 0.1
5696 0.1
5696 0.1
5696 0.1
5696 0.5
5696 0.5
5696 0.5
5696 0.5
5696 0.5
5696 0.5
5696 0.5
5696 0.5
5696 0.5
5696 0.5
5700 0.5
5700 0.5
5700 0.5
5700 0.5
5700 0.5
5700 0.5
5700 0.5
5700 0.5
5700 0.5
5700 0.5
5700 0.5
5700 0.5
5700 0.5
5700 0.5
5701 0.5
5701 0.5
5701 0.5
5701 0.5
5701 0.5
5701 0.5
5701 0.5
5701 0.5
5701 0.5
5701 0.5
5701 0.5
5701 0.5
5701 0.5
5701 0.5
5702 0.5
5702 0.5
5702 0.5
5702 0.5
5702 0.5
5702 0.5
5702 0.5
5702 0.5
5702 0.5
5702 0.5
5702 0.5
5702 0.5
5702 0.5
5702 0.5
5707 0.5
5707 0.5
5707 0.5
5707 0.5
5707 0.5
5707 0.5
5707 0.5
5707 0.5
5707 0.5
5707 0.5
5707 0.5
5707 0.5
5707 0.5
5707 0.5
5708 0.5
5708 0.5
5708 0.5
5708 0.5
5708 0.5
5708 0.5
5708 0.5
5708 0.5
5708 0.5
5708 0.5
5708 0.5
5708 0.5
5708 0.5
5708 0.5
5773 0.5
5773 0.5
5773 0.1
5773 0.1
5773 0.5
5773 0.5
5773 0.5
5773 0.5
5773 0.5
5773 0.5
5773 0.5
5773 0.5
5773 0.5
5773 0.5
5774 0.1
5774 0.1
5774 0.05
5774 0.05
5774 0.5
5774 0.5
5774 0.5
5774 0.5
5774 0.5
5774 0.5
5774 0.5
5774 0.5
5774 0.5
5774 0.5
5775 0.05
5775 0.05
5775 0.05
5775 0.05
5775 0.5
5775 0.5
5775 0.5
5775 0.5
5775 0.5
5775 0.5
5775 0.5
5775 0.5
5775 0.5
5775 0.5
5776 0.05
5776 0.05
5776 0.05
5776 0.05
5776 0.5
5776 0.5
5776 0.5
5776 0.5
5776 0.5
5776 0.5
5776 0.5
5776 0.5
5776 0.5
5776 0.5
5777 0.05
5777 0.05
5777 0.05
5777 0.05
5777 0.5
5777 0.5
5777 0.5
5777 0.5
5777 0.5
5777 0.5
5777 0.5
5777 0.5
5777 0.5
5777 0.5
5778 0.05
5778 0.05
5778 0.05
5778 0.05
5778 0.5
5778 0.5
5778 0.5
5778 0.5
5778 0.5
5778 0.5
5778 0.5
5778 0.5
5778 0.5
5778 0.5
5779 0.05
5779 0.05
5779 0.05
5779 0.05
5779 0.5
5779 0.5
5779 0.5
5779 0.5
5779 0.5
5779 0.5
5779 0.5
5779 0.5
5779 0.5
5779 0.5
5780 0.05
5780 0.05
5780 0.05
5780 0.05
5780 0.5
5780 0.5
5780 0.5
5780 0.5
5780 0.5
5780 0.5
5780 0.5
5780 0.5
5780 0.5
5780 0.5
5781 0.05
5781 0.05
5781 0.05
5781 0.05
5781 0.5
5781 0.5
5781 0.5
5781 0.5
5781 0.5
5781 0.5
5781 0.5
5781 0.5
5781 0.5
5781 0.5
5782 0.1
5782 0.1
5782 0.1
5782 0.1
5782 0.5
5782 0.5
5782 0.5
5782 0.5
5782 0.5
5782 0.5
5782 0.5
5782 0.5
5782 0.5
5782 0.5
5783 0.1
5783 0.1
5783 0.1
5783 0.1
5783 0.5
5783 0.5
5783 0.5
5783 0.5
5783 0.5
5783 0.5
5783 0.5
5783 0.5
5783 0.5
5783 0.5
5784 0.5
5784 0.5
5784 0.5
5784 0.5
5784 0.5
5784 0.5
5784 0.5
5784 0.5
5784 0.5
5784 0.5
5784 0.5
5784 0.5
5784 0.5
5784 0.5
5788 0.5
5788 0.5
5788 0.5
5788 0.5
5788 0.5
5788 0.5
5788 0.5
5788 0.5
5788 0.5
5788 0.5
5788 0.5
5788 0.5
5788 0.5
5788 0.5
5789 0.5
5789 0.5
5789 0.5
5789 0.5
5789 0.5
5789 0.5
5789 0.5
5789 0.5
5789 0.5
5789 0.5
5789 0.5
5789 0.5
5789 0.5
5789 0.5
5791 0.5
5791 0.5
5791 0.5
5791 0.5
5791 0.5
5791 0.5
5791 0.5
5791 0.5
5791 0.5
5791 0.5
5791 0.5
5791 0.5
5791 0.5
5791 0.5
5792 0.5
5792 0.5
5792 0.5
5792 0.5
5792 0.5
5792 0.5
5792 0.5
5792 0.5
5792 0.5
5792 0.5
5792 0.5
5792 0.5
5792 0.5
5792 0.5
5864 0.5
5864 0.5
5864 0.5
5864 0.5
5864 0.5
5864 0.5
5864 0.5
5864 0.5
5864 0.5
5864 0.5
5864 0.5
5864 0.5
5864 0.5
5864 0.5
5865 0.1
5865 0.1
5865 0.1
5865 0.1
5865 0.5
5865 0.5
5865 0.5
5865 0.5
5865 0.5
5865 0.5
5865 0.5
5865 0.5
5865 0.5
5865 0.5
5866 0.05
5866 0.05
5866 0.05
5866 0.05
5866 0.5
5866 0.5
5866 0.5
5866 0.5
5866 0.5
5866 0.5
5866 0.5
5866 0.5
5866 0.5
5866 0.5
5867 0.05
5867 0.05
5867 0.05
5867 0.05
5867 0.5
5867 0.5
5867 0.5
5867 0.5
5867 0.5
5867 0.5
5867 0.5
5867 0.5
5867 0.5
5867 0.5
5868 0.05
5868 0.05
5868 0.05
5868 0.05
5868 0.5
5868 0.5
5868 0.5
5868 0.5
5868 0.5
5868 0.5
5868 0.5
5868 0.5
5868 0.5
5868 0.5
5869 0.05
5869 0.05
5869 0.05
5869 0.05
5869 0.5
5869 0.5
5869 0.5
5869 0.5
5869 0.5
5869 0.5
5869 0.5
5869 0.5
5869 0.5
5869 0.5
5870 0.05
5870 0.05
5870 0.05
5870 0.05
5870 0.5
5870 0.5
5870 0.5
5870 0.5
5870 0.5
5870 0.5
5870 0.5
5870 0.5
5870 0.5
5870 0.5
5871 0.05
5871 0.05
5871 0.05
5871 0.05
5871 0.5
5871 0.5
5871 0.5
5871 0.5
5871 0.5
5871 0.5
5871 0.5
5871 0.5
5871 0.5
5871 0.5
5872 0.1
5872 0.1
5872 0.1
5872 0.1
5872 0.5
5872 0.5
5872 0.5
5872 0.5
5872 0.5
5872 0.5
5872 0.5
5872 0.5
5872 0.5
5872 0.5
5873 0.1
5873 0.1
5873 0.1
5873 0.1
5873 0.5
5873 0.5
5873 0.5
5873 0.5
5873 0.5
5873 0.5
5873 0.5
5873 0.5
5873 0.5
5873 0.5
5874 0.5
5874 0.5
5874 0.1
5874 0.1
5874 0.5
5874 0.5
5874 0.5
5874 0.5
5874 0.5
5874 0.5
5874 0.5
5874 0.5
5874 0.5
5874 0.5
5878 0.5
5878 0.5
5878 0.5
5878 0.5
5878 0.5
5878 0.5
5878 0.5
5878 0.5
5878 0.5
5878 0.5
5878 0.5
5878 0.5
5878 0.5
5878 0.5
5879 0.5
5879 0.5
5879 0.5
5879 0.5
5879 0.5
5879 0.5
5879 0.5
5879 0.5
5879 0.5
5879 0.5
5879 0.5
5879 0.5
5879 0.5
5879 0.5
5880 0.5
5880 0.5
5880 0.5
5880 0.5
5880 0.5
5880 0.5
5880 0.5
5880 0.5
5880 0.5
5880 0.5
5880 0.5
5880 0.5
5880 0.5
5880 0.5
5882 0.5
5882 0.5
5882 0.5
5882 0.5
5882 0.5
5882 0.5
5882 0.5
5882 0.5
5882 0.5
5882 0.5
5882 0.5
5882 0.5
5882 0.5
5882 0.5
5883 0.5
5883 0.5
5883 0.5
5883 0.5
5883 0.5
5883 0.5
5883 0.5
5883 0.5
5883 0.5
5883 0.5
5883 0.5
5883 0.5
5883 0.5
5883 0.5
5884 0.5
5884 0.5
5884 0.5
5884 0.5
5884 0.5
5884 0.5
5884 0.5
5884 0.5
5884 0.5
5884 0.5
5884 0.5
5884 0.5
5884 0.5
5884 0.5
5961 0.5
5961 0.5
5961 0.5
5961 0.5
5961 0.5
5961 0.5
5961 0.5
5961 0.5
5961 0.5
5961 0.5
5961 0.5
5961 0.5
5961 0.5
5961 0.5
5962 0.1
5962 0.1
5962 0.1
5962 0.1
5962 0.5
5962 0.5
5962 0.5
5962 0.5
5962 0.5
5962 0.5
5962 0.5
5962 0.5
5962 0.5
5962 0.5
5963 0.1
5963 0.1
5963 0.1
5963 0.1
5963 0.5
5963 0.5
5963 0.5
5963 0.5
5963 0.5
5963 0.5
5963 0.5
5963 0.5
5963 0.5
5963 0.5
5964 0.1
5964 0.1
5964 0.1
5964 0.1
5964 0.5
5964 0.5
5964 0.5
5964 0.5
5964 0.5
5964 0.5
5964 0.5
5964 0.5
5964 0.5
5964 0.5
5965 0.1
5965 0.1
5965 0.05
5965 0.05
5965 0.5
5965 0.5
5965 0.5
5965 0.5
5965 0.5
5965 0.5
5965 0.5
5965 0.5
5965 0.5
5965 0.5
5966 0.1
5966 0.1
5966 0.05
5966 0.05
5966 0.5
5966 0.5
5966 0.5
5966 0.5
5966 0.5
5966 0.5
5966 0.5
5966 0.5
5966 0.5
5966 0.5
5967 0.1
5967 0.1
5967 0.05
5967 0.05
5967 0.5
5967 0.5
5967 0.5
5967 0.5
5967 0.5
5967 0.5
5967 0.5
5967 0.5
5967 0.5
5967 0.5
5968 0.1
5968 0.1
5968 0.1
5968 0.1
5968 0.5
5968 0.5
5968 0.5
5968 0.5
5968 0.5
5968 0.5
5968 0.5
5968 0.5
5968 0.5
5968 0.5
5969 0.1
5969 0.1
5969 0.1
5969 0.1
5969 0.5
5969 0.5
5969 0.5
5969 0.5
5969 0.5
5969 0.5
5969 0.5
5969 0.5
5969 0.5
5969 0.5
5970 0.5
5970 0.5
5970 0.5
5970 0.5
5970 0.5
5970 0.5
5970 0.5
5970 0.5
5970 0.5
5970 0.5
5970 0.5
5970 0.5
5970 0.5
5970 0.5
5974 0.5
5974 0.5
5974 0.5
5974 0.5
5974 0.5
5974 0.5
5974 0.5
5974 0.5
5974 0.5
5974 0.5
5974 0.5
5974 0.5
5974 0.5
5974 0.5
5975 0.5
5975 0.5
5975 0.5
5975 0.5
5975 0.5
5975 0.5
5975 0.5
5975 0.5
5975 0.5
5975 0.5
5975 0.5
5975 0.5
5975 0.5
5975 0.5
5976 0.5
5976 0.5
5976 0.5
5976 0.5
5976 0.5
5976 0.5
5976 0.5
5976 0.5
5976 0.5
5976 0.5
5976 0.5
5976 0.5
5976 0.5
5976 0.5
5977 0.5
5977 0.5
5977 0.5
5977 0.5
5977 0.5
5977 0.5
5977 0.5
5977 0.5
5977 0.5
5977 0.5
5977 0.5
5977 0.5
5977 0.5
5977 0.5
5980 0.5
5980 0.5
5980 0.5
5980 0.5
5980 0.5
5980 0.5
5980 0.5
5980 0.5
5980 0.5
5980 0.5
5980 0.5
5980 0.5
5980 0.5
5980 0.5
5981 0.5
5981 0.5
5981 0.5
5981 0.5
5981 0.5
5981 0.5
5981 0.5
5981 0.5
5981 0.5
5981 0.5
5981 0.5
5981 0.5
5981 0.5
5981 0.5
5982 0.5
5982 0.5
5982 0.5
5982 0.5
5982 0.5
5982 0.5
5982 0.5
5982 0.5
5982 0.5
5982 0.5
5982 0.5
5982 0.5
5982 0.5
5982 0.5
6065 0.5
6065 0.5
6065 0.5
6065 0.5
6065 0.5
6065 0.5
6065 0.5
6065 0.5
6065 0.5
6065 0.5
6065 0.5
6065 0.5
6065 0.5
6065 0.5
6066 0.5
6066 0.5
6066 0.5
6066 0.5
6066 0.5
6066 0.5
6066 0.5
6066 0.5
6066 0.5
6066 0.5
6066 0.5
6066 0.5
6066 0.5
6066 0.5
6067 0.1
6067 0.1
6067 0.1
6067 0.1
6067 0.5
6067 0.5
6067 0.5
6067 0.5
6067 0.5
6067 0.5
6067 0.5
6067 0.5
6067 0.5
6067 0.5
6068 0.1
6068 0.1
6068 0.1
6068 0.1
6068 0.5
6068 0.5
6068 0.5
6068 0.5
6068 0.5
6068 0.5
6068 0.5
6068 0.5
6068 0.5
6068 0.5
6069 0.1
6069 0.1
6069 0.1
6069 0.1
6069 0.5
6069 0.5
6069 0.5
6069 0.5
6069 0.5
6069 0.5
6069 0.5
6069 0.5
6069 0.5
6069 0.5
6070 0.1
6070 0.1
6070 0.1
6070 0.1
6070 0.5
6070 0.5
6070 0.5
6070 0.5
6070 0.5
6070 0.5
6070 0.5
6070 0.5
6070 0.5
6070 0.5
6071 0.1
6071 0.1
6071 0.1
6071 0.1
6071 0.5
6071 0.5
6071 0.5
6071 0.5
6071 0.5
6071 0.5
6071 0.5
6071 0.5
6071 0.5
6071 0.5
6072 0.5
6072 0.5
6072 0.5
6072 0.5
6072 0.5
6072 0.5
6072 0.5
6072 0.5
6072 0.5
6072 0.5
6072 0.5
6072 0.5
6072 0.5
6072 0.5
6077 0.5
6077 0.5
6077 0.5
6077 0.5
6077 0.5
6077 0.5
6077 0.5
6077 0.5
6077 0.5
6077 0.5
6077 0.5
6077 0.5
6077 0.5
6077 0.5
6078 0.5
6078 0.5
6078 0.5
6078 0.5
6078 0.5
6078 0.5
6078 0.5
6078 0.5
6078 0.5
6078 0.5
6078 0.5
6078 0.5
6078 0.5
6078 0.5
6079 0.5
6079 0.5
6079 0.5
6079 0.5
6079 0.5
6079 0.5
6079 0.5
6079 0.5
6079 0.5
6079 0.5
6079 0.5
6079 0.5
6079 0.5
6079 0.5
6080 0.5
6080 0.5
6080 0.5
6080 0.5
6080 0.5
6080 0.5
6080 0.5
6080 0.5
6080 0.5
6080 0.5
6080 0.5
6080 0.5
6080 0.5
6080 0.5
6084 0.5
6084 0.5
6084 0.5
6084 0.5
6084 0.5
6084 0.5
6084 0.5
6084 0.5
6084 0.5
6084 0.5
6084 0.5
6084 0.5
6084 0.5
6084 0.5
6085 0.5
6085 0.5
6085 0.5
6085 0.5
6085 0.5
6085 0.5
6085 0.5
6085 0.5
6085 0.5
6085 0.5
6085 0.5
6085 0.5
6085 0.5
6085 0.5
6086 0.5
6086 0.5
6086 0.5
6086 0.5
6086 0.5
6086 0.5
6086 0.5
6086 0.5
6086 0.5
6086 0.5
6086 0.5
6086 0.5
6086 0.5
6086 0.5
6166 0.5
6166 0.5
6166 0.5
6166 0.5
6166 0.5
6166 0.5
6166 0.5
6166 0.5
6166 0.5
6166 0.5
6166 0.5
6166 0.5
6166 0.5
6166 0.5
6167 0.5
6167 0.5
6167 0.5
6167 0.5
6167 0.5
6167 0.5
6167 0.5
6167 0.5
6167 0.5
6167 0.5
6167 0.5
6167 0.5
6167 0.5
6167 0.5
6168 0.5
6168 0.5
6168 0.5
6168 0.5
6168 0.5
6168 0.5
6168 0.5
6168 0.5
6168 0.5
6168 0.5
6168 0.5
6168 0.5
6168 0.5
6168 0.5
6169 0.1
6169 0.1
6169 0.1
6169 0.1
6169 0.5
6169 0.5
6169 0.5
6169 0.5
6169 0.5
6169 0.5
6169 0.5
6169 0.5
6169 0.5
6169 0.5
6170 0.5
6170 0.5
6170 0.5
6170 0.5
6170 0.5
6170 0.5
6170 0.5
6170 0.5
6170 0.5
6170 0.5
6170 0.5
6170 0.5
6170 0.5
6170 0.5
6171 0.5
6171 0.5
6171 0.5
6171 0.5
6171 0.5
6171 0.5
6171 0.5
6171 0.5
6171 0.5
6171 0.5
6171 0.5
6171 0.5
6171 0.5
6171 0.5
6177 0.5
6177 0.5
6177 0.5
6177 0.5
6177 0.5
6177 0.5
6177 0.5
6177 0.5
6177 0.5
6177 0.5
6177 0.5
6177 0.5
6177 0.5
6177 0.5
6178 0.5
6178 0.5
6178 0.5
6178 0.5
6178 0.5
6178 0.5
6178 0.5
6178 0.5
6178 0.5
6178 0.5
6178 0.5
6178 0.5
6178 0.5
6178 0.5
6179 0.5
6179 0.5
6179 0.5
6179 0.5
6179 0.5
6179 0.5
6179 0.5
6179 0.5
6179 0.5
6179 0.5
6179 0.5
6179 0.5
6179 0.5
6179 0.5
6180 0.5
6180 0.5
6180 0.5
6180 0.5
6180 0.5
6180 0.5
6180 0.5
6180 0.5
6180 0.5
6180 0.5
6180 0.5
6180 0.5
6180 0.5
6180 0.5
6181 0.5
6181 0.5
6181 0.5
6181 0.5
6181 0.5
6181 0.5
6181 0.5
6181 0.5
6181 0.5
6181 0.5
6181 0.5
6181 0.5
6181 0.5
6181 0.5
6185 0.5
6185 0.5
6185 0.5
6185 0.5
6185 0.5
6185 0.5
6185 0.5
6185 0.5
6185 0.5
6185 0.5
6185 0.5
6185 0.5
6185 0.5
6185 0.5
6186 0.5
6186 0.5
6186 0.5
6186 0.5
6186 0.5
6186 0.5
6186 0.5
6186 0.5
6186 0.5
6186 0.5
6186 0.5
6186 0.5
6186 0.5
6186 0.5
6261 0.5
6261 0.5
6261 0.5
6261 0.5
6261 0.5
6261 0.5
6261 0.5
6261 0.5
6261 0.5
6261 0.5
6261 0.5
6261 0.5
6261 0.5
6261 0.5
6269 0.5
6269 0.5
6269 0.5
6269 0.5
6269 0.5
6269 0.5
6269 0.5
6269 0.5
6269 0.5
6269 0.5
6269 0.5
6269 0.5
6269 0.5
6269 0.5
6270 0.5
6270 0.5
6270 0.5
6270 0.5
6270 0.5
6270 0.5
6270 0.5
6270 0.5
6270 0.5
6270 0.5
6270 0.5
6270 0.5
6270 0.5
6270 0.5
6271 0.5
6271 0.5
6271 0.5
6271 0.5
6271 0.5
6271 0.5
6271 0.5
6271 0.5
6271 0.5
6271 0.5
6271 0.5
6271 0.5
6271 0.5
6271 0.5
6272 0.5
6272 0.5
6272 0.5
6272 0.5
6272 0.5
6272 0.5
6272 0.5
6272 0.5
6272 0.5
6272 0.5
6272 0.5
6272 0.5
6272 0.5
6272 0.5
6273 0.5
6273 0.5
6273 0.5
6273 0.5
6273 0.5
6273 0.5
6273 0.5
6273 0.5
6273 0.5
6273 0.5
6273 0.5
6273 0.5
6273 0.5
6273 0.5
6274 0.5
6274 0.5
6274 0.5
6274 0.5
6274 0.5
6274 0.5
6274 0.5
6274 0.5
6274 0.5
6274 0.5
6274 0.5
6274 0.5
6274 0.5
6274 0.5
6278 0.5
6278 0.5
6278 0.5
6278 0.5
6278 0.5
6278 0.5
6278 0.5
6278 0.5
6278 0.5
6278 0.5
6278 0.5
6278 0.5
6278 0.5
6278 0.5
6361 0.5
6361 0.5
6361 0.5
6361 0.5
6361 0.5
6361 0.5
6361 0.5
6361 0.5
6361 0.5
6361 0.5
6361 0.5
6361 0.5
6361 0.5
6361 0.5
6362 0.5
6362 0.5
6362 0.5
6362 0.5
6362 0.5
6362 0.5
6362 0.5
6362 0.5
6362 0.5
6362 0.5
6362 0.5
6362 0.5
6362 0.5
6362 0.5
6363 0.5
6363 0.5
6363 0.5
6363 0.5
6363 0.5
6363 0.5
6363 0.5
6363 0.5
6363 0.5
6363 0.5
6363 0.5
6363 0.5
6363 0.5
6363 0.5
6364 0.5
6364 0.5
6364 0.5
6364 0.5
6364 0.5
6364 0.5
6364 0.5
6364 0.5
6364 0.5
6364 0.5
6364 0.5
6364 0.5
6364 0.5
6364 0.5
6365 0.5
6365 0.5
6365 0.5
6365 0.5
6365 0.5
6365 0.5
6365 0.5
6365 0.5
6365 0.5
6365 0.5
6365 0.5
6365 0.5
6365 0.5
6365 0.5
6366 0.5
6366 0.5
6366 0.5
6366 0.5
6366 0.5
6366 0.5
6366 0.5
6366 0.5
6366 0.5
6366 0.5
6366 0.5
6366 0.5
6366 0.5
6366 0.5
6451 0.5
6451 0.5
6451 0.5
6451 0.5
6451 0.5
6451 0.5
6451 0.5
6451 0.5
6451 0.5
6451 0.5
6451 0.5
6451 0.5
6451 0.5
6451 0.5
6452 0.5
6452 0.5
6452 0.5
6452 0.5
6452 0.5
6452 0.5
6452 0.5
6452 0.5
6452 0.5
6452 0.5
6452 0.5
6452 0.5
6452 0.5
6452 0.5
6453 0.5
6453 0.5
6453 0.5
6453 0.5
6453 0.5
6453 0.5
6453 0.5
6453 0.5
6453 0.5
6453 0.5
6453 0.5
6453 0.5
6453 0.5
6453 0.5
6454 0.5
6454 0.5
6454 0.5
6454 0.5
6454 0.5
6454 0.5
6454 0.5
6454 0.5
6454 0.5
6454 0.5
6454 0.5
6454 0.5
6454 0.5
6454 0.5
6455 0.5
6455 0.5
6455 0.5
6455 0.5
6455 0.5
6455 0.5
6455 0.5
6455 0.5
6455 0.5
6455 0.5
6455 0.5
6455 0.5
6455 0.5
6455 0.5
6456 0.5
6456 0.5
6456 0.5
6456 0.5
6456 0.5
6456 0.5
6456 0.5
6456 0.5
6456 0.5
6456 0.5
6456 0.5
6456 0.5
6456 0.5
6456 0.5
6538 0.5
6538 0.5
6538 0.5
6538 0.5
6538 0.5
6538 0.5
6538 0.5
6538 0.5
6538 0.5
6538 0.5
6538 0.5
6538 0.5
6538 0.5
6538 0.5
6539 0.5
6539 0.5
6539 0.5
6539 0.5
6539 0.5
6539 0.5
6539 0.5
6539 0.5
6539 0.5
6539 0.5
6539 0.5
6539 0.5
6539 0.5
6539 0.5
6540 0.5
6540 0.5
6540 0.5
6540 0.5
6540 0.5
6540 0.5
6540 0.5
6540 0.5
6540 0.5
6540 0.5
6540 0.5
6540 0.5
6540 0.5
6540 0.5
9658 0.5
9658 0.5
9658 0.5
9658 0.5
9658 0.1
9658 0.1
9658 0.1
9658 0.1
9658 0.1
9658 0.1
9658 0.1
9658 0.5
9658 0.5
9658 0.5
9670 0.5
9670 0.5
9670 0.5
9670 0.5
9670 0.5
9670 0.5
9670 0.5
9670 0.5
9670 0.5
9670 0.5
9670 0.5
9670 0.5
9670 0.5
9670 0.5
9671 0.5
9671 0.5
9671 0.5
9671 0.5
9671 0.5
9671 0.5
9671 0.5
9671 0.5
9671 0.5
9671 0.5
9671 0.5
9671 0.5
9671 0.5
9671 0.5
9676 0.5
9676 0.5
9676 0.5
9676 0.5
9676 0.5
9676 0.5
9676 0.5
9676 0.5
9676 0.5
9676 0.5
9676 0.5
9676 0.5
9676 0.5
9676 0.5
9677 0.5
9677 0.5
9677 0.5
9677 0.5
9677 0.5
9677 0.5
9677 0.5
9677 0.5
9677 0.5
9677 0.5
9677 0.5
9677 0.5
9677 0.5
9677 0.5
9678 0.5
9678 0.5
9678 0.5
9678 0.5
9678 0.1
9678 0.1
9678 0.1
9678 0.1
9678 0.1
9678 0.1
9678 0.1
9678 0.5
9678 0.5
9678 0.5
9696 0.1
9696 0.1
9696 0.1
9696 0.1
9696 0.05
9696 0.05
9696 0.05
9696 0.05
9696 0.05
9696 0.05
9696 0.05
9696 0.5
9696 0.5
9696 0.5
9702 0.5
9702 0.5
9702 0.5
9702 0.5
9702 0.5
9702 0.5
9702 0.5
9702 0.5
9702 0.5
9702 0.5
9702 0.5
9702 0.5
9702 0.5
9702 0.5
9704 0.5
9704 0.5
9704 0.5
9704 0.5
9704 0.1
9704 0.1
9704 0.1
9704 0.1
9704 0.1
9704 0.1
9704 0.1
9704 0.5
9704 0.5
9704 0.5
9710 0.5
9710 0.5
9710 0.5
9710 0.5
9710 0.5
9710 0.5
9710 0.5
9710 0.5
9710 0.5
9710 0.5
9710 0.5
9710 0.5
9710 0.5
9710 0.5
9712 0.1
9712 0.1
9712 0.05
9712 0.05
9712 0.5
9712 0.5
9712 0.5
9712 0.5
9712 0.5
9712 0.5
9712 0.5
9712 0.5
9712 0.5
9712 0.5
9715 0.5
9715 0.5
9715 0.5
9715 0.5
9715 0.5
9715 0.5
9715 0.5
9715 0.5
9715 0.5
9715 0.5
9715 0.5
9715 0.5
9715 0.5
9715 0.5
9718 0.5
9718 0.5
9718 0.5
9718 0.5
9718 0.5
9718 0.5
9718 0.5
9718 0.5
9718 0.5
9718 0.5
9718 0.5
9718 0.5
9718 0.5
9718 0.5
9719 0.05
9719 0.05
9719 0.05
9719 0.05
9719 0.5
9719 0.5
9719 0.5
9719 0.5
9719 0.5
9719 0.5
9719 0.5
9719 0.5
9719 0.5
9719 0.5
9721 0.5
9721 0.5
9721 0.5
9721 0.5
9721 0.1
9721 0.1
9721 0.1
9721 0.1
9721 0.1
9721 0.1
9721 0.1
9721 0.5
9721 0.5
9721 0.5
9726 0.5
9726 0.5
9726 0.5
9726 0.5
9726 0.05
9726 0.05
9726 0.05
9726 0.05
9726 0.05
9726 0.05
9726 0.05
9726 0.5
9726 0.5
9726 0.5
9727 0.5
9727 0.5
9727 0.5
9727 0.5
9727 0.5
9727 0.5
9727 0.5
9727 0.5
9727 0.5
9727 0.5
9727 0.5
9727 0.5
9727 0.5
9727 0.5
9728 0.1
9728 0.1
9728 0.1
9728 0.1
9728 0.05
9728 0.05
9728 0.05
9728 0.05
9728 0.05
9728 0.05
9728 0.05
9728 0.5
9728 0.5
9728 0.5
9729 0.5
9729 0.5
9729 0.5
9729 0.5
9729 0.5
9729 0.5
9729 0.5
9729 0.5
9729 0.5
9729 0.5
9729 0.5
9729 0.5
9729 0.5
9729 0.5
9731 0.1
9731 0.1
9731 0.1
9731 0.1
9731 0.5
9731 0.5
9731 0.5
9731 0.5
9731 0.5
9731 0.5
9731 0.5
9731 0.5
9731 0.5
9731 0.5
9733 0.1
9733 0.1
9733 0.1
9733 0.1
9733 0.5
9733 0.5
9733 0.5
9733 0.5
9733 0.5
9733 0.5
9733 0.5
9733 0.5
9733 0.5
9733 0.5
9734 0.5
9734 0.5
9734 0.1
9734 0.1
9734 0.5
9734 0.5
9734 0.5
9734 0.5
9734 0.5
9734 0.5
9734 0.5
9734 0.5
9734 0.5
9734 0.5
9741 0.5
9741 0.5
9741 0.1
9741 0.1
9741 0.1
9741 0.1
9741 0.1
9741 0.1
9741 0.1
9741 0.1
9741 0.1
9741 0.5
9741 0.5
9741 0.5
9746 0.5
9746 0.5
9746 0.1
9746 0.1
9746 0.5
9746 0.5
9746 0.5
9746 0.5
9746 0.5
9746 0.5
9746 0.5
9746 0.5
9746 0.5
9746 0.5
9748 0.5
9748 0.5
9748 0.5
9748 0.5
9748 0.5
9748 0.5
9748 0.5
9748 0.5
9748 0.5
9748 0.5
9748 0.5
9748 0.5
9748 0.5
9748 0.5
9749 0.5
9749 0.5
9749 0.5
9749 0.5
9749 0.5
9749 0.5
9749 0.5
9749 0.5
9749 0.5
9749 0.5
9749 0.5
9749 0.5
9749 0.5
9749 0.5
9753 0.5
9753 0.5
9753 0.1
9753 0.1
9753 0.05
9753 0.05
9753 0.05
9753 0.05
9753 0.05
9753 0.05
9753 0.05
9753 0.5
9753 0.5
9753 0.5
9755 0.5
9755 0.5
9755 0.5
9755 0.5
9755 0.5
9755 0.5
9755 0.5
9755 0.5
9755 0.5
9755 0.5
9755 0.5
9755 0.5
9755 0.5
9755 0.5
9762 0.5
9762 0.5
9762 0.1
9762 0.1
9762 0.1
9762 0.1
9762 0.1
9762 0.1
9762 0.1
9762 0.1
9762 0.1
9762 0.5
9762 0.5
9762 0.5
9763 0.1
9763 0.1
9763 0.1
9763 0.1
9763 0.1
9763 0.1
9763 0.1
9763 0.1
9763 0.1
9763 0.1
9763 0.1
9763 0.5
9763 0.5
9763 0.5
9765 0.1
9765 0.1
9765 0.1
9765 0.1
9765 0.1
9765 0.1
9765 0.1
9765 0.1
9765 0.1
9765 0.1
9765 0.1
9765 0.5
9765 0.5
9765 0.5
9766 0.1
9766 0.1
9766 0.1
9766 0.1
9766 0.05
9766 0.05
9766 0.05
9766 0.05
9766 0.05
9766 0.05
9766 0.05
9766 0.5
9766 0.5
9766 0.5
9774 0.5
9774 0.5
9774 0.1
9774 0.1
9774 0.1
9774 0.1
9774 0.1
9774 0.1
9774 0.1
9774 0.1
9774 0.1
9774 0.5
9774 0.5
9774 0.5
9775 0.5
9775 0.5
9775 0.1
9775 0.1
9775 0.5
9775 0.5
9775 0.5
9775 0.5
9775 0.5
9775 0.5
9775 0.5
9775 0.5
9775 0.5
9775 0.5
9784 0.5
9784 0.5
9784 0.5
9784 0.5
9784 0.5
9784 0.5
9784 0.5
9784 0.5
9784 0.5
9784 0.5
9784 0.5
9784 0.5
9784 0.5
9784 0.5
9794 0.05
9794 0.05
9794 0.05
9794 0.05
9794 0.5
9794 0.5
9794 0.5
9794 0.5
9794 0.5
9794 0.5
9794 0.5
9794 0.5
9794 0.5
9794 0.5
9797 0.5
9797 0.5
9797 0.5
9797 0.5
9797 0.5
9797 0.5
9797 0.5
9797 0.5
9797 0.5
9797 0.5
9797 0.5
9797 0.5
9797 0.5
9797 0.5
9802 0.5
9802 0.5
9802 0.5
9802 0.5
9802 0.5
9802 0.5
9802 0.5
9802 0.5
9802 0.5
9802 0.5
9802 0.5
9802 0.5
9802 0.5
9802 0.5
9806 0.5
9806 0.5
9806 0.1
9806 0.1
9806 0.5
9806 0.5
9806 0.5
9806 0.5
9806 0.5
9806 0.5
9806 0.5
9806 0.5
9806 0.5
9806 0.5
9812 0.1
9812 0.1
9812 0.1
9812 0.1
9812 0.5
9812 0.5
9812 0.5
9812 0.5
9812 0.5
9812 0.5
9812 0.5
9812 0.5
9812 0.5
9812 0.5
9816 0.5
9816 0.5
9816 0.1
9816 0.1
9816 0.1
9816 0.1
9816 0.1
9816 0.1
9816 0.1
9816 0.1
9816 0.1
9816 0.5
9816 0.5
9816 0.5
9818 0.5
9818 0.5
9818 0.1
9818 0.1
9818 0.1
9818 0.1
9818 0.1
9818 0.1
9818 0.1
9818 0.1
9818 0.1
9818 0.5
9818 0.5
9818 0.5
9821 0.1
9821 0.1
9821 0.1
9821 0.1
9821 0.1
9821 0.1
9821 0.1
9821 0.1
9821 0.1
9821 0.1
9821 0.1
9821 0.5
9821 0.5
9821 0.5
9824 0.5
9824 0.5
9824 0.5
9824 0.5
9824 0.5
9824 0.5
9824 0.5
9824 0.5
9824 0.5
9824 0.5
9824 0.5
9824 0.5
9824 0.5
9824 0.5
9828 0.5
9828 0.5
9828 0.5
9828 0.5
9828 0.5
9828 0.5
9828 0.5
9828 0.5
9828 0.5
9828 0.5
9828 0.5
9828 0.5
9828 0.5
9828 0.5
9839 0.5
9839 0.5
9839 0.5
9839 0.5
9839 0.5
9839 0.5
9839 0.5
9839 0.5
9839 0.5
9839 0.5
9839 0.5
9839 0.5
9839 0.5
9839 0.5
9840 0.5
9840 0.5
9840 0.5
9840 0.5
9840 0.5
9840 0.5
9840 0.5
9840 0.5
9840 0.5
9840 0.5
9840 0.5
9840 0.5
9840 0.5
9840 0.5
9841 0.5
9841 0.5
9841 0.1
9841 0.1
9841 0.5
9841 0.5
9841 0.5
9841 0.5
9841 0.5
9841 0.5
9841 0.5
9841 0.5
9841 0.5
9841 0.5
9842 0.5
9842 0.5
9842 0.1
9842 0.1
9842 0.1
9842 0.1
9842 0.1
9842 0.1
9842 0.1
9842 0.1
9842 0.1
9842 0.5
9842 0.5
9842 0.5
9845 0.5
9845 0.5
9845 0.5
9845 0.5
9845 0.5
9845 0.5
9845 0.5
9845 0.5
9845 0.5
9845 0.5
9845 0.5
9845 0.5
9845 0.5
9845 0.5
9847 0.5
9847 0.5
9847 0.1
9847 0.1
9847 0.5
9847 0.5
9847 0.5
9847 0.5
9847 0.5
9847 0.5
9847 0.5
9847 0.5
9847 0.5
9847 0.5
9855 0.1
9855 0.1
9855 0.1
9855 0.1
9855 0.5
9855 0.5
9855 0.5
9855 0.5
9855 0.5
9855 0.5
9855 0.5
9855 0.5
9855 0.5
9855 0.5
9857 0.1
9857 0.1
9857 0.1
9857 0.1
9857 0.05
9857 0.05
9857 0.05
9857 0.05
9857 0.05
9857 0.05
9857 0.05
9857 0.5
9857 0.5
9857 0.5
9858 0.5
9858 0.5
9858 0.5
9858 0.5
9858 0.5
9858 0.5
9858 0.5
9858 0.5
9858 0.5
9858 0.5
9858 0.5
9858 0.5
9858 0.5
9858 0.5
9859 0.1
9859 0.1
9859 0.1
9859 0.1
9859 0.5
9859 0.5
9859 0.5
9859 0.5
9859 0.5
9859 0.5
9859 0.5
9859 0.5
9859 0.5
9859 0.5
9860 0.1
9860 0.1
9860 0.1
9860 0.1
9860 0.1
9860 0.1
9860 0.1
9860 0.1
9860 0.1
9860 0.1
9860 0.1
9860 0.5
9860 0.5
9860 0.5
9861 0.5
9861 0.5
9861 0.5
9861 0.5
9861 0.1
9861 0.1
9861 0.1
9861 0.1
9861 0.1
9861 0.1
9861 0.1
9861 0.5
9861 0.5
9861 0.5
9862 0.5
9862 0.5
9862 0.5
9862 0.5
9862 0.5
9862 0.5
9862 0.5
9862 0.5
9862 0.5
9862 0.5
9862 0.5
9862 0.5
9862 0.5
9862 0.5
9863 0.5
9863 0.5
9863 0.5
9863 0.5
9863 0.1
9863 0.1
9863 0.1
9863 0.1
9863 0.1
9863 0.1
9863 0.1
9863 0.5
9863 0.5
9863 0.5
9866 0.05
9866 0.05
9866 0.05
9866 0.05
9866 0.5
9866 0.5
9866 0.5
9866 0.5
9866 0.5
9866 0.5
9866 0.5
9866 0.5
9866 0.5
9866 0.5
9868 0.1
9868 0.1
9868 0.1
9868 0.1
9868 0.1
9868 0.1
9868 0.1
9868 0.1
9868 0.1
9868 0.1
9868 0.1
9868 0.5
9868 0.5
9868 0.5
9872 0.5
9872 0.5
9872 0.1
9872 0.1
9872 0.1
9872 0.1
9872 0.1
9872 0.1
9872 0.1
9872 0.1
9872 0.1
9872 0.5
9872 0.5
9872 0.5
9874 0.5
9874 0.5
9874 0.5
9874 0.5
9874 0.5
9874 0.5
9874 0.5
9874 0.5
9874 0.5
9874 0.5
9874 0.5
9874 0.5
9874 0.5
9874 0.5
9875 0.1
9875 0.1
9875 0.1
9875 0.1
9875 0.05
9875 0.05
9875 0.05
9875 0.05
9875 0.05
9875 0.05
9875 0.05
9875 0.5
9875 0.5
9875 0.5
9878 0.5
9878 0.5
9878 0.1
9878 0.1
9878 0.5
9878 0.5
9878 0.5
9878 0.5
9878 0.5
9878 0.5
9878 0.5
9878 0.5
9878 0.5
9878 0.5
9879 0.5
9879 0.5
9879 0.1
9879 0.1
9879 0.05
9879 0.05
9879 0.05
9879 0.05
9879 0.05
9879 0.05
9879 0.05
9879 0.5
9879 0.5
9879 0.5
9884 0.5
9884 0.5
9884 0.5
9884 0.5
9884 0.1
9884 0.1
9884 0.1
9884 0.1
9884 0.1
9884 0.1
9884 0.1
9884 0.5
9884 0.5
9884 0.5
9888 0.5
9888 0.5
9888 0.5
9888 0.5
9888 0.5
9888 0.5
9888 0.5
9888 0.5
9888 0.5
9888 0.5
9888 0.5
9888 0.5
9888 0.5
9888 0.5
9892 0.1
9892 0.1
9892 0.1
9892 0.1
9892 0.5
9892 0.5
9892 0.5
9892 0.5
9892 0.5
9892 0.5
9892 0.5
9892 0.5
9892 0.5
9892 0.5
9894 0.1
9894 0.1
9894 0.1
9894 0.1
9894 0.5
9894 0.5
9894 0.5
9894 0.5
9894 0.5
9894 0.5
9894 0.5
9894 0.5
9894 0.5
9894 0.5
9896 0.5
9896 0.5
9896 0.5
9896 0.5
9896 0.5
9896 0.5
9896 0.5
9896 0.5
9896 0.5
9896 0.5
9896 0.5
9896 0.5
9896 0.5
9896 0.5
9901 0.5
9901 0.5
9901 0.5
9901 0.5
9901 0.5
9901 0.5
9901 0.5
9901 0.5
9901 0.5
9901 0.5
9901 0.5
9901 0.5
9901 0.5
9901 0.5
9904 0.5
9904 0.5
9904 0.5
9904 0.5
9904 0.5
9904 0.5
9904 0.5
9904 0.5
9904 0.5
9904 0.5
9904 0.5
9904 0.5
9904 0.5
9904 0.5
9905 0.1
9905 0.1
9905 0.1
9905 0.1
9905 0.05
9905 0.05
9905 0.05
9905 0.05
9905 0.05
9905 0.05
9905 0.05
9905 0.5
9905 0.5
9905 0.5
9906 0.1
9906 0.1
9906 0.1
9906 0.1
9906 0.5
9906 0.5
9906 0.5
9906 0.5
9906 0.5
9906 0.5
9906 0.5
9906 0.5
9906 0.5
9906 0.5
9907 0.1
9907 0.1
9907 0.1
9907 0.1
9907 0.05
9907 0.05
9907 0.05
9907 0.05
9907 0.05
9907 0.05
9907 0.05
9907 0.5
9907 0.5
9907 0.5
9908 0.5
9908 0.5
9908 0.5
9908 0.5
9908 0.5
9908 0.5
9908 0.5
9908 0.5
9908 0.5
9908 0.5
9908 0.5
9908 0.5
9908 0.5
9908 0.5
9910 0.5
9910 0.5
9910 0.5
9910 0.5
9910 0.5
9910 0.5
9910 0.5
9910 0.5
9910 0.5
9910 0.5
9910 0.5
9910 0.5
9910 0.5
9910 0.5
9911 0.1
9911 0.1
9911 0.1
9911 0.1
9911 0.1
9911 0.1
9911 0.1
9911 0.1
9911 0.1
9911 0.1
9911 0.1
9911 0.5
9911 0.5
9911 0.5
9917 0.5
9917 0.5
9917 0.5
9917 0.5
9917 0.5
9917 0.5
9917 0.5
9917 0.5
9917 0.5
9917 0.5
9917 0.5
9917 0.5
9917 0.5
9917 0.5
9918 0.5
9918 0.5
9918 0.1
9918 0.1
9918 0.1
9918 0.1
9918 0.1
9918 0.1
9918 0.1
9918 0.1
9918 0.1
9918 0.5
9918 0.5
9918 0.5
9922 0.5
9922 0.5
9922 0.5
9922 0.5
9922 0.05
9922 0.05
9922 0.05
9922 0.05
9922 0.05
9922 0.05
9922 0.05
9922 0.5
9922 0.5
9922 0.5
9926 0.5
9926 0.5
9926 0.5
9926 0.5
9926 0.5
9926 0.5
9926 0.5
9926 0.5
9926 0.5
9926 0.5
9926 0.5
9926 0.5
9926 0.5
9926 0.5
9928 0.5
9928 0.5
9928 0.5
9928 0.5
9928 0.5
9928 0.5
9928 0.5
9928 0.5
9928 0.5
9928 0.5
9928 0.5
9928 0.5
9928 0.5
9928 0.5
9929 0.1
9929 0.1
9929 0.1
9929 0.1
9929 0.05
9929 0.05
9929 0.05
9929 0.05
9929 0.05
9929 0.05
9929 0.05
9929 0.5
9929 0.5
9929 0.5
9934 0.5
9934 0.5
9934 0.5
9934 0.5
9934 0.5
9934 0.5
9934 0.5
9934 0.5
9934 0.5
9934 0.5
9934 0.5
9934 0.5
9934 0.5
9934 0.5
9935 0.5
9935 0.5
9935 0.5
9935 0.5
9935 0.5
9935 0.5
9935 0.5
9935 0.5
9935 0.5
9935 0.5
9935 0.5
9935 0.5
9935 0.5
9935 0.5
9938 0.5
9938 0.5
9938 0.5
9938 0.5
9938 0.5
9938 0.5
9938 0.5
9938 0.5
9938 0.5
9938 0.5
9938 0.5
9938 0.5
9938 0.5
9938 0.5
9939 0.1
9939 0.1
9939 0.1
9939 0.1
9939 0.5
9939 0.5
9939 0.5
9939 0.5
9939 0.5
9939 0.5
9939 0.5
9939 0.5
9939 0.5
9939 0.5
9940 0.5
9940 0.5
9940 0.5
9940 0.5
9940 0.5
9940 0.5
9940 0.5
9940 0.5
9940 0.5
9940 0.5
9940 0.5
9940 0.5
9940 0.5
9940 0.5
9943 0.1
9943 0.1
9943 0.1
9943 0.1
9943 0.5
9943 0.5
9943 0.5
9943 0.5
9943 0.5
9943 0.5
9943 0.5
9943 0.5
9943 0.5
9943 0.5
9945 0.5
9945 0.5
9945 0.5
9945 0.5
9945 0.5
9945 0.5
9945 0.5
9945 0.5
9945 0.5
9945 0.5
9945 0.5
9945 0.5
9945 0.5
9945 0.5
9947 0.1
9947 0.1
9947 0.1
9947 0.1
9947 0.05
9947 0.05
9947 0.05
9947 0.05
9947 0.05
9947 0.05
9947 0.05
9947 0.5
9947 0.5
9947 0.5
9953 0.5
9953 0.5
9953 0.5
9953 0.5
9953 0.5
9953 0.5
9953 0.5
9953 0.5
9953 0.5
9953 0.5
9953 0.5
9953 0.5
9953 0.5
9953 0.5
9954 0.5
9954 0.5
9954 0.5
9954 0.5
9954 0.5
9954 0.5
9954 0.5
9954 0.5
9954 0.5
9954 0.5
9954 0.5
9954 0.5
9954 0.5
9954 0.5
9956 0.5
9956 0.5
9956 0.5
9956 0.5
9956 0.5
9956 0.5
9956 0.5
9956 0.5
9956 0.5
9956 0.5
9956 0.5
9956 0.5
9956 0.5
9956 0.5
9959 0.5
9959 0.5
9959 0.1
9959 0.1
9959 0.5
9959 0.5
9959 0.5
9959 0.5
9959 0.5
9959 0.5
9959 0.5
9959 0.5
9959 0.5
9959 0.5
9964 0.5
9964 0.5
9964 0.1
9964 0.1
9964 0.5
9964 0.5
9964 0.5
9964 0.5
9964 0.5
9964 0.5
9964 0.5
9964 0.5
9964 0.5
9964 0.5
9967 0.5
9967 0.5
9967 0.5
9967 0.5
9967 0.5
9967 0.5
9967 0.5
9967 0.5
9967 0.5
9967 0.5
9967 0.5
9967 0.5
9967 0.5
9967 0.5
9969 0.5
9969 0.5
9969 0.5
9969 0.5
9969 0.5
9969 0.5
9969 0.5
9969 0.5
9969 0.5
9969 0.5
9969 0.5
9969 0.5
9969 0.5
9969 0.5
9970 0.1
9970 0.1
9970 0.1
9970 0.1
9970 0.5
9970 0.5
9970 0.5
9970 0.5
9970 0.5
9970 0.5
9970 0.5
9970 0.5
9970 0.5
9970 0.5
9972 0.1
9972 0.1
9972 0.1
9972 0.1
9972 0.05
9972 0.05
9972 0.05
9972 0.05
9972 0.05
9972 0.05
9972 0.05
9972 0.5
9972 0.5
9972 0.5
9980 0.5
9980 0.5
9980 0.5
9980 0.5
9980 0.5
9980 0.5
9980 0.5
9980 0.5
9980 0.5
9980 0.5
9980 0.5
9980 0.5
9980 0.5
9980 0.5
9982 0.1
9982 0.1
9982 0.1
9982 0.1
9982 0.05
9982 0.05
9982 0.05
9982 0.05
9982 0.05
9982 0.05
9982 0.05
9982 0.5
9982 0.5
9982 0.5
9987 0.1
9987 0.1
9987 0.1
9987 0.1
9987 0.05
9987 0.05
9987 0.05
9987 0.05
9987 0.05
9987 0.05
9987 0.05
9987 0.5
9987 0.5
9987 0.5
9988 0.5
9988 0.5
9988 0.5
9988 0.5
9988 0.5
9988 0.5
9988 0.5
9988 0.5
9988 0.5
9988 0.5
9988 0.5
9988 0.5
9988 0.5
9988 0.5
9991 0.5
9991 0.5
9991 0.5
9991 0.5
9991 0.5
9991 0.5
9991 0.5
9991 0.5
9991 0.5
9991 0.5
9991 0.5
9991 0.5
9991 0.5
9991 0.5
9992 0.5
9992 0.5
9992 0.1
9992 0.1
9992 0.5
9992 0.5
9992 0.5
9992 0.5
9992 0.5
9992 0.5
9992 0.5
9992 0.5
9992 0.5
9992 0.5
9993 0.5
9993 0.5
9993 0.5
9993 0.5
9993 0.5
9993 0.5
9993 0.5
9993 0.5
9993 0.5
9993 0.5
9993 0.5
9993 0.5
9993 0.5
9993 0.5
9997 0.1
9997 0.1
9997 0.1
9997 0.1
9997 0.05
9997 0.05
9997 0.05
9997 0.05
9997 0.05
9997 0.05
9997 0.05
9997 0.5
9997 0.5
9997 0.5
9998 0.5
9998 0.5
9998 0.5
9998 0.5
9998 0.5
9998 0.5
9998 0.5
9998 0.5
9998 0.5
9998 0.5
9998 0.5
9998 0.5
9998 0.5
9998 0.5
10000 0.1
10000 0.1
10000 0.05
10000 0.05
10000 0.5
10000 0.5
10000 0.5
10000 0.5
10000 0.5
10000 0.5
10000 0.5
10000 0.5
10000 0.5
10000 0.5
10001 0.1
10001 0.1
10001 0.1
10001 0.1
10001 0.05
10001 0.05
10001 0.05
10001 0.05
10001 0.05
10001 0.05
10001 0.05
10001 0.5
10001 0.5
10001 0.5
10004 0.5
10004 0.5
10004 0.5
10004 0.5
10004 0.5
10004 0.5
10004 0.5
10004 0.5
10004 0.5
10004 0.5
10004 0.5
10004 0.5
10004 0.5
10004 0.5
10006 0.5
10006 0.5
10006 0.5
10006 0.5
10006 0.5
10006 0.5
10006 0.5
10006 0.5
10006 0.5
10006 0.5
10006 0.5
10006 0.5
10006 0.5
10006 0.5
10007 0.1
10007 0.1
10007 0.1
10007 0.1
10007 0.05
10007 0.05
10007 0.05
10007 0.05
10007 0.05
10007 0.05
10007 0.05
10007 0.5
10007 0.5
10007 0.5
10008 0.5
10008 0.5
10008 0.5
10008 0.5
10008 0.05
10008 0.05
10008 0.05
10008 0.05
10008 0.05
10008 0.05
10008 0.05
10008 0.5
10008 0.5
10008 0.5
10009 0.1
10009 0.1
10009 0.1
10009 0.1
10009 0.5
10009 0.5
10009 0.5
10009 0.5
10009 0.5
10009 0.5
10009 0.5
10009 0.5
10009 0.5
10009 0.5
10012 0.1
10012 0.1
10012 0.1
10012 0.1
10012 0.05
10012 0.05
10012 0.05
10012 0.05
10012 0.05
10012 0.05
10012 0.05
10012 0.5
10012 0.5
10012 0.5
10015 0.5
10015 0.5
10015 0.1
10015 0.1
10015 0.5
10015 0.5
10015 0.5
10015 0.5
10015 0.5
10015 0.5
10015 0.5
10015 0.5
10015 0.5
10015 0.5
10021 0.1
10021 0.1
10021 0.1
10021 0.1
10021 0.05
10021 0.05
10021 0.05
10021 0.05
10021 0.05
10021 0.05
10021 0.05
10021 0.5
10021 0.5
10021 0.5
10023 0.5
10023 0.5
10023 0.5
10023 0.5
10023 0.5
10023 0.5
10023 0.5
10023 0.5
10023 0.5
10023 0.5
10023 0.5
10023 0.5
10023 0.5
10023 0.5
10250 0.5
10250 0.5
10250 0.5
10250 0.5
10250 0.5
10250 0.5
10250 0.5
10250 0.5
10250 0.5
10250 0.5
10250 0.5
10250 0.5
10250 0.5
10250 0.5
10263 0.5
10263 0.5
10263 0.5
10263 0.5
10263 0.1
10263 0.1
10263 0.1
10263 0.1
10263 0.1
10263 0.1
10263 0.1
10263 0.5
10263 0.5
10263 0.5
10272 0.5
10272 0.5
10272 0.5
10272 0.5
10272 0.5
10272 0.5
10272 0.5
10272 0.5
10272 0.5
10272 0.5
10272 0.5
10272 0.5
10272 0.5
10272 0.5
10273 0.5
10273 0.5
10273 0.5
10273 0.5
10273 0.5
10273 0.5
10273 0.5
10273 0.5
10273 0.5
10273 0.5
10273 0.5
10273 0.5
10273 0.5
10273 0.5
10275 0.5
10275 0.5
10275 0.5
10275 0.5
10275 0.5
10275 0.5
10275 0.5
10275 0.5
10275 0.5
10275 0.5
10275 0.5
10275 0.5
10275 0.5
10275 0.5
10283 0.5
10283 0.5
10283 0.5
10283 0.5
10283 0.5
10283 0.5
10283 0.5
10283 0.5
10283 0.5
10283 0.5
10283 0.5
10283 0.5
10283 0.5
10283 0.5
10285 0.5
10285 0.5
10285 0.5
10285 0.5
10285 0.5
10285 0.5
10285 0.5
10285 0.5
10285 0.5
10285 0.5
10285 0.5
10285 0.5
10285 0.5
10285 0.5
10286 0.5
10286 0.5
10286 0.5
10286 0.5
10286 0.5
10286 0.5
10286 0.5
10286 0.5
10286 0.5
10286 0.5
10286 0.5
10286 0.5
10286 0.5
10286 0.5
10298 0.5
10298 0.5
10298 0.5
10298 0.5
10298 0.5
10298 0.5
10298 0.5
10298 0.5
10298 0.5
10298 0.5
10298 0.5
10298 0.5
10298 0.5
10298 0.5
10302 0.5
10302 0.5
10302 0.5
10302 0.5
10302 0.1
10302 0.1
10302 0.1
10302 0.1
10302 0.1
10302 0.1
10302 0.1
10302 0.5
10302 0.5
10302 0.5
10308 0.5
10308 0.5
10308 0.5
10308 0.5
10308 0.1
10308 0.1
10308 0.1
10308 0.1
10308 0.1
10308 0.1
10308 0.1
10308 0.5
10308 0.5
10308 0.5
10310 0.1
10310 0.1
10310 0.1
10310 0.1
10310 0.05
10310 0.05
10310 0.05
10310 0.05
10310 0.05
10310 0.05
10310 0.05
10310 0.5
10310 0.5
10310 0.5
10327 0.5
10327 0.5
10327 0.1
10327 0.1
10327 0.1
10327 0.1
10327 0.1
10327 0.1
10327 0.1
10327 0.1
10327 0.1
10327 0.5
10327 0.5
10327 0.5
10333 0.5
10333 0.5
10333 0.1
10333 0.1
10333 0.5
10333 0.5
10333 0.5
10333 0.5
10333 0.5
10333 0.5
10333 0.5
10333 0.5
10333 0.5
10333 0.5
10334 0.5
10334 0.5
10334 0.5
10334 0.5
10334 0.5
10334 0.5
10334 0.5
10334 0.5
10334 0.5
10334 0.5
10334 0.5
10334 0.5
10334 0.5
10334 0.5
10338 0.5
10338 0.5
10338 0.1
10338 0.1
10338 0.1
10338 0.1
10338 0.1
10338 0.1
10338 0.1
10338 0.1
10338 0.1
10338 0.5
10338 0.5
10338 0.5
10342 0.05
10342 0.05
10342 0.05
10342 0.05
10342 0.5
10342 0.5
10342 0.5
10342 0.5
10342 0.5
10342 0.5
10342 0.5
10342 0.5
10342 0.5
10342 0.5
10349 0.5
10349 0.5
10349 0.5
10349 0.5
10349 0.5
10349 0.5
10349 0.5
10349 0.5
10349 0.5
10349 0.5
10349 0.5
10349 0.5
10349 0.5
10349 0.5
10355 0.5
10355 0.5
10355 0.5
10355 0.5
10355 0.5
10355 0.5
10355 0.5
10355 0.5
10355 0.5
10355 0.5
10355 0.5
10355 0.5
10355 0.5
10355 0.5
10356 0.5
10356 0.5
10356 0.5
10356 0.5
10356 0.5
10356 0.5
10356 0.5
10356 0.5
10356 0.5
10356 0.5
10356 0.5
10356 0.5
10356 0.5
10356 0.5
10361 0.5
10361 0.5
10361 0.1
10361 0.1
10361 0.1
10361 0.1
10361 0.1
10361 0.1
10361 0.1
10361 0.1
10361 0.1
10361 0.5
10361 0.5
10361 0.5
10362 0.5
10362 0.5
10362 0.5
10362 0.5
10362 0.5
10362 0.5
10362 0.5
10362 0.5
10362 0.5
10362 0.5
10362 0.5
10362 0.5
10362 0.5
10362 0.5
10369 0.5
10369 0.5
10369 0.5
10369 0.5
10369 0.5
10369 0.5
10369 0.5
10369 0.5
10369 0.5
10369 0.5
10369 0.5
10369 0.5
10369 0.5
10369 0.5
10370 0.5
10370 0.5
10370 0.5
10370 0.5
10370 0.5
10370 0.5
10370 0.5
10370 0.5
10370 0.5
10370 0.5
10370 0.5
10370 0.5
10370 0.5
10370 0.5
10377 0.5
10377 0.5
10377 0.5
10377 0.5
10377 0.5
10377 0.5
10377 0.5
10377 0.5
10377 0.5
10377 0.5
10377 0.5
10377 0.5
10377 0.5
10377 0.5
10382 0.5
10382 0.5
10382 0.1
10382 0.1
10382 0.5
10382 0.5
10382 0.5
10382 0.5
10382 0.5
10382 0.5
10382 0.5
10382 0.5
10382 0.5
10382 0.5
10383 0.1
10383 0.1
10383 0.1
10383 0.1
10383 0.05
10383 0.05
10383 0.05
10383 0.05
10383 0.05
10383 0.05
10383 0.05
10383 0.5
10383 0.5
10383 0.5
10505 0.05
10505 0.05
10505 0.1
10505 0.1
10505 0.5
10505 0.5
10505 0.5
10505 0.5
10505 0.5
10505 0.5
10505 0.5
10505 0.5
10505 0.5
10505 0.5
10506 0.5
10506 0.5
10506 0.5
10506 0.5
10506 0.5
10506 0.5
10506 0.5
10506 0.5
10506 0.5
10506 0.5
10506 0.5
10506 0.5
10506 0.5
10506 0.5
10510 0.5
10510 0.5
10510 0.5
10510 0.5
10510 0.5
10510 0.5
10510 0.5
10510 0.5
10510 0.5
10510 0.5
10510 0.5
10510 0.5
10510 0.5
10510 0.5
10525 0.5
10525 0.5
10525 0.5
10525 0.5
10525 0.5
10525 0.5
10525 0.5
10525 0.5
10525 0.5
10525 0.5
10525 0.5
10525 0.5
10525 0.5
10525 0.5
10542 0.1
10542 0.1
10542 0.5
10542 0.5
10542 0.5
10542 0.5
10542 0.5
10542 0.5
10542 0.5
10542 0.5
10542 0.5
10542 0.5
10542 0.5
10542 0.5
10544 0.05
10544 0.05
10544 0.1
10544 0.1
10544 0.5
10544 0.5
10544 0.5
10544 0.5
10544 0.5
10544 0.5
10544 0.5
10544 0.5
10544 0.5
10544 0.5
10554 0.5
10554 0.5
10554 0.5
10554 0.5
10554 0.5
10554 0.5
10554 0.5
10554 0.5
10554 0.5
10554 0.5
10554 0.5
10554 0.5
10554 0.5
10554 0.5
10555 0.5
10555 0.5
10555 0.5
10555 0.5
10555 0.5
10555 0.5
10555 0.5
10555 0.5
10555 0.5
10555 0.5
10555 0.5
10555 0.5
10555 0.5
10555 0.5
10870 0.5
10870 0.5
10870 0.5
10870 0.5
10870 0.5
10870 0.5
10870 0.5
10870 0.5
10870 0.5
10870 0.5
10870 0.5
10870 0.5
10870 0.5
10870 0.5
10872 0.5
10872 0.5
10872 0.5
10872 0.5
10872 0.5
10872 0.5
10872 0.5
10872 0.5
10872 0.5
10872 0.5
10872 0.5
10872 0.5
10872 0.5
10872 0.5
10873 0.5
10873 0.5
10873 0.5
10873 0.5
10873 0.5
10873 0.5
10873 0.5
10873 0.5
10873 0.5
10873 0.5
10873 0.5
10873 0.5
10873 0.5
10873 0.5
10876 0.5
10876 0.5
10876 0.5
10876 0.5
10876 0.1
10876 0.1
10876 0.1
10876 0.1
10876 0.1
10876 0.1
10876 0.1
10876 0.5
10876 0.5
10876 0.5
10880 0.5
10880 0.5
10880 0.5
10880 0.5
10880 0.05
10880 0.05
10880 0.05
10880 0.05
10880 0.05
10880 0.05
10880 0.05
10880 0.5
10880 0.5
10880 0.5
10882 0.5
10882 0.5
10882 0.5
10882 0.5
10882 0.5
10882 0.5
10882 0.5
10882 0.5
10882 0.5
10882 0.5
10882 0.5
10882 0.5
10882 0.5
10882 0.5
10883 0.5
10883 0.5
10883 0.5
10883 0.5
10883 0.1
10883 0.1
10883 0.1
10883 0.1
10883 0.1
10883 0.1
10883 0.1
10883 0.5
10883 0.5
10883 0.5
10884 0.1
10884 0.1
10884 0.1
10884 0.1
10884 0.05
10884 0.05
10884 0.05
10884 0.05
10884 0.05
10884 0.05
10884 0.05
10884 0.5
10884 0.5
10884 0.5
10885 0.1
10885 0.1
10885 0.1
10885 0.1
10885 0.05
10885 0.05
10885 0.05
10885 0.05
10885 0.05
10885 0.05
10885 0.05
10885 0.5
10885 0.5
10885 0.5
10886 0.1
10886 0.1
10886 0.1
10886 0.1
10886 0.5
10886 0.5
10886 0.5
10886 0.5
10886 0.5
10886 0.5
10886 0.5
10886 0.5
10886 0.5
10886 0.5
10887 0.1
10887 0.1
10887 0.1
10887 0.1
10887 0.05
10887 0.05
10887 0.05
10887 0.05
10887 0.05
10887 0.05
10887 0.05
10887 0.5
10887 0.5
10887 0.5
10888 0.5
10888 0.5
10888 0.5
10888 0.5
10888 0.5
10888 0.5
10888 0.5
10888 0.5
10888 0.5
10888 0.5
10888 0.5
10888 0.5
10888 0.5
10888 0.5
10889 0.5
10889 0.5
10889 0.1
10889 0.1
10889 0.05
10889 0.05
10889 0.05
10889 0.05
10889 0.05
10889 0.05
10889 0.05
10889 0.5
10889 0.5
10889 0.5
10890 0.1
10890 0.1
10890 0.1
10890 0.1
10890 0.05
10890 0.05
10890 0.05
10890 0.05
10890 0.05
10890 0.05
10890 0.05
10890 0.5
10890 0.5
10890 0.5
10891 0.1
10891 0.1
10891 0.1
10891 0.1
10891 0.05
10891 0.05
10891 0.05
10891 0.05
10891 0.05
10891 0.05
10891 0.05
10891 0.5
10891 0.5
10891 0.5
10892 0.5
10892 0.5
10892 0.1
10892 0.1
10892 0.5
10892 0.5
10892 0.5
10892 0.5
10892 0.5
10892 0.5
10892 0.5
10892 0.5
10892 0.5
10892 0.5
10893 0.5
10893 0.5
10893 0.1
10893 0.1
10893 0.1
10893 0.1
10893 0.1
10893 0.1
10893 0.1
10893 0.1
10893 0.1
10893 0.5
10893 0.5
10893 0.5
10895 0.5
10895 0.5
10895 0.1
10895 0.1
10895 0.05
10895 0.05
10895 0.05
10895 0.05
10895 0.05
10895 0.05
10895 0.05
10895 0.5
10895 0.5
10895 0.5
10897 0.5
10897 0.5
10897 0.1
10897 0.1
10897 0.1
10897 0.1
10897 0.1
10897 0.1
10897 0.1
10897 0.1
10897 0.1
10897 0.5
10897 0.5
10897 0.5
10898 0.1
10898 0.1
10898 0.1
10898 0.1
10898 0.05
10898 0.05
10898 0.05
10898 0.05
10898 0.05
10898 0.05
10898 0.05
10898 0.5
10898 0.5
10898 0.5
10899 0.1
10899 0.1
10899 0.1
10899 0.1
10899 0.5
10899 0.5
10899 0.5
10899 0.5
10899 0.5
10899 0.5
10899 0.5
10899 0.5
10899 0.5
10899 0.5
10900 0.5
10900 0.5
10900 0.1
10900 0.1
10900 0.1
10900 0.1
10900 0.1
10900 0.1
10900 0.1
10900 0.1
10900 0.1
10900 0.5
10900 0.5
10900 0.5
10901 0.1
10901 0.1
10901 0.05
10901 0.05
10901 0.5
10901 0.5
10901 0.5
10901 0.5
10901 0.5
10901 0.5
10901 0.5
10901 0.5
10901 0.5
10901 0.5
10904 0.5
10904 0.5
10904 0.5
10904 0.5
10904 0.5
10904 0.5
10904 0.5
10904 0.5
10904 0.5
10904 0.5
10904 0.5
10904 0.5
10904 0.5
10904 0.5
10906 0.1
10906 0.1
10906 0.1
10906 0.1
10906 0.5
10906 0.5
10906 0.5
10906 0.5
10906 0.5
10906 0.5
10906 0.5
10906 0.5
10906 0.5
10906 0.5
10907 0.5
10907 0.5
10907 0.5
10907 0.5
10907 0.5
10907 0.5
10907 0.5
10907 0.5
10907 0.5
10907 0.5
10907 0.5
10907 0.5
10907 0.5
10907 0.5
10916 0.5
10916 0.5
10916 0.5
10916 0.5
10916 0.5
10916 0.5
10916 0.5
10916 0.5
10916 0.5
10916 0.5
10916 0.5
10916 0.5
10916 0.5
10916 0.5
10919 0.5
10919 0.5
10919 0.5
10919 0.5
10919 0.5
10919 0.5
10919 0.5
10919 0.5
10919 0.5
10919 0.5
10919 0.5
10919 0.5
10919 0.5
10919 0.5
10939 0.5
10939 0.5
10939 0.5
10939 0.5
10939 0.5
10939 0.5
10939 0.5
10939 0.5
10939 0.5
10939 0.5
10939 0.5
10939 0.5
10939 0.5
10939 0.5
10944 0.05
10944 0.05
10944 0.05
10944 0.05
10944 0.5
10944 0.5
10944 0.5
10944 0.5
10944 0.5
10944 0.5
10944 0.5
10944 0.5
10944 0.5
10944 0.5
10945 0.5
10945 0.5
10945 0.5
10945 0.5
10945 0.5
10945 0.5
10945 0.5
10945 0.5
10945 0.5
10945 0.5
10945 0.5
10945 0.5
10945 0.5
10945 0.5
10947 0.5
10947 0.5
10947 0.5
10947 0.5
10947 0.5
10947 0.5
10947 0.5
10947 0.5
10947 0.5
10947 0.5
10947 0.5
10947 0.5
10947 0.5
10947 0.5
10973 0.5
10973 0.5
10973 0.5
10973 0.5
10973 0.5
10973 0.5
10973 0.5
10973 0.5
10973 0.5
10973 0.5
10973 0.5
10973 0.5
10973 0.5
10973 0.5
10974 0.5
10974 0.5
10974 0.1
10974 0.1
10974 0.5
10974 0.5
10974 0.5
10974 0.5
10974 0.5
10974 0.5
10974 0.5
10974 0.5
10974 0.5
10974 0.5
10975 0.1
10975 0.1
10975 0.1
10975 0.1
10975 0.1
10975 0.1
10975 0.1
10975 0.1
10975 0.1
10975 0.1
10975 0.1
10975 0.5
10975 0.5
10975 0.5
10976 0.1
10976 0.1
10976 0.1
10976 0.1
10976 0.1
10976 0.1
10976 0.1
10976 0.1
10976 0.1
10976 0.1
10976 0.1
10976 0.5
10976 0.5
10976 0.5
10977 0.1
10977 0.1
10977 0.1
10977 0.1
10977 0.5
10977 0.5
10977 0.5
10977 0.5
10977 0.5
10977 0.5
10977 0.5
10977 0.5
10977 0.5
10977 0.5
10980 0.1
10980 0.1
10980 0.1
10980 0.1
10980 0.5
10980 0.5
10980 0.5
10980 0.5
10980 0.5
10980 0.5
10980 0.5
10980 0.5
10980 0.5
10980 0.5
10986 0.5
10986 0.5
10986 0.5
10986 0.5
10986 0.5
10986 0.5
10986 0.5
10986 0.5
10986 0.5
10986 0.5
10986 0.5
10986 0.5
10986 0.5
10986 0.5
10987 0.5
10987 0.5
10987 0.5
10987 0.5
10987 0.5
10987 0.5
10987 0.5
10987 0.5
10987 0.5
10987 0.5
10987 0.5
10987 0.5
10987 0.5
10987 0.5
10988 0.5
10988 0.5
10988 0.5
10988 0.5
10988 0.5
10988 0.5
10988 0.5
10988 0.5
10988 0.5
10988 0.5
10988 0.5
10988 0.5
10988 0.5
10988 0.5
10989 0.5
10989 0.5
10989 0.5
10989 0.5
10989 0.5
10989 0.5
10989 0.5
10989 0.5
10989 0.5
10989 0.5
10989 0.5
10989 0.5
10989 0.5
10989 0.5
10990 0.5
10990 0.5
10990 0.5
10990 0.5
10990 0.5
10990 0.5
10990 0.5
10990 0.5
10990 0.5
10990 0.5
10990 0.5
10990 0.5
10990 0.5
10990 0.5
10992 0.5
10992 0.5
10992 0.5
10992 0.5
10992 0.5
10992 0.5
10992 0.5
10992 0.5
10992 0.5
10992 0.5
10992 0.5
10992 0.5
10992 0.5
10992 0.5
10993 0.5
10993 0.5
10993 0.5
10993 0.5
10993 0.5
10993 0.5
10993 0.5
10993 0.5
10993 0.5
10993 0.5
10993 0.5
10993 0.5
10993 0.5
10993 0.5
10997 0.5
10997 0.5
10997 0.5
10997 0.5
10997 0.5
10997 0.5
10997 0.5
10997 0.5
10997 0.5
10997 0.5
10997 0.5
10997 0.5
10997 0.5
10997 0.5
10998 0.05
10998 0.05
10998 0.05
10998 0.05
10998 0.5
10998 0.5
10998 0.5
10998 0.5
10998 0.5
10998 0.5
10998 0.5
10998 0.5
10998 0.5
10998 0.5
10999 0.05
10999 0.05
10999 0.1
10999 0.1
10999 0.5
10999 0.5
10999 0.5
10999 0.5
10999 0.5
10999 0.5
10999 0.5
10999 0.5
10999 0.5
10999 0.5
11000 0.05
11000 0.05
11000 0.1
11000 0.1
11000 0.5
11000 0.5
11000 0.5
11000 0.5
11000 0.5
11000 0.5
11000 0.5
11000 0.5
11000 0.5
11000 0.5
11001 0.5
11001 0.5
11001 0.5
11001 0.5
11001 0.5
11001 0.5
11001 0.5
11001 0.5
11001 0.5
11001 0.5
11001 0.5
11001 0.5
11001 0.5
11001 0.5
