pt_graph cpue_kghour
10794 0
10794 17.8496070478676
10794 17.8496070478676
10794 17.8496070478676
10794 17.8496070478676
10794 0
10794 1.77208996655014
10794 1.77208996655014
10794 1.3413008568589
10794 1.3413008568589
10794 1.3413008568589
10794 0
10794 0.961021372753446
10794 2.73942019747348
10794 2.73942019747348
10794 2.73942019747348
10794 0.806914153405041
10794 0.152799170467608
10794 2.05298611958053
10794 0.832987100841145
10794 0
10794 4.27365618296409
10794 0
10794 0
10794 4.7164192877016
10794 4.7164192877016
10794 0
10794 21.6616480600546
10794 21.6616480600546
10794 21.6616480600546
10794 3.60300228092615
10794 0
10794 14.9681385920376
10794 507.908990160667
10794 3.64216050059318
10794 3.64216050059318
10794 4.37112573698172
10794 4.37112573698172
10794 3.45599308280169
10794 3.45599308280169
10794 3.45599308280169
10794 0.131177751693834
10794 0.131177751693834
10794 0.131177751693834
10794 0.82607271665266
3 0
3 17.8496070478676
3 17.8496070478676
3 17.8496070478676
3 17.8496070478676
3 0
3 1.77208996655014
3 1.77208996655014
3 1.3413008568589
3 1.3413008568589
3 1.3413008568589
3 0
3 0.961021372753446
3 2.73942019747348
3 2.73942019747348
3 2.73942019747348
3 0.806914153405041
3 0.152799170467608
3 2.05298611958053
3 0.832987100841145
3 0
3 4.27365618296409
3 0
3 0
3 4.7164192877016
3 4.7164192877016
3 0
3 21.6616480600546
3 21.6616480600546
3 21.6616480600546
3 3.60300228092615
3 0
3 14.9681385920376
3 507.908990160667
3 3.64216050059318
3 3.64216050059318
3 4.37112573698172
3 4.37112573698172
3 3.45599308280169
3 3.45599308280169
3 3.45599308280169
3 0.131177751693834
3 0.131177751693834
3 0.131177751693834
3 0.82607271665266
6 0
6 17.8496070478676
6 17.8496070478676
6 17.8496070478676
6 17.8496070478676
6 0
6 1.77208996655014
6 1.77208996655014
6 1.3413008568589
6 1.3413008568589
6 1.3413008568589
6 0
6 0.961021372753446
6 2.73942019747348
6 2.73942019747348
6 2.73942019747348
6 0.806914153405041
6 0.152799170467608
6 2.05298611958053
6 0.832987100841145
6 0
6 4.27365618296409
6 0
6 0
6 4.7164192877016
6 4.7164192877016
6 0
6 21.6616480600546
6 21.6616480600546
6 21.6616480600546
6 3.60300228092615
6 0
6 14.9681385920376
6 507.908990160667
6 3.64216050059318
6 3.64216050059318
6 4.37112573698172
6 4.37112573698172
6 3.45599308280169
6 3.45599308280169
6 3.45599308280169
6 0.131177751693834
6 0.131177751693834
6 0.131177751693834
6 0.82607271665266
6 0
6 17.8496070478676
6 17.8496070478676
6 17.8496070478676
6 17.8496070478676
6 0
6 1.77208996655014
6 1.77208996655014
6 1.3413008568589
6 1.3413008568589
6 1.3413008568589
6 0
6 0.961021372753446
6 2.73942019747348
6 2.73942019747348
6 2.73942019747348
6 0.806914153405041
6 0.152799170467608
6 2.05298611958053
6 0.832987100841145
6 0
6 4.27365618296409
6 0
6 0
6 4.7164192877016
6 4.7164192877016
6 0
6 21.6616480600546
6 21.6616480600546
6 21.6616480600546
6 3.60300228092615
6 0
6 14.9681385920376
6 507.908990160667
6 3.64216050059318
6 3.64216050059318
6 4.37112573698172
6 4.37112573698172
6 3.45599308280169
6 3.45599308280169
6 3.45599308280169
6 0.131177751693834
6 0.131177751693834
6 0.131177751693834
6 0.82607271665266
7 0
7 17.8496070478676
7 17.8496070478676
7 17.8496070478676
7 17.8496070478676
7 0
7 1.77208996655014
7 1.77208996655014
7 1.3413008568589
7 1.3413008568589
7 1.3413008568589
7 0
7 0.961021372753446
7 2.73942019747348
7 2.73942019747348
7 2.73942019747348
7 0.806914153405041
7 0.152799170467608
7 2.05298611958053
7 0.832987100841145
7 0
7 4.27365618296409
7 0
7 0
7 4.7164192877016
7 4.7164192877016
7 0
7 21.6616480600546
7 21.6616480600546
7 21.6616480600546
7 3.60300228092615
7 0
7 14.9681385920376
7 507.908990160667
7 3.64216050059318
7 3.64216050059318
7 4.37112573698172
7 4.37112573698172
7 3.45599308280169
7 3.45599308280169
7 3.45599308280169
7 0.131177751693834
7 0.131177751693834
7 0.131177751693834
7 0.82607271665266
8 0
8 17.8496070478676
8 17.8496070478676
8 17.8496070478676
8 17.8496070478676
8 0
8 1.77208996655014
8 1.77208996655014
8 1.3413008568589
8 1.3413008568589
8 1.3413008568589
8 0
8 0.961021372753446
8 2.73942019747348
8 2.73942019747348
8 2.73942019747348
8 0.806914153405041
8 0.152799170467608
8 2.05298611958053
8 0.832987100841145
8 0
8 4.27365618296409
8 0
8 0
8 4.7164192877016
8 4.7164192877016
8 0
8 21.6616480600546
8 21.6616480600546
8 21.6616480600546
8 3.60300228092615
8 0
8 14.9681385920376
8 507.908990160667
8 3.64216050059318
8 3.64216050059318
8 4.37112573698172
8 4.37112573698172
8 3.45599308280169
8 3.45599308280169
8 3.45599308280169
8 0.131177751693834
8 0.131177751693834
8 0.131177751693834
8 0.82607271665266
11 0
11 17.8496070478676
11 17.8496070478676
11 17.8496070478676
11 17.8496070478676
11 0
11 1.77208996655014
11 1.77208996655014
11 1.3413008568589
11 1.3413008568589
11 1.3413008568589
11 0
11 0.961021372753446
11 2.73942019747348
11 2.73942019747348
11 2.73942019747348
11 0.806914153405041
11 0.152799170467608
11 2.05298611958053
11 0.832987100841145
11 0
11 4.27365618296409
11 0
11 0
11 4.7164192877016
11 4.7164192877016
11 0
11 21.6616480600546
11 21.6616480600546
11 21.6616480600546
11 3.60300228092615
11 0
11 14.9681385920376
11 507.908990160667
11 3.64216050059318
11 3.64216050059318
11 4.37112573698172
11 4.37112573698172
11 3.45599308280169
11 3.45599308280169
11 3.45599308280169
11 0.131177751693834
11 0.131177751693834
11 0.131177751693834
11 0.82607271665266
12 0
12 17.8496070478676
12 17.8496070478676
12 17.8496070478676
12 17.8496070478676
12 0
12 1.77208996655014
12 1.77208996655014
12 1.3413008568589
12 1.3413008568589
12 1.3413008568589
12 0
12 0.961021372753446
12 2.73942019747348
12 2.73942019747348
12 2.73942019747348
12 0.806914153405041
12 0.152799170467608
12 2.05298611958053
12 0.832987100841145
12 0
12 4.27365618296409
12 0
12 0
12 4.7164192877016
12 4.7164192877016
12 0
12 21.6616480600546
12 21.6616480600546
12 21.6616480600546
12 3.60300228092615
12 0
12 14.9681385920376
12 507.908990160667
12 3.64216050059318
12 3.64216050059318
12 4.37112573698172
12 4.37112573698172
12 3.45599308280169
12 3.45599308280169
12 3.45599308280169
12 0.131177751693834
12 0.131177751693834
12 0.131177751693834
12 0.82607271665266
14 0
14 17.8496070478676
14 17.8496070478676
14 17.8496070478676
14 17.8496070478676
14 0
14 1.77208996655014
14 1.77208996655014
14 1.3413008568589
14 1.3413008568589
14 1.3413008568589
14 0
14 0.961021372753446
14 2.73942019747348
14 2.73942019747348
14 2.73942019747348
14 0.806914153405041
14 0.152799170467608
14 2.05298611958053
14 0.832987100841145
14 0
14 4.27365618296409
14 0
14 0
14 4.7164192877016
14 4.7164192877016
14 0
14 21.6616480600546
14 21.6616480600546
14 21.6616480600546
14 3.60300228092615
14 0
14 14.9681385920376
14 507.908990160667
14 3.64216050059318
14 3.64216050059318
14 4.37112573698172
14 4.37112573698172
14 3.45599308280169
14 3.45599308280169
14 3.45599308280169
14 0.131177751693834
14 0.131177751693834
14 0.131177751693834
14 0.82607271665266
15 0
15 17.8496070478676
15 17.8496070478676
15 17.8496070478676
15 17.8496070478676
15 0
15 1.77208996655014
15 1.77208996655014
15 1.3413008568589
15 1.3413008568589
15 1.3413008568589
15 0
15 0.961021372753446
15 2.73942019747348
15 2.73942019747348
15 2.73942019747348
15 0.806914153405041
15 0.152799170467608
15 2.05298611958053
15 0.832987100841145
15 0
15 4.27365618296409
15 0
15 0
15 4.7164192877016
15 4.7164192877016
15 0
15 21.6616480600546
15 21.6616480600546
15 21.6616480600546
15 3.60300228092615
15 0
15 14.9681385920376
15 507.908990160667
15 3.64216050059318
15 3.64216050059318
15 4.37112573698172
15 4.37112573698172
15 3.45599308280169
15 3.45599308280169
15 3.45599308280169
15 0.131177751693834
15 0.131177751693834
15 0.131177751693834
15 0.82607271665266
15 0
15 17.8496070478676
15 17.8496070478676
15 17.8496070478676
15 17.8496070478676
15 0
15 1.77208996655014
15 1.77208996655014
15 1.3413008568589
15 1.3413008568589
15 1.3413008568589
15 0
15 0.961021372753446
15 2.73942019747348
15 2.73942019747348
15 2.73942019747348
15 0.806914153405041
15 0.152799170467608
15 2.05298611958053
15 0.832987100841145
15 0
15 4.27365618296409
15 0
15 0
15 4.7164192877016
15 4.7164192877016
15 0
15 21.6616480600546
15 21.6616480600546
15 21.6616480600546
15 3.60300228092615
15 0
15 14.9681385920376
15 507.908990160667
15 3.64216050059318
15 3.64216050059318
15 4.37112573698172
15 4.37112573698172
15 3.45599308280169
15 3.45599308280169
15 3.45599308280169
15 0.131177751693834
15 0.131177751693834
15 0.131177751693834
15 0.82607271665266
16 0
16 17.8496070478676
16 17.8496070478676
16 17.8496070478676
16 17.8496070478676
16 0
16 1.77208996655014
16 1.77208996655014
16 1.3413008568589
16 1.3413008568589
16 1.3413008568589
16 0
16 0.961021372753446
16 2.73942019747348
16 2.73942019747348
16 2.73942019747348
16 0.806914153405041
16 0.152799170467608
16 2.05298611958053
16 0.832987100841145
16 0
16 4.27365618296409
16 0
16 0
16 4.7164192877016
16 4.7164192877016
16 0
16 21.6616480600546
16 21.6616480600546
16 21.6616480600546
16 3.60300228092615
16 0
16 14.9681385920376
16 507.908990160667
16 3.64216050059318
16 3.64216050059318
16 4.37112573698172
16 4.37112573698172
16 3.45599308280169
16 3.45599308280169
16 3.45599308280169
16 0.131177751693834
16 0.131177751693834
16 0.131177751693834
16 0.82607271665266
17 0
17 17.8496070478676
17 17.8496070478676
17 17.8496070478676
17 17.8496070478676
17 0
17 1.77208996655014
17 1.77208996655014
17 1.3413008568589
17 1.3413008568589
17 1.3413008568589
17 0
17 0.961021372753446
17 2.73942019747348
17 2.73942019747348
17 2.73942019747348
17 0.806914153405041
17 0.152799170467608
17 2.05298611958053
17 0.832987100841145
17 0
17 4.27365618296409
17 0
17 0
17 4.7164192877016
17 4.7164192877016
17 0
17 21.6616480600546
17 21.6616480600546
17 21.6616480600546
17 3.60300228092615
17 0
17 14.9681385920376
17 507.908990160667
17 3.64216050059318
17 3.64216050059318
17 4.37112573698172
17 4.37112573698172
17 3.45599308280169
17 3.45599308280169
17 3.45599308280169
17 0.131177751693834
17 0.131177751693834
17 0.131177751693834
17 0.82607271665266
18 0
18 17.8496070478676
18 17.8496070478676
18 17.8496070478676
18 17.8496070478676
18 0
18 1.77208996655014
18 1.77208996655014
18 1.3413008568589
18 1.3413008568589
18 1.3413008568589
18 0
18 0.961021372753446
18 2.73942019747348
18 2.73942019747348
18 2.73942019747348
18 0.806914153405041
18 0.152799170467608
18 2.05298611958053
18 0.832987100841145
18 0
18 4.27365618296409
18 0
18 0
18 4.7164192877016
18 4.7164192877016
18 0
18 21.6616480600546
18 21.6616480600546
18 21.6616480600546
18 3.60300228092615
18 0
18 14.9681385920376
18 507.908990160667
18 3.64216050059318
18 3.64216050059318
18 4.37112573698172
18 4.37112573698172
18 3.45599308280169
18 3.45599308280169
18 3.45599308280169
18 0.131177751693834
18 0.131177751693834
18 0.131177751693834
18 0.82607271665266
24 0
24 17.8496070478676
24 17.8496070478676
24 17.8496070478676
24 17.8496070478676
24 0
24 1.77208996655014
24 1.77208996655014
24 1.3413008568589
24 1.3413008568589
24 1.3413008568589
24 0
24 0.961021372753446
24 2.73942019747348
24 2.73942019747348
24 2.73942019747348
24 0.806914153405041
24 0.152799170467608
24 2.05298611958053
24 0.832987100841145
24 0
24 4.27365618296409
24 0
24 0
24 4.7164192877016
24 4.7164192877016
24 0
24 21.6616480600546
24 21.6616480600546
24 21.6616480600546
24 3.60300228092615
24 0
24 14.9681385920376
24 507.908990160667
24 3.64216050059318
24 3.64216050059318
24 4.37112573698172
24 4.37112573698172
24 3.45599308280169
24 3.45599308280169
24 3.45599308280169
24 0.131177751693834
24 0.131177751693834
24 0.131177751693834
24 0.82607271665266
25 0
25 17.8496070478676
25 17.8496070478676
25 17.8496070478676
25 17.8496070478676
25 0
25 1.77208996655014
25 1.77208996655014
25 1.3413008568589
25 1.3413008568589
25 1.3413008568589
25 0
25 0.961021372753446
25 2.73942019747348
25 2.73942019747348
25 2.73942019747348
25 0.806914153405041
25 0.152799170467608
25 2.05298611958053
25 0.832987100841145
25 0
25 4.27365618296409
25 0
25 0
25 4.7164192877016
25 4.7164192877016
25 0
25 21.6616480600546
25 21.6616480600546
25 21.6616480600546
25 3.60300228092615
25 0
25 14.9681385920376
25 507.908990160667
25 3.64216050059318
25 3.64216050059318
25 4.37112573698172
25 4.37112573698172
25 3.45599308280169
25 3.45599308280169
25 3.45599308280169
25 0.131177751693834
25 0.131177751693834
25 0.131177751693834
25 0.82607271665266
27 0
27 17.8496070478676
27 17.8496070478676
27 17.8496070478676
27 17.8496070478676
27 0
27 1.77208996655014
27 1.77208996655014
27 1.3413008568589
27 1.3413008568589
27 1.3413008568589
27 0
27 0.961021372753446
27 2.73942019747348
27 2.73942019747348
27 2.73942019747348
27 0.806914153405041
27 0.152799170467608
27 2.05298611958053
27 0.832987100841145
27 0
27 4.27365618296409
27 0
27 0
27 4.7164192877016
27 4.7164192877016
27 0
27 21.6616480600546
27 21.6616480600546
27 21.6616480600546
27 3.60300228092615
27 0
27 14.9681385920376
27 507.908990160667
27 3.64216050059318
27 3.64216050059318
27 4.37112573698172
27 4.37112573698172
27 3.45599308280169
27 3.45599308280169
27 3.45599308280169
27 0.131177751693834
27 0.131177751693834
27 0.131177751693834
27 0.82607271665266
27 0
27 17.8496070478676
27 17.8496070478676
27 17.8496070478676
27 17.8496070478676
27 0
27 1.77208996655014
27 1.77208996655014
27 1.3413008568589
27 1.3413008568589
27 1.3413008568589
27 0
27 0.961021372753446
27 2.73942019747348
27 2.73942019747348
27 2.73942019747348
27 0.806914153405041
27 0.152799170467608
27 2.05298611958053
27 0.832987100841145
27 0
27 4.27365618296409
27 0
27 0
27 4.7164192877016
27 4.7164192877016
27 0
27 21.6616480600546
27 21.6616480600546
27 21.6616480600546
27 3.60300228092615
27 0
27 14.9681385920376
27 507.908990160667
27 3.64216050059318
27 3.64216050059318
27 4.37112573698172
27 4.37112573698172
27 3.45599308280169
27 3.45599308280169
27 3.45599308280169
27 0.131177751693834
27 0.131177751693834
27 0.131177751693834
27 0.82607271665266
29 0
29 17.8496070478676
29 17.8496070478676
29 17.8496070478676
29 17.8496070478676
29 0
29 1.77208996655014
29 1.77208996655014
29 1.3413008568589
29 1.3413008568589
29 1.3413008568589
29 0
29 0.961021372753446
29 2.73942019747348
29 2.73942019747348
29 2.73942019747348
29 0.806914153405041
29 0.152799170467608
29 2.05298611958053
29 0.832987100841145
29 0
29 4.27365618296409
29 0
29 0
29 4.7164192877016
29 4.7164192877016
29 0
29 21.6616480600546
29 21.6616480600546
29 21.6616480600546
29 3.60300228092615
29 0
29 14.9681385920376
29 507.908990160667
29 3.64216050059318
29 3.64216050059318
29 4.37112573698172
29 4.37112573698172
29 3.45599308280169
29 3.45599308280169
29 3.45599308280169
29 0.131177751693834
29 0.131177751693834
29 0.131177751693834
29 0.82607271665266
30 0
30 17.8496070478676
30 17.8496070478676
30 17.8496070478676
30 17.8496070478676
30 0
30 1.77208996655014
30 1.77208996655014
30 1.3413008568589
30 1.3413008568589
30 1.3413008568589
30 0
30 0.961021372753446
30 2.73942019747348
30 2.73942019747348
30 2.73942019747348
30 0.806914153405041
30 0.152799170467608
30 2.05298611958053
30 0.832987100841145
30 0
30 4.27365618296409
30 0
30 0
30 4.7164192877016
30 4.7164192877016
30 0
30 21.6616480600546
30 21.6616480600546
30 21.6616480600546
30 3.60300228092615
30 0
30 14.9681385920376
30 507.908990160667
30 3.64216050059318
30 3.64216050059318
30 4.37112573698172
30 4.37112573698172
30 3.45599308280169
30 3.45599308280169
30 3.45599308280169
30 0.131177751693834
30 0.131177751693834
30 0.131177751693834
30 0.82607271665266
35 0
35 17.8496070478676
35 17.8496070478676
35 17.8496070478676
35 17.8496070478676
35 0
35 1.77208996655014
35 1.77208996655014
35 1.3413008568589
35 1.3413008568589
35 1.3413008568589
35 0
35 0.961021372753446
35 2.73942019747348
35 2.73942019747348
35 2.73942019747348
35 0.806914153405041
35 0.152799170467608
35 2.05298611958053
35 0.832987100841145
35 0
35 4.27365618296409
35 0
35 0
35 4.7164192877016
35 4.7164192877016
35 0
35 21.6616480600546
35 21.6616480600546
35 21.6616480600546
35 3.60300228092615
35 0
35 14.9681385920376
35 507.908990160667
35 3.64216050059318
35 3.64216050059318
35 4.37112573698172
35 4.37112573698172
35 3.45599308280169
35 3.45599308280169
35 3.45599308280169
35 0.131177751693834
35 0.131177751693834
35 0.131177751693834
35 0.82607271665266
36 0
36 17.8496070478676
36 17.8496070478676
36 17.8496070478676
36 17.8496070478676
36 0
36 1.77208996655014
36 1.77208996655014
36 1.3413008568589
36 1.3413008568589
36 1.3413008568589
36 0
36 0.961021372753446
36 2.73942019747348
36 2.73942019747348
36 2.73942019747348
36 0.806914153405041
36 0.152799170467608
36 2.05298611958053
36 0.832987100841145
36 0
36 4.27365618296409
36 0
36 0
36 4.7164192877016
36 4.7164192877016
36 0
36 21.6616480600546
36 21.6616480600546
36 21.6616480600546
36 3.60300228092615
36 0
36 14.9681385920376
36 507.908990160667
36 3.64216050059318
36 3.64216050059318
36 4.37112573698172
36 4.37112573698172
36 3.45599308280169
36 3.45599308280169
36 3.45599308280169
36 0.131177751693834
36 0.131177751693834
36 0.131177751693834
36 0.82607271665266
37 0
37 17.8496070478676
37 17.8496070478676
37 17.8496070478676
37 17.8496070478676
37 0
37 1.77208996655014
37 1.77208996655014
37 1.3413008568589
37 1.3413008568589
37 1.3413008568589
37 0
37 0.961021372753446
37 2.73942019747348
37 2.73942019747348
37 2.73942019747348
37 0.806914153405041
37 0.152799170467608
37 2.05298611958053
37 0.832987100841145
37 0
37 4.27365618296409
37 0
37 0
37 4.7164192877016
37 4.7164192877016
37 0
37 21.6616480600546
37 21.6616480600546
37 21.6616480600546
37 3.60300228092615
37 0
37 14.9681385920376
37 507.908990160667
37 3.64216050059318
37 3.64216050059318
37 4.37112573698172
37 4.37112573698172
37 3.45599308280169
37 3.45599308280169
37 3.45599308280169
37 0.131177751693834
37 0.131177751693834
37 0.131177751693834
37 0.82607271665266
38 0
38 17.8496070478676
38 17.8496070478676
38 17.8496070478676
38 17.8496070478676
38 0
38 1.77208996655014
38 1.77208996655014
38 1.3413008568589
38 1.3413008568589
38 1.3413008568589
38 0
38 0.961021372753446
38 2.73942019747348
38 2.73942019747348
38 2.73942019747348
38 0.806914153405041
38 0.152799170467608
38 2.05298611958053
38 0.832987100841145
38 0
38 4.27365618296409
38 0
38 0
38 4.7164192877016
38 4.7164192877016
38 0
38 21.6616480600546
38 21.6616480600546
38 21.6616480600546
38 3.60300228092615
38 0
38 14.9681385920376
38 507.908990160667
38 3.64216050059318
38 3.64216050059318
38 4.37112573698172
38 4.37112573698172
38 3.45599308280169
38 3.45599308280169
38 3.45599308280169
38 0.131177751693834
38 0.131177751693834
38 0.131177751693834
38 0.82607271665266
39 0
39 17.8496070478676
39 17.8496070478676
39 17.8496070478676
39 17.8496070478676
39 0
39 1.77208996655014
39 1.77208996655014
39 1.3413008568589
39 1.3413008568589
39 1.3413008568589
39 0
39 0.961021372753446
39 2.73942019747348
39 2.73942019747348
39 2.73942019747348
39 0.806914153405041
39 0.152799170467608
39 2.05298611958053
39 0.832987100841145
39 0
39 4.27365618296409
39 0
39 0
39 4.7164192877016
39 4.7164192877016
39 0
39 21.6616480600546
39 21.6616480600546
39 21.6616480600546
39 3.60300228092615
39 0
39 14.9681385920376
39 507.908990160667
39 3.64216050059318
39 3.64216050059318
39 4.37112573698172
39 4.37112573698172
39 3.45599308280169
39 3.45599308280169
39 3.45599308280169
39 0.131177751693834
39 0.131177751693834
39 0.131177751693834
39 0.82607271665266
40 0
40 17.8496070478676
40 17.8496070478676
40 17.8496070478676
40 17.8496070478676
40 0
40 1.77208996655014
40 1.77208996655014
40 1.3413008568589
40 1.3413008568589
40 1.3413008568589
40 0
40 0.961021372753446
40 2.73942019747348
40 2.73942019747348
40 2.73942019747348
40 0.806914153405041
40 0.152799170467608
40 2.05298611958053
40 0.832987100841145
40 0
40 4.27365618296409
40 0
40 0
40 4.7164192877016
40 4.7164192877016
40 0
40 21.6616480600546
40 21.6616480600546
40 21.6616480600546
40 3.60300228092615
40 0
40 14.9681385920376
40 507.908990160667
40 3.64216050059318
40 3.64216050059318
40 4.37112573698172
40 4.37112573698172
40 3.45599308280169
40 3.45599308280169
40 3.45599308280169
40 0.131177751693834
40 0.131177751693834
40 0.131177751693834
40 0.82607271665266
41 0
41 17.8496070478676
41 17.8496070478676
41 17.8496070478676
41 17.8496070478676
41 0
41 1.77208996655014
41 1.77208996655014
41 1.3413008568589
41 1.3413008568589
41 1.3413008568589
41 0
41 0.961021372753446
41 2.73942019747348
41 2.73942019747348
41 2.73942019747348
41 0.806914153405041
41 0.152799170467608
41 2.05298611958053
41 0.832987100841145
41 0
41 4.27365618296409
41 0
41 0
41 4.7164192877016
41 4.7164192877016
41 0
41 21.6616480600546
41 21.6616480600546
41 21.6616480600546
41 3.60300228092615
41 0
41 14.9681385920376
41 507.908990160667
41 3.64216050059318
41 3.64216050059318
41 4.37112573698172
41 4.37112573698172
41 3.45599308280169
41 3.45599308280169
41 3.45599308280169
41 0.131177751693834
41 0.131177751693834
41 0.131177751693834
41 0.82607271665266
42 0
42 17.8496070478676
42 17.8496070478676
42 17.8496070478676
42 17.8496070478676
42 0
42 1.77208996655014
42 1.77208996655014
42 1.3413008568589
42 1.3413008568589
42 1.3413008568589
42 0
42 0.961021372753446
42 2.73942019747348
42 2.73942019747348
42 2.73942019747348
42 0.806914153405041
42 0.152799170467608
42 2.05298611958053
42 0.832987100841145
42 0
42 4.27365618296409
42 0
42 0
42 4.7164192877016
42 4.7164192877016
42 0
42 21.6616480600546
42 21.6616480600546
42 21.6616480600546
42 3.60300228092615
42 0
42 14.9681385920376
42 507.908990160667
42 3.64216050059318
42 3.64216050059318
42 4.37112573698172
42 4.37112573698172
42 3.45599308280169
42 3.45599308280169
42 3.45599308280169
42 0.131177751693834
42 0.131177751693834
42 0.131177751693834
42 0.82607271665266
42 0
42 17.8496070478676
42 17.8496070478676
42 17.8496070478676
42 17.8496070478676
42 0
42 1.77208996655014
42 1.77208996655014
42 1.3413008568589
42 1.3413008568589
42 1.3413008568589
42 0
42 0.961021372753446
42 2.73942019747348
42 2.73942019747348
42 2.73942019747348
42 0.806914153405041
42 0.152799170467608
42 2.05298611958053
42 0.832987100841145
42 0
42 4.27365618296409
42 0
42 0
42 4.7164192877016
42 4.7164192877016
42 0
42 21.6616480600546
42 21.6616480600546
42 21.6616480600546
42 3.60300228092615
42 0
42 14.9681385920376
42 507.908990160667
42 3.64216050059318
42 3.64216050059318
42 4.37112573698172
42 4.37112573698172
42 3.45599308280169
42 3.45599308280169
42 3.45599308280169
42 0.131177751693834
42 0.131177751693834
42 0.131177751693834
42 0.82607271665266
46 0
46 17.8496070478676
46 17.8496070478676
46 17.8496070478676
46 17.8496070478676
46 0
46 1.77208996655014
46 1.77208996655014
46 1.3413008568589
46 1.3413008568589
46 1.3413008568589
46 0
46 0.961021372753446
46 2.73942019747348
46 2.73942019747348
46 2.73942019747348
46 0.806914153405041
46 0.152799170467608
46 2.05298611958053
46 0.832987100841145
46 0
46 4.27365618296409
46 0
46 0
46 4.7164192877016
46 4.7164192877016
46 0
46 21.6616480600546
46 21.6616480600546
46 21.6616480600546
46 3.60300228092615
46 0
46 14.9681385920376
46 507.908990160667
46 3.64216050059318
46 3.64216050059318
46 4.37112573698172
46 4.37112573698172
46 3.45599308280169
46 3.45599308280169
46 3.45599308280169
46 0.131177751693834
46 0.131177751693834
46 0.131177751693834
46 0.82607271665266
51 0
51 17.8496070478676
51 17.8496070478676
51 17.8496070478676
51 17.8496070478676
51 0
51 1.77208996655014
51 1.77208996655014
51 1.3413008568589
51 1.3413008568589
51 1.3413008568589
51 0
51 0.961021372753446
51 2.73942019747348
51 2.73942019747348
51 2.73942019747348
51 0.806914153405041
51 0.152799170467608
51 2.05298611958053
51 0.832987100841145
51 0
51 4.27365618296409
51 0
51 0
51 4.7164192877016
51 4.7164192877016
51 0
51 21.6616480600546
51 21.6616480600546
51 21.6616480600546
51 3.60300228092615
51 0
51 14.9681385920376
51 507.908990160667
51 3.64216050059318
51 3.64216050059318
51 4.37112573698172
51 4.37112573698172
51 3.45599308280169
51 3.45599308280169
51 3.45599308280169
51 0.131177751693834
51 0.131177751693834
51 0.131177751693834
51 0.82607271665266
52 0
52 17.8496070478676
52 17.8496070478676
52 17.8496070478676
52 17.8496070478676
52 0
52 1.77208996655014
52 1.77208996655014
52 1.3413008568589
52 1.3413008568589
52 1.3413008568589
52 0
52 0.961021372753446
52 2.73942019747348
52 2.73942019747348
52 2.73942019747348
52 0.806914153405041
52 0.152799170467608
52 2.05298611958053
52 0.832987100841145
52 0
52 4.27365618296409
52 0
52 0
52 4.7164192877016
52 4.7164192877016
52 0
52 21.6616480600546
52 21.6616480600546
52 21.6616480600546
52 3.60300228092615
52 0
52 14.9681385920376
52 507.908990160667
52 3.64216050059318
52 3.64216050059318
52 4.37112573698172
52 4.37112573698172
52 3.45599308280169
52 3.45599308280169
52 3.45599308280169
52 0.131177751693834
52 0.131177751693834
52 0.131177751693834
52 0.82607271665266
54 0
54 17.8496070478676
54 17.8496070478676
54 17.8496070478676
54 17.8496070478676
54 0
54 1.77208996655014
54 1.77208996655014
54 1.3413008568589
54 1.3413008568589
54 1.3413008568589
54 0
54 0.961021372753446
54 2.73942019747348
54 2.73942019747348
54 2.73942019747348
54 0.806914153405041
54 0.152799170467608
54 2.05298611958053
54 0.832987100841145
54 0
54 4.27365618296409
54 0
54 0
54 4.7164192877016
54 4.7164192877016
54 0
54 21.6616480600546
54 21.6616480600546
54 21.6616480600546
54 3.60300228092615
54 0
54 14.9681385920376
54 507.908990160667
54 3.64216050059318
54 3.64216050059318
54 4.37112573698172
54 4.37112573698172
54 3.45599308280169
54 3.45599308280169
54 3.45599308280169
54 0.131177751693834
54 0.131177751693834
54 0.131177751693834
54 0.82607271665266
55 0
55 17.8496070478676
55 17.8496070478676
55 17.8496070478676
55 17.8496070478676
55 0
55 1.77208996655014
55 1.77208996655014
55 1.3413008568589
55 1.3413008568589
55 1.3413008568589
55 0
55 0.961021372753446
55 2.73942019747348
55 2.73942019747348
55 2.73942019747348
55 0.806914153405041
55 0.152799170467608
55 2.05298611958053
55 0.832987100841145
55 0
55 4.27365618296409
55 0
55 0
55 4.7164192877016
55 4.7164192877016
55 0
55 21.6616480600546
55 21.6616480600546
55 21.6616480600546
55 3.60300228092615
55 0
55 14.9681385920376
55 507.908990160667
55 3.64216050059318
55 3.64216050059318
55 4.37112573698172
55 4.37112573698172
55 3.45599308280169
55 3.45599308280169
55 3.45599308280169
55 0.131177751693834
55 0.131177751693834
55 0.131177751693834
55 0.82607271665266
55 0
55 17.8496070478676
55 17.8496070478676
55 17.8496070478676
55 17.8496070478676
55 0
55 1.77208996655014
55 1.77208996655014
55 1.3413008568589
55 1.3413008568589
55 1.3413008568589
55 0
55 0.961021372753446
55 2.73942019747348
55 2.73942019747348
55 2.73942019747348
55 0.806914153405041
55 0.152799170467608
55 2.05298611958053
55 0.832987100841145
55 0
55 4.27365618296409
55 0
55 0
55 4.7164192877016
55 4.7164192877016
55 0
55 21.6616480600546
55 21.6616480600546
55 21.6616480600546
55 3.60300228092615
55 0
55 14.9681385920376
55 507.908990160667
55 3.64216050059318
55 3.64216050059318
55 4.37112573698172
55 4.37112573698172
55 3.45599308280169
55 3.45599308280169
55 3.45599308280169
55 0.131177751693834
55 0.131177751693834
55 0.131177751693834
55 0.82607271665266
56 0
56 17.8496070478676
56 17.8496070478676
56 17.8496070478676
56 17.8496070478676
56 0
56 1.77208996655014
56 1.77208996655014
56 1.3413008568589
56 1.3413008568589
56 1.3413008568589
56 0
56 0.961021372753446
56 2.73942019747348
56 2.73942019747348
56 2.73942019747348
56 0.806914153405041
56 0.152799170467608
56 2.05298611958053
56 0.832987100841145
56 0
56 4.27365618296409
56 0
56 0
56 4.7164192877016
56 4.7164192877016
56 0
56 21.6616480600546
56 21.6616480600546
56 21.6616480600546
56 3.60300228092615
56 0
56 14.9681385920376
56 507.908990160667
56 3.64216050059318
56 3.64216050059318
56 4.37112573698172
56 4.37112573698172
56 3.45599308280169
56 3.45599308280169
56 3.45599308280169
56 0.131177751693834
56 0.131177751693834
56 0.131177751693834
56 0.82607271665266
56 0
56 17.8496070478676
56 17.8496070478676
56 17.8496070478676
56 17.8496070478676
56 0
56 1.77208996655014
56 1.77208996655014
56 1.3413008568589
56 1.3413008568589
56 1.3413008568589
56 0
56 0.961021372753446
56 2.73942019747348
56 2.73942019747348
56 2.73942019747348
56 0.806914153405041
56 0.152799170467608
56 2.05298611958053
56 0.832987100841145
56 0
56 4.27365618296409
56 0
56 0
56 4.7164192877016
56 4.7164192877016
56 0
56 21.6616480600546
56 21.6616480600546
56 21.6616480600546
56 3.60300228092615
56 0
56 14.9681385920376
56 507.908990160667
56 3.64216050059318
56 3.64216050059318
56 4.37112573698172
56 4.37112573698172
56 3.45599308280169
56 3.45599308280169
56 3.45599308280169
56 0.131177751693834
56 0.131177751693834
56 0.131177751693834
56 0.82607271665266
10801 0
10801 17.8496070478676
10801 17.8496070478676
10801 17.8496070478676
10801 17.8496070478676
10801 0
10801 1.77208996655014
10801 1.77208996655014
10801 1.3413008568589
10801 1.3413008568589
10801 1.3413008568589
10801 0
10801 0.961021372753446
10801 2.73942019747348
10801 2.73942019747348
10801 2.73942019747348
10801 0.806914153405041
10801 0.152799170467608
10801 2.05298611958053
10801 0.832987100841145
10801 0
10801 4.27365618296409
10801 0
10801 0
10801 4.7164192877016
10801 4.7164192877016
10801 0
10801 21.6616480600546
10801 21.6616480600546
10801 21.6616480600546
10801 3.60300228092615
10801 0
10801 14.9681385920376
10801 507.908990160667
10801 3.64216050059318
10801 3.64216050059318
10801 4.37112573698172
10801 4.37112573698172
10801 3.45599308280169
10801 3.45599308280169
10801 3.45599308280169
10801 0.131177751693834
10801 0.131177751693834
10801 0.131177751693834
10801 0.82607271665266
63 0
63 17.8496070478676
63 17.8496070478676
63 17.8496070478676
63 17.8496070478676
63 0
63 1.77208996655014
63 1.77208996655014
63 1.3413008568589
63 1.3413008568589
63 1.3413008568589
63 0
63 0.961021372753446
63 2.73942019747348
63 2.73942019747348
63 2.73942019747348
63 0.806914153405041
63 0.152799170467608
63 2.05298611958053
63 0.832987100841145
63 0
63 4.27365618296409
63 0
63 0
63 4.7164192877016
63 4.7164192877016
63 0
63 21.6616480600546
63 21.6616480600546
63 21.6616480600546
63 3.60300228092615
63 0
63 14.9681385920376
63 507.908990160667
63 3.64216050059318
63 3.64216050059318
63 4.37112573698172
63 4.37112573698172
63 3.45599308280169
63 3.45599308280169
63 3.45599308280169
63 0.131177751693834
63 0.131177751693834
63 0.131177751693834
63 0.82607271665266
69 0
69 17.8496070478676
69 17.8496070478676
69 17.8496070478676
69 17.8496070478676
69 0
69 1.77208996655014
69 1.77208996655014
69 1.3413008568589
69 1.3413008568589
69 1.3413008568589
69 0
69 0.961021372753446
69 2.73942019747348
69 2.73942019747348
69 2.73942019747348
69 0.806914153405041
69 0.152799170467608
69 2.05298611958053
69 0.832987100841145
69 0
69 4.27365618296409
69 0
69 0
69 4.7164192877016
69 4.7164192877016
69 0
69 21.6616480600546
69 21.6616480600546
69 21.6616480600546
69 3.60300228092615
69 0
69 14.9681385920376
69 507.908990160667
69 3.64216050059318
69 3.64216050059318
69 4.37112573698172
69 4.37112573698172
69 3.45599308280169
69 3.45599308280169
69 3.45599308280169
69 0.131177751693834
69 0.131177751693834
69 0.131177751693834
69 0.82607271665266
70 0
70 17.8496070478676
70 17.8496070478676
70 17.8496070478676
70 17.8496070478676
70 0
70 1.77208996655014
70 1.77208996655014
70 1.3413008568589
70 1.3413008568589
70 1.3413008568589
70 0
70 0.961021372753446
70 2.73942019747348
70 2.73942019747348
70 2.73942019747348
70 0.806914153405041
70 0.152799170467608
70 2.05298611958053
70 0.832987100841145
70 0
70 4.27365618296409
70 0
70 0
70 4.7164192877016
70 4.7164192877016
70 0
70 21.6616480600546
70 21.6616480600546
70 21.6616480600546
70 3.60300228092615
70 0
70 14.9681385920376
70 507.908990160667
70 3.64216050059318
70 3.64216050059318
70 4.37112573698172
70 4.37112573698172
70 3.45599308280169
70 3.45599308280169
70 3.45599308280169
70 0.131177751693834
70 0.131177751693834
70 0.131177751693834
70 0.82607271665266
71 0
71 17.8496070478676
71 17.8496070478676
71 17.8496070478676
71 17.8496070478676
71 0
71 1.77208996655014
71 1.77208996655014
71 1.3413008568589
71 1.3413008568589
71 1.3413008568589
71 0
71 0.961021372753446
71 2.73942019747348
71 2.73942019747348
71 2.73942019747348
71 0.806914153405041
71 0.152799170467608
71 2.05298611958053
71 0.832987100841145
71 0
71 4.27365618296409
71 0
71 0
71 4.7164192877016
71 4.7164192877016
71 0
71 21.6616480600546
71 21.6616480600546
71 21.6616480600546
71 3.60300228092615
71 0
71 14.9681385920376
71 507.908990160667
71 3.64216050059318
71 3.64216050059318
71 4.37112573698172
71 4.37112573698172
71 3.45599308280169
71 3.45599308280169
71 3.45599308280169
71 0.131177751693834
71 0.131177751693834
71 0.131177751693834
71 0.82607271665266
72 0
72 17.8496070478676
72 17.8496070478676
72 17.8496070478676
72 17.8496070478676
72 0
72 1.77208996655014
72 1.77208996655014
72 1.3413008568589
72 1.3413008568589
72 1.3413008568589
72 0
72 0.961021372753446
72 2.73942019747348
72 2.73942019747348
72 2.73942019747348
72 0.806914153405041
72 0.152799170467608
72 2.05298611958053
72 0.832987100841145
72 0
72 4.27365618296409
72 0
72 0
72 4.7164192877016
72 4.7164192877016
72 0
72 21.6616480600546
72 21.6616480600546
72 21.6616480600546
72 3.60300228092615
72 0
72 14.9681385920376
72 507.908990160667
72 3.64216050059318
72 3.64216050059318
72 4.37112573698172
72 4.37112573698172
72 3.45599308280169
72 3.45599308280169
72 3.45599308280169
72 0.131177751693834
72 0.131177751693834
72 0.131177751693834
72 0.82607271665266
73 0
73 17.8496070478676
73 17.8496070478676
73 17.8496070478676
73 17.8496070478676
73 0
73 1.77208996655014
73 1.77208996655014
73 1.3413008568589
73 1.3413008568589
73 1.3413008568589
73 0
73 0.961021372753446
73 2.73942019747348
73 2.73942019747348
73 2.73942019747348
73 0.806914153405041
73 0.152799170467608
73 2.05298611958053
73 0.832987100841145
73 0
73 4.27365618296409
73 0
73 0
73 4.7164192877016
73 4.7164192877016
73 0
73 21.6616480600546
73 21.6616480600546
73 21.6616480600546
73 3.60300228092615
73 0
73 14.9681385920376
73 507.908990160667
73 3.64216050059318
73 3.64216050059318
73 4.37112573698172
73 4.37112573698172
73 3.45599308280169
73 3.45599308280169
73 3.45599308280169
73 0.131177751693834
73 0.131177751693834
73 0.131177751693834
73 0.82607271665266
74 0
74 17.8496070478676
74 17.8496070478676
74 17.8496070478676
74 17.8496070478676
74 0
74 1.77208996655014
74 1.77208996655014
74 1.3413008568589
74 1.3413008568589
74 1.3413008568589
74 0
74 0.961021372753446
74 2.73942019747348
74 2.73942019747348
74 2.73942019747348
74 0.806914153405041
74 0.152799170467608
74 2.05298611958053
74 0.832987100841145
74 0
74 4.27365618296409
74 0
74 0
74 4.7164192877016
74 4.7164192877016
74 0
74 21.6616480600546
74 21.6616480600546
74 21.6616480600546
74 3.60300228092615
74 0
74 14.9681385920376
74 507.908990160667
74 3.64216050059318
74 3.64216050059318
74 4.37112573698172
74 4.37112573698172
74 3.45599308280169
74 3.45599308280169
74 3.45599308280169
74 0.131177751693834
74 0.131177751693834
74 0.131177751693834
74 0.82607271665266
75 0
75 17.8496070478676
75 17.8496070478676
75 17.8496070478676
75 17.8496070478676
75 0
75 1.77208996655014
75 1.77208996655014
75 1.3413008568589
75 1.3413008568589
75 1.3413008568589
75 0
75 0.961021372753446
75 2.73942019747348
75 2.73942019747348
75 2.73942019747348
75 0.806914153405041
75 0.152799170467608
75 2.05298611958053
75 0.832987100841145
75 0
75 4.27365618296409
75 0
75 0
75 4.7164192877016
75 4.7164192877016
75 0
75 21.6616480600546
75 21.6616480600546
75 21.6616480600546
75 3.60300228092615
75 0
75 14.9681385920376
75 507.908990160667
75 3.64216050059318
75 3.64216050059318
75 4.37112573698172
75 4.37112573698172
75 3.45599308280169
75 3.45599308280169
75 3.45599308280169
75 0.131177751693834
75 0.131177751693834
75 0.131177751693834
75 0.82607271665266
76 0
76 17.8496070478676
76 17.8496070478676
76 17.8496070478676
76 17.8496070478676
76 0
76 1.77208996655014
76 1.77208996655014
76 1.3413008568589
76 1.3413008568589
76 1.3413008568589
76 0
76 0.961021372753446
76 2.73942019747348
76 2.73942019747348
76 2.73942019747348
76 0.806914153405041
76 0.152799170467608
76 2.05298611958053
76 0.832987100841145
76 0
76 4.27365618296409
76 0
76 0
76 4.7164192877016
76 4.7164192877016
76 0
76 21.6616480600546
76 21.6616480600546
76 21.6616480600546
76 3.60300228092615
76 0
76 14.9681385920376
76 507.908990160667
76 3.64216050059318
76 3.64216050059318
76 4.37112573698172
76 4.37112573698172
76 3.45599308280169
76 3.45599308280169
76 3.45599308280169
76 0.131177751693834
76 0.131177751693834
76 0.131177751693834
76 0.82607271665266
76 0
76 17.8496070478676
76 17.8496070478676
76 17.8496070478676
76 17.8496070478676
76 0
76 1.77208996655014
76 1.77208996655014
76 1.3413008568589
76 1.3413008568589
76 1.3413008568589
76 0
76 0.961021372753446
76 2.73942019747348
76 2.73942019747348
76 2.73942019747348
76 0.806914153405041
76 0.152799170467608
76 2.05298611958053
76 0.832987100841145
76 0
76 4.27365618296409
76 0
76 0
76 4.7164192877016
76 4.7164192877016
76 0
76 21.6616480600546
76 21.6616480600546
76 21.6616480600546
76 3.60300228092615
76 0
76 14.9681385920376
76 507.908990160667
76 3.64216050059318
76 3.64216050059318
76 4.37112573698172
76 4.37112573698172
76 3.45599308280169
76 3.45599308280169
76 3.45599308280169
76 0.131177751693834
76 0.131177751693834
76 0.131177751693834
76 0.82607271665266
77 0
77 17.8496070478676
77 17.8496070478676
77 17.8496070478676
77 17.8496070478676
77 0
77 1.77208996655014
77 1.77208996655014
77 1.3413008568589
77 1.3413008568589
77 1.3413008568589
77 0
77 0.961021372753446
77 2.73942019747348
77 2.73942019747348
77 2.73942019747348
77 0.806914153405041
77 0.152799170467608
77 2.05298611958053
77 0.832987100841145
77 0
77 4.27365618296409
77 0
77 0
77 4.7164192877016
77 4.7164192877016
77 0
77 21.6616480600546
77 21.6616480600546
77 21.6616480600546
77 3.60300228092615
77 0
77 14.9681385920376
77 507.908990160667
77 3.64216050059318
77 3.64216050059318
77 4.37112573698172
77 4.37112573698172
77 3.45599308280169
77 3.45599308280169
77 3.45599308280169
77 0.131177751693834
77 0.131177751693834
77 0.131177751693834
77 0.82607271665266
95 0
95 17.8496070478676
95 17.8496070478676
95 17.8496070478676
95 17.8496070478676
95 0
95 1.77208996655014
95 1.77208996655014
95 1.3413008568589
95 1.3413008568589
95 1.3413008568589
95 0
95 0.961021372753446
95 2.73942019747348
95 2.73942019747348
95 2.73942019747348
95 0.806914153405041
95 0.152799170467608
95 2.05298611958053
95 0.832987100841145
95 0
95 4.27365618296409
95 0
95 0
95 4.7164192877016
95 4.7164192877016
95 0
95 21.6616480600546
95 21.6616480600546
95 21.6616480600546
95 3.60300228092615
95 0
95 14.9681385920376
95 507.908990160667
95 3.64216050059318
95 3.64216050059318
95 4.37112573698172
95 4.37112573698172
95 3.45599308280169
95 3.45599308280169
95 3.45599308280169
95 0.131177751693834
95 0.131177751693834
95 0.131177751693834
95 0.82607271665266
96 0
96 17.8496070478676
96 17.8496070478676
96 17.8496070478676
96 17.8496070478676
96 0
96 1.77208996655014
96 1.77208996655014
96 1.3413008568589
96 1.3413008568589
96 1.3413008568589
96 0
96 0.961021372753446
96 2.73942019747348
96 2.73942019747348
96 2.73942019747348
96 0.806914153405041
96 0.152799170467608
96 2.05298611958053
96 0.832987100841145
96 0
96 4.27365618296409
96 0
96 0
96 4.7164192877016
96 4.7164192877016
96 0
96 21.6616480600546
96 21.6616480600546
96 21.6616480600546
96 3.60300228092615
96 0
96 14.9681385920376
96 507.908990160667
96 3.64216050059318
96 3.64216050059318
96 4.37112573698172
96 4.37112573698172
96 3.45599308280169
96 3.45599308280169
96 3.45599308280169
96 0.131177751693834
96 0.131177751693834
96 0.131177751693834
96 0.82607271665266
97 0
97 17.8496070478676
97 17.8496070478676
97 17.8496070478676
97 17.8496070478676
97 0
97 1.77208996655014
97 1.77208996655014
97 1.3413008568589
97 1.3413008568589
97 1.3413008568589
97 0
97 0.961021372753446
97 2.73942019747348
97 2.73942019747348
97 2.73942019747348
97 0.806914153405041
97 0.152799170467608
97 2.05298611958053
97 0.832987100841145
97 0
97 4.27365618296409
97 0
97 0
97 4.7164192877016
97 4.7164192877016
97 0
97 21.6616480600546
97 21.6616480600546
97 21.6616480600546
97 3.60300228092615
97 0
97 14.9681385920376
97 507.908990160667
97 3.64216050059318
97 3.64216050059318
97 4.37112573698172
97 4.37112573698172
97 3.45599308280169
97 3.45599308280169
97 3.45599308280169
97 0.131177751693834
97 0.131177751693834
97 0.131177751693834
97 0.82607271665266
98 0
98 17.8496070478676
98 17.8496070478676
98 17.8496070478676
98 17.8496070478676
98 0
98 1.77208996655014
98 1.77208996655014
98 1.3413008568589
98 1.3413008568589
98 1.3413008568589
98 0
98 0.961021372753446
98 2.73942019747348
98 2.73942019747348
98 2.73942019747348
98 0.806914153405041
98 0.152799170467608
98 2.05298611958053
98 0.832987100841145
98 0
98 4.27365618296409
98 0
98 0
98 4.7164192877016
98 4.7164192877016
98 0
98 21.6616480600546
98 21.6616480600546
98 21.6616480600546
98 3.60300228092615
98 0
98 14.9681385920376
98 507.908990160667
98 3.64216050059318
98 3.64216050059318
98 4.37112573698172
98 4.37112573698172
98 3.45599308280169
98 3.45599308280169
98 3.45599308280169
98 0.131177751693834
98 0.131177751693834
98 0.131177751693834
98 0.82607271665266
98 0
98 17.8496070478676
98 17.8496070478676
98 17.8496070478676
98 17.8496070478676
98 0
98 1.77208996655014
98 1.77208996655014
98 1.3413008568589
98 1.3413008568589
98 1.3413008568589
98 0
98 0.961021372753446
98 2.73942019747348
98 2.73942019747348
98 2.73942019747348
98 0.806914153405041
98 0.152799170467608
98 2.05298611958053
98 0.832987100841145
98 0
98 4.27365618296409
98 0
98 0
98 4.7164192877016
98 4.7164192877016
98 0
98 21.6616480600546
98 21.6616480600546
98 21.6616480600546
98 3.60300228092615
98 0
98 14.9681385920376
98 507.908990160667
98 3.64216050059318
98 3.64216050059318
98 4.37112573698172
98 4.37112573698172
98 3.45599308280169
98 3.45599308280169
98 3.45599308280169
98 0.131177751693834
98 0.131177751693834
98 0.131177751693834
98 0.82607271665266
99 0
99 17.8496070478676
99 17.8496070478676
99 17.8496070478676
99 17.8496070478676
99 0
99 1.77208996655014
99 1.77208996655014
99 1.3413008568589
99 1.3413008568589
99 1.3413008568589
99 0
99 0.961021372753446
99 2.73942019747348
99 2.73942019747348
99 2.73942019747348
99 0.806914153405041
99 0.152799170467608
99 2.05298611958053
99 0.832987100841145
99 0
99 4.27365618296409
99 0
99 0
99 4.7164192877016
99 4.7164192877016
99 0
99 21.6616480600546
99 21.6616480600546
99 21.6616480600546
99 3.60300228092615
99 0
99 14.9681385920376
99 507.908990160667
99 3.64216050059318
99 3.64216050059318
99 4.37112573698172
99 4.37112573698172
99 3.45599308280169
99 3.45599308280169
99 3.45599308280169
99 0.131177751693834
99 0.131177751693834
99 0.131177751693834
99 0.82607271665266
99 0
99 17.8496070478676
99 17.8496070478676
99 17.8496070478676
99 17.8496070478676
99 0
99 1.77208996655014
99 1.77208996655014
99 1.3413008568589
99 1.3413008568589
99 1.3413008568589
99 0
99 0.961021372753446
99 2.73942019747348
99 2.73942019747348
99 2.73942019747348
99 0.806914153405041
99 0.152799170467608
99 2.05298611958053
99 0.832987100841145
99 0
99 4.27365618296409
99 0
99 0
99 4.7164192877016
99 4.7164192877016
99 0
99 21.6616480600546
99 21.6616480600546
99 21.6616480600546
99 3.60300228092615
99 0
99 14.9681385920376
99 507.908990160667
99 3.64216050059318
99 3.64216050059318
99 4.37112573698172
99 4.37112573698172
99 3.45599308280169
99 3.45599308280169
99 3.45599308280169
99 0.131177751693834
99 0.131177751693834
99 0.131177751693834
99 0.82607271665266
100 0
100 17.8496070478676
100 17.8496070478676
100 17.8496070478676
100 17.8496070478676
100 0
100 1.77208996655014
100 1.77208996655014
100 1.3413008568589
100 1.3413008568589
100 1.3413008568589
100 0
100 0.961021372753446
100 2.73942019747348
100 2.73942019747348
100 2.73942019747348
100 0.806914153405041
100 0.152799170467608
100 2.05298611958053
100 0.832987100841145
100 0
100 4.27365618296409
100 0
100 0
100 4.7164192877016
100 4.7164192877016
100 0
100 21.6616480600546
100 21.6616480600546
100 21.6616480600546
100 3.60300228092615
100 0
100 14.9681385920376
100 507.908990160667
100 3.64216050059318
100 3.64216050059318
100 4.37112573698172
100 4.37112573698172
100 3.45599308280169
100 3.45599308280169
100 3.45599308280169
100 0.131177751693834
100 0.131177751693834
100 0.131177751693834
100 0.82607271665266
119 0
119 17.8496070478676
119 17.8496070478676
119 17.8496070478676
119 17.8496070478676
119 0
119 1.77208996655014
119 1.77208996655014
119 1.3413008568589
119 1.3413008568589
119 1.3413008568589
119 0
119 0.961021372753446
119 2.73942019747348
119 2.73942019747348
119 2.73942019747348
119 0.806914153405041
119 0.152799170467608
119 2.05298611958053
119 0.832987100841145
119 0
119 4.27365618296409
119 0
119 0
119 4.7164192877016
119 4.7164192877016
119 0
119 21.6616480600546
119 21.6616480600546
119 21.6616480600546
119 3.60300228092615
119 0
119 14.9681385920376
119 507.908990160667
119 3.64216050059318
119 3.64216050059318
119 4.37112573698172
119 4.37112573698172
119 3.45599308280169
119 3.45599308280169
119 3.45599308280169
119 0.131177751693834
119 0.131177751693834
119 0.131177751693834
119 0.82607271665266
120 0
120 17.8496070478676
120 17.8496070478676
120 17.8496070478676
120 17.8496070478676
120 0
120 1.77208996655014
120 1.77208996655014
120 1.3413008568589
120 1.3413008568589
120 1.3413008568589
120 0
120 0.961021372753446
120 2.73942019747348
120 2.73942019747348
120 2.73942019747348
120 0.806914153405041
120 0.152799170467608
120 2.05298611958053
120 0.832987100841145
120 0
120 4.27365618296409
120 0
120 0
120 4.7164192877016
120 4.7164192877016
120 0
120 21.6616480600546
120 21.6616480600546
120 21.6616480600546
120 3.60300228092615
120 0
120 14.9681385920376
120 507.908990160667
120 3.64216050059318
120 3.64216050059318
120 4.37112573698172
120 4.37112573698172
120 3.45599308280169
120 3.45599308280169
120 3.45599308280169
120 0.131177751693834
120 0.131177751693834
120 0.131177751693834
120 0.82607271665266
121 0
121 17.8496070478676
121 17.8496070478676
121 17.8496070478676
121 17.8496070478676
121 0
121 1.77208996655014
121 1.77208996655014
121 1.3413008568589
121 1.3413008568589
121 1.3413008568589
121 0
121 0.961021372753446
121 2.73942019747348
121 2.73942019747348
121 2.73942019747348
121 0.806914153405041
121 0.152799170467608
121 2.05298611958053
121 0.832987100841145
121 0
121 4.27365618296409
121 0
121 0
121 4.7164192877016
121 4.7164192877016
121 0
121 21.6616480600546
121 21.6616480600546
121 21.6616480600546
121 3.60300228092615
121 0
121 14.9681385920376
121 507.908990160667
121 3.64216050059318
121 3.64216050059318
121 4.37112573698172
121 4.37112573698172
121 3.45599308280169
121 3.45599308280169
121 3.45599308280169
121 0.131177751693834
121 0.131177751693834
121 0.131177751693834
121 0.82607271665266
130 0
130 17.8496070478676
130 17.8496070478676
130 17.8496070478676
130 17.8496070478676
130 0
130 1.77208996655014
130 1.77208996655014
130 1.3413008568589
130 1.3413008568589
130 1.3413008568589
130 0
130 0.961021372753446
130 2.73942019747348
130 2.73942019747348
130 2.73942019747348
130 0.806914153405041
130 0.152799170467608
130 2.05298611958053
130 0.832987100841145
130 0
130 4.27365618296409
130 0
130 0
130 4.7164192877016
130 4.7164192877016
130 0
130 21.6616480600546
130 21.6616480600546
130 21.6616480600546
130 3.60300228092615
130 0
130 14.9681385920376
130 507.908990160667
130 3.64216050059318
130 3.64216050059318
130 4.37112573698172
130 4.37112573698172
130 3.45599308280169
130 3.45599308280169
130 3.45599308280169
130 0.131177751693834
130 0.131177751693834
130 0.131177751693834
130 0.82607271665266
140 0
140 17.8496070478676
140 17.8496070478676
140 17.8496070478676
140 17.8496070478676
140 0
140 1.77208996655014
140 1.77208996655014
140 1.3413008568589
140 1.3413008568589
140 1.3413008568589
140 0
140 0.961021372753446
140 2.73942019747348
140 2.73942019747348
140 2.73942019747348
140 0.806914153405041
140 0.152799170467608
140 2.05298611958053
140 0.832987100841145
140 0
140 4.27365618296409
140 0
140 0
140 4.7164192877016
140 4.7164192877016
140 0
140 21.6616480600546
140 21.6616480600546
140 21.6616480600546
140 3.60300228092615
140 0
140 14.9681385920376
140 507.908990160667
140 3.64216050059318
140 3.64216050059318
140 4.37112573698172
140 4.37112573698172
140 3.45599308280169
140 3.45599308280169
140 3.45599308280169
140 0.131177751693834
140 0.131177751693834
140 0.131177751693834
140 0.82607271665266
145 0
145 17.8496070478676
145 17.8496070478676
145 17.8496070478676
145 17.8496070478676
145 0
145 1.77208996655014
145 1.77208996655014
145 1.3413008568589
145 1.3413008568589
145 1.3413008568589
145 0
145 0.961021372753446
145 2.73942019747348
145 2.73942019747348
145 2.73942019747348
145 0.806914153405041
145 0.152799170467608
145 2.05298611958053
145 0.832987100841145
145 0
145 4.27365618296409
145 0
145 0
145 4.7164192877016
145 4.7164192877016
145 0
145 21.6616480600546
145 21.6616480600546
145 21.6616480600546
145 3.60300228092615
145 0
145 14.9681385920376
145 507.908990160667
145 3.64216050059318
145 3.64216050059318
145 4.37112573698172
145 4.37112573698172
145 3.45599308280169
145 3.45599308280169
145 3.45599308280169
145 0.131177751693834
145 0.131177751693834
145 0.131177751693834
145 0.82607271665266
151 0
151 17.8496070478676
151 17.8496070478676
151 17.8496070478676
151 17.8496070478676
151 0
151 1.77208996655014
151 1.77208996655014
151 1.3413008568589
151 1.3413008568589
151 1.3413008568589
151 0
151 0.961021372753446
151 2.73942019747348
151 2.73942019747348
151 2.73942019747348
151 0.806914153405041
151 0.152799170467608
151 2.05298611958053
151 0.832987100841145
151 0
151 4.27365618296409
151 0
151 0
151 4.7164192877016
151 4.7164192877016
151 0
151 21.6616480600546
151 21.6616480600546
151 21.6616480600546
151 3.60300228092615
151 0
151 14.9681385920376
151 507.908990160667
151 3.64216050059318
151 3.64216050059318
151 4.37112573698172
151 4.37112573698172
151 3.45599308280169
151 3.45599308280169
151 3.45599308280169
151 0.131177751693834
151 0.131177751693834
151 0.131177751693834
151 0.82607271665266
152 0
152 17.8496070478676
152 17.8496070478676
152 17.8496070478676
152 17.8496070478676
152 0
152 1.77208996655014
152 1.77208996655014
152 1.3413008568589
152 1.3413008568589
152 1.3413008568589
152 0
152 0.961021372753446
152 2.73942019747348
152 2.73942019747348
152 2.73942019747348
152 0.806914153405041
152 0.152799170467608
152 2.05298611958053
152 0.832987100841145
152 0
152 4.27365618296409
152 0
152 0
152 4.7164192877016
152 4.7164192877016
152 0
152 21.6616480600546
152 21.6616480600546
152 21.6616480600546
152 3.60300228092615
152 0
152 14.9681385920376
152 507.908990160667
152 3.64216050059318
152 3.64216050059318
152 4.37112573698172
152 4.37112573698172
152 3.45599308280169
152 3.45599308280169
152 3.45599308280169
152 0.131177751693834
152 0.131177751693834
152 0.131177751693834
152 0.82607271665266
155 0
155 17.8496070478676
155 17.8496070478676
155 17.8496070478676
155 17.8496070478676
155 0
155 1.77208996655014
155 1.77208996655014
155 1.3413008568589
155 1.3413008568589
155 1.3413008568589
155 0
155 0.961021372753446
155 2.73942019747348
155 2.73942019747348
155 2.73942019747348
155 0.806914153405041
155 0.152799170467608
155 2.05298611958053
155 0.832987100841145
155 0
155 4.27365618296409
155 0
155 0
155 4.7164192877016
155 4.7164192877016
155 0
155 21.6616480600546
155 21.6616480600546
155 21.6616480600546
155 3.60300228092615
155 0
155 14.9681385920376
155 507.908990160667
155 3.64216050059318
155 3.64216050059318
155 4.37112573698172
155 4.37112573698172
155 3.45599308280169
155 3.45599308280169
155 3.45599308280169
155 0.131177751693834
155 0.131177751693834
155 0.131177751693834
155 0.82607271665266
173 0
173 17.8496070478676
173 17.8496070478676
173 17.8496070478676
173 17.8496070478676
173 0
173 1.77208996655014
173 1.77208996655014
173 1.3413008568589
173 1.3413008568589
173 1.3413008568589
173 0
173 0.961021372753446
173 2.73942019747348
173 2.73942019747348
173 2.73942019747348
173 0.806914153405041
173 0.152799170467608
173 2.05298611958053
173 0.832987100841145
173 0
173 4.27365618296409
173 0
173 0
173 4.7164192877016
173 4.7164192877016
173 0
173 21.6616480600546
173 21.6616480600546
173 21.6616480600546
173 3.60300228092615
173 0
173 14.9681385920376
173 507.908990160667
173 3.64216050059318
173 3.64216050059318
173 4.37112573698172
173 4.37112573698172
173 3.45599308280169
173 3.45599308280169
173 3.45599308280169
173 0.131177751693834
173 0.131177751693834
173 0.131177751693834
173 0.82607271665266
176 0
176 17.8496070478676
176 17.8496070478676
176 17.8496070478676
176 17.8496070478676
176 0
176 1.77208996655014
176 1.77208996655014
176 1.3413008568589
176 1.3413008568589
176 1.3413008568589
176 0
176 0.961021372753446
176 2.73942019747348
176 2.73942019747348
176 2.73942019747348
176 0.806914153405041
176 0.152799170467608
176 2.05298611958053
176 0.832987100841145
176 0
176 4.27365618296409
176 0
176 0
176 4.7164192877016
176 4.7164192877016
176 0
176 21.6616480600546
176 21.6616480600546
176 21.6616480600546
176 3.60300228092615
176 0
176 14.9681385920376
176 507.908990160667
176 3.64216050059318
176 3.64216050059318
176 4.37112573698172
176 4.37112573698172
176 3.45599308280169
176 3.45599308280169
176 3.45599308280169
176 0.131177751693834
176 0.131177751693834
176 0.131177751693834
176 0.82607271665266
192 0
192 17.8496070478676
192 17.8496070478676
192 17.8496070478676
192 17.8496070478676
192 0
192 1.77208996655014
192 1.77208996655014
192 1.3413008568589
192 1.3413008568589
192 1.3413008568589
192 0
192 0.961021372753446
192 2.73942019747348
192 2.73942019747348
192 2.73942019747348
192 0.806914153405041
192 0.152799170467608
192 2.05298611958053
192 0.832987100841145
192 0
192 4.27365618296409
192 0
192 0
192 4.7164192877016
192 4.7164192877016
192 0
192 21.6616480600546
192 21.6616480600546
192 21.6616480600546
192 3.60300228092615
192 0
192 14.9681385920376
192 507.908990160667
192 3.64216050059318
192 3.64216050059318
192 4.37112573698172
192 4.37112573698172
192 3.45599308280169
192 3.45599308280169
192 3.45599308280169
192 0.131177751693834
192 0.131177751693834
192 0.131177751693834
192 0.82607271665266
206 0
206 17.8496070478676
206 17.8496070478676
206 17.8496070478676
206 17.8496070478676
206 0
206 1.77208996655014
206 1.77208996655014
206 1.3413008568589
206 1.3413008568589
206 1.3413008568589
206 0
206 0.961021372753446
206 2.73942019747348
206 2.73942019747348
206 2.73942019747348
206 0.806914153405041
206 0.152799170467608
206 2.05298611958053
206 0.832987100841145
206 0
206 4.27365618296409
206 0
206 0
206 4.7164192877016
206 4.7164192877016
206 0
206 21.6616480600546
206 21.6616480600546
206 21.6616480600546
206 3.60300228092615
206 0
206 14.9681385920376
206 507.908990160667
206 3.64216050059318
206 3.64216050059318
206 4.37112573698172
206 4.37112573698172
206 3.45599308280169
206 3.45599308280169
206 3.45599308280169
206 0.131177751693834
206 0.131177751693834
206 0.131177751693834
206 0.82607271665266
214 0
214 17.8496070478676
214 17.8496070478676
214 17.8496070478676
214 17.8496070478676
214 0
214 1.77208996655014
214 1.77208996655014
214 1.3413008568589
214 1.3413008568589
214 1.3413008568589
214 0
214 0.961021372753446
214 2.73942019747348
214 2.73942019747348
214 2.73942019747348
214 0.806914153405041
214 0.152799170467608
214 2.05298611958053
214 0.832987100841145
214 0
214 4.27365618296409
214 0
214 0
214 4.7164192877016
214 4.7164192877016
214 0
214 21.6616480600546
214 21.6616480600546
214 21.6616480600546
214 3.60300228092615
214 0
214 14.9681385920376
214 507.908990160667
214 3.64216050059318
214 3.64216050059318
214 4.37112573698172
214 4.37112573698172
214 3.45599308280169
214 3.45599308280169
214 3.45599308280169
214 0.131177751693834
214 0.131177751693834
214 0.131177751693834
214 0.82607271665266
316 0
316 17.8496070478676
316 17.8496070478676
316 17.8496070478676
316 17.8496070478676
316 0
316 1.77208996655014
316 1.77208996655014
316 1.3413008568589
316 1.3413008568589
316 1.3413008568589
316 0
316 0.961021372753446
316 2.73942019747348
316 2.73942019747348
316 2.73942019747348
316 0.806914153405041
316 0.152799170467608
316 2.05298611958053
316 0.832987100841145
316 0
316 4.27365618296409
316 0
316 0
316 4.7164192877016
316 4.7164192877016
316 0
316 21.6616480600546
316 21.6616480600546
316 21.6616480600546
316 3.60300228092615
316 0
316 14.9681385920376
316 507.908990160667
316 3.64216050059318
316 3.64216050059318
316 4.37112573698172
316 4.37112573698172
316 3.45599308280169
316 3.45599308280169
316 3.45599308280169
316 0.131177751693834
316 0.131177751693834
316 0.131177751693834
316 0.82607271665266
328 0
328 17.8496070478676
328 17.8496070478676
328 17.8496070478676
328 17.8496070478676
328 0
328 1.77208996655014
328 1.77208996655014
328 1.3413008568589
328 1.3413008568589
328 1.3413008568589
328 0
328 0.961021372753446
328 2.73942019747348
328 2.73942019747348
328 2.73942019747348
328 0.806914153405041
328 0.152799170467608
328 2.05298611958053
328 0.832987100841145
328 0
328 4.27365618296409
328 0
328 0
328 4.7164192877016
328 4.7164192877016
328 0
328 21.6616480600546
328 21.6616480600546
328 21.6616480600546
328 3.60300228092615
328 0
328 14.9681385920376
328 507.908990160667
328 3.64216050059318
328 3.64216050059318
328 4.37112573698172
328 4.37112573698172
328 3.45599308280169
328 3.45599308280169
328 3.45599308280169
328 0.131177751693834
328 0.131177751693834
328 0.131177751693834
328 0.82607271665266
362 0
362 17.8496070478676
362 17.8496070478676
362 17.8496070478676
362 17.8496070478676
362 0
362 1.77208996655014
362 1.77208996655014
362 1.3413008568589
362 1.3413008568589
362 1.3413008568589
362 0
362 0.961021372753446
362 2.73942019747348
362 2.73942019747348
362 2.73942019747348
362 0.806914153405041
362 0.152799170467608
362 2.05298611958053
362 0.832987100841145
362 0
362 4.27365618296409
362 0
362 0
362 4.7164192877016
362 4.7164192877016
362 0
362 21.6616480600546
362 21.6616480600546
362 21.6616480600546
362 3.60300228092615
362 0
362 14.9681385920376
362 507.908990160667
362 3.64216050059318
362 3.64216050059318
362 4.37112573698172
362 4.37112573698172
362 3.45599308280169
362 3.45599308280169
362 3.45599308280169
362 0.131177751693834
362 0.131177751693834
362 0.131177751693834
362 0.82607271665266
383 0
383 17.8496070478676
383 17.8496070478676
383 17.8496070478676
383 17.8496070478676
383 0
383 1.77208996655014
383 1.77208996655014
383 1.3413008568589
383 1.3413008568589
383 1.3413008568589
383 0
383 0.961021372753446
383 2.73942019747348
383 2.73942019747348
383 2.73942019747348
383 0.806914153405041
383 0.152799170467608
383 2.05298611958053
383 0.832987100841145
383 0
383 4.27365618296409
383 0
383 0
383 4.7164192877016
383 4.7164192877016
383 0
383 21.6616480600546
383 21.6616480600546
383 21.6616480600546
383 3.60300228092615
383 0
383 14.9681385920376
383 507.908990160667
383 3.64216050059318
383 3.64216050059318
383 4.37112573698172
383 4.37112573698172
383 3.45599308280169
383 3.45599308280169
383 3.45599308280169
383 0.131177751693834
383 0.131177751693834
383 0.131177751693834
383 0.82607271665266
440 0
440 17.8496070478676
440 17.8496070478676
440 17.8496070478676
440 17.8496070478676
440 0
440 1.77208996655014
440 1.77208996655014
440 1.3413008568589
440 1.3413008568589
440 1.3413008568589
440 0
440 0.961021372753446
440 2.73942019747348
440 2.73942019747348
440 2.73942019747348
440 0.806914153405041
440 0.152799170467608
440 2.05298611958053
440 0.832987100841145
440 0
440 4.27365618296409
440 0
440 0
440 4.7164192877016
440 4.7164192877016
440 0
440 21.6616480600546
440 21.6616480600546
440 21.6616480600546
440 3.60300228092615
440 0
440 14.9681385920376
440 507.908990160667
440 3.64216050059318
440 3.64216050059318
440 4.37112573698172
440 4.37112573698172
440 3.45599308280169
440 3.45599308280169
440 3.45599308280169
440 0.131177751693834
440 0.131177751693834
440 0.131177751693834
440 0.82607271665266
485 0
485 17.8496070478676
485 17.8496070478676
485 17.8496070478676
485 17.8496070478676
485 0
485 1.77208996655014
485 1.77208996655014
485 1.3413008568589
485 1.3413008568589
485 1.3413008568589
485 0
485 0.961021372753446
485 2.73942019747348
485 2.73942019747348
485 2.73942019747348
485 0.806914153405041
485 0.152799170467608
485 2.05298611958053
485 0.832987100841145
485 0
485 4.27365618296409
485 0
485 0
485 4.7164192877016
485 4.7164192877016
485 0
485 21.6616480600546
485 21.6616480600546
485 21.6616480600546
485 3.60300228092615
485 0
485 14.9681385920376
485 507.908990160667
485 3.64216050059318
485 3.64216050059318
485 4.37112573698172
485 4.37112573698172
485 3.45599308280169
485 3.45599308280169
485 3.45599308280169
485 0.131177751693834
485 0.131177751693834
485 0.131177751693834
485 0.82607271665266
496 0
496 17.8496070478676
496 17.8496070478676
496 17.8496070478676
496 17.8496070478676
496 0
496 1.77208996655014
496 1.77208996655014
496 1.3413008568589
496 1.3413008568589
496 1.3413008568589
496 0
496 0.961021372753446
496 2.73942019747348
496 2.73942019747348
496 2.73942019747348
496 0.806914153405041
496 0.152799170467608
496 2.05298611958053
496 0.832987100841145
496 0
496 4.27365618296409
496 0
496 0
496 4.7164192877016
496 4.7164192877016
496 0
496 21.6616480600546
496 21.6616480600546
496 21.6616480600546
496 3.60300228092615
496 0
496 14.9681385920376
496 507.908990160667
496 3.64216050059318
496 3.64216050059318
496 4.37112573698172
496 4.37112573698172
496 3.45599308280169
496 3.45599308280169
496 3.45599308280169
496 0.131177751693834
496 0.131177751693834
496 0.131177751693834
496 0.82607271665266
519 0
519 17.8496070478676
519 17.8496070478676
519 17.8496070478676
519 17.8496070478676
519 0
519 1.77208996655014
519 1.77208996655014
519 1.3413008568589
519 1.3413008568589
519 1.3413008568589
519 0
519 0.961021372753446
519 2.73942019747348
519 2.73942019747348
519 2.73942019747348
519 0.806914153405041
519 0.152799170467608
519 2.05298611958053
519 0.832987100841145
519 0
519 4.27365618296409
519 0
519 0
519 4.7164192877016
519 4.7164192877016
519 0
519 21.6616480600546
519 21.6616480600546
519 21.6616480600546
519 3.60300228092615
519 0
519 14.9681385920376
519 507.908990160667
519 3.64216050059318
519 3.64216050059318
519 4.37112573698172
519 4.37112573698172
519 3.45599308280169
519 3.45599308280169
519 3.45599308280169
519 0.131177751693834
519 0.131177751693834
519 0.131177751693834
519 0.82607271665266
687 0
687 17.8496070478676
687 17.8496070478676
687 17.8496070478676
687 17.8496070478676
687 0
687 1.77208996655014
687 1.77208996655014
687 1.3413008568589
687 1.3413008568589
687 1.3413008568589
687 0
687 0.961021372753446
687 2.73942019747348
687 2.73942019747348
687 2.73942019747348
687 0.806914153405041
687 0.152799170467608
687 2.05298611958053
687 0.832987100841145
687 0
687 4.27365618296409
687 0
687 0
687 4.7164192877016
687 4.7164192877016
687 0
687 21.6616480600546
687 21.6616480600546
687 21.6616480600546
687 3.60300228092615
687 0
687 14.9681385920376
687 507.908990160667
687 3.64216050059318
687 3.64216050059318
687 4.37112573698172
687 4.37112573698172
687 3.45599308280169
687 3.45599308280169
687 3.45599308280169
687 0.131177751693834
687 0.131177751693834
687 0.131177751693834
687 0.82607271665266
811 0
811 17.8496070478676
811 17.8496070478676
811 17.8496070478676
811 17.8496070478676
811 0
811 1.77208996655014
811 1.77208996655014
811 1.3413008568589
811 1.3413008568589
811 1.3413008568589
811 0
811 0.961021372753446
811 2.73942019747348
811 2.73942019747348
811 2.73942019747348
811 0.806914153405041
811 0.152799170467608
811 2.05298611958053
811 0.832987100841145
811 0
811 4.27365618296409
811 0
811 0
811 4.7164192877016
811 4.7164192877016
811 0
811 21.6616480600546
811 21.6616480600546
811 21.6616480600546
811 3.60300228092615
811 0
811 14.9681385920376
811 507.908990160667
811 3.64216050059318
811 3.64216050059318
811 4.37112573698172
811 4.37112573698172
811 3.45599308280169
811 3.45599308280169
811 3.45599308280169
811 0.131177751693834
811 0.131177751693834
811 0.131177751693834
811 0.82607271665266
809 0
809 17.8496070478676
809 17.8496070478676
809 17.8496070478676
809 17.8496070478676
809 0
809 1.77208996655014
809 1.77208996655014
809 1.3413008568589
809 1.3413008568589
809 1.3413008568589
809 0
809 0.961021372753446
809 2.73942019747348
809 2.73942019747348
809 2.73942019747348
809 0.806914153405041
809 0.152799170467608
809 2.05298611958053
809 0.832987100841145
809 0
809 4.27365618296409
809 0
809 0
809 4.7164192877016
809 4.7164192877016
809 0
809 21.6616480600546
809 21.6616480600546
809 21.6616480600546
809 3.60300228092615
809 0
809 14.9681385920376
809 507.908990160667
809 3.64216050059318
809 3.64216050059318
809 4.37112573698172
809 4.37112573698172
809 3.45599308280169
809 3.45599308280169
809 3.45599308280169
809 0.131177751693834
809 0.131177751693834
809 0.131177751693834
809 0.82607271665266
888 0
888 17.8496070478676
888 17.8496070478676
888 17.8496070478676
888 17.8496070478676
888 0
888 1.77208996655014
888 1.77208996655014
888 1.3413008568589
888 1.3413008568589
888 1.3413008568589
888 0
888 0.961021372753446
888 2.73942019747348
888 2.73942019747348
888 2.73942019747348
888 0.806914153405041
888 0.152799170467608
888 2.05298611958053
888 0.832987100841145
888 0
888 4.27365618296409
888 0
888 0
888 4.7164192877016
888 4.7164192877016
888 0
888 21.6616480600546
888 21.6616480600546
888 21.6616480600546
888 3.60300228092615
888 0
888 14.9681385920376
888 507.908990160667
888 3.64216050059318
888 3.64216050059318
888 4.37112573698172
888 4.37112573698172
888 3.45599308280169
888 3.45599308280169
888 3.45599308280169
888 0.131177751693834
888 0.131177751693834
888 0.131177751693834
888 0.82607271665266
938 0
938 17.8496070478676
938 17.8496070478676
938 17.8496070478676
938 17.8496070478676
938 0
938 1.77208996655014
938 1.77208996655014
938 1.3413008568589
938 1.3413008568589
938 1.3413008568589
938 0
938 0.961021372753446
938 2.73942019747348
938 2.73942019747348
938 2.73942019747348
938 0.806914153405041
938 0.152799170467608
938 2.05298611958053
938 0.832987100841145
938 0
938 4.27365618296409
938 0
938 0
938 4.7164192877016
938 4.7164192877016
938 0
938 21.6616480600546
938 21.6616480600546
938 21.6616480600546
938 3.60300228092615
938 0
938 14.9681385920376
938 507.908990160667
938 3.64216050059318
938 3.64216050059318
938 4.37112573698172
938 4.37112573698172
938 3.45599308280169
938 3.45599308280169
938 3.45599308280169
938 0.131177751693834
938 0.131177751693834
938 0.131177751693834
938 0.82607271665266
987 0
987 17.8496070478676
987 17.8496070478676
987 17.8496070478676
987 17.8496070478676
987 0
987 1.77208996655014
987 1.77208996655014
987 1.3413008568589
987 1.3413008568589
987 1.3413008568589
987 0
987 0.961021372753446
987 2.73942019747348
987 2.73942019747348
987 2.73942019747348
987 0.806914153405041
987 0.152799170467608
987 2.05298611958053
987 0.832987100841145
987 0
987 4.27365618296409
987 0
987 0
987 4.7164192877016
987 4.7164192877016
987 0
987 21.6616480600546
987 21.6616480600546
987 21.6616480600546
987 3.60300228092615
987 0
987 14.9681385920376
987 507.908990160667
987 3.64216050059318
987 3.64216050059318
987 4.37112573698172
987 4.37112573698172
987 3.45599308280169
987 3.45599308280169
987 3.45599308280169
987 0.131177751693834
987 0.131177751693834
987 0.131177751693834
987 0.82607271665266
988 0
988 17.8496070478676
988 17.8496070478676
988 17.8496070478676
988 17.8496070478676
988 0
988 1.77208996655014
988 1.77208996655014
988 1.3413008568589
988 1.3413008568589
988 1.3413008568589
988 0
988 0.961021372753446
988 2.73942019747348
988 2.73942019747348
988 2.73942019747348
988 0.806914153405041
988 0.152799170467608
988 2.05298611958053
988 0.832987100841145
988 0
988 4.27365618296409
988 0
988 0
988 4.7164192877016
988 4.7164192877016
988 0
988 21.6616480600546
988 21.6616480600546
988 21.6616480600546
988 3.60300228092615
988 0
988 14.9681385920376
988 507.908990160667
988 3.64216050059318
988 3.64216050059318
988 4.37112573698172
988 4.37112573698172
988 3.45599308280169
988 3.45599308280169
988 3.45599308280169
988 0.131177751693834
988 0.131177751693834
988 0.131177751693834
988 0.82607271665266
989 0
989 17.8496070478676
989 17.8496070478676
989 17.8496070478676
989 17.8496070478676
989 0
989 1.77208996655014
989 1.77208996655014
989 1.3413008568589
989 1.3413008568589
989 1.3413008568589
989 0
989 0.961021372753446
989 2.73942019747348
989 2.73942019747348
989 2.73942019747348
989 0.806914153405041
989 0.152799170467608
989 2.05298611958053
989 0.832987100841145
989 0
989 4.27365618296409
989 0
989 0
989 4.7164192877016
989 4.7164192877016
989 0
989 21.6616480600546
989 21.6616480600546
989 21.6616480600546
989 3.60300228092615
989 0
989 14.9681385920376
989 507.908990160667
989 3.64216050059318
989 3.64216050059318
989 4.37112573698172
989 4.37112573698172
989 3.45599308280169
989 3.45599308280169
989 3.45599308280169
989 0.131177751693834
989 0.131177751693834
989 0.131177751693834
989 0.82607271665266
993 0
993 17.8496070478676
993 17.8496070478676
993 17.8496070478676
993 17.8496070478676
993 0
993 1.77208996655014
993 1.77208996655014
993 1.3413008568589
993 1.3413008568589
993 1.3413008568589
993 0
993 0.961021372753446
993 2.73942019747348
993 2.73942019747348
993 2.73942019747348
993 0.806914153405041
993 0.152799170467608
993 2.05298611958053
993 0.832987100841145
993 0
993 4.27365618296409
993 0
993 0
993 4.7164192877016
993 4.7164192877016
993 0
993 21.6616480600546
993 21.6616480600546
993 21.6616480600546
993 3.60300228092615
993 0
993 14.9681385920376
993 507.908990160667
993 3.64216050059318
993 3.64216050059318
993 4.37112573698172
993 4.37112573698172
993 3.45599308280169
993 3.45599308280169
993 3.45599308280169
993 0.131177751693834
993 0.131177751693834
993 0.131177751693834
993 0.82607271665266
1040 0
1040 17.8496070478676
1040 17.8496070478676
1040 17.8496070478676
1040 17.8496070478676
1040 0
1040 1.77208996655014
1040 1.77208996655014
1040 1.3413008568589
1040 1.3413008568589
1040 1.3413008568589
1040 0
1040 0.961021372753446
1040 2.73942019747348
1040 2.73942019747348
1040 2.73942019747348
1040 0.806914153405041
1040 0.152799170467608
1040 2.05298611958053
1040 0.832987100841145
1040 0
1040 4.27365618296409
1040 0
1040 0
1040 4.7164192877016
1040 4.7164192877016
1040 0
1040 21.6616480600546
1040 21.6616480600546
1040 21.6616480600546
1040 3.60300228092615
1040 0
1040 14.9681385920376
1040 507.908990160667
1040 3.64216050059318
1040 3.64216050059318
1040 4.37112573698172
1040 4.37112573698172
1040 3.45599308280169
1040 3.45599308280169
1040 3.45599308280169
1040 0.131177751693834
1040 0.131177751693834
1040 0.131177751693834
1040 0.82607271665266
1042 0
1042 17.8496070478676
1042 17.8496070478676
1042 17.8496070478676
1042 17.8496070478676
1042 0
1042 1.77208996655014
1042 1.77208996655014
1042 1.3413008568589
1042 1.3413008568589
1042 1.3413008568589
1042 0
1042 0.961021372753446
1042 2.73942019747348
1042 2.73942019747348
1042 2.73942019747348
1042 0.806914153405041
1042 0.152799170467608
1042 2.05298611958053
1042 0.832987100841145
1042 0
1042 4.27365618296409
1042 0
1042 0
1042 4.7164192877016
1042 4.7164192877016
1042 0
1042 21.6616480600546
1042 21.6616480600546
1042 21.6616480600546
1042 3.60300228092615
1042 0
1042 14.9681385920376
1042 507.908990160667
1042 3.64216050059318
1042 3.64216050059318
1042 4.37112573698172
1042 4.37112573698172
1042 3.45599308280169
1042 3.45599308280169
1042 3.45599308280169
1042 0.131177751693834
1042 0.131177751693834
1042 0.131177751693834
1042 0.82607271665266
1096 0
1096 17.8496070478676
1096 17.8496070478676
1096 17.8496070478676
1096 17.8496070478676
1096 0
1096 1.77208996655014
1096 1.77208996655014
1096 1.3413008568589
1096 1.3413008568589
1096 1.3413008568589
1096 0
1096 0.961021372753446
1096 2.73942019747348
1096 2.73942019747348
1096 2.73942019747348
1096 0.806914153405041
1096 0.152799170467608
1096 2.05298611958053
1096 0.832987100841145
1096 0
1096 4.27365618296409
1096 0
1096 0
1096 4.7164192877016
1096 4.7164192877016
1096 0
1096 21.6616480600546
1096 21.6616480600546
1096 21.6616480600546
1096 3.60300228092615
1096 0
1096 14.9681385920376
1096 507.908990160667
1096 3.64216050059318
1096 3.64216050059318
1096 4.37112573698172
1096 4.37112573698172
1096 3.45599308280169
1096 3.45599308280169
1096 3.45599308280169
1096 0.131177751693834
1096 0.131177751693834
1096 0.131177751693834
1096 0.82607271665266
