pt_graph met
4359 16
4729 16
4911 15
5001 15
5076 15
5165 16
5179 16
5443 15
5447 16
5516 15
5516 16
5517 15
5517 16
5520 15
5605 15
5605 16
5606 15
5606 16
5609 15
5618 15
5618 16
5619 16
5694 15
5694 16
5702 15
5704 15
5776 15
5778 15
5783 16
5789 16
5790 16
5794 16
5795 16
5796 15
5796 16
5871 15
5873 16
5879 15
5879 16
5881 15
5882 16
5885 15
5887 15
5889 16
5968 15
5969 16
5975 15
5976 15
5976 16
5978 15
6073 15
6073 16
6074 16
6076 15
6078 16
6079 15
6079 16
6080 15
6081 16
6087 15
6174 15
6175 15
6175 16
6176 15
6177 15
6177 16
6178 16
6179 15
6179 16
6180 16
6268 15
6268 16
6269 15
6269 16
6270 15
6270 16
6271 15
6271 16
6273 15
6274 15
6274 16
6278 16
6279 15
6360 16
6361 15
6361 16
6364 15
6364 16
6366 16
6451 15
6451 16
6452 15
6452 16
6453 15
6453 16
6456 16
6538 16
6621 16
6625 15
6690 15
6699 16
6848 15
6984 16
6985 15
6985 16
6988 16
7048 16
7052 16
7200 15
7200 16
7269 15
7455 15
9714 15
9866 15
9945 15
10023 16
